"STATION","DATE","LATITUDE","LONGITUDE","ELEVATION","NAME","CDSD","CDSD_ATTRIBUTES","CLDD","CLDD_ATTRIBUTES","DP01","DP01_ATTRIBUTES","DP10","DP10_ATTRIBUTES","DP1X","DP1X_ATTRIBUTES","DT00","DT00_ATTRIBUTES","DT32","DT32_ATTRIBUTES","DX32","DX32_ATTRIBUTES","DX70","DX70_ATTRIBUTES","DX90","DX90_ATTRIBUTES","EMNT","EMNT_ATTRIBUTES","EMXP","EMXP_ATTRIBUTES","EMXT","EMXT_ATTRIBUTES","HDSD","HDSD_ATTRIBUTES","HTDD","HTDD_ATTRIBUTES","PRCP","PRCP_ATTRIBUTES","TAVG","TAVG_ATTRIBUTES","TMAX","TMAX_ATTRIBUTES","TMIN","TMIN_ATTRIBUTES"
"ASN00085103","1949-11","-38.1858","146.3317","153.6","YALLOURN SEC, AS","","","","","19",",a","11",",a","2",",a","","","","","","","","","","","","","29.5",",,a,12,","","","","","","","129.5",",,,a","","","","","",""
"ASN00085103","1949-12","-38.1858","146.3317","153.6","YALLOURN SEC, AS","","","","","14",",a","4",",a","0",",a","","","","","","","","","","","","","20.1",",,a,20,","","","","","","","43.0",",,,a","","","","","",""
"ASN00085103","1950-01","-38.1858","146.3317","153.6","YALLOURN SEC, AS","","","","","10",",a","3",",a","0",",a","","","","","","","","","","","","","6.6",",,a,09,","","","","","","","20.9",",,,a","","","","","",""
"ASN00085103","1950-02","-38.1858","146.3317","153.6","YALLOURN SEC, AS","","","","","17",",a","7",",a","1",",a","","","","","","","","","","","","","52.8",",,a,02,","","","","","","","117.5",",,,a","","","","","",""
"ASN00085103","1950-03","-38.1858","146.3317","153.6","YALLOURN SEC, AS","","","","","17",",a","8",",a","2",",a","","","","","","","","","","","","","45.5",",,a,18,","","","","","","","131.1",",,,a","","","","","",""
"ASN00085103","1950-04","-38.1858","146.3317","153.6","YALLOURN SEC, AS","","","","","13",",a","5",",a","0",",a","","","","","","","","","","","","","14.2",",,a,05,","","","","","","","48.8",",,,a","","","","","",""
"ASN00085103","1950-05","-38.1858","146.3317","153.6","YALLOURN SEC, AS","","","","","22",",a","8",",a","0",",a","","","","","","","","","","","","","17.3",",,a,27,","","","","","","","61.6",",,,a","","","","","",""
"ASN00085103","1950-06","-38.1858","146.3317","153.6","YALLOURN SEC, AS","","","","","22",",a","6",",a","1",",a","","","","","","","","","","","","","39.9",",,a,29,","","","","","","","74.9",",,,a","","","","","",""
"ASN00085103","1950-07","-38.1858","146.3317","153.6","YALLOURN SEC, AS","","","","","20",",a","5",",a","0",",a","","","","","","","","","","","","","9.7",",,a,22,","","","","","","","31.6",",,,a","","","","","",""
"ASN00085103","1950-08","-38.1858","146.3317","153.6","YALLOURN SEC, AS","","","","","21",",a","9",",a","0",",a","","","","","","","","","","","","","9.7",",,a,17,","","","","","","","60.4",",,,a","","","","","",""
"ASN00085103","1950-09","-38.1858","146.3317","153.6","YALLOURN SEC, AS","","","","","16",",a","11",",a","0",",a","","","","","","","","","","","","","17.3",",,a,26,","","","","","","","83.9",",,,a","","","","","",""
"ASN00085103","1950-10","-38.1858","146.3317","153.6","YALLOURN SEC, AS","","","","","19",",a","12",",a","0",",a","","","","","","","","","","","","","22.1",",,a,27,","","","","","","","100.2",",,,a","","","","","",""
"ASN00085103","1950-11","-38.1858","146.3317","153.6","YALLOURN SEC, AS","","","","","13",",a","5",",a","0",",a","","","","","","","","","","","","","12.7",",,a,01,","","","","","","","51.5",",,,a","","","","","",""
"ASN00085103","1950-12","-38.1858","146.3317","153.6","YALLOURN SEC, AS","","","","","11",",a","6",",a","0",",a","","","","","","","","","","","","","20.8",",,a,21,","","","","","","","73.0",",,,a","","","","","",""
"ASN00085103","1951-01","-38.1858","146.3317","153.6","YALLOURN SEC, AS","","","","","7",",a","5",",a","0",",a","","","","","","","","","","","","","11.4",",,a,07,","","","","","","","28.7",",,,a","","","","","",""
"ASN00085103","1951-02","-38.1858","146.3317","153.6","YALLOURN SEC, AS","","","","","11",",a","7",",a","2",",a","","","","","","","","","","","","","102.6",",,a,19,","","","","","","","198.4",",,,a","","","","","",""
"ASN00085103","1951-03","-38.1858","146.3317","153.6","YALLOURN SEC, AS","","","","","5",",a","0",",a","0",",a","","","","","","","","","","","","","0.8",",,a,23,+","","","","","","","2.9",",,,a","","","","","",""
"ASN00085103","1951-04","-38.1858","146.3317","153.6","YALLOURN SEC, AS","","","","","24",",a","15",",a","2",",a","","","","","","","","","","","","","29.5",",,a,21,","","","","","","","166.9",",,,a","","","","","",""
"ASN00085103","1951-05","-38.1858","146.3317","153.6","YALLOURN SEC, AS","","","","","22",",a","10",",a","0",",a","","","","","","","","","","","","","17.8",",,a,28,","","","","","","","95.6",",,,a","","","","","",""
"ASN00085103","1951-06","-38.1858","146.3317","153.6","YALLOURN SEC, AS","","","","","22",",a","6",",a","0",",a","","","","","","","","","","","","","10.7",",,a,12,","","","","","","","48.5",",,,a","","","","","",""
"ASN00085103","1951-07","-38.1858","146.3317","153.6","YALLOURN SEC, AS","","","","","21",",a","7",",a","0",",a","","","","","","","","","","","","","24.4",",,a,20,","","","","","","","75.2",",,,a","","","","","",""
"ASN00085103","1951-08","-38.1858","146.3317","153.6","YALLOURN SEC, AS","","","","","28",",a","14",",a","2",",a","","","","","","","","","","","","","43.2",",,a,20,","","","","","","","183.5",",,,a","","","","","",""
"ASN00085103","1951-09","-38.1858","146.3317","153.6","YALLOURN SEC, AS","","","","","17",",a","7",",a","0",",a","","","","","","","","","","","","","15.5",",,a,22,","","","","","","","56.8",",,,a","","","","","",""
"ASN00085103","1951-10","-38.1858","146.3317","153.6","YALLOURN SEC, AS","","","","","23",",a","8",",a","0",",a","","","","","","","","","","","","","15.2",",,a,23,","","","","","","","85.2",",,,a","","","","","",""
"ASN00085103","1951-11","-38.1858","146.3317","153.6","YALLOURN SEC, AS","","","","","13",",a","7",",a","1",",a","","","","","","","","","","","","","25.4",",,a,10,","","","","","","","71.3",",,,a","","","","","",""
"ASN00085103","1951-12","-38.1858","146.3317","153.6","YALLOURN SEC, AS","","","","","11",",a","9",",a","1",",a","","","","","","","","","","","","","33.8",",,a,10,","","","","","","","87.7",",,,a","","","","","",""
"ASN00085103","1952-01","-38.1858","146.3317","153.6","YALLOURN SEC, AS","","","","","9",",a","4",",a","0",",a","","","","","","","","","","","","","11.9",",,a,05,","","","","","","","30.0",",,,a","","","","","",""
"ASN00085103","1952-02","-38.1858","146.3317","153.6","YALLOURN SEC, AS","","","","","9",",a","5",",a","0",",a","","","","","","","","","","","","","13.5",",,a,01,","","","","","","","39.5",",,,a","","","","","",""
"ASN00085103","1952-03","-38.1858","146.3317","153.6","YALLOURN SEC, AS","","","","","10",",a","3",",a","1",",a","","","","","","","","","","","","","60.2",",,a,22,","","","","","","","83.0",",,,a","","","","","",""
"ASN00085103","1952-04","-38.1858","146.3317","153.6","YALLOURN SEC, AS","","","","","17",",a","10",",a","0",",a","","","","","","","","","","","","","20.3",",,a,30,","","","","","","","110.5",",,,a","","","","","",""
"ASN00085103","1952-05","-38.1858","146.3317","153.6","YALLOURN SEC, AS","","","","","22",",a","12",",a","0",",a","","","","","","","","","","","","","21.3",",,a,21,","","","","","","","113.6",",,,a","","","","","",""
"ASN00085103","1952-06","-38.1858","146.3317","153.6","YALLOURN SEC, AS","","","","","26",",a","20",",a","2",",a","","","","","","","","","","","","","40.4",",,a,16,","","","","","","","301.8",",,,a","","","","","",""
"ASN00085103","1952-07","-38.1858","146.3317","153.6","YALLOURN SEC, AS","","","","","18",",a","9",",a","1",",a","","","","","","","","","","","","","26.2",",,a,14,","","","","","","","113.3",",,,a","","","","","",""
"ASN00085103","1952-08","-38.1858","146.3317","153.6","YALLOURN SEC, AS","","","","","22",",a","11",",a","0",",a","","","","","","","","","","","","","23.6",",,a,25,","","","","","","","89.4",",,,a","","","","","",""
"ASN00085103","1952-09","-38.1858","146.3317","153.6","YALLOURN SEC, AS","","","","","18",",a","11",",a","0",",a","","","","","","","","","","","","","22.9",",,a,22,","","","","","","","102.2",",,,a","","","","","",""
"ASN00085103","1952-10","-38.1858","146.3317","153.6","YALLOURN SEC, AS","","","","","22",",a","12",",a","1",",a","","","","","","","","","","","","","30.2",",,a,28,","","","","","","","142.5",",,,a","","","","","",""
"ASN00085103","1952-11","-38.1858","146.3317","153.6","YALLOURN SEC, AS","","","","","23",",a","15",",a","0",",a","","","","","","","","","","","","","18.5",",,a,05,","","","","","","","158.2",",,,a","","","","","",""
"ASN00085103","1952-12","-38.1858","146.3317","153.6","YALLOURN SEC, AS","","","","","17",",a","7",",a","1",",a","","","","","","","","","","","","","34.5",",,a,07,","","","","","","","106.5",",,,a","","","","","",""
"ASN00085103","1953-01","-38.1858","146.3317","153.6","YALLOURN SEC, AS","","","","","7",",a","4",",a","2",",a","","","","","","","","","","","","","34.3",",,a,15,","","","","","","","83.1",",,,a","","","","","",""
"ASN00085103","1953-02","-38.1858","146.3317","153.6","YALLOURN SEC, AS","","","","","11",",a","2",",a","1",",a","","","","","","","","","","","","","30.5",",,a,06,","","","","","","","40.1",",,,a","","","","","",""
"ASN00085103","1953-03","-38.1858","146.3317","153.6","YALLOURN SEC, AS","","","","","11",",a","3",",a","0",",a","","","","","","","","","","","","","4.3",",,a,01,","","","","","","","16.2",",,,a","","","","","",""
"ASN00085103","1953-04","-38.1858","146.3317","153.6","YALLOURN SEC, AS","","","","","14",",a","5",",a","0",",a","","","","","","","","","","","","","8.1",",,a,04,","","","","","","","31.7",",,,a","","","","","",""
"ASN00085103","1953-05","-38.1858","146.3317","153.6","YALLOURN SEC, AS","","","","","19",",a","9",",a","0",",a","","","","","","","","","","","","","14.2",",,a,20,","","","","","","","78.7",",,,a","","","","","",""
"ASN00085103","1953-06","-38.1858","146.3317","153.6","YALLOURN SEC, AS","","","","","22",",a","12",",a","0",",a","","","","","","","","","","","","","23.4",",,a,23,","","","","","","","98.7",",,,a","","","","","",""
"ASN00085103","1953-07","-38.1858","146.3317","153.6","YALLOURN SEC, AS","","","","","23",",a","11",",a","1",",a","","","","","","","","","","","","","33.0",",,a,17,","","","","","","","136.4",",,,a","","","","","",""
"ASN00085103","1953-08","-38.1858","146.3317","153.6","YALLOURN SEC, AS","","","","","22",",a","13",",a","0",",a","","","","","","","","","","","","","13.7",",,a,06,","","","","","","","92.9",",,,a","","","","","",""
"ASN00085103","1953-09","-38.1858","146.3317","153.6","YALLOURN SEC, AS","","","","","19",",a","13",",a","0",",a","","","","","","","","","","","","","19.8",",,a,30,","","","","","","","125.7",",,,a","","","","","",""
"ASN00085103","1953-10","-38.1858","146.3317","153.6","YALLOURN SEC, AS","","","","","15",",a","9",",a","2",",a","","","","","","","","","","","","","83.1",",,a,21,","","","","","","","164.4",",,,a","","","","","",""
"ASN00085103","1953-11","-38.1858","146.3317","153.6","YALLOURN SEC, AS","","","","","19",",a","12",",a","1",",a","","","","","","","","","","","","","26.2",",,a,03,","","","","","","","125.5",",,,a","","","","","",""
"ASN00085103","1953-12","-38.1858","146.3317","153.6","YALLOURN SEC, AS","","","","","14",",a","7",",a","0",",a","","","","","","","","","","","","","17.3",",,a,10,","","","","","","","68.2",",,,a","","","","","",""
"ASN00085103","1954-01","-38.1858","146.3317","153.6","YALLOURN SEC, AS","","","","","9",",a","4",",a","2",",a","","","","","","","","","","","","","36.1",",,a,30,","","","","","","","96.9",",,,a","","","","","",""
"ASN00085103","1954-02","-38.1858","146.3317","153.6","YALLOURN SEC, AS","","","","","15",",a","5",",a","2",",a","","","","","","","","","","","","","36.8",",,a,03,","","","","","","","116.2",",,,a","","","","","",""
"ASN00085103","1954-03","-38.1858","146.3317","153.6","YALLOURN SEC, AS","","","","","9",",a","3",",a","0",",a","","","","","","","","","","","","","10.7",",,a,16,","","","","","","","28.2",",,,a","","","","","",""
"ASN00085103","1954-04","-38.1858","146.3317","153.6","YALLOURN SEC, AS","","","","","14",",a","5",",a","0",",a","","","","","","","","","","","","","16.5",",,a,30,","","","","","","","47.9",",,,a","","","","","",""
"ASN00085103","1954-05","-38.1858","146.3317","153.6","YALLOURN SEC, AS","","","","","20",",a","7",",a","0",",a","","","","","","","","","","","","","11.4",",,a,18,","","","","","","","61.1",",,,a","","","","","",""
"ASN00085103","1954-06","-38.1858","146.3317","153.6","YALLOURN SEC, AS","","","","","18",",a","10",",a","0",",a","","","","","","","","","","","","","23.9",",,a,16,","","","","","","","103.9",",,,a","","","","","",""
"ASN00085103","1954-07","-38.1858","146.3317","153.6","YALLOURN SEC, AS","","","","","18",",a","8",",a","0",",a","","","","","","","","","","","","","17.3",",,a,25,","","","","","","","70.0",",,,a","","","","","",""
"ASN00085103","1954-08","-38.1858","146.3317","153.6","YALLOURN SEC, AS","","","","","19",",a","9",",a","0",",a","","","","","","","","","","","","","22.9",",,a,24,","","","","","","","89.1",",,,a","","","","","",""
"ASN00085103","1954-09","-38.1858","146.3317","153.6","YALLOURN SEC, AS","","","","","13",",a","6",",a","0",",a","","","","","","","","","","","","","8.6",",,a,06,","","","","","","","34.3",",,,a","","","","","",""
"ASN00085103","1954-10","-38.1858","146.3317","153.6","YALLOURN SEC, AS","","","","","18",",a","9",",a","0",",a","","","","","","","","","","","","","16.5",",,a,26,","","","","","","","79.6",",,,a","","","","","",""
"ASN00085103","1954-11","-38.1858","146.3317","153.6","YALLOURN SEC, AS","","","","","16",",a","10",",a","1",",a","","","","","","","","","","","","","48.8",",,a,21,","","","","","","","156.5",",,,a","","","","","",""
"ASN00085103","1954-12","-38.1858","146.3317","153.6","YALLOURN SEC, AS","","","","","13",",a","3",",a","1",",a","","","","","","","","","","","","","47.0",",,a,04,","","","","","","","83.2",",,,a","","","","","",""
"ASN00085103","1955-01","-38.1858","146.3317","153.6","YALLOURN SEC, AS","","","","","6",",a","0",",a","0",",a","","","","","","","","","","","","","1.3",",,a,28,","","","","","","","5.3",",,,a","","","","","",""
"ASN00085103","1955-02","-38.1858","146.3317","153.6","YALLOURN SEC, AS","","","","","14",",a","7",",a","1",",a","","","","","","","","","","","","","57.9",",,a,14,","","","","","","","105.4",",,,a","","","","","",""
"ASN00085103","1955-03","-38.1858","146.3317","153.6","YALLOURN SEC, AS","","","","","10",",a","3",",a","1",",a","","","","","","","","","","","","","25.4",",,a,05,","","","","","","","56.0",",,,a","","","","","",""
"ASN00085103","1955-04","-38.1858","146.3317","153.6","YALLOURN SEC, AS","","","","","16",",a","7",",a","0",",a","","","","","","","","","","","","","16.5",",,a,02,","","","","","","","51.6",",,,a","","","","","",""
"ASN00085103","1955-05","-38.1858","146.3317","153.6","YALLOURN SEC, AS","","","","","22",",a","11",",a","0",",a","","","","","","","","","","","","","15.0",",,a,04,","","","","","","","95.1",",,,a","","","","","",""
"ASN00085103","1955-06","-38.1858","146.3317","153.6","YALLOURN SEC, AS","","","","","26",",a","7",",a","0",",a","","","","","","","","","","","","","21.6",",,a,13,","","","","","","","70.4",",,,a","","","","","",""
"ASN00085103","1955-07","-38.1858","146.3317","153.6","YALLOURN SEC, AS","","","","","22",",a","8",",a","0",",a","","","","","","","","","","","","","20.1",",,a,30,","","","","","","","87.7",",,,a","","","","","",""
"ASN00085103","1955-08","-38.1858","146.3317","153.6","YALLOURN SEC, AS","","","","","26",",a","14",",a","1",",a","","","","","","","","","","","","","30.5",",,a,16,","","","","","","","114.4",",,,a","","","","","",""
"ASN00085103","1955-09","-38.1858","146.3317","153.6","YALLOURN SEC, AS","","","","","16",",a","7",",a","1",",a","","","","","","","","","","","","","44.7",",,a,23,","","","","","","","116.7",",,,a","","","","","",""
"ASN00085103","1955-10","-38.1858","146.3317","153.6","YALLOURN SEC, AS","","","","","22",",a","9",",a","0",",a","","","","","","","","","","","","","18.0",",,a,21,","","","","","","","96.4",",,,a","","","","","",""
"ASN00085103","1955-11","-38.1858","146.3317","153.6","YALLOURN SEC, AS","","","","","21",",a","9",",a","0",",a","","","","","","","","","","","","","21.1",",,a,02,","","","","","","","82.6",",,,a","","","","","",""
"ASN00085103","1955-12","-38.1858","146.3317","153.6","YALLOURN SEC, AS","","","","","18",",a","11",",a","0",",a","","","","","","","","","","","","","16.3",",,a,31,","","","","","","","104.5",",,,a","","","","","",""
"ASN00085103","1956-01","-38.1858","146.3317","153.6","YALLOURN SEC, AS","","","","","16",",a","11",",a","0",",a","","","","","","","","","","","","","24.9",",,a,19,","","","","","","","119.5",",,,a","","","","","",""
"ASN00085103","1956-02","-38.1858","146.3317","153.6","YALLOURN SEC, AS","","","","","7",",a","2",",a","0",",a","","","","","","","","","","","","","10.2",",,a,17,","","","","","","","16.2",",,,a","","","","","",""
"ASN00085103","1956-03","-38.1858","146.3317","153.6","YALLOURN SEC, AS","","","","","15",",a","7",",a","0",",a","","","","","","","","","","","","","22.6",",,a,21,","","","","","","","68.6",",,,a","","","","","",""
"ASN00085103","1956-04","-38.1858","146.3317","153.6","YALLOURN SEC, AS","","","","","18",",a","12",",a","0",",a","","","","","","","","","","","","","18.3",",,a,19,","","","","","","","115.8",",,,a","","","","","",""
"ASN00085103","1956-05","-38.1858","146.3317","153.6","YALLOURN SEC, AS","","","","","24",",a","12",",a","1",",a","","","","","","","","","","","","","45.7",",,a,12,","","","","","","","161.0",",,,a","","","","","",""
"ASN00085103","1956-06","-38.1858","146.3317","153.6","YALLOURN SEC, AS","","","","","21",",a","9",",a","1",",a","","","","","","","","","","","","","26.9",",,a,29,","","","","","","","111.5",",,,a","","","","","",""
"ASN00085103","1956-07","-38.1858","146.3317","153.6","YALLOURN SEC, AS","","","","","26",",a","7",",a","0",",a","","","","","","","","","","","","","19.8",",,a,01,","","","","","","","65.2",",,,a","","","","","",""
"ASN00085103","1956-08","-38.1858","146.3317","153.6","YALLOURN SEC, AS","","","","","20",",a","14",",a","2",",a","","","","","","","","","","","","","32.5",",,a,11,","","","","","","","159.8",",,,a","","","","","",""
"ASN00085103","1956-09","-38.1858","146.3317","153.6","YALLOURN SEC, AS","","","","","19",",a","11",",a","0",",a","","","","","","","","","","","","","17.5",",,a,23,+","","","","","","","113.4",",,,a","","","","","",""
"ASN00085103","1956-10","-38.1858","146.3317","153.6","YALLOURN SEC, AS","","","","","19",",a","11",",a","0",",a","","","","","","","","","","","","","14.7",",,a,01,","","","","","","","89.2",",,,a","","","","","",""
"ASN00085103","1956-11","-38.1858","146.3317","153.6","YALLOURN SEC, AS","","","","","21",",a","8",",a","0",",a","","","","","","","","","","","","","22.6",",,a,17,","","","","","","","112.4",",,,a","","","","","",""
"ASN00085103","1956-12","-38.1858","146.3317","153.6","YALLOURN SEC, AS","","","","","12",",a","6",",a","0",",a","","","","","","","","","","","","","22.9",",,a,27,","","","","","","","56.4",",,,a","","","","","",""
"ASN00085103","1957-01","-38.1858","146.3317","153.6","YALLOURN SEC, AS","","","27.9",",a","4",",a","2",",a","0",",a","0",",a","0",",a","0",",a","19",",a","3",",a","3.6",",a,27,","11.7",",,a,20,","34.7",",a,30,","73.8","a","73.8",",a","17.1",",,,a","16.85",",a","24.06",",,,a","9.64",",,,a"
"ASN00085103","1957-02","-38.1858","146.3317","153.6","YALLOURN SEC, AS","","","28.9",",a","6",",a","5",",a","0",",a","0",",a","0",",a","0",",a","21",",a","3",",a","4.2",",a,26,","10.9",",,a,11,","33.6",",a,28,","117.7","a","43.9",",a","32.8",",,,a","17.80",",a","23.56",",,,a","12.03",",,,a"
"ASN00085103","1957-03","-38.1858","146.3317","153.6","YALLOURN SEC, AS","","","7.8","1,a","12",",a","5",",a","0",",a","0","1,a","0","1,a","0","1,a","10","1,a","0","1,a","6.1","1,a,21,","24.9",",,a,08,","28.9","1,a,08,","196.8","a","79.1","1,a","81.0",",,,a","15.95","1,a","20.77","1,,,a","11.14","1,,,a"
"ASN00085103","1957-04","-38.1858","146.3317","153.6","YALLOURN SEC, AS","","","0.0",",a","14",",a","6",",a","0",",a","0",",a","0",",a","0",",a","6",",a","0",",a","1.9",",a,15,","7.6",",,a,14,","26.1",",a,09,","337.5","a","140.7",",a","35.3",",,,a","13.64",",a","18.42",",,,a","8.86",",,,a"
"ASN00085103","1957-05","-38.1858","146.3317","153.6","YALLOURN SEC, AS","","","0.0",",a","16",",a","10",",a","1",",a","0",",a","0",",a","0",",a","0",",a","0",",a","2.8",",a,16,","29.2",",,a,02,","20.0",",a,10,+","573.5","a","236.0",",a","124.5",",,,a","10.72",",a","14.27",",,,a","7.17",",,,a"
"ASN00085103","1957-06","-38.1858","146.3317","153.6","YALLOURN SEC, AS","","","0.0",",a","17",",a","7",",a","1",",a","0",",a","0",",a","0",",a","0",",a","0",",a","0.8",",a,16,","26.2",",,a,22,","20.7",",a,03,","775.5","a","202.0",",a","79.4",",,,a","11.60",",a","15.04",",,,a","8.16",",,,a"
"ASN00085103","1957-07","-38.1858","146.3317","153.6","YALLOURN SEC, AS","0.0","a","0.0",",a","15",",a","5",",a","1",",a","0",",a","2",",a","0",",a","0",",a","0",",a","-1.7",",a,03,","26.4",",,a,11,","13.8",",a,13,+","1101.5","a","326.0",",a","63.0",",,,a","7.82",",a","11.76",",,,a","3.88",",,,a"
"ASN00085103","1957-08","-38.1858","146.3317","153.6","YALLOURN SEC, AS","0.0","a","0.0",",a","14",",a","10",",a","0",",a","0",",a","0",",a","0",",a","0",",a","0",",a","0.3",",a,02,","7.9",",,a,10,","16.9",",a,19,","1383.3","a","281.8",",a","53.7",",,,a","9.24",",a","13.21",",,,a","5.27",",,,a"
"ASN00085103","1957-09","-38.1858","146.3317","153.6","YALLOURN SEC, AS","0.0","a","0.0",",a","14",",a","8",",a","2",",a","0",",a","3",",a","0",",a","3",",a","0",",a","-0.6",",a,03,","45.5",",,a,16,","24.4",",a,14,","1617.5","a","234.2",",a","131.9",",,,a","10.53",",a","15.47",",,,a","5.59",",,,a"
"ASN00085103","1957-10","-38.1858","146.3317","153.6","YALLOURN SEC, AS","2.1","a","2.1",",a","16",",a","11",",a","1",",a","0",",a","0",",a","0",",a","3",",a","0",",a","0.4",",a,01,","38.6",",,a,01,","30.9",",a,20,","1814.0","a","196.5",",a","116.0",",,,a","12.06",",a","16.61",",,,a","7.51",",,,a"
"ASN00085103","1957-11","-38.1858","146.3317","153.6","YALLOURN SEC, AS","7.9","a","5.8",",a","16",",a","11",",a","0",",a","0",",a","0",",a","0",",a","9",",a","0",",a","4.3",",a,19,","24.1",",,a,26,","31.9",",a,02,","1941.0","a","127.0",",a","111.8",",,,a","14.29",",a","19.56",",,,a","9.02",",,,a"
"ASN00085103","1957-12","-38.1858","146.3317","153.6","YALLOURN SEC, AS","28.0","a","20.1",",a","12",",a","6",",a","0",",a","0",",a","0",",a","0",",a","14",",a","2",",a","5.3",",a,08,","11.7",",,a,26,","33.6",",a,28,","2025.5","a","84.5",",a","44.7",",,,a","16.25",",a","21.78",",,,a","10.73",",,,a"
"ASN00085103","1958-01","-38.1858","146.3317","153.6","YALLOURN SEC, AS","40.7","a","12.7",",a","5",",a","2",",a","0",",a","0",",a","0",",a","0",",a","17",",a","1",",a","5.6",",a,23,","5.3",",,a,31,","34.6",",a,09,","65.7","a","65.7",",a","10.1",",,,a","16.62",",a","22.43",",,,a","10.82",",,,a"
"ASN00085103","1958-02","-38.1858","146.3317","153.6","YALLOURN SEC, AS","80.6","a","39.9",",a","9",",a","7",",a","1",",a","0",",a","0",",a","0",",a","19",",a","3",",a","6.7",",a,13,","29.2",",,a,20,","35.0",",a,26,","102.0","a","36.3",",a","67.8",",,,a","18.46",",a","23.82",",,,a","13.11",",,,a"
"ASN00085103","1958-03","-38.1858","146.3317","153.6","YALLOURN SEC, AS","97.5","a","16.9",",a","13",",a","5",",a","0",",a","0",",a","0",",a","0",",a","14",",a","0",",a","5.8",",a,29,","12.7",",,a,29,","29.7",",a,17,","169.9","a","67.9",",a","38.3",",,,a","16.69",",a","21.32",",,,a","12.05",",,,a"
"ASN00085103","1958-04","-38.1858","146.3317","153.6","YALLOURN SEC, AS","102.1","a","4.6",",a","5",",a","2",",a","0",",a","0",",a","0",",a","0",",a","9",",a","0",",a","3.9",",a,29,","6.1",",,a,06,","30.0",",a,05,","303.1","a","133.2",",a","12.3",",,,a","14.05",",a","19.63",",,,a","8.46",",,,a"
"ASN00085103","1958-05","-38.1858","146.3317","153.6","YALLOURN SEC, AS","102.1","a","0.0",",a","18",",a","15",",a","0",",a","0",",a","0",",a","0",",a","1",",a","0",",a","2.2",",a,09,","14.7",",,a,08,","24.0",",a,01,","481.6","a","178.5",",a","125.4",",,,a","12.58",",a","15.80",",,,a","9.35",",,,a"
"ASN00085103","1958-06","-38.1858","146.3317","153.6","YALLOURN SEC, AS","102.1","a","0.0",",a","11",",a","6",",a","0",",a","0",",a","0",",a","0",",a","0",",a","0",",a","2.2",",a,15,","15.0",",,a,05,","20.0",",a,04,","768.2","a","286.6",",a","49.9",",,,a","8.78",",a","12.07",",,,a","5.49",",,,a"
"ASN00085103","1958-07","-38.1858","146.3317","153.6","YALLOURN SEC, AS","0.0","a","0.0",",a","22",",a","13",",a","0",",a","0",",a","0",",a","0",",a","0",",a","0",",a","0.6",",a,11,","18.3",",,a,16,","14.7",",a,03,","1091.8","a","323.6",",a","122.3",",,,a","7.90",",a","10.69",",,,a","5.10",",,,a"
"ASN00085103","1958-08","-38.1858","146.3317","153.6","YALLOURN SEC, AS","0.0","a","0.0",",a","22",",a","16",",a","0",",a","0",",a","1",",a","0",",a","0",",a","0",",a","-0.6",",a,22,","20.8",",,a,16,","20.6",",a,12,","1378.8","a","287.0",",a","134.5",",,,a","9.08",",a","11.93",",,,a","6.22",",,,a"
"ASN00085103","1958-09","-38.1858","146.3317","153.6","YALLOURN SEC, AS","0.0","a","0.0",",a","15",",a","8",",a","0",",a","0",",a","0",",a","0",",a","0",",a","0",",a","0.6",",a,01,","20.8",",,a,12,","18.6",",a,26,","1633.4","a","254.6",",a","60.8",",,,a","9.85",",a","13.79",",,,a","5.90",",,,a"
"ASN00085103","1958-10","-38.1858","146.3317","153.6","YALLOURN SEC, AS","1.2","a","1.2","2,a","17",",a","14",",a","0",",a","0","2,a","0","2,a","0","2,a","3","2,a","0","2,a","4.4","2,a,09,","20.8",",,a,12,","27.7","2,a,29,","1819.1","a","185.7","2,a","149.8",",,,a","11.97","2,a","16.29","2,,,a","7.66","2,,,a"
"ASN00085103","1958-11","-38.1858","146.3317","153.6","YALLOURN SEC, AS","","","","","15",",a","9",",a","0",",a","","","","","","","","","","","","","17.5",",,a,30,","","","","","","","81.7",",,,a","","","","","",""
"ASN00085103","1958-12","-38.1858","146.3317","153.6","YALLOURN SEC, AS","","","10.8",",a","10",",a","5",",a","0",",a","0",",a","0",",a","0",",a","10",",a","0",",a","7.5",",a,20,+","21.6",",,a,11,","31.9",",a,09,","","","110.3",",a","74.2",",,,a","15.12",",a","19.92",",,,a","10.33",",,,a"
"ASN00085103","1959-01","-38.1858","146.3317","153.6","YALLOURN SEC, AS","","","105.1",",a","2",",a","1",",a","0",",a","0",",a","0",",a","0",",a","24",",a","9",",a","7.2",",a,28,","22.4",",,a,26,","40.6",",a,19,","31.7","a","31.7",",a","23.2",",,,a","20.70",",a","27.24",",,,a","14.16",",,,a"
"ASN00085103","1959-02","-38.1858","146.3317","153.6","YALLOURN SEC, AS","","","47.3",",a","8",",a","6",",a","0",",a","0",",a","0",",a","0",",a","19",",a","2",",a","7.8",",a,09,","15.7",",,a,15,","36.7",",a,02,","59.5","a","27.8",",a","46.7",",,,a","19.03",",a","24.38",",,,a","13.68",",,,a"
"ASN00085103","1959-03","-38.1858","146.3317","153.6","YALLOURN SEC, AS","","","12.4","3,a","8",",a","4",",a","0",",a","0",",a","0",",a","0","3,a","15","3,a","0","3,a","8.3",",a,12,","14.5",",,a,08,","30.0","3,a,21,","109.9","a","50.4","3,a","49.7",",,,a","17.17","3,a","21.28","3,,,a","13.06",",,,a"
"ASN00085103","1959-04","-38.1858","146.3317","153.6","YALLOURN SEC, AS","","","","","10",",a","4",",a","0",",a","0",",a","0",",a","","","","","","","5.0",",a,29,","12.7",",,a,15,","","","","","","","41.3",",,,a","","","","","10.03",",,,a"
"ASN00085103","1959-05","-38.1858","146.3317","153.6","YALLOURN SEC, AS","","","0.0",",a","11",",a","8",",a","0",",a","0",",a","0",",a","0",",a","0",",a","0",",a","2.5",",a,31,","6.9",",,a,23,","20.6",",a,05,","","","233.3",",a","34.5",",,,a","10.81",",a","14.88",",,,a","6.73",",,,a"
"ASN00085103","1959-06","-38.1858","146.3317","153.6","YALLOURN SEC, AS","","","0.0",",a","15",",a","7",",a","0",",a","0",",a","2",",a","0",",a","0",",a","0",",a","-0.6",",a,16,","7.6",",,a,21,+","17.2",",a,19,","","","268.2",",a","45.0",",,,a","9.39",",a","13.04",",,,a","5.74",",,,a"
"ASN00085103","1959-07","-38.1858","146.3317","153.6","YALLOURN SEC, AS","0.0","a","0.0",",a","14",",a","4",",a","0",",a","0",",a","1",",a","0",",a","0",",a","0",",a","0.0",",a,11,","7.1",",,a,23,","15.6",",a,12,","","","301.3",",a","30.0",",,,a","8.61",",a","11.78",",,,a","5.45",",,,a"
"ASN00085103","1959-08","-38.1858","146.3317","153.6","YALLOURN SEC, AS","","","","","15",",a","11",",a","0",",a","","","","","","","","","","","","","16.5",",,a,31,","","","","","","","109.4",",,,a","","","","","",""
"ASN00085103","1959-09","-38.1858","146.3317","153.6","YALLOURN SEC, AS","","","0.0",",a","13",",a","10",",a","1",",a","0",",a","0",",a","0",",a","2",",a","0",",a","1.1",",a,30,+","31.8",",,a,20,","25.3",",a,11,","","","243.5",",a","123.3",",,,a","10.22",",a","14.49",",,,a","5.94",",,,a"
"ASN00085103","1959-10","-38.1858","146.3317","153.6","YALLOURN SEC, AS","","","0.0",",a","13",",a","8",",a","0",",a","0",",a","0",",a","0",",a","3",",a","0",",a","3.3",",a,14,","24.9",",,a,21,","22.5",",a,10,","","","184.3",",a","85.5",",,,a","12.39",",a","16.48",",,,a","8.30",",,,a"
"ASN00085103","1959-11","-38.1858","146.3317","153.6","YALLOURN SEC, AS","","","36.0",",a","8",",a","6",",a","0",",a","0",",a","0",",a","0",",a","15",",a","1",",a","5.6",",a,16,","8.6",",,a,26,","34.4",",a,21,","","","89.5",",a","35.1",",,,a","16.55",",a","21.81",",,,a","11.29",",,,a"
"ASN00085103","1959-12","-38.1858","146.3317","153.6","YALLOURN SEC, AS","","","13.6",",a","17",",a","10",",a","1",",a","0",",a","0",",a","0",",a","16",",a","0",",a","5.3",",a,03,","40.4",",,a,26,","31.1",",a,17,","","","76.5",",a","96.9",",,,a","16.31",",a","21.39",",,,a","11.23",",,,a"
"ASN00085103","1960-01","-38.1858","146.3317","153.6","YALLOURN SEC, AS","","","97.0",",a","8",",a","5",",a","0",",a","0",",a","0",",a","0",",a","28",",a","9",",a","7.8",",a,30,","11.7",",,a,12,","37.8",",a,17,+","12.3","a","12.3",",a","35.3",",,,a","21.06",",a","27.85",",,,a","14.28",",,,a"
"ASN00085103","1960-02","-38.1858","146.3317","153.6","YALLOURN SEC, AS","","","19.7",",a","6",",a","3",",a","0",",a","0",",a","0",",a","0",",a","16",",a","0",",a","6.4",",a,26,","23.4",",,a,14,","31.7",",a,21,","62.0","a","49.7",",a","38.9",",,,a","17.30",",a","22.79",",,,a","11.81",",,,a"
"ASN00085103","1960-03","-38.1858","146.3317","153.6","YALLOURN SEC, AS","","","25.7",",a","7",",a","2",",a","0",",a","0",",a","0",",a","0",",a","21",",a","1",",a","5.3",",a,29,","9.7",",,a,07,","32.8",",a,30,","106.0","a","44.0",",a","21.9",",,,a","17.74",",a","23.39",",,,a","12.10",",,,a"
"ASN00085103","1960-04","-38.1858","146.3317","153.6","YALLOURN SEC, AS","","","1.4",",a","14",",a","7",",a","1",",a","0",",a","0",",a","0",",a","6",",a","0",",a","5.6",",a,22,","29.5",",,a,22,","26.9",",a,07,","241.1","a","135.1",",a","85.9",",,,a","13.88",",a","18.09",",,,a","9.66",",,,a"
"ASN00085103","1960-05","-38.1858","146.3317","153.6","YALLOURN SEC, AS","","","0.0",",a","21",",a","16",",a","3",",a","0",",a","0",",a","0",",a","0",",a","0",",a","2.2",",a,11,","36.8",",,a,14,","18.6",",a,28,","521.8","a","280.7",",a","234.7",",,,a","9.28",",a","12.21",",,,a","6.35",",,,a"
"ASN00085103","1960-06","-38.1858","146.3317","153.6","YALLOURN SEC, AS","","","0.0",",a","13",",a","5",",a","0",",a","0",",a","0",",a","0",",a","0",",a","0",",a","1.4",",a,06,","23.6",",,a,17,","15.1",",a,10,","822.8","a","301.0",",a","75.8",",,,a","8.30",",a","11.49",",,,a","5.11",",,,a"
"ASN00085103","1960-07","-38.1858","146.3317","153.6","YALLOURN SEC, AS","0.0","a","0.0",",a","21",",a","12",",a","0",",a","0",",a","2",",a","0",",a","0",",a","0",",a","-0.3",",a,02,","17.3",",,a,20,","16.7",",a,30,","1130.0","a","307.2",",a","127.3",",,,a","8.42",",a","11.51",",,,a","5.33",",,,a"
"ASN00085103","1960-08","-38.1858","146.3317","153.6","YALLOURN SEC, AS","0.0","a","0.0",",a","15",",a","9",",a","0",",a","0",",a","1",",a","0",",a","0",",a","0",",a","-0.4",",a,08,","18.8",",,a,20,","18.1",",a,27,","1438.2","a","308.2",",a","76.4",",,,a","8.39",",a","12.50",",,,a","4.28",",,,a"
"ASN00085103","1960-09","-38.1858","146.3317","153.6","YALLOURN SEC, AS","0.0","a","0.0",",a","18",",a","9",",a","0",",a","0",",a","0",",a","0",",a","1",",a","0",",a","4.2",",a,04,","15.5",",,a,17,","21.7",",a,29,","1656.7","a","218.5",",a","76.2",",,,a","11.05",",a","14.69",",,,a","7.41",",,,a"
"ASN00085103","1960-10","-38.1858","146.3317","153.6","YALLOURN SEC, AS","4.0","a","4.0",",a","15",",a","9",",a","0",",a","0",",a","0",",a","0",",a","7",",a","0",",a","3.6",",a,10,+","17.3",",,a,12,","29.7",",a,16,","1824.9","a","168.2",",a","65.2",",,,a","13.04",",a","17.95",",,,a","8.12",",,,a"
"ASN00085103","1960-11","-38.1858","146.3317","153.6","YALLOURN SEC, AS","5.0","a","1.0",",a","19",",a","11",",a","1",",a","0",",a","0",",a","0",",a","6",",a","0",",a","3.3",",a,15,","39.4",",,a,13,","26.9",",a,28,+","1986.4","a","161.5",",a","133.5",",,,a","12.98",",a","17.65",",,,a","8.32",",,,a"
"ASN00085103","1960-12","-38.1858","146.3317","153.6","YALLOURN SEC, AS","69.2","a","64.2","1,a","6",",a","3",",a","0",",a","0","1,a","0","1,a","0","1,a","19","1,a","8","1,a","5.8","1,a,01,","6.9",",,a,16,","37.2","1,a,30,","2043.0","a","56.6","1,a","19.6",",,,a","18.59","1,a","24.85","1,,,a","12.33","1,,,a"
"ASN00085103","1961-01","-38.1858","146.3317","153.6","YALLOURN SEC, AS","161.2","a","92.0",",a","6",",a","4",",a","0",",a","0",",a","0",",a","0",",a","28",",a","7",",a","10.6",",a,16,","19.6",",,a,01,","38.6",",a,28,","11.1","a","11.1",",a","33.1",",,,a","20.94",",a","27.57",",,,a","14.31",",,,a"
"ASN00085103","1961-02","-38.1858","146.3317","153.6","YALLOURN SEC, AS","222.7","a","61.5",",a","7",",a","3",",a","0",",a","0",",a","0",",a","0",",a","23",",a","6",",a","5.6",",a,10,","8.1",",,a,25,","35.6",",a,22,","35.1","a","24.0",",a","24.9",",,,a","19.67",",a","26.31",",,,a","13.04",",,,a"
"ASN00085103","1961-03","-38.1858","146.3317","153.6","YALLOURN SEC, AS","249.2","a","26.5",",a","9",",a","5",",a","1",",a","0",",a","0",",a","0",",a","18",",a","0",",a","7.3",",a,07,","33.0",",,a,02,","32.1",",a,18,","85.2","a","50.1",",a","65.8",",,,a","17.57",",a","22.46",",,,a","12.68",",,,a"
"ASN00085103","1961-04","-38.1858","146.3317","153.6","YALLOURN SEC, AS","256.1","a","6.9",",a","15",",a","6",",a","0",",a","0",",a","0",",a","0",",a","10",",a","0",",a","6.4",",a,26,+","20.3",",,a,14,","26.9",",a,04,","188.5","a","103.3",",a","71.6",",,,a","15.12",",a","19.46",",,,a","10.78",",,,a"
"ASN00085103","1961-05","-38.1858","146.3317","153.6","YALLOURN SEC, AS","256.1","a","0.0",",a","13",",a","7",",a","0",",a","0",",a","0",",a","0",",a","0",",a","0",",a","1.7",",a,31,","21.6",",,a,03,","19.7",",a,23,","428.3","a","239.8",",a","58.5",",,,a","10.60",",a","14.79",",,,a","6.41",",,,a"
"ASN00085103","1961-06","-38.1858","146.3317","153.6","YALLOURN SEC, AS","256.1","a","0.0",",a","17",",a","10",",a","0",",a","0",",a","0",",a","0",",a","0",",a","0",",a","2.5",",a,19,","16.8",",,a,17,","17.2",",a,15,","676.4","a","248.1",",a","89.6",",,,a","10.06",",a","13.19",",,,a","6.94",",,,a"
"ASN00085103","1961-07","-38.1858","146.3317","153.6","YALLOURN SEC, AS","0.0","a","0.0",",a","22",",a","14",",a","1",",a","0",",a","0",",a","0",",a","0",",a","0",",a","2.5",",a,21,+","38.1",",,a,01,","15.0",",a,04,","981.8","a","305.4",",a","140.9",",,,a","8.48",",a","11.37",",,,a","5.59",",,,a"
"ASN00085103","1961-08","-38.1858","146.3317","153.6","YALLOURN SEC, AS","0.0","a","0.0",",a","20",",a","10",",a","0",",a","0",",a","0",",a","0",",a","0",",a","0",",a","1.4",",a,07,","17.8",",,a,03,","16.8",",a,14,","1263.0","a","281.2",",a","77.7",",,,a","9.26",",a","13.21",",,,a","5.32",",,,a"
"ASN00085103","1961-09","-38.1858","146.3317","153.6","YALLOURN SEC, AS","0.2","a","0.2",",a","10",",a","4",",a","0",",a","0",",a","0",",a","0",",a","4",",a","0",",a","4.4",",a,11,","10.7",",,a,16,","25.8",",a,30,","1459.7","a","196.7",",a","36.9",",,,a","11.78",",a","16.26",",,,a","7.30",",,,a"
"ASN00085103","1961-10","-38.1858","146.3317","153.6","YALLOURN SEC, AS","7.9","a","7.7",",a","8",",a","3",",a","0",",a","0",",a","0",",a","0",",a","12",",a","0",",a","5.0",",a,17,+","18.3",",,a,25,+","31.7",",a,19,","1581.5","a","121.8",",a","52.7",",,,a","14.65",",a","20.15",",,,a","9.15",",,,a"
"ASN00085103","1961-11","-38.1858","146.3317","153.6","YALLOURN SEC, AS","24.4","a","16.5",",a","9",",a","5",",a","0",",a","0",",a","0",",a","0",",a","14",",a","1",",a","5.7",",a,23,","11.7",",,a,23,","32.8",",a,14,","1666.4","a","84.9",",a","32.3",",,,a","16.06",",a","21.47",",,,a","10.64",",,,a"
"ASN00085103","1961-12","-38.1858","146.3317","153.6","YALLOURN SEC, AS","74.3","a","49.9",",a","12",",a","2",",a","0",",a","0",",a","0",",a","0",",a","23",",a","5",",a","5.0",",a,07,","17.8",",,a,18,","34.9",",a,27,","1719.4","a","53.0",",a","38.6",",,,a","18.23",",a","24.45",",,,a","12.02",",,,a"
"ASN00085103","1962-01","-38.1858","146.3317","153.6","YALLOURN SEC, AS","148.2","a","73.9",",a","7",",a","5",",a","1",",a","0",",a","0",",a","0",",a","26",",a","4",",a","8.4",",a,01,","39.9",",,a,20,","37.7",",a,16,","22.0","a","22.0",",a","69.7",",,,a","20.01",",a","26.18",",,,a","13.83",",,,a"
"ASN00085103","1962-02","-38.1858","146.3317","153.6","YALLOURN SEC, AS","176.3","a","28.1",",a","11",",a","6",",a","0",",a","0",",a","0",",a","0",",a","19",",a","3",",a","7.5",",a,16,","23.1",",,a,20,","36.7",",a,07,","65.1","a","43.1",",a","57.5",",,,a","17.80",",a","23.41",",,,a","12.18",",,,a"
"ASN00085103","1962-03","-38.1858","146.3317","153.6","YALLOURN SEC, AS","202.1","a","25.8",",a","7",",a","2",",a","0",",a","0",",a","0",",a","0",",a","24",",a","0",",a","7.2",",a,02,","11.7",",,a,29,","31.0",",a,26,","101.0","a","35.9",",a","19.4",",,,a","18.01",",a","23.50",",,,a","12.51",",,,a"
"ASN00085103","1962-04","-38.1858","146.3317","153.6","YALLOURN SEC, AS","212.1","a","10.0",",a","7",",a","2",",a","0",",a","0",",a","0",",a","0",",a","11",",a","0",",a","5.8",",a,21,","9.9",",,a,04,","30.4",",a,27,","211.6","a","110.6",",a","21.9",",,,a","14.98",",a","20.38",",,,a","9.58",",,,a"
"ASN00085103","1962-05","-38.1858","146.3317","153.6","YALLOURN SEC, AS","212.1","a","0.0",",a","15",",a","10",",a","1",",a","0",",a","0",",a","0",",a","0",",a","0",",a","3.1",",a,20,","36.8",",,a,29,","18.1",",a,05,","449.7","a","238.1",",a","92.6",",,,a","10.65",",a","14.18",",,,a","7.13",",,,a"
"ASN00085103","1962-06","-38.1858","146.3317","153.6","YALLOURN SEC, AS","212.1","a","0.0",",a","16",",a","12",",a","0",",a","0",",a","0",",a","0",",a","0",",a","0",",a","1.6",",a,27,","13.5",",,a,20,","18.6",",a,01,","673.5","a","223.8",",a","78.5",",,,a","10.87",",a","14.27",",,,a","7.47",",,,a"
"ASN00085103","1962-07","-38.1858","146.3317","153.6","YALLOURN SEC, AS","0.0","a","0.0",",a","17",",a","7",",a","0",",a","0",",a","0",",a","0",",a","0",",a","0",",a","0.6",",a,16,","20.3",",,a,25,","17.2",",a,22,","956.0","a","282.5",",a","74.4",",,,a","9.22",",a","12.56",",,,a","5.87",",,,a"
"ASN00085103","1962-08","-38.1858","146.3317","153.6","YALLOURN SEC, AS","0.0","a","0.0",",a","18",",a","13",",a","1",",a","0",",a","1",",a","0",",a","0",",a","0",",a","-0.1",",a,05,","25.4",",,a,02,","20.8",",a,27,","1247.7","a","291.7",",a","113.2",",,,a","8.92",",a","12.59",",,,a","5.26",",,,a"
"ASN00085103","1962-09","-38.1858","146.3317","153.6","YALLOURN SEC, AS","2.2","a","2.2",",a","17",",a","12",",a","0",",a","0",",a","0",",a","0",",a","3",",a","0",",a","0.8",",a,01,","19.8",",,a,29,","25.4",",a,04,","1467.2","a","219.5",",a","112.3",",,,a","11.09",",a","15.03",",,,a","7.15",",,,a"
"ASN00085103","1962-10","-38.1858","146.3317","153.6","YALLOURN SEC, AS","3.4","a","1.2",",a","18",",a","9",",a","0",",a","0",",a","0",",a","0",",a","3",",a","0",",a","3.3",",a,15,","11.4",",,a,25,","26.7",",a,27,","1685.2","a","218.0",",a","67.3",",,,a","11.34",",a","15.43",",,,a","7.25",",,,a"
"ASN00085103","1962-11","-38.1858","146.3317","153.6","YALLOURN SEC, AS","10.2","a","6.8",",a","11",",a","3",",a","0",",a","0",",a","0",",a","0",",a","12",",a","1",",a","4.4",",a,01,","9.1",",,a,11,","35.6",",a,30,","1804.1","a","118.9",",a","32.2",",,,a","14.59",",a","20.56",",,,a","8.63",",,,a"
"ASN00085103","1962-12","-38.1858","146.3317","153.6","YALLOURN SEC, AS","55.2","a","45.0",",a","14",",a","9",",a","0",",a","0",",a","0",",a","0",",a","16",",a","2",",a","6.4",",a,25,","22.4",",,a,03,","37.3",",a,01,","1885.9","a","81.8",",a","76.9",",,,a","17.15",",a","22.53",",,,a","11.76",",,,a"
"ASN00085103","1963-01","-38.1858","146.3317","153.6","YALLOURN SEC, AS","114.6","a","59.4",",a","13",",a","8",",a","1",",a","0",",a","0",",a","0",",a","22",",a","3",",a","8.2",",a,21,","57.9",",,a,29,","32.8",",a,21,","29.3","a","29.3",",a","118.5",",,,a","19.30",",a","24.95",",,,a","13.65",",,,a"
"ASN00085103","1963-02","-38.1858","146.3317","153.6","YALLOURN SEC, AS","136.1","a","21.5",",a","7",",a","4",",a","1",",a","0",",a","0",",a","0",",a","16",",a","0",",a","6.7",",a,20,","37.1",",,a,11,","31.1",",a,28,","80.5","a","51.2",",a","65.6",",,,a","17.27",",a","22.25",",,,a","12.29",",,,a"
"ASN00085103","1963-03","-38.1858","146.3317","153.6","YALLOURN SEC, AS","154.3","a","18.2",",a","11",",a","7",",a","0",",a","0",",a","0",",a","0",",a","17",",a","0",",a","7.1",",a,31,","15.7",",,a,31,","31.1",",a,05,","139.7","a","59.2",",a","43.8",",,,a","17.01",",a","21.77",",,,a","12.25",",,,a"
"ASN00085103","1963-04","-38.1858","146.3317","153.6","YALLOURN SEC, AS","154.3","a","0.0",",a","8",",a","1",",a","0",",a","0",",a","0",",a","0",",a","5",",a","0",",a","1.7",",a,15,","11.9",",,a,30,","23.6",",a,07,","293.8","a","154.1",",a","16.2",",,,a","13.20",",a","18.19",",,,a","8.21",",,,a"
"ASN00085103","1963-05","-38.1858","146.3317","153.6","YALLOURN SEC, AS","154.3","a","0.0",",a","19",",a","13",",a","1",",a","0",",a","0",",a","0",",a","0",",a","0",",a","2.5",",a,30,","28.4",",,a,16,","19.2",",a,08,","510.1","a","216.3",",a","153.0",",,,a","11.35",",a","14.08",",,,a","8.63",",,,a"
"ASN00085103","1963-06","-38.1858","146.3317","153.6","YALLOURN SEC, AS","154.3","a","0.0",",a","19",",a","5",",a","0",",a","0",",a","1",",a","0",",a","0",",a","0",",a","-1.9",",a,26,","14.7",",,a,17,","16.2",",a,10,","799.5","a","289.4",",a","53.0",",,,a","8.69",",a","11.85",",,,a","5.52",",,,a"
"ASN00085103","1963-07","-38.1858","146.3317","153.6","YALLOURN SEC, AS","0.0","a","0.0",",a","20",",a","9",",a","0",",a","0",",a","1",",a","0",",a","0",",a","0",",a","-1.0",",a,18,","22.9",",,a,09,","14.9",",a,27,","1126.9","a","327.4",",a","89.4",",,,a","7.77",",a","10.91",",,,a","4.63",",,,a"
"ASN00085103","1963-08","-38.1858","146.3317","153.6","YALLOURN SEC, AS","0.0","a","0.0",",a","15",",a","9",",a","0",",a","0",",a","1",",a","0",",a","0",",a","0",",a","-0.6",",a,07,","15.2",",,a,05,","16.3",",a,21,","1412.0","a","285.1",",a","66.7",",,,a","9.14",",a","12.76",",,,a","5.52",",,,a"
"ASN00085103","1963-09","-38.1858","146.3317","153.6","YALLOURN SEC, AS","0.0","a","0.0",",a","18",",a","14",",a","0",",a","0",",a","0",",a","0",",a","1",",a","0",",a","2.3",",a,01,","19.3",",,a,05,","21.9",",a,22,","1615.8","a","203.8",",a","121.6",",,,a","11.54",",a","15.34",",,,a","7.74",",,,a"
"ASN00085103","1963-10","-38.1858","146.3317","153.6","YALLOURN SEC, AS","7.4","a","7.4",",a","12",",a","5",",a","0",",a","0",",a","0",",a","0",",a","16",",a","0",",a","5.8",",a,13,","18.0",",,a,28,","27.9",",a,25,","1709.4","a","93.6",",a","58.9",",,,a","15.55",",a","20.20",",,,a","10.90",",,,a"
"ASN00085103","1963-11","-38.1858","146.3317","153.6","YALLOURN SEC, AS","15.9","a","8.5",",a","9",",a","4",",a","0",",a","0",",a","0",",a","0",",a","12",",a","1",",a","4.6",",a,09,","19.3",",,a,29,","33.3",",a,28,","1814.2","a","104.8",",a","39.0",",,,a","15.13",",a","20.06",",,,a","10.19",",,,a"
"ASN00085103","1963-12","-38.1858","146.3317","153.6","YALLOURN SEC, AS","53.3","a","37.4",",a","9",",a","2",",a","0",",a","0",",a","0",",a","0",",a","19",",a","5",",a","8.1",",a,03,","9.1",",,a,06,","33.3",",a,04,","1869.3","a","55.1",",a","17.9",",,,a","17.76",",a","23.59",",,,a","11.93",",,,a"
"ASN00085103","1964-01","-38.1858","146.3317","153.6","YALLOURN SEC, AS","94.4","a","41.1",",a","8",",a","5",",a","0",",a","0",",a","0",",a","0",",a","21",",a","4",",a","7.7",",a,26,","21.6",",,a,15,","37.8",",a,31,","47.0","a","47.0",",a","41.7",",,,a","18.14",",a","24.59",",,,a","11.70",",,,a"
"ASN00085103","1964-02","-38.1858","146.3317","153.6","YALLOURN SEC, AS","131.3","a","36.9",",a","12",",a","6",",a","0",",a","0",",a","0",",a","0",",a","16",",a","3",",a","6.4",",a,11,","17.8",",,a,07,","35.1",",a,04,","104.1","a","57.1",",a","61.1",",,,a","17.64",",a","22.72",",,,a","12.56",",,,a"
"ASN00085103","1964-03","-38.1858","146.3317","153.6","YALLOURN SEC, AS","151.5","a","20.2",",a","10",",a","7",",a","0",",a","0",",a","0",",a","0",",a","15",",a","1",",a","6.1",",a,11,","11.2",",,a,24,","32.2",",a,18,","188.4","a","84.3",",a","49.8",",,,a","16.27",",a","21.80",",,,a","10.74",",,,a"
"ASN00085103","1964-04","-38.1858","146.3317","153.6","YALLOURN SEC, AS","155.1","a","3.6",",a","11",",a","6",",a","1",",a","0",",a","0",",a","0",",a","3",",a","0",",a","5.3",",a,12,","31.2",",,a,08,","28.8",",a,06,","298.9","a","110.5",",a","76.3",",,,a","14.77",",a","18.34",",,,a","11.20",",,,a"
"ASN00085103","1964-05","-38.1858","146.3317","153.6","YALLOURN SEC, AS","155.1","a","0.0",",a","14",",a","12",",a","0",",a","0",",a","0",",a","0",",a","0",",a","0",",a","1.3",",a,17,","11.7",",,a,31,","20.0",",a,10,","525.5","a","226.6",",a","77.5",",,,a","11.02",",a","14.84",",,,a","7.21",",,,a"
"ASN00085103","1964-06","-38.1858","146.3317","153.6","YALLOURN SEC, AS","155.1","a","0.0",",a","23",",a","11",",a","0",",a","0",",a","0",",a","0",",a","0",",a","0",",a","1.6",",a,14,","25.1",",,a,21,","18.1",",a,18,","770.1","a","244.6",",a","91.5",",,,a","10.18",",a","13.09",",,,a","7.27",",,,a"
"ASN00085103","1964-07","-38.1858","146.3317","153.6","YALLOURN SEC, AS","0.0","a","0.0",",a","19",",a","12",",a","1",",a","0",",a","0",",a","0",",a","0",",a","0",",a","0.4",",a,06,","29.7",",,a,20,","15.8",",a,27,","1087.7","a","317.6",",a","137.7",",,,a","8.09",",a","11.44",",,,a","4.74",",,,a"
"ASN00085103","1964-08","-38.1858","146.3317","153.6","YALLOURN SEC, AS","0.0","a","0.0",",a","24",",a","15",",a","0",",a","0",",a","1",",a","0",",a","0",",a","0",",a","0.0",",a,10,","20.3",",,a,25,","18.1",",a,21,","1364.7","a","277.0",",a","159.6",",,,a","9.40",",a","12.45",",,,a","6.35",",,,a"
"ASN00085103","1964-09","-38.1858","146.3317","153.6","YALLOURN SEC, AS","0.0","a","0.0",",a","19",",a","13",",a","0",",a","0",",a","1",",a","0",",a","1",",a","0",",a","0.0",",a,14,","16.8",",,a,16,","21.4",",a,15,","1598.4","a","233.7",",a","103.7",",,,a","10.54",",a","14.83",",,,a","6.25",",,,a"
"ASN00085103","1964-10","-38.1858","146.3317","153.6","YALLOURN SEC, AS","0.0","a","0.0",",a","19",",a","9",",a","0",",a","0",",a","0",",a","0",",a","4",",a","0",",a","4.7",",a,24,","16.0",",,a,17,","23.4",",a,28,","1795.4","a","197.0",",a","78.7",",,,a","11.98",",a","16.03",",,,a","7.93",",,,a"
"ASN00085103","1964-11","-38.1858","146.3317","153.6","YALLOURN SEC, AS","9.9","a","9.9",",a","9",",a","7",",a","0",",a","0",",a","0",",a","0",",a","10",",a","1",",a","5.0",",a,01,","8.9",",,a,07,","33.9",",a,30,","1912.1","a","116.7",",a","42.3",",,,a","14.78",",a","19.84",",,,a","9.71",",,,a"
"ASN00085103","1964-12","-38.1858","146.3317","153.6","YALLOURN SEC, AS","16.4","a","6.5",",a","21",",a","10",",a","1",",a","0",",a","0",",a","0",",a","9",",a","0",",a","6.0",",a,12,","26.9",",,a,09,","30.1",",a,21,","2041.1","a","129.0",",a","105.6",",,,a","14.38",",a","18.74",",,,a","10.02",",,,a"
"ASN00085103","1965-01","-38.1858","146.3317","153.6","YALLOURN SEC, AS","33.7","a","17.3",",a","5",",a","2",",a","0",",a","0",",a","0",",a","0",",a","13",",a","2",",a","6.6",",a,26,","14.0",",,a,19,","38.3",",a,17,","94.2","a","94.2",",a","22.2",",,,a","15.85",",a","21.35",",,,a","10.35",",,,a"
"ASN00085103","1965-02","-38.1858","146.3317","153.6","YALLOURN SEC, AS","87.6","a","53.9",",a","3",",a","1",",a","0",",a","0",",a","0",",a","0",",a","24",",a","4",",a","6.9",",a,05,","2.5",",,a,11,","36.2",",a,21,","126.2","a","32.0",",a","3.3",",,,a","19.11",",a","26.40",",,,a","11.83",",,,a"
"ASN00085103","1965-03","-38.1858","146.3317","153.6","YALLOURN SEC, AS","119.6","a","32.0",",a","11",",a","5",",a","0",",a","0",",a","0",",a","0",",a","15",",a","4",",a","4.7",",a,25,","15.7",",,a,14,","38.2",",a,03,","218.5","a","92.3",",a","45.1",",,,a","16.39",",a","22.91",",,,a","9.86",",,,a"
"ASN00085103","1965-04","-38.1858","146.3317","153.6","YALLOURN SEC, AS","119.6","a","0.0",",a","14",",a","7",",a","1",",a","0",",a","0",",a","0",",a","2",",a","0",",a","4.6",",a,25,+","27.2",",,a,20,","24.7",",a,15,","401.8","a","183.3",",a","109.8",",,,a","12.22",",a","16.29",",,,a","8.16",",,,a"
"ASN00085103","1965-05","-38.1858","146.3317","153.6","YALLOURN SEC, AS","119.6","a","0.0",",a","13",",a","8",",a","0",",a","0",",a","0",",a","0",",a","1",",a","0",",a","0.7",",a,30,","9.4",",,a,16,","23.9",",a,10,","612.5","a","210.7",",a","43.2",",,,a","11.54",",a","15.24",",,,a","7.83",",,,a"
"ASN00085103","1965-06","-38.1858","146.3317","153.6","YALLOURN SEC, AS","119.6","a","0.0",",a","11",",a","3",",a","0",",a","0",",a","3",",a","0",",a","0",",a","0",",a","-1.4",",a,26,","9.7",",,a,10,","17.5",",a,17,+","893.0","a","280.5",",a","23.1",",,,a","8.98",",a","12.60",",,,a","5.37",",,,a"
"ASN00085103","1965-07","-38.1858","146.3317","153.6","YALLOURN SEC, AS","0.0","a","0.0",",a","17",",a","5",",a","0",",a","0",",a","4",",a","0",",a","0",",a","0",",a","-1.7",",a,11,+","19.8",",,a,17,","15.7",",a,03,","1230.2","a","337.2",",a","65.7",",,,a","7.46",",a","11.30",",,,a","3.61",",,,a"
"ASN00085103","1965-08","-38.1858","146.3317","153.6","YALLOURN SEC, AS","0.0","a","0.0",",a","21",",a","7",",a","0",",a","0",",a","0",",a","0",",a","0",",a","0",",a","0.8",",a,01,","15.7",",,a,06,","19.2",",a,30,","1494.5","a","264.3",",a","70.0",",,,a","9.81",",a","13.81",",,,a","5.80",",,,a"
"ASN00085103","1965-09","-38.1858","146.3317","153.6","YALLOURN SEC, AS","0.0","a","0.0",",a","16",",a","8",",a","0",",a","0",",a","0",",a","0",",a","4",",a","0",",a","2.7",",a,14,","13.5",",,a,27,","25.3",",a,24,","1691.7","a","197.2",",a","65.7",",,,a","11.76",",a","16.13",",,,a","7.39",",,,a"
"ASN00085103","1965-10","-38.1858","146.3317","153.6","YALLOURN SEC, AS","8.6","a","8.6",",a","9",",a","4",",a","0",",a","0",",a","0",",a","0",",a","14",",a","0",",a","3.3",",a,12,","7.6",",,a,01,","30.3",",a,23,","1828.9","a","137.2",",a","23.3",",,,a","14.18",",a","19.45",",,,a","8.91",",,,a"
"ASN00085103","1965-11","-38.1858","146.3317","153.6","YALLOURN SEC, AS","11.9","a","3.3",",a","16",",a","10",",a","1",",a","0",",a","0",",a","0",",a","10",",a","0",",a","3.3",",a,11,","35.8",",,a,25,","31.6",",a,20,","1964.5","a","135.6",",a","106.8",",,,a","13.93",",a","19.11",",,,a","8.74",",,,a"
"ASN00085103","1965-12","-38.1858","146.3317","153.6","YALLOURN SEC, AS","50.8","a","38.9",",a","10",",a","4",",a","0",",a","0",",a","0",",a","0",",a","22",",a","3",",a","6.0",",a,19,","10.4",",,a,03,","34.9",",a,23,","2003.7","a","39.2",",a","31.9",",,,a","18.32",",a","23.82",",,,a","12.83",",,,a"
"ASN00085103","1966-01","-38.1858","146.3317","153.6","YALLOURN SEC, AS","123.9","a","73.1",",a","10",",a","4",",a","0",",a","0",",a","0",",a","0",",a","25",",a","8",",a","8.1",",a,18,","11.9",",,a,18,","37.2",",a,26,","28.2","a","28.2",",a","39.9",",,,a","19.78",",a","26.53",",,,a","13.03",",,,a"
"ASN00085103","1966-02","-38.1858","146.3317","153.6","YALLOURN SEC, AS","140.4","a","16.5",",a","10",",a","3",",a","1",",a","0",",a","0",",a","0",",a","17",",a","0",",a","9.2",",a,05,","45.0",",,a,14,","30.3",",a,23,","58.6","a","30.4",",a","67.1",",,,a","17.84",",a","22.73",",,,a","12.94",",,,a"
"ASN00085103","1966-03","-38.1858","146.3317","153.6","YALLOURN SEC, AS","180.2","a","39.8",",a","17",",a","8",",a","0",",a","0",",a","0",",a","0",",a","15",",a","3",",a","6.8",",a,03,","9.7",",,a,17,","36.1",",a,07,","117.3","a","58.7",",a","45.8",",,,a","17.72",",a","22.53",",,,a","12.92",",,,a"
"ASN00085103","1966-04","-38.1858","146.3317","153.6","YALLOURN SEC, AS","181.0","a","0.8",",a","11",",a","7",",a","1",",a","0",",a","0",",a","0",",a","7",",a","0",",a","3.6",",a,24,","44.7",",,a,22,","27.9",",a,02,","281.4","a","164.1",",a","89.6",",,,a","12.89",",a","17.86",",,,a","7.93",",,,a"
"ASN00085103","1966-05","-38.1858","146.3317","153.6","YALLOURN SEC, AS","181.0","a","0.0",",a","14",",a","6",",a","0",",a","0",",a","0",",a","0",",a","0",",a","0",",a","3.2",",a,18,+","22.6",",,a,05,","20.0",",a,03,","526.9","a","245.5",",a","68.8",",,,a","10.41",",a","14.15",",,,a","6.68",",,,a"
"ASN00085103","1966-06","-38.1858","146.3317","153.6","YALLOURN SEC, AS","181.0","a","0.0",",a","14",",a","8",",a","0",",a","0",",a","2",",a","0",",a","0",",a","0",",a","-0.3",",a,07,","7.9",",,a,22,","15.6",",a,30,","830.6","a","303.7",",a","42.9",",,,a","8.21",",a","11.82",",,,a","4.60",",,,a"
"ASN00085103","1966-07","-38.1858","146.3317","153.6","YALLOURN SEC, AS","0.0","a","0.0",",a","18",",a","11",",a","0",",a","0",",a","1",",a","0",",a","0",",a","0",",a","-0.3",",a,16,","21.8",",,a,28,","18.3",",a,01,","1164.2","a","333.6",",a","100.1",",,,a","7.57",",a","11.15",",,,a","3.99",",,,a"
"ASN00085103","1966-08","-38.1858","146.3317","153.6","YALLOURN SEC, AS","0.0","a","0.0",",a","16",",a","8",",a","0",",a","0",",a","0",",a","0",",a","0",",a","0",",a","0.6",",a,01,","12.2",",,a,23,+","17.1",",a,31,","1475.7","a","311.5",",a","71.2",",,,a","8.29",",a","12.20",",,,a","4.37",",,,a"
"ASN00085103","1966-09","-38.1858","146.3317","153.6","YALLOURN SEC, AS","0.0","a","0.0",",a","22",",a","7",",a","0",",a","0",",a","0",",a","0",",a","2",",a","0",",a","2.5",",a,06,","8.6",",,a,02,","23.9",",a,20,","1690.6","a","214.9",",a","51.3",",,,a","11.17",",a","15.22",",,,a","7.12",",,,a"
"ASN00085103","1966-10","-38.1858","146.3317","153.6","YALLOURN SEC, AS","1.1","a","1.1",",a","15",",a","7",",a","0",",a","0",",a","0",",a","0",",a","6",",a","0",",a","2.7",",a,07,","16.8",",,a,20,","25.8",",a,24,","1871.1","a","180.5",",a","67.9",",,,a","12.55",",a","16.71",",,,a","8.38",",,,a"
"ASN00085103","1966-11","-38.1858","146.3317","153.6","YALLOURN SEC, AS","17.0","a","15.9",",a","14",",a","6",",a","0",",a","0",",a","0",",a","0",",a","10",",a","1",",a","5.6",",a,04,","15.7",",,a,13,","35.0",",a,23,","1981.6","a","110.5",",a","65.2",",,,a","15.18",",a","19.89",",,,a","10.47",",,,a"
"ASN00085103","1966-12","-38.1858","146.3317","153.6","YALLOURN SEC, AS","37.7","a","20.7",",a","18",",a","11",",a","1",",a","0",",a","0",",a","0",",a","13",",a","0",",a","7.4",",a,07,","27.4",",,a,05,","32.1",",a,25,","2072.2","a","90.6",",a","135.6",",,,a","16.08",",a","20.75",",,,a","11.41",",,,a"
"ASN00085103","1967-01","-38.1858","146.3317","153.6","YALLOURN SEC, AS","55.8","a","18.1",",a","6",",a","3",",a","1",",a","0",",a","0",",a","0",",a","21",",a","1",",a","5.0",",a,03,","33.0",",,a,29,","32.8",",a,09,","51.1","a","51.1",",a","45.5",",,,a","17.27",",a","22.81",",,,a","11.72",",,,a"
"ASN00085103","1967-02","-38.1858","146.3317","153.6","YALLOURN SEC, AS","134.0","a","78.2",",a","6",",a","2",",a","0",",a","0",",a","0",",a","0",",a","20",",a","9",",a","9.2",",a,17,","3.8",",,a,28,","38.3",",a,24,","80.0","a","28.9",",a","10.7",",,,a","20.09",",a","26.38",",,,a","13.81",",,,a"
"ASN00085103","1967-03","-38.1858","146.3317","153.6","YALLOURN SEC, AS","153.0","a","19.0",",a","8",",a","3",",a","2",",a","0",",a","0",",a","0",",a","18",",a","0",",a","5.4",",a,11,","27.9",",,a,23,","31.1",",a,17,","140.9","a","60.9",",a","78.4",",,,a","16.98",",a","22.89",",,,a","11.06",",,,a"
"ASN00085103","1967-04","-38.1858","146.3317","153.6","YALLOURN SEC, AS","158.4","a","5.4",",a","10",",a","2",",a","0",",a","0",",a","0",",a","0",",a","12",",a","0",",a","2.2",",a,27,","3.3",",,a,05,","28.3",",a,19,","250.1","a","109.2",",a","12.8",",,,a","14.87",",a","20.08",",,,a","9.66",",,,a"
"ASN00085103","1967-05","-38.1858","146.3317","153.6","YALLOURN SEC, AS","159.2","a","0.8",",a","14",",a","6",",a","0",",a","0",",a","0",",a","0",",a","4",",a","0",",a","1.7",",a,16,","14.7",",,a,20,","25.6",",a,05,","467.7","a","217.6",",a","45.1",",,,a","11.34",",a","16.10",",,,a","6.58",",,,a"
"ASN00085103","1967-06","-38.1858","146.3317","153.6","YALLOURN SEC, AS","159.2","a","0.0",",a","12",",a","4",",a","1",",a","0",",a","0",",a","0",",a","0",",a","0",",a","2.2",",a,28,","34.8",",,a,30,","15.6",",a,27,","722.2","a","254.5",",a","54.7",",,,a","9.85",",a","13.31",",,,a","6.39",",,,a"
"ASN00085103","1967-07","-38.1858","146.3317","153.6","YALLOURN SEC, AS","0.0","a","0.0","1,a","14",",a","6",",a","0",",a","0","1,a","0","1,a","0","1,a","0","1,a","0","1,a","1.1","1,a,08,","7.1",",,a,18,","15.3","1,a,16,","1020.5","a","298.3","1,a","31.7",",,,a","8.39","1,a","12.34","1,,,a","4.44","1,,,a"
"ASN00085103","1967-08","-38.1858","146.3317","153.6","YALLOURN SEC, AS","0.0","a","0.0",",a","18",",a","9",",a","0",",a","0",",a","0",",a","0",",a","0",",a","0",",a","0.6",",a,05,+","19.8",",,a,13,","17.2",",a,23,","1314.5","a","294.0",",a","111.7",",,,a","8.85",",a","12.75",",,,a","4.95",",,,a"
"ASN00085103","1967-09","-38.1858","146.3317","153.6","YALLOURN SEC, AS","0.0","a","0.0",",a","14",",a","7",",a","0",",a","0",",a","0",",a","0",",a","1",",a","0",",a","2.3",",a,17,+","10.2",",,a,19,","24.4",",a,25,","1551.8","a","237.3",",a","49.7",",,,a","10.42",",a","14.90",",,,a","5.95",",,,a"
"ASN00085103","1967-10","-38.1858","146.3317","153.6","YALLOURN SEC, AS","0.9","a","0.9",",a","10",",a","3",",a","0",",a","0",",a","0",",a","0",",a","11",",a","0",",a","2.2",",a,03,","9.7",",,a,02,","27.8",",a,28,+","1697.1","a","145.3",",a","22.8",",,,a","13.67",",a","19.45",",,,a","7.90",",,,a"
"ASN00085103","1967-11","-38.1858","146.3317","153.6","YALLOURN SEC, AS","9.7","a","8.8",",a","7",",a","4",",a","0",",a","0",",a","0",",a","0",",a","12",",a","1",",a","4.4",",a,16,+","22.4",",,a,26,","33.3",",a,13,","1811.1","a","114.0",",a","45.9",",,,a","14.83",",a","20.67",",,,a","8.98",",,,a"
"ASN00085103","1967-12","-38.1858","146.3317","153.6","YALLOURN SEC, AS","20.1","a","10.4",",a","10",",a","6",",a","0",",a","0",",a","0",",a","0",",a","11",",a","1",",a","5.4",",a,04,","23.1",",,a,13,","34.3",",a,10,","1920.6","a","109.5",",a","75.6",",,,a","15.14",",a","20.45",",,,a","9.82",",,,a"
"ASN00085103","1968-01","-38.1858","146.3317","153.6","YALLOURN SEC, AS","79.4","a","59.3",",a","7",",a","2",",a","0",",a","0",",a","0",",a","0",",a","26",",a","6",",a","7.8",",a,02,","11.9",",,a,21,","41.7",",a,31,","22.3","a","22.3",",a","20.2",",,,a","19.53",",a","26.04",",,,a","13.02",",,,a"
"ASN00085103","1968-02","-38.1858","146.3317","153.6","YALLOURN SEC, AS","196.3","a","116.9",",a","2",",a","1",",a","0",",a","0",",a","0",",a","0",",a","25",",a","11",",a","8.3",",a,10,","10.2",",,a,14,","41.4",",a,25,","45.8","a","23.5",",a","11.5",",,,a","21.56",",a","28.43",",,,a","14.68",",,,a"
"ASN00085103","1968-03","-38.1858","146.3317","153.6","YALLOURN SEC, AS","254.9","a","58.6",",a","6",",a","4",",a","0",",a","0",",a","0",",a","0",",a","23",",a","3",",a","7.9",",a,05,","10.4",",,a,31,","36.1",",a,17,","69.8","a","24.0",",a","27.1",",,,a","19.45",",a","25.04",",,,a","13.85",",,,a"
"ASN00085103","1968-04","-38.1858","146.3317","153.6","YALLOURN SEC, AS","260.6","a","5.7",",a","15",",a","9",",a","0",",a","0",",a","0",",a","0",",a","14",",a","0",",a","6.4",",a,10,","19.3",",,a,30,","30.0",",a,12,","135.2","a","65.4",",a","79.0",",,,a","16.35",",a","21.15",",,,a","11.54",",,,a"
"ASN00085103","1968-05","-38.1858","146.3317","153.6","YALLOURN SEC, AS","260.6","a","0.0",",a","27",",a","15",",a","1",",a","0",",a","0",",a","0",",a","0",",a","0",",a","3.1",",a,24,","25.9",",,a,29,","20.0",",a,02,","373.6","a","238.4",",a","169.8",",,,a","10.64",",a","13.52",",,,a","7.76",",,,a"
"ASN00085103","1968-06","-38.1858","146.3317","153.6","YALLOURN SEC, AS","260.6","a","0.0",",a","20",",a","14",",a","0",",a","0",",a","0",",a","0",",a","0",",a","0",",a","0.6",",a,10,","17.8",",,a,29,","17.3",",a,01,","668.1","a","294.5",",a","126.0",",,,a","8.52",",a","11.52",",,,a","5.51",",,,a"
"ASN00085103","1968-07","-38.1858","146.3317","153.6","YALLOURN SEC, AS","0.0","a","0.0",",a","15",",a","4",",a","0",",a","0",",a","0",",a","0",",a","0",",a","0",",a","1.1",",a,25,","8.4",",,a,12,","15.0",",a,27,","997.4","a","329.3",",a","36.4",",,,a","7.71",",a","11.33",",,,a","4.09",",,,a"
"ASN00085103","1968-08","-38.1858","146.3317","153.6","YALLOURN SEC, AS","0.0","a","0.0",",a","20",",a","12",",a","0",",a","0",",a","0",",a","0",",a","0",",a","0",",a","0.6",",a,18,","17.5",",,a,21,","19.4",",a,27,","1284.3","a","286.9",",a","104.3",",,,a","9.08",",a","13.11",",,,a","5.05",",,,a"
"ASN00085103","1968-09","-38.1858","146.3317","153.6","YALLOURN SEC, AS","0.0","a","0.0",",a","13",",a","9",",a","0",",a","0",",a","0",",a","0",",a","1",",a","0",",a","3.3",",a,25,+","14.5",",,a,21,","22.5",",a,19,","1521.0","a","236.7",",a","71.0",",,,a","10.44",",a","14.92",",,,a","5.96",",,,a"
"ASN00085103","1968-10","-38.1858","146.3317","153.6","YALLOURN SEC, AS","2.2","a","2.2",",a","18",",a","11",",a","0",",a","0",",a","0",",a","0",",a","7",",a","0",",a","2.5",",a,30,","21.3",",,a,07,","27.1",",a,16,","1704.5","a","183.5",",a","119.8",",,,a","12.48",",a","17.13",",,,a","7.84",",,,a"
"ASN00085103","1968-11","-38.1858","146.3317","153.6","YALLOURN SEC, AS","3.3","a","1.1",",a","17",",a","12",",a","1",",a","0",",a","0",",a","0",",a","7",",a","0",",a","4.7",",a,22,","30.5",",,a,12,","26.6",",a,01,","1843.5","a","139.0",",a","126.0",",,,a","13.74",",a","18.58",",,,a","8.89",",,,a"
"ASN00085103","1968-12","-38.1858","146.3317","153.6","YALLOURN SEC, AS","17.5","a","14.2",",a","9",",a","5",",a","0",",a","0",",a","0",",a","0",",a","12",",a","1",",a","5.3",",a,21,","13.0",",,a,27,","34.4",",a,15,","1926.8","a","83.3",",a","42.6",",,,a","16.11",",a","21.30",",,,a","10.92",",,,a"
"ASN00085103","1969-01","-38.1858","146.3317","153.6","YALLOURN SEC, AS","88.5","a","71.0",",a","7",",a","2",",a","0",",a","0",",a","0",",a","0",",a","25",",a","4",",a","8.3",",a,16,","13.0",",,a,26,","35.8",",a,08,","21.1","a","21.1",",a","26.5",",,,a","19.94",",a","26.82",",,,a","13.07",",,,a"
"ASN00085103","1969-02","-38.1858","146.3317","153.6","YALLOURN SEC, AS","149.1","a","60.6",",a","11",",a","7",",a","1",",a","0",",a","0",",a","0",",a","18",",a","4",",a","10.8",",a,26,","25.7",",,a,22,","34.3",",a,20,","41.3","a","20.2",",a","96.3",",,,a","19.78",",a","24.19",",,,a","15.36",",,,a"
"ASN00085103","1969-03","-38.1858","146.3317","153.6","YALLOURN SEC, AS","175.2","a","26.1",",a","11",",a","7",",a","1",",a","0",",a","0",",a","0",",a","14",",a","0",",a","7.2",",a,22,","32.0",",,a,31,","31.7",",a,10,","103.0","a","61.7",",a","103.9",",,,a","17.18",",a","22.08",",,,a","12.29",",,,a"
"ASN00085103","1969-04","-38.1858","146.3317","153.6","YALLOURN SEC, AS","180.7","a","5.5",",a","9",",a","4",",a","0",",a","0",",a","0",",a","0",",a","8",",a","0",",a","4.2",",a,24,","7.9",",,a,17,","28.3",",a,10,","230.3","a","127.3",",a","26.4",",,,a","14.27",",a","18.84",",,,a","9.70",",,,a"
"ASN00085103","1969-05","-38.1858","146.3317","153.6","YALLOURN SEC, AS","180.7","a","0.0",",a","17",",a","10",",a","0",",a","0",",a","0",",a","0",",a","0",",a","0",",a","3.9",",a,27,+","18.8",",,a,17,","18.9",",a,09,","465.9","a","235.6",",a","77.3",",,,a","10.73",",a","14.24",",,,a","7.22",",,,a"
"ASN00085103","1969-06","-38.1858","146.3317","153.6","YALLOURN SEC, AS","180.7","a","0.0",",a","13",",a","4",",a","1",",a","0",",a","3",",a","0",",a","0",",a","0",",a","-1.4",",a,17,","31.2",",,a,01,","15.6",",a,29,","780.5","a","314.6",",a","52.9",",,,a","7.85",",a","11.91",",,,a","3.79",",,,a"
"ASN00085103","1969-07","-38.1858","146.3317","153.6","YALLOURN SEC, AS","0.0","a","0.0",",a","13",",a","8",",a","0",",a","0",",a","0",",a","0",",a","0",",a","0",",a","0.6",",a,11,","10.2",",,a,23,+","16.7",",a,12,","1070.3","a","289.8",",a","54.6",",,,a","8.98",",a","12.99",",,,a","4.98",",,,a"
"ASN00085103","1969-08","-38.1858","146.3317","153.6","YALLOURN SEC, AS","0.0","a","0.0",",a","11",",a","5",",a","0",",a","0",",a","0",",a","0",",a","1",",a","0",",a","1.7",",a,15,","13.5",",,a,09,","22.2",",a,26,","1321.2","a","250.9",",a","45.2",",,,a","10.24",",a","14.09",",,,a","6.39",",,,a"
"ASN00085103","1969-09","-38.1858","146.3317","153.6","YALLOURN SEC, AS","0.0","a","0.0",",a","20",",a","14",",a","1",",a","0",",a","0",",a","0",",a","0",",a","0",",a","0.3",",a,12,","27.2",",,a,12,","19.3",",a,27,","1597.7","a","276.5",",a","135.0",",,,a","9.12",",a","12.59",",,,a","5.64",",,,a"
"ASN00085103","1969-10","-38.1858","146.3317","153.6","YALLOURN SEC, AS","0.6","a","0.6",",a","11",",a","5",",a","1",",a","0",",a","0",",a","0",",a","6",",a","0",",a","2.5",",a,07,","38.1",",,a,30,","26.8",",a,25,","1754.7","a","157.0",",a","76.7",",,,a","13.29",",a","18.05",",,,a","8.53",",,,a"
"ASN00085103","1969-11","-38.1858","146.3317","153.6","YALLOURN SEC, AS","6.1","a","5.5",",a","15",",a","8",",a","0",",a","0",",a","0",",a","0",",a","9",",a","0",",a","7.1",",a,22,","16.0",",,a,18,","29.3",",a,23,","1861.2","a","106.5",",a","73.5",",,,a","14.97",",a","19.40",",,,a","10.54",",,,a"
"ASN00085103","1969-12","-38.1858","146.3317","153.6","YALLOURN SEC, AS","17.3","a","11.2",",a","12",",a","6",",a","0",",a","0",",a","0",",a","0",",a","10",",a","1",",a","5.6",",a,26,","17.3",",,a,02,","34.4",",a,28,","1963.3","a","102.1",",a","57.1",",,,a","15.40",",a","20.46",",,,a","10.34",",,,a"
"ASN00085103","1970-01","-38.1858","146.3317","153.6","YALLOURN SEC, AS","44.4","a","27.1",",a","13",",a","6",",a","1",",a","0",",a","0",",a","0",",a","20",",a","0",",a","8.8",",a,02,","26.9",",,a,02,","30.1",",a,31,","42.0","a","42.0",",a","80.8",",,,a","17.85",",a","22.87",",,,a","12.83",",,,a"
"ASN00085103","1970-02","-38.1858","146.3317","153.6","YALLOURN SEC, AS","80.3","a","35.9",",a","4",",a","2",",a","0",",a","0",",a","0",",a","0",",a","22",",a","2",",a","8.1",",a,21,","3.6",",,a,20,","33.3",",a,05,","66.6","a","24.6",",a","10.2",",,,a","18.73",",a","24.66",",,,a","12.81",",,,a"
"ASN00085103","1970-03","-38.1858","146.3317","153.6","YALLOURN SEC, AS","98.7","a","18.4",",a","14",",a","10",",a","3",",a","0",",a","0",",a","0",",a","14",",a","0",",a","6.9",",a,30,","55.9",",,a,20,","31.7",",a,04,","144.4","a","77.8",",a","206.9",",,,a","16.42",",a","21.20",",,,a","11.63",",,,a"
"ASN00085103","1970-04","-38.1858","146.3317","153.6","YALLOURN SEC, AS","101.4","a","2.7",",a","15",",a","7",",a","1",",a","0",",a","0",",a","0",",a","9",",a","0",",a","5.0",",a,08,","25.9",",,a,28,","26.9",",a,19,","259.7","a","115.3",",a","80.4",",,,a","14.58",",a","19.00",",,,a","10.16",",,,a"
"ASN00085103","1970-05","-38.1858","146.3317","153.6","YALLOURN SEC, AS","101.4","a","0.0",",a","18",",a","12",",a","1",",a","0",",a","0",",a","0",",a","0",",a","0",",a","2.7",",a,08,","31.2",",,a,06,","19.4",",a,02,","508.4","a","248.7",",a","126.6",",,,a","10.31",",a","13.70",",,,a","6.92",",,,a"
"ASN00085103","1970-06","-38.1858","146.3317","153.6","YALLOURN SEC, AS","101.4","a","0.0",",a","18",",a","4",",a","0",",a","0",",a","0",",a","0",",a","0",",a","0",",a","1.1",",a,09,","5.1",",,a,12,","15.3",",a,29,+","769.8","a","261.4",",a","27.5",",,,a","9.62",",a","12.87",",,,a","6.37",",,,a"
"ASN00085103","1970-07","-38.1858","146.3317","153.6","YALLOURN SEC, AS","0.0","a","0.0",",a","21",",a","11",",a","0",",a","0",",a","0",",a","0",",a","0",",a","0",",a","3.1",",a,20,+","14.5",",,a,02,","17.2",",a,08,","1051.7","a","281.9",",a","77.8",",,,a","9.24",",a","12.74",",,,a","5.74",",,,a"
"ASN00085103","1970-08","-38.1858","146.3317","153.6","YALLOURN SEC, AS","0.0","a","0.0",",a","24",",a","12",",a","0",",a","0",",a","0",",a","0",",a","0",",a","0",",a","1.6",",a,08,","11.4",",,a,04,","16.9",",a,23,","1353.0","a","301.3",",a","84.3",",,,a","8.61",",a","12.55",",,,a","4.67",",,,a"
"ASN00085103","1970-09","-38.1858","146.3317","153.6","YALLOURN SEC, AS","0.0","a","0.0",",a","15",",a","11",",a","0",",a","0",",a","1",",a","0",",a","0",",a","0",",a","-0.1",",a,20,","14.7",",,a,08,","17.8",",a,03,","1621.3","a","268.3",",a","73.1",",,,a","9.39",",a","13.48",",,,a","5.30",",,,a"
"ASN00085103","1970-10","-38.1858","146.3317","153.6","YALLOURN SEC, AS","2.1","a","2.1",",a","13",",a","8",",a","0",",a","0",",a","0",",a","0",",a","5",",a","0",",a","3.6",",a,14,","14.2",",,a,22,","28.3",",a,04,","1808.2","a","186.9",",a","61.2",",,,a","12.37",",a","17.22",",,,a","7.52",",,,a"
"ASN00085103","1970-11","-38.1858","146.3317","153.6","YALLOURN SEC, AS","6.8","a","4.7",",a","9",",a","6",",a","1",",a","0",",a","0",",a","0",",a","13",",a","0",",a","3.2",",a,03,","31.2",",,a,12,","28.1",",a,30,+","1921.8","a","113.6",",a","86.2",",,,a","14.70",",a","19.83",",,,a","9.57",",,,a"
"ASN00085103","1970-12","-38.1858","146.3317","153.6","YALLOURN SEC, AS","36.9","a","30.1",",a","13",",a","8",",a","0",",a","0",",a","0",",a","0",",a","17",",a","3",",a","7.9",",a,25,","23.1",",,a,10,","33.4",",a,27,","1984.5","a","62.7",",a","88.4",",,,a","17.28",",a","22.60",",,,a","11.96",",,,a"
"ASN00085103","1971-01","-38.1858","146.3317","153.6","YALLOURN SEC, AS","86.3","a","49.4","1,a","15",",a","6",",a","1",",a","0",",a","0",",a","0","1,a","20","1,a","2","1,a","9.4",",a,02,+","69.9",",,a,30,","37.2","1,a,08,","36.9","a","36.9","1,a","110.4",",,,a","18.78","1,a","23.43","1,,,a","14.12",",,,a"
"ASN00085103","1971-02","-38.1858","146.3317","153.6","YALLOURN SEC, AS","152.1","a","65.8",",a","10",",a","5",",a","0",",a","0",",a","0",",a","0",",a","24",",a","2",",a","9.3",",a,24,","22.9",",,a,10,","32.2",",a,28,+","52.6","a","15.7",",a","56.2",",,,a","20.12",",a","25.04",",,,a","15.20",",,,a"
"ASN00085103","1971-03","-38.1858","146.3317","153.6","YALLOURN SEC, AS","186.3","a","34.2",",a","7",",a","2",",a","0",",a","0",",a","0",",a","0",",a","23",",a","0",",a","8.0",",a,27,","18.3",",,a,15,","31.1",",a,30,","80.6","a","28.0",",a","31.0",",,,a","18.53",",a","23.89",",,,a","13.18",",,,a"
"ASN00085103","1971-04","-38.1858","146.3317","153.6","YALLOURN SEC, AS","186.3","a","0.0",",a","8",",a","5",",a","0",",a","0",",a","0",",a","0",",a","15",",a","0",",a","7.9",",a,20,","22.9",",,a,22,","26.4",",a,03,","164.6","a","84.0",",a","62.9",",,,a","15.53",",a","20.53",",,,a","10.54",",,,a"
"ASN00085103","1971-05","-38.1858","146.3317","153.6","YALLOURN SEC, AS","186.3","a","0.0",",a","14",",a","9",",a","1",",a","0",",a","0",",a","0",",a","0",",a","0",",a","5.3",",a,04,","36.3",",,a,12,","18.9",",a,18,","386.2","a","221.6",",a","123.2",",,,a","11.19",",a","14.74",",,,a","7.63",",,,a"
"ASN00085103","1971-06","-38.1858","146.3317","153.6","YALLOURN SEC, AS","186.3","a","0.0",",a","18",",a","9",",a","0",",a","0",",a","0",",a","0",",a","0",",a","0",",a","1.7",",a,19,+","11.7",",,a,25,","15.6",",a,21,","662.4","a","276.2",",a","76.7",",,,a","9.13",",a","12.21",",,,a","6.04",",,,a"
"ASN00085103","1971-07","-38.1858","146.3317","153.6","YALLOURN SEC, AS","0.0","a","0.0",",a","14",",a","4",",a","0",",a","0",",a","1",",a","0",",a","0",",a","0",",a","-1.7",",a,01,","6.4",",,a,10,","14.7",",a,15,","985.1","a","322.7",",a","24.3",",,,a","7.92",",a","12.03",",,,a","3.81",",,,a"
"ASN00085103","1971-08","-38.1858","146.3317","153.6","YALLOURN SEC, AS","0.0","a","0.0",",a","17",",a","6",",a","0",",a","0",",a","1",",a","0",",a","0",",a","0",",a","-0.8",",a,16,","8.6",",,a,25,","17.2",",a,20,","1281.2","a","296.1",",a","34.5",",,,a","8.78",",a","13.13",",,,a","4.44",",,,a"
"ASN00085103","1971-09","-38.1858","146.3317","153.6","YALLOURN SEC, AS","0.0","a","0.0",",a","20",",a","14",",a","0",",a","0",",a","0",",a","0",",a","0",",a","0",",a","1.7",",a,13,","13.7",",,a,24,","20.8",",a,19,","1521.9","a","240.7",",a","98.5",",,,a","10.31",",a","14.88",",,,a","5.74",",,,a"
"ASN00085103","1971-10","-38.1858","146.3317","153.6","YALLOURN SEC, AS","0.0","a","0.0",",a","24",",a","15",",a","0",",a","0",",a","0",",a","0",",a","4",",a","0",",a","3.9",",a,29,","22.4",",,a,02,","28.3",",a,14,","1717.7","a","195.8",",a","128.9",",,,a","12.02",",a","16.56",",,,a","7.47",",,,a"
"ASN00085103","1971-11","-38.1858","146.3317","153.6","YALLOURN SEC, AS","1.7","a","1.7",",a","20",",a","9",",a","1",",a","0",",a","0",",a","0",",a","6",",a","0",",a","5.8",",a,26,","26.7",",,a,14,","28.3",",a,05,","1846.0","a","128.3",",a","101.1",",,,a","14.12",",a","18.74",",,,a","9.49",",,,a"
"ASN00085103","1971-12","-38.1858","146.3317","153.6","YALLOURN SEC, AS","32.9","a","31.2",",a","12",",a","5",",a","1",",a","0",",a","0",",a","0",",a","16",",a","2",",a","6.1",",a,05,","36.8",",,a,14,","32.9",",a,23,","1914.1","a","68.1",",a","76.0",",,,a","17.14",",a","22.70",",,,a","11.58",",,,a"
"ASN00085103","1972-01","-38.1858","146.3317","153.6","YALLOURN SEC, AS","75.9","a","43.0",",a","12",",a","5",",a","0",",a","0",",a","0",",a","0",",a","20",",a","0",",a","8.8",",a,01,","23.4",",,a,01,","31.1",",a,30,","38.8","a","38.8",",a","53.5",",,,a","18.47",",a","23.25",",,,a","13.68",",,,a"
"ASN00085103","1972-02","-38.1858","146.3317","153.6","YALLOURN SEC, AS","154.6","a","78.7",",a","12",",a","7",",a","0",",a","0",",a","0",",a","0",",a","22",",a","2",",a","8.6",",a,04,","10.7",",,a,07,","33.3",",a,02,","57.0","a","18.2",",a","51.8",",,,a","20.42",",a","26.25",",,,a","14.59",",,,a"
"ASN00085103","1972-03","-38.1858","146.3317","153.6","YALLOURN SEC, AS","167.5","a","12.9",",a","7",",a","1",",a","0",",a","0",",a","0",",a","0",",a","15",",a","0",",a","6.2",",a,26,","2.5",",,a,14,","31.4",",a,19,","129.9","a","72.9",",a","7.7",",,,a","16.40",",a","21.97",",,,a","10.83",",,,a"
"ASN00085103","1972-04","-38.1858","146.3317","153.6","YALLOURN SEC, AS","169.0","a","1.5",",a","6","2,a","3","2,a","0","2,a","0",",a","0",",a","0",",a","13",",a","0",",a","5.8",",a,19,","16.5","2,,a,24,","25.8",",a,08,","242.8","a","112.9",",a","56.9",",a,,a","14.62",",a","19.72",",,,a","9.53",",,,a"
"ASN00085103","1972-05","-38.1858","146.3317","153.6","YALLOURN SEC, AS","169.0","a","0.0",",a","14",",a","4",",a","1",",a","0",",a","0",",a","0",",a","8",",a","0",",a","2.8",",a,28,","27.9",",,a,19,","24.3",",a,01,","453.9","a","211.1",",a","53.9",",,,a","11.52",",a","16.18",",,,a","6.87",",,,a"
"ASN00085103","1972-06","-38.1858","146.3317","153.6","YALLOURN SEC, AS","169.0","a","0.0",",a","7",",a","3",",a","0",",a","0",",a","0",",a","0",",a","0",",a","0",",a","1.1",",a,17,+","4.8",",,a,27,","19.7",",a,03,","747.7","a","293.8",",a","15.2",",,,a","8.54",",a","13.45",",,,a","3.63",",,,a"
"ASN00085103","1972-07","-38.1858","146.3317","153.6","YALLOURN SEC, AS","0.0","a","0.0",",a","19",",a","11",",a","0",",a","0",",a","0",",a","0",",a","0",",a","0",",a","0.7",",a,28,","15.2",",,a,14,","17.5",",a,18,","1041.9","a","294.2",",a","97.3",",,,a","8.84",",a","12.16",",,,a","5.53",",,,a"
"ASN00085103","1972-08","-38.1858","146.3317","153.6","YALLOURN SEC, AS","0.0","a","0.0",",a","17",",a","10",",a","0",",a","0",",a","0",",a","0",",a","1",",a","0",",a","2.7",",a,15,","16.3",",,a,30,","21.7",",a,28,","1310.8","a","268.9",",a","71.5",",,,a","9.66",",a","13.59",",,,a","5.73",",,,a"
"ASN00085103","1972-09","-38.1858","146.3317","153.6","YALLOURN SEC, AS","2.8","a","2.8",",a","6",",a","4",",a","1",",a","0",",a","0",",a","0",",a","7",",a","0",",a","3.0",",a,13,","31.5",",,a,07,","25.8",",a,05,","1493.1","a","182.3",",a","76.8",",,,a","12.35",",a","17.39",",,,a","7.31",",,,a"
"ASN00085103","1972-10","-38.1858","146.3317","153.6","YALLOURN SEC, AS","2.8","a","0.0",",a","12",",a","6",",a","0",",a","0",",a","0",",a","0",",a","10",",a","0",",a","1.0",",a,12,+","15.2",",,a,12,","27.0",",a,24,","1653.7","a","160.6",",a","70.9",",,,a","13.15",",a","18.42",",,,a","7.88",",,,a"
"ASN00085103","1972-11","-38.1858","146.3317","153.6","YALLOURN SEC, AS","5.8","a","3.0",",a","10",",a","6",",a","0",",a","0",",a","0",",a","0",",a","13",",a","0",",a","5.5",",a,13,","13.0",",,a,25,","30.0",",a,09,","1755.3","a","101.6",",a","49.9",",,,a","15.05",",a","20.51",",,,a","9.58",",,,a"
"ASN00085103","1972-12","-38.1858","146.3317","153.6","YALLOURN SEC, AS","51.0","a","45.2",",a","5",",a","1",",a","0",",a","0",",a","0",",a","0",",a","22",",a","5",",a","6.8",",a,26,","6.1",",,a,25,","37.0",",a,20,+","1803.8","a","48.5",",a","8.4",",,,a","18.23",",a","24.88",",,,a","11.57",",,,a"
"ASN00085103","1973-01","-38.1858","146.3317","153.6","YALLOURN SEC, AS","130.9","a","79.9",",a","6",",a","2",",a","2",",a","0",",a","0",",a","0",",a","25",",a","6",",a","5.5",",a,11,","30.0",",,a,31,","38.8",",a,20,","24.8","a","24.8",",a","59.3",",,,a","20.11",",a","26.55",",,,a","13.67",",,,a"
"ASN00085103","1973-02","-38.1858","146.3317","153.6","YALLOURN SEC, AS","181.9","a","51.0",",a","9",",a","8",",a","2",",a","0",",a","0",",a","0",",a","23",",a","3",",a","8.2",",a,08,","43.7",",,a,06,","34.5",",a,02,","40.1","a","15.3",",a","147.6",",,,a","19.61",",a","24.99",",,,a","14.22",",,,a"
"ASN00085103","1973-03","-38.1858","146.3317","153.6","YALLOURN SEC, AS","185.3","a","3.4","3,a","12",",a","6",",a","1",",a","0",",a","0",",a","0","3,a","12","3,a","0","3,a","6.0",",a,31,","34.8",",,a,30,","28.8","3,a,17,","110.5","a","70.4","3,a","90.0",",,,a","15.87","3,a","20.72","3,,,a","11.03",",,,a"
"ASN00085103","1973-04","-38.1858","146.3317","153.6","YALLOURN SEC, AS","187.5","a","2.2",",a","12",",a","9",",a","0",",a","0",",a","0",",a","0",",a","9",",a","0",",a","5.2",",a,01,","12.7",",,a,16,","26.4",",a,05,+","216.1","a","105.6",",a","77.1",",,,a","14.89",",a","19.47",",,,a","10.30",",,,a"
"ASN00085103","1973-05","-38.1858","146.3317","153.6","YALLOURN SEC, AS","187.5","a","0.0",",a","16",",a","7",",a","0",",a","0",",a","0",",a","0",",a","1",",a","0",",a","2.0",",a,28,","11.4",",,a,15,","21.5",",a,06,","429.4","a","213.3",",a","53.2",",,,a","11.45",",a","15.23",",,,a","7.68",",,,a"
"ASN00085103","1973-06","-38.1858","146.3317","153.6","YALLOURN SEC, AS","187.5","a","0.0",",a","16",",a","11",",a","0",",a","0",",a","2",",a","0",",a","0",",a","0",",a","-0.4",",a,09,","9.1",",,a,15,","19.5",",a,01,","736.4","a","307.0",",a","69.1",",,,a","8.10",",a","11.53",",,,a","4.67",",,,a"
"ASN00085103","1973-07","-38.1858","146.3317","153.6","YALLOURN SEC, AS","0.0","a","0.0",",a","15",",a","5",",a","0",",a","0",",a","0",",a","0",",a","0",",a","0",",a","0.5",",a,30,","8.9",",,a,17,","16.0",",a,31,+","1056.0","a","319.6",",a","33.1",",,,a","8.02",",a","12.28",",,,a","3.77",",,,a"
"ASN00085103","1973-08","-38.1858","146.3317","153.6","YALLOURN SEC, AS","0.0","a","0.0",",a","24",",a","13",",a","0",",a","0",",a","0",",a","0",",a","0",",a","0",",a","1.3",",a,16,","16.3",",,a,28,","16.3",",a,16,","1340.2","a","284.2",",a","101.7",",,,a","9.17",",a","12.99",",,,a","5.35",",,,a"
"ASN00085103","1973-09","-38.1858","146.3317","153.6","YALLOURN SEC, AS","1.7","a","1.7",",a","17",",a","10",",a","0",",a","0",",a","0",",a","0",",a","2",",a","0",",a","1.6",",a,21,","10.9",",,a,14,","25.6",",a,30,","1543.8","a","203.6",",a","71.6",",,,a","11.61",",a","15.95",",,,a","7.26",",,,a"
"ASN00085103","1973-10","-38.1858","146.3317","153.6","YALLOURN SEC, AS","2.3","a","0.6",",a","15",",a","9",",a","1",",a","0",",a","0",",a","0",",a","6",",a","0",",a","4.6",",a,03,","30.0",",,a,20,","26.5",",a,16,","1681.3","a","137.5",",a","98.5",",,,a","13.92",",a","18.41",",,,a","9.43",",,,a"
"ASN00085103","1973-11","-38.1858","146.3317","153.6","YALLOURN SEC, AS","4.1","a","1.8",",a","17",",a","9",",a","0",",a","0",",a","0",",a","0",",a","6",",a","0",",a","7.2",",a,16,","22.9",",,a,29,","28.0",",a,09,","1798.2","a","116.9",",a","96.2",",,,a","14.50",",a","18.60",",,,a","10.40",",,,a"
"ASN00085103","1973-12","-38.1858","146.3317","153.6","YALLOURN SEC, AS","45.4","a","41.3",",a","11",",a","5",",a","0",",a","0",",a","0",",a","0",",a","21",",a","2",",a","7.5",",a,24,","22.9",",,a,16,","33.0",",a,14,","1846.6","a","48.4",",a","69.8",",,,a","18.10",",a","24.05",",,,a","12.16",",,,a"
"ASN00085103","1974-01","-38.1858","146.3317","153.6","YALLOURN SEC, AS","121.6","a","76.2",",a","10",",a","6",",a","0",",a","0",",a","0",",a","0",",a","22",",a","3",",a","9.0",",a,08,+","15.0",",,a,11,","34.0",",a,31,+","25.4","a","25.4",",a","50.0",",,,a","19.97",",a","25.69",",,,a","14.25",",,,a"
"ASN00085103","1974-02","-38.1858","146.3317","153.6","YALLOURN SEC, AS","161.1","a","39.5",",a","6",",a","2",",a","0",",a","0",",a","0",",a","0",",a","21",",a","0",",a","9.0",",a,23,","17.0",",,a,02,","32.0",",a,27,","48.8","a","23.4",",a","30.0",",,,a","18.91",",a","24.60",",,,a","13.23",",,,a"
"ASN00085103","1974-03","-38.1858","146.3317","153.6","YALLOURN SEC, AS","233.1","a","72.0",",a","6",",a","2",",a","0",",a","0",",a","0",",a","0",",a","25",",a","3",",a","7.6",",a,16,","5.4",",,a,29,","35.0",",a,02,","68.4","a","19.6",",a","12.0",",,,a","20.02",",a","25.46",",,,a","14.58",",,,a"
"ASN00085103","1974-04","-38.1858","146.3317","153.6","YALLOURN SEC, AS","233.1","a","0.0",",a","17",",a","8",",a","1",",a","0",",a","0",",a","0",",a","3",",a","0",",a","3.8",",a,05,","39.2",",,a,30,","21.8",",a,26,","192.1","a","123.7",",a","111.2",",,,a","14.21",",a","17.56",",,,a","10.85",",,,a"
"ASN00085103","1974-05","-38.1858","146.3317","153.6","YALLOURN SEC, AS","233.1","a","0.0",",a","12",",a","7",",a","1",",a","0",",a","0",",a","0",",a","3",",a","0",",a","3.7",",a,20,","33.0",",,a,16,","22.2",",a,06,","384.7","a","192.6",",a","97.0",",,,a","12.12",",a","16.09",",,,a","8.15",",,,a"
"ASN00085103","1974-06","-38.1858","146.3317","153.6","YALLOURN SEC, AS","233.1","a","0.0",",a","10",",a","4",",a","0",",a","0",",a","0",",a","0",",a","0",",a","0",",a","1.0",",a,16,","8.2",",,a,13,","16.5",",a,06,+","658.7","a","274.0",",a","26.6",",,,a","9.20",",a","13.14",",,,a","5.26",",,,a"
"ASN00085103","1974-07","-38.1858","146.3317","153.6","YALLOURN SEC, AS","0.0","a","0.0",",a","22",",a","11",",a","2",",a","0",",a","0",",a","0",",a","0",",a","0",",a","1.5",",a,12,","35.4",",,a,08,","17.0",",a,17,","943.6","a","284.9",",a","144.4",",,,a","9.14",",a","12.41",",,,a","5.88",",,,a"
"ASN00085103","1974-08","-38.1858","146.3317","153.6","YALLOURN SEC, AS","0.0","a","0.0",",a","22",",a","17",",a","0",",a","0",",a","2",",a","0",",a","0",",a","0",",a","-2.8",",a,06,","17.2",",,a,29,","16.2",",a,13,","1233.2","a","289.6",",a","142.5",",,,a","8.99",",a","12.35",",,,a","5.63",",,,a"
"ASN00085103","1974-09","-38.1858","146.3317","153.6","YALLOURN SEC, AS","0.0","a","0.0",",a","18",",a","13",",a","0",",a","0",",a","0",",a","0",",a","1",",a","0",",a","1.7",",a,27,","16.4",",,a,15,","21.2",",a,29,","1478.9","a","245.7",",a","104.7",",,,a","10.14",",a","13.86",",,,a","6.43",",,,a"
"ASN00085103","1974-10","-38.1858","146.3317","153.6","YALLOURN SEC, AS","0.0","a","0.0",",a","21",",a","7",",a","0",",a","0",",a","0",",a","0",",a","2",",a","0",",a","5.0",",a,11,","13.8",",,a,17,","22.8",",a,28,","1653.6","a","174.7",",a","74.3",",,,a","12.70",",a","16.91",",,,a","8.49",",,,a"
"ASN00085103","1974-11","-38.1858","146.3317","153.6","YALLOURN SEC, AS","5.2","a","5.2",",a","15",",a","6",",a","0",",a","0",",a","0",",a","0",",a","8",",a","0",",a","4.2",",a,07,","20.8",",,a,27,","30.5",",a,22,","1800.0","a","146.4",",a","73.2",",,,a","13.62",",a","18.26",",,,a","8.99",",,,a"
"ASN00085103","1974-12","-38.1858","146.3317","153.6","YALLOURN SEC, AS","13.8","a","8.6",",a","16",",a","9",",a","0",",a","0",",a","0",",a","0",",a","12",",a","0",",a","7.0",",a,08,","17.2",",,a,20,","30.5",",a,27,","1887.1","a","87.1",",a","97.0",",,,a","15.80",",a","21.23",",,,a","10.37",",,,a"
"ASN00085103","1975-01","-38.1858","146.3317","153.6","YALLOURN SEC, AS","29.4","a","15.6",",a","12",",a","7",",a","0",",a","0",",a","0",",a","0",",a","17",",a","1",",a","7.0",",a,12,","11.4",",,a,11,","33.5",",a,20,","65.7","a","65.7",",a","59.0",",,,a","16.72",",a","22.37",",,,a","11.06",",,,a"
"ASN00085103","1975-02","-38.1858","146.3317","153.6","YALLOURN SEC, AS","79.7","a","50.3",",a","7",",a","4",",a","0",",a","0",",a","0",",a","0",",a","23",",a","4",",a","7.0",",a,16,","5.2",",,a,21,","37.0",",a,07,","85.1","a","19.4",",a","21.4",",,,a","19.43",",a","25.64",",,,a","13.23",",,,a"
"ASN00085103","1975-03","-38.1858","146.3317","153.6","YALLOURN SEC, AS","88.2","a","8.5",",a","14",",a","7",",a","0",",a","0",",a","0",",a","0",",a","14",",a","0",",a","6.0",",a,26,","8.2",",,a,31,","30.2",",a,06,","156.0","a","70.9",",a","49.3",",,,a","16.32",",a","21.25",",,,a","11.38",",,,a"
"ASN00085103","1975-04","-38.1858","146.3317","153.6","YALLOURN SEC, AS","88.2","a","0.0",",a","11",",a","5",",a","0",",a","0",",a","0",",a","0",",a","3",",a","0",",a","4.2",",a,26,","16.4",",,a,01,","25.8",",a,04,","301.7","a","145.7",",a","51.4",",,,a","13.48",",a","17.79",",,,a","9.16",",,,a"
"ASN00085103","1975-05","-38.1858","146.3317","153.6","YALLOURN SEC, AS","88.2","a","0.0",",a","15",",a","9",",a","1",",a","0",",a","0",",a","0",",a","0",",a","0",",a","1.5",",a,28,","35.0",",,a,26,","21.0",",a,21,","503.2","a","201.5",",a","107.6",",,,a","11.83",",a","15.83",",,,a","7.84",",,,a"
"ASN00085103","1975-06","-38.1858","146.3317","153.6","YALLOURN SEC, AS","88.2","a","0.0",",a","12",",a","6",",a","0",",a","0",",a","0",",a","0",",a","0",",a","0",",a","1.5",",a,10,","14.0",",,a,05,","17.0",",a,03,","785.6","a","282.4",",a","64.4",",,,a","8.92",",a","12.42",",,,a","5.41",",,,a"
"ASN00085103","1975-07","-38.1858","146.3317","153.6","YALLOURN SEC, AS","0.0","a","0.0",",a","19",",a","10",",a","0",",a","0",",a","0",",a","0",",a","1",",a","0",",a","0.8",",a,02,","18.4",",,a,31,","21.8",",a,28,","1056.5","a","270.9",",a","89.2",",,,a","9.60",",a","13.51",",,,a","5.68",",,,a"
"ASN00085103","1975-08","-38.1858","146.3317","153.6","YALLOURN SEC, AS","0.0","a","0.0",",a","23",",a","13",",a","0",",a","0",",a","0",",a","0",",a","0",",a","0",",a","4.0",",a,18,+","21.0",",,a,03,","15.5",",a,09,","1348.4","a","291.9",",a","122.8",",,,a","8.92",",a","11.82",",,,a","6.01",",,,a"
"ASN00085103","1975-09","-38.1858","146.3317","153.6","YALLOURN SEC, AS","0.0","a","0.0",",a","17",",a","12",",a","0",",a","0",",a","0",",a","0",",a","1",",a","0",",a","4.0",",a,01,","23.6",",,a,14,","24.0",",a,12,","1543.9","a","195.5",",a","116.0",",,,a","11.82",",a","15.80",",,,a","7.84",",,,a"
"ASN00085103","1975-10","-38.1858","146.3317","153.6","YALLOURN SEC, AS","0.1","a","0.1",",a","20",",a","13",",a","1",",a","0",",a","0",",a","0",",a","4",",a","0",",a","1.0",",a,18,","28.2",",,a,21,","24.9",",a,29,","1708.0","a","164.1",",a","135.6",",,,a","13.04",",a","16.94",",,,a","9.15",",,,a"
"ASN00085103","1975-11","-38.1858","146.3317","153.6","YALLOURN SEC, AS","17.4","a","17.3",",a","14",",a","8",",a","0",",a","0",",a","0",",a","0",",a","11",",a","0",",a","4.4",",a,08,","12.4",",,a,06,","32.0",",a,19,","1797.6","a","89.6",",a","72.4",",,,a","15.93",",a","20.34",",,,a","11.51",",,,a"
"ASN00085103","1975-12","-38.1858","146.3317","153.6","YALLOURN SEC, AS","48.5","a","31.1",",a","13",",a","7",",a","0",",a","0",",a","0",",a","0",",a","18",",a","2",",a","10.0",",a,19,","20.2",",,a,04,","36.0",",a,11,","1842.6","a","45.0",",a","73.2",",,,a","17.89",",a","22.83",",,,a","12.94",",,,a"
"ASN00085103","1976-01","-38.1858","146.3317","153.6","YALLOURN SEC, AS","98.0","a","49.5",",a","8",",a","4",",a","0",",a","0",",a","0",",a","0",",a","21",",a","4",",a","8.5",",a,10,","5.2",",,a,25,","37.8",",a,04,","37.5","a","37.5",",a","20.7",",,,a","18.72",",a","24.49",",,,a","12.95",",,,a"
"ASN00085103","1976-02","-38.1858","146.3317","153.6","YALLOURN SEC, AS","162.0","a","64.0",",a","4",",a","2",",a","0",",a","0",",a","0",",a","0",",a","26",",a","3",",a","8.8",",a,02,","7.4",",,a,19,","35.5",",a,17,","50.5","a","13.0",",a","11.0",",,,a","20.09",",a","26.03",",,,a","14.16",",,,a"
"ASN00085103","1976-03","-38.1858","146.3317","153.6","YALLOURN SEC, AS","180.3","a","18.3",",a","12",",a","5",",a","0",",a","0",",a","0",",a","0",",a","14",",a","0",",a","8.0",",a,11,","16.4",",,a,21,","30.5",",a,16,+","100.7","a","50.2",",a","56.6",",,,a","17.30",",a","22.02",",,,a","12.59",",,,a"
"ASN00085103","1976-04","-38.1858","146.3317","153.6","YALLOURN SEC, AS","185.3","a","5.0",",a","10",",a","4",",a","0",",a","0",",a","0",",a","0",",a","10",",a","0",",a","5.5",",a,29,","7.4",",,a,29,","26.6",",a,15,","222.9","a","122.2",",a","25.6",",,,a","14.42",",a","18.95",",,,a","9.90",",,,a"
"ASN00085103","1976-05","-38.1858","146.3317","153.6","YALLOURN SEC, AS","185.3","a","0.0",",a","14",",a","3",",a","0",",a","0",",a","0",",a","0",",a","1",",a","0",",a","4.5",",a,15,+","7.0",",,a,19,","22.5",",a,03,","442.4","a","219.5",",a","29.2",",,,a","11.25",",a","15.32",",,,a","7.18",",,,a"
"ASN00085103","1976-06","-38.1858","146.3317","153.6","YALLOURN SEC, AS","185.3","a","0.0",",a","16",",a","9",",a","0",",a","0",",a","0",",a","0",",a","0",",a","0",",a","2.4",",a,22,","15.2",",,a,02,","19.2",",a,01,","714.5","a","272.1",",a","79.4",",,,a","9.26",",a","12.41",",,,a","6.12",",,,a"
"ASN00085103","1976-07","-38.1858","146.3317","153.6","YALLOURN SEC, AS","0.0","a","0.0",",a","12",",a","3",",a","0",",a","0",",a","2",",a","0",",a","0",",a","0",",a","0.0",",a,29,+","7.8",",,a,30,","18.5",",a,25,","1031.6","a","317.1",",a","25.0",",,,a","8.10",",a","12.04",",,,a","4.17",",,,a"
"ASN00085103","1976-08","-38.1858","146.3317","153.6","YALLOURN SEC, AS","0.0","a","0.0",",a","14",",a","11",",a","1",",a","0",",a","0",",a","0",",a","0",",a","0",",a","1.0",",a,26,+","26.0",",,a,07,","20.2",",a,21,","1322.2","a","290.6",",a","113.2",",,,a","8.96",",a","13.23",",,,a","4.69",",,,a"
"ASN00085103","1976-09","-38.1858","146.3317","153.6","YALLOURN SEC, AS","0.0","a","0.0",",a","16",",a","10",",a","2",",a","0",",a","0",",a","0",",a","4",",a","0",",a","3.0",",a,25,+","37.2",",,a,21,","22.8",",a,29,","1562.6","a","240.4",",a","128.8",",,,a","10.32",",a","14.41",",,,a","6.22",",,,a"
"ASN00085103","1976-10","-38.1858","146.3317","153.6","YALLOURN SEC, AS","0.4","a","0.4",",a","15",",a","6",",a","0",",a","0",",a","0",",a","0",",a","2",",a","0",",a","3.0",",a,12,","18.8",",,a,15,","24.0",",a,05,","1758.1","a","195.5",",a","84.7",",,,a","12.04",",a","15.95",",,,a","8.13",",,,a"
"ASN00085103","1976-11","-38.1858","146.3317","153.6","YALLOURN SEC, AS","7.4","a","7.0",",a","21",",a","12",",a","0",",a","0",",a","0",",a","0",",a","5",",a","0",",a","4.5",",a,07,","18.2",",,a,16,","29.0",",a,13,","1890.3","a","132.2",",a","112.4",",,,a","14.16",",a","18.36",",,,a","9.96",",,,a"
"ASN00085103","1976-12","-38.1858","146.3317","153.6","YALLOURN SEC, AS","20.8","a","13.4",",a","17",",a","9",",a","0",",a","0",",a","0",",a","0",",a","13",",a","1",",a","6.8",",a,30,","22.6",",,a,16,","35.2",",a,22,","1965.5","a","75.2",",a","86.2",",,,a","16.34",",a","21.69",",,,a","10.98",",,,a"
"ASN00085103","1977-01","-38.1858","146.3317","153.6","YALLOURN SEC, AS","62.4","a","41.6",",a","11",",a","3",",a","0",",a","0",",a","0",",a","0",",a","21",",a","4",",a","8.5",",a,04,","25.2",",,a,15,","34.0",",a,09,","32.4","a","32.4",",a","46.3",",,,a","18.63",",a","24.72",",,,a","12.54",",,,a"
"ASN00085103","1977-02","-38.1858","146.3317","153.6","YALLOURN SEC, AS","117.2","a","54.8",",a","7",",a","5",",a","0",",a","0",",a","0",",a","0",",a","18",",a","4",",a","7.5",",a,02,","20.0",",,a,25,","38.8",",a,17,","59.4","a","27.0",",a","39.6",",,,a","19.33",",a","25.20",",,,a","13.45",",,,a"
"ASN00085103","1977-03","-38.1858","146.3317","153.6","YALLOURN SEC, AS","131.9","a","14.7",",a","10",",a","5",",a","0",",a","0",",a","0",",a","0",",a","15",",a","1",",a","7.8",",a,07,","17.2",",,a,31,","33.0",",a,11,","122.5","a","63.1",",a","50.3",",,,a","16.77",",a","22.01",",,,a","11.53",",,,a"
"ASN00085103","1977-04","-38.1858","146.3317","153.6","YALLOURN SEC, AS","132.6","a","0.7",",a","9",",a","2",",a","1",",a","0",",a","0",",a","0",",a","3",",a","0",",a","5.5",",a,27,","31.4",",,a,08,","27.8",",a,05,","287.0","a","164.5",",a","49.3",",,,a","12.87",",a","16.62",",,,a","9.13",",,,a"
"ASN00085103","1977-05","-38.1858","146.3317","153.6","YALLOURN SEC, AS","132.6","a","0.0",",a","17",",a","6",",a","0",",a","0",",a","0",",a","0",",a","0",",a","0",",a","0.3",",a,31,","13.0",",,a,31,","19.5",",a,13,","515.0","a","228.0",",a","49.4",",,,a","10.98",",a","14.75",",,,a","7.20",",,,a"
"ASN00085103","1977-06","-38.1858","146.3317","153.6","YALLOURN SEC, AS","132.6","a","0.0",",a","21",",a","12",",a","1",",a","0",",a","1",",a","0",",a","0",",a","0",",a","0.0",",a,01,","36.6",",,a,01,","15.2",",a,17,","798.6","a","283.6",",a","125.6",",,,a","8.88",",a","11.74",",,,a","6.02",",,,a"
"ASN00085103","1977-07","-38.1858","146.3317","153.6","YALLOURN SEC, AS","0.0","a","0.0",",a","13",",a","10",",a","2",",a","0",",a","3",",a","0",",a","0",",a","0",",a","-1.5",",a,21,","31.8",",,a,14,","16.5",",a,22,","1149.8","a","351.2",",a","147.6",",,,a","7.00",",a","10.82",",,,a","3.19",",,,a"
"ASN00085103","1977-08","-38.1858","146.3317","153.6","YALLOURN SEC, AS","0.0","a","0.0",",a","13",",a","8",",a","0",",a","0",",a","0",",a","0",",a","4",",a","0",",a","1.5",",a,09,","8.2",",,a,07,","23.7",",a,26,","1389.3","a","239.5",",a","43.2",",,,a","10.61",",a","15.31",",,,a","5.90",",,,a"
"ASN00085103","1977-09","-38.1858","146.3317","153.6","YALLOURN SEC, AS","0.0","a","0.0",",a","10",",a","4",",a","0",",a","0",",a","0",",a","0",",a","3",",a","0",",a","0.7",",a,08,","10.2",",,a,13,","23.8",",a,26,","1638.4","a","249.1",",a","36.8",",,,a","10.03",",a","14.59",",,,a","5.47",",,,a"
"ASN00085103","1977-10","-38.1858","146.3317","153.6","YALLOURN SEC, AS","16.6","a","16.6",",a","12",",a","5",",a","0",",a","0",",a","0",",a","0",",a","8",",a","0",",a","5.4",",a,02,","8.8",",,a,03,","31.0",",a,28,+","1789.2","a","150.8",",a","36.4",",,,a","14.00",",a","19.29",",,,a","8.72",",,,a"
"ASN00085103","1977-11","-38.1858","146.3317","153.6","YALLOURN SEC, AS","29.3","a","12.7",",a","11",",a","5",",a","1",",a","0",",a","0",",a","0",",a","11",",a","1",",a","3.0",",a,06,","31.0",",,a,10,","34.0",",a,26,","1908.0","a","118.8",",a","61.8",",,,a","14.80",",a","20.21",",,,a","9.38",",,,a"
"ASN00085103","1977-12","-38.1858","146.3317","153.6","YALLOURN SEC, AS","49.4","a","20.1",",a","12",",a","4",",a","0",",a","0",",a","0",",a","0",",a","18",",a","1",",a","6.2",",a,19,","6.0",",,a,28,","33.0",",a,24,","1972.6","a","64.6",",a","24.9",",,,a","16.90",",a","22.69",",,,a","11.11",",,,a"
"ASN00085103","1978-01","-38.1858","146.3317","153.6","YALLOURN SEC, AS","94.7","a","45.3",",a","10",",a","5",",a","0",",a","0",",a","0",",a","0",",a","21",",a","4",",a","6.0",",a,28,","23.6",",,a,30,","38.5",",a,15,","42.3","a","42.3",",a","54.0",",,,a","18.43",",a","24.66",",,,a","12.20",",,,a"
"ASN00085103","1978-02","-38.1858","146.3317","153.6","YALLOURN SEC, AS","124.2","a","29.5",",a","10",",a","6",",a","0",",a","0",",a","0",",a","0",",a","19",",a","1",",a","8.2",",a,22,","12.8",",,a,12,","32.8",",a,27,","82.4","a","40.1",",a","49.2",",,,a","17.95",",a","23.50",",,,a","12.41",",,,a"
"ASN00085103","1978-03","-38.1858","146.3317","153.6","YALLOURN SEC, AS","173.1","a","48.9",",a","14",",a","8",",a","1",",a","0",",a","0",",a","0",",a","16",",a","2",",a","6.0",",a,27,","28.0",",,a,21,","37.0",",a,11,","146.9","a","64.5",",a","84.3",",,,a","17.83",",a","22.36",",,,a","13.30",",,,a"
"ASN00085103","1978-04","-38.1858","146.3317","153.6","YALLOURN SEC, AS","173.8","a","0.7",",a","12",",a","6",",a","0",",a","0",",a","0",",a","0",",a","5",",a","0",",a","4.5",",a,27,","18.0",",,a,26,","26.8",",a,06,","288.4","a","141.5",",a","62.2",",,,a","13.64",",a","17.76",",,,a","9.52",",,,a"
"ASN00085103","1978-05","-38.1858","146.3317","153.6","YALLOURN SEC, AS","173.8","a","0.0",",a","15",",a","9",",a","2",",a","0",",a","0",",a","0",",a","4",",a","0",",a","5.3",",a,12,","41.4",",,a,20,","23.8",",a,07,+","469.6","a","181.2",",a","115.4",",,,a","12.49",",a","16.34",",,,a","8.64",",,,a"
"ASN00085103","1978-06","-38.1858","146.3317","153.6","YALLOURN SEC, AS","173.8","a","0.0",",a","17",",a","7",",a","2",",a","0",",a","0",",a","0",",a","0",",a","0",",a","0.2",",a,26,","29.8",",,a,04,","16.0",",a,04,","743.9","a","274.3",",a","110.6",",,,a","9.19",",a","12.23",",,,a","6.15",",,,a"
"ASN00085103","1978-07","-38.1858","146.3317","153.6","YALLOURN SEC, AS","0.0","a","0.0",",a","22",",a","10",",a","0",",a","0",",a","0",",a","0",",a","0",",a","0",",a","1.8",",a,26,","19.2",",,a,07,","16.0",",a,21,","1054.5","a","310.6",",a","95.4",",,,a","8.31",",a","11.58",",,,a","5.05",",,,a"
"ASN00085103","1978-08","-38.1858","146.3317","153.6","YALLOURN SEC, AS","0.0","a","0.0",",a","20",",a","11",",a","0",",a","0",",a","0",",a","0",",a","0",",a","0",",a","1.5",",a,25,","18.0",",,a,12,","16.5",",a,30,","1363.5","a","309.0",",a","81.9",",,,a","8.36",",a","12.05",",,,a","4.68",",,,a"
"ASN00085103","1978-09","-38.1858","146.3317","153.6","YALLOURN SEC, AS","0.0","a","0.0",",a","16",",a","11",",a","0",",a","0",",a","0",",a","0",",a","0",",a","0",",a","1.8",",a,14,","23.8",",,a,27,","20.8",",a,11,","1580.0","a","216.5",",a","99.5",",,,a","11.12",",a","15.51",",,,a","6.72",",,,a"
"ASN00085103","1978-10","-38.1858","146.3317","153.6","YALLOURN SEC, AS","7.1","a","7.1",",a","12",",a","7",",a","0",",a","0",",a","0",",a","0",",a","12",",a","0",",a","4.2",",a,21,+","21.6",",,a,28,","28.5",",a,25,","1732.4","a","152.4",",a","84.4",",,,a","13.65",",a","18.79",",,,a","8.51",",,,a"
"ASN00085103","1978-11","-38.1858","146.3317","153.6","YALLOURN SEC, AS","21.3","a","14.2",",a","16",",a","8",",a","1",",a","0",",a","0",",a","0",",a","12",",a","1",",a","5.8",",a,10,","27.6",",,a,08,","34.5",",a,26,","1834.5","a","102.1",",a","101.1",",,,a","15.40",",a","20.13",",,,a","10.68",",,,a"
"ASN00085103","1978-12","-38.1858","146.3317","153.6","YALLOURN SEC, AS","30.7","a","9.4",",a","13",",a","11",",a","0",",a","0",",a","0",",a","0",",a","13",",a","0",",a","7.7",",a,21,","18.8",",,a,12,","29.5",",a,03,","1919.5","a","85.0",",a","101.0",",,,a","15.90",",a","20.73",",,,a","11.06",",,,a"
"ASN00085103","1979-01","-38.1858","146.3317","153.6","YALLOURN SEC, AS","105.1","a","74.4",",a","7",",a","3",",a","0",",a","0",",a","0",",a","0",",a","28",",a","7",",a","10.5",",a,18,","24.6",",,a,17,","34.2",",a,14,+","10.4","a","10.4",",a","59.4",",,,a","20.40",",a","27.08",",,,a","13.72",",,,a"
"ASN00085103","1979-02","-38.1858","146.3317","153.6","YALLOURN SEC, AS","176.4","a","71.3",",a","9",",a","4",",a","1",",a","0",",a","0",",a","0",",a","22",",a","3",",a","8.5",",a,16,","28.2",",,a,26,","39.0",",a,02,","34.9","a","24.5",",a","46.5",",,,a","20.00",",a","26.07",",,,a","13.94",",,,a"
"ASN00085103","1979-03","-38.1858","146.3317","153.6","YALLOURN SEC, AS","202.4","a","26.0",",a","13",",a","6",",a","1",",a","0",",a","0",",a","0",",a","17",",a","0",",a","8.0",",a,22,","32.2",",,a,14,","30.8",",a,11,","79.3","a","44.4",",a","72.7",",,,a","17.74",",a","23.05",",,,a","12.43",",,,a"
"ASN00085103","1979-04","-38.1858","146.3317","153.6","YALLOURN SEC, AS","202.4","a","0.0",",a","17",",a","7",",a","1",",a","0",",a","0",",a","0",",a","4",",a","0",",a","4.8",",a,28,","26.0",",,a,06,","23.7",",a,15,","238.4","a","159.1",",a","84.1",",,,a","13.03",",a","17.00",",,,a","9.06",",,,a"
"ASN00085103","1979-05","-38.1858","146.3317","153.6","YALLOURN SEC, AS","202.4","a","0.0",",a","16",",a","7",",a","0",",a","0",",a","0",",a","0",",a","0",",a","0",",a","3.2",",a,22,","17.0",",,a,11,","21.0",",a,02,","492.5","a","254.1",",a","62.2",",,,a","10.14",",a","13.67",",,,a","6.60",",,,a"
"ASN00085103","1979-06","-38.1858","146.3317","153.6","YALLOURN SEC, AS","202.4","a","0.0",",a","15",",a","5",",a","0",",a","0",",a","0",",a","0",",a","0",",a","0",",a","0.8",",a,25,","8.2",",,a,11,","16.8",",a,26,","760.2","a","267.7",",a","36.4",",,,a","9.41",",a","13.20",",,,a","5.62",",,,a"
"ASN00085103","1979-07","-38.1858","146.3317","153.6","YALLOURN SEC, AS","0.0","a","0.0",",a","14",",a","1",",a","0",",a","0",",a","2",",a","0",",a","0",",a","0",",a","-0.1",",a,15,","6.0",",,a,03,","17.2",",a,21,","1065.4","a","305.2",",a","20.3",",,,a","8.49",",a","12.63",",,,a","4.35",",,,a"
"ASN00085103","1979-08","-38.1858","146.3317","153.6","YALLOURN SEC, AS","0.0","a","0.0",",a","22",",a","10",",a","0",",a","0",",a","0",",a","0",",a","0",",a","0",",a","3.2",",a,26,","14.0",",,a,12,","17.0",",a,26,+","1347.6","a","282.2",",a","92.5",",,,a","9.23",",a","12.81",",,,a","5.65",",,,a"
"ASN00085103","1979-09","-38.1858","146.3317","153.6","YALLOURN SEC, AS","0.0","a","0.0",",a","22",",a","15",",a","0",",a","0",",a","0",",a","0",",a","3",",a","0",",a","2.5",",a,24,","11.2",",,a,13,","22.0",",a,16,","1571.3","a","223.7",",a","108.4",",,,a","10.88",",a","14.81",",,,a","6.95",",,,a"
"ASN00085103","1979-10","-38.1858","146.3317","153.6","YALLOURN SEC, AS","0.4","a","0.4",",a","18",",a","13",",a","0",",a","0",",a","0",",a","0",",a","7",",a","0",",a","3.5",",a,13,","15.4",",,a,11,","26.0",",a,22,","1732.4","a","161.1",",a","106.9",",,,a","13.15",",a","17.95",",,,a","8.35",",,,a"
"ASN00085103","1979-11","-38.1858","146.3317","153.6","YALLOURN SEC, AS","5.8","a","5.4",",a","12",",a","4",",a","0",",a","0",",a","0",",a","0",",a","10",",a","0",",a","4.5",",a,02,","10.4",",,a,12,","30.4",",a,04,","1830.8","a","98.4",",a","32.3",",,,a","15.23",",a","20.22",",,,a","10.24",",,,a"
"ASN00085103","1979-12","-38.1858","146.3317","153.6","YALLOURN SEC, AS","46.9","a","41.1",",a","13",",a","4",",a","0",",a","0",",a","0",",a","0",",a","19",",a","6",",a","4.8",",a,12,","7.0",",,a,17,","38.2",",a,30,","1895.0","a","64.2",",a","32.6",",,,a","17.59",",a","24.23",",,,a","10.95",",,,a"
"ASN00085103","1980-01","-38.1858","146.3317","153.6","YALLOURN SEC, AS","58.5","a","11.6",",a","17",",a","6",",a","0",",a","0",",a","0",",a","0",",a","16",",a","0",",a","7.5",",a,27,","22.4",",,a,10,","30.2",",a,31,","52.8","a","52.8",",a","63.6",",,,a","17.00",",a","22.17",",,,a","11.83",",,,a"
"ASN00085103","1980-02","-38.1858","146.3317","153.6","YALLOURN SEC, AS","108.5","a","50.0",",a","4",",a","1",",a","0",",a","0",",a","0",",a","0",",a","21",",a","4",",a","4.2",",a,10,","6.4",",,a,09,","37.0",",a,14,","98.4","a","45.6",",a","10.4",",,,a","18.48",",a","25.30",",,,a","11.66",",,,a"
"ASN00085103","1980-03","-38.1858","146.3317","153.6","YALLOURN SEC, AS","118.5","a","10.0",",a","11",",a","4",",a","0",",a","0",",a","0",",a","0",",a","17",",a","1",",a","6.2",",a,23,","24.8",",,a,08,","32.7",",a,18,","177.3","a","78.9",",a","48.3",",,,a","16.11",",a","21.52",",,,a","10.70",",,,a"
"ASN00085103","1980-04","-38.1858","146.3317","153.6","YALLOURN SEC, AS","125.9","a","7.4",",a","11",",a","4",",a","0",",a","0",",a","0",",a","0",",a","13",",a","0",",a","4.8",",a,02,","24.2",",,a,24,","30.0",",a,13,","269.1","a","91.8",",a","45.4",",,,a","15.52",",a","20.88",",,,a","10.16",",,,a"
"ASN00085103","1980-05","-38.1858","146.3317","153.6","YALLOURN SEC, AS","125.9","a","0.0",",a","14",",a","7",",a","0",",a","0",",a","0",",a","0",",a","4",",a","0",",a","4.0",",a,01,","17.0",",,a,20,","22.2",",a,08,","457.4","a","188.3",",a","69.7",",,,a","12.26",",a","16.32",",,,a","8.20",",,,a"
"ASN00085103","1980-06","-38.1858","146.3317","153.6","YALLOURN SEC, AS","125.9","a","0.0",",a","16",",a","6",",a","1",",a","0",",a","0",",a","0",",a","0",",a","0",",a","1.2",",a,03,","44.6",",,a,29,","16.2",",a,24,","740.3","a","282.9",",a","84.6",",,,a","8.90",",a","12.49",",,,a","5.31",",,,a"
"ASN00085103","1980-07","-38.1858","146.3317","153.6","YALLOURN SEC, AS","0.0","a","0.0",",a","18",",a","11",",a","1",",a","0",",a","0",",a","0",",a","0",",a","0",",a","1.0",",a,20,","27.0",",,a,05,","16.5",",a,14,","1040.7","a","300.4",",a","92.8",",,,a","8.64",",a","12.00",",,,a","5.29",",,,a"
"ASN00085103","1980-08","-38.1858","146.3317","153.6","YALLOURN SEC, AS","0.0","a","0.0",",a","15",",a","10",",a","0",",a","0",",a","0",",a","0",",a","1",",a","0",",a","2.2",",a,27,","21.2",",,a,15,","23.0",",a,30,","1287.4","a","246.7",",a","70.6",",,,a","10.38",",a","14.70",",,,a","6.05",",,,a"
"ASN00085103","1980-09","-38.1858","146.3317","153.6","YALLOURN SEC, AS","4.6","a","4.6",",a","14",",a","11",",a","0",",a","0",",a","0",",a","0",",a","5",",a","0",",a","1.0",",a,13,","16.8",",,a,09,","29.5",",a,30,","1468.2","a","180.8",",a","90.2",",,,a","12.46",",a","16.79",",,,a","8.13",",,,a"
"ASN00085103","1980-10","-38.1858","146.3317","153.6","YALLOURN SEC, AS","","","","","15",",a","9",",a","0",",a","","","","","0",",a","8",",a","0",",a","","","17.4",",,a,31,","28.0",",a,27,+","","","","","75.3",",,,a","","","18.99",",,,a","",""
"ASN00085103","1980-11","-38.1858","146.3317","153.6","YALLOURN SEC, AS","","","25.4",",a","11",",a","7",",a","1",",a","0",",a","0",",a","0",",a","12",",a","3",",a","2.0",",a,04,","25.6",",,a,19,","34.5",",a,13,","","","110.8",",a","85.8",",,,a","15.49",",a","21.36",",,,a","9.62",",,,a"
"ASN00085103","1980-12","-38.1858","146.3317","153.6","YALLOURN SEC, AS","","","45.9",",a","10",",a","7",",a","1",",a","0",",a","0",",a","0",",a","18",",a","5",",a","7.2",",a,16,+","48.2",",,a,29,","37.0",",a,22,+","","","66.5",",a","111.0",",,,a","17.67",",a","23.67",",,,a","11.67",",,,a"
"ASN00085103","1981-01","-38.1858","146.3317","153.6","YALLOURN SEC, AS","","","96.5",",a","7",",a","4",",a","1",",a","0",",a","0",",a","0",",a","24",",a","8",",a","8.0",",a,22,","36.2",",,a,29,","40.2",",a,26,","18.1","a","18.1",",a","68.6",",,,a","20.86",",a","27.53",",,,a","14.20",",,,a"
"ASN00085103","1981-02","-38.1858","146.3317","153.6","YALLOURN SEC, AS","","","74.7",",a","3",",a","3",",a","0",",a","0",",a","0",",a","0",",a","21",",a","4",",a","9.8",",a,11,","9.2",",,a,06,","36.0",",a,15,","30.8","a","12.7",",a","17.7",",,,a","20.54",",a","26.19",",,,a","14.90",",,,a"
"ASN00085103","1981-03","-38.1858","146.3317","153.6","YALLOURN SEC, AS","","","14.5",",a","14",",a","9",",a","0",",a","0",",a","0",",a","0",",a","12",",a","0",",a","7.8",",a,21,","22.2",",,a,10,","31.5",",a,19,+","103.3","a","72.5",",a","94.0",",,,a","16.46",",a","21.22",",,,a","11.71",",,,a"
"ASN00085103","1981-04","-38.1858","146.3317","153.6","YALLOURN SEC, AS","","","5.7",",a","12",",a","3",",a","0",",a","0",",a","0",",a","0",",a","11",",a","0",",a","5.5",",a,26,","7.0",",,a,14,","27.2",",a,03,","215.0","a","111.7",",a","25.2",",,,a","14.80",",a","19.75",",,,a","9.85",",,,a"
"ASN00085103","1981-05","-38.1858","146.3317","153.6","YALLOURN SEC, AS","","","0.0",",a","19",",a","9",",a","1",",a","0",",a","0",",a","0",",a","1",",a","0",",a","1.5",",a,20,+","31.8",",,a,26,","22.5",",a,02,","442.1","a","227.1",",a","98.0",",,,a","11.01",",a","15.02",",,,a","7.00",",,,a"
"ASN00085103","1981-06","-38.1858","146.3317","153.6","YALLOURN SEC, AS","","","0.0",",a","20",",a","11",",a","0",",a","0",",a","0",",a","0",",a","0",",a","0",",a","0.8",",a,24,","12.2",",,a,11,","17.7",",a,30,","732.3","a","290.2",",a","83.1",",,,a","8.66",",a","12.37",",,,a","4.95",",,,a"
"ASN00085103","1981-07","-38.1858","146.3317","153.6","YALLOURN SEC, AS","0.0","a","0.0",",a","20",",a","9",",a","0",",a","0",",a","0",",a","0",",a","0",",a","0",",a","0.6",",a,11,","20.0",",,a,08,","15.5",",a,16,","1042.8","a","310.5",",a","88.9",",,,a","8.32",",a","11.50",",,,a","5.14",",,,a"
"ASN00085103","1981-08","-38.1858","146.3317","153.6","YALLOURN SEC, AS","0.0","a","0.0",",a","23",",a","17",",a","0",",a","0",",a","0",",a","0",",a","0",",a","0",",a","0.5",",a,08,","19.4",",,a,15,","17.8",",a,20,","1329.7","a","286.9",",a","130.6",",,,a","9.08",",a","12.68",",,,a","5.47",",,,a"
"ASN00085103","1981-09","-38.1858","146.3317","153.6","YALLOURN SEC, AS","0.0","a","0.0",",a","10",",a","3",",a","0",",a","0",",a","0",",a","0",",a","6",",a","0",",a","3.5",",a,06,","14.2",",,a,27,","25.5",",a,17,","1515.5","a","185.8",",a","36.6",",,,a","12.14",",a","16.63",",,,a","7.65",",,,a"
"ASN00085103","1981-10","-38.1858","146.3317","153.6","YALLOURN SEC, AS","1.0","a","1.0",",a","10",",a","6",",a","0",",a","0",",a","0",",a","0",",a","6",",a","0",",a","4.5",",a,24,+","22.8",",,a,03,","28.2",",a,27,","1666.2","a","150.7",",a","62.5",",,,a","13.50",",a","18.69",",,,a","8.32",",,,a"
"ASN00085103","1981-11","-38.1858","146.3317","153.6","YALLOURN SEC, AS","5.1","a","4.1",",a","17",",a","6",",a","0",",a","0",",a","0",",a","0",",a","9",",a","0",",a","4.0",",a,07,","10.2",",,a,05,","29.2",",a,28,","1784.6","a","118.4",",a","50.7",",,,a","14.52",",a","19.10",",,,a","9.94",",,,a"
"ASN00085103","1981-12","-38.1858","146.3317","153.6","YALLOURN SEC, AS","19.5","a","14.4",",a","11",",a","3",",a","0",",a","0",",a","0",",a","0",",a","18",",a","2",",a","7.2",",a,04,","10.6",",,a,13,","33.2",",a,31,","1848.1","a","63.5",",a","34.2",",,,a","16.75",",a","22.43",",,,a","11.07",",,,a"
"ASN00085103","1982-01","-38.1858","146.3317","153.6","YALLOURN SEC, AS","103.5","a","84.0",",a","9",",a","3",",a","2",",a","0",",a","0",",a","0",",a","25",",a","8",",a","9.2",",a,14,","33.0",",,a,25,","43.0",",a,24,","23.6","a","23.6",",a","69.0",",,,a","20.28",",a","26.61",",,,a","13.96",",,,a"
"ASN00085103","1982-02","-38.1858","146.3317","153.6","YALLOURN SEC, AS","160.1","a","56.6",",a","4",",a","1",",a","0",",a","0",",a","0",",a","0",",a","23",",a","6",",a","5.0",",a,27,","8.0",",,a,21,","37.5",",a,08,","51.1","a","27.5",",a","9.8",",,,a","19.38",",a","25.97",",,,a","12.78",",,,a"
"ASN00085103","1982-03","-38.1858","146.3317","153.6","YALLOURN SEC, AS","208.0","a","47.9",",a","9",",a","6",",a","1",",a","0",",a","0",",a","0",",a","21",",a","1",",a","6.8",",a,10,","26.6",",,a,29,","32.5",",a,05,","98.4","a","47.3",",a","86.4",",,,a","18.35",",a","24.05",",,,a","12.66",",,,a"
"ASN00085103","1982-04","-38.1858","146.3317","153.6","YALLOURN SEC, AS","211.1","a","3.1",",a","5",",a","5",",a","0",",a","0",",a","0",",a","0",",a","10",",a","0",",a","5.3",",a,27,","22.2",",,a,16,","27.0",",a,14,","219.4","a","121.0",",a","49.3",",,,a","14.40",",a","19.00",",,,a","9.80",",,,a"
"ASN00085103","1982-05","-38.1858","146.3317","153.6","YALLOURN SEC, AS","211.1","a","0.0",",a","16",",a","13",",a","0",",a","0",",a","0",",a","0",",a","1",",a","0",",a","4.2",",a,16,+","19.6",",,a,31,","22.0",",a,18,","439.3","a","219.9",",a","84.6",",,,a","11.24",",a","14.74",",,,a","7.74",",,,a"
"ASN00085103","1982-06","-38.1858","146.3317","153.6","YALLOURN SEC, AS","211.1","a","0.0",",a","11",",a","7",",a","0",",a","0",",a","0",",a","0",",a","0",",a","0",",a","0.2",",a,05,+","16.2",",,a,22,","13.5",",a,19,","768.7","a","329.4",",a","46.0",",,,a","7.35",",a","11.18",",,,a","3.53",",,,a"
"ASN00085103","1982-07","-38.1858","146.3317","153.6","YALLOURN SEC, AS","0.0","a","0.0",",a","12",",a","4",",a","0",",a","0",",a","7",",a","0",",a","0",",a","0",",a","-1.0",",a,23,+","13.0",",,a,30,","14.5",",a,28,","1133.3","a","364.6",",a","39.9",",,,a","6.57",",a","10.78",",,,a","2.36",",,,a"
"ASN00085103","1982-08","-38.1858","146.3317","153.6","YALLOURN SEC, AS","0.0","a","0.0",",a","12",",a","4",",a","0",",a","0",",a","0",",a","0",",a","1",",a","0",",a","1.8",",a,05,","4.2",",,a,11,","23.5",",a,29,","1370.7","a","237.4",",a","20.2",",,,a","10.68",",a","15.74",",,,a","5.61",",,,a"
"ASN00085103","1982-09","-38.1858","146.3317","153.6","YALLOURN SEC, AS","0.0","a","0.0",",a","16",",a","10",",a","0",",a","0",",a","0",",a","0",",a","2",",a","0",",a","2.5",",a,30,","18.0",",,a,18,","22.0",",a,16,","1614.5","a","243.8",",a","103.3",",,,a","10.21",",a","14.77",",,,a","5.64",",,,a"
"ASN00085103","1982-10","-38.1858","146.3317","153.6","YALLOURN SEC, AS","1.5","a","1.5",",a","12",",a","5",",a","0",",a","0",",a","0",",a","0",",a","5",",a","0",",a","3.0",",a,05,","21.0",",,a,21,","30.2",",a,26,","1799.0","a","184.5",",a","56.6",",,,a","12.43",",a","17.35",",,,a","7.51",",,,a"
"ASN00085103","1982-11","-38.1858","146.3317","153.6","YALLOURN SEC, AS","31.2","a","29.7",",a","6",",a","2",",a","0",",a","0",",a","0",",a","0",",a","17",",a","3",",a","5.2",",a,11,","21.2",",,a,16,","35.2",",a,24,","1872.3","a","73.3",",a","34.1",",,,a","16.88",",a","23.63",",,,a","10.13",",,,a"
"ASN00085103","1982-12","-38.1858","146.3317","153.6","YALLOURN SEC, AS","66.0","a","34.8",",a","9",",a","4",",a","0",",a","0",",a","0",",a","0",",a","20",",a","2",",a","5.5",",a,02,","6.8",",,a,09,","35.5",",a,23,","1933.6","a","61.3",",a","25.6",",,,a","17.48",",a","23.62",",,,a","11.34",",,,a"
"ASN00085103","1983-01","-38.1858","146.3317","153.6","YALLOURN SEC, AS","99.0","a","33.0",",a","10",",a","6",",a","0",",a","0",",a","0",",a","0",",a","20",",a","2",",a","7.2",",a,12,","11.8",",,a,02,","38.0",",a,31,","57.3","a","57.3",",a","41.8",",,,a","17.55",",a","24.11",",,,a","10.98",",,,a"
"ASN00085103","1983-02","-38.1858","146.3317","153.6","YALLOURN SEC, AS","207.2","a","108.2",",a","3",",a","1",",a","1",",a","0",",a","0",",a","0",",a","28",",a","8",",a","10.0",",a,18,+","37.4",",,a,23,","41.2",",a,08,","58.8","a","1.5",",a","38.2",",,,a","22.14",",a","29.88",",,,a","14.41",",,,a"
"ASN00085103","1983-03","-38.1858","146.3317","153.6","YALLOURN SEC, AS","264.0","a","56.8",",a","12",",a","5",",a","1",",a","0",",a","0",",a","0",",a","20",",a","2",",a","8.5",",a,25,","74.0",",,a,22,","36.0",",a,04,","103.8","a","45.0",",a","98.8",",,,a","18.71",",a","23.47",",,,a","13.95",",,,a"
"ASN00085103","1983-04","-38.1858","146.3317","153.6","YALLOURN SEC, AS","264.0","a","0.0",",a","17",",a","9",",a","0",",a","0",",a","0",",a","0",",a","3",",a","0",",a","4.8",",a,03,","20.0",",,a,25,","23.5",",a,22,","280.0","a","176.2",",a","63.1",",,,a","12.46",",a","16.52",",,,a","8.39",",,,a"
"ASN00085103","1983-05","-38.1858","146.3317","153.6","YALLOURN SEC, AS","264.0","a","0.0",",a","20",",a","10",",a","2",",a","0",",a","0",",a","0",",a","0",",a","0",",a","2.8",",a,18,","43.4",",,a,03,","18.2",",a,07,","502.2","a","222.2",",a","148.1",",,,a","11.16",",a","14.42",",,,a","7.91",",,,a"
"ASN00085103","1983-06","-38.1858","146.3317","153.6","YALLOURN SEC, AS","264.0","a","0.0",",a","19",",a","9",",a","0",",a","0",",a","0",",a","0",",a","0",",a","0",",a","1.6",",a,26,","24.8",",,a,26,","15.8",",a,21,+","798.5","a","296.3",",a","97.2",",,,a","8.46",",a","11.53",",,,a","5.38",",,,a"
"ASN00085103","1983-07","-38.1858","146.3317","153.6","YALLOURN SEC, AS","0.0","a","0.0",",a","18",",a","7",",a","1",",a","0",",a","3",",a","0",",a","0",",a","0",",a","-1.8",",a,25,","48.2",",,a,07,","17.0",",a,26,","1133.9","a","335.4",",a","83.7",",,,a","7.51",",a","11.41",",,,a","3.62",",,,a"
"ASN00085103","1983-08","-38.1858","146.3317","153.6","YALLOURN SEC, AS","0.0","a","0.0",",a","17",",a","5",",a","0",",a","0",",a","0",",a","0",",a","0",",a","0",",a","1.0",",a,19,","10.2",",,a,17,","19.2",",a,16,","1398.9","a","265.0",",a","45.5",",,,a","9.78",",a","13.60",",,,a","5.96",",,,a"
"ASN00085103","1983-09","-38.1858","146.3317","153.6","YALLOURN SEC, AS","0.0","a","0.0",",a","20",",a","14",",a","1",",a","0",",a","0",",a","0",",a","0",",a","0",",a","1.5",",a,15,","27.6",",,a,14,","19.1",",a,22,","1628.6","a","229.7",",a","138.4",",,,a","10.68",",a","14.62",",,,a","6.73",",,,a"
"ASN00085103","1983-10","-38.1858","146.3317","153.6","YALLOURN SEC, AS","0.0","a","0.0",",a","17",",a","9",",a","1",",a","0",",a","0",",a","0",",a","3",",a","0",",a","4.2",",a,07,","26.0",",,a,16,","23.5",",a,27,","1815.2","a","186.6",",a","98.9",",,,a","12.31",",a","16.28",",,,a","8.35",",,,a"
"ASN00085103","1983-11","-38.1858","146.3317","153.6","YALLOURN SEC, AS","4.3","a","4.3",",a","17",",a","12",",a","0",",a","0",",a","0",",a","0",",a","11",",a","0",",a","4.0",",a,17,","20.8",",,a,04,","26.5",",a,29,","1931.7","a","116.5",",a","102.8",",,,a","14.59",",a","19.49",",,,a","9.69",",,,a"
"ASN00085103","1983-12","-38.1858","146.3317","153.6","YALLOURN SEC, AS","29.0","a","24.7",",a","7",",a","3",",a","0",",a","0",",a","0",",a","0",",a","18",",a","1",",a","8.2",",a,01,","15.4",",,a,01,","34.8",",a,20,","1985.8","a","54.1",",a","26.3",",,,a","17.39",",a","22.76",",,,a","12.01",",,,a"
"ASN00085103","1984-01","-38.1858","146.3317","153.6","YALLOURN SEC, AS","44.5","a","15.5",",a","15",",a","6",",a","0",",a","0",",a","0",",a","0",",a","17",",a","0",",a","6.7",",a,23,","13.2",",,a,16,","29.5",",a,06,","45.6","a","45.6",",a","57.0",",,,a","17.36",",a","22.53",",,,a","12.19",",,,a"
"ASN00085103","1984-02","-38.1858","146.3317","153.6","YALLOURN SEC, AS","84.4","a","39.9",",a","9",",a","3",",a","0",",a","0",",a","0",",a","0",",a","21",",a","2",",a","8.4",",a,02,","8.8",",,a,28,","33.7",",a,27,","74.7","a","29.1",",a","22.7",",,,a","18.70",",a","25.06",",,,a","12.35",",,,a"
"ASN00085103","1984-03","-38.1858","146.3317","153.6","YALLOURN SEC, AS","88.1","a","3.7",",a","11",",a","7",",a","0",",a","0",",a","0",",a","0",",a","14",",a","0",",a","6.3",",a,03,","12.4",",,a,27,","29.0",",a,06,","162.9","a","88.2",",a","56.5",",,,a","15.61",",a","20.64",",,,a","10.57",",,,a"
"ASN00085103","1984-04","-38.1858","146.3317","153.6","YALLOURN SEC, AS","88.1","a","0.0",",a","13",",a","7",",a","1",",a","0",",a","0",",a","0",",a","5",",a","0",",a","6.0",",a,05,","59.8",",,a,21,","23.0",",a,14,+","303.7","a","140.8",",a","100.7",",,,a","13.64",",a","18.10",",,,a","9.18",",,,a"
"ASN00085103","1984-05","-38.1858","146.3317","153.6","YALLOURN SEC, AS","88.1","a","0.0",",a","14",",a","2",",a","0",",a","0",",a","0",",a","0",",a","1",",a","0",",a","2.2",",a,07,","8.2",",,a,24,","22.5",",a,02,","541.5","a","237.8",",a","21.6",",,,a","10.66",",a","15.54",",,,a","5.79",",,,a"
"ASN00085103","1984-06","-38.1858","146.3317","153.6","YALLOURN SEC, AS","88.1","a","0.0",",a","17",",a","5",",a","0",",a","0",",a","0",",a","0",",a","0",",a","0",",a","2.0",",a,22,+","13.4",",,a,19,","19.5",",a,07,","799.4","a","257.9",",a","47.9",",,,a","9.74",",a","13.35",",,,a","6.12",",,,a"
"ASN00085103","1984-07","-38.1858","146.3317","153.6","YALLOURN SEC, AS","0.0","a","0.0",",a","19",",a","6",",a","0",",a","0",",a","0",",a","0",",a","0",",a","0",",a","0.5",",a,14,","12.2",",,a,24,","16.2",",a,08,","1128.7","a","329.3",",a","62.4",",,,a","7.71",",a","11.11",",,,a","4.31",",,,a"
"ASN00085103","1984-08","-38.1858","146.3317","153.6","YALLOURN SEC, AS","0.0","a","0.0",",a","20",",a","12",",a","1",",a","0",",a","0",",a","0",",a","0",",a","0",",a","2.0",",a,04,","28.0",",,a,12,","19.2",",a,24,","1396.1","a","267.4",",a","97.6",",,,a","9.71",",a","13.45",",,,a","5.97",",,,a"
"ASN00085103","1984-09","-38.1858","146.3317","153.6","YALLOURN SEC, AS","0.0","a","0.0",",a","18",",a","12",",a","0",",a","0",",a","0",",a","0",",a","1",",a","0",",a","1.2",",a,30,","16.8",",,a,19,","21.5",",a,10,","1641.4","a","245.3",",a","100.0",",,,a","10.16",",a","13.96",",,,a","6.35",",,,a"
"ASN00085103","1984-10","-38.1858","146.3317","153.6","YALLOURN SEC, AS","0.8","a","0.8",",a","12",",a","5",",a","0",",a","0",",a","0",",a","0",",a","8",",a","0",",a","2.5",",a,17,+","16.4",",,a,16,","26.5",",a,08,","1806.8","a","165.4",",a","44.0",",,,a","13.02",",a","18.06",",,,a","7.98",",,,a"
"ASN00085103","1984-11","-38.1858","146.3317","153.6","YALLOURN SEC, AS","12.8","a","12.0",",a","12",",a","6",",a","0",",a","0",",a","0",",a","0",",a","11",",a","0",",a","4.0",",a,16,","23.8",",,a,13,","30.1",",a,26,","1904.9","a","98.1",",a","66.0",",,,a","15.46",",a","20.58",",,,a","10.35",",,,a"
"ASN00085103","1984-12","-38.1858","146.3317","153.6","YALLOURN SEC, AS","16.1","a","3.3",",a","16",",a","9",",a","0",",a","0",",a","0",",a","0",",a","8",",a","0",",a","7.3",",a,04,","19.6",",,a,15,","27.2",",a,23,","2005.7","a","100.8",",a","88.4",",,,a","15.19",",a","19.83",",,,a","10.55",",,,a"
"ASN00085103","1985-01","-38.1858","146.3317","153.6","YALLOURN SEC, AS","44.3","a","28.2",",a","9",",a","4",",a","0",",a","0",",a","0",",a","0",",a","15",",a","3",",a","6.3",",a,19,","10.2",",,a,31,","39.2",",a,14,","54.1","a","54.1",",a","28.2",",,,a","17.50",",a","23.53",",,,a","11.46",",,,a"
"ASN00085103","1985-02","-38.1858","146.3317","153.6","YALLOURN SEC, AS","81.8","a","37.5",",a","7",",a","1",",a","0",",a","0",",a","0",",a","0",",a","22",",a","4",",a","5.5",",a,27,","19.4",",,a,06,","35.0",",a,03,","90.9","a","36.8",",a","24.4",",,,a","18.36",",a","25.05",",,,a","11.67",",,,a"
"ASN00085103","1985-03","-38.1858","146.3317","153.6","YALLOURN SEC, AS","135.5","a","53.7",",a","14",",a","7",",a","0",",a","0",",a","0",",a","0",",a","20",",a","3",",a","8.2",",a,05,","20.6",",,a,05,","32.8",",a,15,","132.2","a","41.3",",a","75.6",",,,a","18.73",",a","23.90",",,,a","13.56",",,,a"
"ASN00085103","1985-04","-38.1858","146.3317","153.6","YALLOURN SEC, AS","139.2","a","3.7",",a","16",",a","9",",a","0",",a","0",",a","0",",a","0",",a","8",",a","0",",a","6.0",",a,21,","21.0",",,a,18,","26.5",",a,12,","232.3","a","100.1",",a","107.7",",,,a","15.12",",a","19.06",",,,a","11.18",",,,a"
"ASN00085103","1985-05","-38.1858","146.3317","153.6","YALLOURN SEC, AS","139.2","a","0.0",",a","14",",a","5",",a","0",",a","0",",a","0",",a","0",",a","2",",a","0",",a","2.5",",a,20,","17.4",",,a,29,","22.4",",a,05,","449.2","a","216.9",",a","61.3",",,,a","11.34",",a","15.17",",,,a","7.50",",,,a"
"ASN00085103","1985-06","-38.1858","146.3317","153.6","YALLOURN SEC, AS","139.2","a","0.0",",a","19",",a","6",",a","0",",a","0",",a","0",",a","0",",a","0",",a","0",",a","1.2",",a,15,","17.8",",,a,05,","16.6",",a,30,","745.6","a","296.4",",a","68.8",",,,a","8.45",",a","12.22",",,,a","4.69",",,,a"
"ASN00085103","1985-07","-38.1858","146.3317","153.6","YALLOURN SEC, AS","0.0","a","0.0",",a","17",",a","13",",a","1",",a","0",",a","1",",a","0",",a","0",",a","0",",a","0.0",",a,27,","30.8",",,a,17,","20.7",",a,28,","1063.5","a","317.9",",a","98.9",",,,a","8.08",",a","12.04",",,,a","4.12",",,,a"
"ASN00085103","1985-08","-38.1858","146.3317","153.6","YALLOURN SEC, AS","0.0","a","0.0",",a","18",",a","8",",a","0",",a","0",",a","0",",a","0",",a","0",",a","0",",a","0.7",",a,21,","17.0",",,a,07,","19.5",",a,25,","1349.7","a","286.2",",a","74.6",",,,a","9.10",",a","13.00",",,,a","5.20",",,,a"
"ASN00085103","1985-09","-38.1858","146.3317","153.6","YALLOURN SEC, AS","0.0","a","0.0",",a","14",",a","8",",a","0",",a","0",",a","0",",a","0",",a","1",",a","0",",a","3.0",",a,23,","9.0",",,a,27,","25.0",",a,24,","1575.4","a","225.7",",a","57.5",",,,a","10.81",",a","15.26",",,,a","6.36",",,,a"
"ASN00085103","1985-10","-38.1858","146.3317","153.6","YALLOURN SEC, AS","0.0","a","0.0",",a","15",",a","5",",a","0",",a","0",",a","0",",a","0",",a","6",",a","0",",a","3.8",",a,13,","16.0",",,a,24,","25.8",",a,29,","1731.7","a","156.3",",a","54.0",",,,a","13.29",",a","18.33",",,,a","8.25",",,,a"
"ASN00085103","1985-11","-38.1858","146.3317","153.6","YALLOURN SEC, AS","4.8","a","4.8",",a","12",",a","10",",a","0",",a","0",",a","0",",a","0",",a","8",",a","0",",a","5.2",",a,01,","20.6",",,a,15,","28.4",",a,13,","1832.2","a","100.5",",a","86.7",",,,a","15.14",",a","19.84",",,,a","10.45",",,,a"
"ASN00085103","1985-12","-38.1858","146.3317","153.6","YALLOURN SEC, AS","17.2","a","12.4",",a","21",",a","16",",a","2",",a","0",",a","0",",a","0",",a","14",",a","0",",a","9.6",",a,29,","32.2",",,a,04,","28.4",",a,30,","1888.6","a","56.4",",a","160.3",",,,a","16.91",",a","21.41",",,,a","12.42",",,,a"
"ASN00085103","1986-01","-38.1858","146.3317","153.6","YALLOURN SEC, AS","23.5","","6.3",",a","8",",a","4",",a","1",",a","0",",a","0",",a","0",",a","18",",a","1",",a","6.5",",a,03,","33.4",",,a,16,","32.9",",a,29,","66.7","","66.7",",a","63.7",",,,a","16.38",",a","21.41",",,,a","11.35",",,,a"
"ASN00085103","1986-02","-38.1858","146.3317","153.6","YALLOURN SEC, AS","","","","","6",",a","3",",a","1",",a","","","","","0",",a","16",",a","2",",a","","","32.4",",,a,18,","36.3",",a,08,","","","","","59.4",",,,a","","","23.58",",,,a","",""
"ASN00085103","1986-03","-38.1858","146.3317","153.6","YALLOURN SEC, AS","","","39.0",",a","5",",a","1",",a","0",",a","0",",a","0",",a","0",",a","22",",a","3",",a","7.7",",a,28,","5.0",",,a,10,","37.0",",a,07,","","","43.8",",a","9.6",",,,a","18.18",",a","24.42",",,,a","11.94",",,,a"
"ASN00085103","1986-04","-38.1858","146.3317","153.6","YALLOURN SEC, AS","","","6.8",",a","11",",a","10",",a","0",",a","0",",a","0",",a","0",",a","7",",a","0",",a","4.0",",a,30,+","24.2",",,a,18,","32.0",",a,04,","","","139.0",",a","77.2",",,,a","13.93",",a","18.80",",,,a","9.05",",,,a"
"ASN00085103","1986-05","-38.1858","146.3317","153.6","YALLOURN SEC, AS","","","0.0",",a","17",",a","7",",a","0",",a","0",",a","0",",a","0",",a","0",",a","0",",a","2.5",",a,27,","20.0",",,a,19,","20.6",",a,09,","","","215.7",",a","97.3",",,,a","11.38",",a","15.00",",,,a","7.75",",,,a"
"ASN00085103","1986-06","-38.1858","146.3317","153.6","YALLOURN SEC, AS","","","0.0",",a","18",",a","10",",a","0",",a","0",",a","1",",a","0",",a","0",",a","0",",a","0.0",",a,30,","18.8",",,a,20,","15.5",",a,17,","","","290.7",",a","91.2",",,,a","8.64",",a","11.45",",,,a","5.84",",,,a"
"ASN00085103","1986-07","-38.1858","146.3317","153.6","YALLOURN SEC, AS","0.0","","0.0",",a","22",",a","14",",a","0",",a","0",",a","0",",a","0",",a","0",",a","0",",a","0.2",",a,14,","15.2",",,a,25,","16.6",",a,03,","","","320.0",",a","120.8",",,,a","8.01",",a","11.33",",,,a","4.70",",,,a"
"ASN00085103","1986-08","-38.1858","146.3317","153.6","YALLOURN SEC, AS","0.0","","0.0",",a","16",",a","8",",a","0",",a","0",",a","0",",a","0",",a","0",",a","0",",a","2.0",",a,13,+","13.4",",,a,25,","20.5",",a,22,","","","274.5",",a","52.7",",,,a","9.48",",a","13.42",",,,a","5.54",",,,a"
"ASN00085103","1986-09","-38.1858","146.3317","153.6","YALLOURN SEC, AS","0.0","","0.0","1,a","15",",a","8",",a","0",",a","0",",a","0",",a","0","1,a","1","1,a","0","1,a","2.3",",a,20,","12.8",",,a,19,","21.8","1,a,04,","","","215.0","1,a","65.7",",,,a","10.94","1,a","15.03","1,,,a","6.84",",,,a"
"ASN00085103","1986-10","-38.1858","146.3317","153.6","YALLOURN SEC, AS","","","","","20",",a","13",",a","0",",a","","","","","","","","","","","","","18.0",",,a,23,","","","","","","","118.0",",,,a","","","","","",""
"ASN00085103","1986-11","-38.1858","146.3317","153.6","YALLOURN SEC, AS","","","","","11",",a","5",",a","0",",a","","","","","","","","","","","","","6.0",",,a,01,","","","","","","","28.3",",,,a","","","","","",""
"ASN00085103","1986-12","-38.1858","146.3317","153.6","YALLOURN SEC, AS","","","","","14",",a","5",",a","2",",a","","","","","","","","","","","","","39.6",",,a,17,","","","","","","","117.9",",,,a","","","","","",""
"ASN00085103","1987-01","-38.1858","146.3317","153.6","YALLOURN SEC, AS","","","","","9",",a","3",",a","0",",a","","","","","","","","","","","","","14.2",",,a,04,","","","","","","","36.3",",,,a","","","","","",""
"ASN00085103","1987-02","-38.1858","146.3317","153.6","YALLOURN SEC, AS","","","","","9",",a","5",",a","0",",a","","","","","","","","","","","","","22.0",",,a,21,","","","","","","","47.2",",,,a","","","","","",""
"ASN00085103","1987-03","-38.1858","146.3317","153.6","YALLOURN SEC, AS","","","","","13",",a","7",",a","0",",a","","","","","","","","","","","","","17.0",",,a,30,","","","","","","","88.8",",,,a","","","","","",""
"ASN00085103","1987-04","-38.1858","146.3317","153.6","YALLOURN SEC, AS","","","","","8",",a","4",",a","0",",a","","","","","","","","","","","","","16.0",",,a,20,","","","","","","","46.8",",,,a","","","","","",""
"ASN00085103","1987-05","-38.1858","146.3317","153.6","YALLOURN SEC, AS","","","","","13",",a","6",",a","0",",a","","","","","","","","","","","","","13.4",",,a,27,","","","","","","","46.9",",,,a","","","","","",""
"ASN00085103","1987-06","-38.1858","146.3317","153.6","YALLOURN SEC, AS","","","","","18",",a","10",",a","0",",a","","","","","","","","","","","","","13.4",",,a,29,","","","","","","","73.5",",,,a","","","","","",""
"ASN00085103","1987-07","-38.1858","146.3317","153.6","YALLOURN SEC, AS","","","","","14",",a","8",",a","1",",a","","","","","","","","","","","","","28.4",",,a,29,","","","","","","","88.5",",,,a","","","","","",""
"ASN00085103","1987-08","-38.1858","146.3317","153.6","YALLOURN SEC, AS","","","","","16",",a","5",",a","0",",a","","","","","","","","","","","","","16.6",",,a,16,","","","","","","","49.0",",,,a","","","","","",""
"ASN00085103","1987-09","-38.1858","146.3317","153.6","YALLOURN SEC, AS","","","","","17",",a","8",",a","0",",a","","","","","","","","","","","","","24.6",",,a,10,","","","","","","","90.4",",,,a","","","","","",""
"ASN00085103","1987-10","-38.1858","146.3317","153.6","YALLOURN SEC, AS","","","","","12",",a","7",",a","0",",a","","","","","","","","","","","","","13.6",",,a,05,","","","","","","","64.4",",,,a","","","","","",""
"ASN00085103","1987-11","-38.1858","146.3317","153.6","YALLOURN SEC, AS","","","","","12",",a","8",",a","0",",a","","","","","","","","","","","","","24.8",",,a,26,","","","","","","","98.6",",,,a","","","","","",""
"ASN00085103","1987-12","-38.1858","146.3317","153.6","YALLOURN SEC, AS","","","","","12",",a","5",",a","1",",a","","","","","","","","","","","","","27.4",",,a,02,","","","","","","","62.6",",,,a","","","","","",""
"ASN00085103","1988-01","-38.1858","146.3317","153.6","YALLOURN SEC, AS","","","","","7",",a","4",",a","0",",a","","","","","","","","","","","","","14.4",",,a,02,","","","","","","","36.4",",,,a","","","","","",""
"ASN00085103","1988-02","-38.1858","146.3317","153.6","YALLOURN SEC, AS","","","","","8",",a","3",",a","0",",a","","","","","","","","","","","","","6.0",",,a,06,","","","","","","","19.2",",,,a","","","","","",""
"ASN00085103","1988-03","-38.1858","146.3317","153.6","YALLOURN SEC, AS","","","","","8",",a","4",",a","0",",a","","","","","","","","","","","","","21.0",",,a,12,","","","","","","","61.0",",,,a","","","","","",""
"ASN00085103","1988-04","-38.1858","146.3317","153.6","YALLOURN SEC, AS","","","","","11",",a","6",",a","1",",a","","","","","","","","","","","","","34.0",",,a,29,","","","","","","","78.4",",,,a","","","","","",""
"ASN00085103","1988-05","-38.1858","146.3317","153.6","YALLOURN SEC, AS","","","","","17",",a","11",",a","1",",a","","","","","","","","","","","","","39.0",",,a,18,","","","","","","","120.4",",,,a","","","","","",""
"ASN00085103","1988-06","-38.1858","146.3317","153.6","YALLOURN SEC, AS","","","","","16",",a","10",",a","0",",a","","","","","","","","","","","","","18.6",",,a,11,","","","","","","","72.6",",,,a","","","","","",""
"ASN00085103","1988-07","-38.1858","146.3317","153.6","YALLOURN SEC, AS","","","","","14",",a","10",",a","0",",a","","","","","","","","","","","","","21.6",",,a,27,","","","","","","","75.6",",,,a","","","","","",""
"ASN00085103","1988-08","-38.1858","146.3317","153.6","YALLOURN SEC, AS","","","","","13",",a","8",",a","0",",a","","","","","","","","","","","","","9.2",",,a,08,","","","","","","","51.0",",,,a","","","","","",""
"ASN00085103","1988-09","-38.1858","146.3317","153.6","YALLOURN SEC, AS","","","","","11",",a","10",",a","0",",a","","","","","","","","","","","","","20.6",",,a,18,","","","","","","","77.4",",,,a","","","","","",""
"ASN00085103","1988-10","-38.1858","146.3317","153.6","YALLOURN SEC, AS","","","","","19",",a","10",",a","0",",a","","","","","","","","","","","","","15.8",",,a,09,","","","","","","","105.7",",,,a","","","","","",""
"ASN00085103","1988-11","-38.1858","146.3317","153.6","YALLOURN SEC, AS","","","","","12",",a","9",",a","0",",a","","","","","","","","","","","","","25.2",",,a,25,","","","","","","","120.2",",,,a","","","","","",""
"ASN00085103","1988-12","-38.1858","146.3317","153.6","YALLOURN SEC, AS","","","","","12",",a","6",",a","2",",a","","","","","","","","","","","","","61.2",",,a,11,","","","","","","","123.1",",,,a","","","","","",""
"ASN00085103","1989-01","-38.1858","146.3317","153.6","YALLOURN SEC, AS","","","","","8",",a","4",",a","0",",a","","","","","","","","","","","","","12.6",",,a,05,","","","","","","","41.2",",,,a","","","","","",""
"ASN00085103","1989-02","-38.1858","146.3317","153.6","YALLOURN SEC, AS","","","","","11",",a","6",",a","0",",a","","","","","","","","","","","","","13.8",",,a,15,","","","","","","","52.2",",,,a","","","","","",""
"ASN00085103","1989-03","-38.1858","146.3317","153.6","YALLOURN SEC, AS","","","","","11",",a","4",",a","2",",a","","","","","","","","","","","","","54.4",",,a,21,","","","","","","","122.6",",,,a","","","","","",""
"ASN00085103","1989-04","-38.1858","146.3317","153.6","YALLOURN SEC, AS","","","","","13",",a","5",",a","0",",a","","","","","","","","","","","","","8.6",",,a,13,","","","","","","","41.6",",,,a","","","","","",""
"ASN00085103","1989-05","-38.1858","146.3317","153.6","YALLOURN SEC, AS","","","","","18",",a","7",",a","0",",a","","","","","","","","","","","","","13.6",",,a,22,","","","","","","","64.2",",,,a","","","","","",""
"ASN00085103","1989-06","-38.1858","146.3317","153.6","YALLOURN SEC, AS","","","","","15",",a","9",",a","0",",a","","","","","","","","","","","","","23.8",",,a,11,","","","","","","","83.8",",,,a","","","","","",""
"ASN00085103","1990-01","-38.1858","146.3317","153.6","YALLOURN SEC, AS","","","","","0",",a","0",",a","0",",a","","","","","","","","","","","","","0.2",",,a,15,","","","","","","","0.2",",,,a","","","","","",""
"ASN00085103","1990-02","-38.1858","146.3317","153.6","YALLOURN SEC, AS","","","","","10",",a","6",",a","1",",a","","","","","","","","","","","","","37.0",",,a,10,","","","","","","","79.5",",,,a","","","","","",""
"ASN00085103","1990-03","-38.1858","146.3317","153.6","YALLOURN SEC, AS","","","","","7",",a","2",",a","0",",a","","","","","","","","","","","","","20.6",",,a,28,","","","","","","","43.6",",,,a","","","","","",""
"ASN00085103","1990-04","-38.1858","146.3317","153.6","YALLOURN SEC, AS","","","","","13",",a","6",",a","3",",a","","","","","","","","","","","","","52.4",",,a,22,","","","","","","","173.2",",,,a","","","","","",""
"ASN00085103","1990-05","-38.1858","146.3317","153.6","YALLOURN SEC, AS","","","","","15",",a","6",",a","0",",a","","","","","","","","","","","","","12.0",",,a,06,","","","","","","","42.4",",,,a","","","","","",""
"ASN00085103","1990-06","-38.1858","146.3317","153.6","YALLOURN SEC, AS","","","","","17",",a","11",",a","0",",a","","","","","","","","","","","","","19.0",",,a,28,","","","","","","","69.0",",,,a","","","","","",""
"ASN00085103","1990-07","-38.1858","146.3317","153.6","YALLOURN SEC, AS","","","","","18",",a","11",",a","0",",a","","","","","","","","","","","","","20.4",",,a,03,","","","","","","","110.0",",,,a","","","","","",""
"ASN00085103","1990-08","-38.1858","146.3317","153.6","YALLOURN SEC, AS","","","","","24",",a","17",",a","0",",a","","","","","","","","","","","","","11.4",",,a,06,","","","","","","","122.6",",,,a","","","","","",""
"ASN00085103","1990-09","-38.1858","146.3317","153.6","YALLOURN SEC, AS","","","","","12",",a","6",",a","0",",a","","","","","","","","","","","","","13.4",",,a,03,","","","","","","","71.2",",,,a","","","","","",""
"ASN00085103","1990-10","-38.1858","146.3317","153.6","YALLOURN SEC, AS","","","","","13",",a","8",",a","2",",a","","","","","","","","","","","","","37.4",",,a,12,","","","","","","","117.3",",,,a","","","","","",""
"ASN00085103","1990-11","-38.1858","146.3317","153.6","YALLOURN SEC, AS","","","","","11",",a","5",",a","1",",a","","","","","","","","","","","","","37.0",",,a,23,","","","","","","","93.4",",,,a","","","","","",""
"ASN00085103","1990-12","-38.1858","146.3317","153.6","YALLOURN SEC, AS","","","","","6",",a","4",",a","0",",a","","","","","","","","","","","","","17.2",",,a,10,","","","","","","","49.5",",,,a","","","","","",""
"ASN00085103","1991-01","-38.1858","146.3317","153.6","YALLOURN SEC, AS","","","","","13",",a","10",",a","3",",a","","","","","","","","","","","","","45.6",",,a,24,","","","","","","","160.4",",,,a","","","","","",""
"ASN00085103","1991-02","-38.1858","146.3317","153.6","YALLOURN SEC, AS","","","","","3",",a","2",",a","0",",a","","","","","","","","","","","","","4.0",",,a,16,","","","","","","","7.8",",,,a","","","","","",""
"ASN00085103","1991-03","-38.1858","146.3317","153.6","YALLOURN SEC, AS","","","","","6",",a","2",",a","0",",a","","","","","","","","","","","","","8.0",",,a,27,","","","","","","","17.2",",,,a","","","","","",""
"ASN00085103","1991-04","-38.1858","146.3317","153.6","YALLOURN SEC, AS","","","","","12",",a","5",",a","0",",a","","","","","","","","","","","","","5.6",",,a,22,+","","","","","","","29.8",",,,a","","","","","",""
"ASN00085103","1991-05","-38.1858","146.3317","153.6","YALLOURN SEC, AS","","","","","11",",a","4",",a","0",",a","","","","","","","","","","","","","10.2",",,a,22,","","","","","","","37.1",",,,a","","","","","",""
"ASN00085103","1991-06","-38.1858","146.3317","153.6","YALLOURN SEC, AS","","","","","22",",a","15",",a","2",",a","","","","","","","","","","","","","37.2",",,a,08,","","","","","","","177.1",",,,a","","","","","",""
"ASN00085103","1991-07","-38.1858","146.3317","153.6","YALLOURN SEC, AS","","","","","23",",a","14",",a","0",",a","","","","","","","","","","","","","24.4",",,a,24,","","","","","","","140.0",",,,a","","","","","",""
"ASN00085103","1991-08","-38.1858","146.3317","153.6","YALLOURN SEC, AS","","","","","21",",a","10",",a","0",",a","","","","","","","","","","","","","20.4",",,a,09,","","","","","","","122.8",",,,a","","","","","",""
"ASN00085103","1991-09","-38.1858","146.3317","153.6","YALLOURN SEC, AS","","","","","17",",a","12",",a","0",",a","","","","","","","","","","","","","23.0",",,a,18,","","","","","","","128.0",",,,a","","","","","",""
"ASN00085103","1991-10","-38.1858","146.3317","153.6","YALLOURN SEC, AS","","","","","15",",a","6",",a","0",",a","","","","","","","","","","","","","18.2",",,a,25,","","","","","","","58.3",",,,a","","","","","",""
"ASN00085103","1991-11","-38.1858","146.3317","153.6","YALLOURN SEC, AS","","","","","14",",a","5",",a","0",",a","","","","","","","","","","","","","13.6",",,a,04,","","","","","","","47.0",",,,a","","","","","",""
"ASN00085103","1991-12","-38.1858","146.3317","153.6","YALLOURN SEC, AS","","","","","11",",a","5",",a","0",",a","","","","","","","","","","","","","24.4",",,a,16,","","","","","","","78.8",",,,a","","","","","",""
"ASN00085103","1992-01","-38.1858","146.3317","153.6","YALLOURN SEC, AS","","","","","12",",a","2",",a","1",",a","","","","","","","","","","","","","26.8",",,a,01,","","","","","","","47.2",",,,a","","","","","",""
