"STATION","DATE","LATITUDE","LONGITUDE","ELEVATION","NAME","DP01","DP01_ATTRIBUTES","DP10","DP10_ATTRIBUTES","DP1X","DP1X_ATTRIBUTES","EMXP","EMXP_ATTRIBUTES","PRCP","PRCP_ATTRIBUTES"
"ASN00021126","1946-01","-33.6667","138.9667","570.0","BURRA BASIN FARM, AS","5",",a","3",",a","0",",a","17.0",",,a,17,","38.9",",,,a"
"ASN00021126","1946-02","-33.6667","138.9667","570.0","BURRA BASIN FARM, AS","7",",a","5",",a","1",",a","86.4",",,a,18,","117.5",",,,a"
"ASN00021126","1946-03","-33.6667","138.9667","570.0","BURRA BASIN FARM, AS","4",",a","2",",a","0",",a","12.7",",,a,16,","20.6",",,,a"
"ASN00021126","1946-04","-33.6667","138.9667","570.0","BURRA BASIN FARM, AS","2",",a","1",",a","0",",a","3.3",",,a,28,","4.8",",,,a"
"ASN00021126","1946-05","-33.6667","138.9667","570.0","BURRA BASIN FARM, AS","2",",a","2",",a","0",",a","17.8",",,a,17,","30.0",",,,a"
"ASN00021126","1946-06","-33.6667","138.9667","570.0","BURRA BASIN FARM, AS","8",",a","6",",a","0",",a","13.2",",,a,23,","38.5",",,,a"
"ASN00021126","1946-07","-33.6667","138.9667","570.0","BURRA BASIN FARM, AS","17",",a","10",",a","0",",a","14.0",",,a,22,","73.9",",,,a"
"ASN00021126","1946-08","-33.6667","138.9667","570.0","BURRA BASIN FARM, AS","3",",a","1",",a","0",",a","7.6",",,a,12,","10.7",",,,a"
"ASN00021126","1946-09","-33.6667","138.9667","570.0","BURRA BASIN FARM, AS","3",",a","1",",a","0",",a","2.8",",,a,12,","5.6",",,,a"
"ASN00021126","1946-10","-33.6667","138.9667","570.0","BURRA BASIN FARM, AS","4",",a","3",",a","0",",a","4.6",",,a,15,","11.5",",,,a"
"ASN00021126","1946-11","-33.6667","138.9667","570.0","BURRA BASIN FARM, AS","6",",a","5",",a","0",",a","16.5",",,a,15,","37.8",",,,a"
"ASN00021126","1946-12","-33.6667","138.9667","570.0","BURRA BASIN FARM, AS","4",",a","3",",a","1",",a","53.3",",,a,25,","73.6",",,,a"
"ASN00021126","1947-01","-33.6667","138.9667","570.0","BURRA BASIN FARM, AS","3",",a","1",",a","0",",a","6.9",",,a,29,","8.5",",,,a"
"ASN00021126","1947-02","-33.6667","138.9667","570.0","BURRA BASIN FARM, AS","7",",a","6",",a","1",",a","34.3",",,a,15,","96.0",",,,a"
"ASN00021126","1947-03","-33.6667","138.9667","570.0","BURRA BASIN FARM, AS","6",",a","3",",a","1",",a","32.3",",,a,29,","45.3",",,,a"
"ASN00021126","1947-04","-33.6667","138.9667","570.0","BURRA BASIN FARM, AS","5",",a","2",",a","0",",a","7.6",",,a,21,","14.7",",,,a"
"ASN00021126","1947-05","-33.6667","138.9667","570.0","BURRA BASIN FARM, AS","4",",a","3",",a","0",",a","5.1",",,a,26,","13.5",",,,a"
"ASN00021126","1947-06","-33.6667","138.9667","570.0","BURRA BASIN FARM, AS","8",",a","1",",a","0",",a","10.2",",,a,26,","22.4",",,,a"
"ASN00021126","1947-07","-33.6667","138.9667","570.0","BURRA BASIN FARM, AS","16",",a","7",",a","1",",a","27.9",",,a,16,","73.6",",,,a"
"ASN00021126","1947-08","-33.6667","138.9667","570.0","BURRA BASIN FARM, AS","13",",a","9",",a","0",",a","12.7",",,a,23,","52.1",",,,a"
"ASN00021126","1947-09","-33.6667","138.9667","570.0","BURRA BASIN FARM, AS","8",",a","4",",a","0",",a","23.4",",,a,02,","44.4",",,,a"
"ASN00021126","1947-10","-33.6667","138.9667","570.0","BURRA BASIN FARM, AS","8",",a","4",",a","0",",a","12.7",",,a,20,","41.7",",,,a"
"ASN00021126","1947-11","-33.6667","138.9667","570.0","BURRA BASIN FARM, AS","3",",a","2",",a","0",",a","5.8",",,a,09,","11.7",",,,a"
"ASN00021126","1947-12","-33.6667","138.9667","570.0","BURRA BASIN FARM, AS","6",",a","5",",a","0",",a","5.1",",,a,23,","21.8",",,,a"
"ASN00021126","1948-01","-33.6667","138.9667","570.0","BURRA BASIN FARM, AS","0",",a","0",",a","0",",a","0.0",",,a,31,+","0.0",",,,a"
"ASN00021126","1948-02","-33.6667","138.9667","570.0","BURRA BASIN FARM, AS","2",",a","1",",a","0",",a","3.0",",,a,01,","3.5",",,,a"
"ASN00021126","1948-03","-33.6667","138.9667","570.0","BURRA BASIN FARM, AS","1",",a","0",",a","0",",a","1.8",",,a,01,","1.8",",,,a"
"ASN00021126","1948-04","-33.6667","138.9667","570.0","BURRA BASIN FARM, AS","8",",a","2",",a","0",",a","21.3",",,a,11,","39.1",",,,a"
"ASN00021126","1948-05","-33.6667","138.9667","570.0","BURRA BASIN FARM, AS","8",",a","4",",a","0",",a","20.3",",,a,05,","37.7",",,,a"
"ASN00021126","1948-06","-33.6667","138.9667","570.0","BURRA BASIN FARM, AS","7",",a","3",",a","0",",a","4.1",",,a,18,","15.2",",,,a"
"ASN00021126","1948-07","-33.6667","138.9667","570.0","BURRA BASIN FARM, AS","10",",a","5",",a","0",",a","9.4",",,a,23,","33.5",",,,a"
"ASN00021126","1948-08","-33.6667","138.9667","570.0","BURRA BASIN FARM, AS","10",",a","7",",a","0",",a","21.6",",,a,24,","62.4",",,,a"
"ASN00021126","1948-09","-33.6667","138.9667","570.0","BURRA BASIN FARM, AS","3",",a","2",",a","0",",a","5.3",",,a,01,","10.4",",,,a"
"ASN00021126","1948-10","-33.6667","138.9667","570.0","BURRA BASIN FARM, AS","8",",a","7",",a","1",",a","41.9",",,a,11,","72.8",",,,a"
"ASN00021126","1948-11","-33.6667","138.9667","570.0","BURRA BASIN FARM, AS","8",",a","4",",a","0",",a","8.1",",,a,04,","26.7",",,,a"
"ASN00021126","1948-12","-33.6667","138.9667","570.0","BURRA BASIN FARM, AS","1",",a","1",",a","0",",a","8.6",",,a,17,","8.6",",,,a"
"ASN00021126","1949-01","-33.6667","138.9667","570.0","BURRA BASIN FARM, AS","1",",a","1",",a","0",",a","6.1",",,a,30,","6.1",",,,a"
"ASN00021126","1949-02","-33.6667","138.9667","570.0","BURRA BASIN FARM, AS","5",",a","4",",a","0",",a","12.2",",,a,27,","29.5",",,,a"
"ASN00021126","1949-03","-33.6667","138.9667","570.0","BURRA BASIN FARM, AS","0",",a","0",",a","0",",a","0.0",",,a,31,+","0.0",",,,a"
"ASN00021126","1949-04","-33.6667","138.9667","570.0","BURRA BASIN FARM, AS","0",",a","0",",a","0",",a","0.0",",,a,30,+","0.0",",,,a"
"ASN00021126","1949-05","-33.6667","138.9667","570.0","BURRA BASIN FARM, AS","10",",a","5",",a","0",",a","18.8",",,a,19,","43.9",",,,a"
"ASN00021126","1949-06","-33.6667","138.9667","570.0","BURRA BASIN FARM, AS","6",",a","1",",a","0",",a","2.5",",,a,21,","9.1",",,,a"
"ASN00021126","1949-07","-33.6667","138.9667","570.0","BURRA BASIN FARM, AS","11",",a","5",",a","0",",a","10.2",",,a,19,","37.2",",,,a"
"ASN00021126","1949-08","-33.6667","138.9667","570.0","BURRA BASIN FARM, AS","4",",a","2",",a","0",",a","4.8",",,a,11,","10.4",",,,a"
"ASN00021126","1949-09","-33.6667","138.9667","570.0","BURRA BASIN FARM, AS","7",",a","5",",a","0",",a","13.7",",,a,09,","38.7",",,,a"
"ASN00021126","1949-10","-33.6667","138.9667","570.0","BURRA BASIN FARM, AS","13",",a","7",",a","1",",a","30.0",",,a,09,","81.3",",,,a"
"ASN00021126","1949-11","-33.6667","138.9667","570.0","BURRA BASIN FARM, AS","9",",a","4",",a","0",",a","17.8",",,a,01,","40.1",",,,a"
"ASN00021126","1949-12","-33.6667","138.9667","570.0","BURRA BASIN FARM, AS","2",",a","2",",a","0",",a","4.6",",,a,07,","8.2",",,,a"
"ASN00021126","1950-01","-33.6667","138.9667","570.0","BURRA BASIN FARM, AS","0",",a","0",",a","0",",a","0.0",",,a,31,+","0.0",",,,a"
"ASN00021126","1950-02","-33.6667","138.9667","570.0","BURRA BASIN FARM, AS","7",",a","6",",a","1",",a","58.4",",,a,02,","90.4",",,,a"
"ASN00021126","1950-03","-33.6667","138.9667","570.0","BURRA BASIN FARM, AS","2",",a","2",",a","1",",a","38.9",",,a,17,","42.7",",,,a"
"ASN00021126","1950-04","-33.6667","138.9667","570.0","BURRA BASIN FARM, AS","2",",a","2",",a","0",",a","8.9",",,a,06,","11.4",",,,a"
"ASN00021126","1950-05","-33.6667","138.9667","570.0","BURRA BASIN FARM, AS","9",",a","4",",a","0",",a","17.0",",,a,26,","51.4",",,,a"
"ASN00021126","1950-06","-33.6667","138.9667","570.0","BURRA BASIN FARM, AS","9",",a","5",",a","0",",a","12.2",",,a,25,","28.7",",,,a"
"ASN00021126","1950-07","-33.6667","138.9667","570.0","BURRA BASIN FARM, AS","9",",a","3",",a","0",",a","12.2",",,a,27,","32.6",",,,a"
"ASN00021126","1950-08","-33.6667","138.9667","570.0","BURRA BASIN FARM, AS","9",",a","6",",a","0",",a","8.6",",,a,17,","35.1",",,,a"
"ASN00021126","1950-09","-33.6667","138.9667","570.0","BURRA BASIN FARM, AS","6",",a","4",",a","0",",a","7.6",",,a,01,","22.0",",,,a"
"ASN00021126","1950-10","-33.6667","138.9667","570.0","BURRA BASIN FARM, AS","5",",a","4",",a","0",",a","7.4",",,a,05,","21.4",",,,a"
"ASN00021126","1950-11","-33.6667","138.9667","570.0","BURRA BASIN FARM, AS","6",",a","4",",a","0",",a","18.3",",,a,19,","37.4",",,,a"
"ASN00021126","1950-12","-33.6667","138.9667","570.0","BURRA BASIN FARM, AS","1",",a","1",",a","0",",a","4.3",",,a,20,","4.3",",,,a"
"ASN00021126","1951-01","-33.6667","138.9667","570.0","BURRA BASIN FARM, AS","1",",a","0",",a","0",",a","1.3",",,a,04,","1.3",",,,a"
"ASN00021126","1951-02","-33.6667","138.9667","570.0","BURRA BASIN FARM, AS","4",",a","1",",a","0",",a","10.2",",,a,22,","12.8",",,,a"
"ASN00021126","1951-03","-33.6667","138.9667","570.0","BURRA BASIN FARM, AS","2",",a","0",",a","0",",a","1.3",",,a,06,","2.3",",,,a"
"ASN00021126","1951-04","-33.6667","138.9667","570.0","BURRA BASIN FARM, AS","14",",a","5",",a","0",",a","4.1",",,a,12,+","28.4",",,,a"
"ASN00021126","1951-05","-33.6667","138.9667","570.0","BURRA BASIN FARM, AS","10",",a","7",",a","0",",a","23.4",",,a,13,","49.6",",,,a"
"ASN00021126","1951-06","-33.6667","138.9667","570.0","BURRA BASIN FARM, AS","13",",a","9",",a","0",",a","16.5",",,a,12,","72.5",",,,a"
"ASN00021126","1951-07","-33.6667","138.9667","570.0","BURRA BASIN FARM, AS","14",",a","8",",a","0",",a","10.7",",,a,05,","69.8",",,,a"
"ASN00021126","1951-08","-33.6667","138.9667","570.0","BURRA BASIN FARM, AS","24",",a","11",",a","0",",a","15.0",",,a,01,","68.7",",,,a"
"ASN00021126","1951-09","-33.6667","138.9667","570.0","BURRA BASIN FARM, AS","7",",a","3",",a","0",",a","15.5",",,a,20,","31.5",",,,a"
"ASN00021126","1951-10","-33.6667","138.9667","570.0","BURRA BASIN FARM, AS","10",",a","6",",a","0",",a","19.6",",,a,23,","62.1",",,,a"
"ASN00021126","1951-11","-33.6667","138.9667","570.0","BURRA BASIN FARM, AS","1",",a","0",",a","0",",a","1.3",",,a,09,","1.3",",,,a"
"ASN00021126","1951-12","-33.6667","138.9667","570.0","BURRA BASIN FARM, AS","4",",a","3",",a","0",",a","8.6",",,a,08,","21.4",",,,a"
"ASN00021126","1952-01","-33.6667","138.9667","570.0","BURRA BASIN FARM, AS","3",",a","1",",a","0",",a","24.6",",,a,25,","28.2",",,,a"
"ASN00021126","1952-02","-33.6667","138.9667","570.0","BURRA BASIN FARM, AS","3",",a","2",",a","0",",a","3.6",",,a,18,","7.9",",,,a"
"ASN00021126","1952-03","-33.6667","138.9667","570.0","BURRA BASIN FARM, AS","2",",a","2",",a","0",",a","4.1",",,a,21,","7.4",",,,a"
"ASN00021126","1952-04","-33.6667","138.9667","570.0","BURRA BASIN FARM, AS","8",",a","6",",a","0",",a","9.1",",,a,28,","36.0",",,,a"
"ASN00021126","1952-05","-33.6667","138.9667","570.0","BURRA BASIN FARM, AS","18",",a","11",",a","2",",a","34.0",",,a,16,","126.7",",,,a"
"ASN00021126","1952-06","-33.6667","138.9667","570.0","BURRA BASIN FARM, AS","10",",a","3",",a","0",",a","5.1",",,a,02,","19.1",",,,a"
"ASN00021126","1952-07","-33.6667","138.9667","570.0","BURRA BASIN FARM, AS","6",",a","5",",a","0",",a","5.1",",,a,04,","20.8",",,,a"
"ASN00021126","1952-08","-33.6667","138.9667","570.0","BURRA BASIN FARM, AS","6",",a","3",",a","0",",a","6.4",",,a,23,","19.5",",,,a"
"ASN00021126","1952-09","-33.6667","138.9667","570.0","BURRA BASIN FARM, AS","4","5,a","2","5,a","0","5,a","5.1","5,,a,03,","42.2",",a,,a"
"ASN00021126","1952-10","-33.6667","138.9667","570.0","BURRA BASIN FARM, AS","10",",a","6",",a","1",",a","36.6",",,a,01,","72.4",",,,a"
"ASN00021126","1952-11","-33.6667","138.9667","570.0","BURRA BASIN FARM, AS","6",",a","4",",a","1",",a","36.1",",,a,28,","57.5",",,,a"
"ASN00021126","1952-12","-33.6667","138.9667","570.0","BURRA BASIN FARM, AS","2",",a","1",",a","0",",a","4.3",",,a,26,","5.6",",,,a"
"ASN00021126","1953-01","-33.6667","138.9667","570.0","BURRA BASIN FARM, AS","4",",a","1",",a","0",",a","4.3",",,a,05,","6.9",",,,a"
"ASN00021126","1953-02","-33.6667","138.9667","570.0","BURRA BASIN FARM, AS","1",",a","0",",a","0",",a","1.3",",,a,03,","1.3",",,,a"
"ASN00021126","1953-03","-33.6667","138.9667","570.0","BURRA BASIN FARM, AS","0",",a","0",",a","0",",a","0.0",",,a,31,+","0.0",",,,a"
"ASN00021126","1953-04","-33.6667","138.9667","570.0","BURRA BASIN FARM, AS","2",",a","1",",a","0",",a","3.0",",,a,27,","3.8",",,,a"
"ASN00021126","1953-05","-33.6667","138.9667","570.0","BURRA BASIN FARM, AS","5",",a","1",",a","0",",a","23.4",",,a,19,","31.3",",,,a"
"ASN00021126","1953-06","-33.6667","138.9667","570.0","BURRA BASIN FARM, AS","12",",a","6",",a","0",",a","16.0",",,a,10,","51.2",",,,a"
"ASN00021126","1953-07","-33.6667","138.9667","570.0","BURRA BASIN FARM, AS","7",",a","5",",a","0",",a","10.2",",,a,15,","28.2",",,,a"
"ASN00021126","1953-08","-33.6667","138.9667","570.0","BURRA BASIN FARM, AS","8",",a","5",",a","0",",a","9.4",",,a,16,","27.0",",,,a"
"ASN00021126","1953-09","-33.6667","138.9667","570.0","BURRA BASIN FARM, AS","10",",a","5",",a","0",",a","18.5",",,a,26,","57.4",",,,a"
"ASN00021126","1953-10","-33.6667","138.9667","570.0","BURRA BASIN FARM, AS","8",",a","7",",a","0",",a","18.3",",,a,21,","60.2",",,,a"
"ASN00021126","1953-11","-33.6667","138.9667","570.0","BURRA BASIN FARM, AS","6",",a","2",",a","0",",a","5.1",",,a,06,","12.9",",,,a"
"ASN00021126","1953-12","-33.6667","138.9667","570.0","BURRA BASIN FARM, AS","4",",a","2",",a","0",",a","16.8",",,a,06,","22.8",",,,a"
"ASN00021126","1954-01","-33.6667","138.9667","570.0","BURRA BASIN FARM, AS","3",",a","1",",a","0",",a","16.5",",,a,28,","18.8",",,,a"
"ASN00021126","1954-02","-33.6667","138.9667","570.0","BURRA BASIN FARM, AS","0",",a","0",",a","0",",a","0.0",",,a,28,+","0.0",",,,a"
"ASN00021126","1954-03","-33.6667","138.9667","570.0","BURRA BASIN FARM, AS","2",",a","1",",a","0",",a","2.8",",,a,22,","4.3",",,,a"
"ASN00021126","1954-04","-33.6667","138.9667","570.0","BURRA BASIN FARM, AS","8",",a","6",",a","0",",a","15.2",",,a,14,","42.2",",,,a"
"ASN00021126","1954-05","-33.6667","138.9667","570.0","BURRA BASIN FARM, AS","3",",a","1",",a","0",",a","3.6",",,a,07,","6.9",",,,a"
"ASN00021126","1954-06","-33.6667","138.9667","570.0","BURRA BASIN FARM, AS","11",",a","3",",a","0",",a","4.8",",,a,02,","19.6",",,,a"
"ASN00021126","1954-07","-33.6667","138.9667","570.0","BURRA BASIN FARM, AS","8",",a","3",",a","0",",a","15.2",",,a,16,","23.8",",,,a"
"ASN00021126","1954-08","-33.6667","138.9667","570.0","BURRA BASIN FARM, AS","7",",a","2",",a","0",",a","20.1",",,a,24,","30.8",",,,a"
"ASN00021126","1954-09","-33.6667","138.9667","570.0","BURRA BASIN FARM, AS","6",",a","2",",a","0",",a","5.8",",,a,05,","15.2",",,,a"
"ASN00021126","1954-10","-33.6667","138.9667","570.0","BURRA BASIN FARM, AS","8",",a","5",",a","0",",a","8.4",",,a,04,","30.7",",,,a"
"ASN00021126","1954-11","-33.6667","138.9667","570.0","BURRA BASIN FARM, AS","4",",a","2",",a","0",",a","24.4",",,a,08,","37.4",",,,a"
"ASN00021126","1954-12","-33.6667","138.9667","570.0","BURRA BASIN FARM, AS","5",",a","2",",a","0",",a","22.4",",,a,12,","37.7",",,,a"
"ASN00021126","1955-01","-33.6667","138.9667","570.0","BURRA BASIN FARM, AS","2",",a","1",",a","0",",a","2.5",",,a,03,","4.0",",,,a"
"ASN00021126","1955-02","-33.6667","138.9667","570.0","BURRA BASIN FARM, AS","6",",a","3",",a","1",",a","33.5",",,a,16,","69.9",",,,a"
"ASN00021126","1955-03","-33.6667","138.9667","570.0","BURRA BASIN FARM, AS","3",",a","1",",a","0",",a","10.7",",,a,05,","12.8",",,,a"
"ASN00021126","1955-04","-33.6667","138.9667","570.0","BURRA BASIN FARM, AS","5",",a","1",",a","0",",a","3.6",",,a,24,","9.2",",,,a"
"ASN00021126","1955-05","-33.6667","138.9667","570.0","BURRA BASIN FARM, AS","12",",a","6",",a","1",",a","25.7",",,a,25,","81.0",",,,a"
"ASN00021126","1955-06","-33.6667","138.9667","570.0","BURRA BASIN FARM, AS","16",",a","7",",a","0",",a","11.4",",,a,16,","49.6",",,,a"
"ASN00021126","1955-07","-33.6667","138.9667","570.0","BURRA BASIN FARM, AS","12",",a","5",",a","0",",a","6.4",",,a,28,","33.3",",,,a"
"ASN00021126","1955-08","-33.6667","138.9667","570.0","BURRA BASIN FARM, AS","13",",a","11",",a","0",",a","16.0",",,a,09,","69.2",",,,a"
"ASN00021126","1955-09","-33.6667","138.9667","570.0","BURRA BASIN FARM, AS","7",",a","3",",a","0",",a","4.3",",,a,23,","15.2",",,,a"
"ASN00021126","1955-10","-33.6667","138.9667","570.0","BURRA BASIN FARM, AS","4",",a","4",",a","0",",a","8.6",",,a,08,","20.3",",,,a"
"ASN00021126","1955-11","-33.6667","138.9667","570.0","BURRA BASIN FARM, AS","6",",a","6",",a","0",",a","10.2",",,a,10,","29.2",",,,a"
"ASN00021126","1955-12","-33.6667","138.9667","570.0","BURRA BASIN FARM, AS","3",",a","1",",a","0",",a","8.6",",,a,03,","11.2",",,,a"
"ASN00021126","1956-01","-33.6667","138.9667","570.0","BURRA BASIN FARM, AS","3",",a","3",",a","0",",a","20.3",",,a,17,","32.0",",,,a"
"ASN00021126","1956-02","-33.6667","138.9667","570.0","BURRA BASIN FARM, AS","1",",a","1",",a","0",",a","4.1",",,a,07,","4.1",",,,a"
"ASN00021126","1956-03","-33.6667","138.9667","570.0","BURRA BASIN FARM, AS","4",",a","3",",a","0",",a","24.1",",,a,31,","38.5",",,,a"
"ASN00021126","1956-04","-33.6667","138.9667","570.0","BURRA BASIN FARM, AS","7",",a","4",",a","0",",a","10.4",",,a,25,","28.4",",,,a"
"ASN00021126","1956-05","-33.6667","138.9667","570.0","BURRA BASIN FARM, AS","13",",a","7",",a","0",",a","14.5",",,a,31,","65.6",",,,a"
"ASN00021126","1956-06","-33.6667","138.9667","570.0","BURRA BASIN FARM, AS","15",",a","10",",a","0",",a","17.0",",,a,05,","80.3",",,,a"
"ASN00021126","1956-07","-33.6667","138.9667","570.0","BURRA BASIN FARM, AS","13",",a","8",",a","0",",a","14.2",",,a,31,","62.6",",,,a"
"ASN00021126","1956-08","-33.6667","138.9667","570.0","BURRA BASIN FARM, AS","10",",a","7",",a","0",",a","6.4",",,a,15,","34.1",",,,a"
"ASN00021126","1956-09","-33.6667","138.9667","570.0","BURRA BASIN FARM, AS","9",",a","6",",a","0",",a","17.0",",,a,19,","54.3",",,,a"
"ASN00021126","1956-10","-33.6667","138.9667","570.0","BURRA BASIN FARM, AS","8",",a","5",",a","0",",a","15.0",",,a,15,","44.5",",,,a"
"ASN00021126","1956-11","-33.6667","138.9667","570.0","BURRA BASIN FARM, AS","5",",a","4",",a","0",",a","4.8",",,a,15,","18.0",",,,a"
"ASN00021126","1956-12","-33.6667","138.9667","570.0","BURRA BASIN FARM, AS","1",",a","0",",a","0",",a","0.5",",,a,03,","0.5",",,,a"
"ASN00021126","1957-01","-33.6667","138.9667","570.0","BURRA BASIN FARM, AS","0",",a","0",",a","0",",a","0.0",",,a,31,+","0.0",",,,a"
"ASN00021126","1957-02","-33.6667","138.9667","570.0","BURRA BASIN FARM, AS","1",",a","0",",a","0",",a","0.5",",,a,15,","0.5",",,,a"
"ASN00021126","1957-03","-33.6667","138.9667","570.0","BURRA BASIN FARM, AS","2",",a","2",",a","0",",a","6.1",",,a,13,","9.1",",,,a"
"ASN00021126","1957-04","-33.6667","138.9667","570.0","BURRA BASIN FARM, AS","7",",a","2",",a","0",",a","3.8",",,a,18,","10.4",",,,a"
"ASN00021126","1957-05","-33.6667","138.9667","570.0","BURRA BASIN FARM, AS","7",",a","5",",a","0",",a","3.8",",,a,01,","18.6",",,,a"
"ASN00021126","1957-06","-33.6667","138.9667","570.0","BURRA BASIN FARM, AS","7",",a","5",",a","0",",a","8.6",",,a,21,","26.6",",,,a"
"ASN00021126","1957-07","-33.6667","138.9667","570.0","BURRA BASIN FARM, AS","10",",a","5",",a","0",",a","18.0",",,a,29,","51.3",",,,a"
"ASN00021126","1957-08","-33.6667","138.9667","570.0","BURRA BASIN FARM, AS","12",",a","6",",a","0",",a","10.4",",,a,09,","37.4",",,,a"
"ASN00021126","1957-09","-33.6667","138.9667","570.0","BURRA BASIN FARM, AS","6",",a","3",",a","0",",a","5.6",",,a,07,","20.8",",,,a"
"ASN00021126","1957-10","-33.6667","138.9667","570.0","BURRA BASIN FARM, AS","6",",a","3",",a","0",",a","17.0",",,a,23,","32.0",",,,a"
"ASN00021126","1957-11","-33.6667","138.9667","570.0","BURRA BASIN FARM, AS","4",",a","2",",a","0",",a","5.1",",,a,17,","11.0",",,,a"
"ASN00021126","1957-12","-33.6667","138.9667","570.0","BURRA BASIN FARM, AS","4",",a","2",",a","0",",a","7.1",",,a,29,","11.1",",,,a"
"ASN00021126","1958-01","-33.6667","138.9667","570.0","BURRA BASIN FARM, AS","1",",a","1",",a","0",",a","5.8",",,a,31,","5.8",",,,a"
"ASN00021126","1958-02","-33.6667","138.9667","570.0","BURRA BASIN FARM, AS","2",",a","1",",a","0",",a","6.6",",,a,18,","7.9",",,,a"
"ASN00021126","1958-03","-33.6667","138.9667","570.0","BURRA BASIN FARM, AS","3",",a","2",",a","0",",a","10.7",",,a,07,","16.3",",,,a"
"ASN00021126","1958-04","-33.6667","138.9667","570.0","BURRA BASIN FARM, AS","2",",a","1",",a","0",",a","24.4",",,a,14,","25.4",",,,a"
"ASN00021126","1958-05","-33.6667","138.9667","570.0","BURRA BASIN FARM, AS","10",",a","5",",a","0",",a","17.5",",,a,24,","46.0",",,,a"
"ASN00021126","1958-06","-33.6667","138.9667","570.0","BURRA BASIN FARM, AS","3",",a","1",",a","0",",a","3.0",",,a,05,","4.8",",,,a"
"ASN00021126","1958-07","-33.6667","138.9667","570.0","BURRA BASIN FARM, AS","11",",a","6",",a","0",",a","9.9",",,a,15,","39.7",",,,a"
"ASN00021126","1958-08","-33.6667","138.9667","570.0","BURRA BASIN FARM, AS","15",",a","4",",a","1",",a","27.4",",,a,15,","58.7",",,,a"
"ASN00021126","1958-09","-33.6667","138.9667","570.0","BURRA BASIN FARM, AS","10",",a","8",",a","0",",a","13.0",",,a,11,","52.1",",,,a"
"ASN00021126","1958-10","-33.6667","138.9667","570.0","BURRA BASIN FARM, AS","12",",a","6",",a","0",",a","7.6",",,a,16,","34.0",",,,a"
"ASN00021126","1958-11","-33.6667","138.9667","570.0","BURRA BASIN FARM, AS","7",",a","6",",a","0",",a","11.9",",,a,29,","41.0",",,,a"
"ASN00021126","1958-12","-33.6667","138.9667","570.0","BURRA BASIN FARM, AS","4",",a","2",",a","0",",a","8.4",",,a,15,","15.5",",,,a"
"ASN00021126","1959-01","-33.6667","138.9667","570.0","BURRA BASIN FARM, AS","1",",a","1",",a","0",",a","6.6",",,a,24,","6.6",",,,a"
"ASN00021126","1959-02","-33.6667","138.9667","570.0","BURRA BASIN FARM, AS","5",",a","2",",a","0",",a","9.4",",,a,15,","17.8",",,,a"
"ASN00021126","1959-03","-33.6667","138.9667","570.0","BURRA BASIN FARM, AS","2",",a","2",",a","0",",a","17.3",",,a,31,","21.1",",,,a"
"ASN00021126","1959-05","-33.6667","138.9667","570.0","BURRA BASIN FARM, AS","4",",a","1",",a","0",",a","3.8",",,a,18,","5.6",",,,a"
"ASN00021126","1959-06","-33.6667","138.9667","570.0","BURRA BASIN FARM, AS","4",",a","2",",a","0",",a","3.0",",,a,14,+","7.3",",,,a"
"ASN00021126","1959-07","-33.6667","138.9667","570.0","BURRA BASIN FARM, AS","9",",a","4",",a","0",",a","6.6",",,a,22,","27.9",",,,a"
"ASN00021126","1959-08","-33.6667","138.9667","570.0","BURRA BASIN FARM, AS","9",",a","2",",a","0",",a","10.7",",,a,12,","22.7",",,,a"
"ASN00021126","1959-09","-33.6667","138.9667","570.0","BURRA BASIN FARM, AS","8",",a","2",",a","0",",a","13.0",",,a,19,","21.5",",,,a"
"ASN00021126","1959-10","-33.6667","138.9667","570.0","BURRA BASIN FARM, AS","10",",a","5",",a","0",",a","8.1",",,a,04,","39.4",",,,a"
"ASN00021126","1959-11","-33.6667","138.9667","570.0","BURRA BASIN FARM, AS","3",",a","2",",a","0",",a","8.1",",,a,28,","15.0",",,,a"
"ASN00021126","1959-12","-33.6667","138.9667","570.0","BURRA BASIN FARM, AS","4",",a","2",",a","0",",a","5.6",",,a,26,+","12.7",",,,a"
"ASN00021126","1960-01","-33.6667","138.9667","570.0","BURRA BASIN FARM, AS","2",",a","2",",a","0",",a","11.4",",,a,18,","14.4",",,,a"
"ASN00021126","1960-02","-33.6667","138.9667","570.0","BURRA BASIN FARM, AS","5",",a","3",",a","0",",a","17.0",",,a,14,","32.3",",,,a"
"ASN00021126","1960-03","-33.6667","138.9667","570.0","BURRA BASIN FARM, AS","3",",a","1",",a","0",",a","6.4",",,a,22,","8.5",",,,a"
"ASN00021126","1960-04","-33.6667","138.9667","570.0","BURRA BASIN FARM, AS","11",",a","5",",a","0",",a","10.9",",,a,28,","40.3",",,,a"
"ASN00021126","1960-05","-33.6667","138.9667","570.0","BURRA BASIN FARM, AS","18",",a","12",",a","1",",a","27.9",",,a,05,","146.9",",,,a"
"ASN00021126","1960-06","-33.6667","138.9667","570.0","BURRA BASIN FARM, AS","8",",a","3",",a","0",",a","8.1",",,a,16,","19.4",",,,a"
"ASN00021126","1960-07","-33.6667","138.9667","570.0","BURRA BASIN FARM, AS","13",",a","11",",a","0",",a","16.0",",,a,03,","78.2",",,,a"
"ASN00021126","1960-08","-33.6667","138.9667","570.0","BURRA BASIN FARM, AS","9",",a","6",",a","0",",a","9.4",",,a,13,","42.4",",,,a"
"ASN00021126","1960-09","-33.6667","138.9667","570.0","BURRA BASIN FARM, AS","11",",a","6",",a","0",",a","16.8",",,a,14,","69.3",",,,a"
"ASN00021126","1960-10","-33.6667","138.9667","570.0","BURRA BASIN FARM, AS","3",",a","2",",a","0",",a","3.3",",,a,18,","6.6",",,,a"
"ASN00021126","1960-11","-33.6667","138.9667","570.0","BURRA BASIN FARM, AS","4",",a","2",",a","1",",a","31.0",",,a,12,","42.7",",,,a"
"ASN00021126","1960-12","-33.6667","138.9667","570.0","BURRA BASIN FARM, AS","2",",a","1",",a","0",",a","8.9",",,a,26,","9.9",",,,a"
"ASN00021126","1961-01","-33.6667","138.9667","570.0","BURRA BASIN FARM, AS","1",",a","0",",a","0",",a","2.3",",,a,01,","2.3",",,,a"
"ASN00021126","1961-02","-33.6667","138.9667","570.0","BURRA BASIN FARM, AS","1",",a","1",",a","0",",a","10.7",",,a,09,","10.7",",,,a"
"ASN00021126","1961-03","-33.6667","138.9667","570.0","BURRA BASIN FARM, AS","2",",a","1",",a","0",",a","10.7",",,a,20,","12.2",",,,a"
"ASN00021126","1961-04","-33.6667","138.9667","570.0","BURRA BASIN FARM, AS","11",",a","8",",a","0",",a","23.1",",,a,14,","71.8",",,,a"
"ASN00021126","1961-05","-33.6667","138.9667","570.0","BURRA BASIN FARM, AS","4",",a","1",",a","0",",a","4.6",",,a,14,","10.7",",,,a"
"ASN00021126","1961-06","-33.6667","138.9667","570.0","BURRA BASIN FARM, AS","9",",a","5",",a","0",",a","4.1",",,a,17,","20.6",",,,a"
"ASN00021126","1961-07","-33.6667","138.9667","570.0","BURRA BASIN FARM, AS","12",",a","6",",a","0",",a","19.6",",,a,23,","50.8",",,,a"
"ASN00021126","1961-08","-33.6667","138.9667","570.0","BURRA BASIN FARM, AS","9",",a","5",",a","0",",a","21.6",",,a,20,","46.9",",,,a"
"ASN00021126","1961-09","-33.6667","138.9667","570.0","BURRA BASIN FARM, AS","7",",a","6",",a","0",",a","15.2",",,a,02,","47.2",",,,a"
"ASN00021126","1961-10","-33.6667","138.9667","570.0","BURRA BASIN FARM, AS","1",",a","0",",a","0",",a","1.5",",,a,06,","1.5",",,,a"
"ASN00021126","1961-11","-33.6667","138.9667","570.0","BURRA BASIN FARM, AS","9",",a","4",",a","1",",a","54.1",",,a,17,","90.2",",,,a"
"ASN00021126","1961-12","-33.6667","138.9667","570.0","BURRA BASIN FARM, AS","3",",a","2",",a","0",",a","6.6",",,a,17,","12.7",",,,a"
"ASN00021126","1962-01","-33.6667","138.9667","570.0","BURRA BASIN FARM, AS","4",",a","4",",a","0",",a","21.6",",,a,27,","42.4",",,,a"
"ASN00021126","1962-02","-33.6667","138.9667","570.0","BURRA BASIN FARM, AS","3",",a","0",",a","0",",a","1.0",",,a,20,+","2.8",",,,a"
"ASN00021126","1962-03","-33.6667","138.9667","570.0","BURRA BASIN FARM, AS","4",",a","2",",a","1",",a","35.1",",,a,27,","45.6",",,,a"
"ASN00021126","1962-04","-33.6667","138.9667","570.0","BURRA BASIN FARM, AS","0",",a","0",",a","0",",a","0.0",",,a,30,+","0.0",",,,a"
"ASN00021126","1962-05","-33.6667","138.9667","570.0","BURRA BASIN FARM, AS","12",",a","9",",a","0",",a","24.9",",,a,23,","80.9",",,,a"
"ASN00021126","1962-06","-33.6667","138.9667","570.0","BURRA BASIN FARM, AS","6",",a","3",",a","0",",a","14.0",",,a,02,","31.6",",,,a"
"ASN00021126","1962-07","-33.6667","138.9667","570.0","BURRA BASIN FARM, AS","10",",a","3",",a","0",",a","7.4",",,a,24,","28.3",",,,a"
"ASN00021126","1962-08","-33.6667","138.9667","570.0","BURRA BASIN FARM, AS","9",",a","3",",a","0",",a","9.7",",,a,01,","29.1",",,,a"
"ASN00021126","1962-09","-33.6667","138.9667","570.0","BURRA BASIN FARM, AS","3",",a","1",",a","0",",a","13.5",",,a,27,","16.1",",,,a"
"ASN00021126","1962-10","-33.6667","138.9667","570.0","BURRA BASIN FARM, AS","12",",a","6",",a","1",",a","25.4",",,a,19,","53.4",",,,a"
"ASN00021126","1962-11","-33.6667","138.9667","570.0","BURRA BASIN FARM, AS","4",",a","2",",a","0",",a","3.0",",,a,08,","9.0",",,,a"
"ASN00021126","1962-12","-33.6667","138.9667","570.0","BURRA BASIN FARM, AS","9",",a","7",",a","2",",a","40.9",",,a,29,","123.0",",,,a"
"ASN00021126","1963-01","-33.6667","138.9667","570.0","BURRA BASIN FARM, AS","3",",a","1",",a","0",",a","12.2",",,a,04,","15.8",",,,a"
"ASN00021126","1963-02","-33.6667","138.9667","570.0","BURRA BASIN FARM, AS","1",",a","1",",a","0",",a","2.8",",,a,10,","2.8",",,,a"
"ASN00021126","1963-03","-33.6667","138.9667","570.0","BURRA BASIN FARM, AS","0",",a","0",",a","0",",a","0.0",",,a,31,+","0.0",",,,a"
"ASN00021126","1963-04","-33.6667","138.9667","570.0","BURRA BASIN FARM, AS","5",",a","4",",a","2",",a","38.4",",,a,29,","83.1",",,,a"
"ASN00021126","1963-05","-33.6667","138.9667","570.0","BURRA BASIN FARM, AS","13",",a","7",",a","3",",a","35.8",",,a,29,","112.8",",,,a"
"ASN00021126","1963-06","-33.6667","138.9667","570.0","BURRA BASIN FARM, AS","13",",a","7",",a","0",",a","13.7",",,a,15,","50.4",",,,a"
"ASN00021126","1963-07","-33.6667","138.9667","570.0","BURRA BASIN FARM, AS","17",",a","10",",a","0",",a","23.9",",,a,07,","85.3",",,,a"
"ASN00021126","1963-08","-33.6667","138.9667","570.0","BURRA BASIN FARM, AS","8",",a","6",",a","0",",a","11.2",",,a,14,","37.1",",,,a"
"ASN00021126","1963-09","-33.6667","138.9667","570.0","BURRA BASIN FARM, AS","5",",a","3",",a","0",",a","8.1",",,a,23,+","26.1",",,,a"
"ASN00021126","1963-10","-33.6667","138.9667","570.0","BURRA BASIN FARM, AS","3",",a","2",",a","0",",a","7.1",",,a,27,","11.7",",,,a"
"ASN00021126","1963-11","-33.6667","138.9667","570.0","BURRA BASIN FARM, AS","2",",a","1",",a","0",",a","8.6",",,a,07,","9.4",",,,a"
"ASN00021126","1963-12","-33.6667","138.9667","570.0","BURRA BASIN FARM, AS","1",",a","0",",a","0",",a","2.3",",,a,30,","2.3",",,,a"
"ASN00021126","1964-01","-33.6667","138.9667","570.0","BURRA BASIN FARM, AS","3",",a","1",",a","0",",a","10.9",",,a,09,","13.7",",,,a"
"ASN00021126","1964-02","-33.6667","138.9667","570.0","BURRA BASIN FARM, AS","2",",a","1",",a","0",",a","13.2",",,a,06,","14.0",",,,a"
"ASN00021126","1964-03","-33.6667","138.9667","570.0","BURRA BASIN FARM, AS","2",",a","0",",a","0",",a","1.0",",,a,24,+","2.0",",,,a"
"ASN00021126","1964-04","-33.6667","138.9667","570.0","BURRA BASIN FARM, AS","7",",a","2",",a","1",",a","31.5",",,a,08,","51.1",",,,a"
"ASN00021126","1964-05","-33.6667","138.9667","570.0","BURRA BASIN FARM, AS","6",",a","5",",a","0",",a","5.6",",,a,26,","22.6",",,,a"
"ASN00021126","1964-06","-33.6667","138.9667","570.0","BURRA BASIN FARM, AS","12",",a","5",",a","0",",a","8.1",",,a,30,","33.0",",,,a"
"ASN00021126","1964-07","-33.6667","138.9667","570.0","BURRA BASIN FARM, AS","13",",a","12",",a","0",",a","19.3",",,a,12,","87.6",",,,a"
"ASN00021126","1964-08","-33.6667","138.9667","570.0","BURRA BASIN FARM, AS","12",",a","6",",a","0",",a","20.3",",,a,24,","48.6",",,,a"
"ASN00021126","1964-09","-33.6667","138.9667","570.0","BURRA BASIN FARM, AS","10",",a","7",",a","0",",a","23.4",",,a,27,","72.6",",,,a"
"ASN00021126","1964-10","-33.6667","138.9667","570.0","BURRA BASIN FARM, AS","8",",a","5",",a","0",",a","11.4",",,a,08,","38.5",",,,a"
"ASN00021126","1964-11","-33.6667","138.9667","570.0","BURRA BASIN FARM, AS","5",",a","2",",a","0",",a","4.6",",,a,18,","12.2",",,,a"
"ASN00021126","1964-12","-33.6667","138.9667","570.0","BURRA BASIN FARM, AS","5",",a","3",",a","0",",a","24.9",",,a,22,","42.4",",,,a"
"ASN00021126","1965-01","-33.6667","138.9667","570.0","BURRA BASIN FARM, AS","1",",a","0",",a","0",",a","1.0",",,a,28,","1.0",",,,a"
"ASN00021126","1965-02","-33.6667","138.9667","570.0","BURRA BASIN FARM, AS","0",",a","0",",a","0",",a","0.0",",,a,28,+","0.0",",,,a"
"ASN00021126","1965-03","-33.6667","138.9667","570.0","BURRA BASIN FARM, AS","2",",a","0",",a","0",",a","1.3",",,a,12,","1.8",",,,a"
"ASN00021126","1965-04","-33.6667","138.9667","570.0","BURRA BASIN FARM, AS","6",",a","1",",a","0",",a","2.5",",,a,17,","7.1",",,,a"
"ASN00021126","1965-05","-33.6667","138.9667","570.0","BURRA BASIN FARM, AS","7",",a","5",",a","1",",a","26.2",",,a,14,","43.4",",,,a"
"ASN00021126","1965-06","-33.6667","138.9667","570.0","BURRA BASIN FARM, AS","3",",a","3",",a","1",",a","29.2",",,a,21,","36.1",",,,a"
"ASN00021126","1965-07","-33.6667","138.9667","570.0","BURRA BASIN FARM, AS","13",",a","5",",a","0",",a","21.6",",,a,13,","51.8",",,,a"
"ASN00021126","1965-08","-33.6667","138.9667","570.0","BURRA BASIN FARM, AS","10",",a","6",",a","0",",a","15.2",",,a,16,","51.7",",,,a"
"ASN00021126","1965-09","-33.6667","138.9667","570.0","BURRA BASIN FARM, AS","9",",a","7",",a","0",",a","10.9",",,a,05,","36.8",",,,a"
"ASN00021126","1965-10","-33.6667","138.9667","570.0","BURRA BASIN FARM, AS","4",",a","0",",a","0",",a","2.0",",,a,01,","5.9",",,,a"
"ASN00021126","1965-11","-33.6667","138.9667","570.0","BURRA BASIN FARM, AS","11",",a","5",",a","0",",a","10.2",",,a,11,","33.1",",,,a"
"ASN00021126","1965-12","-33.6667","138.9667","570.0","BURRA BASIN FARM, AS","7",",a","4",",a","0",",a","5.3",",,a,07,+","19.4",",,,a"
"ASN00021126","1966-01","-33.6667","138.9667","570.0","BURRA BASIN FARM, AS","2",",a","0",",a","0",",a","1.0",",,a,12,","1.5",",,,a"
"ASN00021126","1966-02","-33.6667","138.9667","570.0","BURRA BASIN FARM, AS","4",",a","2",",a","0",",a","13.0",",,a,13,","27.2",",,,a"
"ASN00021126","1966-03","-33.6667","138.9667","570.0","BURRA BASIN FARM, AS","4",",a","2",",a","0",",a","14.0",",,a,16,","21.7",",,,a"
"ASN00021126","1966-04","-33.6667","138.9667","570.0","BURRA BASIN FARM, AS","3",",a","1",",a","0",",a","4.8",",,a,22,","6.8",",,,a"
"ASN00021126","1966-05","-33.6667","138.9667","570.0","BURRA BASIN FARM, AS","7",",a","3",",a","0",",a","15.2",",,a,04,","29.1",",,,a"
"ASN00021126","1966-06","-33.6667","138.9667","570.0","BURRA BASIN FARM, AS","12",",a","8",",a","0",",a","10.2",",,a,23,","40.3",",,,a"
"ASN00021126","1966-07","-33.6667","138.9667","570.0","BURRA BASIN FARM, AS","19",",a","8",",a","0",",a","14.5",",,a,27,","65.0",",,,a"
"ASN00021126","1966-08","-33.6667","138.9667","570.0","BURRA BASIN FARM, AS","8",",a","2",",a","0",",a","4.8",",,a,10,","17.0",",,,a"
"ASN00021126","1966-09","-33.6667","138.9667","570.0","BURRA BASIN FARM, AS","10",",a","8",",a","0",",a","7.6",",,a,16,","47.4",",,,a"
"ASN00021126","1966-10","-33.6667","138.9667","570.0","BURRA BASIN FARM, AS","9",",a","1",",a","0",",a","6.1",",,a,02,","15.9",",,,a"
"ASN00021126","1966-11","-33.6667","138.9667","570.0","BURRA BASIN FARM, AS","2",",a","0",",a","0",",a","1.3",",,a,13,","2.3",",,,a"
"ASN00021126","1966-12","-33.6667","138.9667","570.0","BURRA BASIN FARM, AS","8",",a","6",",a","2",",a","43.2",",,a,01,","114.1",",,,a"
"ASN00021126","1967-01","-33.6667","138.9667","570.0","BURRA BASIN FARM, AS","4",",a","3",",a","0",",a","10.9",",,a,24,","21.0",",,,a"
"ASN00021126","1967-02","-33.6667","138.9667","570.0","BURRA BASIN FARM, AS","3",",a","2",",a","0",",a","6.6",",,a,24,","11.9",",,,a"
"ASN00021126","1967-03","-33.6667","138.9667","570.0","BURRA BASIN FARM, AS","1",",a","1",",a","0",",a","2.5",",,a,02,","2.5",",,,a"
"ASN00021126","1967-04","-33.6667","138.9667","570.0","BURRA BASIN FARM, AS","1",",a","0",",a","0",",a","0.8",",,a,06,","0.8",",,,a"
"ASN00021126","1967-05","-33.6667","138.9667","570.0","BURRA BASIN FARM, AS","5",",a","2",",a","0",",a","7.4",",,a,19,","18.0",",,,a"
"ASN00021126","1967-06","-33.6667","138.9667","570.0","BURRA BASIN FARM, AS","4",",a","3",",a","1",",a","45.5",",,a,15,","52.7",",,,a"
"ASN00021126","1967-07","-33.6667","138.9667","570.0","BURRA BASIN FARM, AS","7",",a","3",",a","0",",a","6.6",",,a,28,","18.5",",,,a"
"ASN00021126","1967-08","-33.6667","138.9667","570.0","BURRA BASIN FARM, AS","7",",a","5",",a","0",",a","11.4",",,a,18,","43.5",",,,a"
"ASN00021126","1967-09","-33.6667","138.9667","570.0","BURRA BASIN FARM, AS","6",",a","1",",a","0",",a","8.4",",,a,15,","14.9",",,,a"
"ASN00021126","1967-10","-33.6667","138.9667","570.0","BURRA BASIN FARM, AS","3",",a","1",",a","0",",a","2.8",",,a,05,","4.8",",,,a"
"ASN00021126","1967-11","-33.6667","138.9667","570.0","BURRA BASIN FARM, AS","0",",a","0",",a","0",",a","0.0",",,a,30,+","0.0",",,,a"
"ASN00021126","1967-12","-33.6667","138.9667","570.0","BURRA BASIN FARM, AS","3",",a","0",",a","0",",a","1.8",",,a,17,+","5.1",",,,a"
"ASN00021126","1968-01","-33.6667","138.9667","570.0","BURRA BASIN FARM, AS","5",",a","3",",a","0",",a","13.2",",,a,16,","34.1",",,,a"
"ASN00021126","1968-02","-33.6667","138.9667","570.0","BURRA BASIN FARM, AS","3",",a","2",",a","0",",a","6.6",",,a,18,","12.5",",,,a"
"ASN00021126","1968-03","-33.6667","138.9667","570.0","BURRA BASIN FARM, AS","3",",a","1",",a","0",",a","19.3",",,a,22,","21.3",",,,a"
"ASN00021126","1968-04","-33.6667","138.9667","570.0","BURRA BASIN FARM, AS","5",",a","3",",a","0",",a","11.2",",,a,28,","22.9",",,,a"
"ASN00021126","1968-05","-33.6667","138.9667","570.0","BURRA BASIN FARM, AS","16",",a","8",",a","0",",a","11.2",",,a,28,","61.7",",,,a"
"ASN00021126","1968-06","-33.6667","138.9667","570.0","BURRA BASIN FARM, AS","11",",a","6",",a","0",",a","21.1",",,a,04,","84.3",",,,a"
"ASN00021126","1968-07","-33.6667","138.9667","570.0","BURRA BASIN FARM, AS","10",",a","5",",a","0",",a","23.4",",,a,01,","51.6",",,,a"
"ASN00021126","1968-08","-33.6667","138.9667","570.0","BURRA BASIN FARM, AS","15",",a","8",",a","0",",a","9.9",",,a,27,","48.4",",,,a"
"ASN00021126","1968-09","-33.6667","138.9667","570.0","BURRA BASIN FARM, AS","6",",a","2",",a","0",",a","5.1",",,a,30,","14.7",",,,a"
"ASN00021126","1968-10","-33.6667","138.9667","570.0","BURRA BASIN FARM, AS","7",",a","3",",a","0",",a","17.5",",,a,01,","33.9",",,,a"
"ASN00021126","1968-11","-33.6667","138.9667","570.0","BURRA BASIN FARM, AS","6",",a","3",",a","0",",a","9.9",",,a,22,","25.9",",,,a"
"ASN00021126","1968-12","-33.6667","138.9667","570.0","BURRA BASIN FARM, AS","4",",a","2",",a","0",",a","12.2",",,a,22,","18.5",",,,a"
"ASN00021126","1969-01","-33.6667","138.9667","570.0","BURRA BASIN FARM, AS","3",",a","1",",a","0",",a","8.1",",,a,13,","9.7",",,,a"
"ASN00021126","1969-02","-33.6667","138.9667","570.0","BURRA BASIN FARM, AS","4",",a","2",",a","1",",a","48.0",",,a,10,","60.2",",,,a"
"ASN00021126","1969-03","-33.6667","138.9667","570.0","BURRA BASIN FARM, AS","7",",a","4",",a","0",",a","13.2",",,a,23,","30.8",",,,a"
"ASN00021126","1969-04","-33.6667","138.9667","570.0","BURRA BASIN FARM, AS","6",",a","3",",a","0",",a","21.3",",,a,18,","34.6",",,,a"
"ASN00021126","1969-05","-33.6667","138.9667","570.0","BURRA BASIN FARM, AS","13",",a","7",",a","0",",a","12.4",",,a,28,","57.7",",,,a"
"ASN00021126","1969-06","-33.6667","138.9667","570.0","BURRA BASIN FARM, AS","8",",a","5",",a","0",",a","15.7",",,a,08,","32.4",",,,a"
"ASN00021126","1969-07","-33.6667","138.9667","570.0","BURRA BASIN FARM, AS","10",",a","7",",a","1",",a","25.4",",,a,22,","67.0",",,,a"
"ASN00021126","1969-08","-33.6667","138.9667","570.0","BURRA BASIN FARM, AS","8",",a","5",",a","0",",a","6.9",",,a,02,","24.7",",,,a"
"ASN00021126","1969-09","-33.6667","138.9667","570.0","BURRA BASIN FARM, AS","11",",a","7",",a","1",",a","27.9",",,a,13,","57.1",",,,a"
"ASN00021126","1969-10","-33.6667","138.9667","570.0","BURRA BASIN FARM, AS","3",",a","1",",a","0",",a","6.1",",,a,28,","6.9",",,,a"
"ASN00021126","1969-11","-33.6667","138.9667","570.0","BURRA BASIN FARM, AS","3",",a","1",",a","0",",a","5.3",",,a,04,","9.6",",,,a"
"ASN00021126","1969-12","-33.6667","138.9667","570.0","BURRA BASIN FARM, AS","6",",a","1",",a","0",",a","5.6",",,a,18,","11.2",",,,a"
"ASN00021126","1970-01","-33.6667","138.9667","570.0","BURRA BASIN FARM, AS","6",",a","1",",a","0",",a","11.7",",,a,01,","16.2",",,,a"
"ASN00021126","1970-02","-33.6667","138.9667","570.0","BURRA BASIN FARM, AS","4",",a","2",",a","0",",a","3.6",",,a,05,","7.7",",,,a"
"ASN00021126","1970-03","-33.6667","138.9667","570.0","BURRA BASIN FARM, AS","0",",a","0",",a","0",",a","0.0",",,a,31,+","0.0",",,,a"
"ASN00021126","1970-04","-33.6667","138.9667","570.0","BURRA BASIN FARM, AS","6",",a","5",",a","0",",a","12.7",",,a,10,","28.5",",,,a"
"ASN00021126","1970-05","-33.6667","138.9667","570.0","BURRA BASIN FARM, AS","6",",a","2",",a","0",",a","17.8",",,a,15,","29.5",",,,a"
"ASN00021126","1970-06","-33.6667","138.9667","570.0","BURRA BASIN FARM, AS","13",",a","8",",a","0",",a","9.1",",,a,29,","41.9",",,,a"
"ASN00021126","1970-07","-33.6667","138.9667","570.0","BURRA BASIN FARM, AS","12",",a","4",",a","0",",a","4.6",",,a,05,","23.1",",,,a"
"ASN00021126","1970-08","-33.6667","138.9667","570.0","BURRA BASIN FARM, AS","15",",a","8",",a","1",",a","30.2",",,a,26,","71.9",",,,a"
"ASN00021126","1970-09","-33.6667","138.9667","570.0","BURRA BASIN FARM, AS","12",",a","7",",a","1",",a","41.7",",,a,26,","96.5",",,,a"
"ASN00021126","1970-10","-33.6667","138.9667","570.0","BURRA BASIN FARM, AS","3",",a","1",",a","0",",a","13.7",",,a,18,","15.0",",,,a"
"ASN00021126","1970-11","-33.6667","138.9667","570.0","BURRA BASIN FARM, AS","6",",a","2",",a","0",",a","21.8",",,a,10,","38.9",",,,a"
"ASN00021126","1970-12","-33.6667","138.9667","570.0","BURRA BASIN FARM, AS","3",",a","2",",a","0",",a","11.2",",,a,04,","22.2",",,,a"
"ASN00021126","1971-01","-33.6667","138.9667","570.0","BURRA BASIN FARM, AS","1",",a","0",",a","0",",a","1.0",",,a,16,","1.0",",,,a"
"ASN00021126","1971-02","-33.6667","138.9667","570.0","BURRA BASIN FARM, AS","1",",a","1",",a","0",",a","3.3",",,a,19,","3.3",",,,a"
"ASN00021126","1971-03","-33.6667","138.9667","570.0","BURRA BASIN FARM, AS","9",",a","5",",a","0",",a","10.7",",,a,14,","46.0",",,,a"
"ASN00021126","1971-04","-33.6667","138.9667","570.0","BURRA BASIN FARM, AS","12",",a","8",",a","0",",a","20.6",",,a,16,","65.7",",,,a"
"ASN00021126","1971-05","-33.6667","138.9667","570.0","BURRA BASIN FARM, AS","9",",a","6",",a","0",",a","15.5",",,a,07,","64.0",",,,a"
"ASN00021126","1971-06","-33.6667","138.9667","570.0","BURRA BASIN FARM, AS","11",",a","4",",a","0",",a","14.7",",,a,07,","44.8",",,,a"
"ASN00021126","1971-07","-33.6667","138.9667","570.0","BURRA BASIN FARM, AS","13",",a","5",",a","0",",a","17.0",",,a,30,","37.6",",,,a"
"ASN00021126","1971-08","-33.6667","138.9667","570.0","BURRA BASIN FARM, AS","14",",a","8",",a","0",",a","13.2",",,a,28,","57.1",",,,a"
"ASN00021126","1971-09","-33.6667","138.9667","570.0","BURRA BASIN FARM, AS","12",",a","6",",a","0",",a","14.0",",,a,15,","47.1",",,,a"
"ASN00021126","1971-10","-33.6667","138.9667","570.0","BURRA BASIN FARM, AS","6",",a","3",",a","0",",a","6.9",",,a,14,","16.4",",,,a"
"ASN00021126","1971-11","-33.6667","138.9667","570.0","BURRA BASIN FARM, AS","9",",a","7",",a","0",",a","19.6",",,a,06,","49.0",",,,a"
"ASN00021126","1971-12","-33.6667","138.9667","570.0","BURRA BASIN FARM, AS","5",",a","1",",a","0",",a","9.7",",,a,09,","14.6",",,,a"
"ASN00021126","1972-01","-33.6667","138.9667","570.0","BURRA BASIN FARM, AS","8",",a","5",",a","0",",a","18.5",",,a,11,","50.7",",,,a"
"ASN00021126","1972-02","-33.6667","138.9667","570.0","BURRA BASIN FARM, AS","6",",a","6",",a","0",",a","17.5",",,a,16,","44.6",",,,a"
"ASN00021126","1972-03","-33.6667","138.9667","570.0","BURRA BASIN FARM, AS","0",",a","0",",a","0",",a","0.0",",,a,31,+","0.0",",,,a"
"ASN00021126","1972-04","-33.6667","138.9667","570.0","BURRA BASIN FARM, AS","5",",a","3",",a","0",",a","7.4",",,a,22,","14.8",",,,a"
"ASN00021126","1972-05","-33.6667","138.9667","570.0","BURRA BASIN FARM, AS","6",",a","1",",a","0",",a","3.6",",,a,16,","8.3",",,,a"
"ASN00021126","1972-06","-33.6667","138.9667","570.0","BURRA BASIN FARM, AS","5",",a","4",",a","0",",a","7.6",",,a,29,","23.9",",,,a"
"ASN00021126","1972-07","-33.6667","138.9667","570.0","BURRA BASIN FARM, AS","20",",a","6",",a","0",",a","6.1",",,a,10,","37.0",",,,a"
"ASN00021126","1972-08","-33.6667","138.9667","570.0","BURRA BASIN FARM, AS","9",",a","7",",a","0",",a","13.2",",,a,06,","52.2",",,,a"
"ASN00021126","1972-09","-33.6667","138.9667","570.0","BURRA BASIN FARM, AS","3",",a","2",",a","0",",a","7.1",",,a,13,","16.3",",,,a"
"ASN00021126","1972-10","-33.6667","138.9667","570.0","BURRA BASIN FARM, AS","6",",a","3",",a","0",",a","8.9",",,a,16,","24.1",",,,a"
"ASN00021126","1972-11","-33.6667","138.9667","570.0","BURRA BASIN FARM, AS","4",",a","2",",a","0",",a","5.6",",,a,10,","15.0",",,,a"
"ASN00021126","1972-12","-33.6667","138.9667","570.0","BURRA BASIN FARM, AS","1",",a","1",",a","0",",a","12.7",",,a,26,","12.7",",,,a"
"ASN00021126","1973-01","-33.6667","138.9667","570.0","BURRA BASIN FARM, AS","3",",a","3",",a","0",",a","8.1",",,a,30,+","21.3",",,,a"
"ASN00021126","1973-02","-33.6667","138.9667","570.0","BURRA BASIN FARM, AS","6",",a","5",",a","2",",a","48.8",",,a,06,","100.9",",,,a"
"ASN00021126","1973-03","-33.6667","138.9667","570.0","BURRA BASIN FARM, AS","6",",a","4",",a","1",",a","32.8",",,a,27,","70.0",",,,a"
"ASN00021126","1973-04","-33.6667","138.9667","570.0","BURRA BASIN FARM, AS","3","2,a","3","2,a","0","2,a","12.4","2,,a,18,","23.4",",a,,a"
"ASN00021126","1973-05","-33.6667","138.9667","570.0","BURRA BASIN FARM, AS","6","4,a","2","4,a","0","4,a","3.6","4,,a,09,","52.3",",a,,a"
"ASN00021126","1973-06","-33.6667","138.9667","570.0","BURRA BASIN FARM, AS","12","2,a","7","2,a","0","2,a","19.1","2,,a,10,","73.9",",a,,a"
"ASN00021126","1973-07","-33.6667","138.9667","570.0","BURRA BASIN FARM, AS","6",",a","5",",a","0",",a","13.7",",,a,16,","35.6",",,,a"
"ASN00021126","1973-08","-33.6667","138.9667","570.0","BURRA BASIN FARM, AS","8",",a","5",",a","2",",a","60.7",",,a,27,","109.9",",,,a"
"ASN00021126","1973-09","-33.6667","138.9667","570.0","BURRA BASIN FARM, AS","7",",a","6",",a","0",",a","8.9",",,a,25,","35.6",",,,a"
"ASN00021126","1973-10","-33.6667","138.9667","570.0","BURRA BASIN FARM, AS","6",",a","5",",a","2",",a","45.5",",,a,18,","103.1",",,,a"
"ASN00021126","1973-11","-33.6667","138.9667","570.0","BURRA BASIN FARM, AS","4",",a","3",",a","0",",a","21.8",",,a,03,","48.0",",,,a"
"ASN00021126","1973-12","-33.6667","138.9667","570.0","BURRA BASIN FARM, AS","2",",a","1",",a","0",",a","12.4",",,a,30,","13.9",",,,a"
"ASN00021126","1974-01","-33.6667","138.9667","570.0","BURRA BASIN FARM, AS","12",",a","10",",a","3",",a","55.6",",,a,28,","220.4",",,,a"
"ASN00021126","1974-02","-33.6667","138.9667","570.0","BURRA BASIN FARM, AS","2","2,a","2","2,a","0","2,a","8.9","2,,a,18,","37.4",",a,,a"
"ASN00021126","1974-03","-33.6667","138.9667","570.0","BURRA BASIN FARM, AS","7",",a","5",",a","0",",a","22.1",",,a,31,","43.9",",,,a"
"ASN00021126","1974-04","-33.6667","138.9667","570.0","BURRA BASIN FARM, AS","12",",a","10",",a","3",",a","35.1",",,a,27,","169.0",",,,a"
"ASN00021126","1974-05","-33.6667","138.9667","570.0","BURRA BASIN FARM, AS","7",",a","7",",a","1",",a","26.9",",,a,08,","107.2",",,,a"
"ASN00021126","1974-06","-33.6667","138.9667","570.0","BURRA BASIN FARM, AS","6",",a","5",",a","0",",a","7.6",",,a,28,","27.4",",,,a"
"ASN00021126","1974-07","-33.6667","138.9667","570.0","BURRA BASIN FARM, AS","11","5,a","9","5,a","1","5,a","30.0","5,,a,19,","108.0",",a,,a"
"ASN00021126","1974-08","-33.6667","138.9667","570.0","BURRA BASIN FARM, AS","8",",a","5",",a","0",",a","11.9",",,a,03,","42.7",",,,a"
"ASN00021126","1974-09","-33.6667","138.9667","570.0","BURRA BASIN FARM, AS","8",",a","6",",a","0",",a","18.8",",,a,13,","60.5",",,,a"
"ASN00021126","1974-10","-33.6667","138.9667","570.0","BURRA BASIN FARM, AS","7","2,a","5","2,a","1","2,a","33.8","2,,a,16,","91.0",",a,,a"
"ASN00021126","1974-11","-33.6667","138.9667","570.0","BURRA BASIN FARM, AS","1",",a","1",",a","0",",a","12.7",",,a,12,","12.7",",,,a"
"ASN00021126","1974-12","-33.6667","138.9667","570.0","BURRA BASIN FARM, AS","0",",a","0",",a","0",",a","0.0",",,a,31,+","0.0",",,,a"
"ASN00021126","1975-01","-33.6667","138.9667","570.0","BURRA BASIN FARM, AS","0",",a","0",",a","0",",a","0.0",",,a,31,+","0.0",",,,a"
"ASN00021126","1975-03","-33.6667","138.9667","570.0","BURRA BASIN FARM, AS","5",",a","4",",a","0",",a","14.0",",,a,19,","29.7",",,,a"
"ASN00021126","1975-04","-33.6667","138.9667","570.0","BURRA BASIN FARM, AS","3",",a","2",",a","0",",a","12.2",",,a,30,","22.9",",,,a"
"ASN00021126","1975-05","-33.6667","138.9667","570.0","BURRA BASIN FARM, AS","11",",a","6",",a","0",",a","8.1",",,a,25,","40.8",",,,a"
"ASN00021126","1975-06","-33.6667","138.9667","570.0","BURRA BASIN FARM, AS","0",",a","0",",a","0",",a","0.0",",,a,30,+","0.0",",,,a"
"ASN00021126","1975-07","-33.6667","138.9667","570.0","BURRA BASIN FARM, AS","6",",a","6",",a","0",",a","8.9",",,a,31,","39.6",",,,a"
"ASN00021126","1975-08","-33.6667","138.9667","570.0","BURRA BASIN FARM, AS","7","2,a","4","2,a","0","2,a","8.1","2,,a,03,","33.5",",a,,a"
"ASN00021126","1975-09","-33.6667","138.9667","570.0","BURRA BASIN FARM, AS","7","2,a","5","2,a","0","2,a","12.4","2,,a,16,","61.5",",a,,a"
"ASN00021126","1975-10","-33.6667","138.9667","570.0","BURRA BASIN FARM, AS","9",",a","9",",a","0",",a","24.1",",,a,24,+","124.6",",,,a"
"ASN00021126","1975-11","-33.6667","138.9667","570.0","BURRA BASIN FARM, AS","4",",a","3",",a","0",",a","15.0",",,a,23,","30.8",",,,a"
"ASN00021126","1975-12","-33.6667","138.9667","570.0","BURRA BASIN FARM, AS","5",",a","5",",a","1",",a","26.4",",,a,13,","54.8",",,,a"
"ASN00021126","1976-01","-33.6667","138.9667","570.0","BURRA BASIN FARM, AS","1",",a","0",",a","0",",a","1.3",",,a,11,","1.3",",,,a"
"ASN00021126","1976-02","-33.6667","138.9667","570.0","BURRA BASIN FARM, AS","6",",a","6",",a","1",",a","33.8",",,a,09,","71.3",",,,a"
"ASN00021126","1976-03","-33.6667","138.9667","570.0","BURRA BASIN FARM, AS","0",",a","0",",a","0",",a","0.0",",,a,31,+","0.0",",,,a"
"ASN00021126","1976-04","-33.6667","138.9667","570.0","BURRA BASIN FARM, AS","3",",a","1",",a","0",",a","3.6",",,a,10,","6.1",",,,a"
"ASN00021126","1976-05","-33.6667","138.9667","570.0","BURRA BASIN FARM, AS","5",",a","1",",a","0",",a","3.3",",,a,23,","9.7",",,,a"
"ASN00021126","1976-06","-33.6667","138.9667","570.0","BURRA BASIN FARM, AS","7",",a","3",",a","0",",a","6.6",",,a,02,","18.4",",,,a"
"ASN00021126","1976-07","-33.6667","138.9667","570.0","BURRA BASIN FARM, AS","3",",a","2",",a","0",",a","7.4",",,a,04,","15.3",",,,a"
"ASN00021126","1976-08","-33.6667","138.9667","570.0","BURRA BASIN FARM, AS","7",",a","5",",a","0",",a","8.9",",,a,01,","29.9",",,,a"
"ASN00021126","1976-09","-33.6667","138.9667","570.0","BURRA BASIN FARM, AS","11",",a","4",",a","0",",a","10.7",",,a,09,","31.8",",,,a"
"ASN00021126","1976-10","-33.6667","138.9667","570.0","BURRA BASIN FARM, AS","9",",a","8",",a","2",",a","55.9",",,a,04,","127.9",",,,a"
"ASN00021126","1976-11","-33.6667","138.9667","570.0","BURRA BASIN FARM, AS","4",",a","3",",a","0",",a","8.6",",,a,02,","19.6",",,,a"
"ASN00021126","1976-12","-33.6667","138.9667","570.0","BURRA BASIN FARM, AS","1",",a","1",",a","0",",a","3.0",",,a,15,","3.0",",,,a"
"ASN00021126","1977-01","-33.6667","138.9667","570.0","BURRA BASIN FARM, AS","2",",a","0",",a","0",",a","0.5",",,a,15,","0.8",",,,a"
"ASN00021126","1977-02","-33.6667","138.9667","570.0","BURRA BASIN FARM, AS","2",",a","2",",a","0",",a","15.0",",,a,22,","18.8",",,,a"
"ASN00021126","1977-03","-33.6667","138.9667","570.0","BURRA BASIN FARM, AS","2",",a","1",",a","0",",a","7.1",",,a,26,","8.9",",,,a"
"ASN00021126","1977-04","-33.6667","138.9667","570.0","BURRA BASIN FARM, AS","2",",a","1",",a","0",",a","8.4",",,a,07,","9.4",",,,a"
"ASN00021126","1977-05","-33.6667","138.9667","570.0","BURRA BASIN FARM, AS","11",",a","7",",a","0",",a","8.1",",,a,23,","39.0",",,,a"
"ASN00021126","1977-06","-33.6667","138.9667","570.0","BURRA BASIN FARM, AS","10",",a","3",",a","0",",a","19.1",",,a,29,","39.4",",,,a"
"ASN00021126","1977-07","-33.6667","138.9667","570.0","BURRA BASIN FARM, AS","6",",a","5",",a","0",",a","7.1",",,a,28,","24.9",",,,a"
"ASN00021126","1977-08","-33.6667","138.9667","570.0","BURRA BASIN FARM, AS","5",",a","4",",a","0",",a","8.4",",,a,03,","21.3",",,,a"
"ASN00021126","1977-09","-33.6667","138.9667","570.0","BURRA BASIN FARM, AS","9",",a","7",",a","0",",a","14.2",",,a,01,","49.6",",,,a"
"ASN00021126","1977-10","-33.6667","138.9667","570.0","BURRA BASIN FARM, AS","5",",a","2",",a","0",",a","9.1",",,a,31,","16.5",",,,a"
"ASN00021126","1977-11","-33.6667","138.9667","570.0","BURRA BASIN FARM, AS","8",",a","3",",a","1",",a","26.2",",,a,28,","48.8",",,,a"
"ASN00021126","1977-12","-33.6667","138.9667","570.0","BURRA BASIN FARM, AS","2",",a","2",",a","0",",a","5.1",",,a,24,","8.9",",,,a"
"ASN00021126","1978-01","-33.6667","138.9667","570.0","BURRA BASIN FARM, AS","4",",a","1",",a","0",",a","2.8",",,a,03,","5.9",",,,a"
"ASN00021126","1978-02","-33.6667","138.9667","570.0","BURRA BASIN FARM, AS","0",",a","0",",a","0",",a","0.0",",,a,28,+","0.0",",,,a"
"ASN00021126","1978-03","-33.6667","138.9667","570.0","BURRA BASIN FARM, AS","5",",a","1",",a","0",",a","3.6",",,a,11,","7.3",",,,a"
"ASN00021126","1978-04","-33.6667","138.9667","570.0","BURRA BASIN FARM, AS","4",",a","3",",a","0",",a","7.1",",,a,09,","18.2",",,,a"
"ASN00021126","1978-05","-33.6667","138.9667","570.0","BURRA BASIN FARM, AS","10",",a","5",",a","0",",a","13.0",",,a,08,","44.8",",,,a"
"ASN00021126","1978-06","-33.6667","138.9667","570.0","BURRA BASIN FARM, AS","15",",a","8",",a","0",",a","22.1",",,a,25,","81.1",",,,a"
"ASN00021126","1978-07","-33.6667","138.9667","570.0","BURRA BASIN FARM, AS","14",",a","8",",a","0",",a","19.1",",,a,21,","69.1",",,,a"
"ASN00021126","1978-08","-33.6667","138.9667","570.0","BURRA BASIN FARM, AS","10",",a","7",",a","0",",a","18.5",",,a,06,","54.0",",,,a"
"ASN00021126","1978-09","-33.6667","138.9667","570.0","BURRA BASIN FARM, AS","13",",a","10",",a","0",",a","18.0",",,a,21,","78.4",",,,a"
"ASN00021126","1978-10","-33.6667","138.9667","570.0","BURRA BASIN FARM, AS","3",",a","1",",a","0",",a","11.2",",,a,13,","14.2",",,,a"
"ASN00021126","1978-11","-33.6667","138.9667","570.0","BURRA BASIN FARM, AS","5",",a","5",",a","0",",a","11.2",",,a,18,","34.0",",,,a"
"ASN00021126","1978-12","-33.6667","138.9667","570.0","BURRA BASIN FARM, AS","3",",a","1",",a","0",",a","8.9",",,a,23,","11.2",",,,a"
"ASN00021126","1979-01","-33.6667","138.9667","570.0","BURRA BASIN FARM, AS","2",",a","2",",a","0",",a","16.8",",,a,16,","20.6",",,,a"
"ASN00021126","1979-02","-33.6667","138.9667","570.0","BURRA BASIN FARM, AS","5",",a","4",",a","0",",a","23.9",",,a,23,","51.9",",,,a"
"ASN00021126","1979-03","-33.6667","138.9667","570.0","BURRA BASIN FARM, AS","2",",a","2",",a","0",",a","3.0",",,a,01,","5.5",",,,a"
"ASN00021126","1979-04","-33.6667","138.9667","570.0","BURRA BASIN FARM, AS","3",",a","3",",a","0",",a","9.1",",,a,16,","21.3",",,,a"
"ASN00021126","1979-05","-33.6667","138.9667","570.0","BURRA BASIN FARM, AS","12",",a","7",",a","0",",a","13.5",",,a,24,","55.4",",,,a"
"ASN00021126","1979-06","-33.6667","138.9667","570.0","BURRA BASIN FARM, AS","6",",a","0",",a","0",",a","1.8",",,a,27,","5.5",",,,a"
"ASN00021126","1979-07","-33.6667","138.9667","570.0","BURRA BASIN FARM, AS","10",",a","4",",a","0",",a","8.9",",,a,02,","25.9",",,,a"
"ASN00021126","1979-08","-33.6667","138.9667","570.0","BURRA BASIN FARM, AS","10",",a","7",",a","0",",a","12.7",",,a,27,","41.4",",,,a"
"ASN00021126","1979-09","-33.6667","138.9667","570.0","BURRA BASIN FARM, AS","16",",a","9",",a","1",",a","68.6",",,a,27,","135.2",",,,a"
"ASN00021126","1979-10","-33.6667","138.9667","570.0","BURRA BASIN FARM, AS","7",",a","4",",a","1",",a","25.7",",,a,06,","64.6",",,,a"
"ASN00021126","1979-11","-33.6667","138.9667","570.0","BURRA BASIN FARM, AS","5",",a","4",",a","0",",a","18.3",",,a,10,","41.9",",,,a"
"ASN00021126","1979-12","-33.6667","138.9667","570.0","BURRA BASIN FARM, AS","6",",a","1",",a","1",",a","43.2",",,a,31,","49.1",",,,a"
"ASN00021126","1980-01","-33.6667","138.9667","570.0","BURRA BASIN FARM, AS","2",",a","0",",a","0",",a","1.0",",,a,03,","1.8",",,,a"
"ASN00021126","1980-02","-33.6667","138.9667","570.0","BURRA BASIN FARM, AS","2",",a","0",",a","0",",a","0.8",",,a,08,","1.3",",,,a"
"ASN00021126","1980-03","-33.6667","138.9667","570.0","BURRA BASIN FARM, AS","0",",a","0",",a","0",",a","0.0",",,a,31,+","0.0",",,,a"
"ASN00021126","1980-04","-33.6667","138.9667","570.0","BURRA BASIN FARM, AS","7",",a","5",",a","1",",a","25.4",",,a,23,","74.2",",,,a"
"ASN00021126","1980-05","-33.6667","138.9667","570.0","BURRA BASIN FARM, AS","6",",a","5",",a","1",",a","50.8",",,a,27,","83.3",",,,a"
"ASN00021126","1980-06","-33.6667","138.9667","570.0","BURRA BASIN FARM, AS","6","2,a","5","2,a","0","2,a","16.5","2,,a,08,","110.5",",a,,a"
"ASN00021126","1980-07","-33.6667","138.9667","570.0","BURRA BASIN FARM, AS","8",",a","6",",a","0",",a","20.3",",,a,01,","49.1",",,,a"
"ASN00021126","1980-08","-33.6667","138.9667","570.0","BURRA BASIN FARM, AS","3",",a","0",",a","0",",a","2.3",",,a,31,","4.8",",,,a"
"ASN00021126","1980-09","-33.6667","138.9667","570.0","BURRA BASIN FARM, AS","6",",a","4",",a","0",",a","7.9",",,a,17,","22.9",",,,a"
"ASN00021126","1980-10","-33.6667","138.9667","570.0","BURRA BASIN FARM, AS","6",",a","4",",a","1",",a","44.5",",,a,06,","75.6",",,,a"
"ASN00021126","1980-11","-33.6667","138.9667","570.0","BURRA BASIN FARM, AS","2",",a","1",",a","0",",a","5.3",",,a,05,","7.1",",,,a"
"ASN00021126","1980-12","-33.6667","138.9667","570.0","BURRA BASIN FARM, AS","2",",a","1",",a","0",",a","3.3",",,a,03,","4.1",",,,a"
"ASN00021126","1981-01","-33.6667","138.9667","570.0","BURRA BASIN FARM, AS","4",",a","3",",a","0",",a","13.2",",,a,27,","27.2",",,,a"
"ASN00021126","1981-02","-33.6667","138.9667","570.0","BURRA BASIN FARM, AS","4",",a","1",",a","0",",a","3.8",",,a,05,","10.2",",,,a"
"ASN00021126","1981-03","-33.6667","138.9667","570.0","BURRA BASIN FARM, AS","6",",a","2",",a","0",",a","12.2",",,a,28,","18.8",",,,a"
"ASN00021126","1981-04","-33.6667","138.9667","570.0","BURRA BASIN FARM, AS","2",",a","0",",a","0",",a","0.5",",,a,13,","0.8",",,,a"
"ASN00021126","1981-05","-33.6667","138.9667","570.0","BURRA BASIN FARM, AS","14",",a","6",",a","1",",a","29.0",",,a,21,","67.0",",,,a"
"ASN00021126","1981-06","-33.6667","138.9667","570.0","BURRA BASIN FARM, AS","17",",a","10",",a","0",",a","18.8",",,a,23,","81.8",",,,a"
"ASN00021126","1981-07","-33.6667","138.9667","570.0","BURRA BASIN FARM, AS","15",",a","7",",a","0",",a","18.3",",,a,21,","81.7",",,,a"
"ASN00021126","1981-08","-33.6667","138.9667","570.0","BURRA BASIN FARM, AS","15",",a","8",",a","0",",a","13.0",",,a,07,","73.1",",,,a"
"ASN00021126","1981-09","-33.6667","138.9667","570.0","BURRA BASIN FARM, AS","6",",a","3",",a","0",",a","5.8",",,a,27,","19.3",",,,a"
"ASN00021126","1981-10","-33.6667","138.9667","570.0","BURRA BASIN FARM, AS","4",",a","1",",a","0",",a","9.9",",,a,02,","15.5",",,,a"
"ASN00021126","1981-11","-33.6667","138.9667","570.0","BURRA BASIN FARM, AS","6",",a","3",",a","0",",a","8.9",",,a,27,","21.2",",,,a"
"ASN00021126","1981-12","-33.6667","138.9667","570.0","BURRA BASIN FARM, AS","1",",a","0",",a","0",",a","2.0",",,a,06,","2.0",",,,a"
"ASN00021126","1982-01","-33.6667","138.9667","570.0","BURRA BASIN FARM, AS","4",",a","1",",a","0",",a","3.3",",,a,25,","7.9",",,,a"
"ASN00021126","1982-02","-33.6667","138.9667","570.0","BURRA BASIN FARM, AS","1",",a","1",",a","0",",a","5.1",",,a,15,","5.1",",,,a"
"ASN00021126","1982-03","-33.6667","138.9667","570.0","BURRA BASIN FARM, AS","4",",a","2",",a","0",",a","12.7",",,a,22,","24.9",",,,a"
"ASN00021126","1982-04","-33.6667","138.9667","570.0","BURRA BASIN FARM, AS","5",",a","3",",a","0",",a","7.6",",,a,26,","17.5",",,,a"
"ASN00021126","1982-05","-33.6667","138.9667","570.0","BURRA BASIN FARM, AS","10",",a","6",",a","0",",a","6.9",",,a,13,","30.3",",,,a"
"ASN00021126","1982-06","-33.6667","138.9667","570.0","BURRA BASIN FARM, AS","13",",a","4",",a","0",",a","8.1",",,a,09,","31.0",",,,a"
"ASN00021126","1982-07","-33.6667","138.9667","570.0","BURRA BASIN FARM, AS","7",",a","0",",a","0",",a","2.0",",,a,02,","6.6",",,,a"
"ASN00021126","1982-08","-33.6667","138.9667","570.0","BURRA BASIN FARM, AS","5",",a","2",",a","0",",a","2.5",",,a,12,+","8.1",",,,a"
"ASN00021126","1982-09","-33.6667","138.9667","570.0","BURRA BASIN FARM, AS","8",",a","3",",a","0",",a","6.9",",,a,26,","22.2",",,,a"
"ASN00021126","1982-10","-33.6667","138.9667","570.0","BURRA BASIN FARM, AS","5",",a","1",",a","0",",a","3.6",",,a,08,","5.5",",,,a"
"ASN00021126","1982-11","-33.6667","138.9667","570.0","BURRA BASIN FARM, AS","1",",a","0",",a","0",",a","0.3",",,a,17,","0.3",",,,a"
"ASN00021126","1982-12","-33.6667","138.9667","570.0","BURRA BASIN FARM, AS","2",",a","1",",a","0",",a","8.1",",,a,24,","9.4",",,,a"
"ASN00021126","1983-01","-33.6667","138.9667","570.0","BURRA BASIN FARM, AS","2",",a","1",",a","0",",a","3.0",",,a,09,","4.3",",,,a"
"ASN00021126","1983-02","-33.6667","138.9667","570.0","BURRA BASIN FARM, AS","4",",a","1",",a","0",",a","3.0",",,a,11,","5.6",",,,a"
"ASN00021126","1983-03","-33.6667","138.9667","570.0","BURRA BASIN FARM, AS","5",",a","2",",a","1",",a","37.1",",,a,03,","57.5",",,,a"
"ASN00021126","1983-04","-33.6667","138.9667","570.0","BURRA BASIN FARM, AS","10",",a","6",",a","0",",a","9.1",",,a,24,","38.1",",,,a"
"ASN00021126","1983-05","-33.6667","138.9667","570.0","BURRA BASIN FARM, AS","9",",a","4",",a","0",",a","6.1",",,a,02,","22.9",",,,a"
"ASN00021126","1983-06","-33.6667","138.9667","570.0","BURRA BASIN FARM, AS","3",",a","1",",a","0",",a","6.6",",,a,09,","9.7",",,,a"
"ASN00021126","1983-07","-33.6667","138.9667","570.0","BURRA BASIN FARM, AS","9",",a","7",",a","0",",a","11.9",",,a,29,","50.1",",,,a"
"ASN00021126","1983-08","-33.6667","138.9667","570.0","BURRA BASIN FARM, AS","9",",a","3",",a","0",",a","11.7",",,a,24,","30.9",",,,a"
"ASN00021126","1983-09","-33.6667","138.9667","570.0","BURRA BASIN FARM, AS","7",",a","5",",a","0",",a","18.0",",,a,04,","50.3",",,,a"
"ASN00021126","1983-10","-33.6667","138.9667","570.0","BURRA BASIN FARM, AS","8",",a","4",",a","0",",a","18.5",",,a,15,","45.9",",,,a"
"ASN00021126","1983-11","-33.6667","138.9667","570.0","BURRA BASIN FARM, AS","5",",a","2",",a","0",",a","8.4",",,a,07,","15.6",",,,a"
"ASN00021126","1983-12","-33.6667","138.9667","570.0","BURRA BASIN FARM, AS","6",",a","2",",a","0",",a","7.1",",,a,30,","13.8",",,,a"
"ASN00021126","1984-01","-33.6667","138.9667","570.0","BURRA BASIN FARM, AS","5",",a","3",",a","1",",a","38.6",",,a,14,","59.0",",,,a"
"ASN00021126","1984-02","-33.6667","138.9667","570.0","BURRA BASIN FARM, AS","1",",a","0",",a","0",",a","0.3",",,a,05,","0.3",",,,a"
"ASN00021126","1984-03","-33.6667","138.9667","570.0","BURRA BASIN FARM, AS","5",",a","3",",a","0",",a","6.4",",,a,24,","16.3",",,,a"
