"STATION","DATE","LATITUDE","LONGITUDE","ELEVATION","NAME","DP01","DP01_ATTRIBUTES","DP10","DP10_ATTRIBUTES","DP1X","DP1X_ATTRIBUTES","EMXP","EMXP_ATTRIBUTES","PRCP","PRCP_ATTRIBUTES"
"ASN00009564","1907-01","-34.9431","117.9242","12.0","KING RIVER, AS","3",",a","2",",a","0",",a","8.9",",,a,18,","15.5",",,,a"
"ASN00009564","1907-02","-34.9431","117.9242","12.0","KING RIVER, AS","2",",a","1",",a","0",",a","4.1",",,a,24,","6.1",",,,a"
"ASN00009564","1907-03","-34.9431","117.9242","12.0","KING RIVER, AS","9",",a","6",",a","2",",a","57.2",",,a,19,","106.7",",,,a"
"ASN00009564","1907-04","-34.9431","117.9242","12.0","KING RIVER, AS","6",",a","3",",a","0",",a","15.5",",,a,27,","26.2",",,,a"
"ASN00009564","1907-05","-34.9431","117.9242","12.0","KING RIVER, AS","11",",a","10",",a","0",",a","23.4",",,a,17,","111.8",",,,a"
"ASN00009564","1907-06","-34.9431","117.9242","12.0","KING RIVER, AS","13",",a","10",",a","0",",a","14.7",",,a,20,","77.8",",,,a"
"ASN00009564","1907-07","-34.9431","117.9242","12.0","KING RIVER, AS","16",",a","14",",a","0",",a","19.6",",,a,24,","125.2",",,,a"
"ASN00009564","1907-08","-34.9431","117.9242","12.0","KING RIVER, AS","17",",a","14",",a","2",",a","30.0",",,a,06,","158.6",",,,a"
"ASN00009564","1907-09","-34.9431","117.9242","12.0","KING RIVER, AS","12",",a","10",",a","0",",a","21.6",",,a,08,","112.9",",,,a"
"ASN00009564","1907-10","-34.9431","117.9242","12.0","KING RIVER, AS","12",",a","11",",a","1",",a","42.2",",,a,25,","107.4",",,,a"
"ASN00009564","1907-11","-34.9431","117.9242","12.0","KING RIVER, AS","5",",a","4",",a","0",",a","12.7",",,a,21,","28.4",",,,a"
"ASN00009564","1907-12","-34.9431","117.9242","12.0","KING RIVER, AS","3",",a","3",",a","0",",a","7.6",",,a,15,","12.9",",,,a"
"ASN00009564","1908-01","-34.9431","117.9242","12.0","KING RIVER, AS","2",",a","2",",a","0",",a","4.8",",,a,19,","7.6",",,,a"
"ASN00009564","1908-02","-34.9431","117.9242","12.0","KING RIVER, AS","5",",a","3",",a","0",",a","6.6",",,a,08,","16.0",",,,a"
"ASN00009564","1908-03","-34.9431","117.9242","12.0","KING RIVER, AS","4",",a","3",",a","0",",a","3.0",",,a,28,+","9.8",",,,a"
"ASN00009564","1908-04","-34.9431","117.9242","12.0","KING RIVER, AS","7",",a","7",",a","0",",a","15.2",",,a,08,","49.5",",,,a"
"ASN00009564","1908-05","-34.9431","117.9242","12.0","KING RIVER, AS","12",",a","11",",a","0",",a","23.6",",,a,13,","117.9",",,,a"
"ASN00009564","1908-06","-34.9431","117.9242","12.0","KING RIVER, AS","13",",a","10",",a","0",",a","23.9",",,a,08,","156.0",",,,a"
"ASN00009564","1908-07","-34.9431","117.9242","12.0","KING RIVER, AS","10",",a","9",",a","1",",a","26.7",",,a,07,","86.0",",,,a"
"ASN00009564","1908-08","-34.9431","117.9242","12.0","KING RIVER, AS","8",",a","6",",a","0",",a","17.8",",,a,20,","75.4",",,,a"
"ASN00009564","1908-09","-34.9431","117.9242","12.0","KING RIVER, AS","7",",a","7",",a","0",",a","12.7",",,a,12,","57.2",",,,a"
"ASN00009564","1908-10","-34.9431","117.9242","12.0","KING RIVER, AS","8",",a","6",",a","0",",a","14.0",",,a,05,","49.2",",,,a"
"ASN00009564","1908-11","-34.9431","117.9242","12.0","KING RIVER, AS","4",",a","3",",a","0",",a","18.0",",,a,25,","27.7",",,,a"
"ASN00009564","1908-12","-34.9431","117.9242","12.0","KING RIVER, AS","5",",a","4",",a","1",",a","35.6",",,a,06,","50.1",",,,a"
"ASN00009564","1909-01","-34.9431","117.9242","12.0","KING RIVER, AS","3",",a","2",",a","0",",a","6.9",",,a,08,","11.2",",,,a"
"ASN00009564","1909-02","-34.9431","117.9242","12.0","KING RIVER, AS","5",",a","3",",a","0",",a","5.8",",,a,10,","15.4",",,,a"
"ASN00009564","1909-03","-34.9431","117.9242","12.0","KING RIVER, AS","8",",a","6",",a","0",",a","22.9",",,a,03,","63.5",",,,a"
"ASN00009564","1909-04","-34.9431","117.9242","12.0","KING RIVER, AS","12",",a","11",",a","0",",a","21.1",",,a,10,","81.9",",,,a"
"ASN00009564","1909-05","-34.9431","117.9242","12.0","KING RIVER, AS","10",",a","8",",a","1",",a","30.0",",,a,12,","108.0",",,,a"
"ASN00009564","1909-06","-34.9431","117.9242","12.0","KING RIVER, AS","13",",a","10",",a","0",",a","24.1",",,a,15,","116.8",",,,a"
"ASN00009564","1909-07","-34.9431","117.9242","12.0","KING RIVER, AS","17",",a","15",",a","2",",a","27.4",",,a,24,","169.4",",,,a"
"ASN00009564","1909-08","-34.9431","117.9242","12.0","KING RIVER, AS","16",",a","13",",a","1",",a","27.4",",,a,16,","149.1",",,,a"
"ASN00009564","1909-09","-34.9431","117.9242","12.0","KING RIVER, AS","10",",a","10",",a","1",",a","34.8",",,a,30,","116.2",",,,a"
"ASN00009564","1909-10","-34.9431","117.9242","12.0","KING RIVER, AS","7",",a","7",",a","0",",a","17.8",",,a,08,","64.3",",,,a"
"ASN00009564","1909-11","-34.9431","117.9242","12.0","KING RIVER, AS","4",",a","3",",a","0",",a","7.9",",,a,08,","19.1",",,,a"
"ASN00009564","1909-12","-34.9431","117.9242","12.0","KING RIVER, AS","1",",a","0",",a","0",",a","1.5",",,a,03,","1.5",",,,a"
"ASN00009564","1910-01","-34.9431","117.9242","12.0","KING RIVER, AS","6",",a","5",",a","0",",a","11.9",",,a,30,","35.0",",,,a"
"ASN00009564","1910-02","-34.9431","117.9242","12.0","KING RIVER, AS","1",",a","0",",a","0",",a","1.0",",,a,09,","1.0",",,,a"
"ASN00009564","1910-03","-34.9431","117.9242","12.0","KING RIVER, AS","4",",a","3",",a","0",",a","23.6",",,a,29,","50.3",",,,a"
"ASN00009564","1910-04","-34.9431","117.9242","12.0","KING RIVER, AS","8",",a","6",",a","1",",a","31.0",",,a,22,","76.2",",,,a"
"ASN00009564","1910-05","-34.9431","117.9242","12.0","KING RIVER, AS","14",",a","10",",a","2",",a","28.2",",,a,25,","125.9",",,,a"
"ASN00009564","1910-06","-34.9431","117.9242","12.0","KING RIVER, AS","19",",a","18",",a","1",",a","26.9",",,a,25,","191.5",",,,a"
"ASN00009564","1910-07","-34.9431","117.9242","12.0","KING RIVER, AS","21",",a","20",",a","2",",a","42.2",",,a,01,","219.7",",,,a"
"ASN00009564","1910-08","-34.9431","117.9242","12.0","KING RIVER, AS","14",",a","11",",a","0",",a","21.3",",,a,18,","102.9",",,,a"
"ASN00009564","1910-09","-34.9431","117.9242","12.0","KING RIVER, AS","11",",a","6",",a","0",",a","22.9",",,a,09,","74.7",",,,a"
"ASN00009564","1910-10","-34.9431","117.9242","12.0","KING RIVER, AS","12",",a","10",",a","1",",a","40.4",",,a,31,","123.9",",,,a"
"ASN00009564","1910-11","-34.9431","117.9242","12.0","KING RIVER, AS","10",",a","9",",a","0",",a","9.7",",,a,27,+","50.6",",,,a"
"ASN00009564","1910-12","-34.9431","117.9242","12.0","KING RIVER, AS","6",",a","4",",a","0",",a","6.9",",,a,01,","21.6",",,,a"
"ASN00009564","1911-01","-34.9431","117.9242","12.0","KING RIVER, AS","0",",a","0",",a","0",",a","0.0",",,a,31,+","0.0",",,,a"
"ASN00009564","1911-02","-34.9431","117.9242","12.0","KING RIVER, AS","1",",a","1",",a","0",",a","3.8",",,a,03,","3.8",",,,a"
"ASN00009564","1911-03","-34.9431","117.9242","12.0","KING RIVER, AS","5",",a","3",",a","0",",a","9.7",",,a,03,+","28.6",",,,a"
"ASN00009564","1911-04","-34.9431","117.9242","12.0","KING RIVER, AS","5",",a","4",",a","0",",a","9.7",",,a,29,","24.8",",,,a"
"ASN00009564","1911-05","-34.9431","117.9242","12.0","KING RIVER, AS","9",",a","7",",a","0",",a","22.9",",,a,16,","77.0",",,,a"
"ASN00009564","1911-06","-34.9431","117.9242","12.0","KING RIVER, AS","11",",a","9",",a","0",",a","19.6",",,a,01,","78.0",",,,a"
"ASN00009564","1911-07","-34.9431","117.9242","12.0","KING RIVER, AS","17",",a","16",",a","1",",a","48.8",",,a,10,","187.8",",,,a"
"ASN00009564","1911-08","-34.9431","117.9242","12.0","KING RIVER, AS","13",",a","11",",a","0",",a","13.7",",,a,08,","86.0",",,,a"
"ASN00009564","1911-09","-34.9431","117.9242","12.0","KING RIVER, AS","11",",a","9",",a","0",",a","12.7",",,a,08,","65.3",",,,a"
"ASN00009564","1911-10","-34.9431","117.9242","12.0","KING RIVER, AS","5",",a","5",",a","0",",a","16.3",",,a,12,","45.0",",,,a"
"ASN00009564","1911-11","-34.9431","117.9242","12.0","KING RIVER, AS","1",",a","0",",a","0",",a","1.5",",,a,04,","1.5",",,,a"
"ASN00009564","1911-12","-34.9431","117.9242","12.0","KING RIVER, AS","2",",a","2",",a","0",",a","11.9",",,a,04,","14.9",",,,a"
"ASN00009564","1912-01","-34.9431","117.9242","12.0","KING RIVER, AS","1",",a","1",",a","0",",a","4.6",",,a,14,","4.6",",,,a"
"ASN00009564","1912-02","-34.9431","117.9242","12.0","KING RIVER, AS","3",",a","1",",a","0",",a","4.3",",,a,04,","6.8",",,,a"
"ASN00009564","1912-03","-34.9431","117.9242","12.0","KING RIVER, AS","3",",a","1",",a","0",",a","5.3",",,a,01,","7.1",",,,a"
"ASN00009564","1912-04","-34.9431","117.9242","12.0","KING RIVER, AS","3",",a","1",",a","1",",a","32.3",",,a,02,","36.4",",,,a"
"ASN00009564","1912-05","-34.9431","117.9242","12.0","KING RIVER, AS","8",",a","6",",a","1",",a","29.7",",,a,09,","75.3",",,,a"
"ASN00009564","1912-06","-34.9431","117.9242","12.0","KING RIVER, AS","10",",a","9",",a","0",",a","22.9",",,a,30,","92.3",",,,a"
"ASN00009564","1912-07","-34.9431","117.9242","12.0","KING RIVER, AS","18",",a","16",",a","5",",a","41.7",",,a,10,","241.5",",,,a"
"ASN00009564","1912-08","-34.9431","117.9242","12.0","KING RIVER, AS","9",",a","8",",a","0",",a","20.3",",,a,21,","61.9",",,,a"
"ASN00009564","1912-09","-34.9431","117.9242","12.0","KING RIVER, AS","19",",a","16",",a","0",",a","15.5",",,a,24,","146.3",",,,a"
"ASN00009564","1912-10","-34.9431","117.9242","12.0","KING RIVER, AS","10",",a","7",",a","0",",a","12.7",",,a,21,","55.7",",,,a"
"ASN00009564","1912-11","-34.9431","117.9242","12.0","KING RIVER, AS","5",",a","5",",a","0",",a","13.7",",,a,14,","32.3",",,,a"
"ASN00009564","1912-12","-34.9431","117.9242","12.0","KING RIVER, AS","4",",a","3",",a","0",",a","5.1",",,a,29,","11.9",",,,a"
"ASN00009564","1913-01","-34.9431","117.9242","12.0","KING RIVER, AS","4",",a","3",",a","0",",a","12.7",",,a,02,","29.3",",,,a"
"ASN00009564","1913-02","-34.9431","117.9242","12.0","KING RIVER, AS","2",",a","1",",a","0",",a","6.6",",,a,15,","8.1",",,,a"
"ASN00009564","1913-03","-34.9431","117.9242","12.0","KING RIVER, AS","8",",a","5",",a","0",",a","20.3",",,a,17,","49.0",",,,a"
"ASN00009564","1913-05","-34.9431","117.9242","12.0","KING RIVER, AS","4",",a","4",",a","1",",a","25.4",",,a,22,","53.4",",,,a"
"ASN00009564","1913-06","-34.9431","117.9242","12.0","KING RIVER, AS","9",",a","7",",a","0",",a","21.1",",,a,18,","67.0",",,,a"
"ASN00009564","1913-07","-34.9431","117.9242","12.0","KING RIVER, AS","14",",a","13",",a","0",",a","19.1",",,a,31,+","103.9",",,,a"
"ASN00009564","1913-08","-34.9431","117.9242","12.0","KING RIVER, AS","18",",a","17",",a","1",",a","25.4",",,a,01,","149.9",",,,a"
"ASN00009564","1913-09","-34.9431","117.9242","12.0","KING RIVER, AS","14",",a","10",",a","0",",a","13.7",",,a,09,","89.4",",,,a"
"ASN00009564","1913-10","-34.9431","117.9242","12.0","KING RIVER, AS","7",",a","6",",a","1",",a","26.7",",,a,25,","65.8",",,,a"
"ASN00009564","1913-11","-34.9431","117.9242","12.0","KING RIVER, AS","2",",a","2",",a","0",",a","9.1",",,a,30,","16.2",",,,a"
"ASN00009564","1913-12","-34.9431","117.9242","12.0","KING RIVER, AS","9",",a","7",",a","1",",a","30.7",",,a,20,","86.8",",,,a"
"ASN00009564","1914-01","-34.9431","117.9242","12.0","KING RIVER, AS","0",",a","0",",a","0",",a","0.0",",,a,31,+","0.0",",,,a"
"ASN00009564","1914-02","-34.9431","117.9242","12.0","KING RIVER, AS","7",",a","6",",a","1",",a","27.9",",,a,12,","81.9",",,,a"
"ASN00009564","1914-03","-34.9431","117.9242","12.0","KING RIVER, AS","9",",a","4",",a","0",",a","22.9",",,a,31,","45.9",",,,a"
"ASN00009564","1914-04","-34.9431","117.9242","12.0","KING RIVER, AS","8",",a","7",",a","0",",a","6.4",",,a,08,","33.9",",,,a"
"ASN00009564","1914-05","-34.9431","117.9242","12.0","KING RIVER, AS","11",",a","8",",a","1",",a","26.4",",,a,16,","90.7",",,,a"
"ASN00009564","1914-06","-34.9431","117.9242","12.0","KING RIVER, AS","12",",a","9",",a","0",",a","15.0",",,a,29,","60.3",",,,a"
"ASN00009564","1914-07","-34.9431","117.9242","12.0","KING RIVER, AS","14",",a","11",",a","1",",a","40.6",",,a,27,","133.1",",,,a"
"ASN00009564","1914-08","-34.9431","117.9242","12.0","KING RIVER, AS","7",",a","5",",a","0",",a","9.7",",,a,26,","28.7",",,,a"
"ASN00009564","1914-09","-34.9431","117.9242","12.0","KING RIVER, AS","4",",a","4",",a","0",",a","9.9",",,a,22,","28.4",",,,a"
"ASN00009564","1914-10","-34.9431","117.9242","12.0","KING RIVER, AS","8",",a","5",",a","0",",a","20.3",",,a,08,","68.1",",,,a"
"ASN00009564","1914-11","-34.9431","117.9242","12.0","KING RIVER, AS","14",",a","13",",a","0",",a","23.4",",,a,13,","98.5",",,,a"
"ASN00009564","1914-12","-34.9431","117.9242","12.0","KING RIVER, AS","11",",a","3",",a","0",",a","10.9",",,a,13,","33.2",",,,a"
"ASN00009564","1915-01","-34.9431","117.9242","12.0","KING RIVER, AS","9",",a","3",",a","0",",a","4.6",",,a,15,","15.1",",,,a"
"ASN00009564","1915-02","-34.9431","117.9242","12.0","KING RIVER, AS","11",",a","6",",a","0",",a","15.0",",,a,21,","51.3",",,,a"
"ASN00009564","1915-03","-34.9431","117.9242","12.0","KING RIVER, AS","15",",a","7",",a","0",",a","13.0",",,a,22,","50.4",",,,a"
"ASN00009564","1915-04","-34.9431","117.9242","12.0","KING RIVER, AS","10",",a","7",",a","0",",a","15.2",",,a,15,","51.6",",,,a"
"ASN00009564","1915-05","-34.9431","117.9242","12.0","KING RIVER, AS","20",",a","9",",a","0",",a","12.7",",,a,31,","59.8",",,,a"
"ASN00009564","1915-06","-34.9431","117.9242","12.0","KING RIVER, AS","21",",a","12",",a","0",",a","23.9",",,a,27,","121.8",",,,a"
"ASN00009564","1915-07","-34.9431","117.9242","12.0","KING RIVER, AS","21",",a","16",",a","0",",a","23.6",",,a,12,","153.3",",,,a"
"ASN00009564","1915-08","-34.9431","117.9242","12.0","KING RIVER, AS","22",",a","15",",a","1",",a","43.2",",,a,13,","200.1",",,,a"
"ASN00009564","1915-09","-34.9431","117.9242","12.0","KING RIVER, AS","26",",a","18",",a","1",",a","26.7",",,a,17,","143.7",",,,a"
"ASN00009564","1915-10","-34.9431","117.9242","12.0","KING RIVER, AS","16",",a","7",",a","0",",a","14.7",",,a,13,","63.9",",,,a"
"ASN00009564","1915-11","-34.9431","117.9242","12.0","KING RIVER, AS","8",",a","1",",a","1",",a","29.0",",,a,17,","33.9",",,,a"
"ASN00009564","1915-12","-34.9431","117.9242","12.0","KING RIVER, AS","3",",a","0",",a","0",",a","1.5",",,a,16,","2.6",",,,a"
"ASN00009564","1916-01","-34.9431","117.9242","12.0","KING RIVER, AS","10",",a","3",",a","0",",a","16.0",",,a,05,","30.8",",,,a"
"ASN00009564","1916-02","-34.9431","117.9242","12.0","KING RIVER, AS","11",",a","3",",a","0",",a","22.9",",,a,15,","38.0",",,,a"
"ASN00009564","1916-03","-34.9431","117.9242","12.0","KING RIVER, AS","9",",a","3",",a","1",",a","26.9",",,a,19,","47.5",",,,a"
"ASN00009564","1916-04","-34.9431","117.9242","12.0","KING RIVER, AS","19",",a","2",",a","0",",a","2.8",",,a,17,","17.0",",,,a"
"ASN00009564","1916-05","-34.9431","117.9242","12.0","KING RIVER, AS","17",",a","13",",a","0",",a","17.3",",,a,10,","111.6",",,,a"
"ASN00009564","1916-06","-34.9431","117.9242","12.0","KING RIVER, AS","26",",a","14",",a","1",",a","35.1",",,a,19,","154.1",",,,a"
"ASN00009564","1916-07","-34.9431","117.9242","12.0","KING RIVER, AS","19",",a","11",",a","1",",a","27.9",",,a,05,","152.6",",,,a"
"ASN00009564","1916-08","-34.9431","117.9242","12.0","KING RIVER, AS","25",",a","15",",a","1",",a","25.9",",,a,17,","143.1",",,,a"
"ASN00009564","1916-09","-34.9431","117.9242","12.0","KING RIVER, AS","15",",a","4",",a","0",",a","11.2",",,a,12,","38.9",",,,a"
"ASN00009564","1916-10","-34.9431","117.9242","12.0","KING RIVER, AS","19",",a","11",",a","0",",a","22.9",",,a,11,","109.7",",,,a"
"ASN00009564","1916-11","-34.9431","117.9242","12.0","KING RIVER, AS","16",",a","8",",a","0",",a","19.8",",,a,19,","58.6",",,,a"
"ASN00009564","1916-12","-34.9431","117.9242","12.0","KING RIVER, AS","6",",a","2",",a","0",",a","5.1",",,a,08,","11.7",",,,a"
"ASN00009564","1917-01","-34.9431","117.9242","12.0","KING RIVER, AS","9",",a","2",",a","0",",a","13.0",",,a,29,","20.4",",,,a"
"ASN00009564","1917-02","-34.9431","117.9242","12.0","KING RIVER, AS","8",",a","3",",a","0",",a","23.1",",,a,10,","51.9",",,,a"
"ASN00009564","1917-03","-34.9431","117.9242","12.0","KING RIVER, AS","22",",a","11",",a","1",",a","82.8",",,a,10,","168.3",",,,a"
"ASN00009564","1917-04","-34.9431","117.9242","12.0","KING RIVER, AS","15",",a","8",",a","1",",a","69.9",",,a,08,","121.7",",,,a"
"ASN00009564","1917-05","-34.9431","117.9242","12.0","KING RIVER, AS","20",",a","17",",a","2",",a","35.6",",,a,02,","208.5",",,,a"
"ASN00009564","1917-06","-34.9431","117.9242","12.0","KING RIVER, AS","25",",a","17",",a","2",",a","35.6",",,a,10,","208.3",",,,a"
"ASN00009564","1917-07","-34.9431","117.9242","12.0","KING RIVER, AS","24",",a","16",",a","0",",a","16.8",",,a,08,","114.1",",,,a"
"ASN00009564","1917-08","-34.9431","117.9242","12.0","KING RIVER, AS","20",",a","12",",a","2",",a","27.7",",,a,17,","134.1",",,,a"
"ASN00009564","1917-09","-34.9431","117.9242","12.0","KING RIVER, AS","29",",a","16",",a","0",",a","13.5",",,a,19,","134.7",",,,a"
"ASN00009564","1917-10","-34.9431","117.9242","12.0","KING RIVER, AS","21",",a","10",",a","0",",a","17.8",",,a,01,","87.8",",,,a"
"ASN00009564","1917-11","-34.9431","117.9242","12.0","KING RIVER, AS","8",",a","2",",a","0",",a","2.8",",,a,19,","12.2",",,,a"
"ASN00009564","1917-12","-34.9431","117.9242","12.0","KING RIVER, AS","14",",a","5",",a","0",",a","6.6",",,a,09,","30.4",",,,a"
"ASN00009564","1918-01","-34.9431","117.9242","12.0","KING RIVER, AS","11",",a","4",",a","1",",a","57.4",",,a,26,","100.7",",,,a"
"ASN00009564","1918-02","-34.9431","117.9242","12.0","KING RIVER, AS","18",",a","6",",a","1",",a","28.7",",,a,16,","71.4",",,,a"
"ASN00009564","1918-03","-34.9431","117.9242","12.0","KING RIVER, AS","13",",a","4",",a","0",",a","19.6",",,a,31,","46.8",",,,a"
"ASN00009564","1918-04","-34.9431","117.9242","12.0","KING RIVER, AS","14",",a","8",",a","0",",a","19.6",",,a,23,","94.2",",,,a"
"ASN00009564","1918-05","-34.9431","117.9242","12.0","KING RIVER, AS","21",",a","11",",a","1",",a","30.0",",,a,01,","160.6",",,,a"
"ASN00009564","1918-06","-34.9431","117.9242","12.0","KING RIVER, AS","20",",a","13",",a","0",",a","20.6",",,a,27,","121.1",",,,a"
"ASN00009564","1918-07","-34.9431","117.9242","12.0","KING RIVER, AS","10",",a","7",",a","0",",a","8.1",",,a,23,+","43.2",",,,a"
"ASN00009564","1918-08","-34.9431","117.9242","12.0","KING RIVER, AS","19",",a","12",",a","0",",a","17.8",",,a,18,","107.1",",,,a"
"ASN00009564","1918-09","-34.9431","117.9242","12.0","KING RIVER, AS","17",",a","10",",a","0",",a","15.5",",,a,20,","67.7",",,,a"
"ASN00009564","1918-10","-34.9431","117.9242","12.0","KING RIVER, AS","18",",a","9",",a","0",",a","24.4",",,a,06,","78.8",",,,a"
"ASN00009564","1918-11","-34.9431","117.9242","12.0","KING RIVER, AS","11",",a","5",",a","0",",a","5.8",",,a,30,","24.5",",,,a"
"ASN00009564","1918-12","-34.9431","117.9242","12.0","KING RIVER, AS","7",",a","2",",a","0",",a","8.6",",,a,01,","16.3",",,,a"
"ASN00009564","1919-01","-34.9431","117.9242","12.0","KING RIVER, AS","7",",a","2",",a","0",",a","5.1",",,a,14,","11.7",",,,a"
"ASN00009564","1919-02","-34.9431","117.9242","12.0","KING RIVER, AS","8",",a","3",",a","0",",a","17.3",",,a,06,","29.4",",,,a"
"ASN00009564","1919-03","-34.9431","117.9242","12.0","KING RIVER, AS","9",",a","2",",a","0",",a","3.8",",,a,24,","12.5",",,,a"
"ASN00009564","1919-04","-34.9431","117.9242","12.0","KING RIVER, AS","13",",a","6",",a","2",",a","66.0",",,a,18,","129.2",",,,a"
"ASN00009564","1919-05","-34.9431","117.9242","12.0","KING RIVER, AS","13",",a","8",",a","0",",a","18.3",",,a,08,","85.3",",,,a"
"ASN00009564","1919-06","-34.9431","117.9242","12.0","KING RIVER, AS","16",",a","8",",a","0",",a","12.7",",,a,12,","64.8",",,,a"
"ASN00009564","1919-07","-34.9431","117.9242","12.0","KING RIVER, AS","24",",a","16",",a","1",",a","47.2",",,a,19,","146.5",",,,a"
"ASN00009564","1919-08","-34.9431","117.9242","12.0","KING RIVER, AS","20",",a","12",",a","0",",a","22.6",",,a,10,","124.8",",,,a"
"ASN00009564","1919-09","-34.9431","117.9242","12.0","KING RIVER, AS","16",",a","10",",a","0",",a","9.7",",,a,26,","57.8",",,,a"
"ASN00009564","1919-10","-34.9431","117.9242","12.0","KING RIVER, AS","17",",a","11",",a","0",",a","14.0",",,a,03,","84.5",",,,a"
"ASN00009564","1919-11","-34.9431","117.9242","12.0","KING RIVER, AS","14",",a","6",",a","0",",a","13.7",",,a,03,","53.4",",,,a"
"ASN00009564","1919-12","-34.9431","117.9242","12.0","KING RIVER, AS","6",",a","4",",a","0",",a","9.7",",,a,12,","20.7",",,,a"
"ASN00009564","1920-01","-34.9431","117.9242","12.0","KING RIVER, AS","9",",a","1",",a","0",",a","8.6",",,a,01,","12.6",",,,a"
"ASN00009564","1920-02","-34.9431","117.9242","12.0","KING RIVER, AS","8",",a","2",",a","2",",a","28.4",",,a,22,","62.0",",,,a"
"ASN00009564","1920-03","-34.9431","117.9242","12.0","KING RIVER, AS","10",",a","3",",a","1",",a","43.4",",,a,31,","55.7",",,,a"
"ASN00009564","1920-04","-34.9431","117.9242","12.0","KING RIVER, AS","9",",a","3",",a","0",",a","11.2",",,a,01,","29.3",",,,a"
"ASN00009564","1920-05","-34.9431","117.9242","12.0","KING RIVER, AS","17",",a","12",",a","0",",a","21.3",",,a,15,","125.6",",,,a"
"ASN00009564","1920-06","-34.9431","117.9242","12.0","KING RIVER, AS","26",",a","19",",a","2",",a","49.8",",,a,29,","249.7",",,,a"
"ASN00009564","1920-07","-34.9431","117.9242","12.0","KING RIVER, AS","22",",a","15",",a","0",",a","19.3",",,a,06,","112.5",",,,a"
"ASN00009564","1920-08","-34.9431","117.9242","12.0","KING RIVER, AS","27",",a","15",",a","0",",a","22.6",",,a,07,","168.8",",,,a"
"ASN00009564","1920-09","-34.9431","117.9242","12.0","KING RIVER, AS","15",",a","6",",a","2",",a","47.0",",,a,12,","104.1",",,,a"
"ASN00009564","1920-10","-34.9431","117.9242","12.0","KING RIVER, AS","15",",a","3",",a","0",",a","12.2",",,a,10,","35.8",",,,a"
"ASN00009564","1920-11","-34.9431","117.9242","12.0","KING RIVER, AS","5",",a","1",",a","0",",a","3.6",",,a,15,","8.2",",,,a"
"ASN00009564","1920-12","-34.9431","117.9242","12.0","KING RIVER, AS","7",",a","1",",a","0",",a","4.3",",,a,12,","10.0",",,,a"
"ASN00009564","1921-01","-34.9431","117.9242","12.0","KING RIVER, AS","9",",a","3",",a","0",",a","13.0",",,a,01,","32.4",",,,a"
"ASN00009564","1921-02","-34.9431","117.9242","12.0","KING RIVER, AS","10",",a","4",",a","0",",a","24.6",",,a,20,","48.8",",,,a"
"ASN00009564","1921-03","-34.9431","117.9242","12.0","KING RIVER, AS","8",",a","0",",a","0",",a","2.0",",,a,30,+","7.0",",,,a"
"ASN00009564","1921-04","-34.9431","117.9242","12.0","KING RIVER, AS","11",",a","8",",a","0",",a","7.6",",,a,29,","42.4",",,,a"
"ASN00009564","1921-05","-34.9431","117.9242","12.0","KING RIVER, AS","24",",a","17",",a","4",",a","58.4",",,a,28,","257.0",",,,a"
"ASN00009564","1921-06","-34.9431","117.9242","12.0","KING RIVER, AS","12",",a","6",",a","0",",a","15.5",",,a,13,","56.3",",,,a"
"ASN00009564","1921-07","-34.9431","117.9242","12.0","KING RIVER, AS","23",",a","11",",a","1",",a","27.7",",,a,16,","113.1",",,,a"
"ASN00009564","1921-08","-34.9431","117.9242","12.0","KING RIVER, AS","17",",a","11",",a","1",",a","25.7",",,a,05,","122.9",",,,a"
"ASN00009564","1921-09","-34.9431","117.9242","12.0","KING RIVER, AS","20",",a","10",",a","0",",a","16.0",",,a,25,","107.5",",,,a"
"ASN00009564","1921-10","-34.9431","117.9242","12.0","KING RIVER, AS","19",",a","11",",a","1",",a","26.7",",,a,13,","96.4",",,,a"
"ASN00009564","1921-11","-34.9431","117.9242","12.0","KING RIVER, AS","11",",a","4",",a","0",",a","8.9",",,a,17,","32.3",",,,a"
"ASN00009564","1921-12","-34.9431","117.9242","12.0","KING RIVER, AS","12",",a","5",",a","0",",a","14.2",",,a,09,","50.8",",,,a"
"ASN00009564","1922-01","-34.9431","117.9242","12.0","KING RIVER, AS","9",",a","2",",a","0",",a","5.1",",,a,25,","15.8",",,,a"
"ASN00009564","1922-02","-34.9431","117.9242","12.0","KING RIVER, AS","8",",a","3",",a","0",",a","8.9",",,a,15,","21.4",",,,a"
"ASN00009564","1922-03","-34.9431","117.9242","12.0","KING RIVER, AS","8",",a","4",",a","0",",a","18.0",",,a,02,","39.5",",,,a"
"ASN00009564","1922-04","-34.9431","117.9242","12.0","KING RIVER, AS","12",",a","5",",a","2",",a","36.6",",,a,30,","114.5",",,,a"
"ASN00009564","1922-05","-34.9431","117.9242","12.0","KING RIVER, AS","18",",a","9",",a","0",",a","25.1",",,a,29,","120.0",",,,a"
"ASN00009564","1922-06","-34.9431","117.9242","12.0","KING RIVER, AS","20",",a","6",",a","0",",a","16.8",",,a,08,","58.9",",,,a"
"ASN00009564","1922-07","-34.9431","117.9242","12.0","KING RIVER, AS","22",",a","19",",a","1",",a","33.5",",,a,14,","166.0",",,,a"
"ASN00009564","1922-08","-34.9431","117.9242","12.0","KING RIVER, AS","19",",a","11",",a","1",",a","25.4",",,a,06,","117.0",",,,a"
"ASN00009564","1922-09","-34.9431","117.9242","12.0","KING RIVER, AS","18",",a","9",",a","0",",a","10.9",",,a,25,","61.4",",,,a"
"ASN00009564","1922-10","-34.9431","117.9242","12.0","KING RIVER, AS","15",",a","8",",a","0",",a","7.6",",,a,21,","44.0",",,,a"
"ASN00009564","1922-11","-34.9431","117.9242","12.0","KING RIVER, AS","15",",a","8",",a","0",",a","6.1",",,a,04,","42.2",",,,a"
"ASN00009564","1922-12","-34.9431","117.9242","12.0","KING RIVER, AS","14",",a","7",",a","0",",a","20.6",",,a,07,","56.9",",,,a"
"ASN00009564","1923-01","-34.9431","117.9242","12.0","KING RIVER, AS","5",",a","1",",a","0",",a","4.1",",,a,20,","7.3",",,,a"
"ASN00009564","1923-02","-34.9431","117.9242","12.0","KING RIVER, AS","3",",a","0",",a","0",",a","1.8",",,a,21,","3.3",",,,a"
"ASN00009564","1923-03","-34.9431","117.9242","12.0","KING RIVER, AS","6",",a","5",",a","0",",a","23.9",",,a,26,","36.6",",,,a"
"ASN00009564","1923-04","-34.9431","117.9242","12.0","KING RIVER, AS","13",",a","4",",a","0",",a","6.9",",,a,23,","29.0",",,,a"
"ASN00009564","1923-05","-34.9431","117.9242","12.0","KING RIVER, AS","22",",a","18",",a","1",",a","27.4",",,a,27,","191.0",",,,a"
"ASN00009564","1923-06","-34.9431","117.9242","12.0","KING RIVER, AS","24",",a","16",",a","1",",a","33.3",",,a,29,","187.0",",,,a"
"ASN00009564","1923-07","-34.9431","117.9242","12.0","KING RIVER, AS","22",",a","11",",a","0",",a","19.3",",,a,21,","101.7",",,,a"
"ASN00009564","1923-08","-34.9431","117.9242","12.0","KING RIVER, AS","20",",a","10",",a","0",",a","12.2",",,a,25,","89.5",",,,a"
"ASN00009564","1923-09","-34.9431","117.9242","12.0","KING RIVER, AS","25",",a","15",",a","0",",a","24.1",",,a,26,","150.7",",,,a"
"ASN00009564","1923-10","-34.9431","117.9242","12.0","KING RIVER, AS","16",",a","9",",a","0",",a","19.3",",,a,04,","60.1",",,,a"
"ASN00009564","1923-11","-34.9431","117.9242","12.0","KING RIVER, AS","9",",a","1",",a","0",",a","2.8",",,a,06,","12.4",",,,a"
"ASN00009564","1923-12","-34.9431","117.9242","12.0","KING RIVER, AS","11",",a","1",",a","0",",a","3.0",",,a,23,","9.9",",,,a"
"ASN00009564","1924-01","-34.9431","117.9242","12.0","KING RIVER, AS","8",",a","0",",a","0",",a","2.0",",,a,10,","6.9",",,,a"
"ASN00009564","1924-02","-34.9431","117.9242","12.0","KING RIVER, AS","6",",a","0",",a","0",",a","2.0",",,a,19,","5.4",",,,a"
"ASN00009564","1924-03","-34.9431","117.9242","12.0","KING RIVER, AS","9",",a","0",",a","0",",a","1.8",",,a,11,","6.3",",,,a"
"ASN00009564","1924-04","-34.9431","117.9242","12.0","KING RIVER, AS","10",",a","1",",a","0",",a","9.7",",,a,01,","18.3",",,,a"
"ASN00009564","1924-05","-34.9431","117.9242","12.0","KING RIVER, AS","17",",a","9",",a","1",",a","37.3",",,a,25,","153.7",",,,a"
"ASN00009564","1924-06","-34.9431","117.9242","12.0","KING RIVER, AS","16",",a","10",",a","0",",a","24.9",",,a,14,","98.4",",,,a"
"ASN00009564","1924-07","-34.9431","117.9242","12.0","KING RIVER, AS","16",",a","9",",a","0",",a","15.5",",,a,10,+","76.3",",,,a"
"ASN00009564","1924-08","-34.9431","117.9242","12.0","KING RIVER, AS","20",",a","14",",a","0",",a","22.1",",,a,08,","122.3",",,,a"
"ASN00009564","1924-09","-34.9431","117.9242","12.0","KING RIVER, AS","22",",a","11",",a","1",",a","46.5",",,a,09,","130.9",",,,a"
"ASN00009564","1924-10","-34.9431","117.9242","12.0","KING RIVER, AS","26",",a","14",",a","2",",a","27.2",",,a,17,","194.1",",,,a"
"ASN00009564","1924-11","-34.9431","117.9242","12.0","KING RIVER, AS","14",",a","8",",a","0",",a","14.0",",,a,10,","59.8",",,,a"
"ASN00009564","1924-12","-34.9431","117.9242","12.0","KING RIVER, AS","6",",a","0",",a","0",",a","1.8",",,a,12,","5.2",",,,a"
"ASN00009564","1925-01","-34.9431","117.9242","12.0","KING RIVER, AS","10",",a","4",",a","0",",a","16.3",",,a,20,","39.5",",,,a"
"ASN00009564","1925-02","-34.9431","117.9242","12.0","KING RIVER, AS","11",",a","3",",a","0",",a","15.0",",,a,28,","29.5",",,,a"
"ASN00009564","1925-03","-34.9431","117.9242","12.0","KING RIVER, AS","15",",a","8",",a","0",",a","7.1",",,a,05,+","41.6",",,,a"
"ASN00009564","1925-04","-34.9431","117.9242","12.0","KING RIVER, AS","19",",a","10",",a","1",",a","28.7",",,a,23,","105.3",",,,a"
"ASN00009564","1925-05","-34.9431","117.9242","12.0","KING RIVER, AS","19",",a","12",",a","1",",a","26.7",",,a,13,","138.9",",,,a"
"ASN00009564","1925-06","-34.9431","117.9242","12.0","KING RIVER, AS","13",",a","7",",a","0",",a","21.3",",,a,30,","94.2",",,,a"
"ASN00009564","1925-07","-34.9431","117.9242","12.0","KING RIVER, AS","16",",a","13",",a","0",",a","14.5",",,a,14,","106.3",",,,a"
"ASN00009564","1925-08","-34.9431","117.9242","12.0","KING RIVER, AS","14",",a","7",",a","0",",a","12.4",",,a,28,","53.1",",,,a"
"ASN00009564","1925-09","-34.9431","117.9242","12.0","KING RIVER, AS","15",",a","8",",a","0",",a","19.6",",,a,11,","77.6",",,,a"
"ASN00009564","1925-10","-34.9431","117.9242","12.0","KING RIVER, AS","21",",a","10",",a","0",",a","22.1",",,a,11,","118.6",",,,a"
"ASN00009564","1925-11","-34.9431","117.9242","12.0","KING RIVER, AS","8",",a","1",",a","0",",a","3.6",",,a,11,","7.4",",,,a"
"ASN00009564","1925-12","-34.9431","117.9242","12.0","KING RIVER, AS","15",",a","6",",a","0",",a","24.9",",,a,10,","67.9",",,,a"
"ASN00009564","1926-01","-34.9431","117.9242","12.0","KING RIVER, AS","8",",a","1",",a","0",",a","5.3",",,a,15,","12.5",",,,a"
"ASN00009564","1926-02","-34.9431","117.9242","12.0","KING RIVER, AS","14",",a","5",",a","0",",a","24.1",",,a,24,","72.0",",,,a"
"ASN00009564","1926-03","-34.9431","117.9242","12.0","KING RIVER, AS","12",",a","6",",a","0",",a","22.6",",,a,11,","59.3",",,,a"
"ASN00009564","1926-04","-34.9431","117.9242","12.0","KING RIVER, AS","19",",a","13",",a","1",",a","26.2",",,a,27,","138.3",",,,a"
"ASN00009564","1926-05","-34.9431","117.9242","12.0","KING RIVER, AS","15",",a","8",",a","0",",a","19.1",",,a,20,","68.2",",,,a"
"ASN00009564","1926-06","-34.9431","117.9242","12.0","KING RIVER, AS","16",",a","10",",a","0",",a","8.9",",,a,04,","55.3",",,,a"
"ASN00009564","1926-07","-34.9431","117.9242","12.0","KING RIVER, AS","28",",a","19",",a","0",",a","21.1",",,a,10,","202.9",",,,a"
"ASN00009564","1926-08","-34.9431","117.9242","12.0","KING RIVER, AS","22",",a","12",",a","0",",a","17.8",",,a,27,","94.6",",,,a"
"ASN00009564","1926-09","-34.9431","117.9242","12.0","KING RIVER, AS","18",",a","11",",a","0",",a","18.5",",,a,26,","110.7",",,,a"
"ASN00009564","1926-10","-34.9431","117.9242","12.0","KING RIVER, AS","20",",a","9",",a","0",",a","14.2",",,a,08,","86.8",",,,a"
"ASN00009564","1926-11","-34.9431","117.9242","12.0","KING RIVER, AS","12",",a","6",",a","0",",a","16.5",",,a,19,","45.2",",,,a"
"ASN00009564","1926-12","-34.9431","117.9242","12.0","KING RIVER, AS","8",",a","3",",a","1",",a","38.6",",,a,15,","51.2",",,,a"
"ASN00009564","1927-01","-34.9431","117.9242","12.0","KING RIVER, AS","9",",a","3",",a","1",",a","51.3",",,a,10,","81.6",",,,a"
"ASN00009564","1927-02","-34.9431","117.9242","12.0","KING RIVER, AS","4",",a","1",",a","0",",a","8.9",",,a,11,","12.5",",,,a"
"ASN00009564","1927-03","-34.9431","117.9242","12.0","KING RIVER, AS","21",",a","7",",a","1",",a","27.9",",,a,13,","85.1",",,,a"
"ASN00009564","1927-04","-34.9431","117.9242","12.0","KING RIVER, AS","9",",a","2",",a","0",",a","8.4",",,a,28,","21.7",",,,a"
"ASN00009564","1927-05","-34.9431","117.9242","12.0","KING RIVER, AS","16",",a","9",",a","0",",a","11.2",",,a,06,","84.9",",,,a"
"ASN00009564","1927-06","-34.9431","117.9242","12.0","KING RIVER, AS","20",",a","12",",a","0",",a","23.4",",,a,04,","123.1",",,,a"
"ASN00009564","1927-07","-34.9431","117.9242","12.0","KING RIVER, AS","19",",a","11",",a","0",",a","20.8",",,a,31,","117.2",",,,a"
"ASN00009564","1927-08","-34.9431","117.9242","12.0","KING RIVER, AS","24",",a","11",",a","0",",a","9.9",",,a,08,","80.9",",,,a"
"ASN00009564","1927-09","-34.9431","117.9242","12.0","KING RIVER, AS","16","1,a","8","1,a","1","1,a","30.2","1,,a,19,","116.1","1,,,a"
"ASN00009564","1927-10","-34.9431","117.9242","12.0","KING RIVER, AS","20",",a","9",",a","0",",a","23.6",",,a,07,","83.9",",,,a"
"ASN00009564","1927-11","-34.9431","117.9242","12.0","KING RIVER, AS","7",",a","1",",a","0",",a","3.0",",,a,19,","8.4",",,,a"
"ASN00009564","1927-12","-34.9431","117.9242","12.0","KING RIVER, AS","10",",a","2",",a","0",",a","5.8",",,a,15,","15.6",",,,a"
"ASN00009564","1928-01","-34.9431","117.9242","12.0","KING RIVER, AS","11",",a","5",",a","1",",a","45.2",",,a,09,","84.6",",,,a"
"ASN00009564","1928-02","-34.9431","117.9242","12.0","KING RIVER, AS","4",",a","0",",a","0",",a","2.0",",,a,01,","3.6",",,,a"
"ASN00009564","1928-03","-34.9431","117.9242","12.0","KING RIVER, AS","12",",a","3",",a","0",",a","11.7",",,a,24,","26.5",",,,a"
"ASN00009564","1928-04","-34.9431","117.9242","12.0","KING RIVER, AS","17",",a","7",",a","1",",a","28.4",",,a,02,","97.5",",,,a"
"ASN00009564","1928-05","-34.9431","117.9242","12.0","KING RIVER, AS","12",",a","8",",a","2",",a","29.0",",,a,31,","93.6",",,,a"
"ASN00009564","1928-06","-34.9431","117.9242","12.0","KING RIVER, AS","15",",a","8",",a","1",",a","56.9",",,a,01,","151.7",",,,a"
"ASN00009564","1928-07","-34.9431","117.9242","12.0","KING RIVER, AS","21",",a","14",",a","0",",a","24.6",",,a,14,","156.2",",,,a"
"ASN00009564","1928-08","-34.9431","117.9242","12.0","KING RIVER, AS","17",",a","12",",a","0",",a","21.3",",,a,28,","127.8",",,,a"
"ASN00009564","1928-09","-34.9431","117.9242","12.0","KING RIVER, AS","17",",a","12",",a","1",",a","38.1",",,a,28,","139.7",",,,a"
"ASN00009564","1928-10","-34.9431","117.9242","12.0","KING RIVER, AS","15",",a","10",",a","0",",a","12.7",",,a,06,","73.4",",,,a"
"ASN00009564","1928-11","-34.9431","117.9242","12.0","KING RIVER, AS","8",",a","2",",a","0",",a","3.8",",,a,02,","12.3",",,,a"
"ASN00009564","1928-12","-34.9431","117.9242","12.0","KING RIVER, AS","5",",a","4",",a","0",",a","6.4",",,a,21,","15.2",",,,a"
"ASN00009564","1929-01","-34.9431","117.9242","12.0","KING RIVER, AS","8",",a","1",",a","0",",a","4.6",",,a,23,","8.8",",,,a"
"ASN00009564","1929-02","-34.9431","117.9242","12.0","KING RIVER, AS","7",",a","3",",a","0",",a","11.2",",,a,08,","26.9",",,,a"
"ASN00009564","1929-03","-34.9431","117.9242","12.0","KING RIVER, AS","13",",a","5",",a","0",",a","6.6",",,a,12,","30.9",",,,a"
"ASN00009564","1929-04","-34.9431","117.9242","12.0","KING RIVER, AS","15",",a","7",",a","0",",a","14.0",",,a,17,","54.6",",,,a"
"ASN00009564","1929-05","-34.9431","117.9242","12.0","KING RIVER, AS","20",",a","13",",a","1",",a","32.3",",,a,20,","128.9",",,,a"
"ASN00009564","1929-06","-34.9431","117.9242","12.0","KING RIVER, AS","21",",a","14",",a","3",",a","38.1",",,a,02,","170.3",",,,a"
"ASN00009564","1929-07","-34.9431","117.9242","12.0","KING RIVER, AS","21",",a","9",",a","0",",a","23.1",",,a,03,","109.0",",,,a"
"ASN00009564","1929-08","-34.9431","117.9242","12.0","KING RIVER, AS","19",",a","11",",a","0",",a","14.7",",,a,15,","87.9",",,,a"
"ASN00009564","1929-09","-34.9431","117.9242","12.0","KING RIVER, AS","15",",a","9",",a","0",",a","25.1",",,a,24,","81.9",",,,a"
"ASN00009564","1929-10","-34.9431","117.9242","12.0","KING RIVER, AS","12",",a","6",",a","0",",a","20.1",",,a,06,","57.0",",,,a"
"ASN00009564","1929-11","-34.9431","117.9242","12.0","KING RIVER, AS","15",",a","9",",a","2",",a","65.3",",,a,05,","141.9",",,,a"
"ASN00009564","1929-12","-34.9431","117.9242","12.0","KING RIVER, AS","11",",a","5",",a","0",",a","13.0",",,a,24,","39.4",",,,a"
"ASN00009564","1930-01","-34.9431","117.9242","12.0","KING RIVER, AS","3",",a","0",",a","0",",a","0.8",",,a,07,","1.6",",,,a"
"ASN00009564","1930-02","-34.9431","117.9242","12.0","KING RIVER, AS","6",",a","1",",a","0",",a","2.5",",,a,05,","7.7",",,,a"
"ASN00009564","1930-03","-34.9431","117.9242","12.0","KING RIVER, AS","15",",a","6",",a","0",",a","6.6",",,a,03,","36.5",",,,a"
"ASN00009564","1930-04","-34.9431","117.9242","12.0","KING RIVER, AS","13",",a","6",",a","0",",a","21.6",",,a,15,","62.8",",,,a"
"ASN00009564","1930-05","-34.9431","117.9242","12.0","KING RIVER, AS","18",",a","10",",a","2",",a","46.7",",,a,27,","141.5",",,,a"
"ASN00009564","1930-06","-34.9431","117.9242","12.0","KING RIVER, AS","21",",a","8",",a","0",",a","14.5",",,a,28,","66.6",",,,a"
"ASN00009564","1930-07","-34.9431","117.9242","12.0","KING RIVER, AS","21",",a","12",",a","0",",a","19.6",",,a,26,","119.0",",,,a"
"ASN00009564","1930-08","-34.9431","117.9242","12.0","KING RIVER, AS","21",",a","8",",a","0",",a","14.2",",,a,07,","69.8",",,,a"
"ASN00009564","1930-09","-34.9431","117.9242","12.0","KING RIVER, AS","17",",a","10",",a","0",",a","24.6",",,a,16,","122.0",",,,a"
"ASN00009564","1930-10","-34.9431","117.9242","12.0","KING RIVER, AS","14",",a","7",",a","0",",a","6.9",",,a,19,","33.8",",,,a"
"ASN00009564","1930-11","-34.9431","117.9242","12.0","KING RIVER, AS","12",",a","5",",a","0",",a","14.2",",,a,03,","43.8",",,,a"
"ASN00009564","1930-12","-34.9431","117.9242","12.0","KING RIVER, AS","9",",a","3",",a","0",",a","7.6",",,a,05,","19.3",",,,a"
"ASN00009564","1931-01","-34.9431","117.9242","12.0","KING RIVER, AS","6",",a","1",",a","0",",a","5.6",",,a,29,","9.8",",,,a"
"ASN00009564","1931-02","-34.9431","117.9242","12.0","KING RIVER, AS","8",",a","1",",a","0",",a","3.8",",,a,03,","10.0",",,,a"
"ASN00009564","1931-03","-34.9431","117.9242","12.0","KING RIVER, AS","12",",a","3",",a","0",",a","15.7",",,a,06,","30.2",",,,a"
"ASN00009564","1931-04","-34.9431","117.9242","12.0","KING RIVER, AS","11",",a","7",",a","1",",a","30.5",",,a,24,","98.2",",,,a"
"ASN00009564","1931-05","-34.9431","117.9242","12.0","KING RIVER, AS","18",",a","12",",a","0",",a","19.1",",,a,13,","102.1",",,,a"
"ASN00009564","1931-06","-34.9431","117.9242","12.0","KING RIVER, AS","19",",a","10",",a","1",",a","26.4",",,a,17,","109.6",",,,a"
"ASN00009564","1931-07","-34.9431","117.9242","12.0","KING RIVER, AS","24",",a","12",",a","1",",a","49.8",",,a,25,","153.6",",,,a"
"ASN00009564","1931-08","-34.9431","117.9242","12.0","KING RIVER, AS","23",",a","11",",a","1",",a","28.7",",,a,04,","132.6",",,,a"
"ASN00009564","1931-09","-34.9431","117.9242","12.0","KING RIVER, AS","21",",a","17",",a","0",",a","18.5",",,a,05,","136.4",",,,a"
"ASN00009564","1931-10","-34.9431","117.9242","12.0","KING RIVER, AS","16",",a","6",",a","0",",a","9.7",",,a,15,","47.3",",,,a"
"ASN00009564","1931-11","-34.9431","117.9242","12.0","KING RIVER, AS","9",",a","3",",a","0",",a","9.1",",,a,04,","27.2",",,,a"
"ASN00009564","1931-12","-34.9431","117.9242","12.0","KING RIVER, AS","10",",a","5",",a","1",",a","33.0",",,a,16,","77.8",",,,a"
"ASN00009564","1932-01","-34.9431","117.9242","12.0","KING RIVER, AS","11",",a","3",",a","0",",a","5.8",",,a,29,","18.4",",,,a"
"ASN00009564","1932-02","-34.9431","117.9242","12.0","KING RIVER, AS","5",",a","2",",a","0",",a","3.0",",,a,03,","8.7",",,,a"
"ASN00009564","1932-03","-34.9431","117.9242","12.0","KING RIVER, AS","11",",a","3",",a","0",",a","12.7",",,a,30,","26.8",",,,a"
"ASN00009564","1932-04","-34.9431","117.9242","12.0","KING RIVER, AS","19",",a","7",",a","0",",a","11.4",",,a,09,","55.0",",,,a"
"ASN00009564","1932-05","-34.9431","117.9242","12.0","KING RIVER, AS","19",",a","6",",a","1",",a","44.5",",,a,29,","101.6",",,,a"
"ASN00009564","1932-06","-34.9431","117.9242","12.0","KING RIVER, AS","21",",a","13",",a","1",",a","31.2",",,a,14,","143.1",",,,a"
"ASN00009564","1932-07","-34.9431","117.9242","12.0","KING RIVER, AS","21",",a","11",",a","0",",a","17.8",",,a,16,","96.1",",,,a"
"ASN00009564","1932-08","-34.9431","117.9242","12.0","KING RIVER, AS","22",",a","16",",a","0",",a","23.4",",,a,03,","193.2",",,,a"
"ASN00009564","1932-09","-34.9431","117.9242","12.0","KING RIVER, AS","19",",a","9",",a","0",",a","19.8",",,a,12,","67.4",",,,a"
"ASN00009564","1932-10","-34.9431","117.9242","12.0","KING RIVER, AS","16",",a","10",",a","0",",a","16.3",",,a,29,","76.8",",,,a"
"ASN00009564","1932-11","-34.9431","117.9242","12.0","KING RIVER, AS","11",",a","7",",a","0",",a","11.7",",,a,09,","41.5",",,,a"
"ASN00009564","1932-12","-34.9431","117.9242","12.0","KING RIVER, AS","6",",a","2",",a","0",",a","4.6",",,a,19,","11.0",",,,a"
"ASN00009564","1933-01","-34.9431","117.9242","12.0","KING RIVER, AS","11",",a","2",",a","0",",a","16.0",",,a,17,","33.4",",,,a"
"ASN00009564","1933-02","-34.9431","117.9242","12.0","KING RIVER, AS","5",",a","1",",a","0",",a","2.5",",,a,02,","6.9",",,,a"
"ASN00009564","1933-03","-34.9431","117.9242","12.0","KING RIVER, AS","15",",a","4",",a","0",",a","24.6",",,a,27,","59.6",",,,a"
"ASN00009564","1933-04","-34.9431","117.9242","12.0","KING RIVER, AS","17",",a","10",",a","0",",a","14.2",",,a,28,","65.4",",,,a"
"ASN00009564","1933-05","-34.9431","117.9242","12.0","KING RIVER, AS","19",",a","13",",a","0",",a","18.8",",,a,28,+","129.9",",,,a"
"ASN00009564","1933-06","-34.9431","117.9242","12.0","KING RIVER, AS","26",",a","17",",a","1",",a","25.7",",,a,27,","171.5",",,,a"
"ASN00009564","1933-07","-34.9431","117.9242","12.0","KING RIVER, AS","20",",a","13",",a","0",",a","16.0",",,a,27,","99.1",",,,a"
"ASN00009564","1933-08","-34.9431","117.9242","12.0","KING RIVER, AS","18",",a","8",",a","1",",a","28.7",",,a,26,","100.7",",,,a"
"ASN00009564","1933-09","-34.9431","117.9242","12.0","KING RIVER, AS","13",",a","8",",a","0",",a","14.7",",,a,06,","85.2",",,,a"
"ASN00009564","1933-10","-34.9431","117.9242","12.0","KING RIVER, AS","20",",a","9",",a","2",",a","53.1",",,a,16,","166.7",",,,a"
"ASN00009564","1933-11","-34.9431","117.9242","12.0","KING RIVER, AS","9",",a","7",",a","0",",a","16.0",",,a,14,","51.0",",,,a"
"ASN00009564","1933-12","-34.9431","117.9242","12.0","KING RIVER, AS","9",",a","3",",a","0",",a","10.2",",,a,03,","26.7",",,,a"
"ASN00009564","1934-01","-34.9431","117.9242","12.0","KING RIVER, AS","10",",a","4",",a","0",",a","19.8",",,a,17,","41.3",",,,a"
"ASN00009564","1934-02","-34.9431","117.9242","12.0","KING RIVER, AS","9",",a","2",",a","0",",a","2.5",",,a,22,+","13.0",",,,a"
"ASN00009564","1934-03","-34.9431","117.9242","12.0","KING RIVER, AS","12",",a","6",",a","2",",a","76.5",",,a,08,","133.0",",,,a"
"ASN00009564","1934-04","-34.9431","117.9242","12.0","KING RIVER, AS","19",",a","9",",a","0",",a","11.2",",,a,10,","65.3",",,,a"
"ASN00009564","1934-05","-34.9431","117.9242","12.0","KING RIVER, AS","13",",a","4",",a","0",",a","23.6",",,a,08,","47.1",",,,a"
"ASN00009564","1934-06","-34.9431","117.9242","12.0","KING RIVER, AS","21",",a","11",",a","1",",a","25.4",",,a,19,","125.6",",,,a"
"ASN00009564","1934-07","-34.9431","117.9242","12.0","KING RIVER, AS","25",",a","12",",a","1",",a","26.4",",,a,08,","132.1",",,,a"
"ASN00009564","1934-08","-34.9431","117.9242","12.0","KING RIVER, AS","19",",a","11",",a","0",",a","16.3",",,a,07,","107.2",",,,a"
"ASN00009564","1934-09","-34.9431","117.9242","12.0","KING RIVER, AS","18",",a","12",",a","1",",a","30.0",",,a,11,","115.2",",,,a"
"ASN00009564","1934-10","-34.9431","117.9242","12.0","KING RIVER, AS","17",",a","9",",a","1",",a","31.2",",,a,12,","91.0",",,,a"
"ASN00009564","1934-11","-34.9431","117.9242","12.0","KING RIVER, AS","11",",a","4",",a","0",",a","16.8",",,a,06,","50.6",",,,a"
"ASN00009564","1934-12","-34.9431","117.9242","12.0","KING RIVER, AS","15",",a","5",",a","0",",a","14.0",",,a,17,","55.0",",,,a"
"ASN00009564","1935-01","-34.9431","117.9242","12.0","KING RIVER, AS","10",",a","3",",a","0",",a","6.1",",,a,01,","19.6",",,,a"
"ASN00009564","1935-02","-34.9431","117.9242","12.0","KING RIVER, AS","7",",a","5",",a","1",",a","40.6",",,a,02,","60.1",",,,a"
"ASN00009564","1935-03","-34.9431","117.9242","12.0","KING RIVER, AS","8",",a","3",",a","0",",a","3.6",",,a,08,","15.5",",,,a"
"ASN00009564","1935-04","-34.9431","117.9242","12.0","KING RIVER, AS","13",",a","8",",a","0",",a","17.0",",,a,02,","57.1",",,,a"
"ASN00009564","1935-05","-34.9431","117.9242","12.0","KING RIVER, AS","19",",a","9",",a","0",",a","13.7",",,a,27,","67.9",",,,a"
"ASN00009564","1935-06","-34.9431","117.9242","12.0","KING RIVER, AS","22",",a","16",",a","2",",a","39.1",",,a,03,","143.4",",,,a"
"ASN00009564","1935-07","-34.9431","117.9242","12.0","KING RIVER, AS","25",",a","15",",a","0",",a","24.4",",,a,25,","189.7",",,,a"
"ASN00009564","1935-08","-34.9431","117.9242","12.0","KING RIVER, AS","18",",a","9",",a","0",",a","22.9",",,a,30,","105.0",",,,a"
"ASN00009564","1935-09","-34.9431","117.9242","12.0","KING RIVER, AS","23",",a","13",",a","0",",a","15.2",",,a,15,+","108.2",",,,a"
"ASN00009564","1935-10","-34.9431","117.9242","12.0","KING RIVER, AS","20",",a","7",",a","0",",a","18.8",",,a,18,","82.3",",,,a"
"ASN00009564","1935-11","-34.9431","117.9242","12.0","KING RIVER, AS","9",",a","4",",a","0",",a","5.6",",,a,19,","21.4",",,,a"
"ASN00009564","1935-12","-34.9431","117.9242","12.0","KING RIVER, AS","9",",a","4",",a","0",",a","20.6",",,a,01,","36.6",",,,a"
"ASN00009564","1936-01","-34.9431","117.9242","12.0","KING RIVER, AS","11",",a","5",",a","0",",a","8.6",",,a,11,","38.4",",,,a"
"ASN00009564","1936-02","-34.9431","117.9242","12.0","KING RIVER, AS","7",",a","1",",a","0",",a","3.3",",,a,06,","7.7",",,,a"
"ASN00009564","1936-03","-34.9431","117.9242","12.0","KING RIVER, AS","6",",a","0",",a","0",",a","2.0",",,a,21,","5.8",",,,a"
"ASN00009564","1936-04","-34.9431","117.9242","12.0","KING RIVER, AS","13",",a","4",",a","0",",a","14.2",",,a,15,","35.4",",,,a"
"ASN00009564","1936-05","-34.9431","117.9242","12.0","KING RIVER, AS","19",",a","13",",a","1",",a","28.4",",,a,28,","118.1",",,,a"
"ASN00009564","1936-06","-34.9431","117.9242","12.0","KING RIVER, AS","15",",a","8",",a","2",",a","34.5",",,a,03,","128.7",",,,a"
"ASN00009564","1936-07","-34.9431","117.9242","12.0","KING RIVER, AS","23",",a","8",",a","1",",a","31.5",",,a,01,","97.8",",,,a"
"ASN00009564","1936-08","-34.9431","117.9242","12.0","KING RIVER, AS","22",",a","12",",a","1",",a","26.4",",,a,03,","113.7",",,,a"
"ASN00009564","1936-09","-34.9431","117.9242","12.0","KING RIVER, AS","13",",a","6",",a","0",",a","13.7",",,a,13,","48.3",",,,a"
"ASN00009564","1936-10","-34.9431","117.9242","12.0","KING RIVER, AS","18",",a","7",",a","0",",a","17.3",",,a,01,","56.8",",,,a"
"ASN00009564","1936-11","-34.9431","117.9242","12.0","KING RIVER, AS","7",",a","0",",a","0",",a","2.3",",,a,07,","7.5",",,,a"
"ASN00009564","1936-12","-34.9431","117.9242","12.0","KING RIVER, AS","12",",a","3",",a","0",",a","11.2",",,a,18,","26.0",",,,a"
"ASN00009564","1937-01","-34.9431","117.9242","12.0","KING RIVER, AS","13",",a","2",",a","0",",a","6.1",",,a,18,","21.1",",,,a"
"ASN00009564","1937-02","-34.9431","117.9242","12.0","KING RIVER, AS","4",",a","1",",a","0",",a","3.6",",,a,22,","7.5",",,,a"
"ASN00009564","1937-03","-34.9431","117.9242","12.0","KING RIVER, AS","19",",a","7",",a","1",",a","62.7",",,a,03,","97.3",",,,a"
"ASN00009564","1937-04","-34.9431","117.9242","12.0","KING RIVER, AS","11",",a","4",",a","1",",a","25.7",",,a,19,","55.0",",,,a"
"ASN00009564","1937-05","-34.9431","117.9242","12.0","KING RIVER, AS","27",",a","15",",a","3",",a","30.5",",,a,18,","201.9",",,,a"
"ASN00009564","1937-06","-34.9431","117.9242","12.0","KING RIVER, AS","18",",a","8",",a","0",",a","24.6",",,a,27,","87.8",",,,a"
"ASN00009564","1937-07","-34.9431","117.9242","12.0","KING RIVER, AS","17",",a","12",",a","1",",a","32.5",",,a,16,","114.4",",,,a"
"ASN00009564","1937-08","-34.9431","117.9242","12.0","KING RIVER, AS","22",",a","16",",a","0",",a","22.9",",,a,23,","156.3",",,,a"
"ASN00009564","1937-09","-34.9431","117.9242","12.0","KING RIVER, AS","13",",a","8",",a","0",",a","21.1",",,a,07,","81.5",",,,a"
"ASN00009564","1937-10","-34.9431","117.9242","12.0","KING RIVER, AS","14",",a","7",",a","0",",a","21.1",",,a,08,","51.6",",,,a"
"ASN00009564","1937-11","-34.9431","117.9242","12.0","KING RIVER, AS","17",",a","8",",a","0",",a","7.1",",,a,24,","40.2",",,,a"
"ASN00009564","1937-12","-34.9431","117.9242","12.0","KING RIVER, AS","12",",a","2",",a","0",",a","6.1",",,a,05,","18.5",",,,a"
"ASN00009564","1938-01","-34.9431","117.9242","12.0","KING RIVER, AS","10",",a","3",",a","0",",a","19.6",",,a,18,","41.6",",,,a"
"ASN00009564","1938-02","-34.9431","117.9242","12.0","KING RIVER, AS","7",",a","2",",a","0",",a","7.1",",,a,02,","12.3",",,,a"
"ASN00009564","1938-03","-34.9431","117.9242","12.0","KING RIVER, AS","14",",a","6",",a","0",",a","10.2",",,a,15,","39.0",",,,a"
"ASN00009564","1938-04","-34.9431","117.9242","12.0","KING RIVER, AS","21",",a","8",",a","0",",a","8.9",",,a,21,","49.0",",,,a"
"ASN00009564","1938-05","-34.9431","117.9242","12.0","KING RIVER, AS","22",",a","8",",a","2",",a","56.1",",,a,12,","123.4",",,,a"
"ASN00009564","1938-06","-34.9431","117.9242","12.0","KING RIVER, AS","23",",a","13",",a","0",",a","21.8",",,a,05,","149.2",",,,a"
"ASN00009564","1938-07","-34.9431","117.9242","12.0","KING RIVER, AS","23",",a","16",",a","0",",a","17.3",",,a,21,","119.3",",,,a"
"ASN00009564","1938-08","-34.9431","117.9242","12.0","KING RIVER, AS","23",",a","13",",a","1",",a","25.7",",,a,26,","107.5",",,,a"
"ASN00009564","1938-09","-34.9431","117.9242","12.0","KING RIVER, AS","16",",a","8",",a","0",",a","13.2",",,a,02,","70.5",",,,a"
"ASN00009564","1938-10","-34.9431","117.9242","12.0","KING RIVER, AS","16",",a","5",",a","0",",a","19.3",",,a,17,","64.5",",,,a"
"ASN00009564","1938-11","-34.9431","117.9242","12.0","KING RIVER, AS","11",",a","5",",a","0",",a","10.4",",,a,03,","29.6",",,,a"
"ASN00009564","1938-12","-34.9431","117.9242","12.0","KING RIVER, AS","9",",a","2",",a","0",",a","13.7",",,a,27,","25.2",",,,a"
"ASN00009564","1939-01","-34.9431","117.9242","12.0","KING RIVER, AS","17",",a","6",",a","3",",a","57.2",",,a,21,","159.1",",,,a"
"ASN00009564","1939-02","-34.9431","117.9242","12.0","KING RIVER, AS","9",",a","1",",a","0",",a","14.2",",,a,16,","20.5",",,,a"
"ASN00009564","1939-03","-34.9431","117.9242","12.0","KING RIVER, AS","11",",a","1",",a","0",",a","8.6",",,a,11,","20.7",",,,a"
"ASN00009564","1939-04","-34.9431","117.9242","12.0","KING RIVER, AS","14",",a","8",",a","0",",a","17.5",",,a,02,","65.5",",,,a"
"ASN00009564","1939-05","-34.9431","117.9242","12.0","KING RIVER, AS","20",",a","13",",a","0",",a","20.3",",,a,17,","74.3",",,,a"
"ASN00009564","1939-06","-34.9431","117.9242","12.0","KING RIVER, AS","20",",a","11",",a","0",",a","19.1",",,a,29,","105.6",",,,a"
"ASN00009564","1939-07","-34.9431","117.9242","12.0","KING RIVER, AS","25",",a","13",",a","0",",a","16.5",",,a,16,","113.0",",,,a"
"ASN00009564","1939-08","-34.9431","117.9242","12.0","KING RIVER, AS","27",",a","17",",a","1",",a","26.4",",,a,26,","167.8",",,,a"
"ASN00009564","1939-09","-34.9431","117.9242","12.0","KING RIVER, AS","14",",a","3",",a","0",",a","6.9",",,a,01,","28.4",",,,a"
"ASN00009564","1939-10","-34.9431","117.9242","12.0","KING RIVER, AS","20",",a","10",",a","0",",a","23.6",",,a,04,","108.8",",,,a"
"ASN00009564","1939-11","-34.9431","117.9242","12.0","KING RIVER, AS","15",",a","8",",a","0",",a","20.6",",,a,13,","76.2",",,,a"
"ASN00009564","1939-12","-34.9431","117.9242","12.0","KING RIVER, AS","7",",a","0",",a","0",",a","1.5",",,a,28,+","6.4",",,,a"
"ASN00009564","1940-01","-34.9431","117.9242","12.0","KING RIVER, AS","13",",a","3",",a","0",",a","9.1",",,a,25,","23.9",",,,a"
"ASN00009564","1940-02","-34.9431","117.9242","12.0","KING RIVER, AS","8",",a","0",",a","0",",a","2.3",",,a,15,","7.2",",,,a"
"ASN00009564","1940-03","-34.9431","117.9242","12.0","KING RIVER, AS","7",",a","0",",a","0",",a","1.8",",,a,23,+","5.9",",,,a"
"ASN00009564","1940-04","-34.9431","117.9242","12.0","KING RIVER, AS","12",",a","5",",a","0",",a","13.5",",,a,10,","41.8",",,,a"
"ASN00009564","1940-05","-34.9431","117.9242","12.0","KING RIVER, AS","15",",a","9",",a","0",",a","24.1",",,a,18,","84.6",",,,a"
"ASN00009564","1940-06","-34.9431","117.9242","12.0","KING RIVER, AS","18",",a","8",",a","0",",a","15.0",",,a,15,","59.4",",,,a"
"ASN00009564","1940-07","-34.9431","117.9242","12.0","KING RIVER, AS","15",",a","9",",a","0",",a","22.6",",,a,18,","104.9",",,,a"
"ASN00009564","1940-08","-34.9431","117.9242","12.0","KING RIVER, AS","17",",a","6",",a","0",",a","14.2",",,a,25,","55.9",",,,a"
"ASN00009564","1940-09","-34.9431","117.9242","12.0","KING RIVER, AS","20",",a","10",",a","0",",a","18.0",",,a,07,","74.1",",,,a"
"ASN00009564","1940-10","-34.9431","117.9242","12.0","KING RIVER, AS","18",",a","5",",a","0",",a","7.6",",,a,12,","39.7",",,,a"
"ASN00009564","1940-11","-34.9431","117.9242","12.0","KING RIVER, AS","13",",a","5",",a","0",",a","7.9",",,a,06,","28.6",",,,a"
"ASN00009564","1940-12","-34.9431","117.9242","12.0","KING RIVER, AS","10",",a","5",",a","0",",a","9.7",",,a,18,","37.1",",,,a"
"ASN00009564","1941-01","-34.9431","117.9242","12.0","KING RIVER, AS","12",",a","1",",a","0",",a","5.3",",,a,13,","13.9",",,,a"
"ASN00009564","1941-02","-34.9431","117.9242","12.0","KING RIVER, AS","10",",a","2",",a","0",",a","4.3",",,a,20,","16.2",",,,a"
"ASN00009564","1941-03","-34.9431","117.9242","12.0","KING RIVER, AS","15",",a","6",",a","0",",a","21.1",",,a,16,","60.7",",,,a"
"ASN00009564","1941-04","-34.9431","117.9242","12.0","KING RIVER, AS","13",",a","7",",a","0",",a","18.8",",,a,15,","68.8",",,,a"
"ASN00009564","1941-05","-34.9431","117.9242","12.0","KING RIVER, AS","13",",a","6",",a","1",",a","29.7",",,a,05,","66.6",",,,a"
"ASN00009564","1941-06","-34.9431","117.9242","12.0","KING RIVER, AS","20",",a","9",",a","0",",a","18.5",",,a,07,","91.3",",,,a"
"ASN00009564","1941-07","-34.9431","117.9242","12.0","KING RIVER, AS","21",",a","11",",a","1",",a","35.6",",,a,27,","124.7",",,,a"
"ASN00009564","1941-08","-34.9431","117.9242","12.0","KING RIVER, AS","16",",a","9",",a","0",",a","19.3",",,a,16,","69.3",",,,a"
"ASN00009564","1941-09","-34.9431","117.9242","12.0","KING RIVER, AS","19",",a","13",",a","0",",a","14.0",",,a,07,","107.3",",,,a"
"ASN00009564","1941-10","-34.9431","117.9242","12.0","KING RIVER, AS","14",",a","6",",a","0",",a","11.9",",,a,24,","53.0",",,,a"
"ASN00009564","1941-11","-34.9431","117.9242","12.0","KING RIVER, AS","9",",a","5",",a","1",",a","25.9",",,a,15,","60.2",",,,a"
"ASN00009564","1941-12","-34.9431","117.9242","12.0","KING RIVER, AS","6",",a","1",",a","0",",a","6.6",",,a,13,","8.6",",,,a"
"ASN00009564","1942-01","-34.9431","117.9242","12.0","KING RIVER, AS","12",",a","5",",a","0",",a","6.1",",,a,17,","32.7",",,,a"
"ASN00009564","1942-02","-34.9431","117.9242","12.0","KING RIVER, AS","9",",a","0",",a","0",",a","1.8",",,a,04,","7.6",",,,a"
"ASN00009564","1942-03","-34.9431","117.9242","12.0","KING RIVER, AS","16",",a","10",",a","0",",a","22.9",",,a,14,","84.2",",,,a"
"ASN00009564","1942-04","-34.9431","117.9242","12.0","KING RIVER, AS","14",",a","7",",a","0",",a","17.8",",,a,18,","83.6",",,,a"
"ASN00009564","1942-05","-34.9431","117.9242","12.0","KING RIVER, AS","18",",a","12",",a","1",",a","28.7",",,a,18,","132.3",",,,a"
"ASN00009564","1942-06","-34.9431","117.9242","12.0","KING RIVER, AS","26",",a","16",",a","0",",a","18.5",",,a,09,","149.7",",,,a"
"ASN00009564","1942-07","-34.9431","117.9242","12.0","KING RIVER, AS","23",",a","14",",a","0",",a","21.1",",,a,01,","129.5",",,,a"
"ASN00009564","1942-08","-34.9431","117.9242","12.0","KING RIVER, AS","26",",a","14",",a","0",",a","20.8",",,a,11,","140.8",",,,a"
"ASN00009564","1942-09","-34.9431","117.9242","12.0","KING RIVER, AS","18",",a","10",",a","0",",a","15.0",",,a,15,","99.0",",,,a"
"ASN00009564","1942-10","-34.9431","117.9242","12.0","KING RIVER, AS","21",",a","8",",a","1",",a","33.3",",,a,28,","96.0",",,,a"
"ASN00009564","1942-11","-34.9431","117.9242","12.0","KING RIVER, AS","9",",a","2",",a","0",",a","15.2",",,a,18,","26.7",",,,a"
"ASN00009564","1942-12","-34.9431","117.9242","12.0","KING RIVER, AS","9",",a","3",",a","1",",a","53.3",",,a,02,","73.8",",,,a"
"ASN00009564","1943-01","-34.9431","117.9242","12.0","KING RIVER, AS","9",",a","4",",a","1",",a","27.9",",,a,31,","49.7",",,,a"
"ASN00009564","1943-02","-34.9431","117.9242","12.0","KING RIVER, AS","6",",a","4",",a","1",",a","38.1",",,a,15,","63.3",",,,a"
"ASN00009564","1943-03","-34.9431","117.9242","12.0","KING RIVER, AS","16",",a","10",",a","1",",a","25.9",",,a,15,","117.0",",,,a"
"ASN00009564","1943-04","-34.9431","117.9242","12.0","KING RIVER, AS","19",",a","9",",a","0",",a","15.5",",,a,09,","82.0",",,,a"
"ASN00009564","1943-05","-34.9431","117.9242","12.0","KING RIVER, AS","14",",a","9",",a","1",",a","36.3",",,a,29,","102.9",",,,a"
"ASN00009564","1943-06","-34.9431","117.9242","12.0","KING RIVER, AS","21",",a","10",",a","0",",a","13.7",",,a,02,","93.8",",,,a"
"ASN00009564","1943-07","-34.9431","117.9242","12.0","KING RIVER, AS","24",",a","18",",a","2",",a","29.7",",,a,27,","195.5",",,,a"
"ASN00009564","1943-08","-34.9431","117.9242","12.0","KING RIVER, AS","17",",a","12",",a","0",",a","19.8",",,a,04,","111.6",",,,a"
"ASN00009564","1943-09","-34.9431","117.9242","12.0","KING RIVER, AS","23",",a","11",",a","0",",a","22.6",",,a,02,","90.5",",,,a"
"ASN00009564","1943-10","-34.9431","117.9242","12.0","KING RIVER, AS","11",",a","3",",a","0",",a","10.7",",,a,07,","27.7",",,,a"
"ASN00009564","1943-11","-34.9431","117.9242","12.0","KING RIVER, AS","11",",a","3",",a","0",",a","17.0",",,a,01,","33.4",",,,a"
"ASN00009564","1943-12","-34.9431","117.9242","12.0","KING RIVER, AS","11",",a","3",",a","0",",a","10.9",",,a,13,","32.5",",,,a"
"ASN00009564","1944-01","-34.9431","117.9242","12.0","KING RIVER, AS","8",",a","2",",a","0",",a","3.8",",,a,21,","12.8",",,,a"
"ASN00009564","1944-02","-34.9431","117.9242","12.0","KING RIVER, AS","11",",a","2",",a","0",",a","5.6",",,a,26,","17.9",",,,a"
"ASN00009564","1944-03","-34.9431","117.9242","12.0","KING RIVER, AS","8",",a","3",",a","0",",a","7.6",",,a,02,","23.1",",,,a"
"ASN00009564","1944-04","-34.9431","117.9242","12.0","KING RIVER, AS","19",",a","5",",a","0",",a","10.4",",,a,30,","41.1",",,,a"
"ASN00009564","1944-05","-34.9431","117.9242","12.0","KING RIVER, AS","24",",a","14",",a","1",",a","27.4",",,a,25,","122.5",",,,a"
"ASN00009564","1944-06","-34.9431","117.9242","12.0","KING RIVER, AS","17",",a","5",",a","0",",a","13.5",",,a,13,","43.0",",,,a"
"ASN00009564","1944-07","-34.9431","117.9242","12.0","KING RIVER, AS","22",",a","16",",a","1",",a","32.3",",,a,16,","162.7",",,,a"
"ASN00009564","1944-08","-34.9431","117.9242","12.0","KING RIVER, AS","23",",a","6",",a","1",",a","25.4",",,a,11,","77.4",",,,a"
"ASN00009564","1944-09","-34.9431","117.9242","12.0","KING RIVER, AS","20",",a","8",",a","0",",a","20.6",",,a,29,","81.9",",,,a"
"ASN00009564","1944-10","-34.9431","117.9242","12.0","KING RIVER, AS","13",",a","3",",a","0",",a","12.4",",,a,29,","34.6",",,,a"
"ASN00009564","1944-11","-34.9431","117.9242","12.0","KING RIVER, AS","13",",a","5",",a","0",",a","11.4",",,a,19,","45.0",",,,a"
"ASN00009564","1944-12","-34.9431","117.9242","12.0","KING RIVER, AS","19",",a","5",",a","0",",a","15.2",",,a,06,","54.2",",,,a"
"ASN00009564","1945-01","-34.9431","117.9242","12.0","KING RIVER, AS","6",",a","1",",a","0",",a","3.6",",,a,14,","8.5",",,,a"
"ASN00009564","1945-02","-34.9431","117.9242","12.0","KING RIVER, AS","8",",a","3",",a","0",",a","4.8",",,a,17,","13.9",",,,a"
"ASN00009564","1945-03","-34.9431","117.9242","12.0","KING RIVER, AS","11",",a","10",",a","0",",a","19.3",",,a,26,","72.5",",,,a"
"ASN00009564","1945-04","-34.9431","117.9242","12.0","KING RIVER, AS","13",",a","4",",a","0",",a","5.1",",,a,26,","22.0",",,,a"
"ASN00009564","1945-05","-34.9431","117.9242","12.0","KING RIVER, AS","22",",a","15",",a","0",",a","20.3",",,a,17,+","137.6",",,,a"
"ASN00009564","1945-06","-34.9431","117.9242","12.0","KING RIVER, AS","25",",a","20",",a","1",",a","27.9",",,a,01,","217.7",",,,a"
"ASN00009564","1945-07","-34.9431","117.9242","12.0","KING RIVER, AS","25",",a","13",",a","2",",a","40.1",",,a,06,","144.7",",,,a"
"ASN00009564","1945-08","-34.9431","117.9242","12.0","KING RIVER, AS","26",",a","16",",a","3",",a","28.4",",,a,24,","221.9",",,,a"
"ASN00009564","1945-09","-34.9431","117.9242","12.0","KING RIVER, AS","21",",a","15",",a","0",",a","23.6",",,a,10,","124.9",",,,a"
"ASN00009564","1945-10","-34.9431","117.9242","12.0","KING RIVER, AS","15",",a","8",",a","0",",a","12.4",",,a,25,","57.5",",,,a"
"ASN00009564","1945-11","-34.9431","117.9242","12.0","KING RIVER, AS","12",",a","5",",a","0",",a","5.1",",,a,13,","27.6",",,,a"
"ASN00009564","1945-12","-34.9431","117.9242","12.0","KING RIVER, AS","9",",a","2",",a","0",",a","21.6",",,a,25,","41.2",",,,a"
"ASN00009564","1946-01","-34.9431","117.9242","12.0","KING RIVER, AS","8",",a","2",",a","0",",a","5.6",",,a,19,","14.4",",,,a"
"ASN00009564","1946-02","-34.9431","117.9242","12.0","KING RIVER, AS","7",",a","1",",a","0",",a","4.6",",,a,25,","11.2",",,,a"
"ASN00009564","1946-03","-34.9431","117.9242","12.0","KING RIVER, AS","9",",a","2",",a","0",",a","6.6",",,a,22,","18.0",",,,a"
"ASN00009564","1946-04","-34.9431","117.9242","12.0","KING RIVER, AS","10",",a","4",",a","0",",a","5.3",",,a,20,","22.2",",,,a"
"ASN00009564","1946-05","-34.9431","117.9242","12.0","KING RIVER, AS","19",",a","7",",a","0",",a","23.9",",,a,14,","99.4",",,,a"
"ASN00009564","1946-06","-34.9431","117.9242","12.0","KING RIVER, AS","19",",a","12",",a","2",",a","39.1",",,a,26,","159.8",",,,a"
"ASN00009564","1946-07","-34.9431","117.9242","12.0","KING RIVER, AS","28",",a","13",",a","0",",a","17.5",",,a,22,","132.8",",,,a"
"ASN00009564","1946-08","-34.9431","117.9242","12.0","KING RIVER, AS","16",",a","8",",a","1",",a","35.3",",,a,31,","74.5",",,,a"
"ASN00009564","1946-09","-34.9431","117.9242","12.0","KING RIVER, AS","16",",a","5",",a","0",",a","12.2",",,a,20,","49.2",",,,a"
"ASN00009564","1946-10","-34.9431","117.9242","12.0","KING RIVER, AS","14",",a","5",",a","0",",a","10.7",",,a,03,","42.2",",,,a"
"ASN00009564","1946-11","-34.9431","117.9242","12.0","KING RIVER, AS","16",",a","8",",a","0",",a","14.0",",,a,13,","66.2",",,,a"
"ASN00009564","1946-12","-34.9431","117.9242","12.0","KING RIVER, AS","11",",a","4",",a","0",",a","18.0",",,a,04,","40.7",",,,a"
"ASN00009564","1947-01","-34.9431","117.9242","12.0","KING RIVER, AS","9",",a","2",",a","0",",a","3.6",",,a,28,","12.6",",,,a"
"ASN00009564","1947-02","-34.9431","117.9242","12.0","KING RIVER, AS","12",",a","4",",a","0",",a","6.1",",,a,25,","27.4",",,,a"
"ASN00009564","1947-03","-34.9431","117.9242","12.0","KING RIVER, AS","11",",a","3",",a","0",",a","6.6",",,a,11,","24.5",",,,a"
"ASN00009564","1947-04","-34.9431","117.9242","12.0","KING RIVER, AS","17",",a","9",",a","1",",a","82.8",",,a,07,","157.5",",,,a"
"ASN00009564","1947-05","-34.9431","117.9242","12.0","KING RIVER, AS","19",",a","12",",a","1",",a","32.3",",,a,03,","123.0",",,,a"
"ASN00009564","1947-06","-34.9431","117.9242","12.0","KING RIVER, AS","25",",a","17",",a","1",",a","47.8",",,a,15,","191.4",",,,a"
"ASN00009564","1947-07","-34.9431","117.9242","12.0","KING RIVER, AS","22",",a","13",",a","1",",a","27.7",",,a,12,","130.5",",,,a"
"ASN00009564","1947-08","-34.9431","117.9242","12.0","KING RIVER, AS","20",",a","10",",a","0",",a","17.3",",,a,09,","81.2",",,,a"
"ASN00009564","1947-09","-34.9431","117.9242","12.0","KING RIVER, AS","9",",a","9",",a","0",",a","18.0",",,a,14,","75.1",",,,a"
"ASN00009564","1947-10","-34.9431","117.9242","12.0","KING RIVER, AS","17",",a","8",",a","3",",a","48.3",",,a,18,","149.0",",,,a"
"ASN00009564","1947-11","-34.9431","117.9242","12.0","KING RIVER, AS","16",",a","6",",a","0",",a","8.9",",,a,19,","38.7",",,,a"
"ASN00009564","1947-12","-34.9431","117.9242","12.0","KING RIVER, AS","8",",a","6",",a","0",",a","12.2",",,a,19,","36.2",",,,a"
"ASN00009564","1948-01","-34.9431","117.9242","12.0","KING RIVER, AS","7",",a","0",",a","0",",a","1.5",",,a,26,","5.6",",,,a"
"ASN00009564","1948-02","-34.9431","117.9242","12.0","KING RIVER, AS","10",",a","3",",a","0",",a","3.6",",,a,21,","16.4",",,,a"
"ASN00009564","1948-03","-34.9431","117.9242","12.0","KING RIVER, AS","10",",a","3",",a","0",",a","14.2",",,a,31,","37.8",",,,a"
"ASN00009564","1948-04","-34.9431","117.9242","12.0","KING RIVER, AS","13",",a","7",",a","0",",a","14.2",",,a,16,","69.3",",,,a"
"ASN00009564","1948-05","-34.9431","117.9242","12.0","KING RIVER, AS","13",",a","7",",a","0",",a","7.6",",,a,12,","35.6",",,,a"
"ASN00009564","1948-06","-34.9431","117.9242","12.0","KING RIVER, AS","15",",a","7",",a","1",",a","31.8",",,a,05,","101.0",",,,a"
"ASN00009564","1948-07","-34.9431","117.9242","12.0","KING RIVER, AS","23",",a","20",",a","0",",a","17.5",",,a,23,","152.5",",,,a"
"ASN00009564","1948-08","-34.9431","117.9242","12.0","KING RIVER, AS","22",",a","13",",a","0",",a","15.5",",,a,18,","108.6",",,,a"
"ASN00009564","1948-09","-34.9431","117.9242","12.0","KING RIVER, AS","14",",a","10",",a","2",",a","35.6",",,a,28,","140.4",",,,a"
"ASN00009564","1948-10","-34.9431","117.9242","12.0","KING RIVER, AS","15",",a","9",",a","0",",a","8.6",",,a,26,","58.6",",,,a"
"ASN00009564","1948-11","-34.9431","117.9242","12.0","KING RIVER, AS","10",",a","5",",a","1",",a","50.0",",,a,15,","86.4",",,,a"
"ASN00009564","1948-12","-34.9431","117.9242","12.0","KING RIVER, AS","11",",a","4",",a","0",",a","13.7",",,a,24,","32.6",",,,a"
"ASN00009564","1949-01","-34.9431","117.9242","12.0","KING RIVER, AS","10",",a","2",",a","0",",a","8.9",",,a,26,","20.7",",,,a"
"ASN00009564","1949-02","-34.9431","117.9242","12.0","KING RIVER, AS","8",",a","1",",a","0",",a","3.6",",,a,19,","8.1",",,,a"
"ASN00009564","1949-03","-34.9431","117.9242","12.0","KING RIVER, AS","10",",a","4",",a","1",",a","27.9",",,a,12,","56.9",",,,a"
"ASN00009564","1949-04","-34.9431","117.9242","12.0","KING RIVER, AS","10",",a","6",",a","0",",a","13.5",",,a,18,","48.2",",,,a"
"ASN00009564","1949-05","-34.9431","117.9242","12.0","KING RIVER, AS","14",",a","7",",a","1",",a","26.2",",,a,10,","61.6",",,,a"
"ASN00009564","1949-06","-34.9431","117.9242","12.0","KING RIVER, AS","13",",a","8",",a","0",",a","15.0",",,a,04,","80.7",",,,a"
"ASN00009564","1949-07","-34.9431","117.9242","12.0","KING RIVER, AS","22",",a","14",",a","0",",a","24.9",",,a,27,","156.1",",,,a"
"ASN00009564","1949-08","-34.9431","117.9242","12.0","KING RIVER, AS","21",",a","12",",a","0",",a","22.1",",,a,31,","121.9",",,,a"
"ASN00009564","1949-09","-34.9431","117.9242","12.0","KING RIVER, AS","12",",a","6",",a","0",",a","16.5",",,a,08,","64.8",",,,a"
"ASN00009564","1949-10","-34.9431","117.9242","12.0","KING RIVER, AS","22",",a","13",",a","1",",a","53.6",",,a,21,","151.7",",,,a"
"ASN00009564","1949-11","-34.9431","117.9242","12.0","KING RIVER, AS","15",",a","9",",a","0",",a","20.6",",,a,07,","76.8",",,,a"
"ASN00009564","1949-12","-34.9431","117.9242","12.0","KING RIVER, AS","4",",a","0",",a","0",",a","2.0",",,a,15,","5.8",",,,a"
"ASN00009564","1950-01","-34.9431","117.9242","12.0","KING RIVER, AS","9",",a","4",",a","0",",a","9.4",",,a,04,","25.9",",,,a"
"ASN00009564","1950-02","-34.9431","117.9242","12.0","KING RIVER, AS","9",",a","0",",a","0",",a","1.8",",,a,17,","7.0",",,,a"
"ASN00009564","1950-03","-34.9431","117.9242","12.0","KING RIVER, AS","8",",a","1",",a","0",",a","3.3",",,a,09,","7.8",",,,a"
"ASN00009564","1950-04","-34.9431","117.9242","12.0","KING RIVER, AS","4",",a","0",",a","0",",a","1.8",",,a,07,","3.6",",,,a"
"ASN00009564","1950-05","-34.9431","117.9242","12.0","KING RIVER, AS","17",",a","9",",a","2",",a","31.8",",,a,21,","142.7",",,,a"
"ASN00009564","1950-06","-34.9431","117.9242","12.0","KING RIVER, AS","17",",a","8",",a","1",",a","34.0",",,a,30,","99.1",",,,a"
"ASN00009564","1950-07","-34.9431","117.9242","12.0","KING RIVER, AS","16",",a","13",",a","0",",a","19.6",",,a,31,","117.7",",,,a"
"ASN00009564","1950-08","-34.9431","117.9242","12.0","KING RIVER, AS","20",",a","10",",a","0",",a","12.7",",,a,05,+","91.0",",,,a"
"ASN00009564","1950-09","-34.9431","117.9242","12.0","KING RIVER, AS","20",",a","13",",a","0",",a","20.8",",,a,12,","113.2",",,,a"
"ASN00009564","1950-10","-34.9431","117.9242","12.0","KING RIVER, AS","21",",a","10",",a","0",",a","13.7",",,a,04,","81.0",",,,a"
"ASN00009564","1950-11","-34.9431","117.9242","12.0","KING RIVER, AS","18",",a","11",",a","0",",a","12.2",",,a,02,","75.0",",,,a"
"ASN00009564","1950-12","-34.9431","117.9242","12.0","KING RIVER, AS","9",",a","4",",a","0",",a","13.2",",,a,27,","32.6",",,,a"
"ASN00009564","1951-01","-34.9431","117.9242","12.0","KING RIVER, AS","13",",a","4",",a","0",",a","19.3",",,a,17,","44.2",",,,a"
"ASN00009564","1951-02","-34.9431","117.9242","12.0","KING RIVER, AS","13",",a","9",",a","1",",a","29.2",",,a,22,","88.4",",,,a"
"ASN00009564","1951-03","-34.9431","117.9242","12.0","KING RIVER, AS","6",",a","1",",a","0",",a","4.3",",,a,25,","10.7",",,,a"
"ASN00009564","1951-04","-34.9431","117.9242","12.0","KING RIVER, AS","16",",a","9",",a","1",",a","30.5",",,a,10,","119.6",",,,a"
"ASN00009564","1951-05","-34.9431","117.9242","12.0","KING RIVER, AS","20",",a","9",",a","1",",a","27.4",",,a,21,","86.1",",,,a"
"ASN00009564","1951-06","-34.9431","117.9242","12.0","KING RIVER, AS","22",",a","13",",a","0",",a","19.6",",,a,18,","137.3",",,,a"
"ASN00009564","1951-07","-34.9431","117.9242","12.0","KING RIVER, AS","21",",a","13",",a","0",",a","13.2",",,a,04,","90.9",",,,a"
"ASN00009564","1951-08","-34.9431","117.9242","12.0","KING RIVER, AS","22",",a","13",",a","3",",a","36.8",",,a,06,","166.2",",,,a"
"ASN00009564","1951-09","-34.9431","117.9242","12.0","KING RIVER, AS","17",",a","11",",a","1",",a","30.5",",,a,19,","114.4",",,,a"
"ASN00009564","1951-10","-34.9431","117.9242","12.0","KING RIVER, AS","18",",a","8",",a","0",",a","10.2",",,a,20,","66.5",",,,a"
"ASN00009564","1951-11","-34.9431","117.9242","12.0","KING RIVER, AS","8",",a","3",",a","1",",a","38.6",",,a,30,","63.5",",,,a"
"ASN00009564","1951-12","-34.9431","117.9242","12.0","KING RIVER, AS","15",",a","9",",a","0",",a","20.1",",,a,01,","66.2",",,,a"
"ASN00009564","1952-01","-34.9431","117.9242","12.0","KING RIVER, AS","8",",a","4",",a","0",",a","19.8",",,a,24,","49.7",",,,a"
"ASN00009564","1952-02","-34.9431","117.9242","12.0","KING RIVER, AS","7",",a","0",",a","0",",a","2.0",",,a,13,","5.9",",,,a"
"ASN00009564","1952-03","-34.9431","117.9242","12.0","KING RIVER, AS","12",",a","6",",a","1",",a","39.6",",,a,10,","88.3",",,,a"
"ASN00009564","1952-04","-34.9431","117.9242","12.0","KING RIVER, AS","18",",a","7",",a","0",",a","17.3",",,a,20,","50.8",",,,a"
"ASN00009564","1953-01","-34.9431","117.9242","12.0","KING RIVER, AS","5",",a","1",",a","0",",a","6.9",",,a,26,","11.7",",,,a"
"ASN00009564","1953-02","-34.9431","117.9242","12.0","KING RIVER, AS","6",",a","3",",a","1",",a","25.9",",,a,02,","40.1",",,,a"
"ASN00009564","1953-03","-34.9431","117.9242","12.0","KING RIVER, AS","8",",a","1",",a","0",",a","5.6",",,a,28,","13.2",",,,a"
"ASN00009564","1953-04","-34.9431","117.9242","12.0","KING RIVER, AS","9",",a","4",",a","0",",a","8.4",",,a,06,","23.6",",,,a"
"ASN00009564","1953-05","-34.9431","117.9242","12.0","KING RIVER, AS","13",",a","9",",a","0",",a","24.4",",,a,17,","81.1",",,,a"
"ASN00009564","1953-06","-34.9431","117.9242","12.0","KING RIVER, AS","21",",a","12",",a","1",",a","25.7",",,a,04,","128.3",",,,a"
"ASN00009564","1953-07","-34.9431","117.9242","12.0","KING RIVER, AS","16",",a","10",",a","0",",a","10.7",",,a,25,","63.4",",,,a"
"ASN00009564","1953-08","-34.9431","117.9242","12.0","KING RIVER, AS","20",",a","10",",a","0",",a","21.1",",,a,31,","82.5",",,,a"
"ASN00009564","1953-09","-34.9431","117.9242","12.0","KING RIVER, AS","16",",a","8",",a","0",",a","12.7",",,a,08,","52.8",",,,a"
"ASN00009564","1953-10","-34.9431","117.9242","12.0","KING RIVER, AS","20",",a","13",",a","0",",a","10.9",",,a,10,","82.8",",,,a"
"ASN00009564","1953-11","-34.9431","117.9242","12.0","KING RIVER, AS","15",",a","5",",a","0",",a","17.8",",,a,05,","54.2",",,,a"
"ASN00009564","1953-12","-34.9431","117.9242","12.0","KING RIVER, AS","8",",a","3",",a","0",",a","8.6",",,a,06,","23.0",",,,a"
"ASN00009564","1954-01","-34.9431","117.9242","12.0","KING RIVER, AS","9",",a","2",",a","0",",a","3.8",",,a,21,","11.3",",,,a"
"ASN00009564","1954-02","-34.9431","117.9242","12.0","KING RIVER, AS","3",",a","1",",a","0",",a","2.5",",,a,08,","3.1",",,,a"
"ASN00009564","1954-03","-34.9431","117.9242","12.0","KING RIVER, AS","6",",a","3",",a","0",",a","9.4",",,a,17,","17.5",",,,a"
"ASN00009564","1954-04","-34.9431","117.9242","12.0","KING RIVER, AS","16",",a","4",",a","0",",a","14.5",",,a,27,","57.1",",,,a"
"ASN00009564","1954-05","-34.9431","117.9242","12.0","KING RIVER, AS","19",",a","9",",a","0",",a","10.2",",,a,14,","69.1",",,,a"
"ASN00009564","1954-06","-34.9431","117.9242","12.0","KING RIVER, AS","15",",a","10",",a","0",",a","5.6",",,a,21,","46.5",",,,a"
"ASN00009564","1954-07","-34.9431","117.9242","12.0","KING RIVER, AS","20",",a","10",",a","0",",a","16.8",",,a,21,","78.7",",,,a"
"ASN00009564","1954-08","-34.9431","117.9242","12.0","KING RIVER, AS","21",",a","10",",a","0",",a","14.0",",,a,20,","73.7",",,,a"
"ASN00009564","1954-09","-34.9431","117.9242","12.0","KING RIVER, AS","15",",a","5",",a","0",",a","20.8",",,a,01,","59.8",",,,a"
"ASN00009564","1954-10","-34.9431","117.9242","12.0","KING RIVER, AS","15",",a","7",",a","1",",a","27.7",",,a,29,","67.2",",,,a"
"ASN00009564","1954-11","-34.9431","117.9242","12.0","KING RIVER, AS","16",",a","6",",a","0",",a","20.8",",,a,11,","56.1",",,,a"
"ASN00009564","1954-12","-34.9431","117.9242","12.0","KING RIVER, AS","9",",a","5",",a","0",",a","6.1",",,a,11,","25.4",",,,a"
"ASN00009564","1955-01","-34.9431","117.9242","12.0","KING RIVER, AS","9",",a","2",",a","0",",a","4.8",",,a,24,","13.7",",,,a"
"ASN00009564","1955-02","-34.9431","117.9242","12.0","KING RIVER, AS","14",",a","6",",a","4",",a","62.7",",,a,17,","169.5",",,,a"
"ASN00009564","1955-03","-34.9431","117.9242","12.0","KING RIVER, AS","10",",a","0",",a","0",",a","1.5",",,a,25,","7.1",",,,a"
"ASN00009564","1955-04","-34.9431","117.9242","12.0","KING RIVER, AS","20",",a","10",",a","2",",a","73.4",",,a,22,","167.6",",,,a"
"ASN00009564","1955-05","-34.9431","117.9242","12.0","KING RIVER, AS","23",",a","8",",a","1",",a","25.7",",,a,21,","71.6",",,,a"
"ASN00009564","1955-06","-34.9431","117.9242","12.0","KING RIVER, AS","17",",a","8",",a","3",",a","35.1",",,a,21,","127.0",",,,a"
"ASN00009564","1955-07","-34.9431","117.9242","12.0","KING RIVER, AS","16",",a","13",",a","0",",a","18.8",",,a,12,","104.2",",,,a"
"ASN00009564","1955-08","-34.9431","117.9242","12.0","KING RIVER, AS","26",",a","19",",a","1",",a","35.8",",,a,23,","173.3",",,,a"
"ASN00009564","1955-09","-34.9431","117.9242","12.0","KING RIVER, AS","19",",a","8",",a","1",",a","30.7",",,a,20,","74.8",",,,a"
"ASN00009564","1955-10","-34.9431","117.9242","12.0","KING RIVER, AS","21",",a","15",",a","0",",a","21.1",",,a,17,","111.4",",,,a"
"ASN00009564","1955-11","-34.9431","117.9242","12.0","KING RIVER, AS","13",",a","5",",a","0",",a","7.1",",,a,23,","24.9",",,,a"
"ASN00009564","1955-12","-34.9431","117.9242","12.0","KING RIVER, AS","9",",a","3",",a","0",",a","22.9",",,a,10,","46.6",",,,a"
"ASN00009564","1956-01","-34.9431","117.9242","12.0","KING RIVER, AS","3",",a","0",",a","0",",a","0.5",",,a,13,+","1.3",",,,a"
"ASN00009564","1956-02","-34.9431","117.9242","12.0","KING RIVER, AS","3",",a","0",",a","0",",a","1.3",",,a,22,","1.9",",,,a"
"ASN00009564","1956-03","-34.9431","117.9242","12.0","KING RIVER, AS","7",",a","1",",a","1",",a","46.5",",,a,05,","52.2",",,,a"
"ASN00009564","1956-04","-34.9431","117.9242","12.0","KING RIVER, AS","14",",a","8",",a","0",",a","9.9",",,a,15,","49.3",",,,a"
"ASN00009564","1956-05","-34.9431","117.9242","12.0","KING RIVER, AS","20",",a","13",",a","0",",a","15.7",",,a,14,","89.3",",,,a"
"ASN00009564","1956-06","-34.9431","117.9242","12.0","KING RIVER, AS","18",",a","13",",a","3",",a","33.0",",,a,06,","173.6",",,,a"
"ASN00009564","1956-07","-34.9431","117.9242","12.0","KING RIVER, AS","22",",a","13",",a","0",",a","17.5",",,a,10,+","130.0",",,,a"
"ASN00009564","1956-08","-34.9431","117.9242","12.0","KING RIVER, AS","16",",a","7",",a","0",",a","6.6",",,a,08,","36.3",",,,a"
"ASN00009564","1956-09","-34.9431","117.9242","12.0","KING RIVER, AS","11",",a","8",",a","0",",a","12.4",",,a,24,","47.0",",,,a"
"ASN00009564","1956-10","-34.9431","117.9242","12.0","KING RIVER, AS","12",",a","8",",a","0",",a","18.5",",,a,23,","72.2",",,,a"
"ASN00009564","1956-11","-34.9431","117.9242","12.0","KING RIVER, AS","13",",a","3",",a","1",",a","25.7",",,a,15,","41.5",",,,a"
"ASN00009564","1956-12","-34.9431","117.9242","12.0","KING RIVER, AS","11",",a","2",",a","0",",a","13.0",",,a,04,","25.1",",,,a"
"ASN00009564","1957-01","-34.9431","117.9242","12.0","KING RIVER, AS","3",",a","0",",a","0",",a","0.3",",,a,22,+","0.9",",,,a"
"ASN00009564","1957-02","-34.9431","117.9242","12.0","KING RIVER, AS","5",",a","0",",a","0",",a","2.3",",,a,19,","9.8",",,,a"
"ASN00009564","1957-03","-34.9431","117.9242","12.0","KING RIVER, AS","8",",a","2",",a","0",",a","3.6",",,a,12,","13.6",",,,a"
"ASN00009564","1957-04","-34.9431","117.9242","12.0","KING RIVER, AS","13",",a","8",",a","0",",a","24.1",",,a,22,","63.8",",,,a"
"ASN00009564","1957-05","-34.9431","117.9242","12.0","KING RIVER, AS","11",",a","6",",a","0",",a","15.2",",,a,15,","58.0",",,,a"
"ASN00009564","1957-06","-34.9431","117.9242","12.0","KING RIVER, AS","16",",a","14",",a","0",",a","15.7",",,a,11,","114.4",",,,a"
"ASN00009564","1957-07","-34.9431","117.9242","12.0","KING RIVER, AS","14",",a","10",",a","0",",a","11.4",",,a,03,","66.0",",,,a"
"ASN00009564","1957-08","-34.9431","117.9242","12.0","KING RIVER, AS","14",",a","7",",a","0",",a","15.2",",,a,29,","68.7",",,,a"
"ASN00009564","1957-09","-34.9431","117.9242","12.0","KING RIVER, AS","8",",a","5",",a","0",",a","11.4",",,a,04,","28.3",",,,a"
"ASN00009564","1957-10","-34.9431","117.9242","12.0","KING RIVER, AS","11",",a","5",",a","0",",a","12.2",",,a,20,","51.3",",,,a"
"ASN00009564","1957-11","-34.9431","117.9242","12.0","KING RIVER, AS","3",",a","0",",a","0",",a","1.3",",,a,16,","1.9",",,,a"
"ASN00009564","1957-12","-34.9431","117.9242","12.0","KING RIVER, AS","3",",a","2",",a","0",",a","15.7",",,a,28,","20.5",",,,a"
"ASN00009564","1958-01","-34.9431","117.9242","12.0","KING RIVER, AS","6",",a","1",",a","0",",a","5.1",",,a,25,","9.7",",,,a"
"ASN00009564","1958-02","-34.9431","117.9242","12.0","KING RIVER, AS","3",",a","1",",a","0",",a","4.3",",,a,14,","6.9",",,,a"
"ASN00009564","1958-03","-34.9431","117.9242","12.0","KING RIVER, AS","7",",a","2",",a","0",",a","3.6",",,a,15,+","13.0",",,,a"
"ASN00009564","1958-04","-34.9431","117.9242","12.0","KING RIVER, AS","8",",a","6",",a","0",",a","15.2",",,a,27,","52.2",",,,a"
"ASN00009564","1958-05","-34.9431","117.9242","12.0","KING RIVER, AS","13",",a","7",",a","0",",a","10.2",",,a,14,+","54.4",",,,a"
"ASN00009564","1958-06","-34.9431","117.9242","12.0","KING RIVER, AS","7",",a","5",",a","0",",a","6.4",",,a,18,","21.1",",,,a"
"ASN00009564","1958-07","-34.9431","117.9242","12.0","KING RIVER, AS","21",",a","18",",a","1",",a","25.7",",,a,28,","156.9",",,,a"
"ASN00009564","1958-08","-34.9431","117.9242","12.0","KING RIVER, AS","9",",a","8",",a","1",",a","31.8",",,a,04,","71.1",",,,a"
"ASN00009564","1958-09","-34.9431","117.9242","12.0","KING RIVER, AS","11",",a","10",",a","1",",a","30.5",",,a,01,","102.2",",,,a"
"ASN00009564","1958-10","-34.9431","117.9242","12.0","KING RIVER, AS","12",",a","6",",a","0",",a","10.9",",,a,03,","47.8",",,,a"
"ASN00009564","1958-11","-34.9431","117.9242","12.0","KING RIVER, AS","6",",a","3",",a","0",",a","24.1",",,a,03,","46.4",",,,a"
"ASN00009564","1958-12","-34.9431","117.9242","12.0","KING RIVER, AS","9",",a","2",",a","0",",a","20.1",",,a,21,","32.5",",,,a"
"ASN00009564","1959-01","-34.9431","117.9242","12.0","KING RIVER, AS","7",",a","0",",a","0",",a","2.3",",,a,17,","6.5",",,,a"
"ASN00009564","1959-02","-34.9431","117.9242","12.0","KING RIVER, AS","8",",a","3",",a","0",",a","11.2",",,a,09,","20.4",",,,a"
"ASN00009564","1959-03","-34.9431","117.9242","12.0","KING RIVER, AS","11",",a","0",",a","0",",a","2.3",",,a,17,","13.6",",,,a"
"ASN00009564","1959-04","-34.9431","117.9242","12.0","KING RIVER, AS","9",",a","4",",a","1",",a","43.7",",,a,12,","67.4",",,,a"
"ASN00009564","1959-05","-34.9431","117.9242","12.0","KING RIVER, AS","14",",a","6",",a","0",",a","8.4",",,a,13,","39.7",",,,a"
"ASN00009564","1959-06","-34.9431","117.9242","12.0","KING RIVER, AS","20",",a","13",",a","1",",a","27.2",",,a,17,","127.2",",,,a"
"ASN00009564","1959-07","-34.9431","117.9242","12.0","KING RIVER, AS","13",",a","7",",a","0",",a","14.5",",,a,25,+","69.9",",,,a"
"ASN00009564","1959-08","-34.9431","117.9242","12.0","KING RIVER, AS","18",",a","8",",a","0",",a","21.8",",,a,11,","90.3",",,,a"
"ASN00009564","1959-09","-34.9431","117.9242","12.0","KING RIVER, AS","22",",a","11",",a","1",",a","56.4",",,a,13,","156.2",",,,a"
"ASN00009564","1959-10","-34.9431","117.9242","12.0","KING RIVER, AS","22",",a","8",",a","0",",a","15.0",",,a,27,","70.4",",,,a"
"ASN00009564","1959-11","-34.9431","117.9242","12.0","KING RIVER, AS","12",",a","5",",a","1",",a","71.1",",,a,22,","131.5",",,,a"
"ASN00009564","1959-12","-34.9431","117.9242","12.0","KING RIVER, AS","11",",a","4",",a","0",",a","19.1",",,a,31,","48.2",",,,a"
"ASN00009564","1960-01","-34.9431","117.9242","12.0","KING RIVER, AS","9",",a","4",",a","0",",a","14.0",",,a,08,","34.6",",,,a"
"ASN00009564","1960-02","-34.9431","117.9242","12.0","KING RIVER, AS","9",",a","0",",a","0",",a","2.3",",,a,23,","8.6",",,,a"
"ASN00009564","1960-03","-34.9431","117.9242","12.0","KING RIVER, AS","17",",a","7",",a","0",",a","18.5",",,a,24,","92.3",",,,a"
"ASN00009564","1960-04","-34.9431","117.9242","12.0","KING RIVER, AS","18",",a","9",",a","0",",a","11.7",",,a,29,","66.3",",,,a"
"ASN00009564","1960-05","-34.9431","117.9242","12.0","KING RIVER, AS","18",",a","10",",a","0",",a","19.3",",,a,28,","85.1",",,,a"
"ASN00009564","1960-06","-34.9431","117.9242","12.0","KING RIVER, AS","17",",a","5",",a","0",",a","12.4",",,a,14,","56.7",",,,a"
"ASN00009564","1960-07","-34.9431","117.9242","12.0","KING RIVER, AS","26",",a","18",",a","0",",a","20.8",",,a,29,","174.1",",,,a"
"ASN00009564","1960-08","-34.9431","117.9242","12.0","KING RIVER, AS","19",",a","9",",a","0",",a","11.4",",,a,16,","62.1",",,,a"
"ASN00009564","1960-09","-34.9431","117.9242","12.0","KING RIVER, AS","19",",a","10",",a","0",",a","18.5",",,a,12,","82.4",",,,a"
"ASN00009564","1960-10","-34.9431","117.9242","12.0","KING RIVER, AS","15",",a","5",",a","0",",a","6.6",",,a,09,","28.0",",,,a"
"ASN00009564","1960-11","-34.9431","117.9242","12.0","KING RIVER, AS","12",",a","2",",a","0",",a","5.3",",,a,29,+","19.8",",,,a"
"ASN00009564","1960-12","-34.9431","117.9242","12.0","KING RIVER, AS","10",",a","6",",a","1",",a","46.2",",,a,17,","81.8",",,,a"
"ASN00009564","1961-01","-34.9431","117.9242","12.0","KING RIVER, AS","5",",a","3",",a","1",",a","27.4",",,a,26,","42.5",",,,a"
"ASN00009564","1961-02","-34.9431","117.9242","12.0","KING RIVER, AS","10",",a","5",",a","0",",a","6.9",",,a,26,","25.9",",,,a"
"ASN00009564","1961-03","-34.9431","117.9242","12.0","KING RIVER, AS","10",",a","4",",a","0",",a","8.6",",,a,29,","32.0",",,,a"
"ASN00009564","1961-04","-34.9431","117.9242","12.0","KING RIVER, AS","19",",a","13",",a","3",",a","84.8",",,a,15,","251.5",",,,a"
"ASN00009564","1961-05","-34.9431","117.9242","12.0","KING RIVER, AS","13",",a","7",",a","1",",a","46.0",",,a,24,","92.1",",,,a"
"ASN00009564","1961-06","-34.9431","117.9242","12.0","KING RIVER, AS","20",",a","10",",a","1",",a","39.4",",,a,28,","107.2",",,,a"
"ASN00009564","1961-07","-34.9431","117.9242","12.0","KING RIVER, AS","23",",a","10",",a","1",",a","54.4",",,a,19,","173.7",",,,a"
"ASN00009564","1961-08","-34.9431","117.9242","12.0","KING RIVER, AS","21",",a","13",",a","1",",a","27.7",",,a,14,","107.1",",,,a"
"ASN00009564","1961-09","-34.9431","117.9242","12.0","KING RIVER, AS","15",",a","7",",a","0",",a","12.2",",,a,04,","73.3",",,,a"
"ASN00009564","1961-10","-34.9431","117.9242","12.0","KING RIVER, AS","17",",a","5",",a","0",",a","18.8",",,a,19,","49.2",",,,a"
"ASN00009564","1961-11","-34.9431","117.9242","12.0","KING RIVER, AS","8",",a","3",",a","0",",a","12.4",",,a,20,","24.7",",,,a"
"ASN00009564","1961-12","-34.9431","117.9242","12.0","KING RIVER, AS","8",",a","4",",a","0",",a","9.9",",,a,16,","25.7",",,,a"
"ASN00009564","1962-01","-34.9431","117.9242","12.0","KING RIVER, AS","1",",a","0",",a","0",",a","0.3",",,a,02,","0.3",",,,a"
"ASN00009564","1962-02","-34.9431","117.9242","12.0","KING RIVER, AS","11",",a","2",",a","0",",a","10.2",",,a,17,","22.1",",,,a"
"ASN00009564","1962-03","-34.9431","117.9242","12.0","KING RIVER, AS","13",",a","1",",a","0",",a","24.9",",,a,16,","34.8",",,,a"
"ASN00009564","1962-04","-34.9431","117.9242","12.0","KING RIVER, AS","12",",a","5",",a","0",",a","5.6",",,a,01,","25.7",",,,a"
"ASN00009564","1962-05","-34.9431","117.9242","12.0","KING RIVER, AS","19",",a","9",",a","0",",a","12.7",",,a,15,","76.2",",,,a"
"ASN00009564","1962-06","-34.9431","117.9242","12.0","KING RIVER, AS","21",",a","11",",a","1",",a","25.4",",,a,23,","142.9",",,,a"
"ASN00009564","1962-07","-34.9431","117.9242","12.0","KING RIVER, AS","18",",a","11",",a","2",",a","30.7",",,a,11,","156.8",",,,a"
"ASN00009564","1962-08","-34.9431","117.9242","12.0","KING RIVER, AS","20",",a","11",",a","0",",a","24.6",",,a,11,","108.4",",,,a"
"ASN00009564","1962-09","-34.9431","117.9242","12.0","KING RIVER, AS","21",",a","11",",a","0",",a","11.4",",,a,04,","66.1",",,,a"
"ASN00009564","1962-10","-34.9431","117.9242","12.0","KING RIVER, AS","19",",a","11",",a","0",",a","22.1",",,a,20,","107.3",",,,a"
"ASN00009564","1962-11","-34.9431","117.9242","12.0","KING RIVER, AS","14",",a","6",",a","0",",a","7.4",",,a,09,","35.0",",,,a"
"ASN00009564","1962-12","-34.9431","117.9242","12.0","KING RIVER, AS","8","2,a","3","2,a","0","2,a","6.1","2,,a,01,","27.8",",a,,a"
"ASN00009564","1963-01","-34.9431","117.9242","12.0","KING RIVER, AS","8","2,a","3","2,a","0","2,a","9.9","2,,a,30,","25.0",",a,,a"
"ASN00009564","1963-02","-34.9431","117.9242","12.0","KING RIVER, AS","8",",a","2",",a","0",",a","9.9",",,a,18,","17.5",",,,a"
"ASN00009564","1963-03","-34.9431","117.9242","12.0","KING RIVER, AS","11",",a","3",",a","0",",a","14.2",",,a,16,","35.8",",,,a"
"ASN00009564","1963-04","-34.9431","117.9242","12.0","KING RIVER, AS","14",",a","9",",a","0",",a","16.0",",,a,24,","54.4",",,,a"
"ASN00009564","1963-05","-34.9431","117.9242","12.0","KING RIVER, AS","18",",a","9",",a","4",",a","111.5",",,a,09,","329.7",",,,a"
"ASN00009564","1963-06","-34.9431","117.9242","12.0","KING RIVER, AS","17","2,a","11","2,a","0","2,a","11.2","2,,a,29,","88.9",",a,,a"
"ASN00009564","1963-07","-34.9431","117.9242","12.0","KING RIVER, AS","20","2,a","16","2,a","0","2,a","19.8","2,,a,05,","155.0",",a,,a"
"ASN00009564","1963-08","-34.9431","117.9242","12.0","KING RIVER, AS","20",",a","10",",a","0",",a","16.3",",,a,18,","75.7",",,,a"
"ASN00009564","1963-09","-34.9431","117.9242","12.0","KING RIVER, AS","12","3,a","7","3,a","1","3,a","36.8","3,,a,19,","80.5",",a,,a"
"ASN00009564","1963-10","-34.9431","117.9242","12.0","KING RIVER, AS","7",",a","5",",a","1",",a","32.5",",,a,31,","76.3",",,,a"
"ASN00009564","1963-11","-34.9431","117.9242","12.0","KING RIVER, AS","8",",a","5",",a","0",",a","20.3",",,a,01,","37.4",",,,a"
"ASN00009564","1963-12","-34.9431","117.9242","12.0","KING RIVER, AS","6",",a","2",",a","0",",a","4.3",",,a,19,","10.1",",,,a"
"ASN00009564","1964-01","-34.9431","117.9242","12.0","KING RIVER, AS","7",",a","2",",a","0",",a","20.3",",,a,30,","26.5",",,,a"
"ASN00009564","1964-02","-34.9431","117.9242","12.0","KING RIVER, AS","8",",a","2",",a","0",",a","4.6",",,a,12,","10.8",",,,a"
"ASN00009564","1964-03","-34.9431","117.9242","12.0","KING RIVER, AS","7",",a","0",",a","0",",a","1.3",",,a,27,+","6.8",",,,a"
"ASN00009564","1964-04","-34.9431","117.9242","12.0","KING RIVER, AS","16",",a","8",",a","0",",a","10.9",",,a,29,","65.9",",,,a"
"ASN00009564","1964-05","-34.9431","117.9242","12.0","KING RIVER, AS","12",",a","6",",a","0",",a","18.5",",,a,05,","55.0",",,,a"
"ASN00009564","1964-06","-34.9431","117.9242","12.0","KING RIVER, AS","25",",a","16",",a","0",",a","15.7",",,a,18,","119.2",",,,a"
"ASN00009564","1964-07","-34.9431","117.9242","12.0","KING RIVER, AS","26",",a","18",",a","1",",a","39.6",",,a,11,","175.6",",,,a"
"ASN00009564","1964-08","-34.9431","117.9242","12.0","KING RIVER, AS","16",",a","10",",a","0",",a","20.3",",,a,03,","101.5",",,,a"
"ASN00009564","1964-09","-34.9431","117.9242","12.0","KING RIVER, AS","18",",a","12",",a","0",",a","20.3",",,a,21,","96.5",",,,a"
"ASN00009564","1964-10","-34.9431","117.9242","12.0","KING RIVER, AS","19",",a","11",",a","1",",a","69.3",",,a,05,","199.2",",,,a"
"ASN00009564","1964-11","-34.9431","117.9242","12.0","KING RIVER, AS","8",",a","3",",a","0",",a","18.8",",,a,30,","34.6",",,,a"
"ASN00009564","1964-12","-34.9431","117.9242","12.0","KING RIVER, AS","10",",a","4",",a","0",",a","8.6",",,a,20,","30.0",",,,a"
"ASN00009564","1965-01","-34.9431","117.9242","12.0","KING RIVER, AS","8",",a","4",",a","0",",a","12.7",",,a,28,","28.7",",,,a"
"ASN00009564","1965-02","-34.9431","117.9242","12.0","KING RIVER, AS","5",",a","2",",a","0",",a","5.6",",,a,11,","12.1",",,,a"
"ASN00009564","1965-03","-34.9431","117.9242","12.0","KING RIVER, AS","7",",a","5",",a","1",",a","26.2",",,a,26,","51.7",",,,a"
"ASN00009564","1965-04","-34.9431","117.9242","12.0","KING RIVER, AS","12",",a","6",",a","0",",a","8.1",",,a,15,","33.8",",,,a"
"ASN00009564","1965-05","-34.9431","117.9242","12.0","KING RIVER, AS","20",",a","11",",a","0",",a","21.8",",,a,30,","100.7",",,,a"
"ASN00009564","1965-06","-34.9431","117.9242","12.0","KING RIVER, AS","17",",a","10",",a","0",",a","22.6",",,a,01,","97.9",",,,a"
"ASN00009564","1965-07","-34.9431","117.9242","12.0","KING RIVER, AS","15",",a","11",",a","0",",a","6.9",",,a,12,","54.5",",,,a"
"ASN00009564","1965-08","-34.9431","117.9242","12.0","KING RIVER, AS","21",",a","14",",a","2",",a","37.1",",,a,30,","190.8",",,,a"
"ASN00009564","1965-09","-34.9431","117.9242","12.0","KING RIVER, AS","15",",a","10",",a","0",",a","17.8",",,a,14,","72.9",",,,a"
"ASN00009564","1965-10","-34.9431","117.9242","12.0","KING RIVER, AS","17",",a","9",",a","1",",a","36.8",",,a,06,","96.1",",,,a"
"ASN00009564","1965-11","-34.9431","117.9242","12.0","KING RIVER, AS","18",",a","8",",a","0",",a","18.3",",,a,04,","65.9",",,,a"
"ASN00009564","1965-12","-34.9431","117.9242","12.0","KING RIVER, AS","11",",a","5",",a","2",",a","39.6",",,a,01,","85.7",",,,a"
"ASN00009564","1966-01","-34.9431","117.9242","12.0","KING RIVER, AS","8",",a","2",",a","0",",a","5.3",",,a,14,","14.8",",,,a"
"ASN00009564","1966-02","-34.9431","117.9242","12.0","KING RIVER, AS","8",",a","2",",a","0",",a","3.3",",,a,13,","10.2",",,,a"
"ASN00009564","1966-03","-34.9431","117.9242","12.0","KING RIVER, AS","7",",a","4",",a","0",",a","3.8",",,a,14,","15.9",",,,a"
"ASN00009564","1966-04","-34.9431","117.9242","12.0","KING RIVER, AS","14",",a","8",",a","0",",a","21.8",",,a,12,","73.6",",,,a"
"ASN00009564","1966-05","-34.9431","117.9242","12.0","KING RIVER, AS","14",",a","11",",a","0",",a","17.0",",,a,02,","85.6",",,,a"
"ASN00009564","1966-06","-34.9431","117.9242","12.0","KING RIVER, AS","24",",a","14",",a","1",",a","38.1",",,a,22,","129.6",",,,a"
"ASN00009564","1966-07","-34.9431","117.9242","12.0","KING RIVER, AS","22",",a","14",",a","0",",a","15.2",",,a,31,","109.3",",,,a"
"ASN00009564","1966-08","-34.9431","117.9242","12.0","KING RIVER, AS","18",",a","12",",a","0",",a","17.3",",,a,29,","91.3",",,,a"
"ASN00009564","1966-09","-34.9431","117.9242","12.0","KING RIVER, AS","24",",a","16",",a","0",",a","22.1",",,a,10,","151.3",",,,a"
"ASN00009564","1966-10","-34.9431","117.9242","12.0","KING RIVER, AS","16",",a","9",",a","0",",a","15.5",",,a,24,","83.0",",,,a"
"ASN00009564","1966-11","-34.9431","117.9242","12.0","KING RIVER, AS","9",",a","3",",a","0",",a","6.9",",,a,29,","17.7",",,,a"
"ASN00009564","1966-12","-34.9431","117.9242","12.0","KING RIVER, AS","9",",a","6",",a","0",",a","7.4",",,a,23,","35.0",",,,a"
"ASN00009564","1967-01","-34.9431","117.9242","12.0","KING RIVER, AS","3",",a","1",",a","0",",a","5.1",",,a,05,","6.9",",,,a"
"ASN00009564","1967-02","-34.9431","117.9242","12.0","KING RIVER, AS","8",",a","5",",a","0",",a","23.6",",,a,03,","41.1",",,,a"
"ASN00009564","1967-03","-34.9431","117.9242","12.0","KING RIVER, AS","14",",a","3",",a","1",",a","32.8",",,a,15,","71.7",",,,a"
"ASN00009564","1967-04","-34.9431","117.9242","12.0","KING RIVER, AS","18",",a","7",",a","0",",a","13.0",",,a,04,","55.2",",,,a"
"ASN00009564","1967-05","-34.9431","117.9242","12.0","KING RIVER, AS","17",",a","10",",a","1",",a","25.7",",,a,17,","132.2",",,,a"
"ASN00009564","1967-06","-34.9431","117.9242","12.0","KING RIVER, AS","19",",a","11",",a","0",",a","13.7",",,a,12,","89.7",",,,a"
"ASN00009564","1967-07","-34.9431","117.9242","12.0","KING RIVER, AS","22",",a","16",",a","4",",a","31.2",",,a,15,","198.8",",,,a"
"ASN00009564","1967-08","-34.9431","117.9242","12.0","KING RIVER, AS","22",",a","14",",a","0",",a","23.1",",,a,21,","136.2",",,,a"
"ASN00009564","1967-09","-34.9431","117.9242","12.0","KING RIVER, AS","17",",a","8",",a","0",",a","8.6",",,a,03,","49.8",",,,a"
"ASN00009564","1967-10","-34.9431","117.9242","12.0","KING RIVER, AS","19",",a","6",",a","0",",a","16.8",",,a,08,","46.6",",,,a"
"ASN00009564","1967-11","-34.9431","117.9242","12.0","KING RIVER, AS","10",",a","5",",a","0",",a","6.9",",,a,16,","26.6",",,,a"
"ASN00009564","1967-12","-34.9431","117.9242","12.0","KING RIVER, AS","13",",a","4",",a","0",",a","9.4",",,a,25,","33.4",",,,a"
"ASN00009564","1968-01","-34.9431","117.9242","12.0","KING RIVER, AS","8",",a","2",",a","0",",a","24.1",",,a,27,","33.3",",,,a"
"ASN00009564","1968-02","-34.9431","117.9242","12.0","KING RIVER, AS","11",",a","3",",a","0",",a","8.1",",,a,03,","19.4",",,,a"
"ASN00009564","1968-03","-34.9431","117.9242","12.0","KING RIVER, AS","13",",a","7",",a","1",",a","57.9",",,a,26,","99.3",",,,a"
"ASN00009564","1968-04","-34.9431","117.9242","12.0","KING RIVER, AS","21",",a","11",",a","0",",a","20.8",",,a,18,","106.6",",,,a"
"ASN00009564","1968-05","-34.9431","117.9242","12.0","KING RIVER, AS","19",",a","6",",a","0",",a","24.6",",,a,01,","73.0",",,,a"
"ASN00009564","1968-06","-34.9431","117.9242","12.0","KING RIVER, AS","21",",a","11",",a","0",",a","23.4",",,a,25,","127.5",",,,a"
"ASN00009564","1968-07","-34.9431","117.9242","12.0","KING RIVER, AS","17",",a","10",",a","0",",a","19.8",",,a,15,","112.7",",,,a"
"ASN00009564","1968-08","-34.9431","117.9242","12.0","KING RIVER, AS","26",",a","12",",a","0",",a","16.8",",,a,19,","134.9",",,,a"
"ASN00009564","1968-09","-34.9431","117.9242","12.0","KING RIVER, AS","19",",a","13",",a","0",",a","18.0",",,a,10,","128.2",",,,a"
"ASN00009564","1968-10","-34.9431","117.9242","12.0","KING RIVER, AS","14",",a","8",",a","0",",a","13.7",",,a,31,","67.7",",,,a"
"ASN00009564","1968-11","-34.9431","117.9242","12.0","KING RIVER, AS","16",",a","2",",a","0",",a","6.9",",,a,18,","22.2",",,,a"
"ASN00009564","1968-12","-34.9431","117.9242","12.0","KING RIVER, AS","8",",a","1",",a","0",",a","4.3",",,a,01,","9.1",",,,a"
"ASN00009564","1969-01","-34.9431","117.9242","12.0","KING RIVER, AS","9",",a","2",",a","0",",a","2.8",",,a,24,","12.0",",,,a"
"ASN00009564","1969-02","-34.9431","117.9242","12.0","KING RIVER, AS","8",",a","0",",a","0",",a","1.8",",,a,03,","5.8",",,,a"
"ASN00009564","1969-03","-34.9431","117.9242","12.0","KING RIVER, AS","10",",a","1",",a","1",",a","28.2",",,a,13,","33.7",",,,a"
"ASN00009564","1969-04","-34.9431","117.9242","12.0","KING RIVER, AS","15",",a","7",",a","1",",a","29.7",",,a,10,","75.8",",,,a"
"ASN00009564","1969-05","-34.9431","117.9242","12.0","KING RIVER, AS","22",",a","6",",a","0",",a","11.4",",,a,10,","61.5",",,,a"
"ASN00009564","1969-06","-34.9431","117.9242","12.0","KING RIVER, AS","17",",a","11",",a","0",",a","17.5",",,a,16,","113.7",",,,a"
"ASN00009564","1969-07","-34.9431","117.9242","12.0","KING RIVER, AS","15",",a","5",",a","1",",a","46.2",",,a,10,","109.8",",,,a"
"ASN00009564","1969-08","-34.9431","117.9242","12.0","KING RIVER, AS","18",",a","12",",a","1",",a","35.3",",,a,27,","107.2",",,,a"
"ASN00009564","1969-09","-34.9431","117.9242","12.0","KING RIVER, AS","18",",a","6",",a","0",",a","16.0",",,a,01,","45.5",",,,a"
"ASN00009564","1969-10","-34.9431","117.9242","12.0","KING RIVER, AS","13",",a","5",",a","0",",a","9.9",",,a,20,","39.5",",,,a"
"ASN00009564","1969-11","-34.9431","117.9242","12.0","KING RIVER, AS","10",",a","4",",a","0",",a","16.8",",,a,04,","37.0",",,,a"
"ASN00009564","1969-12","-34.9431","117.9242","12.0","KING RIVER, AS","10",",a","2",",a","0",",a","5.8",",,a,20,","16.0",",,,a"
"ASN00009564","1970-01","-34.9431","117.9242","12.0","KING RIVER, AS","5",",a","0",",a","0",",a","0.8",",,a,16,","2.2",",,,a"
"ASN00009564","1970-02","-34.9431","117.9242","12.0","KING RIVER, AS","7",",a","3",",a","0",",a","23.6",",,a,05,","52.0",",,,a"
"ASN00009564","1970-03","-34.9431","117.9242","12.0","KING RIVER, AS","9",",a","1",",a","0",",a","4.6",",,a,03,","8.2",",,,a"
"ASN00009564","1970-04","-34.9431","117.9242","12.0","KING RIVER, AS","16",",a","8",",a","3",",a","30.7",",,a,20,","122.5",",,,a"
"ASN00009564","1970-05","-34.9431","117.9242","12.0","KING RIVER, AS","14",",a","9",",a","0",",a","14.7",",,a,01,","67.9",",,,a"
"ASN00009564","1970-06","-34.9431","117.9242","12.0","KING RIVER, AS","24",",a","14",",a","0",",a","17.8",",,a,14,","124.9",",,,a"
"ASN00009564","1970-07","-34.9431","117.9242","12.0","KING RIVER, AS","21",",a","10",",a","1",",a","30.2",",,a,24,","96.5",",,,a"
"ASN00009564","1970-08","-34.9431","117.9242","12.0","KING RIVER, AS","19",",a","12",",a","0",",a","17.8",",,a,22,","99.3",",,,a"
"ASN00009564","1970-09","-34.9431","117.9242","12.0","KING RIVER, AS","24",",a","11",",a","1",",a","45.2",",,a,20,","110.4",",,,a"
"ASN00009564","1970-10","-34.9431","117.9242","12.0","KING RIVER, AS","17",",a","7",",a","0",",a","13.2",",,a,04,","59.4",",,,a"
"ASN00009564","1970-11","-34.9431","117.9242","12.0","KING RIVER, AS","17",",a","4",",a","0",",a","19.1",",,a,04,","44.8",",,,a"
"ASN00009564","1970-12","-34.9431","117.9242","12.0","KING RIVER, AS","9",",a","4",",a","0",",a","19.8",",,a,03,","45.3",",,,a"
"ASN00009564","1971-01","-34.9431","117.9242","12.0","KING RIVER, AS","12",",a","5",",a","0",",a","19.1",",,a,31,","39.8",",,,a"
"ASN00009564","1971-02","-34.9431","117.9242","12.0","KING RIVER, AS","8",",a","1",",a","0",",a","16.0",",,a,06,","22.3",",,,a"
"ASN00009564","1971-03","-34.9431","117.9242","12.0","KING RIVER, AS","11",",a","4",",a","1",",a","33.0",",,a,28,","54.6",",,,a"
"ASN00009564","1971-04","-34.9431","117.9242","12.0","KING RIVER, AS","19",",a","7",",a","0",",a","17.8",",,a,15,","68.7",",,,a"
"ASN00009564","1971-05","-34.9431","117.9242","12.0","KING RIVER, AS","25",",a","14",",a","3",",a","50.0",",,a,15,","212.7",",,,a"
"ASN00009564","1971-06","-34.9431","117.9242","12.0","KING RIVER, AS","19",",a","7",",a","0",",a","8.6",",,a,17,","49.0",",,,a"
"ASN00009564","1971-07","-34.9431","117.9242","12.0","KING RIVER, AS","21",",a","12",",a","0",",a","15.2",",,a,13,","82.9",",,,a"
"ASN00009564","1971-08","-34.9431","117.9242","12.0","KING RIVER, AS","27",",a","13",",a","0",",a","17.3",",,a,13,","95.3",",,,a"
"ASN00009564","1971-09","-34.9431","117.9242","12.0","KING RIVER, AS","24","2,a","14","2,a","1","2,a","25.4","2,,a,30,","109.8",",a,,a"
"ASN00009564","1971-10","-34.9431","117.9242","12.0","KING RIVER, AS","20",",a","10",",a","1",",a","26.9",",,a,21,","114.7",",,,a"
"ASN00009564","1971-11","-34.9431","117.9242","12.0","KING RIVER, AS","18",",a","11",",a","0",",a","21.3",",,a,11,","115.1",",,,a"
"ASN00009564","1971-12","-34.9431","117.9242","12.0","KING RIVER, AS","7",",a","3",",a","0",",a","15.5",",,a,08,","31.3",",,,a"
"ASN00009564","1972-01","-34.9431","117.9242","12.0","KING RIVER, AS","10",",a","2",",a","0",",a","6.4",",,a,06,","11.8",",,,a"
"ASN00009564","1972-02","-34.9431","117.9242","12.0","KING RIVER, AS","6",",a","2",",a","0",",a","5.1",",,a,27,","11.1",",,,a"
"ASN00009564","1972-03","-34.9431","117.9242","12.0","KING RIVER, AS","14",",a","3",",a","0",",a","6.6",",,a,25,","24.3",",,,a"
"ASN00009564","1972-04","-34.9431","117.9242","12.0","KING RIVER, AS","14",",a","8",",a","0",",a","14.7",",,a,20,","58.0",",,,a"
"ASN00009564","1972-05","-34.9431","117.9242","12.0","KING RIVER, AS","16",",a","7",",a","0",",a","12.7",",,a,31,","45.6",",,,a"
"ASN00009564","1972-06","-34.9431","117.9242","12.0","KING RIVER, AS","20",",a","9",",a","0",",a","15.7",",,a,27,","74.4",",,,a"
"ASN00009564","1972-07","-34.9431","117.9242","12.0","KING RIVER, AS","25",",a","14",",a","1",",a","57.4",",,a,09,","189.4",",,,a"
"ASN00009564","1972-08","-34.9431","117.9242","12.0","KING RIVER, AS","26",",a","14",",a","0",",a","16.0",",,a,17,","104.7",",,,a"
"ASN00009564","1972-09","-34.9431","117.9242","12.0","KING RIVER, AS","15",",a","7",",a","0",",a","12.2",",,a,06,","55.3",",,,a"
"ASN00009564","1972-10","-34.9431","117.9242","12.0","KING RIVER, AS","14",",a","6",",a","1",",a","30.2",",,a,08,","70.4",",,,a"
"ASN00009564","1972-11","-34.9431","117.9242","12.0","KING RIVER, AS","7",",a","0",",a","0",",a","2.0",",,a,14,","7.7",",,,a"
"ASN00009564","1972-12","-34.9431","117.9242","12.0","KING RIVER, AS","7",",a","2",",a","0",",a","4.6",",,a,03,","11.7",",,,a"
"ASN00009564","1973-01","-34.9431","117.9242","12.0","KING RIVER, AS","8",",a","1",",a","0",",a","3.3",",,a,17,","9.4",",,,a"
"ASN00009564","1973-02","-34.9431","117.9242","12.0","KING RIVER, AS","8",",a","3",",a","0",",a","6.4",",,a,05,","16.1",",,,a"
"ASN00009564","1973-03","-34.9431","117.9242","12.0","KING RIVER, AS","8",",a","4",",a","0",",a","12.2",",,a,25,","25.1",",,,a"
"ASN00009564","1973-04","-34.9431","117.9242","12.0","KING RIVER, AS","22",",a","11",",a","0",",a","11.9",",,a,09,","89.0",",,,a"
"ASN00009564","1973-05","-34.9431","117.9242","12.0","KING RIVER, AS","17",",a","10",",a","0",",a","16.0",",,a,21,","81.1",",,,a"
"ASN00009564","1973-06","-34.9431","117.9242","12.0","KING RIVER, AS","22",",a","9",",a","0",",a","21.1",",,a,23,","101.9",",,,a"
"ASN00009564","1973-07","-34.9431","117.9242","12.0","KING RIVER, AS","22",",a","13",",a","0",",a","21.6",",,a,07,","126.7",",,,a"
"ASN00009564","1973-08","-34.9431","117.9242","12.0","KING RIVER, AS","24",",a","13",",a","1",",a","30.7",",,a,06,","118.6",",,,a"
"ASN00009564","1973-09","-34.9431","117.9242","12.0","KING RIVER, AS","19",",a","12",",a","0",",a","24.4",",,a,29,","102.2",",,,a"
"ASN00009564","1973-10","-34.9431","117.9242","12.0","KING RIVER, AS","22",",a","10",",a","0",",a","23.1",",,a,24,","106.4",",,,a"
"ASN00009564","1973-11","-34.9431","117.9242","12.0","KING RIVER, AS","11",",a","7",",a","0",",a","23.4",",,a,14,","64.7",",,,a"
"ASN00009564","1973-12","-34.9431","117.9242","12.0","KING RIVER, AS","12",",a","3",",a","0",",a","12.2",",,a,01,","23.5",",,,a"
"ASN00009564","1974-01","-34.9431","117.9242","12.0","KING RIVER, AS","5",",a","3",",a","0",",a","10.0",",,a,30,","18.0",",,,a"
"ASN00009564","1974-02","-34.9431","117.9242","12.0","KING RIVER, AS","10",",a","2",",a","0",",a","15.8",",,a,10,","28.4",",,,a"
"ASN00009564","1974-03","-34.9431","117.9242","12.0","KING RIVER, AS","8",",a","3",",a","0",",a","10.0",",,a,07,","25.0",",,,a"
"ASN00009564","1974-04","-34.9431","117.9242","12.0","KING RIVER, AS","16",",a","9",",a","0",",a","15.4",",,a,04,","71.4",",,,a"
"ASN00009564","1974-05","-34.9431","117.9242","12.0","KING RIVER, AS","19",",a","11",",a","0",",a","17.0",",,a,11,","79.4",",,,a"
"ASN00009564","1974-06","-34.9431","117.9242","12.0","KING RIVER, AS","13",",a","8",",a","0",",a","19.6",",,a,05,","83.4",",,,a"
"ASN00009564","1974-07","-34.9431","117.9242","12.0","KING RIVER, AS","26",",a","11",",a","0",",a","20.6",",,a,18,","148.4",",,,a"
"ASN00009564","1974-08","-34.9431","117.9242","12.0","KING RIVER, AS","18",",a","10",",a","0",",a","15.6",",,a,27,","80.8",",,,a"
"ASN00009564","1974-09","-34.9431","117.9242","12.0","KING RIVER, AS","15",",a","8",",a","0",",a","14.6",",,a,25,","68.4",",,,a"
"ASN00009564","1974-10","-34.9431","117.9242","12.0","KING RIVER, AS","18",",a","10",",a","0",",a","17.4",",,a,23,","91.4",",,,a"
"ASN00009564","1974-11","-34.9431","117.9242","12.0","KING RIVER, AS","11",",a","5",",a","0",",a","20.4",",,a,18,","48.0",",,,a"
"ASN00009564","1974-12","-34.9431","117.9242","12.0","KING RIVER, AS","9",",a","1",",a","0",",a","2.8",",,a,26,","9.6",",,,a"
"ASN00009564","1975-01","-34.9431","117.9242","12.0","KING RIVER, AS","7",",a","2",",a","0",",a","5.1",",,a,18,","14.0",",,,a"
"ASN00009564","1975-02","-34.9431","117.9242","12.0","KING RIVER, AS","9",",a","0",",a","0",",a","1.2",",,a,23,","7.0",",,,a"
"ASN00009564","1975-03","-34.9431","117.9242","12.0","KING RIVER, AS","7",",a","0",",a","0",",a","2.2",",,a,01,","8.6",",,,a"
"ASN00009564","1975-04","-34.9431","117.9242","12.0","KING RIVER, AS","16",",a","5",",a","1",",a","55.6",",,a,02,","128.4",",,,a"
"ASN00009564","1975-05","-34.9431","117.9242","12.0","KING RIVER, AS","17",",a","13",",a","1",",a","36.0",",,a,21,","131.8",",,,a"
"ASN00009564","1975-06","-34.9431","117.9242","12.0","KING RIVER, AS","16",",a","9",",a","0",",a","15.2",",,a,17,","71.2",",,,a"
"ASN00009564","1975-07","-34.9431","117.9242","12.0","KING RIVER, AS","23",",a","15",",a","0",",a","21.6",",,a,30,","141.2",",,,a"
"ASN00009564","1975-08","-34.9431","117.9242","12.0","KING RIVER, AS","20",",a","13",",a","0",",a","14.0",",,a,19,","84.2",",,,a"
"ASN00009564","1975-09","-34.9431","117.9242","12.0","KING RIVER, AS","16",",a","10",",a","0",",a","14.0",",,a,08,","77.4",",,,a"
"ASN00009564","1975-10","-34.9431","117.9242","12.0","KING RIVER, AS","17",",a","9",",a","1",",a","54.0",",,a,18,","121.8",",,,a"
"ASN00009564","1975-11","-34.9431","117.9242","12.0","KING RIVER, AS","11",",a","4",",a","0",",a","25.0",",,a,17,","43.0",",,,a"
"ASN00009564","1975-12","-34.9431","117.9242","12.0","KING RIVER, AS","5",",a","1",",a","0",",a","2.8",",,a,27,","5.6",",,,a"
"ASN00009564","1976-01","-34.9431","117.9242","12.0","KING RIVER, AS","9",",a","6",",a","1",",a","39.0",",,a,07,","67.0",",,,a"
"ASN00009564","1976-02","-34.9431","117.9242","12.0","KING RIVER, AS","9",",a","4",",a","1",",a","66.8",",,a,27,","95.8",",,,a"
"ASN00009564","1976-03","-34.9431","117.9242","12.0","KING RIVER, AS","5",",a","2",",a","0",",a","5.0",",,a,27,","13.4",",,,a"
"ASN00009564","1976-04","-34.9431","117.9242","12.0","KING RIVER, AS","14",",a","6",",a","1",",a","27.6",",,a,12,","107.0",",,,a"
"ASN00009564","1976-05","-34.9431","117.9242","12.0","KING RIVER, AS","15",",a","8",",a","0",",a","22.2",",,a,31,","92.6",",,,a"
"ASN00009564","1976-06","-34.9431","117.9242","12.0","KING RIVER, AS","13",",a","5",",a","0",",a","22.4",",,a,23,","87.2",",,,a"
"ASN00009564","1976-07","-34.9431","117.9242","12.0","KING RIVER, AS","17",",a","11",",a","1",",a","26.2",",,a,09,","128.0",",,,a"
"ASN00009564","1976-08","-34.9431","117.9242","12.0","KING RIVER, AS","18",",a","12",",a","0",",a","14.2",",,a,21,","98.6",",,,a"
"ASN00009564","1976-09","-34.9431","117.9242","12.0","KING RIVER, AS","17",",a","7",",a","0",",a","17.6",",,a,18,","81.2",",,,a"
"ASN00009564","1976-10","-34.9431","117.9242","12.0","KING RIVER, AS","19",",a","15",",a","0",",a","19.0",",,a,19,","126.8",",,,a"
"ASN00009564","1976-11","-34.9431","117.9242","12.0","KING RIVER, AS","12",",a","7",",a","1",",a","27.8",",,a,28,","84.8",",,,a"
"ASN00009564","1976-12","-34.9431","117.9242","12.0","KING RIVER, AS","12",",a","1",",a","0",",a","3.2",",,a,22,","11.2",",,,a"
"ASN00009564","1977-01","-34.9431","117.9242","12.0","KING RIVER, AS","4",",a","1",",a","0",",a","2.8",",,a,19,","7.8",",,,a"
"ASN00009564","1977-02","-34.9431","117.9242","12.0","KING RIVER, AS","8",",a","2",",a","0",",a","4.2",",,a,11,","13.0",",,,a"
"ASN00009564","1977-03","-34.9431","117.9242","12.0","KING RIVER, AS","9",",a","3",",a","0",",a","4.4",",,a,31,+","20.8",",,,a"
"ASN00009564","1977-04","-34.9431","117.9242","12.0","KING RIVER, AS","7",",a","4",",a","0",",a","15.2",",,a,27,","36.0",",,,a"
"ASN00009564","1977-05","-34.9431","117.9242","12.0","KING RIVER, AS","21",",a","11",",a","1",",a","25.4",",,a,25,","145.2",",,,a"
"ASN00009564","1977-06","-34.9431","117.9242","12.0","KING RIVER, AS","16",",a","10",",a","0",",a","20.0",",,a,14,","84.6",",,,a"
"ASN00009564","1977-07","-34.9431","117.9242","12.0","KING RIVER, AS","15",",a","9",",a","0",",a","16.2",",,a,21,","75.0",",,,a"
"ASN00009564","1977-08","-34.9431","117.9242","12.0","KING RIVER, AS","22",",a","14",",a","1",",a","33.0",",,a,11,","158.8",",,,a"
"ASN00009564","1977-09","-34.9431","117.9242","12.0","KING RIVER, AS","20",",a","12",",a","0",",a","15.4",",,a,28,","95.4",",,,a"
"ASN00009564","1977-10","-34.9431","117.9242","12.0","KING RIVER, AS","19",",a","13",",a","0",",a","24.8",",,a,12,","152.8",",,,a"
"ASN00009564","1977-11","-34.9431","117.9242","12.0","KING RIVER, AS","11",",a","2",",a","0",",a","6.2",",,a,24,+","20.2",",,,a"
"ASN00009564","1977-12","-34.9431","117.9242","12.0","KING RIVER, AS","9",",a","3",",a","0",",a","23.2",",,a,23,","38.6",",,,a"
"ASN00009564","1978-01","-34.9431","117.9242","12.0","KING RIVER, AS","8",",a","1",",a","0",",a","16.0",",,a,02,","22.2",",,,a"
"ASN00009564","1978-02","-34.9431","117.9242","12.0","KING RIVER, AS","7",",a","3",",a","0",",a","17.8",",,a,18,","37.0",",,,a"
"ASN00009564","1978-03","-34.9431","117.9242","12.0","KING RIVER, AS","11",",a","2",",a","0",",a","4.6",",,a,28,","17.4",",,,a"
"ASN00009564","1978-04","-34.9431","117.9242","12.0","KING RIVER, AS","12",",a","5",",a","0",",a","21.8",",,a,16,","50.4",",,,a"
"ASN00009564","1978-05","-34.9431","117.9242","12.0","KING RIVER, AS","22",",a","14",",a","0",",a","20.0",",,a,27,","144.2",",,,a"
"ASN00009564","1978-06","-34.9431","117.9242","12.0","KING RIVER, AS","24",",a","20",",a","3",",a","29.8",",,a,25,","244.0",",,,a"
"ASN00009564","1978-07","-34.9431","117.9242","12.0","KING RIVER, AS","19",",a","17",",a","1",",a","26.2",",,a,22,","172.2",",,,a"
"ASN00009564","1978-08","-34.9431","117.9242","12.0","KING RIVER, AS","18",",a","5",",a","0",",a","24.8",",,a,24,","56.4",",,,a"
"ASN00009564","1978-09","-34.9431","117.9242","12.0","KING RIVER, AS","20",",a","14",",a","1",",a","33.2",",,a,25,","141.4",",,,a"
"ASN00009564","1978-10","-34.9431","117.9242","12.0","KING RIVER, AS","9",",a","5",",a","1",",a","25.6",",,a,01,","59.0",",,,a"
"ASN00009564","1978-11","-34.9431","117.9242","12.0","KING RIVER, AS","6",",a","3",",a","0",",a","13.0",",,a,07,","34.2",",,,a"
"ASN00009564","1978-12","-34.9431","117.9242","12.0","KING RIVER, AS","11",",a","5",",a","0",",a","12.6",",,a,02,","42.0",",,,a"
"ASN00009564","1979-01","-34.9431","117.9242","12.0","KING RIVER, AS","5",",a","3",",a","0",",a","5.4",",,a,12,","16.2",",,,a"
"ASN00009564","1979-02","-34.9431","117.9242","12.0","KING RIVER, AS","8",",a","4",",a","1",",a","29.2",",,a,26,","44.8",",,,a"
"ASN00009564","1979-03","-34.9431","117.9242","12.0","KING RIVER, AS","14",",a","7",",a","0",",a","15.4",",,a,28,","45.2",",,,a"
"ASN00009564","1979-04","-34.9431","117.9242","12.0","KING RIVER, AS","11",",a","5",",a","0",",a","8.6",",,a,20,","30.6",",,,a"
"ASN00009564","1979-05","-34.9431","117.9242","12.0","KING RIVER, AS","16",",a","12",",a","1",",a","57.8",",,a,21,","147.0",",,,a"
"ASN00009564","1979-06","-34.9431","117.9242","12.0","KING RIVER, AS","23",",a","13",",a","1",",a","25.6",",,a,03,","117.8",",,,a"
"ASN00009564","1979-07","-34.9431","117.9242","12.0","KING RIVER, AS","21",",a","17",",a","0",",a","17.2",",,a,07,","133.2",",,,a"
"ASN00009564","1979-08","-34.9431","117.9242","12.0","KING RIVER, AS","19",",a","12",",a","1",",a","83.0",",,a,05,","196.0",",,,a"
"ASN00009564","1979-09","-34.9431","117.9242","12.0","KING RIVER, AS","21",",a","12",",a","0",",a","17.6",",,a,10,","113.0",",,,a"
"ASN00009564","1979-10","-34.9431","117.9242","12.0","KING RIVER, AS","12",",a","8",",a","0",",a","17.4",",,a,09,","79.2",",,,a"
"ASN00009564","1979-11","-34.9431","117.9242","12.0","KING RIVER, AS","14",",a","9",",a","0",",a","17.0",",,a,10,","75.8",",,,a"
"ASN00009564","1979-12","-34.9431","117.9242","12.0","KING RIVER, AS","7",",a","1",",a","0",",a","2.8",",,a,07,","8.8",",,,a"
"ASN00009564","1980-01","-34.9431","117.9242","12.0","KING RIVER, AS","5",",a","1",",a","0",",a","3.6",",,a,10,","8.6",",,,a"
"ASN00009564","1980-02","-34.9431","117.9242","12.0","KING RIVER, AS","5",",a","2",",a","0",",a","17.2",",,a,11,","28.6",",,,a"
"ASN00009564","1980-03","-34.9431","117.9242","12.0","KING RIVER, AS","7",",a","2",",a","0",",a","6.4",",,a,08,","13.4",",,,a"
"ASN00009564","1980-04","-34.9431","117.9242","12.0","KING RIVER, AS","11",",a","7",",a","1",",a","27.8",",,a,22,","88.8",",,,a"
"ASN00009564","1980-05","-34.9431","117.9242","12.0","KING RIVER, AS","13",",a","5",",a","0",",a","13.0",",,a,22,","53.2",",,,a"
"ASN00009564","1980-06","-34.9431","117.9242","12.0","KING RIVER, AS","21",",a","11",",a","0",",a","15.6",",,a,22,","108.0",",,,a"
"ASN00009564","1980-07","-34.9431","117.9242","12.0","KING RIVER, AS","19",",a","13",",a","0",",a","20.6",",,a,13,","115.8",",,,a"
"ASN00009564","1980-08","-34.9431","117.9242","12.0","KING RIVER, AS","15",",a","7",",a","1",",a","30.6",",,a,18,","92.0",",,,a"
"ASN00009564","1980-09","-34.9431","117.9242","12.0","KING RIVER, AS","17",",a","8",",a","0",",a","14.2",",,a,16,","71.0",",,,a"
"ASN00009564","1980-10","-34.9431","117.9242","12.0","KING RIVER, AS","20",",a","13",",a","0",",a","20.2",",,a,16,","101.0",",,,a"
"ASN00009564","1980-11","-34.9431","117.9242","12.0","KING RIVER, AS","10",",a","8",",a","0",",a","11.6",",,a,02,","44.8",",,,a"
"ASN00009564","1980-12","-34.9431","117.9242","12.0","KING RIVER, AS","10",",a","3",",a","0",",a","6.6",",,a,01,","20.0",",,,a"
"ASN00009564","1981-01","-34.9431","117.9242","12.0","KING RIVER, AS","6",",a","0",",a","0",",a","2.4",",,a,25,","9.4",",,,a"
"ASN00009564","1981-02","-34.9431","117.9242","12.0","KING RIVER, AS","9",",a","1",",a","0",",a","3.4",",,a,19,","11.6",",,,a"
"ASN00009564","1981-03","-34.9431","117.9242","12.0","KING RIVER, AS","7",",a","2",",a","0",",a","6.0",",,a,06,","15.6",",,,a"
"ASN00009564","1981-04","-34.9431","117.9242","12.0","KING RIVER, AS","12",",a","7",",a","0",",a","15.6",",,a,11,","53.2",",,,a"
"ASN00009564","1981-05","-34.9431","117.9242","12.0","KING RIVER, AS","17",",a","11",",a","1",",a","30.0",",,a,28,","127.0",",,,a"
"ASN00009564","1981-06","-34.9431","117.9242","12.0","KING RIVER, AS","23",",a","13",",a","0",",a","21.2",",,a,30,","168.4",",,,a"
"ASN00009564","1981-07","-34.9431","117.9242","12.0","KING RIVER, AS","23",",a","13",",a","0",",a","22.6",",,a,23,","150.6",",,,a"
"ASN00009564","1981-08","-34.9431","117.9242","12.0","KING RIVER, AS","24",",a","13",",a","0",",a","17.0",",,a,16,","117.6",",,,a"
"ASN00009564","1981-09","-34.9431","117.9242","12.0","KING RIVER, AS","15",",a","7",",a","0",",a","12.0",",,a,22,","49.8",",,,a"
"ASN00009564","1981-10","-34.9431","117.9242","12.0","KING RIVER, AS","11",",a","7",",a","0",",a","21.8",",,a,02,","59.0",",,,a"
"ASN00009564","1981-11","-34.9431","117.9242","12.0","KING RIVER, AS","15",",a","7",",a","0",",a","8.0",",,a,26,","44.8",",,,a"
"ASN00009564","1981-12","-34.9431","117.9242","12.0","KING RIVER, AS","6",",a","2",",a","0",",a","4.0",",,a,04,","9.8",",,,a"
"ASN00009564","1982-01","-34.9431","117.9242","12.0","KING RIVER, AS","11",",a","4",",a","2",",a","91.2",",,a,22,","138.8",",,,a"
"ASN00009564","1982-02","-34.9431","117.9242","12.0","KING RIVER, AS","7",",a","3",",a","0",",a","5.6",",,a,14,","18.4",",,,a"
"ASN00009564","1982-03","-34.9431","117.9242","12.0","KING RIVER, AS","7",",a","2",",a","1",",a","122.0",",,a,21,","132.8",",,,a"
"ASN00009564","1982-04","-34.9431","117.9242","12.0","KING RIVER, AS","12",",a","2",",a","0",",a","5.6",",,a,03,","19.8",",,,a"
"ASN00009564","1982-05","-34.9431","117.9242","12.0","KING RIVER, AS","15",",a","12",",a","1",",a","25.4",",,a,25,","80.8",",,,a"
"ASN00009564","1982-06","-34.9431","117.9242","12.0","KING RIVER, AS","18",",a","12",",a","0",",a","19.8",",,a,09,","114.6",",,,a"
"ASN00009564","1982-07","-34.9431","117.9242","12.0","KING RIVER, AS","15",",a","10",",a","1",",a","39.0",",,a,17,","108.4",",,,a"
"ASN00009564","1982-08","-34.9431","117.9242","12.0","KING RIVER, AS","17",",a","7",",a","0",",a","22.8",",,a,23,","90.8",",,,a"
"ASN00009564","1982-09","-34.9431","117.9242","12.0","KING RIVER, AS","19",",a","8",",a","0",",a","9.6",",,a,24,","52.6",",,,a"
"ASN00009564","1982-10","-34.9431","117.9242","12.0","KING RIVER, AS","11",",a","2",",a","0",",a","7.4",",,a,07,","26.6",",,,a"
"ASN00009564","1982-11","-34.9431","117.9242","12.0","KING RIVER, AS","13",",a","4",",a","0",",a","22.4",",,a,27,","47.4",",,,a"
"ASN00009564","1982-12","-34.9431","117.9242","12.0","KING RIVER, AS","7",",a","3",",a","0",",a","6.0",",,a,23,","16.6",",,,a"
"ASN00009564","1983-01","-34.9431","117.9242","12.0","KING RIVER, AS","6",",a","2",",a","0",",a","4.8",",,a,31,","13.0",",,,a"
"ASN00009564","1983-02","-34.9431","117.9242","12.0","KING RIVER, AS","12",",a","5",",a","0",",a","8.4",",,a,16,","37.8",",,,a"
"ASN00009564","1983-03","-34.9431","117.9242","12.0","KING RIVER, AS","6",",a","1",",a","0",",a","7.6",",,a,30,","13.8",",,,a"
"ASN00009564","1983-04","-34.9431","117.9242","12.0","KING RIVER, AS","13",",a","7",",a","0",",a","5.0",",,a,02,","33.2",",,,a"
"ASN00009564","1983-05","-34.9431","117.9242","12.0","KING RIVER, AS","14",",a","6",",a","0",",a","9.4",",,a,03,","49.6",",,,a"
"ASN00009564","1983-06","-34.9431","117.9242","12.0","KING RIVER, AS","18",",a","11",",a","0",",a","12.0",",,a,12,","81.0",",,,a"
"ASN00009564","1983-07","-34.9431","117.9242","12.0","KING RIVER, AS","18",",a","7",",a","0",",a","23.4",",,a,10,","83.6",",,,a"
"ASN00009564","1983-08","-34.9431","117.9242","12.0","KING RIVER, AS","20",",a","9",",a","0",",a","20.6",",,a,14,","90.8",",,,a"
"ASN00009564","1983-09","-34.9431","117.9242","12.0","KING RIVER, AS","18",",a","9",",a","0",",a","21.4",",,a,07,","86.2",",,,a"
"ASN00009564","1983-10","-34.9431","117.9242","12.0","KING RIVER, AS","17",",a","9",",a","0",",a","18.8",",,a,08,","78.6",",,,a"
"ASN00009564","1983-11","-34.9431","117.9242","12.0","KING RIVER, AS","14",",a","6",",a","0",",a","10.8",",,a,07,","44.4",",,,a"
"ASN00009564","1983-12","-34.9431","117.9242","12.0","KING RIVER, AS","9",",a","2",",a","0",",a","16.8",",,a,02,","32.8",",,,a"
"ASN00009564","1984-01","-34.9431","117.9242","12.0","KING RIVER, AS","3",",a","0",",a","0",",a","1.6",",,a,01,","3.6",",,,a"
"ASN00009564","1984-02","-34.9431","117.9242","12.0","KING RIVER, AS","9",",a","3",",a","0",",a","10.2",",,a,18,","23.4",",,,a"
"ASN00009564","1984-03","-34.9431","117.9242","12.0","KING RIVER, AS","11",",a","2",",a","0",",a","9.0",",,a,16,","23.4",",,,a"
"ASN00009564","1984-04","-34.9431","117.9242","12.0","KING RIVER, AS","7",",a","3",",a","0",",a","12.6",",,a,22,","27.6",",,,a"
"ASN00009564","1984-05","-34.9431","117.9242","12.0","KING RIVER, AS","24",",a","13",",a","0",",a","18.6",",,a,20,","109.8",",,,a"
"ASN00009564","1984-06","-34.9431","117.9242","12.0","KING RIVER, AS","11",",a","8",",a","1",",a","26.6",",,a,06,","87.8",",,,a"
"ASN00009564","1984-07","-34.9431","117.9242","12.0","KING RIVER, AS","24",",a","14",",a","0",",a","15.2",",,a,16,","115.6",",,,a"
"ASN00009564","1984-08","-34.9431","117.9242","12.0","KING RIVER, AS","23",",a","15",",a","0",",a","17.8",",,a,03,","145.2",",,,a"
"ASN00009564","1984-09","-34.9431","117.9242","12.0","KING RIVER, AS","21",",a","10",",a","0",",a","20.2",",,a,09,","97.8",",,,a"
"ASN00009564","1984-10","-34.9431","117.9242","12.0","KING RIVER, AS","15",",a","4",",a","0",",a","14.6",",,a,02,","41.6",",,,a"
"ASN00009564","1984-11","-34.9431","117.9242","12.0","KING RIVER, AS","15",",a","8",",a","0",",a","19.0",",,a,02,","69.0",",,,a"
"ASN00009564","1984-12","-34.9431","117.9242","12.0","KING RIVER, AS","12",",a","2",",a","0",",a","17.0",",,a,09,","30.0",",,,a"
"ASN00009564","1985-01","-34.9431","117.9242","12.0","KING RIVER, AS","7",",a","3",",a","0",",a","22.6",",,a,18,","54.0",",,,a"
"ASN00009564","1985-02","-34.9431","117.9242","12.0","KING RIVER, AS","7",",a","1",",a","0",",a","23.6",",,a,09,","29.4",",,,a"
"ASN00009564","1985-03","-34.9431","117.9242","12.0","KING RIVER, AS","9",",a","4",",a","1",",a","28.6",",,a,11,","56.0",",,,a"
"ASN00009564","1985-04","-34.9431","117.9242","12.0","KING RIVER, AS","13",",a","9",",a","1",",a","48.6",",,a,10,","108.4",",,,a"
"ASN00009564","1985-05","-34.9431","117.9242","12.0","KING RIVER, AS","15",",a","7",",a","0",",a","14.0",",,a,27,","64.2",",,,a"
"ASN00009564","1985-06","-34.9431","117.9242","12.0","KING RIVER, AS","18",",a","6",",a","0",",a","10.0",",,a,17,","43.8",",,,a"
"ASN00009564","1985-07","-34.9431","117.9242","12.0","KING RIVER, AS","17",",a","10",",a","2",",a","56.0",",,a,26,","183.6",",,,a"
"ASN00009564","1985-08","-34.9431","117.9242","12.0","KING RIVER, AS","24",",a","17",",a","0",",a","21.6",",,a,27,","135.8",",,,a"
"ASN00009564","1985-09","-34.9431","117.9242","12.0","KING RIVER, AS","16",",a","6",",a","0",",a","23.2",",,a,22,","61.4",",,,a"
"ASN00009564","1985-10","-34.9431","117.9242","12.0","KING RIVER, AS","15",",a","8",",a","0",",a","15.4",",,a,13,","70.8",",,,a"
"ASN00009564","1985-11","-34.9431","117.9242","12.0","KING RIVER, AS","12",",a","8",",a","0",",a","10.4",",,a,22,","46.6",",,,a"
"ASN00009564","1985-12","-34.9431","117.9242","12.0","KING RIVER, AS","10",",a","4",",a","0",",a","10.6",",,a,05,","33.4",",,,a"
"ASN00009564","1986-01","-34.9431","117.9242","12.0","KING RIVER, AS","4",",a","1",",a","0",",a","4.4",",,a,11,","6.0",",,,a"
"ASN00009564","1986-02","-34.9431","117.9242","12.0","KING RIVER, AS","8",",a","3",",a","1",",a","27.6",",,a,22,","53.6",",,,a"
"ASN00009564","1986-03","-34.9431","117.9242","12.0","KING RIVER, AS","10",",a","6",",a","0",",a","7.0",",,a,29,","32.4",",,,a"
"ASN00009564","1986-04","-34.9431","117.9242","12.0","KING RIVER, AS","8",",a","2",",a","0",",a","4.2",",,a,14,","13.8",",,,a"
"ASN00009564","1986-05","-34.9431","117.9242","12.0","KING RIVER, AS","15",",a","9",",a","0",",a","21.4",",,a,06,","88.0",",,,a"
"ASN00009564","1986-06","-34.9431","117.9242","12.0","KING RIVER, AS","18",",a","7",",a","0",",a","18.0",",,a,30,","73.2",",,,a"
"ASN00009564","1986-07","-34.9431","117.9242","12.0","KING RIVER, AS","20",",a","13",",a","1",",a","28.8",",,a,03,","150.2",",,,a"
"ASN00009564","1986-08","-34.9431","117.9242","12.0","KING RIVER, AS","21",",a","13",",a","0",",a","20.8",",,a,28,","110.2",",,,a"
"ASN00009564","1986-09","-34.9431","117.9242","12.0","KING RIVER, AS","21",",a","14",",a","1",",a","49.8",",,a,11,","147.2",",,,a"
"ASN00009564","1986-10","-34.9431","117.9242","12.0","KING RIVER, AS","18",",a","8",",a","0",",a","17.6",",,a,17,","69.2",",,,a"
"ASN00009564","1986-11","-34.9431","117.9242","12.0","KING RIVER, AS","11",",a","4",",a","0",",a","7.4",",,a,30,","26.0",",,,a"
"ASN00009564","1986-12","-34.9431","117.9242","12.0","KING RIVER, AS","6",",a","1",",a","0",",a","2.8",",,a,06,","7.8",",,,a"
"ASN00009564","1987-01","-34.9431","117.9242","12.0","KING RIVER, AS","3",",a","1",",a","0",",a","7.2",",,a,10,","9.4",",,,a"
"ASN00009564","1987-02","-34.9431","117.9242","12.0","KING RIVER, AS","5",",a","0",",a","0",",a","1.2",",,a,23,","3.6",",,,a"
"ASN00009564","1987-03","-34.9431","117.9242","12.0","KING RIVER, AS","11",",a","5",",a","0",",a","10.8",",,a,26,","39.6",",,,a"
"ASN00009564","1987-04","-34.9431","117.9242","12.0","KING RIVER, AS","13",",a","6",",a","1",",a","29.2",",,a,26,","65.0",",,,a"
"ASN00009564","1987-05","-34.9431","117.9242","12.0","KING RIVER, AS","15",",a","10",",a","1",",a","29.0",",,a,10,","91.2",",,,a"
"ASN00009564","1987-06","-34.9431","117.9242","12.0","KING RIVER, AS","13",",a","7",",a","0",",a","21.8",",,a,21,","77.4",",,,a"
"ASN00009564","1987-07","-34.9431","117.9242","12.0","KING RIVER, AS","16",",a","11",",a","1",",a","26.0",",,a,30,","119.4",",,,a"
"ASN00009564","1987-08","-34.9431","117.9242","12.0","KING RIVER, AS","12",",a","7",",a","0",",a","9.2",",,a,25,","44.0",",,,a"
"ASN00009564","1987-09","-34.9431","117.9242","12.0","KING RIVER, AS","13",",a","10",",a","0",",a","16.4",",,a,27,","70.4",",,,a"
"ASN00009564","1987-10","-34.9431","117.9242","12.0","KING RIVER, AS","11",",a","4",",a","1",",a","32.0",",,a,15,","57.4",",,,a"
"ASN00009564","1987-11","-34.9431","117.9242","12.0","KING RIVER, AS","13",",a","7",",a","1",",a","34.8",",,a,01,","80.4",",,,a"
"ASN00009564","1987-12","-34.9431","117.9242","12.0","KING RIVER, AS","11",",a","2",",a","0",",a","5.6",",,a,19,","18.2",",,,a"
"ASN00009564","1988-01","-34.9431","117.9242","12.0","KING RIVER, AS","9",",a","3",",a","0",",a","4.2",",,a,14,","16.8",",,,a"
"ASN00009564","1988-02","-34.9431","117.9242","12.0","KING RIVER, AS","4",",a","0",",a","0",",a","0.6",",,a,05,","1.8",",,,a"
"ASN00009564","1988-03","-34.9431","117.9242","12.0","KING RIVER, AS","8",",a","5",",a","0",",a","11.2",",,a,24,","36.2",",,,a"
"ASN00009564","1988-04","-34.9431","117.9242","12.0","KING RIVER, AS","11",",a","3",",a","0",",a","16.2",",,a,21,","36.6",",,,a"
"ASN00009564","1988-05","-34.9431","117.9242","12.0","KING RIVER, AS","25",",a","15",",a","3",",a","42.2",",,a,03,","204.0",",,,a"
"ASN00009564","1988-06","-34.9431","117.9242","12.0","KING RIVER, AS","20",",a","15",",a","1",",a","52.4",",,a,25,","198.6",",,,a"
"ASN00009564","1988-07","-34.9431","117.9242","12.0","KING RIVER, AS","18",",a","12",",a","1",",a","26.0",",,a,18,","133.8",",,,a"
"ASN00009564","1988-08","-34.9431","117.9242","12.0","KING RIVER, AS","19",",a","11",",a","0",",a","15.4",",,a,30,","105.8",",,,a"
"ASN00009564","1988-09","-34.9431","117.9242","12.0","KING RIVER, AS","19",",a","10",",a","0",",a","17.4",",,a,27,","91.8",",,,a"
"ASN00009564","1988-10","-34.9431","117.9242","12.0","KING RIVER, AS","15",",a","7",",a","0",",a","12.4",",,a,21,","56.8",",,,a"
"ASN00009564","1988-11","-34.9431","117.9242","12.0","KING RIVER, AS","12",",a","3",",a","0",",a","21.0",",,a,07,","39.4",",,,a"
"ASN00009564","1988-12","-34.9431","117.9242","12.0","KING RIVER, AS","4",",a","2",",a","0",",a","4.6",",,a,15,","12.2",",,,a"
"ASN00009564","1989-01","-34.9431","117.9242","12.0","KING RIVER, AS","14",",a","8",",a","1",",a","53.0",",,a,26,","106.4",",,,a"
"ASN00009564","1989-02","-34.9431","117.9242","12.0","KING RIVER, AS","10",",a","3",",a","0",",a","17.2",",,a,16,","38.6",",,,a"
"ASN00009564","1989-03","-34.9431","117.9242","12.0","KING RIVER, AS","9",",a","1",",a","0",",a","3.0",",,a,14,","11.4",",,,a"
"ASN00009564","1989-04","-34.9431","117.9242","12.0","KING RIVER, AS","17",",a","9",",a","1",",a","28.0",",,a,24,","100.6",",,,a"
"ASN00009564","1989-05","-34.9431","117.9242","12.0","KING RIVER, AS","16",",a","9",",a","0",",a","20.6",",,a,31,","85.2",",,,a"
"ASN00009564","1989-06","-34.9431","117.9242","12.0","KING RIVER, AS","15",",a","11",",a","0",",a","17.4",",,a,30,","101.2",",,,a"
"ASN00009564","1989-07","-34.9431","117.9242","12.0","KING RIVER, AS","24",",a","12",",a","0",",a","20.0",",,a,14,","122.0",",,,a"
"ASN00009564","1989-08","-34.9431","117.9242","12.0","KING RIVER, AS","16",",a","13",",a","0",",a","20.0",",,a,03,","110.2",",,,a"
"ASN00009564","1989-09","-34.9431","117.9242","12.0","KING RIVER, AS","15",",a","12",",a","0",",a","15.6",",,a,28,","84.8",",,,a"
"ASN00009564","1989-10","-34.9431","117.9242","12.0","KING RIVER, AS","22",",a","10",",a","1",",a","33.6",",,a,21,","122.6",",,,a"
"ASN00009564","1989-11","-34.9431","117.9242","12.0","KING RIVER, AS","9",",a","3",",a","0",",a","5.8",",,a,13,+","21.0",",,,a"
"ASN00009564","1989-12","-34.9431","117.9242","12.0","KING RIVER, AS","5",",a","2",",a","0",",a","15.6",",,a,16,","23.2",",,,a"
"ASN00009564","1990-01","-34.9431","117.9242","12.0","KING RIVER, AS","10",",a","3",",a","1",",a","32.6",",,a,29,","57.0",",,,a"
"ASN00009564","1990-02","-34.9431","117.9242","12.0","KING RIVER, AS","8",",a","3",",a","0",",a","20.0",",,a,15,","48.2",",,,a"
"ASN00009564","1990-03","-34.9431","117.9242","12.0","KING RIVER, AS","10",",a","3",",a","1",",a","41.0",",,a,26,","64.0",",,,a"
"ASN00009564","1990-04","-34.9431","117.9242","12.0","KING RIVER, AS","15",",a","7",",a","0",",a","20.2",",,a,11,","75.2",",,,a"
"ASN00009564","1990-05","-34.9431","117.9242","12.0","KING RIVER, AS","14",",a","7",",a","0",",a","24.8",",,a,15,","93.2",",,,a"
"ASN00009564","1990-06","-34.9431","117.9242","12.0","KING RIVER, AS","17",",a","10",",a","0",",a","16.6",",,a,11,","92.8",",,,a"
"ASN00009564","1990-07","-34.9431","117.9242","12.0","KING RIVER, AS","21",",a","13",",a","1",",a","30.8",",,a,24,","165.8",",,,a"
"ASN00009564","1990-08","-34.9431","117.9242","12.0","KING RIVER, AS","23",",a","14",",a","0",",a","9.6",",,a,02,","79.4",",,,a"
"ASN00009564","1990-09","-34.9431","117.9242","12.0","KING RIVER, AS","13",",a","6",",a","0",",a","16.4",",,a,18,","58.6",",,,a"
"ASN00009564","1990-10","-34.9431","117.9242","12.0","KING RIVER, AS","19",",a","15",",a","0",",a","20.2",",,a,19,","128.6",",,,a"
"ASN00009564","1990-11","-34.9431","117.9242","12.0","KING RIVER, AS","12",",a","6",",a","0",",a","11.8",",,a,17,","50.2",",,,a"
"ASN00009564","1990-12","-34.9431","117.9242","12.0","KING RIVER, AS","7",",a","2",",a","0",",a","6.2",",,a,05,","15.6",",,,a"
"ASN00009564","1991-01","-34.9431","117.9242","12.0","KING RIVER, AS","8",",a","2",",a","0",",a","7.4",",,a,02,","19.4",",,,a"
"ASN00009564","1991-02","-34.9431","117.9242","12.0","KING RIVER, AS","3",",a","2",",a","0",",a","9.8",",,a,27,","17.2",",,,a"
"ASN00009564","1991-03","-34.9431","117.9242","12.0","KING RIVER, AS","12",",a","3",",a","0",",a","4.6",",,a,18,","20.2",",,,a"
"ASN00009564","1991-04","-34.9431","117.9242","12.0","KING RIVER, AS","12",",a","5",",a","0",",a","4.8",",,a,30,","25.2",",,,a"
"ASN00009564","1991-05","-34.9431","117.9242","12.0","KING RIVER, AS","18",",a","9",",a","0",",a","13.2",",,a,21,","72.8",",,,a"
"ASN00009564","1991-06","-34.9431","117.9242","12.0","KING RIVER, AS","20",",a","12",",a","1",",a","30.6",",,a,28,","116.4",",,,a"
"ASN00009564","1991-07","-34.9431","117.9242","12.0","KING RIVER, AS","25",",a","14",",a","2",",a","75.6",",,a,20,","243.0",",,,a"
"ASN00009564","1991-08","-34.9431","117.9242","12.0","KING RIVER, AS","19",",a","13",",a","0",",a","17.8",",,a,02,","122.8",",,,a"
"ASN00009564","1991-09","-34.9431","117.9242","12.0","KING RIVER, AS","16",",a","9",",a","0",",a","10.4",",,a,09,","69.4",",,,a"
"ASN00009564","1991-10","-34.9431","117.9242","12.0","KING RIVER, AS","11",",a","6",",a","0",",a","10.8",",,a,19,","40.8",",,,a"
"ASN00009564","1991-11","-34.9431","117.9242","12.0","KING RIVER, AS","12",",a","6",",a","0",",a","11.8",",,a,02,","54.8",",,,a"
"ASN00009564","1991-12","-34.9431","117.9242","12.0","KING RIVER, AS","4",",a","2",",a","0",",a","11.4",",,a,25,","18.6",",,,a"
"ASN00009564","1992-01","-34.9431","117.9242","12.0","KING RIVER, AS","4",",a","2",",a","0",",a","2.8",",,a,22,","7.2",",,,a"
"ASN00009564","1992-02","-34.9431","117.9242","12.0","KING RIVER, AS","9",",a","5",",a","0",",a","13.2",",,a,10,","43.4",",,,a"
"ASN00009564","1992-03","-34.9431","117.9242","12.0","KING RIVER, AS","10",",a","4",",a","0",",a","11.2",",,a,17,","37.8",",,,a"
"ASN00009564","1992-04","-34.9431","117.9242","12.0","KING RIVER, AS","11",",a","4",",a","0",",a","4.2",",,a,09,+","22.8",",,,a"
"ASN00009564","1992-05","-34.9431","117.9242","12.0","KING RIVER, AS","18",",a","9",",a","0",",a","15.2",",,a,24,","76.8",",,,a"
"ASN00009564","1992-06","-34.9431","117.9242","12.0","KING RIVER, AS","22",",a","11",",a","0",",a","24.4",",,a,29,","118.0",",,,a"
"ASN00009564","1992-07","-34.9431","117.9242","12.0","KING RIVER, AS","17",",a","10",",a","0",",a","24.0",",,a,03,","92.4",",,,a"
"ASN00009564","1992-08","-34.9431","117.9242","12.0","KING RIVER, AS","26",",a","16",",a","3",",a","58.6",",,a,02,","252.2",",,,a"
"ASN00009564","1992-09","-34.9431","117.9242","12.0","KING RIVER, AS","25",",a","19",",a","0",",a","20.0",",,a,01,","127.2",",,,a"
"ASN00009564","1992-10","-34.9431","117.9242","12.0","KING RIVER, AS","15",",a","8",",a","1",",a","33.0",",,a,06,","66.2",",,,a"
"ASN00009564","1992-11","-34.9431","117.9242","12.0","KING RIVER, AS","16",",a","8",",a","0",",a","24.4",",,a,20,","120.2",",,,a"
"ASN00009564","1992-12","-34.9431","117.9242","12.0","KING RIVER, AS","10",",a","3",",a","0",",a","12.0",",,a,09,","31.8",",,,a"
"ASN00009564","1993-01","-34.9431","117.9242","12.0","KING RIVER, AS","7",",a","1",",a","0",",a","2.6",",,a,16,","7.6",",,,a"
"ASN00009564","1993-02","-34.9431","117.9242","12.0","KING RIVER, AS","8",",a","1",",a","0",",a","12.6",",,a,06,","17.8",",,,a"
"ASN00009564","1993-03","-34.9431","117.9242","12.0","KING RIVER, AS","13",",a","6",",a","0",",a","22.0",",,a,20,","75.0",",,,a"
"ASN00009564","1993-04","-34.9431","117.9242","12.0","KING RIVER, AS","11",",a","7",",a","1",",a","50.4",",,a,30,","83.8",",,,a"
"ASN00009564","1993-05","-34.9431","117.9242","12.0","KING RIVER, AS","20",",a","13",",a","1",",a","32.0",",,a,29,","125.0",",,,a"
"ASN00009564","1993-06","-34.9431","117.9242","12.0","KING RIVER, AS","21",",a","10",",a","1",",a","39.0",",,a,09,","131.2",",,,a"
"ASN00009564","1993-07","-34.9431","117.9242","12.0","KING RIVER, AS","22",",a","14",",a","0",",a","20.8",",,a,02,","134.0",",,,a"
"ASN00009564","1993-08","-34.9431","117.9242","12.0","KING RIVER, AS","18",",a","11",",a","0",",a","13.6",",,a,30,","103.8",",,,a"
"ASN00009564","1993-09","-34.9431","117.9242","12.0","KING RIVER, AS","17",",a","9",",a","0",",a","17.2",",,a,30,","64.8",",,,a"
"ASN00009564","1993-10","-34.9431","117.9242","12.0","KING RIVER, AS","18",",a","11",",a","0",",a","14.8",",,a,02,","80.6",",,,a"
"ASN00009564","1993-11","-34.9431","117.9242","12.0","KING RIVER, AS","8",",a","3",",a","0",",a","7.6",",,a,01,","26.2",",,,a"
"ASN00009564","1993-12","-34.9431","117.9242","12.0","KING RIVER, AS","9",",a","3",",a","0",",a","6.8",",,a,09,","20.4",",,,a"
"ASN00009564","1994-01","-34.9431","117.9242","12.0","KING RIVER, AS","7",",a","1",",a","0",",a","3.4",",,a,25,","10.6",",,,a"
"ASN00009564","1994-02","-34.9431","117.9242","12.0","KING RIVER, AS","9",",a","2",",a","0",",a","3.0",",,a,09,+","12.6",",,,a"
"ASN00009564","1994-03","-34.9431","117.9242","12.0","KING RIVER, AS","5",",a","1",",a","0",",a","3.4",",,a,30,","6.2",",,,a"
"ASN00009564","1994-04","-34.9431","117.9242","12.0","KING RIVER, AS","9",",a","4",",a","0",",a","7.4",",,a,16,","28.4",",,,a"
"ASN00009564","1994-05","-34.9431","117.9242","12.0","KING RIVER, AS","15",",a","9",",a","2",",a","44.6",",,a,12,","160.2",",,,a"
"ASN00009564","1994-06","-34.9431","117.9242","12.0","KING RIVER, AS","16",",a","10",",a","1",",a","31.8",",,a,02,","102.8",",,,a"
"ASN00009564","1994-07","-34.9431","117.9242","12.0","KING RIVER, AS","21",",a","10",",a","0",",a","10.0",",,a,01,","69.8",",,,a"
"ASN00009564","1994-08","-34.9431","117.9242","12.0","KING RIVER, AS","18",",a","11",",a","0",",a","24.2",",,a,11,","115.6",",,,a"
"ASN00009564","1994-09","-34.9431","117.9242","12.0","KING RIVER, AS","13",",a","5",",a","0",",a","16.2",",,a,02,","66.0",",,,a"
"ASN00009564","1994-10","-34.9431","117.9242","12.0","KING RIVER, AS","13",",a","9",",a","0",",a","21.0",",,a,14,","84.8",",,,a"
"ASN00009564","1994-11","-34.9431","117.9242","12.0","KING RIVER, AS","8",",a","5",",a","0",",a","10.8",",,a,26,","33.8",",,,a"
"ASN00009564","1994-12","-34.9431","117.9242","12.0","KING RIVER, AS","3",",a","0",",a","0",",a","1.8",",,a,28,+","4.2",",,,a"
"ASN00009564","1995-01","-34.9431","117.9242","12.0","KING RIVER, AS","9",",a","1",",a","0",",a","6.4",",,a,28,","14.6",",,,a"
"ASN00009564","1995-02","-34.9431","117.9242","12.0","KING RIVER, AS","7",",a","1",",a","0",",a","12.2",",,a,25,","22.0",",,,a"
"ASN00009564","1995-03","-34.9431","117.9242","12.0","KING RIVER, AS","8",",a","3",",a","0",",a","7.0",",,a,25,","19.2",",,,a"
"ASN00009564","1995-04","-34.9431","117.9242","12.0","KING RIVER, AS","13",",a","4",",a","0",",a","4.6",",,a,15,","26.4",",,,a"
"ASN00009564","1995-05","-34.9431","117.9242","12.0","KING RIVER, AS","14","2,a","8","2,a","1","2,a","35.4","2,,a,13,","113.4",",a,,a"
"ASN00009564","1995-06","-34.9431","117.9242","12.0","KING RIVER, AS","19",",a","10",",a","0",",a","14.8",",,a,26,","100.2",",,,a"
"ASN00009564","1995-07","-34.9431","117.9242","12.0","KING RIVER, AS","22",",a","15",",a","0",",a","16.4",",,a,21,","108.6",",,,a"
"ASN00009564","1995-08","-34.9431","117.9242","12.0","KING RIVER, AS","15","2,a","12","2,a","0","2,a","18.4","2,,a,13,","96.8",",a,,a"
"ASN00009564","1995-09","-34.9431","117.9242","12.0","KING RIVER, AS","16",",a","10",",a","0",",a","17.4",",,a,06,","82.0",",,,a"
"ASN00009564","1995-10","-34.9431","117.9242","12.0","KING RIVER, AS","14",",a","9",",a","1",",a","42.6",",,a,01,","106.4",",,,a"
"ASN00009564","1995-11","-34.9431","117.9242","12.0","KING RIVER, AS","11",",a","5",",a","0",",a","12.8",",,a,25,","48.4",",,,a"
"ASN00009564","1995-12","-34.9431","117.9242","12.0","KING RIVER, AS","11",",a","8",",a","0",",a","10.4",",,a,24,","52.4",",,,a"
"ASN00009564","1996-01","-34.9431","117.9242","12.0","KING RIVER, AS","4",",a","1",",a","0",",a","11.0",",,a,30,","13.0",",,,a"
"ASN00009564","1996-02","-34.9431","117.9242","12.0","KING RIVER, AS","2",",a","0",",a","0",",a","0.8",",,a,19,","1.8",",,,a"
"ASN00009564","1996-03","-34.9431","117.9242","12.0","KING RIVER, AS","7",",a","4",",a","0",",a","16.8",",,a,28,","38.2",",,,a"
"ASN00009564","1996-04","-34.9431","117.9242","12.0","KING RIVER, AS","12",",a","4",",a","0",",a","12.6",",,a,26,","37.0",",,,a"
"ASN00009564","1996-05","-34.9431","117.9242","12.0","KING RIVER, AS","9",",a","5",",a","0",",a","14.4",",,a,31,","39.0",",,,a"
"ASN00009564","1996-06","-34.9431","117.9242","12.0","KING RIVER, AS","20",",a","12",",a","0",",a","10.6",",,a,16,","81.6",",,,a"
"ASN00009564","1996-07","-34.9431","117.9242","12.0","KING RIVER, AS","20",",a","15",",a","0",",a","16.6",",,a,17,","137.0",",,,a"
"ASN00009564","1996-08","-34.9431","117.9242","12.0","KING RIVER, AS","20",",a","12",",a","1",",a","33.0",",,a,04,","138.0",",,,a"
"ASN00009564","1996-09","-34.9431","117.9242","12.0","KING RIVER, AS","23",",a","13",",a","0",",a","23.0",",,a,22,","168.8",",,,a"
"ASN00009564","1996-10","-34.9431","117.9242","12.0","KING RIVER, AS","16",",a","8",",a","0",",a","23.0",",,a,24,","74.8",",,,a"
"ASN00009564","1996-11","-34.9431","117.9242","12.0","KING RIVER, AS","10",",a","5",",a","0",",a","19.4",",,a,16,","52.0",",,,a"
"ASN00009564","1996-12","-34.9431","117.9242","12.0","KING RIVER, AS","7",",a","4",",a","0",",a","19.6",",,a,12,","42.8",",,,a"
"ASN00009564","1997-01","-34.9431","117.9242","12.0","KING RIVER, AS","5",",a","2",",a","0",",a","4.0",",,a,21,","10.8",",,,a"
"ASN00009564","1997-02","-34.9431","117.9242","12.0","KING RIVER, AS","11",",a","6",",a","0",",a","16.6",",,a,20,","55.6",",,,a"
"ASN00009564","1997-03","-34.9431","117.9242","12.0","KING RIVER, AS","7",",a","3",",a","0",",a","4.8",",,a,16,","18.2",",,,a"
"ASN00009564","1997-04","-34.9431","117.9242","12.0","KING RIVER, AS","11",",a","2",",a","0",",a","7.0",",,a,21,","20.0",",,,a"
"ASN00009564","1997-05","-34.9431","117.9242","12.0","KING RIVER, AS","21",",a","9",",a","0",",a","9.4",",,a,19,+","72.2",",,,a"
"ASN00009564","1997-06","-34.9431","117.9242","12.0","KING RIVER, AS","18",",a","12",",a","0",",a","25.0",",,a,05,","91.8",",,,a"
"ASN00009564","1997-07","-34.9431","117.9242","12.0","KING RIVER, AS","13",",a","9",",a","0",",a","18.0",",,a,25,","106.0",",,,a"
"ASN00009564","1997-08","-34.9431","117.9242","12.0","KING RIVER, AS","16",",a","14",",a","1",",a","34.8",",,a,29,","125.4",",,,a"
"ASN00009564","1997-09","-34.9431","117.9242","12.0","KING RIVER, AS","20",",a","12",",a","0",",a","24.0",",,a,11,","153.0",",,,a"
"ASN00009564","1997-10","-34.9431","117.9242","12.0","KING RIVER, AS","13",",a","5",",a","0",",a","19.0",",,a,10,","42.8",",,,a"
"ASN00009564","1997-11","-34.9431","117.9242","12.0","KING RIVER, AS","15",",a","5",",a","0",",a","5.4",",,a,22,","29.0",",,,a"
"ASN00009564","1997-12","-34.9431","117.9242","12.0","KING RIVER, AS","6",",a","3",",a","0",",a","9.2",",,a,17,","26.8",",,,a"
"ASN00009564","1998-01","-34.9431","117.9242","12.0","KING RIVER, AS","5",",a","1",",a","0",",a","3.4",",,a,16,","8.6",",,,a"
"ASN00009564","1998-02","-34.9431","117.9242","12.0","KING RIVER, AS","4",",a","0",",a","0",",a","2.4",",,a,24,","6.2",",,,a"
"ASN00009564","1998-03","-34.9431","117.9242","12.0","KING RIVER, AS","9",",a","7",",a","1",",a","28.4",",,a,21,","85.6",",,,a"
"ASN00009564","1998-04","-34.9431","117.9242","12.0","KING RIVER, AS","17",",a","7",",a","0",",a","21.8",",,a,17,","70.6",",,,a"
"ASN00009564","1998-05","-34.9431","117.9242","12.0","KING RIVER, AS","13",",a","6",",a","0",",a","19.0",",,a,22,","68.8",",,,a"
"ASN00009564","1998-06","-34.9431","117.9242","12.0","KING RIVER, AS","17",",a","11",",a","1",",a","38.6",",,a,19,","135.8",",,,a"
"ASN00009564","1998-07","-34.9431","117.9242","12.0","KING RIVER, AS","16",",a","7",",a","1",",a","34.8",",,a,26,","99.0",",,,a"
"ASN00009564","1998-08","-34.9431","117.9242","12.0","KING RIVER, AS","26",",a","15",",a","2",",a","32.6",",,a,19,","148.6",",,,a"
"ASN00009564","1998-09","-34.9431","117.9242","12.0","KING RIVER, AS","20",",a","12",",a","0",",a","18.0",",,a,22,","103.6",",,,a"
"ASN00009564","1998-10","-34.9431","117.9242","12.0","KING RIVER, AS","20",",a","11",",a","0",",a","13.8",",,a,18,","73.0",",,,a"
"ASN00009564","1998-11","-34.9431","117.9242","12.0","KING RIVER, AS","13",",a","3",",a","0",",a","8.2",",,a,14,","28.2",",,,a"
"ASN00009564","1998-12","-34.9431","117.9242","12.0","KING RIVER, AS","7",",a","4",",a","0",",a","16.8",",,a,11,","39.0",",,,a"
"ASN00009564","1999-01","-34.9431","117.9242","12.0","KING RIVER, AS","14",",a","5",",a","0",",a","11.6",",,a,29,","39.8",",,,a"
"ASN00009564","1999-02","-34.9431","117.9242","12.0","KING RIVER, AS","5",",a","1",",a","0",",a","3.4",",,a,01,","7.2",",,,a"
"ASN00009564","1999-03","-34.9431","117.9242","12.0","KING RIVER, AS","14",",a","6",",a","0",",a","10.6",",,a,20,","46.0",",,,a"
"ASN00009564","1999-04","-34.9431","117.9242","12.0","KING RIVER, AS","5",",a","2",",a","0",",a","5.4",",,a,20,","11.6",",,,a"
"ASN00009564","1999-05","-34.9431","117.9242","12.0","KING RIVER, AS","16",",a","9",",a","1",",a","25.8",",,a,29,","125.0",",,,a"
"ASN00009564","1999-06","-34.9431","117.9242","12.0","KING RIVER, AS","20",",a","15",",a","0",",a","18.2",",,a,12,","138.4",",,,a"
"ASN00009564","1999-07","-34.9431","117.9242","12.0","KING RIVER, AS","15",",a","11",",a","0",",a","19.4",",,a,05,","91.4",",,,a"
"ASN00009564","1999-08","-34.9431","117.9242","12.0","KING RIVER, AS","16","2,a","8","2,a","1","2,a","25.8","2,,a,11,","87.8",",a,,a"
"ASN00009564","1999-09","-34.9431","117.9242","12.0","KING RIVER, AS","16",",a","9",",a","0",",a","20.8",",,a,11,","114.8",",,,a"
"ASN00009564","1999-10","-34.9431","117.9242","12.0","KING RIVER, AS","11",",a","7",",a","1",",a","30.8",",,a,08,","94.8",",,,a"
"ASN00009564","1999-11","-34.9431","117.9242","12.0","KING RIVER, AS","13",",a","6",",a","0",",a","13.8",",,a,18,","39.4",",,,a"
"ASN00009564","1999-12","-34.9431","117.9242","12.0","KING RIVER, AS","8",",a","3",",a","0",",a","5.8",",,a,13,","18.0",",,,a"
"ASN00009564","2000-01","-34.9431","117.9242","12.0","KING RIVER, AS","10",",a","8",",a","0",",a","13.2",",,a,24,","61.8",",,,a"
"ASN00009564","2000-02","-34.9431","117.9242","12.0","KING RIVER, AS","7",",a","2",",a","1",",a","26.0",",,a,09,","32.4",",,,a"
"ASN00009564","2000-03","-34.9431","117.9242","12.0","KING RIVER, AS","10",",a","8",",a","1",",a","59.8",",,a,10,","106.2",",,,a"
"ASN00009564","2000-04","-34.9431","117.9242","12.0","KING RIVER, AS","11",",a","6",",a","1",",a","29.0",",,a,29,","51.0",",,,a"
"ASN00009564","2000-05","-34.9431","117.9242","12.0","KING RIVER, AS","16",",a","6",",a","0",",a","21.0",",,a,12,","63.8",",,,a"
"ASN00009564","2000-06","-34.9431","117.9242","12.0","KING RIVER, AS","16",",a","7",",a","0",",a","15.8",",,a,20,","77.8",",,,a"
"ASN00009564","2000-07","-34.9431","117.9242","12.0","KING RIVER, AS","24",",a","16",",a","0",",a","20.4",",,a,04,","146.4",",,,a"
"ASN00009564","2000-08","-34.9431","117.9242","12.0","KING RIVER, AS","22",",a","15",",a","0",",a","19.8",",,a,07,","114.2",",,,a"
"ASN00009564","2000-09","-34.9431","117.9242","12.0","KING RIVER, AS","16",",a","7",",a","1",",a","29.0",",,a,06,","69.4",",,,a"
"ASN00009564","2000-10","-34.9431","117.9242","12.0","KING RIVER, AS","14",",a","4",",a","0",",a","3.2",",,a,12,","24.0",",,,a"
"ASN00009564","2000-11","-34.9431","117.9242","12.0","KING RIVER, AS","7",",a","4",",a","0",",a","9.0",",,a,08,","22.0",",,,a"
"ASN00009564","2000-12","-34.9431","117.9242","12.0","KING RIVER, AS","4",",a","2",",a","0",",a","8.6",",,a,29,","17.4",",,,a"
"ASN00009564","2001-01","-34.9431","117.9242","12.0","KING RIVER, AS","8",",a","3",",a","0",",a","9.8",",,a,25,","26.4",",,,a"
"ASN00009564","2001-02","-34.9431","117.9242","12.0","KING RIVER, AS","4",",a","1",",a","0",",a","5.6",",,a,01,","10.0",",,,a"
"ASN00009564","2001-03","-34.9431","117.9242","12.0","KING RIVER, AS","11",",a","5",",a","0",",a","8.4",",,a,25,","29.0",",,,a"
"ASN00009564","2001-04","-34.9431","117.9242","12.0","KING RIVER, AS","10",",a","2",",a","0",",a","4.6",",,a,07,","17.6",",,,a"
"ASN00009564","2001-05","-34.9431","117.9242","12.0","KING RIVER, AS","13",",a","10",",a","1",",a","28.8",",,a,06,","111.0",",,,a"
"ASN00009564","2001-06","-34.9431","117.9242","12.0","KING RIVER, AS","17",",a","11",",a","0",",a","17.0",",,a,04,","82.4",",,,a"
"ASN00009564","2001-07","-34.9431","117.9242","12.0","KING RIVER, AS","15",",a","7",",a","1",",a","26.8",",,a,09,","83.8",",,,a"
"ASN00009564","2001-08","-34.9431","117.9242","12.0","KING RIVER, AS","20",",a","12",",a","0",",a","17.0",",,a,24,","94.6",",,,a"
"ASN00009564","2001-09","-34.9431","117.9242","12.0","KING RIVER, AS","17",",a","10",",a","1",",a","31.6",",,a,30,","123.8",",,,a"
"ASN00009564","2001-10","-34.9431","117.9242","12.0","KING RIVER, AS","14",",a","9",",a","0",",a","19.8",",,a,22,","68.2",",,,a"
"ASN00009564","2001-11","-34.9431","117.9242","12.0","KING RIVER, AS","15",",a","5",",a","0",",a","9.0",",,a,17,","39.8",",,,a"
"ASN00009564","2001-12","-34.9431","117.9242","12.0","KING RIVER, AS","13",",a","6",",a","2",",a","82.2",",,a,05,","152.0",",,,a"
"ASN00009564","2002-01","-34.9431","117.9242","12.0","KING RIVER, AS","6",",a","1",",a","0",",a","4.8",",,a,10,","9.6",",,,a"
"ASN00009564","2002-02","-34.9431","117.9242","12.0","KING RIVER, AS","7",",a","1",",a","0",",a","5.0",",,a,19,","10.2",",,,a"
"ASN00009564","2002-03","-34.9431","117.9242","12.0","KING RIVER, AS","9",",a","1",",a","0",",a","6.4",",,a,23,","13.2",",,,a"
"ASN00009564","2002-04","-34.9431","117.9242","12.0","KING RIVER, AS","12",",a","5",",a","1",",a","48.6",",,a,17,","100.6",",,,a"
"ASN00009564","2002-05","-34.9431","117.9242","12.0","KING RIVER, AS","13",",a","3",",a","0",",a","17.8",",,a,21,","37.8",",,,a"
"ASN00009564","2002-06","-34.9431","117.9242","12.0","KING RIVER, AS","12",",a","8",",a","1",",a","28.0",",,a,15,","107.0",",,,a"
"ASN00009564","2002-07","-34.9431","117.9242","12.0","KING RIVER, AS","20",",a","13",",a","1",",a","27.0",",,a,12,","106.6",",,,a"
"ASN00009564","2002-08","-34.9431","117.9242","12.0","KING RIVER, AS","19",",a","9",",a","1",",a","29.6",",,a,27,","102.6",",,,a"
"ASN00009564","2002-09","-34.9431","117.9242","12.0","KING RIVER, AS","14",",a","9",",a","0",",a","20.0",",,a,15,","76.8",",,,a"
"ASN00009564","2002-10","-34.9431","117.9242","12.0","KING RIVER, AS","12",",a","9",",a","0",",a","15.4",",,a,06,","70.8",",,,a"
"ASN00009564","2002-11","-34.9431","117.9242","12.0","KING RIVER, AS","9",",a","3",",a","0",",a","17.0",",,a,01,","26.4",",,,a"
"ASN00009564","2002-12","-34.9431","117.9242","12.0","KING RIVER, AS","9",",a","2",",a","0",",a","4.0",",,a,28,","13.2",",,,a"
"ASN00009564","2003-01","-34.9431","117.9242","12.0","KING RIVER, AS","3",",a","2",",a","0",",a","2.8",",,a,12,","6.6",",,,a"
"ASN00009564","2003-02","-34.9431","117.9242","12.0","KING RIVER, AS","14",",a","6",",a","0",",a","13.8",",,a,17,","41.8",",,,a"
"ASN00009564","2003-03","-34.9431","117.9242","12.0","KING RIVER, AS","9",",a","3",",a","0",",a","4.8",",,a,18,","17.2",",,,a"
"ASN00009564","2003-04","-34.9431","117.9242","12.0","KING RIVER, AS","17",",a","7",",a","0",",a","18.6",",,a,12,","67.2",",,,a"
"ASN00009564","2003-05","-34.9431","117.9242","12.0","KING RIVER, AS","10",",a","7",",a","0",",a","19.8",",,a,17,","63.0",",,,a"
"ASN00009564","2003-06","-34.9431","117.9242","12.0","KING RIVER, AS","17",",a","12",",a","0",",a","20.6",",,a,03,","100.0",",,,a"
"ASN00009564","2003-07","-34.9431","117.9242","12.0","KING RIVER, AS","24",",a","16",",a","1",",a","26.0",",,a,11,","125.4",",,,a"
"ASN00009564","2003-08","-34.9431","117.9242","12.0","KING RIVER, AS","18",",a","16",",a","1",",a","37.2",",,a,03,","142.0",",,,a"
"ASN00009564","2003-09","-34.9431","117.9242","12.0","KING RIVER, AS","22",",a","13",",a","1",",a","59.6",",,a,30,","163.6",",,,a"
"ASN00009564","2003-10","-34.9431","117.9242","12.0","KING RIVER, AS","14","4,a","8","4,a","0","4,a","6.8","4,,a,14,","72.0",",a,,a"
"ASN00009564","2003-11","-34.9431","117.9242","12.0","KING RIVER, AS","11",",a","4",",a","0",",a","8.4",",,a,18,","32.8",",,,a"
"ASN00009564","2003-12","-34.9431","117.9242","12.0","KING RIVER, AS","12",",a","4",",a","0",",a","3.6",",,a,09,","22.0",",,,a"
"ASN00009564","2004-01","-34.9431","117.9242","12.0","KING RIVER, AS","13",",a","1",",a","0",",a","3.0",",,a,31,","13.2",",,,a"
"ASN00009564","2004-02","-34.9431","117.9242","12.0","KING RIVER, AS","5",",a","3",",a","0",",a","17.4",",,a,17,","28.4",",,,a"
"ASN00009564","2004-03","-34.9431","117.9242","12.0","KING RIVER, AS","9",",a","5",",a","0",",a","7.4",",,a,02,","29.4",",,,a"
"ASN00009564","2004-04","-34.9431","117.9242","12.0","KING RIVER, AS","10",",a","5",",a","0",",a","10.4",",,a,18,","37.0",",,,a"
"ASN00009564","2004-05","-34.9431","117.9242","12.0","KING RIVER, AS","17",",a","8",",a","0",",a","23.6",",,a,22,","76.0",",,,a"
"ASN00009564","2004-06","-34.9431","117.9242","12.0","KING RIVER, AS","22",",a","14",",a","0",",a","13.6",",,a,27,","112.6",",,,a"
"ASN00009564","2004-07","-34.9431","117.9242","12.0","KING RIVER, AS","18",",a","13",",a","0",",a","14.4",",,a,03,","85.2",",,,a"
"ASN00009564","2004-08","-34.9431","117.9242","12.0","KING RIVER, AS","28",",a","18",",a","0",",a","15.0",",,a,02,","125.4",",,,a"
"ASN00009564","2004-09","-34.9431","117.9242","12.0","KING RIVER, AS","11",",a","6",",a","0",",a","10.2",",,a,06,","47.4",",,,a"
"ASN00009564","2004-10","-34.9431","117.9242","12.0","KING RIVER, AS","13",",a","7",",a","0",",a","4.6",",,a,12,","30.6",",,,a"
"ASN00009564","2004-11","-34.9431","117.9242","12.0","KING RIVER, AS","14",",a","12",",a","0",",a","8.8",",,a,10,","57.0",",,,a"
"ASN00009564","2004-12","-34.9431","117.9242","12.0","KING RIVER, AS","3",",a","1",",a","0",",a","4.2",",,a,05,","7.4",",,,a"
"ASN00009564","2005-01","-34.9431","117.9242","12.0","KING RIVER, AS","7",",a","2",",a","0",",a","7.6",",,a,02,","16.8",",,,a"
"ASN00009564","2005-02","-34.9431","117.9242","12.0","KING RIVER, AS","7",",a","2",",a","1",",a","39.2",",,a,15,","51.8",",,,a"
"ASN00009564","2005-03","-34.9431","117.9242","12.0","KING RIVER, AS","10",",a","3",",a","1",",a","32.4",",,a,31,","46.2",",,,a"
"ASN00009564","2005-04","-34.9431","117.9242","12.0","KING RIVER, AS","11",",a","6",",a","3",",a","76.0",",,a,02,","190.2",",,,a"
"ASN00009564","2005-05","-34.9431","117.9242","12.0","KING RIVER, AS","16",",a","7",",a","0",",a","25.0",",,a,19,","80.6",",,,a"
"ASN00009564","2005-06","-34.9431","117.9242","12.0","KING RIVER, AS","22",",a","15",",a","1",",a","36.8",",,a,12,","188.4",",,,a"
"ASN00009564","2005-07","-34.9431","117.9242","12.0","KING RIVER, AS","13",",a","6",",a","0",",a","13.0",",,a,05,","62.0",",,,a"
"ASN00009564","2005-08","-34.9431","117.9242","12.0","KING RIVER, AS","20",",a","9",",a","0",",a","18.0",",,a,14,","83.0",",,,a"
"ASN00009564","2005-09","-34.9431","117.9242","12.0","KING RIVER, AS","20",",a","10",",a","0",",a","22.4",",,a,28,","106.6",",,,a"
"ASN00009564","2005-10","-34.9431","117.9242","12.0","KING RIVER, AS","17","2,a","7","2,a","0","2,a","12.8","2,,a,31,","58.0",",a,,a"
"ASN00009564","2005-11","-34.9431","117.9242","12.0","KING RIVER, AS","13",",a","7",",a","0",",a","10.2",",,a,28,","49.6",",,,a"
"ASN00009564","2005-12","-34.9431","117.9242","12.0","KING RIVER, AS","14",",a","7",",a","0",",a","8.8",",,a,11,","37.6",",,,a"
"ASN00009564","2006-01","-34.9431","117.9242","12.0","KING RIVER, AS","11",",a","5",",a","0",",a","6.6",",,a,26,+","28.2",",,,a"
"ASN00009564","2006-02","-34.9431","117.9242","12.0","KING RIVER, AS","5","4,a","2","4,a","0","4,a","9.8","4,,a,07,","18.8",",a,,a"
"ASN00009564","2006-03","-34.9431","117.9242","12.0","KING RIVER, AS","7",",a","3",",a","1",",a","28.2",",,a,24,","60.0",",,,a"
"ASN00009564","2006-04","-34.9431","117.9242","12.0","KING RIVER, AS","20",",a","11",",a","0",",a","15.4",",,a,02,","84.2",",,,a"
"ASN00009564","2006-05","-34.9431","117.9242","12.0","KING RIVER, AS","12",",a","5",",a","0",",a","9.4",",,a,30,","49.4",",,,a"
"ASN00009564","2006-06","-34.9431","117.9242","12.0","KING RIVER, AS","10",",a","7",",a","0",",a","19.2",",,a,28,","50.4",",,,a"
"ASN00009564","2006-07","-34.9431","117.9242","12.0","KING RIVER, AS","15",",a","12",",a","0",",a","22.2",",,a,28,","118.0",",,,a"
"ASN00009564","2006-08","-34.9431","117.9242","12.0","KING RIVER, AS","15",",a","6",",a","0",",a","15.8",",,a,22,","61.6",",,,a"
"ASN00009564","2006-09","-34.9431","117.9242","12.0","KING RIVER, AS","17",",a","6",",a","0",",a","14.0",",,a,22,","54.0",",,,a"
"ASN00009564","2006-10","-34.9431","117.9242","12.0","KING RIVER, AS","14",",a","5",",a","0",",a","24.8",",,a,22,","60.6",",,,a"
"ASN00009564","2006-11","-34.9431","117.9242","12.0","KING RIVER, AS","8",",a","5",",a","0",",a","6.4",",,a,11,","28.6",",,,a"
"ASN00009564","2006-12","-34.9431","117.9242","12.0","KING RIVER, AS","3",",a","1",",a","0",",a","3.2",",,a,08,","6.0",",,,a"
"ASN00009564","2007-01","-34.9431","117.9242","12.0","KING RIVER, AS","10",",a","4",",a","0",",a","8.2",",,a,11,","33.8",",,,a"
"ASN00009564","2007-02","-34.9431","117.9242","12.0","KING RIVER, AS","2",",a","0",",a","0",",a","1.6",",,a,17,","3.0",",,,a"
"ASN00009564","2007-03","-34.9431","117.9242","12.0","KING RIVER, AS","9",",a","4",",a","0",",a","21.0",",,a,02,","49.6",",,,a"
"ASN00009564","2007-04","-34.9431","117.9242","12.0","KING RIVER, AS","13",",a","7",",a","1",",a","27.0",",,a,16,","70.2",",,,a"
"ASN00009564","2007-05","-34.9431","117.9242","12.0","KING RIVER, AS","15",",a","8",",a","0",",a","20.0",",,a,28,","74.6",",,,a"
"ASN00009564","2007-06","-34.9431","117.9242","12.0","KING RIVER, AS","22",",a","12",",a","1",",a","49.0",",,a,25,","139.6",",,,a"
"ASN00009564","2007-07","-34.9431","117.9242","12.0","KING RIVER, AS","20",",a","14",",a","1",",a","25.4",",,a,04,","132.0",",,,a"
"ASN00009564","2007-08","-34.9431","117.9242","12.0","KING RIVER, AS","20",",a","12",",a","1",",a","25.4",",,a,30,","121.6",",,,a"
"ASN00009564","2007-09","-34.9431","117.9242","12.0","KING RIVER, AS","20",",a","12",",a","0",",a","21.0",",,a,25,","113.4",",,,a"
"ASN00009564","2007-10","-34.9431","117.9242","12.0","KING RIVER, AS","14",",a","8",",a","0",",a","23.4",",,a,27,","89.0",",,,a"
"ASN00009564","2007-11","-34.9431","117.9242","12.0","KING RIVER, AS","7",",a","2",",a","0",",a","9.4",",,a,20,","20.8",",,,a"
"ASN00009564","2007-12","-34.9431","117.9242","12.0","KING RIVER, AS","13",",a","4",",a","1",",a","30.6",",,a,17,","72.0",",,,a"
"ASN00009564","2008-01","-34.9431","117.9242","12.0","KING RIVER, AS","8",",a","4",",a","0",",a","10.8",",,a,09,","34.2",",,,a"
"ASN00009564","2008-02","-34.9431","117.9242","12.0","KING RIVER, AS","7",",a","2",",a","0",",a","4.2",",,a,04,","13.6",",,,a"
"ASN00009564","2008-03","-34.9431","117.9242","12.0","KING RIVER, AS","6",",a","1",",a","0",",a","3.2",",,a,18,","10.4",",,,a"
"ASN00009564","2008-04","-34.9431","117.9242","12.0","KING RIVER, AS","15",",a","8",",a","1",",a","46.2",",,a,01,","126.0",",,,a"
"ASN00009564","2008-05","-34.9431","117.9242","12.0","KING RIVER, AS","17",",a","12",",a","0",",a","18.6",",,a,14,","76.8",",,,a"
"ASN00009564","2008-06","-34.9431","117.9242","12.0","KING RIVER, AS","11",",a","8",",a","1",",a","29.2",",,a,16,","106.4",",,,a"
"ASN00009564","2008-07","-34.9431","117.9242","12.0","KING RIVER, AS","20",",a","13",",a","0",",a","19.6",",,a,11,","122.4",",,,a"
"ASN00009564","2008-08","-34.9431","117.9242","12.0","KING RIVER, AS","16",",a","8",",a","0",",a","16.0",",,a,10,","88.2",",,,a"
"ASN00009564","2008-09","-34.9431","117.9242","12.0","KING RIVER, AS","18",",a","8",",a","0",",a","20.8",",,a,13,","87.0",",,,a"
"ASN00009564","2008-10","-34.9431","117.9242","12.0","KING RIVER, AS","20",",a","10",",a","1",",a","28.4",",,a,29,","90.2",",,,a"
"ASN00009564","2008-11","-34.9431","117.9242","12.0","KING RIVER, AS","22",",a","9",",a","1",",a","109.6",",,a,21,","205.8",",,,a"
"ASN00009564","2008-12","-34.9431","117.9242","12.0","KING RIVER, AS","8","3,a","4","3,a","0","3,a","13.0","3,,a,11,","36.6",",a,,a"
"ASN00009564","2009-01","-34.9431","117.9242","12.0","KING RIVER, AS","10",",a","1",",a","0",",a","2.6",",,a,22,","9.8",",,,a"
"ASN00009564","2009-02","-34.9431","117.9242","12.0","KING RIVER, AS","6",",a","4",",a","0",",a","9.4",",,a,26,","27.4",",,,a"
"ASN00009564","2009-03","-34.9431","117.9242","12.0","KING RIVER, AS","12",",a","3",",a","1",",a","30.6",",,a,31,","63.6",",,,a"
"ASN00009564","2009-04","-34.9431","117.9242","12.0","KING RIVER, AS","10",",a","4",",a","0",",a","14.0",",,a,01,","41.8",",,,a"
"ASN00009564","2010-01","-34.9431","117.9242","12.0","KING RIVER, AS","0","5,a","0","5,a","0","5,a","0.0","5,,a,31,+","13.0",",a,,a"
