"STATION","DATE","LATITUDE","LONGITUDE","ELEVATION","NAME","DP01","DP01_ATTRIBUTES","DP10","DP10_ATTRIBUTES","DP1X","DP1X_ATTRIBUTES","EMXP","EMXP_ATTRIBUTES","PRCP","PRCP_ATTRIBUTES"
"ASN00005018","1895-01","-21.85","115.6167","150.0","PEEDAMULLAH, AS","0",",a","0",",a","0",",a","0.0",",,a,31,+","0.0",",,,a"
"ASN00005018","1895-04","-21.85","115.6167","150.0","PEEDAMULLAH, AS","0",",a","0",",a","0",",a","0.0",",,a,30,+","0.0",",,,a"
"ASN00005018","1895-08","-21.85","115.6167","150.0","PEEDAMULLAH, AS","0",",a","0",",a","0",",a","0.0",",,a,31,+","0.0",",,,a"
"ASN00005018","1895-09","-21.85","115.6167","150.0","PEEDAMULLAH, AS","0",",a","0",",a","0",",a","0.0",",,a,30,+","0.0",",,,a"
"ASN00005018","1895-10","-21.85","115.6167","150.0","PEEDAMULLAH, AS","0",",a","0",",a","0",",a","0.0",",,a,31,+","0.0",",,,a"
"ASN00005018","1895-11","-21.85","115.6167","150.0","PEEDAMULLAH, AS","0",",a","0",",a","0",",a","0.0",",,a,30,+","0.0",",,,a"
"ASN00005018","1895-12","-21.85","115.6167","150.0","PEEDAMULLAH, AS","0",",a","0",",a","0",",a","0.0",",,a,31,+","0.0",",,,a"
"ASN00005018","1896-04","-21.85","115.6167","150.0","PEEDAMULLAH, AS","0",",a","0",",a","0",",a","0.0",",,a,30,+","0.0",",,,a"
"ASN00005018","1896-05","-21.85","115.6167","150.0","PEEDAMULLAH, AS","0",",a","0",",a","0",",a","0.0",",,a,31,+","0.0",",,,a"
"ASN00005018","1896-07","-21.85","115.6167","150.0","PEEDAMULLAH, AS","0",",a","0",",a","0",",a","0.0",",,a,31,+","0.0",",,,a"
"ASN00005018","1896-08","-21.85","115.6167","150.0","PEEDAMULLAH, AS","0",",a","0",",a","0",",a","0.0",",,a,31,+","0.0",",,,a"
"ASN00005018","1896-09","-21.85","115.6167","150.0","PEEDAMULLAH, AS","0",",a","0",",a","0",",a","0.0",",,a,30,+","0.0",",,,a"
"ASN00005018","1896-11","-21.85","115.6167","150.0","PEEDAMULLAH, AS","0",",a","0",",a","0",",a","0.0",",,a,30,+","0.0",",,,a"
"ASN00005018","1896-12","-21.85","115.6167","150.0","PEEDAMULLAH, AS","0",",a","0",",a","0",",a","0.0",",,a,31,+","0.0",",,,a"
"ASN00005018","1897-01","-21.85","115.6167","150.0","PEEDAMULLAH, AS","0",",a","0",",a","0",",a","0.0",",,a,31,+","0.0",",,,a"
"ASN00005018","1897-05","-21.85","115.6167","150.0","PEEDAMULLAH, AS","0",",a","0",",a","0",",a","0.0",",,a,31,+","0.0",",,,a"
"ASN00005018","1897-09","-21.85","115.6167","150.0","PEEDAMULLAH, AS","0",",a","0",",a","0",",a","0.0",",,a,30,+","0.0",",,,a"
"ASN00005018","1897-10","-21.85","115.6167","150.0","PEEDAMULLAH, AS","0",",a","0",",a","0",",a","0.0",",,a,31,+","0.0",",,,a"
"ASN00005018","1897-11","-21.85","115.6167","150.0","PEEDAMULLAH, AS","0",",a","0",",a","0",",a","0.0",",,a,30,+","0.0",",,,a"
"ASN00005018","1898-04","-21.85","115.6167","150.0","PEEDAMULLAH, AS","0",",a","0",",a","0",",a","0.0",",,a,30,+","0.0",",,,a"
"ASN00005018","1898-07","-21.85","115.6167","150.0","PEEDAMULLAH, AS","0",",a","0",",a","0",",a","0.0",",,a,31,+","0.0",",,,a"
"ASN00005018","1898-08","-21.85","115.6167","150.0","PEEDAMULLAH, AS","0",",a","0",",a","0",",a","0.0",",,a,31,+","0.0",",,,a"
"ASN00005018","1898-10","-21.85","115.6167","150.0","PEEDAMULLAH, AS","0",",a","0",",a","0",",a","0.0",",,a,31,+","0.0",",,,a"
"ASN00005018","1898-11","-21.85","115.6167","150.0","PEEDAMULLAH, AS","0",",a","0",",a","0",",a","0.0",",,a,30,+","0.0",",,,a"
"ASN00005018","1898-12","-21.85","115.6167","150.0","PEEDAMULLAH, AS","0",",a","0",",a","0",",a","0.0",",,a,31,+","0.0",",,,a"
"ASN00005018","1899-04","-21.85","115.6167","150.0","PEEDAMULLAH, AS","0",",a","0",",a","0",",a","0.0",",,a,30,+","0.0",",,,a"
"ASN00005018","1899-05","-21.85","115.6167","150.0","PEEDAMULLAH, AS","0",",a","0",",a","0",",a","0.0",",,a,31,+","0.0",",,,a"
"ASN00005018","1899-07","-21.85","115.6167","150.0","PEEDAMULLAH, AS","0",",a","0",",a","0",",a","0.0",",,a,31,+","0.0",",,,a"
"ASN00005018","1899-09","-21.85","115.6167","150.0","PEEDAMULLAH, AS","0",",a","0",",a","0",",a","0.0",",,a,30,+","0.0",",,,a"
"ASN00005018","1899-10","-21.85","115.6167","150.0","PEEDAMULLAH, AS","0",",a","0",",a","0",",a","0.0",",,a,31,+","0.0",",,,a"
"ASN00005018","1899-11","-21.85","115.6167","150.0","PEEDAMULLAH, AS","0",",a","0",",a","0",",a","0.0",",,a,30,+","0.0",",,,a"
"ASN00005018","1900-01","-21.85","115.6167","150.0","PEEDAMULLAH, AS","0",",a","0",",a","0",",a","0.0",",,a,31,+","0.0",",,,a"
"ASN00005018","1900-08","-21.85","115.6167","150.0","PEEDAMULLAH, AS","0",",a","0",",a","0",",a","0.0",",,a,31,+","0.0",",,,a"
"ASN00005018","1900-09","-21.85","115.6167","150.0","PEEDAMULLAH, AS","0",",a","0",",a","0",",a","0.0",",,a,30,+","0.0",",,,a"
"ASN00005018","1900-10","-21.85","115.6167","150.0","PEEDAMULLAH, AS","0",",a","0",",a","0",",a","0.0",",,a,31,+","0.0",",,,a"
"ASN00005018","1900-11","-21.85","115.6167","150.0","PEEDAMULLAH, AS","0",",a","0",",a","0",",a","0.0",",,a,30,+","0.0",",,,a"
"ASN00005018","1900-12","-21.85","115.6167","150.0","PEEDAMULLAH, AS","0",",a","0",",a","0",",a","0.0",",,a,31,+","0.0",",,,a"
"ASN00005018","1901-04","-21.85","115.6167","150.0","PEEDAMULLAH, AS","0",",a","0",",a","0",",a","0.0",",,a,30,+","0.0",",,,a"
"ASN00005018","1901-05","-21.85","115.6167","150.0","PEEDAMULLAH, AS","0",",a","0",",a","0",",a","0.0",",,a,31,+","0.0",",,,a"
"ASN00005018","1901-07","-21.85","115.6167","150.0","PEEDAMULLAH, AS","0",",a","0",",a","0",",a","0.0",",,a,31,+","0.0",",,,a"
"ASN00005018","1901-08","-21.85","115.6167","150.0","PEEDAMULLAH, AS","0",",a","0",",a","0",",a","0.0",",,a,31,+","0.0",",,,a"
"ASN00005018","1901-09","-21.85","115.6167","150.0","PEEDAMULLAH, AS","0",",a","0",",a","0",",a","0.0",",,a,30,+","0.0",",,,a"
"ASN00005018","1901-10","-21.85","115.6167","150.0","PEEDAMULLAH, AS","0",",a","0",",a","0",",a","0.0",",,a,31,+","0.0",",,,a"
"ASN00005018","1901-11","-21.85","115.6167","150.0","PEEDAMULLAH, AS","0",",a","0",",a","0",",a","0.0",",,a,30,+","0.0",",,,a"
"ASN00005018","1901-12","-21.85","115.6167","150.0","PEEDAMULLAH, AS","0",",a","0",",a","0",",a","0.0",",,a,31,+","0.0",",,,a"
"ASN00005018","1902-04","-21.85","115.6167","150.0","PEEDAMULLAH, AS","0",",a","0",",a","0",",a","0.0",",,a,30,+","0.0",",,,a"
"ASN00005018","1902-07","-21.85","115.6167","150.0","PEEDAMULLAH, AS","0",",a","0",",a","0",",a","0.0",",,a,31,+","0.0",",,,a"
"ASN00005018","1902-08","-21.85","115.6167","150.0","PEEDAMULLAH, AS","0",",a","0",",a","0",",a","0.0",",,a,31,+","0.0",",,,a"
"ASN00005018","1902-09","-21.85","115.6167","150.0","PEEDAMULLAH, AS","0",",a","0",",a","0",",a","0.0",",,a,30,+","0.0",",,,a"
"ASN00005018","1902-10","-21.85","115.6167","150.0","PEEDAMULLAH, AS","0",",a","0",",a","0",",a","0.0",",,a,31,+","0.0",",,,a"
"ASN00005018","1902-11","-21.85","115.6167","150.0","PEEDAMULLAH, AS","0",",a","0",",a","0",",a","0.0",",,a,30,+","0.0",",,,a"
"ASN00005018","1902-12","-21.85","115.6167","150.0","PEEDAMULLAH, AS","0",",a","0",",a","0",",a","0.0",",,a,31,+","0.0",",,,a"
"ASN00005018","1903-04","-21.85","115.6167","150.0","PEEDAMULLAH, AS","0",",a","0",",a","0",",a","0.0",",,a,30,+","0.0",",,,a"
"ASN00005018","1903-10","-21.85","115.6167","150.0","PEEDAMULLAH, AS","0",",a","0",",a","0",",a","0.0",",,a,31,+","0.0",",,,a"
"ASN00005018","1903-11","-21.85","115.6167","150.0","PEEDAMULLAH, AS","0",",a","0",",a","0",",a","0.0",",,a,30,+","0.0",",,,a"
"ASN00005018","1904-04","-21.85","115.6167","150.0","PEEDAMULLAH, AS","0",",a","0",",a","0",",a","0.0",",,a,30,+","0.0",",,,a"
"ASN00005018","1904-08","-21.85","115.6167","150.0","PEEDAMULLAH, AS","0",",a","0",",a","0",",a","0.0",",,a,31,+","0.0",",,,a"
"ASN00005018","1904-10","-21.85","115.6167","150.0","PEEDAMULLAH, AS","0",",a","0",",a","0",",a","0.0",",,a,31,+","0.0",",,,a"
"ASN00005018","1904-11","-21.85","115.6167","150.0","PEEDAMULLAH, AS","0",",a","0",",a","0",",a","0.0",",,a,30,+","0.0",",,,a"
"ASN00005018","1905-07","-21.85","115.6167","150.0","PEEDAMULLAH, AS","0",",a","0",",a","0",",a","0.0",",,a,31,+","0.0",",,,a"
"ASN00005018","1905-09","-21.85","115.6167","150.0","PEEDAMULLAH, AS","0",",a","0",",a","0",",a","0.0",",,a,30,+","0.0",",,,a"
"ASN00005018","1905-10","-21.85","115.6167","150.0","PEEDAMULLAH, AS","0",",a","0",",a","0",",a","0.0",",,a,31,+","0.0",",,,a"
"ASN00005018","1905-11","-21.85","115.6167","150.0","PEEDAMULLAH, AS","0",",a","0",",a","0",",a","0.0",",,a,30,+","0.0",",,,a"
"ASN00005018","1906-03","-21.85","115.6167","150.0","PEEDAMULLAH, AS","0",",a","0",",a","0",",a","0.0",",,a,31,+","0.0",",,,a"
"ASN00005018","1906-04","-21.85","115.6167","150.0","PEEDAMULLAH, AS","0",",a","0",",a","0",",a","0.0",",,a,30,+","0.0",",,,a"
"ASN00005018","1906-05","-21.85","115.6167","150.0","PEEDAMULLAH, AS","0",",a","0",",a","0",",a","0.0",",,a,31,+","0.0",",,,a"
"ASN00005018","1906-10","-21.85","115.6167","150.0","PEEDAMULLAH, AS","0",",a","0",",a","0",",a","0.0",",,a,31,+","0.0",",,,a"
"ASN00005018","1906-11","-21.85","115.6167","150.0","PEEDAMULLAH, AS","0",",a","0",",a","0",",a","0.0",",,a,30,+","0.0",",,,a"
"ASN00005018","1907-01","-21.85","115.6167","150.0","PEEDAMULLAH, AS","1",",a","1",",a","0",",a","2.8",",,a,13,","2.8",",,,a"
"ASN00005018","1907-02","-21.85","115.6167","150.0","PEEDAMULLAH, AS","6",",a","6",",a","0",",a","19.1",",,a,01,","63.6",",,,a"
"ASN00005018","1907-03","-21.85","115.6167","150.0","PEEDAMULLAH, AS","6",",a","6",",a","1",",a","64.8",",,a,15,","133.6",",,,a"
"ASN00005018","1907-04","-21.85","115.6167","150.0","PEEDAMULLAH, AS","0",",a","0",",a","0",",a","0.0",",,a,30,+","0.0",",,,a"
"ASN00005018","1907-05","-21.85","115.6167","150.0","PEEDAMULLAH, AS","0",",a","0",",a","0",",a","0.0",",,a,31,+","0.0",",,,a"
"ASN00005018","1907-06","-21.85","115.6167","150.0","PEEDAMULLAH, AS","2",",a","2",",a","1",",a","29.5",",,a,23,","51.6",",,,a"
"ASN00005018","1907-07","-21.85","115.6167","150.0","PEEDAMULLAH, AS","3",",a","3",",a","0",",a","6.4",",,a,07,","15.1",",,,a"
"ASN00005018","1907-08","-21.85","115.6167","150.0","PEEDAMULLAH, AS","0",",a","0",",a","0",",a","0.0",",,a,31,+","0.0",",,,a"
"ASN00005018","1907-09","-21.85","115.6167","150.0","PEEDAMULLAH, AS","0",",a","0",",a","0",",a","0.0",",,a,30,+","0.0",",,,a"
"ASN00005018","1907-10","-21.85","115.6167","150.0","PEEDAMULLAH, AS","0",",a","0",",a","0",",a","0.0",",,a,31,+","0.0",",,,a"
"ASN00005018","1907-11","-21.85","115.6167","150.0","PEEDAMULLAH, AS","0",",a","0",",a","0",",a","0.0",",,a,30,+","0.0",",,,a"
"ASN00005018","1907-12","-21.85","115.6167","150.0","PEEDAMULLAH, AS","0",",a","0",",a","0",",a","0.0",",,a,31,+","0.0",",,,a"
"ASN00005018","1908-01","-21.85","115.6167","150.0","PEEDAMULLAH, AS","0",",a","0",",a","0",",a","0.0",",,a,31,+","0.0",",,,a"
"ASN00005018","1908-02","-21.85","115.6167","150.0","PEEDAMULLAH, AS","6",",a","4",",a","2",",a","40.4",",,a,13,","81.8",",,,a"
"ASN00005018","1908-03","-21.85","115.6167","150.0","PEEDAMULLAH, AS","1",",a","1",",a","0",",a","20.8",",,a,01,","20.8",",,,a"
"ASN00005018","1908-04","-21.85","115.6167","150.0","PEEDAMULLAH, AS","4",",a","4",",a","0",",a","16.8",",,a,27,","28.4",",,,a"
"ASN00005018","1908-05","-21.85","115.6167","150.0","PEEDAMULLAH, AS","5",",a","5",",a","2",",a","28.7",",,a,20,","83.8",",,,a"
"ASN00005018","1908-06","-21.85","115.6167","150.0","PEEDAMULLAH, AS","6",",a","5",",a","2",",a","69.6",",,a,04,","123.9",",,,a"
"ASN00005018","1908-07","-21.85","115.6167","150.0","PEEDAMULLAH, AS","3",",a","3",",a","0",",a","15.5",",,a,25,","31.0",",,,a"
"ASN00005018","1908-08","-21.85","115.6167","150.0","PEEDAMULLAH, AS","0",",a","0",",a","0",",a","0.0",",,a,31,+","0.0",",,,a"
"ASN00005018","1908-09","-21.85","115.6167","150.0","PEEDAMULLAH, AS","0",",a","0",",a","0",",a","0.0",",,a,30,+","0.0",",,,a"
"ASN00005018","1908-10","-21.85","115.6167","150.0","PEEDAMULLAH, AS","1",",a","0",",a","0",",a","0.3",",,a,22,","0.3",",,,a"
"ASN00005018","1908-11","-21.85","115.6167","150.0","PEEDAMULLAH, AS","0",",a","0",",a","0",",a","0.0",",,a,30,+","0.0",",,,a"
"ASN00005018","1908-12","-21.85","115.6167","150.0","PEEDAMULLAH, AS","3",",a","3",",a","1",",a","45.7",",,a,08,","75.4",",,,a"
"ASN00005018","1909-01","-21.85","115.6167","150.0","PEEDAMULLAH, AS","9",",a","9",",a","2",",a","38.9",",,a,20,","142.8",",,,a"
"ASN00005018","1909-02","-21.85","115.6167","150.0","PEEDAMULLAH, AS","2",",a","2",",a","0",",a","24.4",",,a,23,","27.4",",,,a"
"ASN00005018","1909-03","-21.85","115.6167","150.0","PEEDAMULLAH, AS","1",",a","1",",a","0",",a","11.7",",,a,04,","11.7",",,,a"
"ASN00005018","1909-04","-21.85","115.6167","150.0","PEEDAMULLAH, AS","7",",a","6",",a","2",",a","72.4",",,a,05,","173.4",",,,a"
"ASN00005018","1909-05","-21.85","115.6167","150.0","PEEDAMULLAH, AS","1",",a","1",",a","0",",a","9.1",",,a,20,","9.1",",,,a"
"ASN00005018","1909-06","-21.85","115.6167","150.0","PEEDAMULLAH, AS","6",",a","5",",a","3",",a","61.5",",,a,04,","176.6",",,,a"
"ASN00005018","1909-07","-21.85","115.6167","150.0","PEEDAMULLAH, AS","2",",a","2",",a","1",",a","30.5",",,a,18,","45.5",",,,a"
"ASN00005018","1909-08","-21.85","115.6167","150.0","PEEDAMULLAH, AS","1",",a","1",",a","0",",a","3.6",",,a,04,","3.6",",,,a"
"ASN00005018","1909-09","-21.85","115.6167","150.0","PEEDAMULLAH, AS","0",",a","0",",a","0",",a","0.0",",,a,30,+","0.0",",,,a"
"ASN00005018","1909-10","-21.85","115.6167","150.0","PEEDAMULLAH, AS","0",",a","0",",a","0",",a","0.0",",,a,31,+","0.0",",,,a"
"ASN00005018","1909-11","-21.85","115.6167","150.0","PEEDAMULLAH, AS","2",",a","2",",a","0",",a","17.0",",,a,24,","23.4",",,,a"
"ASN00005018","1909-12","-21.85","115.6167","150.0","PEEDAMULLAH, AS","2",",a","2",",a","0",",a","10.7",",,a,06,","14.5",",,,a"
"ASN00005018","1910-01","-21.85","115.6167","150.0","PEEDAMULLAH, AS","1",",a","1",",a","0",",a","2.8",",,a,01,","2.8",",,,a"
"ASN00005018","1910-02","-21.85","115.6167","150.0","PEEDAMULLAH, AS","8",",a","8",",a","1",",a","40.6",",,a,15,","105.6",",,,a"
"ASN00005018","1910-03","-21.85","115.6167","150.0","PEEDAMULLAH, AS","5",",a","5",",a","1",",a","25.4",",,a,03,","55.1",",,,a"
"ASN00005018","1910-04","-21.85","115.6167","150.0","PEEDAMULLAH, AS","0",",a","0",",a","0",",a","0.0",",,a,30,+","0.0",",,,a"
"ASN00005018","1910-05","-21.85","115.6167","150.0","PEEDAMULLAH, AS","4",",a","4",",a","1",",a","25.4",",,a,04,","52.9",",,,a"
"ASN00005018","1910-06","-21.85","115.6167","150.0","PEEDAMULLAH, AS","3",",a","3",",a","1",",a","28.7",",,a,05,","51.0",",,,a"
"ASN00005018","1910-07","-21.85","115.6167","150.0","PEEDAMULLAH, AS","5",",a","3",",a","1",",a","27.4",",,a,21,","53.3",",,,a"
"ASN00005018","1910-08","-21.85","115.6167","150.0","PEEDAMULLAH, AS","0",",a","0",",a","0",",a","0.0",",,a,31,+","0.0",",,,a"
"ASN00005018","1910-09","-21.85","115.6167","150.0","PEEDAMULLAH, AS","0",",a","0",",a","0",",a","0.0",",,a,30,+","0.0",",,,a"
"ASN00005018","1910-10","-21.85","115.6167","150.0","PEEDAMULLAH, AS","0",",a","0",",a","0",",a","0.0",",,a,31,+","0.0",",,,a"
"ASN00005018","1910-11","-21.85","115.6167","150.0","PEEDAMULLAH, AS","0",",a","0",",a","0",",a","0.0",",,a,30,+","0.0",",,,a"
"ASN00005018","1910-12","-21.85","115.6167","150.0","PEEDAMULLAH, AS","2",",a","2",",a","0",",a","10.9",",,a,22,","13.9",",,,a"
"ASN00005018","1911-01","-21.85","115.6167","150.0","PEEDAMULLAH, AS","3",",a","2",",a","0",",a","7.1",",,a,29,","14.0",",,,a"
"ASN00005018","1911-02","-21.85","115.6167","150.0","PEEDAMULLAH, AS","3",",a","3",",a","2",",a","42.4",",,a,08,","80.2",",,,a"
"ASN00005018","1911-03","-21.85","115.6167","150.0","PEEDAMULLAH, AS","0",",a","0",",a","0",",a","0.0",",,a,31,+","0.0",",,,a"
"ASN00005018","1911-04","-21.85","115.6167","150.0","PEEDAMULLAH, AS","1",",a","0",",a","0",",a","0.3",",,a,01,","0.3",",,,a"
"ASN00005018","1911-05","-21.85","115.6167","150.0","PEEDAMULLAH, AS","3",",a","3",",a","0",",a","9.7",",,a,21,","17.6",",,,a"
"ASN00005018","1911-06","-21.85","115.6167","150.0","PEEDAMULLAH, AS","2",",a","2",",a","0",",a","3.6",",,a,01,","6.1",",,,a"
"ASN00005018","1911-08","-21.85","115.6167","150.0","PEEDAMULLAH, AS","1",",a","1",",a","0",",a","5.3",",,a,23,","5.3",",,,a"
"ASN00005018","1911-09","-21.85","115.6167","150.0","PEEDAMULLAH, AS","0",",a","0",",a","0",",a","0.0",",,a,30,+","0.0",",,,a"
"ASN00005018","1911-10","-21.85","115.6167","150.0","PEEDAMULLAH, AS","0",",a","0",",a","0",",a","0.0",",,a,31,+","0.0",",,,a"
"ASN00005018","1911-11","-21.85","115.6167","150.0","PEEDAMULLAH, AS","0",",a","0",",a","0",",a","0.0",",,a,30,+","0.0",",,,a"
"ASN00005018","1911-12","-21.85","115.6167","150.0","PEEDAMULLAH, AS","0",",a","0",",a","0",",a","0.0",",,a,31,+","0.0",",,,a"
"ASN00005018","1912-01","-21.85","115.6167","150.0","PEEDAMULLAH, AS","3",",a","3",",a","0",",a","8.1",",,a,19,","17.0",",,,a"
"ASN00005018","1912-02","-21.85","115.6167","150.0","PEEDAMULLAH, AS","7",",a","4",",a","0",",a","14.7",",,a,17,","45.9",",,,a"
"ASN00005018","1912-03","-21.85","115.6167","150.0","PEEDAMULLAH, AS","6",",a","2",",a","0",",a","4.3",",,a,02,","14.8",",,,a"
"ASN00005018","1912-04","-21.85","115.6167","150.0","PEEDAMULLAH, AS","0",",a","0",",a","0",",a","0.0",",,a,30,+","0.0",",,,a"
"ASN00005018","1912-05","-21.85","115.6167","150.0","PEEDAMULLAH, AS","2",",a","2",",a","0",",a","5.6",",,a,06,","10.2",",,,a"
"ASN00005018","1912-06","-21.85","115.6167","150.0","PEEDAMULLAH, AS","0",",a","0",",a","0",",a","0.0",",,a,30,+","0.0",",,,a"
"ASN00005018","1912-07","-21.85","115.6167","150.0","PEEDAMULLAH, AS","0",",a","0",",a","0",",a","0.0",",,a,31,+","0.0",",,,a"
"ASN00005018","1912-08","-21.85","115.6167","150.0","PEEDAMULLAH, AS","0",",a","0",",a","0",",a","0.0",",,a,31,+","0.0",",,,a"
"ASN00005018","1912-09","-21.85","115.6167","150.0","PEEDAMULLAH, AS","0",",a","0",",a","0",",a","0.0",",,a,30,+","0.0",",,,a"
"ASN00005018","1912-10","-21.85","115.6167","150.0","PEEDAMULLAH, AS","0",",a","0",",a","0",",a","0.0",",,a,31,+","0.0",",,,a"
"ASN00005018","1912-11","-21.85","115.6167","150.0","PEEDAMULLAH, AS","0",",a","0",",a","0",",a","0.0",",,a,30,+","0.0",",,,a"
"ASN00005018","1912-12","-21.85","115.6167","150.0","PEEDAMULLAH, AS","1",",a","1",",a","0",",a","10.2",",,a,11,","10.2",",,,a"
"ASN00005018","1913-01","-21.85","115.6167","150.0","PEEDAMULLAH, AS","3",",a","3",",a","0",",a","5.1",",,a,22,","12.7",",,,a"
"ASN00005018","1913-03","-21.85","115.6167","150.0","PEEDAMULLAH, AS","4",",a","4",",a","0",",a","20.3",",,a,10,","56.6",",,,a"
"ASN00005018","1913-04","-21.85","115.6167","150.0","PEEDAMULLAH, AS","0",",a","0",",a","0",",a","0.0",",,a,30,+","0.0",",,,a"
"ASN00005018","1913-05","-21.85","115.6167","150.0","PEEDAMULLAH, AS","0",",a","0",",a","0",",a","0.0",",,a,31,+","0.0",",,,a"
"ASN00005018","1913-06","-21.85","115.6167","150.0","PEEDAMULLAH, AS","3",",a","2",",a","0",",a","18.0",",,a,06,","24.9",",,,a"
"ASN00005018","1913-07","-21.85","115.6167","150.0","PEEDAMULLAH, AS","1",",a","1",",a","0",",a","18.3",",,a,24,","18.3",",,,a"
"ASN00005018","1913-08","-21.85","115.6167","150.0","PEEDAMULLAH, AS","1",",a","1",",a","0",",a","7.6",",,a,13,","7.6",",,,a"
"ASN00005018","1913-09","-21.85","115.6167","150.0","PEEDAMULLAH, AS","0",",a","0",",a","0",",a","0.0",",,a,30,+","0.0",",,,a"
"ASN00005018","1913-10","-21.85","115.6167","150.0","PEEDAMULLAH, AS","0",",a","0",",a","0",",a","0.0",",,a,31,+","0.0",",,,a"
"ASN00005018","1913-11","-21.85","115.6167","150.0","PEEDAMULLAH, AS","1",",a","1",",a","0",",a","3.0",",,a,27,","3.0",",,,a"
"ASN00005018","1913-12","-21.85","115.6167","150.0","PEEDAMULLAH, AS","0",",a","0",",a","0",",a","0.0",",,a,31,+","0.0",",,,a"
"ASN00005018","1914-01","-21.85","115.6167","150.0","PEEDAMULLAH, AS","11",",a","10",",a","2",",a","47.0",",,a,19,","175.6",",,,a"
"ASN00005018","1914-02","-21.85","115.6167","150.0","PEEDAMULLAH, AS","4",",a","3",",a","0",",a","9.1",",,a,25,","20.8",",,,a"
"ASN00005018","1914-03","-21.85","115.6167","150.0","PEEDAMULLAH, AS","0",",a","0",",a","0",",a","0.0",",,a,31,+","0.0",",,,a"
"ASN00005018","1914-04","-21.85","115.6167","150.0","PEEDAMULLAH, AS","0",",a","0",",a","0",",a","0.0",",,a,30,+","0.0",",,,a"
"ASN00005018","1914-05","-21.85","115.6167","150.0","PEEDAMULLAH, AS","0",",a","0",",a","0",",a","0.0",",,a,31,+","0.0",",,,a"
"ASN00005018","1914-06","-21.85","115.6167","150.0","PEEDAMULLAH, AS","0",",a","0",",a","0",",a","0.0",",,a,30,+","0.0",",,,a"
"ASN00005018","1914-08","-21.85","115.6167","150.0","PEEDAMULLAH, AS","0",",a","0",",a","0",",a","0.0",",,a,31,+","0.0",",,,a"
"ASN00005018","1914-09","-21.85","115.6167","150.0","PEEDAMULLAH, AS","0",",a","0",",a","0",",a","0.0",",,a,30,+","0.0",",,,a"
"ASN00005018","1914-10","-21.85","115.6167","150.0","PEEDAMULLAH, AS","0",",a","0",",a","0",",a","0.0",",,a,31,+","0.0",",,,a"
"ASN00005018","1914-11","-21.85","115.6167","150.0","PEEDAMULLAH, AS","1",",a","1",",a","0",",a","7.6",",,a,11,","7.6",",,,a"
"ASN00005018","1914-12","-21.85","115.6167","150.0","PEEDAMULLAH, AS","0",",a","0",",a","0",",a","0.0",",,a,31,+","0.0",",,,a"
"ASN00005018","1915-01","-21.85","115.6167","150.0","PEEDAMULLAH, AS","8",",a","8",",a","2",",a","86.4",",,a,09,","174.1",",,,a"
"ASN00005018","1915-02","-21.85","115.6167","150.0","PEEDAMULLAH, AS","7",",a","5",",a","1",",a","26.9",",,a,19,","61.7",",,,a"
"ASN00005018","1915-03","-21.85","115.6167","150.0","PEEDAMULLAH, AS","3",",a","2",",a","0",",a","8.4",",,a,14,","16.8",",,,a"
"ASN00005018","1915-04","-21.85","115.6167","150.0","PEEDAMULLAH, AS","3",",a","3",",a","1",",a","29.7",",,a,30,","46.0",",,,a"
"ASN00005018","1915-05","-21.85","115.6167","150.0","PEEDAMULLAH, AS","0",",a","0",",a","0",",a","0.0",",,a,31,+","0.0",",,,a"
"ASN00005018","1915-06","-21.85","115.6167","150.0","PEEDAMULLAH, AS","8",",a","6",",a","1",",a","26.7",",,a,14,","77.9",",,,a"
"ASN00005018","1915-07","-21.85","115.6167","150.0","PEEDAMULLAH, AS","1",",a","0",",a","0",",a","0.5",",,a,17,","0.5",",,,a"
"ASN00005018","1915-08","-21.85","115.6167","150.0","PEEDAMULLAH, AS","1",",a","0",",a","0",",a","0.3",",,a,29,","0.3",",,,a"
"ASN00005018","1915-09","-21.85","115.6167","150.0","PEEDAMULLAH, AS","0",",a","0",",a","0",",a","0.0",",,a,30,+","0.0",",,,a"
"ASN00005018","1915-10","-21.85","115.6167","150.0","PEEDAMULLAH, AS","0",",a","0",",a","0",",a","0.0",",,a,31,+","0.0",",,,a"
"ASN00005018","1915-11","-21.85","115.6167","150.0","PEEDAMULLAH, AS","0",",a","0",",a","0",",a","0.0",",,a,30,+","0.0",",,,a"
"ASN00005018","1915-12","-21.85","115.6167","150.0","PEEDAMULLAH, AS","0",",a","0",",a","0",",a","0.0",",,a,31,+","0.0",",,,a"
"ASN00005018","1916-01","-21.85","115.6167","150.0","PEEDAMULLAH, AS","3",",a","3",",a","1",",a","33.5",",,a,19,","50.0",",,,a"
"ASN00005018","1916-02","-21.85","115.6167","150.0","PEEDAMULLAH, AS","10",",a","7",",a","0",",a","20.8",",,a,18,","63.1",",,,a"
"ASN00005018","1916-03","-21.85","115.6167","150.0","PEEDAMULLAH, AS","4",",a","4",",a","2",",a","35.6",",,a,16,","80.3",",,,a"
"ASN00005018","1916-04","-21.85","115.6167","150.0","PEEDAMULLAH, AS","0",",a","0",",a","0",",a","0.0",",,a,30,+","0.0",",,,a"
"ASN00005018","1916-05","-21.85","115.6167","150.0","PEEDAMULLAH, AS","2",",a","2",",a","0",",a","7.9",",,a,22,","14.3",",,,a"
"ASN00005018","1916-06","-21.85","115.6167","150.0","PEEDAMULLAH, AS","6",",a","4",",a","1",",a","25.4",",,a,24,","45.0",",,,a"
"ASN00005018","1916-07","-21.85","115.6167","150.0","PEEDAMULLAH, AS","0",",a","0",",a","0",",a","0.0",",,a,31,+","0.0",",,,a"
"ASN00005018","1916-08","-21.85","115.6167","150.0","PEEDAMULLAH, AS","0",",a","0",",a","0",",a","0.0",",,a,31,+","0.0",",,,a"
"ASN00005018","1916-09","-21.85","115.6167","150.0","PEEDAMULLAH, AS","0",",a","0",",a","0",",a","0.0",",,a,30,+","0.0",",,,a"
"ASN00005018","1916-10","-21.85","115.6167","150.0","PEEDAMULLAH, AS","3",",a","2",",a","0",",a","6.9",",,a,21,","13.5",",,,a"
"ASN00005018","1916-11","-21.85","115.6167","150.0","PEEDAMULLAH, AS","0",",a","0",",a","0",",a","0.0",",,a,30,+","0.0",",,,a"
"ASN00005018","1916-12","-21.85","115.6167","150.0","PEEDAMULLAH, AS","0",",a","0",",a","0",",a","0.0",",,a,31,+","0.0",",,,a"
"ASN00005018","1917-01","-21.85","115.6167","150.0","PEEDAMULLAH, AS","4",",a","4",",a","0",",a","22.9",",,a,28,","59.9",",,,a"
"ASN00005018","1917-02","-21.85","115.6167","150.0","PEEDAMULLAH, AS","0",",a","0",",a","0",",a","0.0",",,a,28,+","0.0",",,,a"
"ASN00005018","1917-03","-21.85","115.6167","150.0","PEEDAMULLAH, AS","4",",a","4",",a","4",",a","210.8",",,a,15,","334.6",",,,a"
"ASN00005018","1917-04","-21.85","115.6167","150.0","PEEDAMULLAH, AS","1",",a","1",",a","0",",a","6.4",",,a,04,","6.4",",,,a"
"ASN00005018","1917-05","-21.85","115.6167","150.0","PEEDAMULLAH, AS","1",",a","1",",a","0",",a","5.8",",,a,03,","5.8",",,,a"
"ASN00005018","1917-06","-21.85","115.6167","150.0","PEEDAMULLAH, AS","2",",a","2",",a","0",",a","6.6",",,a,29,","12.4",",,,a"
"ASN00005018","1917-07","-21.85","115.6167","150.0","PEEDAMULLAH, AS","5",",a","4",",a","0",",a","8.6",",,a,02,","18.0",",,,a"
"ASN00005018","1917-08","-21.85","115.6167","150.0","PEEDAMULLAH, AS","0",",a","0",",a","0",",a","0.0",",,a,31,+","0.0",",,,a"
"ASN00005018","1917-09","-21.85","115.6167","150.0","PEEDAMULLAH, AS","1",",a","0",",a","0",",a","2.0",",,a,19,","2.0",",,,a"
"ASN00005018","1917-10","-21.85","115.6167","150.0","PEEDAMULLAH, AS","0",",a","0",",a","0",",a","0.0",",,a,31,+","0.0",",,,a"
"ASN00005018","1917-11","-21.85","115.6167","150.0","PEEDAMULLAH, AS","0",",a","0",",a","0",",a","0.0",",,a,30,+","0.0",",,,a"
"ASN00005018","1917-12","-21.85","115.6167","150.0","PEEDAMULLAH, AS","0",",a","0",",a","0",",a","0.0",",,a,31,+","0.0",",,,a"
"ASN00005018","1918-01","-21.85","115.6167","150.0","PEEDAMULLAH, AS","6",",a","5",",a","0",",a","24.1",",,a,30,","56.6",",,,a"
"ASN00005018","1918-02","-21.85","115.6167","150.0","PEEDAMULLAH, AS","16",",a","12",",a","3",",a","73.7",",,a,11,","283.5",",,,a"
"ASN00005018","1918-03","-21.85","115.6167","150.0","PEEDAMULLAH, AS","2",",a","1",",a","0",",a","5.3",",,a,01,","7.3",",,,a"
"ASN00005018","1918-04","-21.85","115.6167","150.0","PEEDAMULLAH, AS","0",",a","0",",a","0",",a","0.0",",,a,30,+","0.0",",,,a"
"ASN00005018","1918-05","-21.85","115.6167","150.0","PEEDAMULLAH, AS","2",",a","1",",a","1",",a","68.6",",,a,22,","70.1",",,,a"
"ASN00005018","1918-06","-21.85","115.6167","150.0","PEEDAMULLAH, AS","2",",a","2",",a","0",",a","9.1",",,a,02,","13.9",",,,a"
"ASN00005018","1918-07","-21.85","115.6167","150.0","PEEDAMULLAH, AS","0",",a","0",",a","0",",a","0.0",",,a,31,+","0.0",",,,a"
"ASN00005018","1918-08","-21.85","115.6167","150.0","PEEDAMULLAH, AS","0",",a","0",",a","0",",a","0.0",",,a,31,+","0.0",",,,a"
"ASN00005018","1918-09","-21.85","115.6167","150.0","PEEDAMULLAH, AS","0",",a","0",",a","0",",a","0.0",",,a,30,+","0.0",",,,a"
"ASN00005018","1918-10","-21.85","115.6167","150.0","PEEDAMULLAH, AS","0",",a","0",",a","0",",a","0.0",",,a,31,+","0.0",",,,a"
"ASN00005018","1918-11","-21.85","115.6167","150.0","PEEDAMULLAH, AS","0",",a","0",",a","0",",a","0.0",",,a,30,+","0.0",",,,a"
"ASN00005018","1918-12","-21.85","115.6167","150.0","PEEDAMULLAH, AS","0",",a","0",",a","0",",a","0.0",",,a,31,+","0.0",",,,a"
"ASN00005018","1919-01","-21.85","115.6167","150.0","PEEDAMULLAH, AS","0",",a","0",",a","0",",a","0.0",",,a,31,+","0.0",",,,a"
"ASN00005018","1919-02","-21.85","115.6167","150.0","PEEDAMULLAH, AS","0",",a","0",",a","0",",a","0.0",",,a,28,+","0.0",",,,a"
"ASN00005018","1919-03","-21.85","115.6167","150.0","PEEDAMULLAH, AS","2",",a","1",",a","0",",a","4.6",",,a,06,","6.9",",,,a"
"ASN00005018","1919-04","-21.85","115.6167","150.0","PEEDAMULLAH, AS","0",",a","0",",a","0",",a","0.0",",,a,30,+","0.0",",,,a"
"ASN00005018","1919-05","-21.85","115.6167","150.0","PEEDAMULLAH, AS","0",",a","0",",a","0",",a","0.0",",,a,31,+","0.0",",,,a"
"ASN00005018","1919-06","-21.85","115.6167","150.0","PEEDAMULLAH, AS","2",",a","2",",a","0",",a","10.2",",,a,28,","16.0",",,,a"
"ASN00005018","1919-07","-21.85","115.6167","150.0","PEEDAMULLAH, AS","0",",a","0",",a","0",",a","0.0",",,a,31,+","0.0",",,,a"
"ASN00005018","1919-08","-21.85","115.6167","150.0","PEEDAMULLAH, AS","2",",a","1",",a","0",",a","7.1",",,a,20,","7.6",",,,a"
"ASN00005018","1919-09","-21.85","115.6167","150.0","PEEDAMULLAH, AS","0",",a","0",",a","0",",a","0.0",",,a,30,+","0.0",",,,a"
"ASN00005018","1919-10","-21.85","115.6167","150.0","PEEDAMULLAH, AS","0",",a","0",",a","0",",a","0.0",",,a,31,+","0.0",",,,a"
"ASN00005018","1919-11","-21.85","115.6167","150.0","PEEDAMULLAH, AS","1",",a","0",",a","0",",a","1.5",",,a,12,","1.5",",,,a"
"ASN00005018","1919-12","-21.85","115.6167","150.0","PEEDAMULLAH, AS","3",",a","3",",a","1",",a","28.7",",,a,29,","45.5",",,,a"
"ASN00005018","1920-01","-21.85","115.6167","150.0","PEEDAMULLAH, AS","4",",a","3",",a","0",",a","14.5",",,a,20,","27.3",",,,a"
"ASN00005018","1920-02","-21.85","115.6167","150.0","PEEDAMULLAH, AS","8",",a","6",",a","0",",a","18.3",",,a,15,","67.8",",,,a"
"ASN00005018","1920-03","-21.85","115.6167","150.0","PEEDAMULLAH, AS","7",",a","5",",a","1",",a","30.2",",,a,10,","87.5",",,,a"
"ASN00005018","1920-04","-21.85","115.6167","150.0","PEEDAMULLAH, AS","6",",a","4",",a","1",",a","26.4",",,a,14,","61.2",",,,a"
"ASN00005018","1920-05","-21.85","115.6167","150.0","PEEDAMULLAH, AS","0",",a","0",",a","0",",a","0.0",",,a,31,+","0.0",",,,a"
"ASN00005018","1920-06","-21.85","115.6167","150.0","PEEDAMULLAH, AS","4",",a","4",",a","0",",a","15.2",",,a,05,","34.3",",,,a"
"ASN00005018","1920-07","-21.85","115.6167","150.0","PEEDAMULLAH, AS","0",",a","0",",a","0",",a","0.0",",,a,31,+","0.0",",,,a"
"ASN00005018","1920-08","-21.85","115.6167","150.0","PEEDAMULLAH, AS","2",",a","2",",a","0",",a","5.1",",,a,18,","8.9",",,,a"
"ASN00005018","1920-09","-21.85","115.6167","150.0","PEEDAMULLAH, AS","2",",a","2",",a","0",",a","9.7",",,a,07,","16.1",",,,a"
"ASN00005018","1920-10","-21.85","115.6167","150.0","PEEDAMULLAH, AS","0",",a","0",",a","0",",a","0.0",",,a,31,+","0.0",",,,a"
"ASN00005018","1920-11","-21.85","115.6167","150.0","PEEDAMULLAH, AS","0",",a","0",",a","0",",a","0.0",",,a,30,+","0.0",",,,a"
"ASN00005018","1920-12","-21.85","115.6167","150.0","PEEDAMULLAH, AS","3",",a","3",",a","0",",a","9.9",",,a,07,","22.6",",,,a"
"ASN00005018","1921-01","-21.85","115.6167","150.0","PEEDAMULLAH, AS","0",",a","0",",a","0",",a","0.0",",,a,31,+","0.0",",,,a"
"ASN00005018","1921-02","-21.85","115.6167","150.0","PEEDAMULLAH, AS","13",",a","8",",a","2",",a","45.0",",,a,18,","169.7",",,,a"
"ASN00005018","1921-03","-21.85","115.6167","150.0","PEEDAMULLAH, AS","6",",a","5",",a","1",",a","29.0",",,a,21,","60.8",",,,a"
"ASN00005018","1921-04","-21.85","115.6167","150.0","PEEDAMULLAH, AS","1",",a","1",",a","0",",a","8.9",",,a,03,","8.9",",,,a"
"ASN00005018","1921-05","-21.85","115.6167","150.0","PEEDAMULLAH, AS","6",",a","6",",a","1",",a","25.4",",,a,27,","79.2",",,,a"
"ASN00005018","1921-06","-21.85","115.6167","150.0","PEEDAMULLAH, AS","0",",a","0",",a","0",",a","0.0",",,a,30,+","0.0",",,,a"
"ASN00005018","1921-07","-21.85","115.6167","150.0","PEEDAMULLAH, AS","1",",a","1",",a","0",",a","6.4",",,a,29,","6.4",",,,a"
"ASN00005018","1921-08","-21.85","115.6167","150.0","PEEDAMULLAH, AS","4",",a","3",",a","1",",a","61.0",",,a,05,","79.6",",,,a"
"ASN00005018","1921-09","-21.85","115.6167","150.0","PEEDAMULLAH, AS","0",",a","0",",a","0",",a","0.0",",,a,30,+","0.0",",,,a"
"ASN00005018","1921-10","-21.85","115.6167","150.0","PEEDAMULLAH, AS","0",",a","0",",a","0",",a","0.0",",,a,31,+","0.0",",,,a"
"ASN00005018","1921-11","-21.85","115.6167","150.0","PEEDAMULLAH, AS","0",",a","0",",a","0",",a","0.0",",,a,30,+","0.0",",,,a"
"ASN00005018","1921-12","-21.85","115.6167","150.0","PEEDAMULLAH, AS","1",",a","1",",a","0",",a","8.6",",,a,15,","8.6",",,,a"
"ASN00005018","1922-01","-21.85","115.6167","150.0","PEEDAMULLAH, AS","0",",a","0",",a","0",",a","0.0",",,a,31,+","0.0",",,,a"
"ASN00005018","1922-02","-21.85","115.6167","150.0","PEEDAMULLAH, AS","1",",a","1",",a","0",",a","3.6",",,a,11,","3.6",",,,a"
"ASN00005018","1922-03","-21.85","115.6167","150.0","PEEDAMULLAH, AS","4",",a","3",",a","1",",a","32.8",",,a,21,","62.7",",,,a"
"ASN00005018","1922-04","-21.85","115.6167","150.0","PEEDAMULLAH, AS","1",",a","0",",a","0",",a","0.8",",,a,17,","0.8",",,,a"
"ASN00005018","1922-05","-21.85","115.6167","150.0","PEEDAMULLAH, AS","2",",a","1",",a","1",",a","28.2",",,a,30,","29.5",",,,a"
"ASN00005018","1922-06","-21.85","115.6167","150.0","PEEDAMULLAH, AS","0",",a","0",",a","0",",a","0.0",",,a,30,+","0.0",",,,a"
"ASN00005018","1922-07","-21.85","115.6167","150.0","PEEDAMULLAH, AS","0",",a","0",",a","0",",a","0.0",",,a,31,+","0.0",",,,a"
"ASN00005018","1922-08","-21.85","115.6167","150.0","PEEDAMULLAH, AS","0",",a","0",",a","0",",a","0.0",",,a,31,+","0.0",",,,a"
"ASN00005018","1922-09","-21.85","115.6167","150.0","PEEDAMULLAH, AS","0",",a","0",",a","0",",a","0.0",",,a,30,+","0.0",",,,a"
"ASN00005018","1922-10","-21.85","115.6167","150.0","PEEDAMULLAH, AS","1",",a","0",",a","0",",a","1.5",",,a,03,","1.5",",,,a"
"ASN00005018","1922-11","-21.85","115.6167","150.0","PEEDAMULLAH, AS","1",",a","1",",a","0",",a","18.0",",,a,11,","18.0",",,,a"
"ASN00005018","1922-12","-21.85","115.6167","150.0","PEEDAMULLAH, AS","0",",a","0",",a","0",",a","0.0",",,a,31,+","0.0",",,,a"
"ASN00005018","1923-01","-21.85","115.6167","150.0","PEEDAMULLAH, AS","9",",a","4",",a","1",",a","25.9",",,a,16,","61.0",",,,a"
"ASN00005018","1923-02","-21.85","115.6167","150.0","PEEDAMULLAH, AS","5",",a","4",",a","1",",a","71.1",",,a,12,","93.2",",,,a"
"ASN00005018","1923-03","-21.85","115.6167","150.0","PEEDAMULLAH, AS","10",",a","6",",a","1",",a","63.5",",,a,23,","121.2",",,,a"
"ASN00005018","1923-04","-21.85","115.6167","150.0","PEEDAMULLAH, AS","7",",a","5",",a","2",",a","48.3",",,a,29,","93.9",",,,a"
"ASN00005018","1923-05","-21.85","115.6167","150.0","PEEDAMULLAH, AS","2",",a","2",",a","0",",a","5.8",",,a,23,","9.6",",,,a"
"ASN00005018","1923-06","-21.85","115.6167","150.0","PEEDAMULLAH, AS","3",",a","2",",a","0",",a","17.8",",,a,27,","30.0",",,,a"
"ASN00005018","1923-07","-21.85","115.6167","150.0","PEEDAMULLAH, AS","3",",a","3",",a","0",",a","9.7",",,a,06,","18.1",",,,a"
"ASN00005018","1923-08","-21.85","115.6167","150.0","PEEDAMULLAH, AS","0",",a","0",",a","0",",a","0.0",",,a,31,+","0.0",",,,a"
"ASN00005018","1923-09","-21.85","115.6167","150.0","PEEDAMULLAH, AS","0",",a","0",",a","0",",a","0.0",",,a,30,+","0.0",",,,a"
"ASN00005018","1923-10","-21.85","115.6167","150.0","PEEDAMULLAH, AS","0",",a","0",",a","0",",a","0.0",",,a,31,+","0.0",",,,a"
"ASN00005018","1923-11","-21.85","115.6167","150.0","PEEDAMULLAH, AS","0",",a","0",",a","0",",a","0.0",",,a,30,+","0.0",",,,a"
"ASN00005018","1923-12","-21.85","115.6167","150.0","PEEDAMULLAH, AS","0",",a","0",",a","0",",a","0.0",",,a,31,+","0.0",",,,a"
"ASN00005018","1924-01","-21.85","115.6167","150.0","PEEDAMULLAH, AS","0",",a","0",",a","0",",a","0.0",",,a,31,+","0.0",",,,a"
"ASN00005018","1924-02","-21.85","115.6167","150.0","PEEDAMULLAH, AS","0",",a","0",",a","0",",a","0.0",",,a,29,+","0.0",",,,a"
"ASN00005018","1924-03","-21.85","115.6167","150.0","PEEDAMULLAH, AS","1",",a","0",",a","0",",a","0.8",",,a,23,","0.8",",,,a"
"ASN00005018","1924-04","-21.85","115.6167","150.0","PEEDAMULLAH, AS","1",",a","1",",a","0",",a","6.6",",,a,08,","6.6",",,,a"
"ASN00005018","1924-05","-21.85","115.6167","150.0","PEEDAMULLAH, AS","1",",a","1",",a","0",",a","7.6",",,a,28,","7.6",",,,a"
"ASN00005018","1924-06","-21.85","115.6167","150.0","PEEDAMULLAH, AS","3",",a","2",",a","0",",a","8.9",",,a,08,","12.4",",,,a"
"ASN00005018","1924-07","-21.85","115.6167","150.0","PEEDAMULLAH, AS","3",",a","2",",a","0",",a","10.7",",,a,22,","22.7",",,,a"
"ASN00005018","1924-08","-21.85","115.6167","150.0","PEEDAMULLAH, AS","0",",a","0",",a","0",",a","0.0",",,a,31,+","0.0",",,,a"
"ASN00005018","1924-09","-21.85","115.6167","150.0","PEEDAMULLAH, AS","0",",a","0",",a","0",",a","0.0",",,a,30,+","0.0",",,,a"
"ASN00005018","1924-10","-21.85","115.6167","150.0","PEEDAMULLAH, AS","0",",a","0",",a","0",",a","0.0",",,a,31,+","0.0",",,,a"
"ASN00005018","1924-11","-21.85","115.6167","150.0","PEEDAMULLAH, AS","0",",a","0",",a","0",",a","0.0",",,a,30,+","0.0",",,,a"
"ASN00005018","1924-12","-21.85","115.6167","150.0","PEEDAMULLAH, AS","1",",a","1",",a","0",",a","2.8",",,a,27,","2.8",",,,a"
"ASN00005018","1925-01","-21.85","115.6167","150.0","PEEDAMULLAH, AS","5",",a","4",",a","1",",a","34.5",",,a,22,","68.1",",,,a"
"ASN00005018","1925-02","-21.85","115.6167","150.0","PEEDAMULLAH, AS","5",",a","5",",a","0",",a","19.1",",,a,20,","49.6",",,,a"
"ASN00005018","1925-03","-21.85","115.6167","150.0","PEEDAMULLAH, AS","3",",a","3",",a","0",",a","11.7",",,a,10,","26.9",",,,a"
"ASN00005018","1925-04","-21.85","115.6167","150.0","PEEDAMULLAH, AS","0",",a","0",",a","0",",a","0.0",",,a,30,+","0.0",",,,a"
"ASN00005018","1925-06","-21.85","115.6167","150.0","PEEDAMULLAH, AS","4",",a","3",",a","0",",a","6.4",",,a,21,","13.0",",,,a"
"ASN00005018","1925-07","-21.85","115.6167","150.0","PEEDAMULLAH, AS","0",",a","0",",a","0",",a","0.0",",,a,31,+","0.0",",,,a"
"ASN00005018","1925-08","-21.85","115.6167","150.0","PEEDAMULLAH, AS","2",",a","0",",a","0",",a","2.3",",,a,15,","3.1",",,,a"
"ASN00005018","1925-09","-21.85","115.6167","150.0","PEEDAMULLAH, AS","0",",a","0",",a","0",",a","0.0",",,a,30,+","0.0",",,,a"
"ASN00005018","1925-10","-21.85","115.6167","150.0","PEEDAMULLAH, AS","0",",a","0",",a","0",",a","0.0",",,a,31,+","0.0",",,,a"
"ASN00005018","1925-11","-21.85","115.6167","150.0","PEEDAMULLAH, AS","0",",a","0",",a","0",",a","0.0",",,a,30,+","0.0",",,,a"
"ASN00005018","1925-12","-21.85","115.6167","150.0","PEEDAMULLAH, AS","0",",a","0",",a","0",",a","0.0",",,a,31,+","0.0",",,,a"
"ASN00005018","1926-01","-21.85","115.6167","150.0","PEEDAMULLAH, AS","7",",a","4",",a","0",",a","18.3",",,a,11,","34.3",",,,a"
"ASN00005018","1926-02","-21.85","115.6167","150.0","PEEDAMULLAH, AS","3",",a","3",",a","0",",a","17.0",",,a,03,","26.9",",,,a"
"ASN00005018","1926-03","-21.85","115.6167","150.0","PEEDAMULLAH, AS","3",",a","3",",a","0",",a","9.4",",,a,02,","21.5",",,,a"
"ASN00005018","1926-04","-21.85","115.6167","150.0","PEEDAMULLAH, AS","0",",a","0",",a","0",",a","0.0",",,a,30,+","0.0",",,,a"
"ASN00005018","1926-05","-21.85","115.6167","150.0","PEEDAMULLAH, AS","6",",a","3",",a","2",",a","46.5",",,a,17,","80.1",",,,a"
"ASN00005018","1926-06","-21.85","115.6167","150.0","PEEDAMULLAH, AS","0",",a","0",",a","0",",a","0.0",",,a,30,+","0.0",",,,a"
"ASN00005018","1926-07","-21.85","115.6167","150.0","PEEDAMULLAH, AS","0",",a","0",",a","0",",a","0.0",",,a,31,+","0.0",",,,a"
"ASN00005018","1926-08","-21.85","115.6167","150.0","PEEDAMULLAH, AS","0",",a","0",",a","0",",a","0.0",",,a,31,+","0.0",",,,a"
"ASN00005018","1926-09","-21.85","115.6167","150.0","PEEDAMULLAH, AS","0",",a","0",",a","0",",a","0.0",",,a,30,+","0.0",",,,a"
"ASN00005018","1926-10","-21.85","115.6167","150.0","PEEDAMULLAH, AS","0",",a","0",",a","0",",a","0.0",",,a,31,+","0.0",",,,a"
"ASN00005018","1926-11","-21.85","115.6167","150.0","PEEDAMULLAH, AS","0",",a","0",",a","0",",a","0.0",",,a,30,+","0.0",",,,a"
"ASN00005018","1926-12","-21.85","115.6167","150.0","PEEDAMULLAH, AS","4",",a","3",",a","0",",a","9.4",",,a,26,","16.8",",,,a"
"ASN00005018","1927-01","-21.85","115.6167","150.0","PEEDAMULLAH, AS","2",",a","2",",a","0",",a","6.4",",,a,27,","11.7",",,,a"
"ASN00005018","1927-02","-21.85","115.6167","150.0","PEEDAMULLAH, AS","1",",a","1",",a","0",",a","2.8",",,a,27,","2.8",",,,a"
"ASN00005018","1927-03","-21.85","115.6167","150.0","PEEDAMULLAH, AS","7",",a","5",",a","1",",a","25.9",",,a,04,","52.8",",,,a"
"ASN00005018","1927-04","-21.85","115.6167","150.0","PEEDAMULLAH, AS","0",",a","0",",a","0",",a","0.0",",,a,30,+","0.0",",,,a"
"ASN00005018","1927-05","-21.85","115.6167","150.0","PEEDAMULLAH, AS","2",",a","2",",a","1",",a","26.7",",,a,16,","29.7",",,,a"
"ASN00005018","1927-06","-21.85","115.6167","150.0","PEEDAMULLAH, AS","6",",a","4",",a","2",",a","79.8",",,a,17,","158.8",",,,a"
"ASN00005018","1927-07","-21.85","115.6167","150.0","PEEDAMULLAH, AS","2",",a","2",",a","1",",a","40.6",",,a,29,","45.2",",,,a"
"ASN00005018","1927-08","-21.85","115.6167","150.0","PEEDAMULLAH, AS","0",",a","0",",a","0",",a","0.0",",,a,31,+","0.0",",,,a"
"ASN00005018","1927-09","-21.85","115.6167","150.0","PEEDAMULLAH, AS","0",",a","0",",a","0",",a","0.0",",,a,30,+","0.0",",,,a"
"ASN00005018","1927-10","-21.85","115.6167","150.0","PEEDAMULLAH, AS","0",",a","0",",a","0",",a","0.0",",,a,31,+","0.0",",,,a"
"ASN00005018","1927-11","-21.85","115.6167","150.0","PEEDAMULLAH, AS","0",",a","0",",a","0",",a","0.0",",,a,30,+","0.0",",,,a"
"ASN00005018","1927-12","-21.85","115.6167","150.0","PEEDAMULLAH, AS","0",",a","0",",a","0",",a","0.0",",,a,31,+","0.0",",,,a"
"ASN00005018","1928-01","-21.85","115.6167","150.0","PEEDAMULLAH, AS","2",",a","2",",a","1",",a","30.5",",,a,30,","33.0",",,,a"
"ASN00005018","1928-02","-21.85","115.6167","150.0","PEEDAMULLAH, AS","3",",a","1",",a","0",",a","11.2",",,a,14,","14.8",",,,a"
"ASN00005018","1928-03","-21.85","115.6167","150.0","PEEDAMULLAH, AS","1",",a","0",",a","0",",a","1.3",",,a,08,","1.3",",,,a"
"ASN00005018","1928-04","-21.85","115.6167","150.0","PEEDAMULLAH, AS","1",",a","1",",a","0",",a","4.1",",,a,06,","4.1",",,,a"
"ASN00005018","1928-05","-21.85","115.6167","150.0","PEEDAMULLAH, AS","3",",a","3",",a","1",",a","45.7",",,a,23,","61.9",",,,a"
"ASN00005018","1928-06","-21.85","115.6167","150.0","PEEDAMULLAH, AS","3",",a","2",",a","0",",a","14.5",",,a,14,","21.6",",,,a"
"ASN00005018","1928-07","-21.85","115.6167","150.0","PEEDAMULLAH, AS","0",",a","0",",a","0",",a","0.0",",,a,31,+","0.0",",,,a"
"ASN00005018","1928-08","-21.85","115.6167","150.0","PEEDAMULLAH, AS","0",",a","0",",a","0",",a","0.0",",,a,31,+","0.0",",,,a"
"ASN00005018","1928-09","-21.85","115.6167","150.0","PEEDAMULLAH, AS","0",",a","0",",a","0",",a","0.0",",,a,30,+","0.0",",,,a"
"ASN00005018","1928-10","-21.85","115.6167","150.0","PEEDAMULLAH, AS","0",",a","0",",a","0",",a","0.0",",,a,31,+","0.0",",,,a"
"ASN00005018","1928-11","-21.85","115.6167","150.0","PEEDAMULLAH, AS","0",",a","0",",a","0",",a","0.0",",,a,30,+","0.0",",,,a"
"ASN00005018","1928-12","-21.85","115.6167","150.0","PEEDAMULLAH, AS","0",",a","0",",a","0",",a","0.0",",,a,31,+","0.0",",,,a"
"ASN00005018","1929-01","-21.85","115.6167","150.0","PEEDAMULLAH, AS","0",",a","0",",a","0",",a","0.0",",,a,31,+","0.0",",,,a"
"ASN00005018","1929-02","-21.85","115.6167","150.0","PEEDAMULLAH, AS","6",",a","3",",a","2",",a","57.2",",,a,11,","122.5",",,,a"
"ASN00005018","1929-03","-21.85","115.6167","150.0","PEEDAMULLAH, AS","11",",a","8",",a","1",",a","28.4",",,a,19,","108.9",",,,a"
"ASN00005018","1929-04","-21.85","115.6167","150.0","PEEDAMULLAH, AS","1",",a","1",",a","0",",a","2.8",",,a,30,","2.8",",,,a"
"ASN00005018","1929-05","-21.85","115.6167","150.0","PEEDAMULLAH, AS","8",",a","6",",a","1",",a","25.4",",,a,15,","81.8",",,,a"
"ASN00005018","1929-06","-21.85","115.6167","150.0","PEEDAMULLAH, AS","0",",a","0",",a","0",",a","0.0",",,a,30,+","0.0",",,,a"
"ASN00005018","1929-07","-21.85","115.6167","150.0","PEEDAMULLAH, AS","0",",a","0",",a","0",",a","0.0",",,a,31,+","0.0",",,,a"
"ASN00005018","1929-08","-21.85","115.6167","150.0","PEEDAMULLAH, AS","3",",a","2",",a","0",",a","12.2",",,a,12,","21.3",",,,a"
"ASN00005018","1929-09","-21.85","115.6167","150.0","PEEDAMULLAH, AS","0",",a","0",",a","0",",a","0.0",",,a,30,+","0.0",",,,a"
"ASN00005018","1929-10","-21.85","115.6167","150.0","PEEDAMULLAH, AS","0",",a","0",",a","0",",a","0.0",",,a,31,+","0.0",",,,a"
"ASN00005018","1929-11","-21.85","115.6167","150.0","PEEDAMULLAH, AS","0",",a","0",",a","0",",a","0.0",",,a,30,+","0.0",",,,a"
"ASN00005018","1929-12","-21.85","115.6167","150.0","PEEDAMULLAH, AS","0",",a","0",",a","0",",a","0.0",",,a,31,+","0.0",",,,a"
"ASN00005018","1930-01","-21.85","115.6167","150.0","PEEDAMULLAH, AS","0",",a","0",",a","0",",a","0.0",",,a,31,+","0.0",",,,a"
"ASN00005018","1930-02","-21.85","115.6167","150.0","PEEDAMULLAH, AS","2",",a","0",",a","0",",a","1.0",",,a,16,","1.8",",,,a"
"ASN00005018","1930-03","-21.85","115.6167","150.0","PEEDAMULLAH, AS","7",",a","5",",a","1",",a","96.0",",,a,21,","130.8",",,,a"
"ASN00005018","1930-04","-21.85","115.6167","150.0","PEEDAMULLAH, AS","4",",a","1",",a","0",",a","7.1",",,a,11,","10.4",",,,a"
"ASN00005018","1930-05","-21.85","115.6167","150.0","PEEDAMULLAH, AS","1",",a","1",",a","0",",a","13.5",",,a,02,","13.5",",,,a"
"ASN00005018","1930-06","-21.85","115.6167","150.0","PEEDAMULLAH, AS","5",",a","4",",a","0",",a","17.8",",,a,23,+","45.0",",,,a"
"ASN00005018","1930-07","-21.85","115.6167","150.0","PEEDAMULLAH, AS","1",",a","1",",a","0",",a","4.8",",,a,01,","4.8",",,,a"
"ASN00005018","1930-08","-21.85","115.6167","150.0","PEEDAMULLAH, AS","2",",a","2",",a","0",",a","3.6",",,a,05,","6.1",",,,a"
"ASN00005018","1930-09","-21.85","115.6167","150.0","PEEDAMULLAH, AS","0",",a","0",",a","0",",a","0.0",",,a,30,+","0.0",",,,a"
"ASN00005018","1930-10","-21.85","115.6167","150.0","PEEDAMULLAH, AS","1",",a","0",",a","0",",a","0.3",",,a,21,","0.3",",,,a"
"ASN00005018","1930-11","-21.85","115.6167","150.0","PEEDAMULLAH, AS","0",",a","0",",a","0",",a","0.0",",,a,30,+","0.0",",,,a"
"ASN00005018","1930-12","-21.85","115.6167","150.0","PEEDAMULLAH, AS","5",",a","3",",a","1",",a","37.1",",,a,17,","46.0",",,,a"
"ASN00005018","1931-01","-21.85","115.6167","150.0","PEEDAMULLAH, AS","4",",a","3",",a","0",",a","21.1",",,a,03,","32.0",",,,a"
"ASN00005018","1931-02","-21.85","115.6167","150.0","PEEDAMULLAH, AS","1",",a","1",",a","1",",a","38.1",",,a,27,","38.1",",,,a"
"ASN00005018","1931-03","-21.85","115.6167","150.0","PEEDAMULLAH, AS","3",",a","2",",a","0",",a","6.9",",,a,29,","13.5",",,,a"
"ASN00005018","1931-04","-21.85","115.6167","150.0","PEEDAMULLAH, AS","5",",a","5",",a","0",",a","19.1",",,a,18,","59.2",",,,a"
"ASN00005018","1931-05","-21.85","115.6167","150.0","PEEDAMULLAH, AS","3",",a","2",",a","1",",a","101.9",",,a,04,","116.1",",,,a"
"ASN00005018","1931-06","-21.85","115.6167","150.0","PEEDAMULLAH, AS","8",",a","6",",a","0",",a","23.6",",,a,09,","68.9",",,,a"
"ASN00005018","1931-07","-21.85","115.6167","150.0","PEEDAMULLAH, AS","1",",a","1",",a","0",",a","24.6",",,a,17,","24.6",",,,a"
"ASN00005018","1931-08","-21.85","115.6167","150.0","PEEDAMULLAH, AS","1",",a","1",",a","0",",a","7.1",",,a,04,","7.1",",,,a"
"ASN00005018","1931-09","-21.85","115.6167","150.0","PEEDAMULLAH, AS","0",",a","0",",a","0",",a","0.0",",,a,30,+","0.0",",,,a"
"ASN00005018","1931-10","-21.85","115.6167","150.0","PEEDAMULLAH, AS","2",",a","1",",a","0",",a","4.1",",,a,12,","5.4",",,,a"
"ASN00005018","1931-11","-21.85","115.6167","150.0","PEEDAMULLAH, AS","0",",a","0",",a","0",",a","0.0",",,a,30,+","0.0",",,,a"
"ASN00005018","1931-12","-21.85","115.6167","150.0","PEEDAMULLAH, AS","0",",a","0",",a","0",",a","0.0",",,a,31,+","0.0",",,,a"
"ASN00005018","1932-01","-21.85","115.6167","150.0","PEEDAMULLAH, AS","3",",a","2",",a","0",",a","4.8",",,a,24,","10.6",",,,a"
"ASN00005018","1932-02","-21.85","115.6167","150.0","PEEDAMULLAH, AS","0",",a","0",",a","0",",a","0.0",",,a,29,+","0.0",",,,a"
"ASN00005018","1932-03","-21.85","115.6167","150.0","PEEDAMULLAH, AS","0",",a","0",",a","0",",a","0.0",",,a,31,+","0.0",",,,a"
"ASN00005018","1932-04","-21.85","115.6167","150.0","PEEDAMULLAH, AS","2",",a","1",",a","0",",a","15.7",",,a,09,","17.7",",,,a"
"ASN00005018","1932-05","-21.85","115.6167","150.0","PEEDAMULLAH, AS","3",",a","3",",a","1",",a","46.5",",,a,29,","62.2",",,,a"
"ASN00005018","1932-06","-21.85","115.6167","150.0","PEEDAMULLAH, AS","1",",a","1",",a","0",",a","2.8",",,a,29,","2.8",",,,a"
"ASN00005018","1932-07","-21.85","115.6167","150.0","PEEDAMULLAH, AS","0",",a","0",",a","0",",a","0.0",",,a,31,+","0.0",",,,a"
"ASN00005018","1932-08","-21.85","115.6167","150.0","PEEDAMULLAH, AS","2",",a","2",",a","0",",a","11.9",",,a,08,","19.8",",,,a"
"ASN00005018","1932-09","-21.85","115.6167","150.0","PEEDAMULLAH, AS","0",",a","0",",a","0",",a","0.0",",,a,30,+","0.0",",,,a"
"ASN00005018","1932-10","-21.85","115.6167","150.0","PEEDAMULLAH, AS","0",",a","0",",a","0",",a","0.0",",,a,31,+","0.0",",,,a"
"ASN00005018","1932-11","-21.85","115.6167","150.0","PEEDAMULLAH, AS","0",",a","0",",a","0",",a","0.0",",,a,30,+","0.0",",,,a"
"ASN00005018","1932-12","-21.85","115.6167","150.0","PEEDAMULLAH, AS","3",",a","3",",a","0",",a","15.2",",,a,17,","30.7",",,,a"
"ASN00005018","1933-01","-21.85","115.6167","150.0","PEEDAMULLAH, AS","1",",a","1",",a","0",",a","5.8",",,a,04,","5.8",",,,a"
"ASN00005018","1933-02","-21.85","115.6167","150.0","PEEDAMULLAH, AS","1",",a","1",",a","0",",a","8.4",",,a,19,","8.4",",,,a"
"ASN00005018","1933-03","-21.85","115.6167","150.0","PEEDAMULLAH, AS","11",",a","10",",a","0",",a","14.2",",,a,24,","96.0",",,,a"
"ASN00005018","1933-04","-21.85","115.6167","150.0","PEEDAMULLAH, AS","3",",a","3",",a","1",",a","27.4",",,a,05,","39.8",",,,a"
"ASN00005018","1933-05","-21.85","115.6167","150.0","PEEDAMULLAH, AS","4",",a","2",",a","1",",a","57.2",",,a,21,","65.7",",,,a"
"ASN00005018","1933-06","-21.85","115.6167","150.0","PEEDAMULLAH, AS","0",",a","0",",a","0",",a","0.0",",,a,30,+","0.0",",,,a"
"ASN00005018","1933-07","-21.85","115.6167","150.0","PEEDAMULLAH, AS","2",",a","2",",a","2",",a","57.4",",,a,18,","90.9",",,,a"
"ASN00005018","1933-08","-21.85","115.6167","150.0","PEEDAMULLAH, AS","2",",a","2",",a","1",",a","53.3",",,a,24,","56.6",",,,a"
"ASN00005018","1933-09","-21.85","115.6167","150.0","PEEDAMULLAH, AS","0",",a","0",",a","0",",a","0.0",",,a,30,+","0.0",",,,a"
"ASN00005018","1933-10","-21.85","115.6167","150.0","PEEDAMULLAH, AS","0",",a","0",",a","0",",a","0.0",",,a,31,+","0.0",",,,a"
"ASN00005018","1933-11","-21.85","115.6167","150.0","PEEDAMULLAH, AS","0",",a","0",",a","0",",a","0.0",",,a,30,+","0.0",",,,a"
"ASN00005018","1933-12","-21.85","115.6167","150.0","PEEDAMULLAH, AS","2",",a","2",",a","0",",a","7.6",",,a,31,","14.5",",,,a"
"ASN00005018","1934-01","-21.85","115.6167","150.0","PEEDAMULLAH, AS","8",",a","7",",a","1",",a","35.6",",,a,06,","95.7",",,,a"
"ASN00005018","1934-02","-21.85","115.6167","150.0","PEEDAMULLAH, AS","9",",a","9",",a","2",",a","50.8",",,a,02,","132.7",",,,a"
"ASN00005018","1934-03","-21.85","115.6167","150.0","PEEDAMULLAH, AS","14",",a","11",",a","4",",a","85.6",",,a,29,","269.1",",,,a"
"ASN00005018","1934-04","-21.85","115.6167","150.0","PEEDAMULLAH, AS","2",",a","2",",a","0",",a","7.4",",,a,05,","13.5",",,,a"
"ASN00005018","1934-05","-21.85","115.6167","150.0","PEEDAMULLAH, AS","1",",a","1",",a","0",",a","4.1",",,a,08,","4.1",",,,a"
"ASN00005018","1934-06","-21.85","115.6167","150.0","PEEDAMULLAH, AS","0",",a","0",",a","0",",a","0.0",",,a,30,+","0.0",",,,a"
"ASN00005018","1934-07","-21.85","115.6167","150.0","PEEDAMULLAH, AS","1",",a","0",",a","0",",a","1.3",",,a,01,","1.3",",,,a"
"ASN00005018","1934-08","-21.85","115.6167","150.0","PEEDAMULLAH, AS","0",",a","0",",a","0",",a","0.0",",,a,31,+","0.0",",,,a"
"ASN00005018","1934-09","-21.85","115.6167","150.0","PEEDAMULLAH, AS","0",",a","0",",a","0",",a","0.0",",,a,30,+","0.0",",,,a"
"ASN00005018","1934-10","-21.85","115.6167","150.0","PEEDAMULLAH, AS","0",",a","0",",a","0",",a","0.0",",,a,31,+","0.0",",,,a"
"ASN00005018","1934-11","-21.85","115.6167","150.0","PEEDAMULLAH, AS","0",",a","0",",a","0",",a","0.0",",,a,30,+","0.0",",,,a"
"ASN00005018","1934-12","-21.85","115.6167","150.0","PEEDAMULLAH, AS","0",",a","0",",a","0",",a","0.0",",,a,31,+","0.0",",,,a"
"ASN00005018","1935-01","-21.85","115.6167","150.0","PEEDAMULLAH, AS","5",",a","5",",a","1",",a","36.1",",,a,31,","60.0",",,,a"
"ASN00005018","1935-02","-21.85","115.6167","150.0","PEEDAMULLAH, AS","7",",a","6",",a","1",",a","41.9",",,a,08,","72.2",",,,a"
"ASN00005018","1935-03","-21.85","115.6167","150.0","PEEDAMULLAH, AS","8",",a","5",",a","0",",a","19.1",",,a,14,","53.7",",,,a"
"ASN00005018","1935-04","-21.85","115.6167","150.0","PEEDAMULLAH, AS","1",",a","1",",a","0",",a","3.8",",,a,09,","3.8",",,,a"
"ASN00005018","1935-05","-21.85","115.6167","150.0","PEEDAMULLAH, AS","0",",a","0",",a","0",",a","0.0",",,a,31,+","0.0",",,,a"
"ASN00005018","1935-06","-21.85","115.6167","150.0","PEEDAMULLAH, AS","0",",a","0",",a","0",",a","0.0",",,a,30,+","0.0",",,,a"
"ASN00005018","1935-07","-21.85","115.6167","150.0","PEEDAMULLAH, AS","0",",a","0",",a","0",",a","0.0",",,a,31,+","0.0",",,,a"
"ASN00005018","1935-08","-21.85","115.6167","150.0","PEEDAMULLAH, AS","0",",a","0",",a","0",",a","0.0",",,a,31,+","0.0",",,,a"
"ASN00005018","1935-09","-21.85","115.6167","150.0","PEEDAMULLAH, AS","0",",a","0",",a","0",",a","0.0",",,a,30,+","0.0",",,,a"
"ASN00005018","1935-10","-21.85","115.6167","150.0","PEEDAMULLAH, AS","0",",a","0",",a","0",",a","0.0",",,a,31,+","0.0",",,,a"
"ASN00005018","1935-11","-21.85","115.6167","150.0","PEEDAMULLAH, AS","0",",a","0",",a","0",",a","0.0",",,a,30,+","0.0",",,,a"
"ASN00005018","1935-12","-21.85","115.6167","150.0","PEEDAMULLAH, AS","0",",a","0",",a","0",",a","0.0",",,a,31,+","0.0",",,,a"
"ASN00005018","1936-01","-21.85","115.6167","150.0","PEEDAMULLAH, AS","2",",a","2",",a","0",",a","20.1",",,a,07,","26.7",",,,a"
"ASN00005018","1936-02","-21.85","115.6167","150.0","PEEDAMULLAH, AS","1",",a","0",",a","0",",a","2.0",",,a,01,","2.0",",,,a"
"ASN00005018","1936-03","-21.85","115.6167","150.0","PEEDAMULLAH, AS","1",",a","1",",a","0",",a","6.1",",,a,12,","6.1",",,,a"
"ASN00005018","1936-04","-21.85","115.6167","150.0","PEEDAMULLAH, AS","1",",a","1",",a","0",",a","22.4",",,a,18,","22.4",",,,a"
"ASN00005018","1936-05","-21.85","115.6167","150.0","PEEDAMULLAH, AS","0",",a","0",",a","0",",a","0.0",",,a,31,+","0.0",",,,a"
"ASN00005018","1936-06","-21.85","115.6167","150.0","PEEDAMULLAH, AS","0",",a","0",",a","0",",a","0.0",",,a,30,+","0.0",",,,a"
"ASN00005018","1936-07","-21.85","115.6167","150.0","PEEDAMULLAH, AS","0",",a","0",",a","0",",a","0.0",",,a,31,+","0.0",",,,a"
"ASN00005018","1936-08","-21.85","115.6167","150.0","PEEDAMULLAH, AS","0",",a","0",",a","0",",a","0.0",",,a,31,+","0.0",",,,a"
"ASN00005018","1936-09","-21.85","115.6167","150.0","PEEDAMULLAH, AS","0",",a","0",",a","0",",a","0.0",",,a,30,+","0.0",",,,a"
"ASN00005018","1936-10","-21.85","115.6167","150.0","PEEDAMULLAH, AS","0",",a","0",",a","0",",a","0.0",",,a,31,+","0.0",",,,a"
"ASN00005018","1936-11","-21.85","115.6167","150.0","PEEDAMULLAH, AS","0",",a","0",",a","0",",a","0.0",",,a,30,+","0.0",",,,a"
"ASN00005018","1936-12","-21.85","115.6167","150.0","PEEDAMULLAH, AS","0",",a","0",",a","0",",a","0.0",",,a,31,+","0.0",",,,a"
"ASN00005018","1937-03","-21.85","115.6167","150.0","PEEDAMULLAH, AS","0",",a","0",",a","0",",a","0.0",",,a,31,+","0.0",",,,a"
"ASN00005018","1937-07","-21.85","115.6167","150.0","PEEDAMULLAH, AS","0",",a","0",",a","0",",a","0.0",",,a,31,+","0.0",",,,a"
"ASN00005018","1937-09","-21.85","115.6167","150.0","PEEDAMULLAH, AS","0",",a","0",",a","0",",a","0.0",",,a,30,+","0.0",",,,a"
"ASN00005018","1937-10","-21.85","115.6167","150.0","PEEDAMULLAH, AS","0",",a","0",",a","0",",a","0.0",",,a,31,+","0.0",",,,a"
"ASN00005018","1937-11","-21.85","115.6167","150.0","PEEDAMULLAH, AS","0",",a","0",",a","0",",a","0.0",",,a,30,+","0.0",",,,a"
"ASN00005018","1937-12","-21.85","115.6167","150.0","PEEDAMULLAH, AS","0",",a","0",",a","0",",a","0.0",",,a,31,+","0.0",",,,a"
"ASN00005018","1938-01","-21.85","115.6167","150.0","PEEDAMULLAH, AS","2",",a","2",",a","0",",a","11.9",",,a,14,","18.0",",,,a"
"ASN00005018","1938-02","-21.85","115.6167","150.0","PEEDAMULLAH, AS","1",",a","1",",a","0",",a","4.8",",,a,12,","4.8",",,,a"
"ASN00005018","1938-03","-21.85","115.6167","150.0","PEEDAMULLAH, AS","1",",a","1",",a","0",",a","10.2",",,a,26,","10.2",",,,a"
"ASN00005018","1938-04","-21.85","115.6167","150.0","PEEDAMULLAH, AS","1",",a","1",",a","0",",a","9.4",",,a,20,","9.4",",,,a"
"ASN00005018","1938-05","-21.85","115.6167","150.0","PEEDAMULLAH, AS","1",",a","1",",a","0",",a","5.3",",,a,09,","5.3",",,,a"
"ASN00005018","1938-06","-21.85","115.6167","150.0","PEEDAMULLAH, AS","3",",a","3",",a","0",",a","21.6",",,a,17,","29.2",",,,a"
"ASN00005018","1938-07","-21.85","115.6167","150.0","PEEDAMULLAH, AS","1",",a","1",",a","0",",a","4.6",",,a,16,","4.6",",,,a"
"ASN00005018","1939-01","-21.85","115.6167","150.0","PEEDAMULLAH, AS","3",",a","3",",a","1",",a","25.7",",,a,11,","37.2",",,,a"
"ASN00005018","1939-02","-21.85","115.6167","150.0","PEEDAMULLAH, AS","6",",a","6",",a","2",",a","31.8",",,a,13,","89.1",",,,a"
"ASN00005018","1939-03","-21.85","115.6167","150.0","PEEDAMULLAH, AS","4",",a","3",",a","1",",a","72.6",",,a,03,","89.8",",,,a"
"ASN00005018","1939-04","-21.85","115.6167","150.0","PEEDAMULLAH, AS","1",",a","1",",a","0",",a","10.2",",,a,13,","10.2",",,,a"
"ASN00005018","1939-05","-21.85","115.6167","150.0","PEEDAMULLAH, AS","1",",a","1",",a","0",",a","4.3",",,a,19,","4.3",",,,a"
"ASN00005018","1939-06","-21.85","115.6167","150.0","PEEDAMULLAH, AS","4",",a","4",",a","0",",a","15.2",",,a,27,","37.0",",,,a"
"ASN00005018","1939-07","-21.85","115.6167","150.0","PEEDAMULLAH, AS","2",",a","2",",a","0",",a","3.0",",,a,14,+","6.0",",,,a"
"ASN00005018","1939-08","-21.85","115.6167","150.0","PEEDAMULLAH, AS","1",",a","1",",a","0",",a","7.6",",,a,12,","7.6",",,,a"
"ASN00005018","1939-11","-21.85","115.6167","150.0","PEEDAMULLAH, AS","1",",a","1",",a","1",",a","26.2",",,a,09,","26.2",",,,a"
"ASN00005018","1939-12","-21.85","115.6167","150.0","PEEDAMULLAH, AS","1",",a","1",",a","0",",a","5.8",",,a,26,","5.8",",,,a"
"ASN00005018","1940-02","-21.85","115.6167","150.0","PEEDAMULLAH, AS","3",",a","1",",a","0",",a","6.9",",,a,01,","9.0",",,,a"
"ASN00005018","1940-03","-21.85","115.6167","150.0","PEEDAMULLAH, AS","0",",a","0",",a","0",",a","0.0",",,a,31,+","0.0",",,,a"
"ASN00005018","1940-04","-21.85","115.6167","150.0","PEEDAMULLAH, AS","0",",a","0",",a","0",",a","0.0",",,a,30,+","0.0",",,,a"
"ASN00005018","1940-05","-21.85","115.6167","150.0","PEEDAMULLAH, AS","0",",a","0",",a","0",",a","0.0",",,a,31,+","0.0",",,,a"
"ASN00005018","1940-06","-21.85","115.6167","150.0","PEEDAMULLAH, AS","0",",a","0",",a","0",",a","0.0",",,a,30,+","0.0",",,,a"
"ASN00005018","1940-07","-21.85","115.6167","150.0","PEEDAMULLAH, AS","1",",a","0",",a","0",",a","1.8",",,a,27,","1.8",",,,a"
"ASN00005018","1940-08","-21.85","115.6167","150.0","PEEDAMULLAH, AS","2",",a","2",",a","0",",a","13.2",",,a,11,","17.0",",,,a"
"ASN00005018","1940-09","-21.85","115.6167","150.0","PEEDAMULLAH, AS","0",",a","0",",a","0",",a","0.0",",,a,30,+","0.0",",,,a"
"ASN00005018","1940-10","-21.85","115.6167","150.0","PEEDAMULLAH, AS","0",",a","0",",a","0",",a","0.0",",,a,31,+","0.0",",,,a"
"ASN00005018","1940-11","-21.85","115.6167","150.0","PEEDAMULLAH, AS","0",",a","0",",a","0",",a","0.0",",,a,30,+","0.0",",,,a"
"ASN00005018","1940-12","-21.85","115.6167","150.0","PEEDAMULLAH, AS","1",",a","1",",a","0",",a","10.2",",,a,20,","10.2",",,,a"
"ASN00005018","1941-01","-21.85","115.6167","150.0","PEEDAMULLAH, AS","1",",a","1",",a","0",",a","17.3",",,a,05,","17.3",",,,a"
"ASN00005018","1941-02","-21.85","115.6167","150.0","PEEDAMULLAH, AS","3",",a","3",",a","1",",a","32.5",",,a,27,","59.7",",,,a"
"ASN00005018","1941-03","-21.85","115.6167","150.0","PEEDAMULLAH, AS","3",",a","2",",a","0",",a","24.4",",,a,01,","31.5",",,,a"
"ASN00005018","1941-04","-21.85","115.6167","150.0","PEEDAMULLAH, AS","0",",a","0",",a","0",",a","0.0",",,a,30,+","0.0",",,,a"
"ASN00005018","1941-05","-21.85","115.6167","150.0","PEEDAMULLAH, AS","5",",a","3",",a","1",",a","29.7",",,a,29,","39.3",",,,a"
"ASN00005018","1941-06","-21.85","115.6167","150.0","PEEDAMULLAH, AS","0",",a","0",",a","0",",a","0.0",",,a,30,+","0.0",",,,a"
"ASN00005018","1941-07","-21.85","115.6167","150.0","PEEDAMULLAH, AS","4",",a","3",",a","0",",a","9.7",",,a,11,","22.6",",,,a"
"ASN00005018","1941-08","-21.85","115.6167","150.0","PEEDAMULLAH, AS","4",",a","3",",a","1",",a","51.6",",,a,27,","72.9",",,,a"
"ASN00005018","1941-09","-21.85","115.6167","150.0","PEEDAMULLAH, AS","0",",a","0",",a","0",",a","0.0",",,a,30,+","0.0",",,,a"
"ASN00005018","1941-10","-21.85","115.6167","150.0","PEEDAMULLAH, AS","0",",a","0",",a","0",",a","0.0",",,a,31,+","0.0",",,,a"
"ASN00005018","1941-11","-21.85","115.6167","150.0","PEEDAMULLAH, AS","2",",a","1",",a","0",",a","6.4",",,a,13,","7.9",",,,a"
"ASN00005018","1941-12","-21.85","115.6167","150.0","PEEDAMULLAH, AS","5",",a","5",",a","0",",a","10.2",",,a,04,","31.0",",,,a"
"ASN00005018","1942-01","-21.85","115.6167","150.0","PEEDAMULLAH, AS","5",",a","3",",a","2",",a","81.5",",,a,28,","120.1",",,,a"
"ASN00005018","1942-02","-21.85","115.6167","150.0","PEEDAMULLAH, AS","2",",a","2",",a","1",",a","31.2",",,a,17,","42.6",",,,a"
"ASN00005018","1942-03","-21.85","115.6167","150.0","PEEDAMULLAH, AS","4",",a","4",",a","0",",a","19.6",",,a,31,","49.6",",,,a"
"ASN00005018","1942-04","-21.85","115.6167","150.0","PEEDAMULLAH, AS","0",",a","0",",a","0",",a","0.0",",,a,30,+","0.0",",,,a"
"ASN00005018","1942-05","-21.85","115.6167","150.0","PEEDAMULLAH, AS","4",",a","4",",a","3",",a","80.8",",,a,17,","191.0",",,,a"
"ASN00005018","1942-06","-21.85","115.6167","150.0","PEEDAMULLAH, AS","5",",a","4",",a","1",",a","38.6",",,a,07,","69.4",",,,a"
"ASN00005018","1942-07","-21.85","115.6167","150.0","PEEDAMULLAH, AS","1",",a","0",",a","0",",a","1.0",",,a,23,","1.0",",,,a"
"ASN00005018","1942-08","-21.85","115.6167","150.0","PEEDAMULLAH, AS","0",",a","0",",a","0",",a","0.0",",,a,31,+","0.0",",,,a"
"ASN00005018","1942-09","-21.85","115.6167","150.0","PEEDAMULLAH, AS","0",",a","0",",a","0",",a","0.0",",,a,30,+","0.0",",,,a"
"ASN00005018","1942-10","-21.85","115.6167","150.0","PEEDAMULLAH, AS","0",",a","0",",a","0",",a","0.0",",,a,31,+","0.0",",,,a"
"ASN00005018","1942-11","-21.85","115.6167","150.0","PEEDAMULLAH, AS","2",",a","1",",a","0",",a","5.6",",,a,27,","6.4",",,,a"
"ASN00005018","1942-12","-21.85","115.6167","150.0","PEEDAMULLAH, AS","2",",a","1",",a","0",",a","2.8",",,a,16,","3.6",",,,a"
"ASN00005018","1943-01","-21.85","115.6167","150.0","PEEDAMULLAH, AS","2",",a","1",",a","0",",a","25.1",",,a,15,","25.9",",,,a"
"ASN00005018","1943-02","-21.85","115.6167","150.0","PEEDAMULLAH, AS","11",",a","10",",a","3",",a","41.9",",,a,25,","181.5",",,,a"
"ASN00005018","1943-03","-21.85","115.6167","150.0","PEEDAMULLAH, AS","8",",a","5",",a","0",",a","7.4",",,a,01,","28.0",",,,a"
"ASN00005018","1943-04","-21.85","115.6167","150.0","PEEDAMULLAH, AS","0",",a","0",",a","0",",a","0.0",",,a,30,+","0.0",",,,a"
"ASN00005018","1943-05","-21.85","115.6167","150.0","PEEDAMULLAH, AS","1",",a","0",",a","0",",a","2.0",",,a,26,","2.0",",,,a"
"ASN00005018","1943-06","-21.85","115.6167","150.0","PEEDAMULLAH, AS","2",",a","1",",a","0",",a","8.6",",,a,24,","9.4",",,,a"
"ASN00005018","1943-07","-21.85","115.6167","150.0","PEEDAMULLAH, AS","4",",a","3",",a","0",",a","4.3",",,a,30,","12.2",",,,a"
"ASN00005018","1943-08","-21.85","115.6167","150.0","PEEDAMULLAH, AS","0",",a","0",",a","0",",a","0.0",",,a,31,+","0.0",",,,a"
"ASN00005018","1943-09","-21.85","115.6167","150.0","PEEDAMULLAH, AS","0",",a","0",",a","0",",a","0.0",",,a,30,+","0.0",",,,a"
"ASN00005018","1943-10","-21.85","115.6167","150.0","PEEDAMULLAH, AS","0",",a","0",",a","0",",a","0.0",",,a,31,+","0.0",",,,a"
"ASN00005018","1943-11","-21.85","115.6167","150.0","PEEDAMULLAH, AS","2",",a","1",",a","1",",a","33.5",",,a,10,","34.5",",,,a"
"ASN00005018","1943-12","-21.85","115.6167","150.0","PEEDAMULLAH, AS","1",",a","1",",a","0",",a","10.7",",,a,16,","10.7",",,,a"
"ASN00005018","1944-02","-21.85","115.6167","150.0","PEEDAMULLAH, AS","0",",a","0",",a","0",",a","0.0",",,a,29,+","0.0",",,,a"
"ASN00005018","1944-03","-21.85","115.6167","150.0","PEEDAMULLAH, AS","0",",a","0",",a","0",",a","0.0",",,a,31,+","0.0",",,,a"
"ASN00005018","1944-05","-21.85","115.6167","150.0","PEEDAMULLAH, AS","0",",a","0",",a","0",",a","0.0",",,a,31,+","0.0",",,,a"
"ASN00005018","1944-06","-21.85","115.6167","150.0","PEEDAMULLAH, AS","0",",a","0",",a","0",",a","0.0",",,a,30,+","0.0",",,,a"
"ASN00005018","1944-07","-21.85","115.6167","150.0","PEEDAMULLAH, AS","0",",a","0",",a","0",",a","0.0",",,a,31,+","0.0",",,,a"
"ASN00005018","1944-08","-21.85","115.6167","150.0","PEEDAMULLAH, AS","0",",a","0",",a","0",",a","0.0",",,a,31,+","0.0",",,,a"
"ASN00005018","1944-09","-21.85","115.6167","150.0","PEEDAMULLAH, AS","0",",a","0",",a","0",",a","0.0",",,a,30,+","0.0",",,,a"
"ASN00005018","1944-11","-21.85","115.6167","150.0","PEEDAMULLAH, AS","0",",a","0",",a","0",",a","0.0",",,a,30,+","0.0",",,,a"
"ASN00005018","1944-12","-21.85","115.6167","150.0","PEEDAMULLAH, AS","0",",a","0",",a","0",",a","0.0",",,a,31,+","0.0",",,,a"
"ASN00005018","1945-04","-21.85","115.6167","150.0","PEEDAMULLAH, AS","0",",a","0",",a","0",",a","0.0",",,a,30,+","0.0",",,,a"
"ASN00005018","1945-05","-21.85","115.6167","150.0","PEEDAMULLAH, AS","0",",a","0",",a","0",",a","0.0",",,a,31,+","0.0",",,,a"
"ASN00005018","1945-09","-21.85","115.6167","150.0","PEEDAMULLAH, AS","0",",a","0",",a","0",",a","0.0",",,a,30,+","0.0",",,,a"
"ASN00005018","1945-10","-21.85","115.6167","150.0","PEEDAMULLAH, AS","0",",a","0",",a","0",",a","0.0",",,a,31,+","0.0",",,,a"
"ASN00005018","1945-11","-21.85","115.6167","150.0","PEEDAMULLAH, AS","0",",a","0",",a","0",",a","0.0",",,a,30,+","0.0",",,,a"
"ASN00005018","1946-05","-21.85","115.6167","150.0","PEEDAMULLAH, AS","0",",a","0",",a","0",",a","0.0",",,a,31,+","0.0",",,,a"
"ASN00005018","1946-08","-21.85","115.6167","150.0","PEEDAMULLAH, AS","0",",a","0",",a","0",",a","0.0",",,a,31,+","0.0",",,,a"
"ASN00005018","1946-09","-21.85","115.6167","150.0","PEEDAMULLAH, AS","0",",a","0",",a","0",",a","0.0",",,a,30,+","0.0",",,,a"
"ASN00005018","1946-10","-21.85","115.6167","150.0","PEEDAMULLAH, AS","0",",a","0",",a","0",",a","0.0",",,a,31,+","0.0",",,,a"
"ASN00005018","1946-11","-21.85","115.6167","150.0","PEEDAMULLAH, AS","0",",a","0",",a","0",",a","0.0",",,a,30,+","0.0",",,,a"
"ASN00005018","1946-12","-21.85","115.6167","150.0","PEEDAMULLAH, AS","0",",a","0",",a","0",",a","0.0",",,a,31,+","0.0",",,,a"
"ASN00005018","1947-04","-21.85","115.6167","150.0","PEEDAMULLAH, AS","0",",a","0",",a","0",",a","0.0",",,a,30,+","0.0",",,,a"
"ASN00005018","1947-09","-21.85","115.6167","150.0","PEEDAMULLAH, AS","0",",a","0",",a","0",",a","0.0",",,a,30,+","0.0",",,,a"
"ASN00005018","1947-10","-21.85","115.6167","150.0","PEEDAMULLAH, AS","0",",a","0",",a","0",",a","0.0",",,a,31,+","0.0",",,,a"
"ASN00005018","1947-11","-21.85","115.6167","150.0","PEEDAMULLAH, AS","0",",a","0",",a","0",",a","0.0",",,a,30,+","0.0",",,,a"
"ASN00005018","1947-12","-21.85","115.6167","150.0","PEEDAMULLAH, AS","0",",a","0",",a","0",",a","0.0",",,a,31,+","0.0",",,,a"
"ASN00005018","1948-08","-21.85","115.6167","150.0","PEEDAMULLAH, AS","0",",a","0",",a","0",",a","0.0",",,a,31,+","0.0",",,,a"
"ASN00005018","1948-09","-21.85","115.6167","150.0","PEEDAMULLAH, AS","0",",a","0",",a","0",",a","0.0",",,a,30,+","0.0",",,,a"
"ASN00005018","1948-10","-21.85","115.6167","150.0","PEEDAMULLAH, AS","0",",a","0",",a","0",",a","0.0",",,a,31,+","0.0",",,,a"
"ASN00005018","1948-11","-21.85","115.6167","150.0","PEEDAMULLAH, AS","0",",a","0",",a","0",",a","0.0",",,a,30,+","0.0",",,,a"
"ASN00005018","1949-01","-21.85","115.6167","150.0","PEEDAMULLAH, AS","0",",a","0",",a","0",",a","0.0",",,a,31,+","0.0",",,,a"
"ASN00005018","1949-03","-21.85","115.6167","150.0","PEEDAMULLAH, AS","0",",a","0",",a","0",",a","0.0",",,a,31,+","0.0",",,,a"
"ASN00005018","1949-07","-21.85","115.6167","150.0","PEEDAMULLAH, AS","0",",a","0",",a","0",",a","0.0",",,a,31,+","0.0",",,,a"
"ASN00005018","1949-08","-21.85","115.6167","150.0","PEEDAMULLAH, AS","0",",a","0",",a","0",",a","0.0",",,a,31,+","0.0",",,,a"
"ASN00005018","1949-09","-21.85","115.6167","150.0","PEEDAMULLAH, AS","0",",a","0",",a","0",",a","0.0",",,a,30,+","0.0",",,,a"
"ASN00005018","1949-10","-21.85","115.6167","150.0","PEEDAMULLAH, AS","0",",a","0",",a","0",",a","0.0",",,a,31,+","0.0",",,,a"
"ASN00005018","1950-01","-21.85","115.6167","150.0","PEEDAMULLAH, AS","2",",a","2",",a","0",",a","6.6",",,a,05,","9.1",",,,a"
"ASN00005018","1950-02","-21.85","115.6167","150.0","PEEDAMULLAH, AS","1",",a","1",",a","1",",a","32.5",",,a,25,","32.5",",,,a"
"ASN00005018","1950-03","-21.85","115.6167","150.0","PEEDAMULLAH, AS","0",",a","0",",a","0",",a","0.0",",,a,31,+","0.0",",,,a"
"ASN00005018","1950-04","-21.85","115.6167","150.0","PEEDAMULLAH, AS","0",",a","0",",a","0",",a","0.0",",,a,30,+","0.0",",,,a"
"ASN00005018","1950-05","-21.85","115.6167","150.0","PEEDAMULLAH, AS","7",",a","4",",a","1",",a","28.2",",,a,24,","49.0",",,,a"
"ASN00005018","1950-06","-21.85","115.6167","150.0","PEEDAMULLAH, AS","2",",a","1",",a","0",",a","19.8",",,a,22,","21.1",",,,a"
"ASN00005018","1950-08","-21.85","115.6167","150.0","PEEDAMULLAH, AS","0",",a","0",",a","0",",a","0.0",",,a,31,+","0.0",",,,a"
"ASN00005018","1950-09","-21.85","115.6167","150.0","PEEDAMULLAH, AS","0",",a","0",",a","0",",a","0.0",",,a,30,+","0.0",",,,a"
"ASN00005018","1950-10","-21.85","115.6167","150.0","PEEDAMULLAH, AS","1",",a","0",",a","0",",a","1.5",",,a,17,","1.5",",,,a"
"ASN00005018","1950-12","-21.85","115.6167","150.0","PEEDAMULLAH, AS","1",",a","1",",a","0",",a","2.8",",,a,18,","2.8",",,,a"
"ASN00005018","1951-01","-21.85","115.6167","150.0","PEEDAMULLAH, AS","1",",a","1",",a","0",",a","4.3",",,a,02,","4.3",",,,a"
"ASN00005018","1951-02","-21.85","115.6167","150.0","PEEDAMULLAH, AS","3",",a","3",",a","1",",a","46.7",",,a,12,","73.1",",,,a"
"ASN00005018","1951-03","-21.85","115.6167","150.0","PEEDAMULLAH, AS","5",",a","3",",a","0",",a","7.9",",,a,01,","20.1",",,,a"
"ASN00005018","1951-04","-21.85","115.6167","150.0","PEEDAMULLAH, AS","3",",a","2",",a","0",",a","13.2",",,a,16,","20.0",",,,a"
"ASN00005018","1951-05","-21.85","115.6167","150.0","PEEDAMULLAH, AS","0",",a","0",",a","0",",a","0.0",",,a,31,+","0.0",",,,a"
"ASN00005018","1951-06","-21.85","115.6167","150.0","PEEDAMULLAH, AS","5",",a","4",",a","3",",a","87.6",",,a,06,","211.3",",,,a"
"ASN00005018","1951-07","-21.85","115.6167","150.0","PEEDAMULLAH, AS","4",",a","3",",a","0",",a","11.9",",,a,29,","29.2",",,,a"
"ASN00005018","1951-08","-21.85","115.6167","150.0","PEEDAMULLAH, AS","0",",a","0",",a","0",",a","0.0",",,a,31,+","0.0",",,,a"
"ASN00005018","1951-09","-21.85","115.6167","150.0","PEEDAMULLAH, AS","0",",a","0",",a","0",",a","0.0",",,a,30,+","0.0",",,,a"
"ASN00005018","1951-10","-21.85","115.6167","150.0","PEEDAMULLAH, AS","0",",a","0",",a","0",",a","0.0",",,a,31,+","0.0",",,,a"
"ASN00005018","1951-11","-21.85","115.6167","150.0","PEEDAMULLAH, AS","0",",a","0",",a","0",",a","0.0",",,a,30,+","0.0",",,,a"
"ASN00005018","1951-12","-21.85","115.6167","150.0","PEEDAMULLAH, AS","1",",a","1",",a","0",",a","6.1",",,a,28,","6.1",",,,a"
"ASN00005018","1952-01","-21.85","115.6167","150.0","PEEDAMULLAH, AS","5",",a","3",",a","1",",a","90.7",",,a,22,","117.1",",,,a"
"ASN00005018","1952-02","-21.85","115.6167","150.0","PEEDAMULLAH, AS","3",",a","2",",a","1",",a","38.1",",,a,25,","61.2",",,,a"
"ASN00005018","1952-03","-21.85","115.6167","150.0","PEEDAMULLAH, AS","2",",a","1",",a","0",",a","13.7",",,a,15,","15.0",",,,a"
"ASN00005018","1952-04","-21.85","115.6167","150.0","PEEDAMULLAH, AS","0",",a","0",",a","0",",a","0.0",",,a,30,+","0.0",",,,a"
"ASN00005018","1952-05","-21.85","115.6167","150.0","PEEDAMULLAH, AS","5",",a","5",",a","1",",a","41.7",",,a,20,","78.3",",,,a"
"ASN00005018","1952-06","-21.85","115.6167","150.0","PEEDAMULLAH, AS","0",",a","0",",a","0",",a","0.0",",,a,30,+","0.0",",,,a"
"ASN00005018","1952-07","-21.85","115.6167","150.0","PEEDAMULLAH, AS","7",",a","5",",a","1",",a","44.7",",,a,11,","85.3",",,,a"
"ASN00005018","1952-08","-21.85","115.6167","150.0","PEEDAMULLAH, AS","0",",a","0",",a","0",",a","0.0",",,a,31,+","0.0",",,,a"
"ASN00005018","1952-09","-21.85","115.6167","150.0","PEEDAMULLAH, AS","0",",a","0",",a","0",",a","0.0",",,a,30,+","0.0",",,,a"
"ASN00005018","1952-10","-21.85","115.6167","150.0","PEEDAMULLAH, AS","1",",a","0",",a","0",",a","0.8",",,a,08,","0.8",",,,a"
"ASN00005018","1952-11","-21.85","115.6167","150.0","PEEDAMULLAH, AS","0",",a","0",",a","0",",a","0.0",",,a,30,+","0.0",",,,a"
"ASN00005018","1952-12","-21.85","115.6167","150.0","PEEDAMULLAH, AS","0",",a","0",",a","0",",a","0.0",",,a,31,+","0.0",",,,a"
"ASN00005018","1953-01","-21.85","115.6167","150.0","PEEDAMULLAH, AS","1",",a","1",",a","0",",a","4.6",",,a,22,","4.6",",,,a"
"ASN00005018","1953-02","-21.85","115.6167","150.0","PEEDAMULLAH, AS","0",",a","0",",a","0",",a","0.0",",,a,28,+","0.0",",,,a"
"ASN00005018","1953-08","-21.85","115.6167","150.0","PEEDAMULLAH, AS","0",",a","0",",a","0",",a","0.0",",,a,31,+","0.0",",,,a"
"ASN00005018","1953-09","-21.85","115.6167","150.0","PEEDAMULLAH, AS","0",",a","0",",a","0",",a","0.0",",,a,30,+","0.0",",,,a"
"ASN00005018","1953-10","-21.85","115.6167","150.0","PEEDAMULLAH, AS","0",",a","0",",a","0",",a","0.0",",,a,31,+","0.0",",,,a"
"ASN00005018","1953-11","-21.85","115.6167","150.0","PEEDAMULLAH, AS","0",",a","0",",a","0",",a","0.0",",,a,30,+","0.0",",,,a"
"ASN00005018","1954-08","-21.85","115.6167","150.0","PEEDAMULLAH, AS","0",",a","0",",a","0",",a","0.0",",,a,31,+","0.0",",,,a"
"ASN00005018","1954-09","-21.85","115.6167","150.0","PEEDAMULLAH, AS","0",",a","0",",a","0",",a","0.0",",,a,30,+","0.0",",,,a"
"ASN00005018","1954-10","-21.85","115.6167","150.0","PEEDAMULLAH, AS","0",",a","0",",a","0",",a","0.0",",,a,31,+","0.0",",,,a"
"ASN00005018","1954-11","-21.85","115.6167","150.0","PEEDAMULLAH, AS","0",",a","0",",a","0",",a","0.0",",,a,30,+","0.0",",,,a"
"ASN00005018","1955-04","-21.85","115.6167","150.0","PEEDAMULLAH, AS","0",",a","0",",a","0",",a","0.0",",,a,30,+","0.0",",,,a"
"ASN00005018","1955-09","-21.85","115.6167","150.0","PEEDAMULLAH, AS","0",",a","0",",a","0",",a","0.0",",,a,30,+","0.0",",,,a"
"ASN00005018","1955-10","-21.85","115.6167","150.0","PEEDAMULLAH, AS","0",",a","0",",a","0",",a","0.0",",,a,31,+","0.0",",,,a"
"ASN00005018","1955-11","-21.85","115.6167","150.0","PEEDAMULLAH, AS","0",",a","0",",a","0",",a","0.0",",,a,30,+","0.0",",,,a"
"ASN00005018","1955-12","-21.85","115.6167","150.0","PEEDAMULLAH, AS","0",",a","0",",a","0",",a","0.0",",,a,31,+","0.0",",,,a"
"ASN00005018","1956-01","-21.85","115.6167","150.0","PEEDAMULLAH, AS","0",",a","0",",a","0",",a","0.0",",,a,31,+","0.0",",,,a"
"ASN00005018","1956-08","-21.85","115.6167","150.0","PEEDAMULLAH, AS","0",",a","0",",a","0",",a","0.0",",,a,31,+","0.0",",,,a"
"ASN00005018","1956-09","-21.85","115.6167","150.0","PEEDAMULLAH, AS","0",",a","0",",a","0",",a","0.0",",,a,30,+","0.0",",,,a"
"ASN00005018","1956-10","-21.85","115.6167","150.0","PEEDAMULLAH, AS","0",",a","0",",a","0",",a","0.0",",,a,31,+","0.0",",,,a"
"ASN00005018","1956-11","-21.85","115.6167","150.0","PEEDAMULLAH, AS","0",",a","0",",a","0",",a","0.0",",,a,30,+","0.0",",,,a"
"ASN00005018","1956-12","-21.85","115.6167","150.0","PEEDAMULLAH, AS","0",",a","0",",a","0",",a","0.0",",,a,31,+","0.0",",,,a"
"ASN00005018","1957-04","-21.85","115.6167","150.0","PEEDAMULLAH, AS","0",",a","0",",a","0",",a","0.0",",,a,30,+","0.0",",,,a"
"ASN00005018","1957-07","-21.85","115.6167","150.0","PEEDAMULLAH, AS","0",",a","0",",a","0",",a","0.0",",,a,31,+","0.0",",,,a"
"ASN00005018","1957-08","-21.85","115.6167","150.0","PEEDAMULLAH, AS","0",",a","0",",a","0",",a","0.0",",,a,31,+","0.0",",,,a"
"ASN00005018","1957-09","-21.85","115.6167","150.0","PEEDAMULLAH, AS","0",",a","0",",a","0",",a","0.0",",,a,30,+","0.0",",,,a"
"ASN00005018","1957-11","-21.85","115.6167","150.0","PEEDAMULLAH, AS","0",",a","0",",a","0",",a","0.0",",,a,30,+","0.0",",,,a"
"ASN00005018","1958-04","-21.85","115.6167","150.0","PEEDAMULLAH, AS","0",",a","0",",a","0",",a","0.0",",,a,30,+","0.0",",,,a"
"ASN00005018","1958-05","-21.85","115.6167","150.0","PEEDAMULLAH, AS","0",",a","0",",a","0",",a","0.0",",,a,31,+","0.0",",,,a"
"ASN00005018","1958-08","-21.85","115.6167","150.0","PEEDAMULLAH, AS","0",",a","0",",a","0",",a","0.0",",,a,31,+","0.0",",,,a"
"ASN00005018","1958-09","-21.85","115.6167","150.0","PEEDAMULLAH, AS","0",",a","0",",a","0",",a","0.0",",,a,30,+","0.0",",,,a"
"ASN00005018","1958-10","-21.85","115.6167","150.0","PEEDAMULLAH, AS","0",",a","0",",a","0",",a","0.0",",,a,31,+","0.0",",,,a"
"ASN00005018","1958-11","-21.85","115.6167","150.0","PEEDAMULLAH, AS","0",",a","0",",a","0",",a","0.0",",,a,30,+","0.0",",,,a"
"ASN00005018","1958-12","-21.85","115.6167","150.0","PEEDAMULLAH, AS","0",",a","0",",a","0",",a","0.0",",,a,31,+","0.0",",,,a"
"ASN00005018","1959-01","-21.85","115.6167","150.0","PEEDAMULLAH, AS","3",",a","3",",a","0",",a","15.7",",,a,10,","33.7",",,,a"
"ASN00005018","1959-02","-21.85","115.6167","150.0","PEEDAMULLAH, AS","0",",a","0",",a","0",",a","0.0",",,a,28,+","0.0",",,,a"
"ASN00005018","1959-03","-21.85","115.6167","150.0","PEEDAMULLAH, AS","0",",a","0",",a","0",",a","0.0",",,a,31,+","0.0",",,,a"
"ASN00005018","1959-04","-21.85","115.6167","150.0","PEEDAMULLAH, AS","2",",a","2",",a","0",",a","15.2",",,a,11,","20.8",",,,a"
"ASN00005018","1959-05","-21.85","115.6167","150.0","PEEDAMULLAH, AS","1",",a","1",",a","0",",a","15.5",",,a,30,","15.5",",,,a"
"ASN00005018","1959-06","-21.85","115.6167","150.0","PEEDAMULLAH, AS","2",",a","1",",a","0",",a","11.2",",,a,01,","12.5",",,,a"
"ASN00005018","1959-07","-21.85","115.6167","150.0","PEEDAMULLAH, AS","2",",a","2",",a","1",",a","38.9",",,a,26,","55.9",",,,a"
"ASN00005018","1959-08","-21.85","115.6167","150.0","PEEDAMULLAH, AS","0",",a","0",",a","0",",a","0.0",",,a,31,+","0.0",",,,a"
"ASN00005018","1959-09","-21.85","115.6167","150.0","PEEDAMULLAH, AS","0",",a","0",",a","0",",a","0.0",",,a,30,+","0.0",",,,a"
"ASN00005018","1959-10","-21.85","115.6167","150.0","PEEDAMULLAH, AS","0",",a","0",",a","0",",a","0.0",",,a,31,+","0.0",",,,a"
"ASN00005018","1959-11","-21.85","115.6167","150.0","PEEDAMULLAH, AS","0",",a","0",",a","0",",a","0.0",",,a,30,+","0.0",",,,a"
"ASN00005018","1959-12","-21.85","115.6167","150.0","PEEDAMULLAH, AS","0",",a","0",",a","0",",a","0.0",",,a,31,+","0.0",",,,a"
"ASN00005018","1960-01","-21.85","115.6167","150.0","PEEDAMULLAH, AS","2",",a","2",",a","0",",a","15.2",",,a,31,","23.8",",,,a"
"ASN00005018","1960-02","-21.85","115.6167","150.0","PEEDAMULLAH, AS","5",",a","3",",a","0",",a","10.9",",,a,11,","27.3",",,,a"
"ASN00005018","1960-03","-21.85","115.6167","150.0","PEEDAMULLAH, AS","3",",a","3",",a","1",",a","58.7",",,a,27,","74.2",",,,a"
"ASN00005018","1960-04","-21.85","115.6167","150.0","PEEDAMULLAH, AS","0",",a","0",",a","0",",a","0.0",",,a,30,+","0.0",",,,a"
"ASN00005018","1960-05","-21.85","115.6167","150.0","PEEDAMULLAH, AS","0",",a","0",",a","0",",a","0.0",",,a,31,+","0.0",",,,a"
"ASN00005018","1960-06","-21.85","115.6167","150.0","PEEDAMULLAH, AS","1",",a","1",",a","0",",a","19.1",",,a,14,","19.1",",,,a"
"ASN00005018","1960-07","-21.85","115.6167","150.0","PEEDAMULLAH, AS","1",",a","1",",a","0",",a","20.3",",,a,25,","20.3",",,,a"
"ASN00005018","1960-08","-21.85","115.6167","150.0","PEEDAMULLAH, AS","0",",a","0",",a","0",",a","0.0",",,a,31,+","0.0",",,,a"
"ASN00005018","1960-09","-21.85","115.6167","150.0","PEEDAMULLAH, AS","0",",a","0",",a","0",",a","0.0",",,a,30,+","0.0",",,,a"
"ASN00005018","1960-10","-21.85","115.6167","150.0","PEEDAMULLAH, AS","0",",a","0",",a","0",",a","0.0",",,a,31,+","0.0",",,,a"
"ASN00005018","1960-11","-21.85","115.6167","150.0","PEEDAMULLAH, AS","0",",a","0",",a","0",",a","0.0",",,a,30,+","0.0",",,,a"
"ASN00005018","1960-12","-21.85","115.6167","150.0","PEEDAMULLAH, AS","0",",a","0",",a","0",",a","0.0",",,a,31,+","0.0",",,,a"
"ASN00005018","1961-01","-21.85","115.6167","150.0","PEEDAMULLAH, AS","4",",a","4",",a","2",",a","175.0",",,a,24,","243.1",",,,a"
"ASN00005018","1961-02","-21.85","115.6167","150.0","PEEDAMULLAH, AS","7",",a","7",",a","1",",a","106.7",",,a,11,","158.6",",,,a"
"ASN00005018","1961-03","-21.85","115.6167","150.0","PEEDAMULLAH, AS","1",",a","1",",a","1",",a","119.4",",,a,02,","119.4",",,,a"
"ASN00005018","1961-04","-21.85","115.6167","150.0","PEEDAMULLAH, AS","1",",a","1",",a","0",",a","17.8",",,a,11,","17.8",",,,a"
"ASN00005018","1961-05","-21.85","115.6167","150.0","PEEDAMULLAH, AS","2",",a","2",",a","2",",a","32.5",",,a,18,","59.9",",,,a"
"ASN00005018","1961-06","-21.85","115.6167","150.0","PEEDAMULLAH, AS","1",",a","1",",a","0",",a","12.7",",,a,04,","12.7",",,,a"
"ASN00005018","1961-08","-21.85","115.6167","150.0","PEEDAMULLAH, AS","0",",a","0",",a","0",",a","0.0",",,a,31,+","0.0",",,,a"
"ASN00005018","1961-09","-21.85","115.6167","150.0","PEEDAMULLAH, AS","0",",a","0",",a","0",",a","0.0",",,a,30,+","0.0",",,,a"
"ASN00005018","1961-10","-21.85","115.6167","150.0","PEEDAMULLAH, AS","0",",a","0",",a","0",",a","0.0",",,a,31,+","0.0",",,,a"
"ASN00005018","1961-11","-21.85","115.6167","150.0","PEEDAMULLAH, AS","0",",a","0",",a","0",",a","0.0",",,a,30,+","0.0",",,,a"
"ASN00005018","1961-12","-21.85","115.6167","150.0","PEEDAMULLAH, AS","0",",a","0",",a","0",",a","0.0",",,a,31,+","0.0",",,,a"
"ASN00005018","1962-02","-21.85","115.6167","150.0","PEEDAMULLAH, AS","0",",a","0",",a","0",",a","0.0",",,a,28,+","0.0",",,,a"
"ASN00005018","1962-03","-21.85","115.6167","150.0","PEEDAMULLAH, AS","0",",a","0",",a","0",",a","0.0",",,a,31,+","0.0",",,,a"
"ASN00005018","1962-04","-21.85","115.6167","150.0","PEEDAMULLAH, AS","0",",a","0",",a","0",",a","0.0",",,a,30,+","0.0",",,,a"
"ASN00005018","1962-07","-21.85","115.6167","150.0","PEEDAMULLAH, AS","0",",a","0",",a","0",",a","0.0",",,a,31,+","0.0",",,,a"
"ASN00005018","1962-08","-21.85","115.6167","150.0","PEEDAMULLAH, AS","0",",a","0",",a","0",",a","0.0",",,a,31,+","0.0",",,,a"
"ASN00005018","1962-09","-21.85","115.6167","150.0","PEEDAMULLAH, AS","0",",a","0",",a","0",",a","0.0",",,a,30,+","0.0",",,,a"
"ASN00005018","1962-10","-21.85","115.6167","150.0","PEEDAMULLAH, AS","0",",a","0",",a","0",",a","0.0",",,a,31,+","0.0",",,,a"
"ASN00005018","1962-11","-21.85","115.6167","150.0","PEEDAMULLAH, AS","0",",a","0",",a","0",",a","0.0",",,a,30,+","0.0",",,,a"
"ASN00005018","1962-12","-21.85","115.6167","150.0","PEEDAMULLAH, AS","0",",a","0",",a","0",",a","0.0",",,a,31,+","0.0",",,,a"
"ASN00005018","1963-01","-21.85","115.6167","150.0","PEEDAMULLAH, AS","17",",a","14",",a","2",",a","39.4",",,a,08,","178.2",",,,a"
"ASN00005018","1963-02","-21.85","115.6167","150.0","PEEDAMULLAH, AS","13",",a","12",",a","3",",a","272.3",",,a,08,","427.6",",,,a"
"ASN00005018","1963-03","-21.85","115.6167","150.0","PEEDAMULLAH, AS","1",",a","1",",a","1",",a","36.1",",,a,16,","36.1",",,,a"
"ASN00005018","1963-04","-21.85","115.6167","150.0","PEEDAMULLAH, AS","1",",a","1",",a","0",",a","5.1",",,a,17,","5.1",",,,a"
"ASN00005018","1965-01","-21.85","115.6167","150.0","PEEDAMULLAH, AS","2",",a","1",",a","0",",a","3.8",",,a,18,","5.6",",,,a"
"ASN00005018","1965-02","-21.85","115.6167","150.0","PEEDAMULLAH, AS","2",",a","1",",a","0",",a","2.5",",,a,22,","4.8",",,,a"
"ASN00005018","1965-03","-21.85","115.6167","150.0","PEEDAMULLAH, AS","7","1,a","7","1,a","3","1,a","165.1","1,,a,23,","308.9","1,,,a"
"ASN00005018","1965-04","-21.85","115.6167","150.0","PEEDAMULLAH, AS","1",",a","1",",a","0",",a","5.6",",,a,08,","5.6",",,,a"
"ASN00005018","1965-05","-21.85","115.6167","150.0","PEEDAMULLAH, AS","1",",a","1",",a","0",",a","12.7",",,a,04,","12.7",",,,a"
"ASN00005018","1965-06","-21.85","115.6167","150.0","PEEDAMULLAH, AS","6",",a","6",",a","1",",a","69.9",",,a,27,","107.0",",,,a"
"ASN00005018","1965-07","-21.85","115.6167","150.0","PEEDAMULLAH, AS","0",",a","0",",a","0",",a","0.0",",,a,31,+","0.0",",,,a"
"ASN00005018","1965-08","-21.85","115.6167","150.0","PEEDAMULLAH, AS","4",",a","4",",a","1",",a","61.0",",,a,09,","78.8",",,,a"
"ASN00005018","1965-09","-21.85","115.6167","150.0","PEEDAMULLAH, AS","0",",a","0",",a","0",",a","0.0",",,a,30,+","0.0",",,,a"
"ASN00005018","1965-10","-21.85","115.6167","150.0","PEEDAMULLAH, AS","0",",a","0",",a","0",",a","0.0",",,a,31,+","0.0",",,,a"
"ASN00005018","1965-11","-21.85","115.6167","150.0","PEEDAMULLAH, AS","0",",a","0",",a","0",",a","0.0",",,a,30,+","0.0",",,,a"
"ASN00005018","1965-12","-21.85","115.6167","150.0","PEEDAMULLAH, AS","0",",a","0",",a","0",",a","0.0",",,a,31,+","0.0",",,,a"
"ASN00005018","1967-01","-21.85","115.6167","150.0","PEEDAMULLAH, AS","8",",a","8",",a","2",",a","33.0",",,a,25,","142.9",",,,a"
"ASN00005018","1967-02","-21.85","115.6167","150.0","PEEDAMULLAH, AS","5",",a","5",",a","0",",a","17.8",",,a,08,","62.6",",,,a"
"ASN00005018","1967-03","-21.85","115.6167","150.0","PEEDAMULLAH, AS","2",",a","2",",a","0",",a","5.6",",,a,02,","9.4",",,,a"
"ASN00005018","1967-04","-21.85","115.6167","150.0","PEEDAMULLAH, AS","0",",a","0",",a","0",",a","0.0",",,a,30,+","0.0",",,,a"
"ASN00005018","1967-05","-21.85","115.6167","150.0","PEEDAMULLAH, AS","5",",a","4",",a","1",",a","27.9",",,a,20,","46.7",",,,a"
"ASN00005018","1967-06","-21.85","115.6167","150.0","PEEDAMULLAH, AS","1",",a","1",",a","0",",a","4.3",",,a,27,","4.3",",,,a"
"ASN00005018","1967-07","-21.85","115.6167","150.0","PEEDAMULLAH, AS","0",",a","0",",a","0",",a","0.0",",,a,31,+","0.0",",,,a"
"ASN00005018","1967-08","-21.85","115.6167","150.0","PEEDAMULLAH, AS","1",",a","1",",a","0",",a","13.7",",,a,08,","13.7",",,,a"
"ASN00005018","1967-09","-21.85","115.6167","150.0","PEEDAMULLAH, AS","0",",a","0",",a","0",",a","0.0",",,a,30,+","0.0",",,,a"
"ASN00005018","1967-10","-21.85","115.6167","150.0","PEEDAMULLAH, AS","0",",a","0",",a","0",",a","0.0",",,a,31,+","0.0",",,,a"
"ASN00005018","1967-11","-21.85","115.6167","150.0","PEEDAMULLAH, AS","0",",a","0",",a","0",",a","0.0",",,a,30,+","0.0",",,,a"
"ASN00005018","1967-12","-21.85","115.6167","150.0","PEEDAMULLAH, AS","0",",a","0",",a","0",",a","0.0",",,a,31,+","0.0",",,,a"
"ASN00005018","1968-01","-21.85","115.6167","150.0","PEEDAMULLAH, AS","3",",a","2",",a","0",",a","18.0",",,a,25,","35.8",",,,a"
"ASN00005018","1968-02","-21.85","115.6167","150.0","PEEDAMULLAH, AS","5",",a","5",",a","1",",a","59.7",",,a,01,","104.7",",,,a"
"ASN00005018","1968-03","-21.85","115.6167","150.0","PEEDAMULLAH, AS","6",",a","6",",a","0",",a","20.8",",,a,07,","52.2",",,,a"
"ASN00005018","1968-04","-21.85","115.6167","150.0","PEEDAMULLAH, AS","1",",a","1",",a","0",",a","6.6",",,a,23,","6.6",",,,a"
"ASN00005018","1968-05","-21.85","115.6167","150.0","PEEDAMULLAH, AS","2",",a","2",",a","0",",a","14.5",",,a,07,","23.4",",,,a"
"ASN00005018","1968-06","-21.85","115.6167","150.0","PEEDAMULLAH, AS","8",",a","8",",a","3",",a","55.9",",,a,17,","139.7",",,,a"
"ASN00005018","1968-07","-21.85","115.6167","150.0","PEEDAMULLAH, AS","2",",a","1",",a","0",",a","5.1",",,a,08,","6.9",",,,a"
"ASN00005018","1968-08","-21.85","115.6167","150.0","PEEDAMULLAH, AS","1",",a","1",",a","0",",a","14.0",",,a,23,","14.0",",,,a"
"ASN00005018","1968-09","-21.85","115.6167","150.0","PEEDAMULLAH, AS","2",",a","1",",a","0",",a","3.3",",,a,10,","4.6",",,,a"
"ASN00005018","1968-10","-21.85","115.6167","150.0","PEEDAMULLAH, AS","0",",a","0",",a","0",",a","0.0",",,a,31,+","0.0",",,,a"
"ASN00005018","1968-11","-21.85","115.6167","150.0","PEEDAMULLAH, AS","0",",a","0",",a","0",",a","0.0",",,a,30,+","0.0",",,,a"
"ASN00005018","1968-12","-21.85","115.6167","150.0","PEEDAMULLAH, AS","0",",a","0",",a","0",",a","0.0",",,a,31,+","0.0",",,,a"
"ASN00005018","1969-01","-21.85","115.6167","150.0","PEEDAMULLAH, AS","1",",a","1",",a","0",",a","10.7",",,a,24,","10.7",",,,a"
"ASN00005018","1970-01","-21.85","115.6167","150.0","PEEDAMULLAH, AS","0",",a","0",",a","0",",a","0.0",",,a,31,+","0.0",",,,a"
"ASN00005018","1970-02","-21.85","115.6167","150.0","PEEDAMULLAH, AS","7",",a","5",",a","1",",a","63.8",",,a,01,","108.7",",,,a"
"ASN00005018","1970-03","-21.85","115.6167","150.0","PEEDAMULLAH, AS","1",",a","1",",a","0",",a","4.6",",,a,20,","4.6",",,,a"
"ASN00005018","1970-04","-21.85","115.6167","150.0","PEEDAMULLAH, AS","2",",a","2",",a","2",",a","45.7",",,a,28,","73.6",",,,a"
"ASN00005018","1970-05","-21.85","115.6167","150.0","PEEDAMULLAH, AS","8","1,a","6","1,a","2","1,a","82.6","1,,a,01,","180.9","1,,,a"
"ASN00005018","1970-06","-21.85","115.6167","150.0","PEEDAMULLAH, AS","1",",a","1",",a","0",",a","5.6",",,a,23,","5.6",",,,a"
"ASN00005018","1970-07","-21.85","115.6167","150.0","PEEDAMULLAH, AS","0",",a","0",",a","0",",a","0.0",",,a,31,+","0.0",",,,a"
"ASN00005018","1970-08","-21.85","115.6167","150.0","PEEDAMULLAH, AS","0",",a","0",",a","0",",a","0.0",",,a,31,+","0.0",",,,a"
"ASN00005018","1970-09","-21.85","115.6167","150.0","PEEDAMULLAH, AS","2",",a","2",",a","0",",a","15.7",",,a,10,","22.8",",,,a"
"ASN00005018","1970-10","-21.85","115.6167","150.0","PEEDAMULLAH, AS","0",",a","0",",a","0",",a","0.0",",,a,31,+","0.0",",,,a"
"ASN00005018","1970-11","-21.85","115.6167","150.0","PEEDAMULLAH, AS","0",",a","0",",a","0",",a","0.0",",,a,30,+","0.0",",,,a"
"ASN00005018","1970-12","-21.85","115.6167","150.0","PEEDAMULLAH, AS","0",",a","0",",a","0",",a","0.0",",,a,31,+","0.0",",,,a"
"ASN00005018","1971-01","-21.85","115.6167","150.0","PEEDAMULLAH, AS","2","3,a","2","3,a","1","3,a","36.8","3,,a,30,","258.3",",a,,a"
"ASN00005018","1971-02","-21.85","115.6167","150.0","PEEDAMULLAH, AS","5",",a","5",",a","1",",a","72.6",",,a,02,","104.1",",,,a"
"ASN00005018","1971-03","-21.85","115.6167","150.0","PEEDAMULLAH, AS","6",",a","5",",a","2",",a","34.8",",,a,27,","81.5",",,,a"
"ASN00005018","1971-04","-21.85","115.6167","150.0","PEEDAMULLAH, AS","3",",a","1",",a","0",",a","12.7",",,a,01,","15.3",",,,a"
"ASN00005018","1971-05","-21.85","115.6167","150.0","PEEDAMULLAH, AS","0",",a","0",",a","0",",a","0.0",",,a,31,+","0.0",",,,a"
"ASN00005018","1971-06","-21.85","115.6167","150.0","PEEDAMULLAH, AS","3",",a","3",",a","2",",a","35.6",",,a,02,","83.3",",,,a"
"ASN00005018","1971-07","-21.85","115.6167","150.0","PEEDAMULLAH, AS","1",",a","1",",a","0",",a","21.8",",,a,31,","21.8",",,,a"
"ASN00005018","1971-08","-21.85","115.6167","150.0","PEEDAMULLAH, AS","0",",a","0",",a","0",",a","0.0",",,a,31,+","0.0",",,,a"
"ASN00005018","1971-09","-21.85","115.6167","150.0","PEEDAMULLAH, AS","0",",a","0",",a","0",",a","0.0",",,a,30,+","0.0",",,,a"
"ASN00005018","1971-10","-21.85","115.6167","150.0","PEEDAMULLAH, AS","0",",a","0",",a","0",",a","0.0",",,a,31,+","0.0",",,,a"
"ASN00005018","1972-01","-21.85","115.6167","150.0","PEEDAMULLAH, AS","5",",a","4",",a","0",",a","13.2",",,a,22,","42.0",",,,a"
"ASN00005018","1972-02","-21.85","115.6167","150.0","PEEDAMULLAH, AS","2",",a","2",",a","0",",a","4.3",",,a,17,","8.1",",,,a"
"ASN00005018","1972-03","-21.85","115.6167","150.0","PEEDAMULLAH, AS","4",",a","3",",a","0",",a","20.1",",,a,06,","39.0",",,,a"
"ASN00005018","1972-04","-21.85","115.6167","150.0","PEEDAMULLAH, AS","0",",a","0",",a","0",",a","0.0",",,a,30,+","0.0",",,,a"
"ASN00005018","1972-05","-21.85","115.6167","150.0","PEEDAMULLAH, AS","1",",a","1",",a","0",",a","15.0",",,a,30,","15.0",",,,a"
"ASN00005018","1972-06","-21.85","115.6167","150.0","PEEDAMULLAH, AS","4",",a","4",",a","0",",a","17.0",",,a,21,","35.8",",,,a"
"ASN00005018","1972-07","-21.85","115.6167","150.0","PEEDAMULLAH, AS","5",",a","5",",a","2",",a","44.7",",,a,26,","112.8",",,,a"
"ASN00005018","1972-08","-21.85","115.6167","150.0","PEEDAMULLAH, AS","1",",a","1",",a","0",",a","2.5",",,a,13,","2.5",",,,a"
"ASN00005018","1972-09","-21.85","115.6167","150.0","PEEDAMULLAH, AS","0",",a","0",",a","0",",a","0.0",",,a,30,+","0.0",",,,a"
"ASN00005018","1972-10","-21.85","115.6167","150.0","PEEDAMULLAH, AS","0",",a","0",",a","0",",a","0.0",",,a,31,+","0.0",",,,a"
"ASN00005018","1972-11","-21.85","115.6167","150.0","PEEDAMULLAH, AS","0",",a","0",",a","0",",a","0.0",",,a,30,+","0.0",",,,a"
"ASN00005018","1972-12","-21.85","115.6167","150.0","PEEDAMULLAH, AS","0",",a","0",",a","0",",a","0.0",",,a,31,+","0.0",",,,a"
"ASN00005018","1973-01","-21.85","115.6167","150.0","PEEDAMULLAH, AS","5",",a","4",",a","2",",a","35.6",",,a,12,","89.0",",,,a"
"ASN00005018","1973-02","-21.85","115.6167","150.0","PEEDAMULLAH, AS","1",",a","1",",a","0",",a","22.9",",,a,07,","22.9",",,,a"
"ASN00005018","1973-03","-21.85","115.6167","150.0","PEEDAMULLAH, AS","3",",a","2",",a","2",",a","134.6",",,a,18,","178.8",",,,a"
"ASN00005018","1973-04","-21.85","115.6167","150.0","PEEDAMULLAH, AS","1",",a","1",",a","0",",a","3.8",",,a,01,","3.8",",,,a"
"ASN00005018","1973-05","-21.85","115.6167","150.0","PEEDAMULLAH, AS","7",",a","4",",a","2",",a","40.6",",,a,22,","81.2",",,,a"
"ASN00005018","1973-06","-21.85","115.6167","150.0","PEEDAMULLAH, AS","5",",a","4",",a","1",",a","82.6",",,a,05,","121.0",",,,a"
"ASN00005018","1973-07","-21.85","115.6167","150.0","PEEDAMULLAH, AS","3",",a","3",",a","0",",a","13.5",",,a,18,","27.4",",,,a"
"ASN00005018","1973-08","-21.85","115.6167","150.0","PEEDAMULLAH, AS","3",",a","3",",a","0",",a","15.2",",,a,05,","24.1",",,,a"
"ASN00005018","1973-09","-21.85","115.6167","150.0","PEEDAMULLAH, AS","0",",a","0",",a","0",",a","0.0",",,a,30,+","0.0",",,,a"
"ASN00005018","1973-10","-21.85","115.6167","150.0","PEEDAMULLAH, AS","0",",a","0",",a","0",",a","0.0",",,a,31,+","0.0",",,,a"
"ASN00005018","1973-11","-21.85","115.6167","150.0","PEEDAMULLAH, AS","0",",a","0",",a","0",",a","0.0",",,a,30,+","0.0",",,,a"
"ASN00005018","1973-12","-21.85","115.6167","150.0","PEEDAMULLAH, AS","5",",a","5",",a","0",",a","16.0",",,a,28,","41.2",",,,a"
