"STATION","DATE","LATITUDE","LONGITUDE","ELEVATION","NAME","DP01","DP01_ATTRIBUTES","DP10","DP10_ATTRIBUTES","DP1X","DP1X_ATTRIBUTES","EMXP","EMXP_ATTRIBUTES","PRCP","PRCP_ATTRIBUTES"
"ASN00041165","1913-08","-28.295","152.42","990.0","BONNIE BRAE, AS","0",",a","0",",a","0",",a","0.0",",,a,31,+","0.0",",,,a"
"ASN00041165","1915-10","-28.295","152.42","990.0","BONNIE BRAE, AS","0",",a","0",",a","0",",a","0.0",",,a,31,+","0.0",",,,a"
"ASN00041165","1918-01","-28.295","152.42","990.0","BONNIE BRAE, AS","3",",a","3",",a","3",",a","54.6",",,a,12,","139.2",",,,a"
"ASN00041165","1918-02","-28.295","152.42","990.0","BONNIE BRAE, AS","1",",a","1",",a","0",",a","17.8",",,a,27,","17.8",",,,a"
"ASN00041165","1918-03","-28.295","152.42","990.0","BONNIE BRAE, AS","11",",a","10",",a","0",",a","11.4",",,a,09,","56.3",",,,a"
"ASN00041165","1918-04","-28.295","152.42","990.0","BONNIE BRAE, AS","5",",a","5",",a","1",",a","63.2",",,a,07,","103.8",",,,a"
"ASN00041165","1918-05","-28.295","152.42","990.0","BONNIE BRAE, AS","5",",a","5",",a","0",",a","19.3",",,a,09,","41.9",",,,a"
"ASN00041165","1918-06","-28.295","152.42","990.0","BONNIE BRAE, AS","1",",a","1",",a","0",",a","6.4",",,a,28,","6.4",",,,a"
"ASN00041165","1918-07","-28.295","152.42","990.0","BONNIE BRAE, AS","3",",a","2",",a","0",",a","6.6",",,a,23,","12.5",",,,a"
"ASN00041165","1918-08","-28.295","152.42","990.0","BONNIE BRAE, AS","6",",a","6",",a","1",",a","31.8",",,a,06,","65.8",",,,a"
"ASN00041165","1918-09","-28.295","152.42","990.0","BONNIE BRAE, AS","3",",a","3",",a","0",",a","7.6",",,a,30,","18.5",",,,a"
"ASN00041165","1918-10","-28.295","152.42","990.0","BONNIE BRAE, AS","6",",a","5",",a","0",",a","12.7",",,a,30,","39.1",",,,a"
"ASN00041165","1918-11","-28.295","152.42","990.0","BONNIE BRAE, AS","5",",a","5",",a","0",",a","12.7",",,a,30,","28.9",",,,a"
"ASN00041165","1918-12","-28.295","152.42","990.0","BONNIE BRAE, AS","5",",a","4",",a","1",",a","42.2",",,a,06,","71.4",",,,a"
"ASN00041165","1919-01","-28.295","152.42","990.0","BONNIE BRAE, AS","2",",a","2",",a","0",",a","17.8",",,a,14,","27.5",",,,a"
"ASN00041165","1919-02","-28.295","152.42","990.0","BONNIE BRAE, AS","3",",a","3",",a","0",",a","24.1",",,a,28,","35.0",",,,a"
"ASN00041165","1919-03","-28.295","152.42","990.0","BONNIE BRAE, AS","8",",a","8",",a","4",",a","76.2",",,a,03,","215.1",",,,a"
"ASN00041165","1919-04","-28.295","152.42","990.0","BONNIE BRAE, AS","7",",a","7",",a","1",",a","25.4",",,a,10,","67.1",",,,a"
"ASN00041165","1919-05","-28.295","152.42","990.0","BONNIE BRAE, AS","8",",a","7",",a","1",",a","48.8",",,a,30,","106.7",",,,a"
"ASN00041165","1919-07","-28.295","152.42","990.0","BONNIE BRAE, AS","2",",a","2",",a","1",",a","32.3",",,a,26,","36.4",",,,a"
"ASN00041165","1919-08","-28.295","152.42","990.0","BONNIE BRAE, AS","1",",a","1",",a","0",",a","12.4",",,a,26,","12.4",",,,a"
"ASN00041165","1919-09","-28.295","152.42","990.0","BONNIE BRAE, AS","1",",a","1",",a","0",",a","6.4",",,a,03,","6.4",",,,a"
"ASN00041165","1919-10","-28.295","152.42","990.0","BONNIE BRAE, AS","4",",a","3",",a","0",",a","19.1",",,a,22,","28.4",",,,a"
"ASN00041165","1919-11","-28.295","152.42","990.0","BONNIE BRAE, AS","1",",a","1",",a","0",",a","17.5",",,a,30,","17.5",",,,a"
"ASN00041165","1919-12","-28.295","152.42","990.0","BONNIE BRAE, AS","6",",a","4",",a","2",",a","34.0",",,a,03,","84.0",",,,a"
"ASN00041165","1920-01","-28.295","152.42","990.0","BONNIE BRAE, AS","7",",a","6",",a","2",",a","48.0",",,a,09,","150.2",",,,a"
"ASN00041165","1920-02","-28.295","152.42","990.0","BONNIE BRAE, AS","3",",a","3",",a","1",",a","28.4",",,a,12,","54.1",",,,a"
"ASN00041165","1920-03","-28.295","152.42","990.0","BONNIE BRAE, AS","3",",a","3",",a","1",",a","34.8",",,a,03,","61.7",",,,a"
"ASN00041165","1920-04","-28.295","152.42","990.0","BONNIE BRAE, AS","2",",a","2",",a","0",",a","17.8",",,a,16,","28.2",",,,a"
"ASN00041165","1920-05","-28.295","152.42","990.0","BONNIE BRAE, AS","4",",a","4",",a","2",",a","38.1",",,a,09,","88.1",",,,a"
"ASN00041165","1920-06","-28.295","152.42","990.0","BONNIE BRAE, AS","4",",a","4",",a","1",",a","55.9",",,a,13,","114.6",",,,a"
"ASN00041165","1920-07","-28.295","152.42","990.0","BONNIE BRAE, AS","3",",a","3",",a","2",",a","69.9",",,a,05,","115.9",",,,a"
"ASN00041165","1920-08","-28.295","152.42","990.0","BONNIE BRAE, AS","2",",a","2",",a","1",",a","34.5",",,a,01,","37.3",",,,a"
"ASN00041165","1920-09","-28.295","152.42","990.0","BONNIE BRAE, AS","4",",a","4",",a","0",",a","16.8",",,a,17,","41.5",",,,a"
"ASN00041165","1920-10","-28.295","152.42","990.0","BONNIE BRAE, AS","4",",a","4",",a","0",",a","18.8",",,a,18,","42.1",",,,a"
"ASN00041165","1920-11","-28.295","152.42","990.0","BONNIE BRAE, AS","3",",a","3",",a","1",",a","78.5",",,a,17,","89.4",",,,a"
"ASN00041165","1920-12","-28.295","152.42","990.0","BONNIE BRAE, AS","3",",a","3",",a","1",",a","84.3",",,a,07,","104.1",",,,a"
"ASN00041165","1921-01","-28.295","152.42","990.0","BONNIE BRAE, AS","3",",a","3",",a","0",",a","20.6",",,a,05,","48.0",",,,a"
"ASN00041165","1921-02","-28.295","152.42","990.0","BONNIE BRAE, AS","1",",a","1",",a","1",",a","47.2",",,a,18,","47.2",",,,a"
"ASN00041165","1921-03","-28.295","152.42","990.0","BONNIE BRAE, AS","2",",a","2",",a","2",",a","72.6",",,a,10,","117.1",",,,a"
"ASN00041165","1921-04","-28.295","152.42","990.0","BONNIE BRAE, AS","3",",a","3",",a","2",",a","59.9",",,a,10,","138.7",",,,a"
"ASN00041165","1921-05","-28.295","152.42","990.0","BONNIE BRAE, AS","2",",a","2",",a","0",",a","20.3",",,a,16,","33.0",",,,a"
"ASN00041165","1921-06","-28.295","152.42","990.0","BONNIE BRAE, AS","5",",a","5",",a","2",",a","54.9",",,a,08,","149.7",",,,a"
"ASN00041165","1921-07","-28.295","152.42","990.0","BONNIE BRAE, AS","4",",a","4",",a","2",",a","144.8",",,a,02,","313.2",",,,a"
"ASN00041165","1921-11","-28.295","152.42","990.0","BONNIE BRAE, AS","6",",a","5",",a","0",",a","18.3",",,a,27,","51.8",",,,a"
"ASN00041165","1921-12","-28.295","152.42","990.0","BONNIE BRAE, AS","6","4,a","6","4,a","0","4,a","16.5","4,,a,03,","286.5",",a,,a"
"ASN00041165","1922-01","-28.295","152.42","990.0","BONNIE BRAE, AS","4",",a","4",",a","2",",a","39.4",",,a,17,","96.6",",,,a"
"ASN00041165","1922-02","-28.295","152.42","990.0","BONNIE BRAE, AS","12",",a","8",",a","5",",a","45.7",",,a,18,","202.3",",,,a"
"ASN00041165","1922-03","-28.295","152.42","990.0","BONNIE BRAE, AS","2",",a","2",",a","0",",a","22.9",",,a,01,","31.0",",,,a"
"ASN00041165","1922-04","-28.295","152.42","990.0","BONNIE BRAE, AS","1",",a","1",",a","0",",a","2.5",",,a,06,","2.5",",,,a"
"ASN00041165","1922-05","-28.295","152.42","990.0","BONNIE BRAE, AS","6",",a","5",",a","0",",a","15.7",",,a,23,","56.6",",,,a"
"ASN00041165","1922-09","-28.295","152.42","990.0","BONNIE BRAE, AS","4",",a","4",",a","1",",a","34.0",",,a,14,","74.6",",,,a"
"ASN00041165","1922-10","-28.295","152.42","990.0","BONNIE BRAE, AS","3",",a","2",",a","0",",a","21.1",",,a,17,","30.7",",,,a"
"ASN00041165","1922-11","-28.295","152.42","990.0","BONNIE BRAE, AS","8",",a","6",",a","0",",a","19.1",",,a,24,","77.9",",,,a"
"ASN00041165","1922-12","-28.295","152.42","990.0","BONNIE BRAE, AS","9",",a","9",",a","1",",a","29.2",",,a,17,","114.0",",,,a"
"ASN00041165","1923-01","-28.295","152.42","990.0","BONNIE BRAE, AS","3",",a","3",",a","3",",a","38.6",",,a,26,","94.2",",,,a"
"ASN00041165","1923-02","-28.295","152.42","990.0","BONNIE BRAE, AS","3",",a","2",",a","0",",a","14.5",",,a,16,","19.3",",,,a"
"ASN00041165","1923-03","-28.295","152.42","990.0","BONNIE BRAE, AS","7",",a","5",",a","0",",a","20.3",",,a,26,","51.7",",,,a"
"ASN00041165","1923-04","-28.295","152.42","990.0","BONNIE BRAE, AS","10",",a","10",",a","1",",a","47.0",",,a,27,","165.5",",,,a"
"ASN00041165","1923-05","-28.295","152.42","990.0","BONNIE BRAE, AS","2",",a","2",",a","0",",a","6.4",",,a,09,","8.9",",,,a"
"ASN00041165","1923-06","-28.295","152.42","990.0","BONNIE BRAE, AS","4",",a","4",",a","2",",a","35.6",",,a,05,","75.3",",,,a"
"ASN00041165","1923-07","-28.295","152.42","990.0","BONNIE BRAE, AS","2",",a","2",",a","1",",a","33.5",",,a,02,","53.8",",,,a"
"ASN00041165","1923-08","-28.295","152.42","990.0","BONNIE BRAE, AS","5",",a","5",",a","0",",a","24.9",",,a,22,","50.0",",,,a"
"ASN00041165","1923-09","-28.295","152.42","990.0","BONNIE BRAE, AS","2",",a","2",",a","1",",a","30.7",",,a,04,","37.8",",,,a"
"ASN00041165","1923-10","-28.295","152.42","990.0","BONNIE BRAE, AS","5",",a","3",",a","0",",a","6.4",",,a,19,","17.3",",,,a"
"ASN00041165","1923-11","-28.295","152.42","990.0","BONNIE BRAE, AS","5",",a","4",",a","0",",a","9.7",",,a,28,","27.2",",,,a"
"ASN00041165","1923-12","-28.295","152.42","990.0","BONNIE BRAE, AS","8",",a","8",",a","0",",a","23.6",",,a,26,","66.0",",,,a"
"ASN00041165","1924-01","-28.295","152.42","990.0","BONNIE BRAE, AS","6",",a","4",",a","2",",a","82.8",",,a,07,","150.1",",,,a"
"ASN00041165","1924-02","-28.295","152.42","990.0","BONNIE BRAE, AS","6",",a","6",",a","3",",a","48.5",",,a,08,","150.1",",,,a"
"ASN00041165","1924-03","-28.295","152.42","990.0","BONNIE BRAE, AS","4",",a","4",",a","2",",a","50.8",",,a,28,","103.6",",,,a"
"ASN00041165","1924-04","-28.295","152.42","990.0","BONNIE BRAE, AS","2",",a","2",",a","2",",a","29.2",",,a,20,","57.1",",,,a"
"ASN00041165","1924-05","-28.295","152.42","990.0","BONNIE BRAE, AS","2",",a","2",",a","1",",a","25.4",",,a,10,","33.0",",,,a"
"ASN00041165","1924-06","-28.295","152.42","990.0","BONNIE BRAE, AS","3",",a","2",",a","2",",a","94.0",",,a,14,","129.1",",,,a"
"ASN00041165","1924-07","-28.295","152.42","990.0","BONNIE BRAE, AS","8",",a","8",",a","2",",a","50.8",",,a,08,","158.3",",,,a"
"ASN00041165","1924-08","-28.295","152.42","990.0","BONNIE BRAE, AS","5",",a","5",",a","0",",a","15.2",",,a,31,","47.5",",,,a"
"ASN00041165","1924-09","-28.295","152.42","990.0","BONNIE BRAE, AS","5",",a","5",",a","0",",a","21.1",",,a,29,","64.3",",,,a"
"ASN00041165","1924-10","-28.295","152.42","990.0","BONNIE BRAE, AS","4",",a","4",",a","1",",a","38.1",",,a,30,","64.1",",,,a"
"ASN00041165","1924-11","-28.295","152.42","990.0","BONNIE BRAE, AS","6",",a","6",",a","4",",a","45.7",",,a,06,","165.9",",,,a"
"ASN00041165","1924-12","-28.295","152.42","990.0","BONNIE BRAE, AS","5",",a","5",",a","1",",a","41.4",",,a,16,","85.1",",,,a"
"ASN00041165","1925-01","-28.295","152.42","990.0","BONNIE BRAE, AS","8",",a","7",",a","1",",a","42.2",",,a,05,","145.6",",,,a"
"ASN00041165","1925-02","-28.295","152.42","990.0","BONNIE BRAE, AS","4",",a","4",",a","2",",a","94.0",",,a,13,","174.0",",,,a"
"ASN00041165","1925-03","-28.295","152.42","990.0","BONNIE BRAE, AS","8",",a","8",",a","1",",a","62.7",",,a,07,","159.4",",,,a"
"ASN00041165","1925-04","-28.295","152.42","990.0","BONNIE BRAE, AS","6",",a","5",",a","1",",a","27.9",",,a,05,","58.6",",,,a"
"ASN00041165","1925-05","-28.295","152.42","990.0","BONNIE BRAE, AS","7",",a","7",",a","2",",a","33.8",",,a,08,","129.8",",,,a"
"ASN00041165","1925-06","-28.295","152.42","990.0","BONNIE BRAE, AS","5",",a","5",",a","2",",a","55.9",",,a,20,","137.7",",,,a"
"ASN00041165","1925-07","-28.295","152.42","990.0","BONNIE BRAE, AS","3",",a","3",",a","0",",a","9.7",",,a,04,","18.6",",,,a"
"ASN00041165","1925-08","-28.295","152.42","990.0","BONNIE BRAE, AS","6",",a","6",",a","1",",a","30.5",",,a,09,","95.7",",,,a"
"ASN00041165","1925-09","-28.295","152.42","990.0","BONNIE BRAE, AS","2",",a","2",",a","0",",a","21.6",",,a,17,","40.7",",,,a"
"ASN00041165","1925-10","-28.295","152.42","990.0","BONNIE BRAE, AS","1",",a","1",",a","0",",a","15.2",",,a,26,","15.2",",,,a"
"ASN00041165","1925-11","-28.295","152.42","990.0","BONNIE BRAE, AS","3",",a","3",",a","2",",a","81.3",",,a,17,","141.0",",,,a"
"ASN00041165","1925-12","-28.295","152.42","990.0","BONNIE BRAE, AS","5",",a","5",",a","2",",a","42.2",",,a,14,","142.8",",,,a"
"ASN00041165","1926-01","-28.295","152.42","990.0","BONNIE BRAE, AS","8",",a","8",",a","0",",a","25.1",",,a,18,","112.2",",,,a"
"ASN00041165","1926-02","-28.295","152.42","990.0","BONNIE BRAE, AS","0",",a","0",",a","0",",a","0.0",",,a,28,+","0.0",",,,a"
"ASN00041165","1926-03","-28.295","152.42","990.0","BONNIE BRAE, AS","3",",a","3",",a","0",",a","15.2",",,a,16,","27.9",",,,a"
"ASN00041165","1926-04","-28.295","152.42","990.0","BONNIE BRAE, AS","4",",a","3",",a","0",",a","14.7",",,a,02,","40.4",",,,a"
"ASN00041165","1926-05","-28.295","152.42","990.0","BONNIE BRAE, AS","6",",a","6",",a","0",",a","22.1",",,a,11,","80.3",",,,a"
"ASN00041165","1926-06","-28.295","152.42","990.0","BONNIE BRAE, AS","4",",a","4",",a","0",",a","23.9",",,a,26,","73.2",",,,a"
"ASN00041165","1926-07","-28.295","152.42","990.0","BONNIE BRAE, AS","2",",a","2",",a","1",",a","27.9",",,a,12,","47.0",",,,a"
"ASN00041165","1926-08","-28.295","152.42","990.0","BONNIE BRAE, AS","3",",a","2",",a","0",",a","5.1",",,a,22,","10.9",",,,a"
"ASN00041165","1926-09","-28.295","152.42","990.0","BONNIE BRAE, AS","4",",a","4",",a","0",",a","16.5",",,a,28,","38.3",",,,a"
"ASN00041165","1926-10","-28.295","152.42","990.0","BONNIE BRAE, AS","3",",a","3",",a","0",",a","13.0",",,a,16,","29.5",",,,a"
"ASN00041165","1926-11","-28.295","152.42","990.0","BONNIE BRAE, AS","1",",a","1",",a","0",",a","6.6",",,a,16,","6.6",",,,a"
"ASN00041165","1926-12","-28.295","152.42","990.0","BONNIE BRAE, AS","11",",a","11",",a","3",",a","55.9",",,a,17,","213.2",",,,a"
"ASN00041165","1927-01","-28.295","152.42","990.0","BONNIE BRAE, AS","17",",a","17",",a","9",",a","50.8",",,a,22,","458.3",",,,a"
"ASN00041165","1927-02","-28.295","152.42","990.0","BONNIE BRAE, AS","3",",a","3",",a","0",",a","17.8",",,a,22,","43.2",",,,a"
"ASN00041165","1927-03","-28.295","152.42","990.0","BONNIE BRAE, AS","6",",a","6",",a","4",",a","68.1",",,a,13,","193.0",",,,a"
"ASN00041165","1927-04","-28.295","152.42","990.0","BONNIE BRAE, AS","2",",a","2",",a","1",",a","34.0",",,a,02,","47.0",",,,a"
"ASN00041165","1927-05","-28.295","152.42","990.0","BONNIE BRAE, AS","1",",a","1",",a","1",",a","55.9",",,a,28,","55.9",",,,a"
"ASN00041165","1927-06","-28.295","152.42","990.0","BONNIE BRAE, AS","1",",a","1",",a","1",",a","31.8",",,a,26,","31.8",",,,a"
"ASN00041165","1927-07","-28.295","152.42","990.0","BONNIE BRAE, AS","2",",a","2",",a","0",",a","9.9",",,a,20,","15.0",",,,a"
"ASN00041165","1927-08","-28.295","152.42","990.0","BONNIE BRAE, AS","1",",a","1",",a","0",",a","5.3",",,a,27,","5.3",",,,a"
"ASN00041165","1927-09","-28.295","152.42","990.0","BONNIE BRAE, AS","3",",a","2",",a","0",",a","17.3",",,a,28,","23.9",",,,a"
"ASN00041165","1927-10","-28.295","152.42","990.0","BONNIE BRAE, AS","9",",a","9",",a","1",",a","26.2",",,a,24,","126.5",",,,a"
"ASN00041165","1927-11","-28.295","152.42","990.0","BONNIE BRAE, AS","10",",a","10",",a","2",",a","45.2",",,a,28,","173.2",",,,a"
"ASN00041165","1927-12","-28.295","152.42","990.0","BONNIE BRAE, AS","14",",a","14",",a","0",",a","15.0",",,a,29,","105.4",",,,a"
"ASN00041165","1928-01","-28.295","152.42","990.0","BONNIE BRAE, AS","1",",a","1",",a","0",",a","15.2",",,a,13,","15.2",",,,a"
"ASN00041165","1928-02","-28.295","152.42","990.0","BONNIE BRAE, AS","11",",a","10",",a","8",",a","193.8",",,a,17,","614.9",",,,a"
"ASN00041165","1928-03","-28.295","152.42","990.0","BONNIE BRAE, AS","2",",a","2",",a","1",",a","27.4",",,a,20,","47.7",",,,a"
"ASN00041165","1928-04","-28.295","152.42","990.0","BONNIE BRAE, AS","4",",a","4",",a","1",",a","120.7",",,a,19,","155.5",",,,a"
"ASN00041165","1928-05","-28.295","152.42","990.0","BONNIE BRAE, AS","10",",a","8",",a","1",",a","25.4",",,a,25,","71.8",",,,a"
"ASN00041165","1928-06","-28.295","152.42","990.0","BONNIE BRAE, AS","5",",a","5",",a","0",",a","13.2",",,a,26,","43.4",",,,a"
"ASN00041165","1928-07","-28.295","152.42","990.0","BONNIE BRAE, AS","2",",a","2",",a","0",",a","24.4",",,a,15,","33.0",",,,a"
"ASN00041165","1928-08","-28.295","152.42","990.0","BONNIE BRAE, AS","1",",a","1",",a","1",",a","58.4",",,a,16,","58.4",",,,a"
"ASN00041165","1928-09","-28.295","152.42","990.0","BONNIE BRAE, AS","0",",a","0",",a","0",",a","0.0",",,a,30,+","0.0",",,,a"
"ASN00041165","1928-10","-28.295","152.42","990.0","BONNIE BRAE, AS","3",",a","3",",a","0",",a","24.4",",,a,04,","32.3",",,,a"
"ASN00041165","1928-11","-28.295","152.42","990.0","BONNIE BRAE, AS","1",",a","1",",a","0",",a","6.4",",,a,26,","6.4",",,,a"
"ASN00041165","1928-12","-28.295","152.42","990.0","BONNIE BRAE, AS","7",",a","7",",a","1",",a","25.9",",,a,18,","118.3",",,,a"
"ASN00041165","1929-01","-28.295","152.42","990.0","BONNIE BRAE, AS","4",",a","4",",a","2",",a","41.7",",,a,20,","101.9",",,,a"
"ASN00041165","1929-02","-28.295","152.42","990.0","BONNIE BRAE, AS","6",",a","6",",a","5",",a","42.7",",,a,10,","188.4",",,,a"
"ASN00041165","1929-03","-28.295","152.42","990.0","BONNIE BRAE, AS","2",",a","2",",a","1",",a","52.6",",,a,01,","58.7",",,,a"
"ASN00041165","1929-04","-28.295","152.42","990.0","BONNIE BRAE, AS","9","1,a","9","1,a","1","1,a","36.8","1,,a,09,","129.7","1,,,a"
"ASN00041165","1929-05","-28.295","152.42","990.0","BONNIE BRAE, AS","7",",a","7",",a","0",",a","21.8",",,a,09,","78.2",",,,a"
"ASN00041165","1929-06","-28.295","152.42","990.0","BONNIE BRAE, AS","7",",a","6",",a","0",",a","24.4",",,a,18,","76.3",",,,a"
"ASN00041165","1929-07","-28.295","152.42","990.0","BONNIE BRAE, AS","7",",a","6",",a","0",",a","9.1",",,a,05,","34.0",",,,a"
"ASN00041165","1929-08","-28.295","152.42","990.0","BONNIE BRAE, AS","1",",a","1",",a","0",",a","14.7",",,a,13,","14.7",",,,a"
"ASN00041165","1929-09","-28.295","152.42","990.0","BONNIE BRAE, AS","3",",a","3",",a","0",",a","10.7",",,a,03,","18.8",",,,a"
"ASN00041165","1929-10","-28.295","152.42","990.0","BONNIE BRAE, AS","6",",a","6",",a","0",",a","21.8",",,a,14,","87.4",",,,a"
"ASN00041165","1929-11","-28.295","152.42","990.0","BONNIE BRAE, AS","1",",a","1",",a","0",",a","7.6",",,a,28,","7.6",",,,a"
"ASN00041165","1929-12","-28.295","152.42","990.0","BONNIE BRAE, AS","4",",a","4",",a","1",",a","26.2",",,a,30,","63.1",",,,a"
"ASN00041165","1930-01","-28.295","152.42","990.0","BONNIE BRAE, AS","12",",a","12",",a","1",",a","36.8",",,a,24,","142.4",",,,a"
"ASN00041165","1930-02","-28.295","152.42","990.0","BONNIE BRAE, AS","7",",a","7",",a","0",",a","19.8",",,a,16,","54.6",",,,a"
"ASN00041165","1930-03","-28.295","152.42","990.0","BONNIE BRAE, AS","5",",a","5",",a","0",",a","19.3",",,a,18,","66.0",",,,a"
"ASN00041165","1930-04","-28.295","152.42","990.0","BONNIE BRAE, AS","3",",a","3",",a","2",",a","33.0",",,a,07,","71.6",",,,a"
"ASN00041165","1930-05","-28.295","152.42","990.0","BONNIE BRAE, AS","11",",a","11",",a","2",",a","40.6",",,a,10,","198.8",",,,a"
"ASN00041165","1930-06","-28.295","152.42","990.0","BONNIE BRAE, AS","29",",a","21",",a","1",",a","72.4",",,a,02,","211.4",",,,a"
"ASN00041165","1930-07","-28.295","152.42","990.0","BONNIE BRAE, AS","3",",a","3",",a","0",",a","24.1",",,a,04,","38.0",",,,a"
"ASN00041165","1930-08","-28.295","152.42","990.0","BONNIE BRAE, AS","4",",a","4",",a","0",",a","16.3",",,a,17,","44.5",",,,a"
"ASN00041165","1930-09","-28.295","152.42","990.0","BONNIE BRAE, AS","8",",a","7",",a","1",",a","27.9",",,a,22,","61.4",",,,a"
"ASN00041165","1930-10","-28.295","152.42","990.0","BONNIE BRAE, AS","4",",a","4",",a","1",",a","53.8",",,a,11,","81.9",",,,a"
"ASN00041165","1930-11","-28.295","152.42","990.0","BONNIE BRAE, AS","4",",a","4",",a","0",",a","12.7",",,a,12,","37.1",",,,a"
"ASN00041165","1931-01","-28.295","152.42","990.0","BONNIE BRAE, AS","5",",a","5",",a","0",",a","24.9",",,a,26,","68.8",",,,a"
"ASN00041165","1931-02","-28.295","152.42","990.0","BONNIE BRAE, AS","7",",a","7",",a","6",",a","60.2",",,a,08,","264.8",",,,a"
"ASN00041165","1931-03","-28.295","152.42","990.0","BONNIE BRAE, AS","8",",a","7",",a","2",",a","49.3",",,a,11,","156.4",",,,a"
"ASN00041165","1931-04","-28.295","152.42","990.0","BONNIE BRAE, AS","8",",a","7",",a","0",",a","21.1",",,a,03,","92.8",",,,a"
"ASN00041165","1931-05","-28.295","152.42","990.0","BONNIE BRAE, AS","4",",a","4",",a","1",",a","41.1",",,a,14,","69.3",",,,a"
"ASN00041165","1931-06","-28.295","152.42","990.0","BONNIE BRAE, AS","2",",a","2",",a","1",",a","39.9",",,a,08,","46.5",",,,a"
"ASN00041165","1931-07","-28.295","152.42","990.0","BONNIE BRAE, AS","8",",a","7",",a","1",",a","25.4",",,a,05,","91.4",",,,a"
"ASN00041165","1931-08","-28.295","152.42","990.0","BONNIE BRAE, AS","3",",a","3",",a","0",",a","8.9",",,a,12,","20.8",",,,a"
"ASN00041165","1931-09","-28.295","152.42","990.0","BONNIE BRAE, AS","8",",a","8",",a","0",",a","21.6",",,a,11,","90.4",",,,a"
"ASN00041165","1931-10","-28.295","152.42","990.0","BONNIE BRAE, AS","1",",a","1",",a","0",",a","17.3",",,a,10,","17.3",",,,a"
"ASN00041165","1931-11","-28.295","152.42","990.0","BONNIE BRAE, AS","9",",a","9",",a","2",",a","46.0",",,a,25,","168.0",",,,a"
"ASN00041165","1931-12","-28.295","152.42","990.0","BONNIE BRAE, AS","10",",a","10",",a","1",",a","28.7",",,a,09,","183.1",",,,a"
"ASN00041165","1933-01","-28.295","152.42","990.0","BONNIE BRAE, AS","7",",a","6",",a","0",",a","22.9",",,a,22,","83.9",",,,a"
"ASN00041165","1933-02","-28.295","152.42","990.0","BONNIE BRAE, AS","5",",a","5",",a","1",",a","27.9",",,a,18,","58.8",",,,a"
"ASN00041165","1933-03","-28.295","152.42","990.0","BONNIE BRAE, AS","4",",a","3",",a","0",",a","7.1",",,a,08,","17.8",",,,a"
"ASN00041165","1933-04","-28.295","152.42","990.0","BONNIE BRAE, AS","7",",a","7",",a","1",",a","71.1",",,a,05,","115.1",",,,a"
"ASN00041165","1933-05","-28.295","152.42","990.0","BONNIE BRAE, AS","2",",a","2",",a","0",",a","9.4",",,a,19,","16.8",",,,a"
"ASN00041165","1933-06","-28.295","152.42","990.0","BONNIE BRAE, AS","9",",a","6",",a","0",",a","22.6",",,a,23,","68.1",",,,a"
"ASN00041165","1933-07","-28.295","152.42","990.0","BONNIE BRAE, AS","10",",a","8",",a","2",",a","46.7",",,a,25,","134.1",",,,a"
"ASN00041165","1933-08","-28.295","152.42","990.0","BONNIE BRAE, AS","5",",a","3",",a","0",",a","8.6",",,a,10,","20.8",",,,a"
"ASN00041165","1933-09","-28.295","152.42","990.0","BONNIE BRAE, AS","5",",a","5",",a","1",",a","25.4",",,a,28,","52.6",",,,a"
"ASN00041165","1933-10","-28.295","152.42","990.0","BONNIE BRAE, AS","7",",a","7",",a","2",",a","47.0",",,a,02,","121.4",",,,a"
"ASN00041165","1933-11","-28.295","152.42","990.0","BONNIE BRAE, AS","20",",a","18",",a","2",",a","48.8",",,a,07,","221.4",",,,a"
"ASN00041165","1933-12","-28.295","152.42","990.0","BONNIE BRAE, AS","13",",a","13",",a","2",",a","35.1",",,a,27,","165.2",",,,a"
"ASN00041165","1934-01","-28.295","152.42","990.0","BONNIE BRAE, AS","6",",a","6",",a","1",",a","25.7",",,a,20,","120.2",",,,a"
"ASN00041165","1934-03","-28.295","152.42","990.0","BONNIE BRAE, AS","8",",a","4",",a","0",",a","16.5",",,a,16,","44.0",",,,a"
"ASN00041165","1934-04","-28.295","152.42","990.0","BONNIE BRAE, AS","15",",a","14",",a","0",",a","11.4",",,a,09,","83.7",",,,a"
"ASN00041165","1934-05","-28.295","152.42","990.0","BONNIE BRAE, AS","9",",a","8",",a","0",",a","22.4",",,a,27,","83.9",",,,a"
"ASN00041165","1934-06","-28.295","152.42","990.0","BONNIE BRAE, AS","2",",a","2",",a","0",",a","20.1",",,a,26,","25.4",",,,a"
"ASN00041165","1934-07","-28.295","152.42","990.0","BONNIE BRAE, AS","5",",a","4",",a","2",",a","59.2",",,a,29,","103.3",",,,a"
"ASN00041165","1934-08","-28.295","152.42","990.0","BONNIE BRAE, AS","4",",a","2",",a","0",",a","13.7",",,a,11,","27.2",",,,a"
"ASN00041165","1934-09","-28.295","152.42","990.0","BONNIE BRAE, AS","4",",a","4",",a","0",",a","17.3",",,a,21,","59.2",",,,a"
"ASN00041165","1934-10","-28.295","152.42","990.0","BONNIE BRAE, AS","6",",a","6",",a","1",",a","31.2",",,a,12,","66.3",",,,a"
"ASN00041165","1934-11","-28.295","152.42","990.0","BONNIE BRAE, AS","11",",a","8",",a","0",",a","22.9",",,a,27,","70.4",",,,a"
"ASN00041165","1934-12","-28.295","152.42","990.0","BONNIE BRAE, AS","7",",a","7",",a","1",",a","25.4",",,a,20,","89.9",",,,a"
"ASN00041165","1935-01","-28.295","152.42","990.0","BONNIE BRAE, AS","5",",a","5",",a","1",",a","41.1",",,a,06,","68.3",",,,a"
"ASN00041165","1935-02","-28.295","152.42","990.0","BONNIE BRAE, AS","15",",a","13",",a","1",",a","54.4",",,a,13,","174.9",",,,a"
"ASN00041165","1935-03","-28.295","152.42","990.0","BONNIE BRAE, AS","7",",a","6",",a","0",",a","14.0",",,a,07,","50.4",",,,a"
"ASN00041165","1935-04","-28.295","152.42","990.0","BONNIE BRAE, AS","7",",a","4",",a","1",",a","36.8",",,a,06,","52.7",",,,a"
"ASN00041165","1935-05","-28.295","152.42","990.0","BONNIE BRAE, AS","6",",a","6",",a","0",",a","21.8",",,a,26,","64.0",",,,a"
"ASN00041165","1935-06","-28.295","152.42","990.0","BONNIE BRAE, AS","1",",a","1",",a","0",",a","4.8",",,a,09,","4.8",",,,a"
"ASN00041165","1935-07","-28.295","152.42","990.0","BONNIE BRAE, AS","5",",a","5",",a","1",",a","62.2",",,a,09,","114.5",",,,a"
"ASN00041165","1935-08","-28.295","152.42","990.0","BONNIE BRAE, AS","4",",a","3",",a","0",",a","8.9",",,a,10,","24.4",",,,a"
"ASN00041165","1935-09","-28.295","152.42","990.0","BONNIE BRAE, AS","6",",a","6",",a","2",",a","29.2",",,a,10,","94.2",",,,a"
"ASN00041165","1935-10","-28.295","152.42","990.0","BONNIE BRAE, AS","4",",a","3",",a","0",",a","22.6",",,a,22,","48.5",",,,a"
"ASN00041165","1935-11","-28.295","152.42","990.0","BONNIE BRAE, AS","2",",a","2",",a","0",",a","14.5",",,a,12,","17.0",",,,a"
"ASN00041165","1935-12","-28.295","152.42","990.0","BONNIE BRAE, AS","8",",a","7",",a","0",",a","17.8",",,a,20,","73.6",",,,a"
"ASN00041165","1936-01","-28.295","152.42","990.0","BONNIE BRAE, AS","11",",a","9",",a","1",",a","52.8",",,a,10,","99.7",",,,a"
"ASN00041165","1936-02","-28.295","152.42","990.0","BONNIE BRAE, AS","6",",a","4",",a","1",",a","38.1",",,a,01,","59.7",",,,a"
"ASN00041165","1936-03","-28.295","152.42","990.0","BONNIE BRAE, AS","12",",a","10",",a","1",",a","36.1",",,a,03,","149.7",",,,a"
"ASN00041165","1936-04","-28.295","152.42","990.0","BONNIE BRAE, AS","4",",a","4",",a","0",",a","14.7",",,a,28,","31.1",",,,a"
"ASN00041165","1936-05","-28.295","152.42","990.0","BONNIE BRAE, AS","7",",a","7",",a","0",",a","12.7",",,a,14,","54.6",",,,a"
"ASN00041165","1936-06","-28.295","152.42","990.0","BONNIE BRAE, AS","5",",a","4",",a","0",",a","15.2",",,a,22,","41.2",",,,a"
"ASN00041165","1936-07","-28.295","152.42","990.0","BONNIE BRAE, AS","7",",a","6",",a","0",",a","22.1",",,a,04,","65.8",",,,a"
"ASN00041165","1936-08","-28.295","152.42","990.0","BONNIE BRAE, AS","1",",a","0",",a","0",",a","2.3",",,a,17,","2.3",",,,a"
"ASN00041165","1936-09","-28.295","152.42","990.0","BONNIE BRAE, AS","4",",a","4",",a","1",",a","25.4",",,a,08,","38.1",",,,a"
"ASN00041165","1936-10","-28.295","152.42","990.0","BONNIE BRAE, AS","3",",a","3",",a","0",",a","6.1",",,a,03,","12.9",",,,a"
"ASN00041165","1936-11","-28.295","152.42","990.0","BONNIE BRAE, AS","4",",a","3",",a","0",",a","15.7",",,a,15,","35.8",",,,a"
"ASN00041165","1936-12","-28.295","152.42","990.0","BONNIE BRAE, AS","9",",a","9",",a","0",",a","24.4",",,a,25,","104.5",",,,a"
"ASN00041165","1937-01","-28.295","152.42","990.0","BONNIE BRAE, AS","4",",a","4",",a","1",",a","26.4",",,a,12,","50.3",",,,a"
"ASN00041165","1937-02","-28.295","152.42","990.0","BONNIE BRAE, AS","11",",a","11",",a","1",",a","32.3",",,a,19,","125.3",",,,a"
"ASN00041165","1937-03","-28.295","152.42","990.0","BONNIE BRAE, AS","12",",a","9",",a","3",",a","101.1",",,a,15,","356.7",",,,a"
"ASN00041165","1937-04","-28.295","152.42","990.0","BONNIE BRAE, AS","4",",a","3",",a","0",",a","16.8",",,a,03,","32.5",",,,a"
"ASN00041165","1937-05","-28.295","152.42","990.0","BONNIE BRAE, AS","0",",a","0",",a","0",",a","0.0",",,a,31,+","0.0",",,,a"
"ASN00041165","1937-06","-28.295","152.42","990.0","BONNIE BRAE, AS","4",",a","3",",a","0",",a","12.7",",,a,12,","34.3",",,,a"
"ASN00041165","1937-07","-28.295","152.42","990.0","BONNIE BRAE, AS","12",",a","4",",a","0",",a","10.7",",,a,23,","43.1",",,,a"
"ASN00041165","1937-08","-28.295","152.42","990.0","BONNIE BRAE, AS","9",",a","7",",a","1",",a","28.7",",,a,27,","105.7",",,,a"
"ASN00041165","1937-09","-28.295","152.42","990.0","BONNIE BRAE, AS","1",",a","1",",a","0",",a","22.4",",,a,02,","22.4",",,,a"
"ASN00041165","1937-10","-28.295","152.42","990.0","BONNIE BRAE, AS","8",",a","8",",a","1",",a","40.9",",,a,12,","138.8",",,,a"
"ASN00041165","1937-11","-28.295","152.42","990.0","BONNIE BRAE, AS","14",",a","14",",a","5",",a","47.5",",,a,22,","264.4",",,,a"
"ASN00041165","1937-12","-28.295","152.42","990.0","BONNIE BRAE, AS","10",",a","9",",a","1",",a","59.7",",,a,09,","126.8",",,,a"
"ASN00041165","1938-01","-28.295","152.42","990.0","BONNIE BRAE, AS","12",",a","9",",a","2",",a","120.9",",,a,20,","260.4",",,,a"
"ASN00041165","1938-02","-28.295","152.42","990.0","BONNIE BRAE, AS","5",",a","5",",a","3",",a","37.3",",,a,01,","121.3",",,,a"
"ASN00041165","1938-03","-28.295","152.42","990.0","BONNIE BRAE, AS","11",",a","11",",a","1",",a","39.1",",,a,19,","140.6",",,,a"
"ASN00041165","1938-04","-28.295","152.42","990.0","BONNIE BRAE, AS","9",",a","7",",a","0",",a","14.7",",,a,07,","65.8",",,,a"
"ASN00041165","1938-05","-28.295","152.42","990.0","BONNIE BRAE, AS","16",",a","13",",a","2",",a","61.0",",,a,26,","171.5",",,,a"
"ASN00041165","1938-06","-28.295","152.42","990.0","BONNIE BRAE, AS","7",",a","6",",a","0",",a","11.4",",,a,24,","41.4",",,,a"
"ASN00041165","1938-07","-28.295","152.42","990.0","BONNIE BRAE, AS","13",",a","10",",a","0",",a","11.7",",,a,22,","64.5",",,,a"
"ASN00041165","1938-08","-28.295","152.42","990.0","BONNIE BRAE, AS","6",",a","3",",a","0",",a","19.3",",,a,08,","45.7",",,,a"
"ASN00041165","1938-09","-28.295","152.42","990.0","BONNIE BRAE, AS","4",",a","2",",a","0",",a","11.4",",,a,11,","20.1",",,,a"
"ASN00041165","1938-10","-28.295","152.42","990.0","BONNIE BRAE, AS","8",",a","4",",a","1",",a","30.5",",,a,25,","68.6",",,,a"
"ASN00041165","1938-11","-28.295","152.42","990.0","BONNIE BRAE, AS","8",",a","8",",a","0",",a","17.8",",,a,28,","75.6",",,,a"
"ASN00041165","1938-12","-28.295","152.42","990.0","BONNIE BRAE, AS","2",",a","1",",a","0",",a","13.0",",,a,22,","14.0",",,,a"
"ASN00041165","1939-01","-28.295","152.42","990.0","BONNIE BRAE, AS","7",",a","7",",a","2",",a","35.6",",,a,25,","91.4",",,,a"
"ASN00041165","1939-02","-28.295","152.42","990.0","BONNIE BRAE, AS","4",",a","2",",a","0",",a","5.1",",,a,27,","10.9",",,,a"
"ASN00041165","1939-03","-28.295","152.42","990.0","BONNIE BRAE, AS","20",",a","16",",a","7",",a","80.0",",,a,11,","425.6",",,,a"
"ASN00041165","1939-04","-28.295","152.42","990.0","BONNIE BRAE, AS","15",",a","14",",a","0",",a","23.4",",,a,06,","120.6",",,,a"
"ASN00041165","1939-05","-28.295","152.42","990.0","BONNIE BRAE, AS","9",",a","7",",a","1",",a","28.4",",,a,18,","76.9",",,,a"
"ASN00041165","1939-06","-28.295","152.42","990.0","BONNIE BRAE, AS","10",",a","7",",a","1",",a","31.0",",,a,17,","63.2",",,,a"
"ASN00041165","1939-07","-28.295","152.42","990.0","BONNIE BRAE, AS","3",",a","3",",a","1",",a","26.4",",,a,05,","60.2",",,,a"
"ASN00041165","1939-08","-28.295","152.42","990.0","BONNIE BRAE, AS","5",",a","5",",a","3",",a","43.7",",,a,03,","120.2",",,,a"
"ASN00041165","1939-09","-28.295","152.42","990.0","BONNIE BRAE, AS","3",",a","3",",a","0",",a","11.4",",,a,27,","20.3",",,,a"
"ASN00041165","1939-10","-28.295","152.42","990.0","BONNIE BRAE, AS","8",",a","5",",a","0",",a","14.0",",,a,22,","50.0",",,,a"
"ASN00041165","1939-11","-28.295","152.42","990.0","BONNIE BRAE, AS","10",",a","8",",a","0",",a","13.2",",,a,27,","66.0",",,,a"
"ASN00041165","1939-12","-28.295","152.42","990.0","BONNIE BRAE, AS","9",",a","8",",a","2",",a","38.1",",,a,27,","131.7",",,,a"
"ASN00041165","1940-01","-28.295","152.42","990.0","BONNIE BRAE, AS","9",",a","7",",a","0",",a","16.5",",,a,28,","63.3",",,,a"
"ASN00041165","1940-02","-28.295","152.42","990.0","BONNIE BRAE, AS","7",",a","6",",a","3",",a","63.8",",,a,05,","183.2",",,,a"
"ASN00041165","1940-03","-28.295","152.42","990.0","BONNIE BRAE, AS","8",",a","6",",a","3",",a","167.1",",,a,20,","300.8",",,,a"
"ASN00041165","1940-04","-28.295","152.42","990.0","BONNIE BRAE, AS","5",",a","2",",a","0",",a","16.5",",,a,03,","25.0",",,,a"
"ASN00041165","1940-05","-28.295","152.42","990.0","BONNIE BRAE, AS","4",",a","2",",a","0",",a","10.4",",,a,21,","21.3",",,,a"
"ASN00041165","1940-06","-28.295","152.42","990.0","BONNIE BRAE, AS","4",",a","2",",a","1",",a","30.5",",,a,14,","46.5",",,,a"
"ASN00041165","1940-07","-28.295","152.42","990.0","BONNIE BRAE, AS","2",",a","0",",a","0",",a","2.0",",,a,24,+","4.0",",,,a"
"ASN00041165","1940-08","-28.295","152.42","990.0","BONNIE BRAE, AS","6",",a","4",",a","0",",a","4.3",",,a,21,","17.6",",,,a"
"ASN00041165","1940-09","-28.295","152.42","990.0","BONNIE BRAE, AS","2",",a","1",",a","0",",a","14.7",",,a,22,","15.2",",,,a"
"ASN00041165","1940-10","-28.295","152.42","990.0","BONNIE BRAE, AS","3",",a","2",",a","0",",a","15.2",",,a,25,","22.1",",,,a"
"ASN00041165","1940-11","-28.295","152.42","990.0","BONNIE BRAE, AS","9",",a","9",",a","2",",a","38.6",",,a,11,","136.7",",,,a"
"ASN00041165","1940-12","-28.295","152.42","990.0","BONNIE BRAE, AS","13",",a","13",",a","2",",a","61.0",",,a,21,","187.7",",,,a"
"ASN00041165","1941-01","-28.295","152.42","990.0","BONNIE BRAE, AS","14",",a","12",",a","3",",a","55.4",",,a,25,","240.5",",,,a"
"ASN00041165","1941-02","-28.295","152.42","990.0","BONNIE BRAE, AS","11",",a","7",",a","0",",a","15.0",",,a,06,","76.5",",,,a"
"ASN00041165","1941-03","-28.295","152.42","990.0","BONNIE BRAE, AS","11",",a","7",",a","1",",a","49.3",",,a,08,","111.4",",,,a"
"ASN00041165","1941-04","-28.295","152.42","990.0","BONNIE BRAE, AS","10",",a","10",",a","0",",a","12.4",",,a,16,","52.0",",,,a"
"ASN00041165","1941-05","-28.295","152.42","990.0","BONNIE BRAE, AS","9",",a","8",",a","1",",a","38.1",",,a,30,","103.4",",,,a"
"ASN00041165","1941-06","-28.295","152.42","990.0","BONNIE BRAE, AS","9",",a","8",",a","0",",a","22.4",",,a,02,","115.7",",,,a"
"ASN00041165","1941-07","-28.295","152.42","990.0","BONNIE BRAE, AS","2",",a","2",",a","0",",a","16.5",",,a,10,","19.0",",,,a"
"ASN00041165","1941-08","-28.295","152.42","990.0","BONNIE BRAE, AS","2",",a","2",",a","0",",a","3.0",",,a,18,","5.5",",,,a"
"ASN00041165","1941-09","-28.295","152.42","990.0","BONNIE BRAE, AS","1",",a","0",",a","0",",a","1.0",",,a,10,","1.0",",,,a"
"ASN00041165","1941-10","-28.295","152.42","990.0","BONNIE BRAE, AS","2",",a","2",",a","0",",a","6.4",",,a,27,+","12.8",",,,a"
"ASN00041165","1941-11","-28.295","152.42","990.0","BONNIE BRAE, AS","8",",a","5",",a","1",",a","40.1",",,a,09,","74.4",",,,a"
"ASN00041165","1941-12","-28.295","152.42","990.0","BONNIE BRAE, AS","4",",a","4",",a","1",",a","46.0",",,a,29,","56.9",",,,a"
"ASN00041165","1943-01","-28.295","152.42","990.0","BONNIE BRAE, AS","10",",a","9",",a","1",",a","40.1",",,a,05,","141.5",",,,a"
"ASN00041165","1943-02","-28.295","152.42","990.0","BONNIE BRAE, AS","5",",a","4",",a","1",",a","35.1",",,a,21,","56.0",",,,a"
"ASN00041165","1943-03","-28.295","152.42","990.0","BONNIE BRAE, AS","4",",a","4",",a","1",",a","53.3",",,a,30,","67.3",",,,a"
"ASN00041165","1943-04","-28.295","152.42","990.0","BONNIE BRAE, AS","6",",a","6",",a","1",",a","53.3",",,a,01,","96.5",",,,a"
"ASN00041165","1943-05","-28.295","152.42","990.0","BONNIE BRAE, AS","7",",a","5",",a","0",",a","19.1",",,a,28,","54.6",",,,a"
"ASN00041165","1943-06","-28.295","152.42","990.0","BONNIE BRAE, AS","2",",a","1",",a","0",",a","17.5",",,a,01,","19.3",",,,a"
"ASN00041165","1943-07","-28.295","152.42","990.0","BONNIE BRAE, AS","2",",a","2",",a","0",",a","8.4",",,a,31,","13.5",",,,a"
"ASN00041165","1943-08","-28.295","152.42","990.0","BONNIE BRAE, AS","7",",a","6",",a","0",",a","18.8",",,a,07,","73.2",",,,a"
"ASN00041165","1943-09","-28.295","152.42","990.0","BONNIE BRAE, AS","5",",a","5",",a","1",",a","39.6",",,a,01,","83.5",",,,a"
"ASN00041165","1943-10","-28.295","152.42","990.0","BONNIE BRAE, AS","10",",a","7",",a","0",",a","24.4",",,a,25,","107.5",",,,a"
"ASN00041165","1943-11","-28.295","152.42","990.0","BONNIE BRAE, AS","12",",a","9",",a","0",",a","19.8",",,a,08,","88.0",",,,a"
"ASN00041165","1943-12","-28.295","152.42","990.0","BONNIE BRAE, AS","14",",a","14",",a","3",",a","89.9",",,a,30,","350.6",",,,a"
"ASN00041165","1944-01","-28.295","152.42","990.0","BONNIE BRAE, AS","14",",a","13",",a","2",",a","99.8",",,a,26,","297.4",",,,a"
"ASN00041165","1944-02","-28.295","152.42","990.0","BONNIE BRAE, AS","6",",a","4",",a","0",",a","20.8",",,a,02,","62.0",",,,a"
"ASN00041165","1944-04","-28.295","152.42","990.0","BONNIE BRAE, AS","2",",a","0",",a","0",",a","2.3",",,a,09,","3.8",",,,a"
"ASN00041165","1944-05","-28.295","152.42","990.0","BONNIE BRAE, AS","5",",a","3",",a","0",",a","10.9",",,a,23,+","34.3",",,,a"
"ASN00041165","1944-06","-28.295","152.42","990.0","BONNIE BRAE, AS","8",",a","6",",a","0",",a","11.9",",,a,14,","41.8",",,,a"
"ASN00041165","1944-07","-28.295","152.42","990.0","BONNIE BRAE, AS","8",",a","7",",a","1",",a","59.7",",,a,11,","107.2",",,,a"
"ASN00041165","1944-08","-28.295","152.42","990.0","BONNIE BRAE, AS","5",",a","4",",a","2",",a","53.3",",,a,25,","98.5",",,,a"
"ASN00041165","1944-09","-28.295","152.42","990.0","BONNIE BRAE, AS","7",",a","2",",a","1",",a","44.2",",,a,17,","54.6",",,,a"
"ASN00041165","1944-10","-28.295","152.42","990.0","BONNIE BRAE, AS","3",",a","2",",a","0",",a","18.8",",,a,29,","23.6",",,,a"
"ASN00041165","1944-11","-28.295","152.42","990.0","BONNIE BRAE, AS","9",",a","5",",a","1",",a","28.4",",,a,09,","71.7",",,,a"
"ASN00041165","1945-01","-28.295","152.42","990.0","BONNIE BRAE, AS","9",",a","6",",a","1",",a","33.5",",,a,17,","89.7",",,,a"
"ASN00041165","1945-02","-28.295","152.42","990.0","BONNIE BRAE, AS","7",",a","6",",a","3",",a","62.5",",,a,19,","142.4",",,,a"
"ASN00041165","1945-03","-28.295","152.42","990.0","BONNIE BRAE, AS","2",",a","1",",a","0",",a","6.1",",,a,21,","7.9",",,,a"
"ASN00041165","1945-04","-28.295","152.42","990.0","BONNIE BRAE, AS","8",",a","6",",a","2",",a","45.7",",,a,08,","100.0",",,,a"
"ASN00041165","1945-05","-28.295","152.42","990.0","BONNIE BRAE, AS","9",",a","7",",a","0",",a","13.7",",,a,28,+","67.0",",,,a"
"ASN00041165","1945-06","-28.295","152.42","990.0","BONNIE BRAE, AS","13",",a","9",",a","3",",a","162.6",",,a,11,","346.5",",,,a"
"ASN00041165","1945-07","-28.295","152.42","990.0","BONNIE BRAE, AS","4",",a","4",",a","2",",a","59.7",",,a,12,","114.0",",,,a"
"ASN00041165","1945-08","-28.295","152.42","990.0","BONNIE BRAE, AS","5",",a","3",",a","2",",a","42.7",",,a,12,","79.8",",,,a"
"ASN00041165","1945-09","-28.295","152.42","990.0","BONNIE BRAE, AS","4",",a","2",",a","1",",a","28.2",",,a,18,","34.2",",,,a"
"ASN00041165","1945-10","-28.295","152.42","990.0","BONNIE BRAE, AS","1",",a","0",",a","0",",a","0.8",",,a,07,","0.8",",,,a"
"ASN00041165","1945-11","-28.295","152.42","990.0","BONNIE BRAE, AS","7",",a","3",",a","1",",a","34.8",",,a,19,","57.5",",,,a"
"ASN00041165","1945-12","-28.295","152.42","990.0","BONNIE BRAE, AS","6",",a","4",",a","0",",a","20.1",",,a,05,","40.0",",,,a"
"ASN00041165","1946-01","-28.295","152.42","990.0","BONNIE BRAE, AS","6",",a","6",",a","3",",a","144.8",",,a,23,","299.0",",,,a"
"ASN00041165","1946-02","-28.295","152.42","990.0","BONNIE BRAE, AS","14",",a","11",",a","2",",a","54.9",",,a,28,","199.8",",,,a"
"ASN00041165","1946-03","-28.295","152.42","990.0","BONNIE BRAE, AS","11",",a","8",",a","4",",a","78.7",",,a,25,","222.7",",,,a"
"ASN00041165","1946-04","-28.295","152.42","990.0","BONNIE BRAE, AS","4",",a","4",",a","1",",a","91.4",",,a,04,","116.5",",,,a"
"ASN00041165","1946-05","-28.295","152.42","990.0","BONNIE BRAE, AS","3",",a","3",",a","0",",a","8.1",",,a,01,","18.3",",,,a"
"ASN00041165","1946-06","-28.295","152.42","990.0","BONNIE BRAE, AS","0",",a","0",",a","0",",a","0.0",",,a,30,+","0.0",",,,a"
"ASN00041165","1946-07","-28.295","152.42","990.0","BONNIE BRAE, AS","1",",a","1",",a","0",",a","3.6",",,a,26,","3.6",",,,a"
"ASN00041165","1946-08","-28.295","152.42","990.0","BONNIE BRAE, AS","1",",a","1",",a","0",",a","19.6",",,a,27,","19.6",",,,a"
"ASN00041165","1946-09","-28.295","152.42","990.0","BONNIE BRAE, AS","3",",a","3",",a","2",",a","57.9",",,a,19,","99.3",",,,a"
"ASN00041165","1946-10","-28.295","152.42","990.0","BONNIE BRAE, AS","4",",a","4",",a","1",",a","46.2",",,a,07,","87.0",",,,a"
"ASN00041165","1946-11","-28.295","152.42","990.0","BONNIE BRAE, AS","9",",a","9",",a","2",",a","51.8",",,a,29,","175.4",",,,a"
"ASN00041165","1946-12","-28.295","152.42","990.0","BONNIE BRAE, AS","5",",a","5",",a","1",",a","26.2",",,a,13,","67.8",",,,a"
"ASN00041165","1947-01","-28.295","152.42","990.0","BONNIE BRAE, AS","9",",a","7",",a","4",",a","281.9",",,a,24,","664.0",",,,a"
"ASN00041165","1947-02","-28.295","152.42","990.0","BONNIE BRAE, AS","12",",a","11",",a","3",",a","93.0",",,a,13,","253.9",",,,a"
"ASN00041165","1947-03","-28.295","152.42","990.0","BONNIE BRAE, AS","11",",a","11",",a","4",",a","57.4",",,a,01,","230.3",",,,a"
"ASN00041165","1947-04","-28.295","152.42","990.0","BONNIE BRAE, AS","13",",a","9",",a","0",",a","18.8",",,a,01,","70.4",",,,a"
"ASN00041165","1947-05","-28.295","152.42","990.0","BONNIE BRAE, AS","15",",a","13",",a","0",",a","21.8",",,a,26,","91.5",",,,a"
"ASN00041165","1947-06","-28.295","152.42","990.0","BONNIE BRAE, AS","1",",a","1",",a","0",",a","22.4",",,a,05,","22.4",",,,a"
"ASN00041165","1947-07","-28.295","152.42","990.0","BONNIE BRAE, AS","2",",a","2",",a","0",",a","14.7",",,a,23,","22.6",",,,a"
"ASN00041165","1947-08","-28.295","152.42","990.0","BONNIE BRAE, AS","6",",a","4",",a","0",",a","14.7",",,a,19,","32.2",",,,a"
"ASN00041165","1947-09","-28.295","152.42","990.0","BONNIE BRAE, AS","11",",a","8",",a","1",",a","43.9",",,a,03,","105.1",",,,a"
"ASN00041165","1947-10","-28.295","152.42","990.0","BONNIE BRAE, AS","7",",a","6",",a","0",",a","20.3",",,a,04,","76.4",",,,a"
"ASN00041165","1947-11","-28.295","152.42","990.0","BONNIE BRAE, AS","10",",a","9",",a","2",",a","32.0",",,a,18,","146.0",",,,a"
"ASN00041165","1947-12","-28.295","152.42","990.0","BONNIE BRAE, AS","19",",a","18",",a","3",",a","35.6",",,a,20,","267.2",",,,a"
"ASN00041165","1948-01","-28.295","152.42","990.0","BONNIE BRAE, AS","5",",a","5",",a","2",",a","49.5",",,a,03,","141.8",",,,a"
"ASN00041165","1948-02","-28.295","152.42","990.0","BONNIE BRAE, AS","5",",a","5",",a","0",",a","15.7",",,a,13,","50.3",",,,a"
"ASN00041165","1948-03","-28.295","152.42","990.0","BONNIE BRAE, AS","9",",a","9",",a","3",",a","50.8",",,a,26,","174.0",",,,a"
"ASN00041165","1948-04","-28.295","152.42","990.0","BONNIE BRAE, AS","5",",a","5",",a","0",",a","24.6",",,a,30,","71.1",",,,a"
"ASN00041165","1948-05","-28.295","152.42","990.0","BONNIE BRAE, AS","7",",a","6",",a","2",",a","107.2",",,a,02,","163.1",",,,a"
"ASN00041165","1948-06","-28.295","152.42","990.0","BONNIE BRAE, AS","6",",a","6",",a","4",",a","101.6",",,a,15,+","350.2",",,,a"
"ASN00041165","1948-07","-28.295","152.42","990.0","BONNIE BRAE, AS","5",",a","4",",a","0",",a","13.2",",,a,06,","34.0",",,,a"
"ASN00041165","1948-08","-28.295","152.42","990.0","BONNIE BRAE, AS","3",",a","3",",a","0",",a","17.8",",,a,28,","40.9",",,,a"
"ASN00041165","1948-09","-28.295","152.42","990.0","BONNIE BRAE, AS","5",",a","3",",a","2",",a","66.5",",,a,26,","104.6",",,,a"
"ASN00041165","1948-10","-28.295","152.42","990.0","BONNIE BRAE, AS","1",",a","1",",a","0",",a","2.8",",,a,29,","2.8",",,,a"
"ASN00041165","1948-11","-28.295","152.42","990.0","BONNIE BRAE, AS","4",",a","4",",a","1",",a","35.6",",,a,21,","60.0",",,,a"
"ASN00041165","1948-12","-28.295","152.42","990.0","BONNIE BRAE, AS","11",",a","11",",a","2",",a","38.1",",,a,31,","156.4",",,,a"
"ASN00041165","1949-01","-28.295","152.42","990.0","BONNIE BRAE, AS","6",",a","4",",a","0",",a","19.8",",,a,10,","55.5",",,,a"
"ASN00041165","1949-02","-28.295","152.42","990.0","BONNIE BRAE, AS","9",",a","9",",a","0",",a","22.9",",,a,21,","68.3",",,,a"
"ASN00041165","1949-03","-28.295","152.42","990.0","BONNIE BRAE, AS","18",",a","15",",a","3",",a","54.9",",,a,03,","336.4",",,,a"
"ASN00041165","1949-04","-28.295","152.42","990.0","BONNIE BRAE, AS","5",",a","4",",a","0",",a","9.7",",,a,18,","22.1",",,,a"
"ASN00041165","1949-05","-28.295","152.42","990.0","BONNIE BRAE, AS","8",",a","6",",a","0",",a","10.2",",,a,03,","42.5",",,,a"
"ASN00041165","1949-06","-28.295","152.42","990.0","BONNIE BRAE, AS","7",",a","7",",a","1",",a","60.2",",,a,18,","128.7",",,,a"
"ASN00041165","1949-07","-28.295","152.42","990.0","BONNIE BRAE, AS","5",",a","5",",a","0",",a","18.8",",,a,19,","45.2",",,,a"
"ASN00041165","1949-08","-28.295","152.42","990.0","BONNIE BRAE, AS","2",",a","2",",a","0",",a","6.4",",,a,25,","10.2",",,,a"
"ASN00041165","1949-09","-28.295","152.42","990.0","BONNIE BRAE, AS","9",",a","8",",a","0",",a","23.4",",,a,11,","90.8",",,,a"
"ASN00041165","1949-10","-28.295","152.42","990.0","BONNIE BRAE, AS","8",",a","7",",a","1",",a","176.5",",,a,25,","234.5",",,,a"
"ASN00041165","1949-11","-28.295","152.42","990.0","BONNIE BRAE, AS","3",",a","3",",a","1",",a","39.1",",,a,21,","51.1",",,,a"
"ASN00041165","1949-12","-28.295","152.42","990.0","BONNIE BRAE, AS","4",",a","4",",a","1",",a","33.0",",,a,10,","65.8",",,,a"
"ASN00041165","1950-01","-28.295","152.42","990.0","BONNIE BRAE, AS","3",",a","3",",a","2",",a","147.6",",,a,19,","272.6",",,,a"
"ASN00041165","1950-02","-28.295","152.42","990.0","BONNIE BRAE, AS","15",",a","15",",a","4",",a","51.8",",,a,28,","309.4",",,,a"
"ASN00041165","1950-03","-28.295","152.42","990.0","BONNIE BRAE, AS","13",",a","13",",a","0",",a","21.8",",,a,15,","140.6",",,,a"
"ASN00041165","1950-04","-28.295","152.42","990.0","BONNIE BRAE, AS","13",",a","12",",a","1",",a","29.7",",,a,07,","134.0",",,,a"
"ASN00041165","1950-05","-28.295","152.42","990.0","BONNIE BRAE, AS","4",",a","3",",a","0",",a","17.8",",,a,03,","34.3",",,,a"
"ASN00041165","1958-05","-28.295","152.42","990.0","BONNIE BRAE, AS","2",",a","1",",a","0",",a","4.6",",,a,02,","6.9",",,,a"
"ASN00041165","1958-06","-28.295","152.42","990.0","BONNIE BRAE, AS","16",",a","11",",a","3",",a","45.7",",,a,11,","195.1",",,,a"
"ASN00041165","1958-07","-28.295","152.42","990.0","BONNIE BRAE, AS","1",",a","1",",a","0",",a","10.9",",,a,17,","10.9",",,,a"
"ASN00041165","1958-08","-28.295","152.42","990.0","BONNIE BRAE, AS","6",",a","6",",a","0",",a","17.5",",,a,04,","67.8",",,,a"
"ASN00041165","1958-09","-28.295","152.42","990.0","BONNIE BRAE, AS","7",",a","6",",a","1",",a","25.4",",,a,03,","69.3",",,,a"
"ASN00041165","1958-10","-28.295","152.42","990.0","BONNIE BRAE, AS","5",",a","5",",a","0",",a","24.1",",,a,07,","52.7",",,,a"
"ASN00041165","1958-11","-28.295","152.42","990.0","BONNIE BRAE, AS","8",",a","8",",a","0",",a","21.1",",,a,06,","64.6",",,,a"
"ASN00041165","1958-12","-28.295","152.42","990.0","BONNIE BRAE, AS","13",",a","11",",a","1",",a","28.2",",,a,04,","122.0",",,,a"
"ASN00041165","1959-02","-28.295","152.42","990.0","BONNIE BRAE, AS","12",",a","9",",a","3",",a","381.0",",,a,18,","499.0",",,,a"
"ASN00041165","1959-03","-28.295","152.42","990.0","BONNIE BRAE, AS","12",",a","8",",a","3",",a","87.1",",,a,19,","197.9",",,,a"
"ASN00041165","1959-04","-28.295","152.42","990.0","BONNIE BRAE, AS","8",",a","6",",a","0",",a","16.3",",,a,03,","61.0",",,,a"
"ASN00041165","1959-05","-28.295","152.42","990.0","BONNIE BRAE, AS","7",",a","5",",a","0",",a","14.7",",,a,21,","41.9",",,,a"
"ASN00041165","1959-06","-28.295","152.42","990.0","BONNIE BRAE, AS","5",",a","2",",a","0",",a","6.6",",,a,04,+","18.3",",,,a"
"ASN00041165","1959-07","-28.295","152.42","990.0","BONNIE BRAE, AS","12",",a","11",",a","1",",a","25.4",",,a,21,","103.2",",,,a"
"ASN00041165","1959-08","-28.295","152.42","990.0","BONNIE BRAE, AS","5",",a","4",",a","0",",a","15.5",",,a,28,","34.5",",,,a"
"ASN00041165","1959-09","-28.295","152.42","990.0","BONNIE BRAE, AS","8",",a","8",",a","1",",a","29.2",",,a,20,","70.7",",,,a"
"ASN00041165","1959-10","-28.295","152.42","990.0","BONNIE BRAE, AS","9",",a","8",",a","1",",a","35.6",",,a,17,","135.5",",,,a"
"ASN00041165","1959-11","-28.295","152.42","990.0","BONNIE BRAE, AS","11",",a","11",",a","7",",a","67.6",",,a,01,","326.7",",,,a"
"ASN00041165","1959-12","-28.295","152.42","990.0","BONNIE BRAE, AS","14",",a","10",",a","0",",a","22.6",",,a,02,","136.2",",,,a"
"ASN00041165","1960-01","-28.295","152.42","990.0","BONNIE BRAE, AS","6",",a","5",",a","1",",a","47.2",",,a,22,","74.1",",,,a"
"ASN00041165","1960-02","-28.295","152.42","990.0","BONNIE BRAE, AS","15",",a","13",",a","1",",a","25.4",",,a,18,","151.0",",,,a"
"ASN00041165","1960-03","-28.295","152.42","990.0","BONNIE BRAE, AS","9",",a","8",",a","0",",a","23.6",",,a,02,","83.9",",,,a"
"ASN00041165","1960-04","-28.295","152.42","990.0","BONNIE BRAE, AS","7",",a","6",",a","0",",a","10.9",",,a,22,","29.6",",,,a"
"ASN00041165","1960-05","-28.295","152.42","990.0","BONNIE BRAE, AS","10",",a","7",",a","0",",a","18.3",",,a,26,","82.8",",,,a"
"ASN00041165","1960-06","-28.295","152.42","990.0","BONNIE BRAE, AS","6",",a","4",",a","0",",a","24.9",",,a,23,","46.0",",,,a"
"ASN00041165","1960-07","-28.295","152.42","990.0","BONNIE BRAE, AS","7",",a","4",",a","0",",a","12.2",",,a,04,","38.4",",,,a"
"ASN00041165","1960-08","-28.295","152.42","990.0","BONNIE BRAE, AS","4",",a","4",",a","0",",a","22.6",",,a,02,","38.0",",,,a"
"ASN00041165","1960-09","-28.295","152.42","990.0","BONNIE BRAE, AS","3",",a","2",",a","0",",a","3.8",",,a,24,","7.8",",,,a"
"ASN00041165","1960-10","-28.295","152.42","990.0","BONNIE BRAE, AS","8",",a","7",",a","0",",a","23.1",",,a,16,","68.4",",,,a"
"ASN00041165","1960-11","-28.295","152.42","990.0","BONNIE BRAE, AS","6",",a","5",",a","1",",a","26.9",",,a,02,","63.9",",,,a"
"ASN00041165","1960-12","-28.295","152.42","990.0","BONNIE BRAE, AS","9",",a","7",",a","1",",a","49.3",",,a,13,","128.9",",,,a"
"ASN00041165","1961-01","-28.295","152.42","990.0","BONNIE BRAE, AS","11",",a","10",",a","0",",a","24.9",",,a,06,","86.2",",,,a"
"ASN00041165","1961-02","-28.295","152.42","990.0","BONNIE BRAE, AS","17",",a","14",",a","3",",a","237.2",",,a,19,","457.7",",,,a"
"ASN00041165","1961-03","-28.295","152.42","990.0","BONNIE BRAE, AS","10",",a","9",",a","0",",a","7.4",",,a,25,","44.7",",,,a"
"ASN00041165","1961-04","-28.295","152.42","990.0","BONNIE BRAE, AS","12",",a","10",",a","0",",a","13.7",",,a,30,","69.7",",,,a"
"ASN00041165","1961-05","-28.295","152.42","990.0","BONNIE BRAE, AS","8",",a","6",",a","1",",a","26.2",",,a,29,","62.9",",,,a"
"ASN00041165","1961-06","-28.295","152.42","990.0","BONNIE BRAE, AS","8",",a","7",",a","0",",a","18.3",",,a,04,","53.9",",,,a"
"ASN00041165","1961-07","-28.295","152.42","990.0","BONNIE BRAE, AS","4",",a","4",",a","2",",a","33.3",",,a,25,","83.9",",,,a"
"ASN00041165","1961-08","-28.295","152.42","990.0","BONNIE BRAE, AS","9",",a","6",",a","1",",a","26.9",",,a,10,","57.5",",,,a"
"ASN00041165","1961-09","-28.295","152.42","990.0","BONNIE BRAE, AS","6",",a","5",",a","0",",a","18.3",",,a,08,","47.5",",,,a"
"ASN00041165","1961-10","-28.295","152.42","990.0","BONNIE BRAE, AS","12",",a","9",",a","1",",a","65.0",",,a,07,","156.2",",,,a"
"ASN00041165","1961-11","-28.295","152.42","990.0","BONNIE BRAE, AS","12",",a","8",",a","1",",a","28.2",",,a,11,","125.2",",,,a"
"ASN00041165","1961-12","-28.295","152.42","990.0","BONNIE BRAE, AS","12",",a","11",",a","2",",a","53.1",",,a,01,","185.4",",,,a"
"ASN00041165","1962-01","-28.295","152.42","990.0","BONNIE BRAE, AS","14",",a","13",",a","2",",a","43.4",",,a,06,","180.1",",,,a"
"ASN00041165","1962-02","-28.295","152.42","990.0","BONNIE BRAE, AS","8",",a","8",",a","0",",a","21.6",",,a,09,","66.5",",,,a"
"ASN00041165","1962-03","-28.295","152.42","990.0","BONNIE BRAE, AS","19",",a","15",",a","3",",a","56.4",",,a,12,","252.3",",,,a"
"ASN00041165","1962-04","-28.295","152.42","990.0","BONNIE BRAE, AS","11",",a","7",",a","3",",a","40.9",",,a,06,","131.3",",,,a"
"ASN00041165","1962-05","-28.295","152.42","990.0","BONNIE BRAE, AS","6",",a","5",",a","0",",a","12.2",",,a,21,","38.9",",,,a"
"ASN00041165","1962-06","-28.295","152.42","990.0","BONNIE BRAE, AS","2",",a","1",",a","0",",a","13.5",",,a,28,","15.3",",,,a"
"ASN00041165","1962-07","-28.295","152.42","990.0","BONNIE BRAE, AS","7",",a","6",",a","2",",a","92.2",",,a,11,","194.9",",,,a"
"ASN00041165","1962-08","-28.295","152.42","990.0","BONNIE BRAE, AS","6",",a","6",",a","0",",a","13.5",",,a,20,","56.0",",,,a"
"ASN00041165","1962-09","-28.295","152.42","990.0","BONNIE BRAE, AS","7",",a","5",",a","0",",a","16.3",",,a,16,","63.3",",,,a"
"ASN00041165","1962-10","-28.295","152.42","990.0","BONNIE BRAE, AS","5",",a","3",",a","0",",a","14.7",",,a,19,","42.8",",,,a"
"ASN00041165","1962-11","-28.295","152.42","990.0","BONNIE BRAE, AS","4",",a","4",",a","0",",a","14.7",",,a,18,","36.6",",,,a"
"ASN00041165","1962-12","-28.295","152.42","990.0","BONNIE BRAE, AS","14",",a","13",",a","2",",a","39.4",",,a,31,","215.3",",,,a"
"ASN00041165","1963-01","-28.295","152.42","990.0","BONNIE BRAE, AS","14",",a","11",",a","1",",a","56.1",",,a,01,","117.7",",,,a"
"ASN00041165","1963-02","-28.295","152.42","990.0","BONNIE BRAE, AS","5",",a","4",",a","1",",a","76.2",",,a,04,","101.4",",,,a"
"ASN00041165","1963-03","-28.295","152.42","990.0","BONNIE BRAE, AS","22",",a","21",",a","3",",a","77.7",",,a,25,","314.8",",,,a"
"ASN00041165","1963-04","-28.295","152.42","990.0","BONNIE BRAE, AS","13",",a","9",",a","0",",a","13.5",",,a,28,","69.5",",,,a"
"ASN00041165","1963-05","-28.295","152.42","990.0","BONNIE BRAE, AS","10",",a","9",",a","4",",a","75.2",",,a,08,","240.0",",,,a"
"ASN00041165","1963-06","-28.295","152.42","990.0","BONNIE BRAE, AS","8",",a","5",",a","0",",a","11.9",",,a,05,","31.8",",,,a"
"ASN00041165","1963-07","-28.295","152.42","990.0","BONNIE BRAE, AS","1",",a","1",",a","0",",a","7.4",",,a,29,","7.4",",,,a"
"ASN00041165","1963-08","-28.295","152.42","990.0","BONNIE BRAE, AS","9",",a","4",",a","1",",a","41.4",",,a,29,","77.0",",,,a"
"ASN00041165","1963-09","-28.295","152.42","990.0","BONNIE BRAE, AS","3",",a","2",",a","0",",a","23.1",",,a,27,","30.5",",,,a"
"ASN00041165","1963-10","-28.295","152.42","990.0","BONNIE BRAE, AS","8",",a","5",",a","0",",a","21.3",",,a,24,","50.0",",,,a"
"ASN00041165","1963-11","-28.295","152.42","990.0","BONNIE BRAE, AS","10",",a","9",",a","2",",a","42.2",",,a,17,","111.8",",,,a"
"ASN00041165","1963-12","-28.295","152.42","990.0","BONNIE BRAE, AS","10",",a","10",",a","1",",a","37.1",",,a,10,","104.9",",,,a"
"ASN00041165","1964-01","-28.295","152.42","990.0","BONNIE BRAE, AS","8",",a","7",",a","0",",a","23.9",",,a,27,","84.7",",,,a"
"ASN00041165","1964-02","-28.295","152.42","990.0","BONNIE BRAE, AS","12",",a","10",",a","0",",a","22.9",",,a,20,","111.8",",,,a"
"ASN00041165","1964-03","-28.295","152.42","990.0","BONNIE BRAE, AS","18",",a","12",",a","2",",a","50.3",",,a,08,","225.5",",,,a"
"ASN00041165","1964-04","-28.295","152.42","990.0","BONNIE BRAE, AS","13",",a","13",",a","1",",a","26.9",",,a,22,","127.9",",,,a"
"ASN00041165","1964-05","-28.295","152.42","990.0","BONNIE BRAE, AS","10",",a","8",",a","1",",a","39.6",",,a,31,","110.2",",,,a"
"ASN00041165","1964-06","-28.295","152.42","990.0","BONNIE BRAE, AS","6",",a","2",",a","0",",a","16.0",",,a,20,","25.9",",,,a"
"ASN00041165","1964-07","-28.295","152.42","990.0","BONNIE BRAE, AS","3",",a","2",",a","0",",a","23.6",",,a,03,","44.5",",,,a"
"ASN00041165","1964-08","-28.295","152.42","990.0","BONNIE BRAE, AS","2",",a","1",",a","1",",a","30.5",",,a,24,","31.5",",,,a"
"ASN00041165","1964-09","-28.295","152.42","990.0","BONNIE BRAE, AS","6",",a","5",",a","1",",a","34.5",",,a,11,","75.9",",,,a"
"ASN00041165","1964-10","-28.295","152.42","990.0","BONNIE BRAE, AS","7",",a","7",",a","0",",a","16.0",",,a,31,","55.9",",,,a"
"ASN00041165","1964-11","-28.295","152.42","990.0","BONNIE BRAE, AS","6",",a","5",",a","0",",a","21.6",",,a,23,","54.6",",,,a"
"ASN00041165","1964-12","-28.295","152.42","990.0","BONNIE BRAE, AS","9",",a","6",",a","2",",a","33.5",",,a,06,","112.2",",,,a"
"ASN00041165","1965-01","-28.295","152.42","990.0","BONNIE BRAE, AS","7",",a","6",",a","0",",a","21.1",",,a,27,","71.1",",,,a"
"ASN00041165","1965-02","-28.295","152.42","990.0","BONNIE BRAE, AS","7",",a","6",",a","0",",a","14.0",",,a,09,","48.5",",,,a"
"ASN00041165","1965-03","-28.295","152.42","990.0","BONNIE BRAE, AS","4",",a","3",",a","0",",a","9.7",",,a,01,","20.3",",,,a"
"ASN00041165","1965-04","-28.295","152.42","990.0","BONNIE BRAE, AS","4",",a","2",",a","1",",a","25.4",",,a,13,","32.5",",,,a"
"ASN00041165","1965-05","-28.295","152.42","990.0","BONNIE BRAE, AS","5",",a","5",",a","0",",a","6.4",",,a,06,","20.0",",,,a"
"ASN00041165","1965-06","-28.295","152.42","990.0","BONNIE BRAE, AS","13",",a","9",",a","1",",a","28.7",",,a,26,","99.2",",,,a"
"ASN00041165","1965-07","-28.295","152.42","990.0","BONNIE BRAE, AS","4",",a","4",",a","3",",a","186.2",",,a,20,","294.2",",,,a"
"ASN00041165","1965-08","-28.295","152.42","990.0","BONNIE BRAE, AS","10",",a","9",",a","0",",a","24.1",",,a,27,","80.7",",,,a"
"ASN00041165","1965-09","-28.295","152.42","990.0","BONNIE BRAE, AS","6",",a","5",",a","1",",a","42.7",",,a,13,","58.7",",,,a"
"ASN00041165","1966-01","-28.295","152.42","990.0","BONNIE BRAE, AS","5",",a","3",",a","0",",a","5.6",",,a,23,","15.2",",,,a"
"ASN00041165","1966-02","-28.295","152.42","990.0","BONNIE BRAE, AS","10",",a","9",",a","1",",a","29.7",",,a,04,","90.4",",,,a"
"ASN00041165","1966-03","-28.295","152.42","990.0","BONNIE BRAE, AS","13",",a","10",",a","0",",a","17.0",",,a,24,","88.0",",,,a"
"ASN00041165","1966-04","-28.295","152.42","990.0","BONNIE BRAE, AS","6",",a","4",",a","1",",a","33.8",",,a,27,","61.3",",,,a"
"ASN00041165","1966-05","-28.295","152.42","990.0","BONNIE BRAE, AS","3",",a","3",",a","0",",a","5.6",",,a,31,","12.0",",,,a"
"ASN00041165","1966-06","-28.295","152.42","990.0","BONNIE BRAE, AS","4",",a","4",",a","1",",a","47.2",",,a,10,","83.8",",,,a"
"ASN00041165","1966-07","-28.295","152.42","990.0","BONNIE BRAE, AS","1",",a","1",",a","0",",a","3.8",",,a,05,","3.8",",,,a"
"ASN00041165","1966-08","-28.295","152.42","990.0","BONNIE BRAE, AS","8",",a","7",",a","2",",a","36.3",",,a,20,","118.1",",,,a"
"ASN00041165","1966-09","-28.295","152.42","990.0","BONNIE BRAE, AS","7",",a","4",",a","0",",a","16.3",",,a,16,","43.1",",,,a"
"ASN00041165","1966-10","-28.295","152.42","990.0","BONNIE BRAE, AS","7",",a","4",",a","0",",a","12.7",",,a,15,","42.1",",,,a"
"ASN00041165","1966-11","-28.295","152.42","990.0","BONNIE BRAE, AS","7",",a","7",",a","2",",a","34.0",",,a,08,","110.7",",,,a"
"ASN00041165","1966-12","-28.295","152.42","990.0","BONNIE BRAE, AS","9",",a","6",",a","0",",a","20.8",",,a,06,","60.8",",,,a"
"ASN00041165","1967-01","-28.295","152.42","990.0","BONNIE BRAE, AS","15",",a","12",",a","4",",a","77.0",",,a,30,","247.1",",,,a"
"ASN00041165","1967-02","-28.295","152.42","990.0","BONNIE BRAE, AS","13",",a","8",",a","1",",a","45.2",",,a,24,","98.0",",,,a"
"ASN00041165","1967-03","-28.295","152.42","990.0","BONNIE BRAE, AS","21",",a","16",",a","4",",a","61.0",",,a,19,","325.3",",,,a"
"ASN00041165","1967-04","-28.295","152.42","990.0","BONNIE BRAE, AS","13",",a","9",",a","1",",a","30.7",",,a,03,","103.5",",,,a"
"ASN00041165","1967-05","-28.295","152.42","990.0","BONNIE BRAE, AS","9",",a","6",",a","1",",a","44.5",",,a,07,","70.4",",,,a"
"ASN00041165","1967-06","-28.295","152.42","990.0","BONNIE BRAE, AS","19",",a","16",",a","4",",a","107.4",",,a,12,","389.8",",,,a"
"ASN00041165","1967-07","-28.295","152.42","990.0","BONNIE BRAE, AS","7",",a","7",",a","0",",a","22.6",",,a,27,","57.8",",,,a"
"ASN00041165","1967-08","-28.295","152.42","990.0","BONNIE BRAE, AS","6",",a","1",",a","1",",a","47.5",",,a,06,","54.1",",,,a"
"ASN00041165","1967-09","-28.295","152.42","990.0","BONNIE BRAE, AS","3",",a","2",",a","0",",a","4.3",",,a,19,","8.8",",,,a"
"ASN00041165","1967-10","-28.295","152.42","990.0","BONNIE BRAE, AS","12",",a","10",",a","1",",a","28.7",",,a,23,","109.5",",,,a"
"ASN00041165","1967-11","-28.295","152.42","990.0","BONNIE BRAE, AS","3",",a","2",",a","1",",a","59.4",",,a,26,","69.8",",,,a"
"ASN00041165","1967-12","-28.295","152.42","990.0","BONNIE BRAE, AS","6",",a","6",",a","1",",a","25.9",",,a,29,","54.3",",,,a"
"ASN00041165","1968-01","-28.295","152.42","990.0","BONNIE BRAE, AS","15",",a","12",",a","4",",a","146.3",",,a,12,","515.2",",,,a"
"ASN00041165","1968-02","-28.295","152.42","990.0","BONNIE BRAE, AS","11",",a","9",",a","2",",a","47.5",",,a,11,","132.6",",,,a"
"ASN00041165","1968-03","-28.295","152.42","990.0","BONNIE BRAE, AS","8",",a","7",",a","0",",a","21.8",",,a,20,","84.3",",,,a"
"ASN00041165","1968-04","-28.295","152.42","990.0","BONNIE BRAE, AS","4",",a","3",",a","1",",a","35.3",",,a,25,","57.6",",,,a"
"ASN00041165","1968-05","-28.295","152.42","990.0","BONNIE BRAE, AS","10",",a","5",",a","1",",a","28.2",",,a,14,","66.8",",,,a"
"ASN00041165","1968-06","-28.295","152.42","990.0","BONNIE BRAE, AS","3",",a","1",",a","0",",a","12.7",",,a,29,","14.8",",,,a"
"ASN00041165","1968-07","-28.295","152.42","990.0","BONNIE BRAE, AS","4",",a","3",",a","1",",a","28.4",",,a,19,","71.1",",,,a"
"ASN00041165","1968-08","-28.295","152.42","990.0","BONNIE BRAE, AS","9",",a","6",",a","1",",a","51.3",",,a,14,","105.7",",,,a"
"ASN00041165","1968-09","-28.295","152.42","990.0","BONNIE BRAE, AS","4",",a","4",",a","0",",a","5.1",",,a,07,","17.0",",,,a"
"ASN00041165","1968-10","-28.295","152.42","990.0","BONNIE BRAE, AS","5",",a","2",",a","0",",a","8.1",",,a,01,","19.8",",,,a"
"ASN00041165","1968-11","-28.295","152.42","990.0","BONNIE BRAE, AS","4",",a","4",",a","0",",a","24.9",",,a,23,","49.3",",,,a"
"ASN00041165","1968-12","-28.295","152.42","990.0","BONNIE BRAE, AS","7",",a","5",",a","0",",a","24.1",",,a,05,","93.6",",,,a"
"ASN00041165","1969-01","-28.295","152.42","990.0","BONNIE BRAE, AS","9",",a","8",",a","0",",a","22.4",",,a,02,","71.2",",,,a"
"ASN00041165","1969-02","-28.295","152.42","990.0","BONNIE BRAE, AS","13",",a","9",",a","0",",a","11.7",",,a,13,","62.1",",,,a"
"ASN00041165","1969-03","-28.295","152.42","990.0","BONNIE BRAE, AS","10",",a","9",",a","0",",a","19.3",",,a,30,","90.6",",,,a"
"ASN00041165","1969-04","-28.295","152.42","990.0","BONNIE BRAE, AS","3",",a","1",",a","0",",a","8.6",",,a,15,","11.7",",,,a"
"ASN00041165","1969-05","-28.295","152.42","990.0","BONNIE BRAE, AS","14",",a","10",",a","3",",a","50.8",",,a,15,","178.0",",,,a"
"ASN00041165","1969-06","-28.295","152.42","990.0","BONNIE BRAE, AS","7",",a","4",",a","0",",a","9.9",",,a,20,","29.1",",,,a"
"ASN00041165","1969-07","-28.295","152.42","990.0","BONNIE BRAE, AS","6",",a","3",",a","0",",a","17.8",",,a,16,","43.2",",,,a"
"ASN00041165","1969-08","-28.295","152.42","990.0","BONNIE BRAE, AS","6",",a","5",",a","3",",a","45.0",",,a,27,","130.9",",,,a"
"ASN00041165","1969-09","-28.295","152.42","990.0","BONNIE BRAE, AS","4",",a","3",",a","0",",a","13.2",",,a,07,","27.4",",,,a"
"ASN00041165","1969-10","-28.295","152.42","990.0","BONNIE BRAE, AS","14",",a","11",",a","5",",a","47.8",",,a,13,","224.8",",,,a"
"ASN00041165","1969-11","-28.295","152.42","990.0","BONNIE BRAE, AS","7",",a","7",",a","0",",a","22.9",",,a,14,","90.9",",,,a"
"ASN00041165","1969-12","-28.295","152.42","990.0","BONNIE BRAE, AS","6",",a","5",",a","1",",a","40.9",",,a,24,","85.1",",,,a"
"ASN00041165","1970-01","-28.295","152.42","990.0","BONNIE BRAE, AS","12",",a","9",",a","1",",a","27.9",",,a,02,","110.4",",,,a"
"ASN00041165","1970-02","-28.295","152.42","990.0","BONNIE BRAE, AS","11",",a","10",",a","0",",a","22.9",",,a,16,","82.5",",,,a"
"ASN00041165","1970-03","-28.295","152.42","990.0","BONNIE BRAE, AS","9",",a","6",",a","0",",a","23.1",",,a,21,","82.2",",,,a"
"ASN00041165","1970-04","-28.295","152.42","990.0","BONNIE BRAE, AS","10",",a","7",",a","0",",a","18.3",",,a,24,","43.0",",,,a"
"ASN00041165","1970-05","-28.295","152.42","990.0","BONNIE BRAE, AS","1",",a","1",",a","0",",a","8.6",",,a,29,","8.6",",,,a"
"ASN00041165","1970-06","-28.295","152.42","990.0","BONNIE BRAE, AS","2",",a","2",",a","0",",a","13.0",",,a,23,","19.9",",,,a"
"ASN00041165","1970-07","-28.295","152.42","990.0","BONNIE BRAE, AS","1",",a","1",",a","0",",a","2.5",",,a,09,","2.5",",,,a"
"ASN00041165","1970-08","-28.295","152.42","990.0","BONNIE BRAE, AS","2",",a","2",",a","0",",a","15.7",",,a,12,","24.6",",,,a"
"ASN00041165","1970-09","-28.295","152.42","990.0","BONNIE BRAE, AS","9",",a","8",",a","1",",a","25.7",",,a,28,","74.7",",,,a"
"ASN00041165","1970-10","-28.295","152.42","990.0","BONNIE BRAE, AS","7",",a","7",",a","1",",a","55.9",",,a,23,","98.1",",,,a"
"ASN00041165","1970-11","-28.295","152.42","990.0","BONNIE BRAE, AS","9",",a","8",",a","0",",a","17.3",",,a,08,","78.2",",,,a"
"ASN00041165","1970-12","-28.295","152.42","990.0","BONNIE BRAE, AS","17",",a","15",",a","5",",a","65.3",",,a,07,","339.3",",,,a"
"ASN00041165","1971-01","-28.295","152.42","990.0","BONNIE BRAE, AS","16",",a","14",",a","2",",a","55.1",",,a,31,","224.3",",,,a"
"ASN00041165","1971-02","-28.295","152.42","990.0","BONNIE BRAE, AS","22",",a","18",",a","5",",a","81.5",",,a,02,","414.1",",,,a"
"ASN00041165","1971-03","-28.295","152.42","990.0","BONNIE BRAE, AS","17",",a","12",",a","0",",a","20.8",",,a,05,","114.9",",,,a"
"ASN00041165","1971-04","-28.295","152.42","990.0","BONNIE BRAE, AS","8",",a","6",",a","1",",a","34.0",",,a,03,","73.9",",,,a"
"ASN00041165","1971-05","-28.295","152.42","990.0","BONNIE BRAE, AS","3",",a","2",",a","0",",a","20.8",",,a,21,","25.6",",,,a"
"ASN00041165","1971-06","-28.295","152.42","990.0","BONNIE BRAE, AS","5",",a","2",",a","0",",a","9.1",",,a,11,","16.2",",,,a"
"ASN00041165","1971-07","-28.295","152.42","990.0","BONNIE BRAE, AS","3",",a","2",",a","1",",a","38.4",",,a,17,","47.8",",,,a"
"ASN00041165","1971-08","-28.295","152.42","990.0","BONNIE BRAE, AS","6",",a","5",",a","0",",a","23.9",",,a,29,","58.9",",,,a"
"ASN00041165","1971-09","-28.295","152.42","990.0","BONNIE BRAE, AS","7",",a","5",",a","0",",a","19.8",",,a,17,","54.6",",,,a"
"ASN00041165","1971-10","-28.295","152.42","990.0","BONNIE BRAE, AS","4",",a","2",",a","1",",a","29.2",",,a,13,","53.6",",,,a"
"ASN00041165","1971-11","-28.295","152.42","990.0","BONNIE BRAE, AS","8",",a","7",",a","0",",a","24.9",",,a,29,","81.9",",,,a"
"ASN00041165","1971-12","-28.295","152.42","990.0","BONNIE BRAE, AS","7",",a","6",",a","1",",a","39.6",",,a,28,","92.0",",,,a"
"ASN00041165","1972-01","-28.295","152.42","990.0","BONNIE BRAE, AS","11",",a","11",",a","2",",a","36.3",",,a,15,","167.5",",,,a"
"ASN00041165","1972-02","-28.295","152.42","990.0","BONNIE BRAE, AS","18",",a","15",",a","1",",a","44.5",",,a,12,","185.6",",,,a"
"ASN00041165","1972-03","-28.295","152.42","990.0","BONNIE BRAE, AS","12",",a","10",",a","1",",a","35.3",",,a,08,","155.9",",,,a"
"ASN00041165","1972-04","-28.295","152.42","990.0","BONNIE BRAE, AS","3",",a","3",",a","1",",a","105.7",",,a,03,","116.6",",,,a"
"ASN00041165","1972-05","-28.295","152.42","990.0","BONNIE BRAE, AS","17",",a","13",",a","0",",a","17.0",",,a,31,","94.6",",,,a"
"ASN00041165","1972-06","-28.295","152.42","990.0","BONNIE BRAE, AS","8",",a","5",",a","0",",a","8.4",",,a,04,","30.0",",,,a"
"ASN00041165","1972-07","-28.295","152.42","990.0","BONNIE BRAE, AS","1",",a","1",",a","0",",a","7.9",",,a,25,","7.9",",,,a"
"ASN00041165","1972-08","-28.295","152.42","990.0","BONNIE BRAE, AS","7",",a","5",",a","0",",a","16.3",",,a,05,","44.5",",,,a"
"ASN00041165","1972-09","-28.295","152.42","990.0","BONNIE BRAE, AS","2",",a","2",",a","0",",a","5.1",",,a,09,","9.4",",,,a"
"ASN00041165","1972-10","-28.295","152.42","990.0","BONNIE BRAE, AS","12",",a","10",",a","4",",a","188.7",",,a,29,","419.7",",,,a"
"ASN00041165","1972-11","-28.295","152.42","990.0","BONNIE BRAE, AS","10",",a","7",",a","0",",a","22.6",",,a,27,","69.8",",,,a"
"ASN00041165","1972-12","-28.295","152.42","990.0","BONNIE BRAE, AS","7",",a","6",",a","2",",a","50.5",",,a,09,","131.0",",,,a"
"ASN00041165","1973-01","-28.295","152.42","990.0","BONNIE BRAE, AS","13",",a","13",",a","2",",a","47.0",",,a,10,","164.6",",,,a"
"ASN00041165","1973-02","-28.295","152.42","990.0","BONNIE BRAE, AS","13",",a","12",",a","4",",a","63.0",",,a,11,","306.9",",,,a"
"ASN00041165","1973-03","-28.295","152.42","990.0","BONNIE BRAE, AS","4",",a","3",",a","0",",a","20.8",",,a,31,","39.8",",,,a"
"ASN00041165","1973-04","-28.295","152.42","990.0","BONNIE BRAE, AS","4",",a","4",",a","0",",a","9.7",",,a,26,","22.4",",,,a"
"ASN00041165","1973-05","-28.295","152.42","990.0","BONNIE BRAE, AS","5",",a","5",",a","0",",a","14.0",",,a,02,","37.6",",,,a"
"ASN00041165","1973-06","-28.295","152.42","990.0","BONNIE BRAE, AS","6",",a","5",",a","0",",a","11.9",",,a,03,","31.4",",,,a"
"ASN00041165","1973-07","-28.295","152.42","990.0","BONNIE BRAE, AS","15",",a","15",",a","3",",a","60.7",",,a,07,","212.7",",,,a"
"ASN00041165","1973-08","-28.295","152.42","990.0","BONNIE BRAE, AS","5",",a","4",",a","0",",a","16.5",",,a,10,","35.3",",,,a"
"ASN00041165","1973-09","-28.295","152.42","990.0","BONNIE BRAE, AS","7",",a","7",",a","0",",a","20.3",",,a,15,","68.1",",,,a"
"ASN00041165","1973-10","-28.295","152.42","990.0","BONNIE BRAE, AS","9",",a","8",",a","0",",a","14.7",",,a,29,","78.8",",,,a"
"ASN00041165","1973-11","-28.295","152.42","990.0","BONNIE BRAE, AS","9",",a","8",",a","2",",a","27.7",",,a,23,","129.5",",,,a"
"ASN00041165","1973-12","-28.295","152.42","990.0","BONNIE BRAE, AS","9",",a","8",",a","1",",a","31.2",",,a,21,","68.3",",,,a"
"ASN00041165","1974-01","-28.295","152.42","990.0","BONNIE BRAE, AS","22",",a","20",",a","9",",a","211.8",",,a,26,","697.6",",,,a"
"ASN00041165","1974-02","-28.295","152.42","990.0","BONNIE BRAE, AS","12",",a","9",",a","0",",a","18.4",",,a,18,","61.8",",,,a"
"ASN00041165","1974-03","-28.295","152.42","990.0","BONNIE BRAE, AS","13",",a","11",",a","2",",a","94.0",",,a,13,","200.4",",,,a"
"ASN00041165","1974-04","-28.295","152.42","990.0","BONNIE BRAE, AS","8",",a","7",",a","0",",a","14.4",",,a,27,","68.0",",,,a"
"ASN00041165","1974-05","-28.295","152.42","990.0","BONNIE BRAE, AS","11",",a","6",",a","0",",a","22.2",",,a,24,","67.8",",,,a"
"ASN00041165","1974-06","-28.295","152.42","990.0","BONNIE BRAE, AS","6",",a","6",",a","1",",a","30.0",",,a,03,","70.4",",,,a"
"ASN00041165","1974-07","-28.295","152.42","990.0","BONNIE BRAE, AS","1",",a","1",",a","0",",a","2.8",",,a,06,","2.8",",,,a"
"ASN00041165","1974-08","-28.295","152.42","990.0","BONNIE BRAE, AS","4",",a","4",",a","0",",a","22.4",",,a,27,","54.6",",,,a"
"ASN00041165","1974-09","-28.295","152.42","990.0","BONNIE BRAE, AS","3","2,a","2","2,a","0","2,a","23.0","2,,a,19,","37.0",",a,,a"
"ASN00041165","1974-10","-28.295","152.42","990.0","BONNIE BRAE, AS","8",",a","8",",a","0",",a","22.0",",,a,05,","77.2",",,,a"
"ASN00041165","1974-11","-28.295","152.42","990.0","BONNIE BRAE, AS","10",",a","7",",a","3",",a","77.0",",,a,20,","187.4",",,,a"
"ASN00041165","1974-12","-28.295","152.42","990.0","BONNIE BRAE, AS","6",",a","6",",a","1",",a","33.0",",,a,12,","70.8",",,,a"
"ASN00041165","1975-01","-28.295","152.42","990.0","BONNIE BRAE, AS","7",",a","7",",a","2",",a","31.2",",,a,09,","97.4",",,,a"
"ASN00041165","1975-02","-28.295","152.42","990.0","BONNIE BRAE, AS","8",",a","8",",a","3",",a","109.0",",,a,25,","254.2",",,,a"
"ASN00041165","1975-03","-28.295","152.42","990.0","BONNIE BRAE, AS","11",",a","10",",a","3",",a","45.2",",,a,30,","200.8",",,,a"
"ASN00041165","1975-04","-28.295","152.42","990.0","BONNIE BRAE, AS","7",",a","6",",a","0",",a","14.0",",,a,14,","51.0",",,,a"
"ASN00041165","1975-05","-28.295","152.42","990.0","BONNIE BRAE, AS","4",",a","3",",a","0",",a","11.2",",,a,03,","20.8",",,,a"
"ASN00041165","1975-06","-28.295","152.42","990.0","BONNIE BRAE, AS","10",",a","5",",a","1",",a","36.0",",,a,21,","67.1",",,,a"
"ASN00041165","1975-07","-28.295","152.42","990.0","BONNIE BRAE, AS","4",",a","4",",a","0",",a","24.4",",,a,03,","41.6",",,,a"
"ASN00041165","1975-08","-28.295","152.42","990.0","BONNIE BRAE, AS","8",",a","6",",a","0",",a","15.8",",,a,16,","45.4",",,,a"
"ASN00041165","1975-09","-28.295","152.42","990.0","BONNIE BRAE, AS","9",",a","9",",a","1",",a","46.0",",,a,01,","107.0",",,,a"
"ASN00041165","1975-10","-28.295","152.42","990.0","BONNIE BRAE, AS","9",",a","9",",a","2",",a","35.2",",,a,24,","125.0",",,,a"
"ASN00041165","1975-11","-28.295","152.42","990.0","BONNIE BRAE, AS","10",",a","9",",a","4",",a","55.2",",,a,14,","201.4",",,,a"
"ASN00041165","1975-12","-28.295","152.42","990.0","BONNIE BRAE, AS","16",",a","13",",a","6",",a","68.0",",,a,23,","364.2",",,,a"
"ASN00041165","1976-01","-28.295","152.42","990.0","BONNIE BRAE, AS","17",",a","12",",a","5",",a","145.6",",,a,21,","352.6",",,,a"
"ASN00041165","1976-02","-28.295","152.42","990.0","BONNIE BRAE, AS","19",",a","17",",a","3",",a","183.4",",,a,11,","389.4",",,,a"
"ASN00041165","1976-03","-28.295","152.42","990.0","BONNIE BRAE, AS","15",",a","13",",a","2",",a","30.0",",,a,14,","155.0",",,,a"
"ASN00041165","1976-04","-28.295","152.42","990.0","BONNIE BRAE, AS","6",",a","6",",a","1",",a","29.2",",,a,16,","69.2",",,,a"
"ASN00041165","1976-05","-28.295","152.42","990.0","BONNIE BRAE, AS","11",",a","11",",a","0",",a","22.4",",,a,23,","91.8",",,,a"
"ASN00041165","1976-06","-28.295","152.42","990.0","BONNIE BRAE, AS","10",",a","9",",a","0",",a","10.2",",,a,20,","60.8",",,,a"
"ASN00041165","1976-07","-28.295","152.42","990.0","BONNIE BRAE, AS","7",",a","6",",a","0",",a","22.2",",,a,26,","60.2",",,,a"
"ASN00041165","1976-08","-28.295","152.42","990.0","BONNIE BRAE, AS","3",",a","3",",a","0",",a","4.6",",,a,28,","12.6",",,,a"
"ASN00041165","1976-09","-28.295","152.42","990.0","BONNIE BRAE, AS","7",",a","7",",a","0",",a","16.2",",,a,27,","65.6",",,,a"
"ASN00041165","1976-10","-28.295","152.42","990.0","BONNIE BRAE, AS","8",",a","7",",a","1",",a","31.2",",,a,14,","72.8",",,,a"
"ASN00041165","1976-11","-28.295","152.42","990.0","BONNIE BRAE, AS","9",",a","9",",a","2",",a","57.0",",,a,01,","156.4",",,,a"
"ASN00041165","1976-12","-28.295","152.42","990.0","BONNIE BRAE, AS","3",",a","3",",a","1",",a","25.6",",,a,24,","51.4",",,,a"
"ASN00041165","1977-01","-28.295","152.42","990.0","BONNIE BRAE, AS","5",",a","5",",a","0",",a","17.6",",,a,14,","38.0",",,,a"
"ASN00041165","1977-02","-28.295","152.42","990.0","BONNIE BRAE, AS","11",",a","9",",a","3",",a","45.0",",,a,22,","153.6",",,,a"
"ASN00041165","1977-03","-28.295","152.42","990.0","BONNIE BRAE, AS","11",",a","11",",a","2",",a","36.4",",,a,11,","177.6",",,,a"
"ASN00041165","1977-04","-28.295","152.42","990.0","BONNIE BRAE, AS","9",",a","6",",a","0",",a","21.0",",,a,08,","54.6",",,,a"
"ASN00041165","1977-05","-28.295","152.42","990.0","BONNIE BRAE, AS","10",",a","9",",a","1",",a","26.4",",,a,17,","121.6",",,,a"
"ASN00041165","1977-06","-28.295","152.42","990.0","BONNIE BRAE, AS","4",",a","3",",a","0",",a","6.4",",,a,24,","19.8",",,,a"
"ASN00041165","1977-07","-28.295","152.42","990.0","BONNIE BRAE, AS","5",",a","5",",a","0",",a","7.0",",,a,07,","30.0",",,,a"
"ASN00041165","1977-08","-28.295","152.42","990.0","BONNIE BRAE, AS","1",",a","1",",a","0",",a","13.6",",,a,13,","13.6",",,,a"
"ASN00041165","1977-09","-28.295","152.42","990.0","BONNIE BRAE, AS","4",",a","1",",a","0",",a","9.4",",,a,08,","15.6",",,,a"
"ASN00041165","1977-10","-28.295","152.42","990.0","BONNIE BRAE, AS","5",",a","4",",a","0",",a","13.2",",,a,27,","26.8",",,,a"
"ASN00041165","1977-11","-28.295","152.42","990.0","BONNIE BRAE, AS","9",",a","7",",a","2",",a","41.4",",,a,04,","108.6",",,,a"
"ASN00041165","1977-12","-28.295","152.42","990.0","BONNIE BRAE, AS","5",",a","5",",a","0",",a","19.2",",,a,20,","59.6",",,,a"
"ASN00041165","1978-01","-28.295","152.42","990.0","BONNIE BRAE, AS","12",",a","11",",a","0",",a","21.8",",,a,30,","128.4",",,,a"
"ASN00041165","1978-02","-28.295","152.42","990.0","BONNIE BRAE, AS","6",",a","6",",a","1",",a","27.0",",,a,24,","85.4",",,,a"
"ASN00041165","1978-03","-28.295","152.42","990.0","BONNIE BRAE, AS","13",",a","12",",a","4",",a","57.4",",,a,18,","256.3",",,,a"
"ASN00041165","1978-04","-28.295","152.42","990.0","BONNIE BRAE, AS","5",",a","5",",a","0",",a","23.0",",,a,02,","65.0",",,,a"
"ASN00041165","1978-05","-28.295","152.42","990.0","BONNIE BRAE, AS","4",",a","4",",a","0",",a","14.4",",,a,11,","37.6",",,,a"
"ASN00041165","1978-06","-28.295","152.42","990.0","BONNIE BRAE, AS","8",",a","6",",a","0",",a","10.8",",,a,12,","36.0",",,,a"
"ASN00041165","1978-07","-28.295","152.42","990.0","BONNIE BRAE, AS","5",",a","4",",a","1",",a","33.4",",,a,03,","62.2",",,,a"
"ASN00041165","1978-08","-28.295","152.42","990.0","BONNIE BRAE, AS","9",",a","9",",a","0",",a","11.6",",,a,09,","66.4",",,,a"
"ASN00041165","1978-09","-28.295","152.42","990.0","BONNIE BRAE, AS","10",",a","9",",a","1",",a","29.2",",,a,01,","115.0",",,,a"
"ASN00041165","1978-10","-28.295","152.42","990.0","BONNIE BRAE, AS","7",",a","6",",a","0",",a","19.6",",,a,18,","70.2",",,,a"
"ASN00041165","1978-11","-28.295","152.42","990.0","BONNIE BRAE, AS","10",",a","10",",a","0",",a","15.0",",,a,11,+","100.8",",,,a"
"ASN00041165","1978-12","-28.295","152.42","990.0","BONNIE BRAE, AS","13",",a","13",",a","3",",a","84.0",",,a,30,","246.0",",,,a"
"ASN00041165","1979-01","-28.295","152.42","990.0","BONNIE BRAE, AS","11",",a","10",",a","2",",a","49.0",",,a,19,","183.4",",,,a"
"ASN00041165","1979-02","-28.295","152.42","990.0","BONNIE BRAE, AS","8",",a","8",",a","2",",a","32.0",",,a,06,","114.0",",,,a"
"ASN00041165","1979-03","-28.295","152.42","990.0","BONNIE BRAE, AS","7",",a","7",",a","2",",a","38.6",",,a,04,","93.4",",,,a"
"ASN00041165","1979-04","-28.295","152.42","990.0","BONNIE BRAE, AS","6",",a","6",",a","0",",a","7.2",",,a,09,","32.0",",,,a"
"ASN00041165","1979-05","-28.295","152.42","990.0","BONNIE BRAE, AS","3",",a","3",",a","0",",a","22.2",",,a,06,","35.8",",,,a"
"ASN00041165","1979-06","-28.295","152.42","990.0","BONNIE BRAE, AS","7",",a","5",",a","3",",a","122.6",",,a,21,","210.0",",,,a"
"ASN00041165","1979-07","-28.295","152.42","990.0","BONNIE BRAE, AS","5",",a","5",",a","1",",a","29.4",",,a,30,","55.4",",,,a"
"ASN00041165","1979-08","-28.295","152.42","990.0","BONNIE BRAE, AS","3",",a","2",",a","0",",a","7.0",",,a,19,","11.8",",,,a"
"ASN00041165","1979-09","-28.295","152.42","990.0","BONNIE BRAE, AS","2",",a","2",",a","0",",a","5.2",",,a,12,","8.2",",,,a"
"ASN00041165","1979-10","-28.295","152.42","990.0","BONNIE BRAE, AS","6",",a","5",",a","1",",a","32.4",",,a,26,","80.0",",,,a"
"ASN00041165","1979-11","-28.295","152.42","990.0","BONNIE BRAE, AS","11",",a","8",",a","0",",a","23.4",",,a,21,","82.6",",,,a"
"ASN00041165","1979-12","-28.295","152.42","990.0","BONNIE BRAE, AS","8",",a","7",",a","1",",a","32.6",",,a,24,","74.6",",,,a"
"ASN00041165","1980-01","-28.295","152.42","990.0","BONNIE BRAE, AS","7",",a","6",",a","1",",a","48.0",",,a,28,","107.2",",,,a"
"ASN00041165","1980-02","-28.295","152.42","990.0","BONNIE BRAE, AS","9",",a","8",",a","2",",a","54.0",",,a,06,","129.0",",,,a"
"ASN00041165","1980-03","-28.295","152.42","990.0","BONNIE BRAE, AS","4",",a","2",",a","0",",a","24.6",",,a,10,","36.2",",,,a"
"ASN00041165","1980-04","-28.295","152.42","990.0","BONNIE BRAE, AS","2",",a","2",",a","0",",a","6.2",",,a,20,","9.4",",,,a"
"ASN00041165","1980-05","-28.295","152.42","990.0","BONNIE BRAE, AS","13",",a","11",",a","4",",a","90.8",",,a,09,","266.4",",,,a"
"ASN00041165","1980-06","-28.295","152.42","990.0","BONNIE BRAE, AS","4",",a","4",",a","0",",a","4.8",",,a,16,","15.2",",,,a"
"ASN00041165","1980-07","-28.295","152.42","990.0","BONNIE BRAE, AS","1",",a","1",",a","0",",a","25.0",",,a,31,","25.0",",,,a"
"ASN00041165","1980-08","-28.295","152.42","990.0","BONNIE BRAE, AS","3",",a","3",",a","0",",a","12.0",",,a,01,","24.6",",,,a"
"ASN00041165","1980-09","-28.295","152.42","990.0","BONNIE BRAE, AS","0",",a","0",",a","0",",a","0.0",",,a,30,+","0.0",",,,a"
"ASN00041165","1980-10","-28.295","152.42","990.0","BONNIE BRAE, AS","8",",a","7",",a","1",",a","28.6",",,a,18,","70.8",",,,a"
"ASN00041165","1980-11","-28.295","152.42","990.0","BONNIE BRAE, AS","8",",a","8",",a","0",",a","24.0",",,a,15,","62.4",",,,a"
"ASN00041165","1980-12","-28.295","152.42","990.0","BONNIE BRAE, AS","9",",a","8",",a","0",",a","22.6",",,a,15,","97.6",",,,a"
"ASN00041165","1981-01","-28.295","152.42","990.0","BONNIE BRAE, AS","5",",a","5",",a","2",",a","46.4",",,a,01,","100.2",",,,a"
"ASN00041165","1981-02","-28.295","152.42","990.0","BONNIE BRAE, AS","13",",a","12",",a","6",",a","65.4",",,a,04,","312.0",",,,a"
"ASN00041165","1981-03","-28.295","152.42","990.0","BONNIE BRAE, AS","9",",a","8",",a","1",",a","26.6",",,a,26,","105.4",",,,a"
"ASN00041165","1981-04","-28.295","152.42","990.0","BONNIE BRAE, AS","9",",a","9",",a","3",",a","39.4",",,a,02,","143.2",",,,a"
"ASN00041165","1981-05","-28.295","152.42","990.0","BONNIE BRAE, AS","7",",a","7",",a","2",",a","54.6",",,a,22,","113.0",",,,a"
"ASN00041165","1981-06","-28.295","152.42","990.0","BONNIE BRAE, AS","5",",a","5",",a","0",",a","12.4",",,a,01,","40.4",",,,a"
"ASN00041165","1981-07","-28.295","152.42","990.0","BONNIE BRAE, AS","5",",a","4",",a","0",",a","25.0",",,a,22,","52.0",",,,a"
"ASN00041165","1981-08","-28.295","152.42","990.0","BONNIE BRAE, AS","3",",a","2",",a","1",",a","53.0",",,a,26,","59.6",",,,a"
"ASN00041165","1981-09","-28.295","152.42","990.0","BONNIE BRAE, AS","2",",a","2",",a","0",",a","16.4",",,a,21,","20.4",",,,a"
"ASN00041165","1981-10","-28.295","152.42","990.0","BONNIE BRAE, AS","5",",a","5",",a","0",",a","13.4",",,a,19,","41.8",",,,a"
"ASN00041165","1981-11","-28.295","152.42","990.0","BONNIE BRAE, AS","8",",a","8",",a","3",",a","97.0",",,a,03,","238.0",",,,a"
"ASN00041165","1981-12","-28.295","152.42","990.0","BONNIE BRAE, AS","13",",a","13",",a","2",",a","82.4",",,a,04,","258.2",",,,a"
"ASN00041165","1982-01","-28.295","152.42","990.0","BONNIE BRAE, AS","10",",a","10",",a","1",",a","53.2",",,a,22,","150.2",",,,a"
"ASN00041165","1982-02","-28.295","152.42","990.0","BONNIE BRAE, AS","6",",a","6",",a","1",",a","41.2",",,a,25,","92.0",",,,a"
"ASN00041165","1982-03","-28.295","152.42","990.0","BONNIE BRAE, AS","15",",a","14",",a","2",",a","29.6",",,a,14,","193.0",",,,a"
"ASN00041165","1982-04","-28.295","152.42","990.0","BONNIE BRAE, AS","10",",a","9",",a","0",",a","21.2",",,a,12,","83.0",",,,a"
"ASN00041165","1982-05","-28.295","152.42","990.0","BONNIE BRAE, AS","2",",a","2",",a","1",",a","33.6",",,a,30,","43.8",",,,a"
"ASN00041165","1982-06","-28.295","152.42","990.0","BONNIE BRAE, AS","1",",a","1",",a","0",",a","7.4",",,a,13,","7.4",",,,a"
"ASN00041165","1982-07","-28.295","152.42","990.0","BONNIE BRAE, AS","4",",a","4",",a","0",",a","10.0",",,a,14,","26.2",",,,a"
"ASN00041165","1982-08","-28.295","152.42","990.0","BONNIE BRAE, AS","4",",a","4",",a","0",",a","9.2",",,a,10,","28.2",",,,a"
"ASN00041165","1982-09","-28.295","152.42","990.0","BONNIE BRAE, AS","5",",a","5",",a","1",",a","27.0",",,a,22,","73.4",",,,a"
"ASN00041165","1982-10","-28.295","152.42","990.0","BONNIE BRAE, AS","5",",a","5",",a","1",",a","100.0",",,a,11,","143.0",",,,a"
"ASN00041165","1982-11","-28.295","152.42","990.0","BONNIE BRAE, AS","4",",a","4",",a","0",",a","10.0",",,a,01,","24.4",",,,a"
"ASN00041165","1982-12","-28.295","152.42","990.0","BONNIE BRAE, AS","8",",a","8",",a","3",",a","54.0",",,a,02,","168.4",",,,a"
"ASN00041165","1983-01","-28.295","152.42","990.0","BONNIE BRAE, AS","6",",a","6",",a","0",",a","25.2",",,a,01,","74.2",",,,a"
"ASN00041165","1983-02","-28.295","152.42","990.0","BONNIE BRAE, AS","4",",a","4",",a","0",",a","10.2",",,a,26,","29.2",",,,a"
"ASN00041165","1983-03","-28.295","152.42","990.0","BONNIE BRAE, AS","","","","","","","","","89.6",",a,,a"
"ASN00041165","1983-04","-28.295","152.42","990.0","BONNIE BRAE, AS","8",",a","7",",a","1",",a","30.0",",,a,28,","114.8",",,,a"
"ASN00041165","1983-05","-28.295","152.42","990.0","BONNIE BRAE, AS","12",",a","10",",a","4",",a","75.4",",,a,03,","295.4",",,,a"
"ASN00041165","1983-06","-28.295","152.42","990.0","BONNIE BRAE, AS","12",",a","10",",a","3",",a","57.6",",,a,22,","187.6",",,,a"
"ASN00041165","1983-07","-28.295","152.42","990.0","BONNIE BRAE, AS","6",",a","5",",a","2",",a","33.4",",,a,29,","81.2",",,,a"
"ASN00041165","1983-08","-28.295","152.42","990.0","BONNIE BRAE, AS","7",",a","6",",a","1",",a","28.6",",,a,27,","68.2",",,,a"
"ASN00041165","1983-09","-28.295","152.42","990.0","BONNIE BRAE, AS","7",",a","6",",a","0",",a","22.0",",,a,08,","88.0",",,,a"
"ASN00041165","1983-10","-28.295","152.42","990.0","BONNIE BRAE, AS","8",",a","8",",a","1",",a","53.2",",,a,06,","115.0",",,,a"
"ASN00041165","1983-11","-28.295","152.42","990.0","BONNIE BRAE, AS","11",",a","11",",a","2",",a","57.2",",,a,29,","194.2",",,,a"
"ASN00041165","1983-12","-28.295","152.42","990.0","BONNIE BRAE, AS","12",",a","12",",a","1",",a","34.4",",,a,04,","172.0",",,,a"
"ASN00041165","1984-01","-28.295","152.42","990.0","BONNIE BRAE, AS","13",",a","11",",a","1",",a","27.0",",,a,28,","134.8",",,,a"
"ASN00041165","1984-02","-28.295","152.42","990.0","BONNIE BRAE, AS","13",",a","12",",a","4",",a","42.6",",,a,23,","187.6",",,,a"
"ASN00041165","1984-03","-28.295","152.42","990.0","BONNIE BRAE, AS","6",",a","6",",a","0",",a","24.8",",,a,07,","79.8",",,,a"
"ASN00041165","1984-04","-28.295","152.42","990.0","BONNIE BRAE, AS","9",",a","8",",a","2",",a","96.4",",,a,10,","233.0",",,,a"
"ASN00041165","1984-05","-28.295","152.42","990.0","BONNIE BRAE, AS","6",",a","6",",a","0",",a","17.0",",,a,20,","50.2",",,,a"
"ASN00041165","1984-06","-28.295","152.42","990.0","BONNIE BRAE, AS","7",",a","6",",a","0",",a","15.8",",,a,17,","69.2",",,,a"
"ASN00041165","1984-07","-28.295","152.42","990.0","BONNIE BRAE, AS","13",",a","12",",a","1",",a","108.4",",,a,27,","201.4",",,,a"
"ASN00041165","1984-08","-28.295","152.42","990.0","BONNIE BRAE, AS","3",",a","3",",a","0",",a","14.0",",,a,11,","26.0",",,,a"
"ASN00041165","1984-09","-28.295","152.42","990.0","BONNIE BRAE, AS","3",",a","3",",a","0",",a","18.0",",,a,14,","39.8",",,,a"
"ASN00041165","1984-10","-28.295","152.42","990.0","BONNIE BRAE, AS","7",",a","7",",a","1",",a","27.0",",,a,31,","74.2",",,,a"
"ASN00041165","1984-11","-28.295","152.42","990.0","BONNIE BRAE, AS","7",",a","6",",a","2",",a","36.4",",,a,05,","136.0",",,,a"
"ASN00041165","1984-12","-28.295","152.42","990.0","BONNIE BRAE, AS","7",",a","7",",a","1",",a","38.6",",,a,13,","98.8",",,,a"
"ASN00041165","1985-01","-28.295","152.42","990.0","BONNIE BRAE, AS","7",",a","5",",a","3",",a","42.0",",,a,19,","137.4",",,,a"
"ASN00041165","1985-02","-28.295","152.42","990.0","BONNIE BRAE, AS","11",",a","11",",a","0",",a","23.0",",,a,19,","112.6",",,,a"
"ASN00041165","1985-03","-28.295","152.42","990.0","BONNIE BRAE, AS","9",",a","7",",a","1",",a","32.8",",,a,09,","76.8",",,,a"
"ASN00041165","1985-04","-28.295","152.42","990.0","BONNIE BRAE, AS","11",",a","9",",a","1",",a","26.2",",,a,23,","98.6",",,,a"
"ASN00041165","1985-05","-28.295","152.42","990.0","BONNIE BRAE, AS","13",",a","12",",a","0",",a","18.8",",,a,14,","106.2",",,,a"
"ASN00041165","1985-06","-28.295","152.42","990.0","BONNIE BRAE, AS","5",",a","3",",a","1",",a","38.6",",,a,04,","52.0",",,,a"
"ASN00041165","1985-07","-28.295","152.42","990.0","BONNIE BRAE, AS","4",",a","3",",a","2",",a","43.4",",,a,09,","80.8",",,,a"
"ASN00041165","1985-08","-28.295","152.42","990.0","BONNIE BRAE, AS","6",",a","6",",a","0",",a","14.2",",,a,14,","44.4",",,,a"
"ASN00041165","1985-09","-28.295","152.42","990.0","BONNIE BRAE, AS","6",",a","6",",a","0",",a","16.2",",,a,11,","40.6",",,,a"
"ASN00041165","1985-10","-28.295","152.42","990.0","BONNIE BRAE, AS","6",",a","5",",a","1",",a","37.2",",,a,27,","73.2",",,,a"
"ASN00041165","1985-11","-28.295","152.42","990.0","BONNIE BRAE, AS","7",",a","7",",a","1",",a","26.2",",,a,08,","76.8",",,,a"
"ASN00041165","1985-12","-28.295","152.42","990.0","BONNIE BRAE, AS","11",",a","11",",a","1",",a","30.8",",,a,27,","146.2",",,,a"
"ASN00041165","1986-01","-28.295","152.42","990.0","BONNIE BRAE, AS","8",",a","6",",a","1",",a","27.6",",,a,25,","81.0",",,,a"
"ASN00041165","1986-02","-28.295","152.42","990.0","BONNIE BRAE, AS","8",",a","8",",a","1",",a","49.2",",,a,08,","143.6",",,,a"
"ASN00041165","1986-03","-28.295","152.42","990.0","BONNIE BRAE, AS","6",",a","3",",a","0",",a","8.0",",,a,28,","24.2",",,,a"
"ASN00041165","1986-04","-28.295","152.42","990.0","BONNIE BRAE, AS","4",",a","4",",a","0",",a","7.0",",,a,19,","21.4",",,,a"
"ASN00041165","1986-05","-28.295","152.42","990.0","BONNIE BRAE, AS","10",",a","8",",a","4",",a","29.8",",,a,02,","152.0",",,,a"
"ASN00041165","1986-06","-28.295","152.42","990.0","BONNIE BRAE, AS","2",",a","1",",a","0",",a","3.4",",,a,02,","5.6",",,,a"
"ASN00041165","1986-07","-28.295","152.42","990.0","BONNIE BRAE, AS","6",",a","5",",a","0",",a","16.4",",,a,28,","51.2",",,,a"
"ASN00041165","1986-08","-28.295","152.42","990.0","BONNIE BRAE, AS","6",",a","5",",a","0",",a","8.6",",,a,15,","36.6",",,,a"
"ASN00041165","1986-09","-28.295","152.42","990.0","BONNIE BRAE, AS","2",",a","2",",a","0",",a","10.2",",,a,29,","16.2",",,,a"
"ASN00041165","1986-10","-28.295","152.42","990.0","BONNIE BRAE, AS","8",",a","6",",a","1",",a","38.0",",,a,01,","94.8",",,,a"
"ASN00041165","1986-11","-28.295","152.42","990.0","BONNIE BRAE, AS","10",",a","7",",a","3",",a","40.0",",,a,09,","164.0",",,,a"
"ASN00041165","1986-12","-28.295","152.42","990.0","BONNIE BRAE, AS","8",",a","6",",a","0",",a","18.2",",,a,01,","71.6",",,,a"
"ASN00041165","1987-01","-28.295","152.42","990.0","BONNIE BRAE, AS","11",",a","10",",a","3",",a","68.4",",,a,04,","249.2",",,,a"
"ASN00041165","1987-02","-28.295","152.42","990.0","BONNIE BRAE, AS","7",",a","5",",a","0",",a","10.2",",,a,18,","30.1",",,,a"
"ASN00041165","1987-03","-28.295","152.42","990.0","BONNIE BRAE, AS","8",",a","8",",a","2",",a","49.8",",,a,05,","157.4",",,,a"
"ASN00041165","1987-04","-28.295","152.42","990.0","BONNIE BRAE, AS","12",",a","8",",a","0",",a","13.0",",,a,18,","72.8",",,,a"
"ASN00041165","1987-05","-28.295","152.42","990.0","BONNIE BRAE, AS","14",",a","10",",a","3",",a","27.2",",,a,16,","147.8",",,,a"
"ASN00041165","1987-06","-28.295","152.42","990.0","BONNIE BRAE, AS","10",",a","10",",a","0",",a","24.8",",,a,06,","100.6",",,,a"
"ASN00041165","1987-07","-28.295","152.42","990.0","BONNIE BRAE, AS","7",",a","6",",a","1",",a","32.6",",,a,28,","57.2",",,,a"
"ASN00041165","1987-08","-28.295","152.42","990.0","BONNIE BRAE, AS","12",",a","10",",a","0",",a","15.0",",,a,02,","86.2",",,,a"
"ASN00041165","1987-09","-28.295","152.42","990.0","BONNIE BRAE, AS","1",",a","1",",a","0",",a","9.2",",,a,18,","9.2",",,,a"
"ASN00041165","1987-10","-28.295","152.42","990.0","BONNIE BRAE, AS","6",",a","6",",a","1",",a","32.2",",,a,17,","98.4",",,,a"
"ASN00041165","1987-11","-28.295","152.42","990.0","BONNIE BRAE, AS","6",",a","6",",a","0",",a","19.0",",,a,24,","60.4",",,,a"
"ASN00041165","1987-12","-28.295","152.42","990.0","BONNIE BRAE, AS","8",",a","7",",a","2",",a","57.8",",,a,11,","161.9",",,,a"
"ASN00041165","1988-01","-28.295","152.42","990.0","BONNIE BRAE, AS","16",",a","12",",a","1",",a","30.0",",,a,22,","153.5",",,,a"
"ASN00041165","1988-02","-28.295","152.42","990.0","BONNIE BRAE, AS","8",",a","5",",a","1",",a","76.2",",,a,01,","116.8",",,,a"
"ASN00041165","1988-03","-28.295","152.42","990.0","BONNIE BRAE, AS","16",",a","12",",a","1",",a","33.4",",,a,01,","123.8",",,,a"
"ASN00041165","1988-04","-28.295","152.42","990.0","BONNIE BRAE, AS","21",",a","18",",a","5",",a","134.0",",,a,04,","510.0",",,,a"
"ASN00041165","1988-05","-28.295","152.42","990.0","BONNIE BRAE, AS","5",",a","4",",a","0",",a","11.6",",,a,18,","24.2",",,,a"
"ASN00041165","1988-06","-28.295","152.42","990.0","BONNIE BRAE, AS","10",",a","9",",a","1",",a","120.8",",,a,05,","181.0",",,,a"
"ASN00041165","1988-07","-28.295","152.42","990.0","BONNIE BRAE, AS","8",",a","7",",a","2",",a","60.2",",,a,05,","169.8",",,,a"
"ASN00041165","1988-08","-28.295","152.42","990.0","BONNIE BRAE, AS","5",",a","5",",a","0",",a","19.0",",,a,24,","37.5",",,,a"
"ASN00041165","1988-09","-28.295","152.42","990.0","BONNIE BRAE, AS","8",",a","7",",a","0",",a","25.3",",,a,15,","80.9",",,,a"
"ASN00041165","1988-10","-28.295","152.42","990.0","BONNIE BRAE, AS","1",",a","1",",a","0",",a","13.8",",,a,09,","13.8",",,,a"
"ASN00041165","1988-11","-28.295","152.42","990.0","BONNIE BRAE, AS","5",",a","5",",a","1",",a","25.6",",,a,28,","69.8",",,,a"
"ASN00041165","1988-12","-28.295","152.42","990.0","BONNIE BRAE, AS","17",",a","14",",a","3",",a","30.6",",,a,19,","203.1",",,,a"
"ASN00041165","1989-01","-28.295","152.42","990.0","BONNIE BRAE, AS","14",",a","10",",a","1",",a","28.2",",,a,28,","128.0",",,,a"
"ASN00041165","1989-02","-28.295","152.42","990.0","BONNIE BRAE, AS","12",",a","10",",a","0",",a","20.2",",,a,06,","90.1",",,,a"
"ASN00041165","1989-03","-28.295","152.42","990.0","BONNIE BRAE, AS","17",",a","13",",a","2",",a","37.4",",,a,26,","213.0",",,,a"
"ASN00041165","1989-04","-28.295","152.42","990.0","BONNIE BRAE, AS","19",",a","14",",a","2",",a","74.0",",,a,26,","270.6",",,,a"
"ASN00041165","1989-05","-28.295","152.42","990.0","BONNIE BRAE, AS","18",",a","16",",a","1",",a","48.0",",,a,17,","160.6",",,,a"
"ASN00041165","1989-06","-28.295","152.42","990.0","BONNIE BRAE, AS","12",",a","8",",a","0",",a","19.0",",,a,06,","63.5",",,,a"
"ASN00041165","1989-07","-28.295","152.42","990.0","BONNIE BRAE, AS","6",",a","6",",a","0",",a","19.2",",,a,24,","63.4",",,,a"
"ASN00041165","1989-08","-28.295","152.42","990.0","BONNIE BRAE, AS","3",",a","2",",a","0",",a","18.4",",,a,18,","29.8",",,,a"
"ASN00041165","1989-09","-28.295","152.42","990.0","BONNIE BRAE, AS","0",",a","0",",a","0",",a","0.0",",,a,30,+","0.0",",,,a"
"ASN00041165","1989-10","-28.295","152.42","990.0","BONNIE BRAE, AS","3",",a","3",",a","1",",a","53.2",",,a,27,","80.6",",,,a"
"ASN00041165","1989-11","-28.295","152.42","990.0","BONNIE BRAE, AS","13",",a","11",",a","1",",a","50.4",",,a,18,","133.6",",,,a"
"ASN00041165","1989-12","-28.295","152.42","990.0","BONNIE BRAE, AS","11",",a","9",",a","0",",a","22.4",",,a,25,","89.2",",,,a"
"ASN00041165","1990-01","-28.295","152.42","990.0","BONNIE BRAE, AS","8",",a","8",",a","0",",a","9.2",",,a,14,","39.2",",,,a"
"ASN00041165","1990-02","-28.295","152.42","990.0","BONNIE BRAE, AS","18",",a","12",",a","2",",a","100.9",",,a,04,","245.3",",,,a"
"ASN00041165","1990-03","-28.295","152.42","990.0","BONNIE BRAE, AS","16",",a","13",",a","2",",a","32.4",",,a,27,","173.2",",,,a"
"ASN00041165","1990-04","-28.295","152.42","990.0","BONNIE BRAE, AS","12",",a","10",",a","2",",a","110.3",",,a,05,","232.7",",,,a"
"ASN00041165","1990-05","-28.295","152.42","990.0","BONNIE BRAE, AS","9",",a","5",",a","4",",a","42.4",",,a,28,","139.2",",,,a"
"ASN00041165","1990-06","-28.295","152.42","990.0","BONNIE BRAE, AS","8",",a","8",",a","1",",a","32.0",",,a,18,","121.0",",,,a"
"ASN00041165","1990-07","-28.295","152.42","990.0","BONNIE BRAE, AS","3",",a","3",",a","3",",a","100.7",",,a,31,","157.3",",,,a"
"ASN00041165","1990-08","-28.295","152.42","990.0","BONNIE BRAE, AS","4",",a","3",",a","0",",a","6.0",",,a,10,","15.3",",,,a"
"ASN00041165","1990-09","-28.295","152.42","990.0","BONNIE BRAE, AS","4",",a","3",",a","0",",a","8.0",",,a,15,","23.2",",,,a"
"ASN00041165","1990-10","-28.295","152.42","990.0","BONNIE BRAE, AS","3","1,a","3","1,a","2","1,a","96.0","1,,a,02,","176.4","1,,,a"
"ASN00041165","1990-11","-28.295","152.42","990.0","BONNIE BRAE, AS","5",",a","5",",a","1",",a","28.2",",,a,05,","83.0",",,,a"
"ASN00041165","1990-12","-28.295","152.42","990.0","BONNIE BRAE, AS","10",",a","9",",a","1",",a","28.0",",,a,15,","111.0",",,,a"
