"STATION","DATE","LATITUDE","LONGITUDE","ELEVATION","NAME","CDSD","CDSD_ATTRIBUTES","CLDD","CLDD_ATTRIBUTES","DT00","DT00_ATTRIBUTES","DT32","DT32_ATTRIBUTES","DX32","DX32_ATTRIBUTES","DX70","DX70_ATTRIBUTES","DX90","DX90_ATTRIBUTES","EMNT","EMNT_ATTRIBUTES","EMXT","EMXT_ATTRIBUTES","HDSD","HDSD_ATTRIBUTES","HTDD","HTDD_ATTRIBUTES","TAVG","TAVG_ATTRIBUTES","TMAX","TMAX_ATTRIBUTES","TMIN","TMIN_ATTRIBUTES"
"ASN00004104","1999-01","-20.3736","118.6297","9.0","PORT HEDLAND MILOS AWS COMPARI, AS","","","421.4",",a","0",",a","0",",a","0",",a","31",",a","31",",a","23.2",",a,03,","42.6",",a,28,","0.0","a","0.0",",a","31.93",",a","37.10",",,,a","26.75",",,,a"
"ASN00004104","1999-02","-20.3736","118.6297","9.0","PORT HEDLAND MILOS AWS COMPARI, AS","","","310.0",",a","0",",a","0",",a","0",",a","28",",a","24",",a","22.0",",a,04,","37.1",",a,18,","0.0","a","0.0",",a","29.40",",a","33.98",",,,a","24.83",",,,a"
"ASN00004104","1999-03","-20.3736","118.6297","9.0","PORT HEDLAND MILOS AWS COMPARI, AS","","","387.3",",a","0",",a","0",",a","0",",a","31",",a","29",",a","21.4",",a,06,","41.0",",a,03,","0.0","a","0.0",",a","30.83",",a","36.29",",,,a","25.37",",,,a"
"ASN00004104","1999-04","-20.3736","118.6297","9.0","PORT HEDLAND MILOS AWS COMPARI, AS","","","235.2",",a","0",",a","0",",a","0",",a","30",",a","20",",a","15.6",",a,20,","37.2",",a,04,","0.0","a","0.0",",a","26.17",",a","32.45",",,,a","19.90",",,,a"
"ASN00004104","1999-05","-20.3736","118.6297","9.0","PORT HEDLAND MILOS AWS COMPARI, AS","","","183.4",",a","0",",a","0",",a","0",",a","31",",a","9",",a","11.4",",a,12,","35.2",",a,18,","0.0","a","0.0",",a","24.25",",a","31.27",",,,a","17.22",",,,a"
"ASN00004104","1999-06","-20.3736","118.6297","9.0","PORT HEDLAND MILOS AWS COMPARI, AS","","","110.9",",a","0",",a","0",",a","0",",a","30",",a","1",",a","7.9",",a,29,","33.2",",a,01,","1.6","a","1.6",",a","21.97",",a","28.43",",,,a","15.51",",,,a"
"ASN00004104","1999-07","-20.3736","118.6297","9.0","PORT HEDLAND MILOS AWS COMPARI, AS","47.2","a","47.2",",a","0",",a","0",",a","0",",a","31",",a","0",",a","6.9",",a,22,","31.2",",a,13,","6.4","a","4.8",",a","19.70",",a","27.72",",,,a","11.68",",,,a"
"ASN00004104","1999-08","-20.3736","118.6297","9.0","PORT HEDLAND MILOS AWS COMPARI, AS","180.2","a","133.0",",a","0",",a","0",",a","0",",a","31",",a","5",",a","9.6",",a,19,","36.4",",a,30,","6.4","a","0.0",",a","22.62",",a","30.40",",,,a","14.85",",,,a"
"ASN00004104","1999-09","-20.3736","118.6297","9.0","PORT HEDLAND MILOS AWS COMPARI, AS","373.7","a","193.5",",a","0",",a","0",",a","0",",a","30",",a","19",",a","12.2",",a,05,","38.9",",a,14,","6.4","a","0.0",",a","24.78",",a","34.04",",,,a","15.52",",,,a"
"ASN00004104","1999-10","-20.3736","118.6297","9.0","PORT HEDLAND MILOS AWS COMPARI, AS","616.8","a","243.1",",a","0",",a","0",",a","0",",a","31",",a","22",",a","13.4",",a,01,","41.0",",a,06,","6.4","a","0.0",",a","26.18",",a","33.71",",,,a","18.64",",,,a"
"ASN00004104","1999-11","-20.3736","118.6297","9.0","PORT HEDLAND MILOS AWS COMPARI, AS","913.5","a","296.7",",a","0",",a","0",",a","0",",a","30",",a","26",",a","16.9",",a,17,","40.4",",a,12,","6.4","a","0.0",",a","28.22",",a","35.10",",,,a","21.35",",,,a"
"ASN00004104","1999-12","-20.3736","118.6297","9.0","PORT HEDLAND MILOS AWS COMPARI, AS","1283.0","a","369.5",",a","0",",a","0",",a","0",",a","31",",a","28",",a","20.4",",a,03,","41.3",",a,09,","6.4","a","0.0",",a","30.25",",a","35.75",",,,a","24.75",",,,a"
"ASN00004104","2000-01","-20.3736","118.6297","9.0","PORT HEDLAND MILOS AWS COMPARI, AS","1622.7","a","339.7",",a","0",",a","0",",a","0",",a","31",",a","27",",a","20.9",",a,03,","41.2",",a,19,","0.0","a","0.0",",a","29.29",",a","34.25",",,,a","24.33",",,,a"
"ASN00004104","2000-02","-20.3736","118.6297","9.0","PORT HEDLAND MILOS AWS COMPARI, AS","1992.4","a","369.7",",a","0",",a","0",",a","0",",a","29",",a","26",",a","23.5",",a,19,","44.0",",a,04,","0.0","a","0.0",",a","31.08",",a","36.29",",,,a","25.87",",,,a"
"ASN00004104","2000-03","-20.3736","118.6297","9.0","PORT HEDLAND MILOS AWS COMPARI, AS","2335.9","a","343.5",",a","0",",a","0",",a","0",",a","31",",a","26",",a","22.8",",a,24,+","37.8",",a,21,","0.0","a","0.0",",a","29.41",",a","33.96",",,,a","24.87",",,,a"
"ASN00004104","2000-04","-20.3736","118.6297","9.0","PORT HEDLAND MILOS AWS COMPARI, AS","2632.9","a","297.0",",a","0",",a","0",",a","0",",a","30",",a","21",",a","18.5",",a,24,","37.3",",a,12,","0.0","a","0.0",",a","28.23",",a","33.49",",,,a","22.97",",,,a"
"ASN00004104","2000-05","-20.3736","118.6297","9.0","PORT HEDLAND MILOS AWS COMPARI, AS","2736.3","a","103.4",",a","0",",a","0",",a","0",",a","29",",a","2",",a","10.8",",a,08,","34.6",",a,11,","0.0","a","0.0",",a","21.67",",a","27.87",",,,a","15.46",",,,a"
"ASN00004104","2000-06","-20.3736","118.6297","9.0","PORT HEDLAND MILOS AWS COMPARI, AS","2782.1","a","45.8","2,a","0","1,a","0","1,a","0","1,a","29","1,a","0","1,a","9.2","1,a,13,","30.5","1,a,26,","2.6","a","2.6","1,a","19.79","2,a","27.08","1,,,a","12.50","1,,,a"
"ASN00004104","2000-07","-20.3736","118.6297","9.0","PORT HEDLAND MILOS AWS COMPARI, AS","86.2","a","86.2",",a","0",",a","0",",a","0",",a","31",",a","4",",a","9.5",",a,09,","33.4",",a,17,","4.4","a","1.8",",a","21.05",",a","28.70",",,,a","13.40",",,,a"
"ASN00004104","2000-08","-20.3736","118.6297","9.0","PORT HEDLAND MILOS AWS COMPARI, AS","151.1","a","64.9",",a","0",",a","0",",a","0",",a","31",",a","2",",a","7.6",",a,06,","32.9",",a,28,","5.4","a","1.0",",a","20.39",",a","29.32",",,,a","11.47",",,,a"
"ASN00004104","2000-09","-20.3736","118.6297","9.0","PORT HEDLAND MILOS AWS COMPARI, AS","358.8","a","207.7",",a","0",",a","0",",a","0",",a","30",",a","21",",a","10.4",",a,01,","40.2",",a,25,","5.4","a","0.0",",a","25.26",",a","34.34",",,,a","16.17",",,,a"
"ASN00004104","2000-10","-20.3736","118.6297","9.0","PORT HEDLAND MILOS AWS COMPARI, AS","624.9","a","266.1",",a","0",",a","0",",a","0",",a","31",",a","19",",a","15.7",",a,24,","42.2",",a,06,","5.4","a","0.0",",a","26.92",",a","34.32",",,,a","19.52",",,,a"
"ASN00004104","2000-11","-20.3736","118.6297","9.0","PORT HEDLAND MILOS AWS COMPARI, AS","905.1","a","280.2",",a","0",",a","0",",a","0",",a","30",",a","13",",a","17.8",",a,24,","45.3",",a,30,","5.4","a","0.0",",a","27.67",",a","34.10",",,,a","21.24",",,,a"
"ASN00004104","2000-12","-20.3736","118.6297","9.0","PORT HEDLAND MILOS AWS COMPARI, AS","1280.9","a","375.8","2,a","0",",a","0",",a","0","2,a","29","2,a","29","2,a","22.3",",a,16,","45.4","2,a,29,","5.4","a","0.0","2,a","31.31","2,a","37.25","2,,,a","25.37",",,,a"
"ASN00004104","2001-01","-20.3736","118.6297","9.0","PORT HEDLAND MILOS AWS COMPARI, AS","1653.6","","372.7","3,a","0","1,a","0","1,a","0","2,a","29","2,a","27","2,a","22.3","1,a,12,","44.9","2,a,07,","0.0","","0.0","2,a","31.54","3,a","36.94","2,,,a","26.15","1,,,a"
"ASN00004104","2001-02","-20.3736","118.6297","9.0","PORT HEDLAND MILOS AWS COMPARI, AS","1985.5","","331.9",",a","0",",a","0",",a","0",",a","28",",a","25",",a","22.3",",a,04,","38.2",",a,27,+","0.0","","0.0",",a","30.19",",a","35.16",",,,a","25.21",",,,a"
"ASN00004104","2001-03","-20.3736","118.6297","9.0","PORT HEDLAND MILOS AWS COMPARI, AS","2340.8","","355.3",",a","0",",a","0",",a","0",",a","31",",a","29",",a","17.0",",a,26,","40.7",",a,02,","0.0","","0.0",",a","29.80",",a","35.85",",,,a","23.74",",,,a"
"ASN00004104","2001-04","-20.3736","118.6297","9.0","PORT HEDLAND MILOS AWS COMPARI, AS","2621.1","","280.3",",a","0",",a","0",",a","0",",a","30",",a","28",",a","16.7",",a,17,","37.9",",a,19,+","0.0","","0.0",",a","27.68",",a","35.15",",,,a","20.20",",,,a"
"ASN00004104","2001-05","-20.3736","118.6297","9.0","PORT HEDLAND MILOS AWS COMPARI, AS","2800.9","","179.8","1,a","0",",a","0",",a","0","1,a","30","1,a","9","1,a","12.6",",a,16,","35.5","1,a,07,","0.0","","0.0","1,a","24.32","1,a","31.16","1,,,a","17.48",",,,a"
"ASN00004104","2001-06","-20.3736","118.6297","9.0","PORT HEDLAND MILOS AWS COMPARI, AS","2881.8","","80.9",",a","0",",a","0",",a","0",",a","30",",a","1",",a","8.1",",a,08,","32.4",",a,15,","6.2","","6.2",",a","20.82",",a","28.00",",,,a","13.64",",,,a"
"ASN00004104","2001-07","-20.3736","118.6297","9.0","PORT HEDLAND MILOS AWS COMPARI, AS","61.7","","61.7","1,a","0",",","0",",a","0","1,","29","1,","0","1,","7.6",",a,12,","30.8","1,,06,","10.3","","4.1","1,","20.17","1,a","26.89","1,,,","13.45",",,,a"
"ASN00004104","2001-08","-20.3736","118.6297","9.0","PORT HEDLAND MILOS AWS COMPARI, AS","181.9","","120.2",",a","0",",a","0",",a","0",",a","31",",a","3",",a","11.0",",a,29,+","33.0",",a,30,+","10.3","","0.0",",a","22.21",",a","30.91",",,,a","13.52",",,,a"
"ASN00004104","2001-09","-20.3736","118.6297","9.0","PORT HEDLAND MILOS AWS COMPARI, AS","356.8","","174.9",",a","0",",a","0",",a","0",",a","30",",a","13",",a","8.0",",a,01,","39.2",",a,26,","11.1","","0.8",",a","24.14",",a","32.25",",,,a","16.02",",,,a"
