"STATION","DATE","LATITUDE","LONGITUDE","ELEVATION","NAME","DP01","DP01_ATTRIBUTES","DP10","DP10_ATTRIBUTES","DP1X","DP1X_ATTRIBUTES","EMXP","EMXP_ATTRIBUTES","PRCP","PRCP_ATTRIBUTES"
"ASN00098004","1916-01","-39.9097","144.0986","20.0","NARACOOPA, AS","9",",a","7",",a","0",",a","16.5",",,a,28,","76.1",",,,a"
"ASN00098004","1916-02","-39.9097","144.0986","20.0","NARACOOPA, AS","4",",a","2",",a","0",",a","7.9",",,a,09,","14.3",",,,a"
"ASN00098004","1916-03","-39.9097","144.0986","20.0","NARACOOPA, AS","4",",a","1",",a","0",",a","3.8",",,a,26,","8.8",",,,a"
"ASN00098004","1916-04","-39.9097","144.0986","20.0","NARACOOPA, AS","19",",a","9",",a","1",",a","38.1",",,a,26,","102.8",",,,a"
"ASN00098004","1916-05","-39.9097","144.0986","20.0","NARACOOPA, AS","14",",a","7",",a","0",",a","9.1",",,a,18,","53.6",",,,a"
"ASN00098004","1916-06","-39.9097","144.0986","20.0","NARACOOPA, AS","20",",a","15",",a","0",",a","22.6",",,a,21,","142.2",",,,a"
"ASN00098004","1916-07","-39.9097","144.0986","20.0","NARACOOPA, AS","8",",a","8",",a","0",",a","17.0",",,a,27,","82.1",",,,a"
"ASN00098004","1916-08","-39.9097","144.0986","20.0","NARACOOPA, AS","20",",a","14",",a","1",",a","26.9",",,a,27,","162.3",",,,a"
"ASN00098004","1916-09","-39.9097","144.0986","20.0","NARACOOPA, AS","14",",a","7",",a","0",",a","21.3",",,a,22,","84.8",",,,a"
"ASN00098004","1916-10","-39.9097","144.0986","20.0","NARACOOPA, AS","18",",a","9",",a","1",",a","30.2",",,a,23,","121.5",",,,a"
"ASN00098004","1916-11","-39.9097","144.0986","20.0","NARACOOPA, AS","16",",a","10",",a","0",",a","24.1",",,a,26,","103.4",",,,a"
"ASN00098004","1916-12","-39.9097","144.0986","20.0","NARACOOPA, AS","14",",a","7",",a","1",",a","46.7",",,a,12,","95.1",",,,a"
"ASN00098004","1917-01","-39.9097","144.0986","20.0","NARACOOPA, AS","12",",a","3",",a","0",",a","12.2",",,a,04,","31.6",",,,a"
"ASN00098004","1917-02","-39.9097","144.0986","20.0","NARACOOPA, AS","10",",a","6",",a","0",",a","17.8",",,a,25,","67.1",",,,a"
"ASN00098004","1917-03","-39.9097","144.0986","20.0","NARACOOPA, AS","14",",a","6",",a","0",",a","14.7",",,a,15,","54.4",",,,a"
"ASN00098004","1917-04","-39.9097","144.0986","20.0","NARACOOPA, AS","17",",a","8",",a","0",",a","16.3",",,a,09,","74.5",",,,a"
"ASN00098004","1917-05","-39.9097","144.0986","20.0","NARACOOPA, AS","25",",a","16",",a","0",",a","23.4",",,a,21,","145.1",",,,a"
"ASN00098004","1917-06","-39.9097","144.0986","20.0","NARACOOPA, AS","17",",a","9",",a","0",",a","20.8",",,a,15,","91.5",",,,a"
"ASN00098004","1917-07","-39.9097","144.0986","20.0","NARACOOPA, AS","29",",a","24",",a","1",",a","25.4",",,a,18,","262.3",",,,a"
"ASN00098004","1917-08","-39.9097","144.0986","20.0","NARACOOPA, AS","15",",a","12",",a","0",",a","13.2",",,a,21,","86.6",",,,a"
"ASN00098004","1917-09","-39.9097","144.0986","20.0","NARACOOPA, AS","17",",a","14",",a","0",",a","22.1",",,a,06,","135.5",",,,a"
"ASN00098004","1917-10","-39.9097","144.0986","20.0","NARACOOPA, AS","19",",a","15",",a","0",",a","22.6",",,a,20,","162.0",",,,a"
"ASN00098004","1917-11","-39.9097","144.0986","20.0","NARACOOPA, AS","13",",a","11",",a","1",",a","25.4",",,a,15,","95.7",",,,a"
"ASN00098004","1917-12","-39.9097","144.0986","20.0","NARACOOPA, AS","3",",a","1",",a","0",",a","5.8",",,a,30,","8.3",",,,a"
"ASN00098004","1918-01","-39.9097","144.0986","20.0","NARACOOPA, AS","3",",a","1",",a","0",",a","24.1",",,a,14,","26.1",",,,a"
"ASN00098004","1918-02","-39.9097","144.0986","20.0","NARACOOPA, AS","8",",a","6",",a","0",",a","22.9",",,a,03,","49.0",",,,a"
"ASN00098004","1918-03","-39.9097","144.0986","20.0","NARACOOPA, AS","9",",a","6",",a","0",",a","7.6",",,a,26,","32.2",",,,a"
"ASN00098004","1918-04","-39.9097","144.0986","20.0","NARACOOPA, AS","13",",a","7",",a","0",",a","7.4",",,a,26,","36.0",",,,a"
"ASN00098004","1918-05","-39.9097","144.0986","20.0","NARACOOPA, AS","17",",a","13",",a","1",",a","30.5",",,a,16,","117.2",",,,a"
"ASN00098004","1918-06","-39.9097","144.0986","20.0","NARACOOPA, AS","21",",a","12",",a","2",",a","67.8",",,a,18,","207.6",",,,a"
"ASN00098004","1918-07","-39.9097","144.0986","20.0","NARACOOPA, AS","20",",a","17",",a","1",",a","27.2",",,a,12,","140.8",",,,a"
"ASN00098004","1918-08","-39.9097","144.0986","20.0","NARACOOPA, AS","16",",a","12",",a","0",",a","10.9",",,a,22,","90.9",",,,a"
"ASN00098004","1918-09","-39.9097","144.0986","20.0","NARACOOPA, AS","7",",a","5",",a","0",",a","14.5",",,a,24,","46.3",",,,a"
"ASN00098004","1918-11","-39.9097","144.0986","20.0","NARACOOPA, AS","2",",a","2",",a","0",",a","5.1",",,a,30,","7.6",",,,a"
"ASN00098004","1918-12","-39.9097","144.0986","20.0","NARACOOPA, AS","5",",a","3",",a","0",",a","5.8",",,a,30,","20.3",",,,a"
"ASN00098004","1919-01","-39.9097","144.0986","20.0","NARACOOPA, AS","7",",a","5",",a","0",",a","10.2",",,a,29,","33.6",",,,a"
"ASN00098004","1920-07","-39.9097","144.0986","20.0","NARACOOPA, AS","18",",a","15",",a","0",",a","18.8",",,a,24,","134.9",",,,a"
"ASN00098004","1920-08","-39.9097","144.0986","20.0","NARACOOPA, AS","20",",a","15",",a","1",",a","36.3",",,a,09,","159.6",",,,a"
"ASN00098004","1920-09","-39.9097","144.0986","20.0","NARACOOPA, AS","11",",a","9",",a","0",",a","14.0",",,a,01,","65.6",",,,a"
"ASN00098004","1920-10","-39.9097","144.0986","20.0","NARACOOPA, AS","10",",a","6",",a","0",",a","9.4",",,a,11,","39.6",",,,a"
"ASN00098004","1920-11","-39.9097","144.0986","20.0","NARACOOPA, AS","12",",a","4",",a","0",",a","10.2",",,a,15,","43.8",",,,a"
"ASN00098004","1920-12","-39.9097","144.0986","20.0","NARACOOPA, AS","6",",a","4",",a","0",",a","4.6",",,a,07,","18.0",",,,a"
"ASN00098004","1921-01","-39.9097","144.0986","20.0","NARACOOPA, AS","8",",a","5",",a","0",",a","5.3",",,a,10,+","24.1",",,,a"
"ASN00098004","1921-02","-39.9097","144.0986","20.0","NARACOOPA, AS","5",",a","3",",a","0",",a","5.8",",,a,02,","15.2",",,,a"
"ASN00098004","1921-03","-39.9097","144.0986","20.0","NARACOOPA, AS","9",",a","7",",a","0",",a","4.8",",,a,25,","26.8",",,,a"
"ASN00098004","1921-04","-39.9097","144.0986","20.0","NARACOOPA, AS","10",",a","7",",a","0",",a","20.3",",,a,24,","61.3",",,,a"
"ASN00098004","1921-05","-39.9097","144.0986","20.0","NARACOOPA, AS","14",",a","12",",a","0",",a","17.3",",,a,26,","89.7",",,,a"
"ASN00098004","1921-06","-39.9097","144.0986","20.0","NARACOOPA, AS","19",",a","14",",a","1",",a","34.3",",,a,10,","154.8",",,,a"
"ASN00098004","1921-07","-39.9097","144.0986","20.0","NARACOOPA, AS","21",",a","12",",a","1",",a","31.0",",,a,30,","155.2",",,,a"
"ASN00098004","1921-08","-39.9097","144.0986","20.0","NARACOOPA, AS","16",",a","15",",a","0",",a","21.8",",,a,23,","115.2",",,,a"
"ASN00098004","1921-09","-39.9097","144.0986","20.0","NARACOOPA, AS","16",",a","11",",a","0",",a","15.2",",,a,10,","90.6",",,,a"
"ASN00098004","1921-10","-39.9097","144.0986","20.0","NARACOOPA, AS","12",",a","5",",a","0",",a","21.8",",,a,15,","59.5",",,,a"
"ASN00098004","1921-11","-39.9097","144.0986","20.0","NARACOOPA, AS","13",",a","9",",a","0",",a","18.0",",,a,26,","77.9",",,,a"
"ASN00098004","1921-12","-39.9097","144.0986","20.0","NARACOOPA, AS","7",",a","7",",a","1",",a","29.0",",,a,03,","67.0",",,,a"
"ASN00098004","1922-01","-39.9097","144.0986","20.0","NARACOOPA, AS","7",",a","2",",a","0",",a","20.3",",,a,30,","29.5",",,,a"
"ASN00098004","1922-02","-39.9097","144.0986","20.0","NARACOOPA, AS","5",",a","4",",a","1",",a","49.0",",,a,23,","86.4",",,,a"
"ASN00098004","1922-03","-39.9097","144.0986","20.0","NARACOOPA, AS","11",",a","6",",a","0",",a","9.9",",,a,19,","50.6",",,,a"
"ASN00098004","1922-04","-39.9097","144.0986","20.0","NARACOOPA, AS","12",",a","7",",a","0",",a","16.5",",,a,27,+","80.4",",,,a"
"ASN00098004","1922-05","-39.9097","144.0986","20.0","NARACOOPA, AS","19",",a","13",",a","0",",a","21.1",",,a,01,","99.5",",,,a"
"ASN00098004","1922-06","-39.9097","144.0986","20.0","NARACOOPA, AS","16",",a","11",",a","0",",a","14.7",",,a,27,+","107.4",",,,a"
"ASN00098004","1922-07","-39.9097","144.0986","20.0","NARACOOPA, AS","14",",a","10",",a","1",",a","42.4",",,a,16,","130.2",",,,a"
"ASN00098004","1922-08","-39.9097","144.0986","20.0","NARACOOPA, AS","16",",a","11",",a","0",",a","18.5",",,a,10,","93.6",",,,a"
"ASN00098004","1922-09","-39.9097","144.0986","20.0","NARACOOPA, AS","9",",a","6",",a","0",",a","20.6",",,a,19,","52.3",",,,a"
"ASN00098004","1922-10","-39.9097","144.0986","20.0","NARACOOPA, AS","13",",a","12",",a","0",",a","18.5",",,a,29,","107.3",",,,a"
"ASN00098004","1922-11","-39.9097","144.0986","20.0","NARACOOPA, AS","8",",a","6",",a","0",",a","11.9",",,a,07,","37.7",",,,a"
"ASN00098004","1922-12","-39.9097","144.0986","20.0","NARACOOPA, AS","12",",a","10",",a","0",",a","17.0",",,a,26,","64.9",",,,a"
"ASN00098004","1923-01","-39.9097","144.0986","20.0","NARACOOPA, AS","16",",a","11",",a","0",",a","11.7",",,a,05,","61.2",",,,a"
"ASN00098004","1923-02","-39.9097","144.0986","20.0","NARACOOPA, AS","4",",a","2",",a","0",",a","6.6",",,a,01,","13.7",",,,a"
"ASN00098004","1923-03","-39.9097","144.0986","20.0","NARACOOPA, AS","8",",a","3",",a","0",",a","8.9",",,a,30,","21.8",",,,a"
"ASN00098004","1923-04","-39.9097","144.0986","20.0","NARACOOPA, AS","3",",a","1",",a","0",",a","10.9",",,a,30,","13.5",",,,a"
"ASN00098004","1923-05","-39.9097","144.0986","20.0","NARACOOPA, AS","24",",a","21",",a","1",",a","26.4",",,a,20,","234.3",",,,a"
"ASN00098004","1923-06","-39.9097","144.0986","20.0","NARACOOPA, AS","23",",a","15",",a","2",",a","39.4",",,a,05,","162.3",",,,a"
"ASN00098004","1923-07","-39.9097","144.0986","20.0","NARACOOPA, AS","22",",a","17",",a","0",",a","20.8",",,a,15,","153.4",",,,a"
"ASN00098004","1923-08","-39.9097","144.0986","20.0","NARACOOPA, AS","18",",a","17",",a","1",",a","30.2",",,a,01,","137.4",",,,a"
"ASN00098004","1923-09","-39.9097","144.0986","20.0","NARACOOPA, AS","22",",a","16",",a","0",",a","22.9",",,a,20,","135.9",",,,a"
"ASN00098004","1923-10","-39.9097","144.0986","20.0","NARACOOPA, AS","17",",a","15",",a","0",",a","23.4",",,a,12,","149.1",",,,a"
"ASN00098004","1923-11","-39.9097","144.0986","20.0","NARACOOPA, AS","14",",a","11",",a","0",",a","21.6",",,a,17,","115.9",",,,a"
"ASN00098004","1923-12","-39.9097","144.0986","20.0","NARACOOPA, AS","14",",a","10",",a","0",",a","16.3",",,a,14,","80.5",",,,a"
"ASN00098004","1924-01","-39.9097","144.0986","20.0","NARACOOPA, AS","12",",a","10",",a","1",",a","37.3",",,a,28,","102.0",",,,a"
"ASN00098004","1924-02","-39.9097","144.0986","20.0","NARACOOPA, AS","12",",a","11",",a","1",",a","38.9",",,a,16,","126.5",",,,a"
"ASN00098004","1924-03","-39.9097","144.0986","20.0","NARACOOPA, AS","10",",a","8",",a","2",",a","32.3",",,a,28,","100.6",",,,a"
"ASN00098004","1924-04","-39.9097","144.0986","20.0","NARACOOPA, AS","12",",a","6",",a","0",",a","12.7",",,a,13,","47.9",",,,a"
"ASN00098004","1924-05","-39.9097","144.0986","20.0","NARACOOPA, AS","12",",a","7",",a","0",",a","17.0",",,a,27,+","82.6",",,,a"
"ASN00098004","1924-06","-39.9097","144.0986","20.0","NARACOOPA, AS","17",",a","14",",a","0",",a","21.8",",,a,15,","105.6",",,,a"
"ASN00098004","1924-07","-39.9097","144.0986","20.0","NARACOOPA, AS","14",",a","11",",a","0",",a","15.2",",,a,30,","95.6",",,,a"
"ASN00098004","1924-08","-39.9097","144.0986","20.0","NARACOOPA, AS","18",",a","15",",a","0",",a","16.8",",,a,02,","111.1",",,,a"
"ASN00098004","1924-09","-39.9097","144.0986","20.0","NARACOOPA, AS","20",",a","14",",a","1",",a","34.8",",,a,23,","141.3",",,,a"
"ASN00098004","1924-10","-39.9097","144.0986","20.0","NARACOOPA, AS","14",",a","13",",a","0",",a","13.7",",,a,24,","77.1",",,,a"
"ASN00098004","1924-11","-39.9097","144.0986","20.0","NARACOOPA, AS","15",",a","11",",a","0",",a","15.5",",,a,07,","93.5",",,,a"
"ASN00098004","1924-12","-39.9097","144.0986","20.0","NARACOOPA, AS","6",",a","3",",a","0",",a","21.1",",,a,25,","44.2",",,,a"
"ASN00098004","1925-01","-39.9097","144.0986","20.0","NARACOOPA, AS","5",",a","4",",a","0",",a","7.1",",,a,22,","20.9",",,,a"
"ASN00098004","1925-02","-39.9097","144.0986","20.0","NARACOOPA, AS","13",",a","6",",a","0",",a","14.0",",,a,21,","46.2",",,,a"
"ASN00098004","1925-03","-39.9097","144.0986","20.0","NARACOOPA, AS","6",",a","2",",a","0",",a","3.6",",,a,12,","13.4",",,,a"
"ASN00098004","1925-04","-39.9097","144.0986","20.0","NARACOOPA, AS","11",",a","8",",a","0",",a","13.2",",,a,21,","61.3",",,,a"
"ASN00098004","1925-05","-39.9097","144.0986","20.0","NARACOOPA, AS","10",",a","7",",a","0",",a","13.0",",,a,23,","48.5",",,,a"
"ASN00098004","1925-06","-39.9097","144.0986","20.0","NARACOOPA, AS","13",",a","9",",a","0",",a","10.7",",,a,06,","68.9",",,,a"
"ASN00098004","1925-07","-39.9097","144.0986","20.0","NARACOOPA, AS","15",",a","10",",a","0",",a","10.7",",,a,04,","74.7",",,,a"
"ASN00098004","1925-08","-39.9097","144.0986","20.0","NARACOOPA, AS","17",",a","13",",a","0",",a","13.7",",,a,18,","87.6",",,,a"
"ASN00098004","1925-09","-39.9097","144.0986","20.0","NARACOOPA, AS","17",",a","14",",a","0",",a","21.8",",,a,16,","114.8",",,,a"
"ASN00098004","1925-10","-39.9097","144.0986","20.0","NARACOOPA, AS","19",",a","13",",a","0",",a","25.1",",,a,12,","90.8",",,,a"
"ASN00098004","1925-11","-39.9097","144.0986","20.0","NARACOOPA, AS","6",",a","4",",a","0",",a","7.4",",,a,18,","26.7",",,,a"
"ASN00098004","1925-12","-39.9097","144.0986","20.0","NARACOOPA, AS","7",",a","4",",a","0",",a","9.7",",,a,03,","24.1",",,,a"
"ASN00098004","1926-01","-39.9097","144.0986","20.0","NARACOOPA, AS","7",",a","3",",a","0",",a","8.9",",,a,07,","20.3",",,,a"
"ASN00098004","1926-02","-39.9097","144.0986","20.0","NARACOOPA, AS","12",",a","6",",a","0",",a","18.0",",,a,09,","54.7",",,,a"
"ASN00098004","1926-03","-39.9097","144.0986","20.0","NARACOOPA, AS","9",",a","4",",a","0",",a","12.2",",,a,10,","35.6",",,,a"
"ASN00098004","1926-04","-39.9097","144.0986","20.0","NARACOOPA, AS","13",",a","10",",a","0",",a","20.3",",,a,24,","103.6",",,,a"
"ASN00098004","1926-05","-39.9097","144.0986","20.0","NARACOOPA, AS","23",",a","14",",a","0",",a","20.3",",,a,23,","157.0",",,,a"
"ASN00098004","1926-06","-39.9097","144.0986","20.0","NARACOOPA, AS","14",",a","8",",a","1",",a","29.0",",,a,11,","88.2",",,,a"
"ASN00098004","1926-07","-39.9097","144.0986","20.0","NARACOOPA, AS","21",",a","14",",a","0",",a","22.4",",,a,23,","129.9",",,,a"
"ASN00098004","1926-08","-39.9097","144.0986","20.0","NARACOOPA, AS","23",",a","15",",a","0",",a","14.7",",,a,01,","131.4",",,,a"
"ASN00098004","1926-09","-39.9097","144.0986","20.0","NARACOOPA, AS","16",",a","12",",a","0",",a","11.9",",,a,27,","81.3",",,,a"
"ASN00098004","1926-10","-39.9097","144.0986","20.0","NARACOOPA, AS","18",",a","10",",a","0",",a","7.9",",,a,15,+","60.9",",,,a"
"ASN00098004","1926-11","-39.9097","144.0986","20.0","NARACOOPA, AS","17",",a","10",",a","0",",a","10.2",",,a,14,","60.6",",,,a"
"ASN00098004","1926-12","-39.9097","144.0986","20.0","NARACOOPA, AS","10",",a","5",",a","0",",a","17.0",",,a,06,","54.4",",,,a"
"ASN00098004","1927-01","-39.9097","144.0986","20.0","NARACOOPA, AS","7",",a","3",",a","0",",a","8.6",",,a,06,","21.8",",,,a"
"ASN00098004","1927-02","-39.9097","144.0986","20.0","NARACOOPA, AS","9",",a","5",",a","0",",a","20.3",",,a,05,","56.6",",,,a"
"ASN00098004","1927-03","-39.9097","144.0986","20.0","NARACOOPA, AS","11",",a","5",",a","0",",a","12.4",",,a,05,","35.7",",,,a"
"ASN00098004","1927-04","-39.9097","144.0986","20.0","NARACOOPA, AS","12",",a","3",",a","0",",a","3.6",",,a,21,","22.0",",,,a"
"ASN00098004","1927-05","-39.9097","144.0986","20.0","NARACOOPA, AS","19",",a","13",",a","0",",a","17.0",",,a,23,","94.1",",,,a"
"ASN00098004","1927-06","-39.9097","144.0986","20.0","NARACOOPA, AS","16",",a","11",",a","0",",a","17.0",",,a,20,","75.5",",,,a"
"ASN00098004","1927-07","-39.9097","144.0986","20.0","NARACOOPA, AS","19",",a","13",",a","0",",a","18.8",",,a,21,","114.2",",,,a"
"ASN00098004","1927-08","-39.9097","144.0986","20.0","NARACOOPA, AS","26",",a","21",",a","0",",a","24.6",",,a,05,","164.0",",,,a"
"ASN00098004","1927-09","-39.9097","144.0986","20.0","NARACOOPA, AS","12",",a","7",",a","0",",a","14.5",",,a,08,","61.5",",,,a"
"ASN00098004","1927-10","-39.9097","144.0986","20.0","NARACOOPA, AS","8",",a","4",",a","0",",a","21.8",",,a,26,","37.9",",,,a"
"ASN00098004","1927-11","-39.9097","144.0986","20.0","NARACOOPA, AS","9",",a","2",",a","0",",a","3.0",",,a,02,+","16.2",",,,a"
"ASN00098004","1927-12","-39.9097","144.0986","20.0","NARACOOPA, AS","10",",a","8",",a","0",",a","24.9",",,a,02,","74.6",",,,a"
"ASN00098004","1928-01","-39.9097","144.0986","20.0","NARACOOPA, AS","10",",a","4",",a","0",",a","18.8",",,a,18,","58.7",",,,a"
"ASN00098004","1928-02","-39.9097","144.0986","20.0","NARACOOPA, AS","9",",a","4",",a","1",",a","30.5",",,a,16,","76.6",",,,a"
"ASN00098004","1928-03","-39.9097","144.0986","20.0","NARACOOPA, AS","7",",a","2",",a","0",",a","17.0",",,a,21,","33.0",",,,a"
"ASN00098004","1928-04","-39.9097","144.0986","20.0","NARACOOPA, AS","10",",a","8",",a","0",",a","23.9",",,a,24,","100.7",",,,a"
"ASN00098004","1928-05","-39.9097","144.0986","20.0","NARACOOPA, AS","15",",a","11",",a","1",",a","25.4",",,a,12,","97.0",",,,a"
"ASN00098004","1928-06","-39.9097","144.0986","20.0","NARACOOPA, AS","17",",a","12",",a","0",",a","18.0",",,a,04,","98.7",",,,a"
"ASN00098004","1928-07","-39.9097","144.0986","20.0","NARACOOPA, AS","18",",a","12",",a","0",",a","19.6",",,a,16,","91.9",",,,a"
"ASN00098004","1928-08","-39.9097","144.0986","20.0","NARACOOPA, AS","19",",a","12",",a","0",",a","22.9",",,a,26,","87.5",",,,a"
"ASN00098004","1928-09","-39.9097","144.0986","20.0","NARACOOPA, AS","20",",a","13",",a","1",",a","26.7",",,a,13,","185.8",",,,a"
"ASN00098004","1928-10","-39.9097","144.0986","20.0","NARACOOPA, AS","25",",a","19",",a","0",",a","16.8",",,a,15,","132.6",",,,a"
"ASN00098004","1928-11","-39.9097","144.0986","20.0","NARACOOPA, AS","16",",a","11",",a","0",",a","15.2",",,a,05,","78.9",",,,a"
"ASN00098004","1928-12","-39.9097","144.0986","20.0","NARACOOPA, AS","9",",a","6",",a","0",",a","7.1",",,a,15,","32.4",",,,a"
"ASN00098004","1929-01","-39.9097","144.0986","20.0","NARACOOPA, AS","15",",a","10",",a","0",",a","19.6",",,a,30,","84.5",",,,a"
"ASN00098004","1929-02","-39.9097","144.0986","20.0","NARACOOPA, AS","7",",a","4",",a","0",",a","18.8",",,a,16,","47.6",",,,a"
"ASN00098004","1929-03","-39.9097","144.0986","20.0","NARACOOPA, AS","13",",a","7",",a","0",",a","7.6",",,a,06,","40.9",",,,a"
"ASN00098004","1929-04","-39.9097","144.0986","20.0","NARACOOPA, AS","18",",a","12",",a","1",",a","82.3",",,a,05,","207.0",",,,a"
"ASN00098004","1929-05","-39.9097","144.0986","20.0","NARACOOPA, AS","13",",a","7",",a","0",",a","16.3",",,a,07,","81.7",",,,a"
"ASN00098004","1929-06","-39.9097","144.0986","20.0","NARACOOPA, AS","18",",a","13",",a","1",",a","29.7",",,a,04,","175.9",",,,a"
"ASN00098004","1929-07","-39.9097","144.0986","20.0","NARACOOPA, AS","24",",a","17",",a","0",",a","18.8",",,a,22,","126.7",",,,a"
"ASN00098004","1929-08","-39.9097","144.0986","20.0","NARACOOPA, AS","17",",a","10",",a","0",",a","22.1",",,a,29,","126.7",",,,a"
"ASN00098004","1929-09","-39.9097","144.0986","20.0","NARACOOPA, AS","17",",a","12",",a","0",",a","13.7",",,a,07,","76.8",",,,a"
"ASN00098004","1929-10","-39.9097","144.0986","20.0","NARACOOPA, AS","18",",a","9",",a","0",",a","20.8",",,a,07,","80.3",",,,a"
"ASN00098004","1929-11","-39.9097","144.0986","20.0","NARACOOPA, AS","12",",a","11",",a","0",",a","13.5",",,a,11,","76.6",",,,a"
"ASN00098004","1929-12","-39.9097","144.0986","20.0","NARACOOPA, AS","15",",a","8",",a","1",",a","44.5",",,a,28,","110.2",",,,a"
"ASN00098004","1930-02","-39.9097","144.0986","20.0","NARACOOPA, AS","5",",a","3",",a","1",",a","25.7",",,a,22,","34.7",",,,a"
"ASN00098004","1930-03","-39.9097","144.0986","20.0","NARACOOPA, AS","10",",a","1",",a","0",",a","2.5",",,a,31,","12.5",",,,a"
"ASN00098004","1930-04","-39.9097","144.0986","20.0","NARACOOPA, AS","11",",a","7",",a","0",",a","8.9",",,a,01,","45.2",",,,a"
"ASN00098004","1930-05","-39.9097","144.0986","20.0","NARACOOPA, AS","20",",a","8",",a","0",",a","19.1",",,a,13,","70.6",",,,a"
"ASN00098004","1930-06","-39.9097","144.0986","20.0","NARACOOPA, AS","17",",a","4",",a","0",",a","8.9",",,a,07,","34.7",",,,a"
"ASN00098004","1930-07","-39.9097","144.0986","20.0","NARACOOPA, AS","24",",a","11",",a","0",",a","15.2",",,a,18,","104.8",",,,a"
"ASN00098004","1930-08","-39.9097","144.0986","20.0","NARACOOPA, AS","23",",a","17",",a","1",",a","31.5",",,a,13,","173.2",",,,a"
"ASN00098004","1930-09","-39.9097","144.0986","20.0","NARACOOPA, AS","25",",a","16",",a","0",",a","13.5",",,a,13,","125.6",",,,a"
"ASN00098004","1930-10","-39.9097","144.0986","20.0","NARACOOPA, AS","16",",a","9",",a","0",",a","15.7",",,a,12,","75.6",",,,a"
"ASN00098004","1930-11","-39.9097","144.0986","20.0","NARACOOPA, AS","17",",a","14",",a","0",",a","15.2",",,a,22,","91.1",",,,a"
"ASN00098004","1930-12","-39.9097","144.0986","20.0","NARACOOPA, AS","12",",a","8",",a","1",",a","25.7",",,a,06,","100.8",",,,a"
"ASN00098004","1931-01","-39.9097","144.0986","20.0","NARACOOPA, AS","14",",a","5",",a","0",",a","10.2",",,a,19,","34.1",",,,a"
"ASN00098004","1931-02","-39.9097","144.0986","20.0","NARACOOPA, AS","8",",a","4",",a","0",",a","8.9",",,a,21,","24.2",",,,a"
"ASN00098004","1931-03","-39.9097","144.0986","20.0","NARACOOPA, AS","16",",a","5",",a","0",",a","24.9",",,a,21,","77.5",",,,a"
"ASN00098004","1931-04","-39.9097","144.0986","20.0","NARACOOPA, AS","20",",a","6",",a","0",",a","19.8",",,a,14,","82.5",",,,a"
"ASN00098004","1931-05","-39.9097","144.0986","20.0","NARACOOPA, AS","27",",a","18",",a","0",",a","14.7",",,a,05,","128.8",",,,a"
"ASN00098004","1931-06","-39.9097","144.0986","20.0","NARACOOPA, AS","25",",a","16",",a","0",",a","19.6",",,a,15,","139.1",",,,a"
"ASN00098004","1931-07","-39.9097","144.0986","20.0","NARACOOPA, AS","30",",a","20",",a","0",",a","19.3",",,a,27,","162.9",",,,a"
"ASN00098004","1931-08","-39.9097","144.0986","20.0","NARACOOPA, AS","27",",a","15",",a","0",",a","12.2",",,a,22,+","101.8",",,,a"
"ASN00098004","1931-09","-39.9097","144.0986","20.0","NARACOOPA, AS","21",",a","12",",a","0",",a","14.0",",,a,08,","93.7",",,,a"
"ASN00098004","1931-10","-39.9097","144.0986","20.0","NARACOOPA, AS","20",",a","8",",a","1",",a","40.6",",,a,03,","81.0",",,,a"
"ASN00098004","1931-11","-39.9097","144.0986","20.0","NARACOOPA, AS","17",",a","7",",a","0",",a","22.9",",,a,16,","87.8",",,,a"
"ASN00098004","1931-12","-39.9097","144.0986","20.0","NARACOOPA, AS","3",",a","2",",a","0",",a","3.6",",,a,14,","6.9",",,,a"
"ASN00098004","1932-01","-39.9097","144.0986","20.0","NARACOOPA, AS","7",",a","2",",a","0",",a","15.2",",,a,09,","28.6",",,,a"
"ASN00098004","1932-02","-39.9097","144.0986","20.0","NARACOOPA, AS","18",",a","5",",a","0",",a","11.2",",,a,14,","53.2",",,,a"
"ASN00098004","1932-03","-39.9097","144.0986","20.0","NARACOOPA, AS","15",",a","5",",a","2",",a","40.6",",,a,27,","118.3",",,,a"
"ASN00098004","1932-04","-39.9097","144.0986","20.0","NARACOOPA, AS","22",",a","9",",a","1",",a","31.5",",,a,18,","115.2",",,,a"
"ASN00098004","1932-05","-39.9097","144.0986","20.0","NARACOOPA, AS","12",",a","1",",a","0",",a","4.1",",,a,10,","14.3",",,,a"
"ASN00098004","1932-06","-39.9097","144.0986","20.0","NARACOOPA, AS","23",",a","15",",a","0",",a","16.8",",,a,24,","115.6",",,,a"
"ASN00098004","1932-07","-39.9097","144.0986","20.0","NARACOOPA, AS","22",",a","11",",a","0",",a","15.7",",,a,26,","90.8",",,,a"
"ASN00098004","1932-08","-39.9097","144.0986","20.0","NARACOOPA, AS","25",",a","14",",a","0",",a","15.7",",,a,14,","112.7",",,,a"
"ASN00098004","1932-09","-39.9097","144.0986","20.0","NARACOOPA, AS","10",",a","6",",a","0",",a","19.1",",,a,04,","61.6",",,,a"
"ASN00098004","1932-10","-39.9097","144.0986","20.0","NARACOOPA, AS","21",",a","10",",a","0",",a","15.0",",,a,13,","85.2",",,,a"
"ASN00098004","1932-11","-39.9097","144.0986","20.0","NARACOOPA, AS","17",",a","7",",a","0",",a","18.8",",,a,21,","59.8",",,,a"
"ASN00098004","1932-12","-39.9097","144.0986","20.0","NARACOOPA, AS","14",",a","8",",a","0",",a","9.1",",,a,01,","54.0",",,,a"
"ASN00098004","1933-01","-39.9097","144.0986","20.0","NARACOOPA, AS","16",",a","4",",a","0",",a","3.3",",,a,12,","23.9",",,,a"
"ASN00098004","1933-02","-39.9097","144.0986","20.0","NARACOOPA, AS","8",",a","2",",a","0",",a","11.2",",,a,24,","20.7",",,,a"
"ASN00098004","1933-03","-39.9097","144.0986","20.0","NARACOOPA, AS","16",",a","8",",a","0",",a","12.7",",,a,30,","49.7",",,,a"
"ASN00098004","1933-04","-39.9097","144.0986","20.0","NARACOOPA, AS","20",",a","5",",a","0",",a","17.3",",,a,11,","53.8",",,,a"
"ASN00098004","1933-05","-39.9097","144.0986","20.0","NARACOOPA, AS","20",",a","10",",a","0",",a","13.0",",,a,26,","90.2",",,,a"
"ASN00098004","1933-06","-39.9097","144.0986","20.0","NARACOOPA, AS","22",",a","9",",a","1",",a","31.8",",,a,09,","91.5",",,,a"
"ASN00098004","1933-07","-39.9097","144.0986","20.0","NARACOOPA, AS","18",",a","4",",a","0",",a","4.8",",,a,14,","34.8",",,,a"
"ASN00098004","1933-08","-39.9097","144.0986","20.0","NARACOOPA, AS","25",",a","14",",a","0",",a","17.0",",,a,01,","103.9",",,,a"
"ASN00098004","1933-09","-39.9097","144.0986","20.0","NARACOOPA, AS","18",",a","5",",a","1",",a","28.4",",,a,17,","76.6",",,,a"
"ASN00098004","1933-10","-39.9097","144.0986","20.0","NARACOOPA, AS","13",",a","8",",a","1",",a","35.1",",,a,05,","94.8",",,,a"
"ASN00098004","1933-11","-39.9097","144.0986","20.0","NARACOOPA, AS","6",",a","4",",a","1",",a","45.7",",,a,30,","59.9",",,,a"
"ASN00098004","1933-12","-39.9097","144.0986","20.0","NARACOOPA, AS","13",",a","3",",a","1",",a","67.1",",,a,01,","95.0",",,,a"
"ASN00098004","1934-01","-39.9097","144.0986","20.0","NARACOOPA, AS","7",",a","5",",a","0",",a","20.8",",,a,09,","60.1",",,,a"
"ASN00098004","1934-02","-39.9097","144.0986","20.0","NARACOOPA, AS","9",",a","4",",a","0",",a","5.1",",,a,18,","21.0",",,,a"
"ASN00098004","1934-03","-39.9097","144.0986","20.0","NARACOOPA, AS","9",",a","3",",a","0",",a","8.6",",,a,24,","25.1",",,,a"
"ASN00098004","1934-04","-39.9097","144.0986","20.0","NARACOOPA, AS","21",",a","11",",a","1",",a","40.1",",,a,21,","123.0",",,,a"
"ASN00098004","1934-05","-39.9097","144.0986","20.0","NARACOOPA, AS","14",",a","1",",a","0",",a","4.3",",,a,10,","16.3",",,,a"
"ASN00098004","1934-06","-39.9097","144.0986","20.0","NARACOOPA, AS","18",",a","8",",a","0",",a","16.8",",,a,01,","76.9",",,,a"
"ASN00098004","1934-07","-39.9097","144.0986","20.0","NARACOOPA, AS","21",",a","11",",a","0",",a","20.3",",,a,11,","101.2",",,,a"
"ASN00098004","1934-08","-39.9097","144.0986","20.0","NARACOOPA, AS","24",",a","13",",a","0",",a","22.6",",,a,19,","110.2",",,,a"
"ASN00098004","1934-09","-39.9097","144.0986","20.0","NARACOOPA, AS","20",",a","11",",a","1",",a","33.0",",,a,20,","119.4",",,,a"
"ASN00098004","1934-10","-39.9097","144.0986","20.0","NARACOOPA, AS","25",",a","11",",a","0",",a","11.2",",,a,27,","74.8",",,,a"
"ASN00098004","1934-11","-39.9097","144.0986","20.0","NARACOOPA, AS","16",",a","7",",a","0",",a","23.4",",,a,30,","84.2",",,,a"
"ASN00098004","1934-12","-39.9097","144.0986","20.0","NARACOOPA, AS","11",",a","4",",a","1",",a","35.6",",,a,27,","59.8",",,,a"
"ASN00098004","1935-01","-39.9097","144.0986","20.0","NARACOOPA, AS","12",",a","5",",a","0",",a","19.6",",,a,05,","63.1",",,,a"
"ASN00098004","1935-02","-39.9097","144.0986","20.0","NARACOOPA, AS","15",",a","5",",a","0",",a","13.5",",,a,11,","44.8",",,,a"
"ASN00098004","1935-03","-39.9097","144.0986","20.0","NARACOOPA, AS","14",",a","9",",a","0",",a","13.2",",,a,21,","69.2",",,,a"
"ASN00098004","1935-04","-39.9097","144.0986","20.0","NARACOOPA, AS","24",",a","10",",a","1",",a","31.0",",,a,30,","115.2",",,,a"
"ASN00098004","1935-05","-39.9097","144.0986","20.0","NARACOOPA, AS","22",",a","11",",a","1",",a","29.0",",,a,10,","112.8",",,,a"
"ASN00098004","1935-06","-39.9097","144.0986","20.0","NARACOOPA, AS","24",",a","11",",a","0",",a","22.9",",,a,22,","110.5",",,,a"
"ASN00098004","1935-07","-39.9097","144.0986","20.0","NARACOOPA, AS","23",",a","14",",a","0",",a","17.5",",,a,20,","115.8",",,,a"
"ASN00098004","1935-08","-39.9097","144.0986","20.0","NARACOOPA, AS","27",",a","14",",a","0",",a","19.1",",,a,02,","114.0",",,,a"
"ASN00098004","1935-09","-39.9097","144.0986","20.0","NARACOOPA, AS","15",",a","11",",a","0",",a","12.7",",,a,20,","69.4",",,,a"
"ASN00098004","1935-10","-39.9097","144.0986","20.0","NARACOOPA, AS","20",",a","7",",a","0",",a","12.4",",,a,04,","64.3",",,,a"
"ASN00098004","1935-11","-39.9097","144.0986","20.0","NARACOOPA, AS","17",",a","6",",a","0",",a","15.7",",,a,21,","70.6",",,,a"
"ASN00098004","1935-12","-39.9097","144.0986","20.0","NARACOOPA, AS","9",",a","4",",a","0",",a","11.7",",,a,21,","34.8",",,,a"
"ASN00098004","1936-01","-39.9097","144.0986","20.0","NARACOOPA, AS","8",",a","1",",a","0",",a","5.1",",,a,21,","13.0",",,,a"
"ASN00098004","1936-02","-39.9097","144.0986","20.0","NARACOOPA, AS","9",",a","1",",a","0",",a","3.0",",,a,29,","9.8",",,,a"
"ASN00098004","1936-03","-39.9097","144.0986","20.0","NARACOOPA, AS","17",",a","5",",a","0",",a","12.7",",,a,15,","50.6",",,,a"
"ASN00098004","1936-04","-39.9097","144.0986","20.0","NARACOOPA, AS","20",",a","10",",a","0",",a","24.9",",,a,10,","85.6",",,,a"
"ASN00098004","1936-05","-39.9097","144.0986","20.0","NARACOOPA, AS","15",",a","7",",a","0",",a","11.4",",,a,14,","52.5",",,,a"
"ASN00098004","1936-06","-39.9097","144.0986","20.0","NARACOOPA, AS","24",",a","11",",a","0",",a","21.8",",,a,29,","103.5",",,,a"
"ASN00098004","1936-07","-39.9097","144.0986","20.0","NARACOOPA, AS","27",",a","14",",a","0",",a","25.1",",,a,04,","143.7",",,,a"
"ASN00098004","1936-08","-39.9097","144.0986","20.0","NARACOOPA, AS","26",",a","21",",a","2",",a","32.5",",,a,24,","265.3",",,,a"
"ASN00098004","1936-09","-39.9097","144.0986","20.0","NARACOOPA, AS","22",",a","10",",a","0",",a","10.9",",,a,12,","90.7",",,,a"
"ASN00098004","1936-10","-39.9097","144.0986","20.0","NARACOOPA, AS","23",",a","13",",a","0",",a","21.6",",,a,27,","106.1",",,,a"
"ASN00098004","1936-11","-39.9097","144.0986","20.0","NARACOOPA, AS","19",",a","6",",a","0",",a","5.8",",,a,15,","41.4",",,,a"
"ASN00098004","1936-12","-39.9097","144.0986","20.0","NARACOOPA, AS","16",",a","5",",a","0",",a","18.3",",,a,04,","50.0",",,,a"
"ASN00098004","1937-01","-39.9097","144.0986","20.0","NARACOOPA, AS","17",",a","8",",a","1",",a","28.2",",,a,01,","104.9",",,,a"
"ASN00098004","1937-02","-39.9097","144.0986","20.0","NARACOOPA, AS","8",",a","4",",a","0",",a","18.8",",,a,21,","43.3",",,,a"
"ASN00098004","1937-03","-39.9097","144.0986","20.0","NARACOOPA, AS","12",",a","5",",a","1",",a","43.7",",,a,18,","87.9",",,,a"
"ASN00098004","1937-04","-39.9097","144.0986","20.0","NARACOOPA, AS","16",",a","3",",a","0",",a","14.0",",,a,30,","38.9",",,,a"
"ASN00098004","1937-05","-39.9097","144.0986","20.0","NARACOOPA, AS","27",",a","17",",a","1",",a","33.5",",,a,31,","156.3",",,,a"
"ASN00098004","1937-06","-39.9097","144.0986","20.0","NARACOOPA, AS","17",",a","1",",a","0",",a","10.2",",,a,15,","29.0",",,,a"
"ASN00098004","1937-07","-39.9097","144.0986","20.0","NARACOOPA, AS","25",",a","13",",a","0",",a","21.6",",,a,10,","120.1",",,,a"
"ASN00098004","1937-08","-39.9097","144.0986","20.0","NARACOOPA, AS","22",",a","11",",a","0",",a","16.5",",,a,18,","93.6",",,,a"
"ASN00098004","1937-09","-39.9097","144.0986","20.0","NARACOOPA, AS","23",",a","10",",a","0",",a","13.5",",,a,03,","85.7",",,,a"
"ASN00098004","1937-10","-39.9097","144.0986","20.0","NARACOOPA, AS","16",",a","8",",a","0",",a","14.2",",,a,17,","61.8",",,,a"
"ASN00098004","1937-11","-39.9097","144.0986","20.0","NARACOOPA, AS","9",",a","5",",a","0",",a","17.8",",,a,13,","46.5",",,,a"
"ASN00098004","1937-12","-39.9097","144.0986","20.0","NARACOOPA, AS","18",",a","9",",a","2",",a","35.6",",,a,02,","166.7",",,,a"
"ASN00098004","1938-01","-39.9097","144.0986","20.0","NARACOOPA, AS","14",",a","6",",a","0",",a","8.9",",,a,26,","46.6",",,,a"
"ASN00098004","1938-02","-39.9097","144.0986","20.0","NARACOOPA, AS","15",",a","6",",a","0",",a","11.4",",,a,05,","47.9",",,,a"
"ASN00098004","1938-03","-39.9097","144.0986","20.0","NARACOOPA, AS","12",",a","3",",a","0",",a","16.5",",,a,06,","37.4",",,,a"
"ASN00098004","1938-04","-39.9097","144.0986","20.0","NARACOOPA, AS","15",",a","9",",a","0",",a","20.8",",,a,18,","96.9",",,,a"
"ASN00098004","1938-05","-39.9097","144.0986","20.0","NARACOOPA, AS","25",",a","7",",a","0",",a","17.5",",,a,17,","72.6",",,,a"
"ASN00098004","1938-06","-39.9097","144.0986","20.0","NARACOOPA, AS","27",",a","14",",a","0",",a","21.3",",,a,06,","125.2",",,,a"
"ASN00098004","1938-07","-39.9097","144.0986","20.0","NARACOOPA, AS","22",",a","9",",a","0",",a","15.5",",,a,23,","72.6",",,,a"
"ASN00098004","1938-08","-39.9097","144.0986","20.0","NARACOOPA, AS","22",",a","9",",a","0",",a","11.2",",,a,28,","70.9",",,,a"
"ASN00098004","1938-09","-39.9097","144.0986","20.0","NARACOOPA, AS","23",",a","7",",a","0",",a","8.9",",,a,16,","54.7",",,,a"
"ASN00098004","1938-10","-39.9097","144.0986","20.0","NARACOOPA, AS","21",",a","8",",a","0",",a","18.3",",,a,30,","70.2",",,,a"
"ASN00098004","1938-11","-39.9097","144.0986","20.0","NARACOOPA, AS","12",",a","6",",a","0",",a","7.1",",,a,04,","31.6",",,,a"
"ASN00098004","1938-12","-39.9097","144.0986","20.0","NARACOOPA, AS","14",",a","9",",a","0",",a","20.6",",,a,10,","77.2",",,,a"
"ASN00098004","1939-01","-39.9097","144.0986","20.0","NARACOOPA, AS","5",",a","1",",a","0",",a","8.4",",,a,04,","11.5",",,,a"
"ASN00098004","1939-02","-39.9097","144.0986","20.0","NARACOOPA, AS","8",",a","5",",a","0",",a","21.1",",,a,24,","74.2",",,,a"
"ASN00098004","1939-03","-39.9097","144.0986","20.0","NARACOOPA, AS","8",",a","1",",a","0",",a","8.9",",,a,13,","19.1",",,,a"
"ASN00098004","1939-04","-39.9097","144.0986","20.0","NARACOOPA, AS","21",",a","8",",a","0",",a","9.1",",,a,24,","59.7",",,,a"
"ASN00098004","1939-05","-39.9097","144.0986","20.0","NARACOOPA, AS","22",",a","10",",a","0",",a","18.0",",,a,17,","79.0",",,,a"
"ASN00098004","1939-06","-39.9097","144.0986","20.0","NARACOOPA, AS","27",",a","19",",a","0",",a","16.5",",,a,20,","191.7",",,,a"
"ASN00098004","1939-07","-39.9097","144.0986","20.0","NARACOOPA, AS","23",",a","8",",a","0",",a","8.4",",,a,01,","59.9",",,,a"
"ASN00098004","1939-08","-39.9097","144.0986","20.0","NARACOOPA, AS","31",",a","22",",a","1",",a","33.5",",,a,22,","236.0",",,,a"
"ASN00098004","1939-09","-39.9097","144.0986","20.0","NARACOOPA, AS","22",",a","15",",a","0",",a","15.2",",,a,04,","113.6",",,,a"
"ASN00098004","1939-10","-39.9097","144.0986","20.0","NARACOOPA, AS","20",",a","12",",a","0",",a","17.8",",,a,31,","74.6",",,,a"
"ASN00098004","1939-11","-39.9097","144.0986","20.0","NARACOOPA, AS","16",",a","8",",a","1",",a","30.7",",,a,04,","116.7",",,,a"
"ASN00098004","1939-12","-39.9097","144.0986","20.0","NARACOOPA, AS","17",",a","9",",a","0",",a","11.9",",,a,23,","62.9",",,,a"
"ASN00098004","1940-01","-39.9097","144.0986","20.0","NARACOOPA, AS","10",",a","5",",a","0",",a","17.8",",,a,06,","61.1",",,,a"
"ASN00098004","1940-02","-39.9097","144.0986","20.0","NARACOOPA, AS","15",",a","4",",a","0",",a","6.1",",,a,29,","33.5",",,,a"
"ASN00098004","1940-03","-39.9097","144.0986","20.0","NARACOOPA, AS","9",",a","2",",a","0",",a","8.6",",,a,20,","22.9",",,,a"
"ASN00098004","1940-04","-39.9097","144.0986","20.0","NARACOOPA, AS","14",",a","6",",a","1",",a","25.4",",,a,26,","72.7",",,,a"
"ASN00098004","1940-05","-39.9097","144.0986","20.0","NARACOOPA, AS","14",",a","6",",a","0",",a","12.7",",,a,17,","50.1",",,,a"
"ASN00098004","1940-06","-39.9097","144.0986","20.0","NARACOOPA, AS","22",",a","9",",a","0",",a","12.4",",,a,07,","81.7",",,,a"
"ASN00098004","1940-07","-39.9097","144.0986","20.0","NARACOOPA, AS","26",",a","19",",a","0",",a","24.6",",,a,13,","163.1",",,,a"
"ASN00098004","1940-08","-39.9097","144.0986","20.0","NARACOOPA, AS","19",",a","8",",a","0",",a","8.1",",,a,13,","52.2",",,,a"
"ASN00098004","1940-09","-39.9097","144.0986","20.0","NARACOOPA, AS","18",",a","8",",a","0",",a","7.4",",,a,13,","44.0",",,,a"
"ASN00098004","1940-10","-39.9097","144.0986","20.0","NARACOOPA, AS","14",",a","9",",a","0",",a","7.1",",,a,31,","38.3",",,,a"
"ASN00098004","1940-11","-39.9097","144.0986","20.0","NARACOOPA, AS","18",",a","11",",a","0",",a","18.5",",,a,11,","104.3",",,,a"
"ASN00098004","1940-12","-39.9097","144.0986","20.0","NARACOOPA, AS","14",",a","9",",a","0",",a","9.4",",,a,28,","56.8",",,,a"
"ASN00098004","1941-01","-39.9097","144.0986","20.0","NARACOOPA, AS","8",",a","3",",a","0",",a","16.8",",,a,24,+","43.1",",,,a"
"ASN00098004","1941-02","-39.9097","144.0986","20.0","NARACOOPA, AS","6",",a","4",",a","0",",a","8.1",",,a,24,","22.9",",,,a"
"ASN00098004","1941-03","-39.9097","144.0986","20.0","NARACOOPA, AS","17",",a","13",",a","0",",a","14.0",",,a,26,","94.2",",,,a"
"ASN00098004","1941-04","-39.9097","144.0986","20.0","NARACOOPA, AS","10",",a","2",",a","0",",a","4.8",",,a,23,","16.0",",,,a"
"ASN00098004","1941-05","-39.9097","144.0986","20.0","NARACOOPA, AS","20",",a","8",",a","0",",a","19.6",",,a,23,","66.7",",,,a"
"ASN00098004","1941-06","-39.9097","144.0986","20.0","NARACOOPA, AS","25",",a","10",",a","0",",a","18.5",",,a,20,","82.1",",,,a"
"ASN00098004","1941-07","-39.9097","144.0986","20.0","NARACOOPA, AS","25",",a","16",",a","0",",a","23.9",",,a,01,","126.0",",,,a"
"ASN00098004","1941-08","-39.9097","144.0986","20.0","NARACOOPA, AS","14",",a","9",",a","0",",a","14.5",",,a,05,","70.4",",,,a"
"ASN00098004","1941-09","-39.9097","144.0986","20.0","NARACOOPA, AS","21",",a","14",",a","0",",a","16.3",",,a,09,","120.8",",,,a"
"ASN00098004","1941-10","-39.9097","144.0986","20.0","NARACOOPA, AS","18",",a","5",",a","0",",a","13.0",",,a,26,","46.9",",,,a"
"ASN00098004","1941-11","-39.9097","144.0986","20.0","NARACOOPA, AS","12",",a","6",",a","0",",a","22.6",",,a,20,","47.6",",,,a"
"ASN00098004","1941-12","-39.9097","144.0986","20.0","NARACOOPA, AS","10",",a","4",",a","0",",a","8.9",",,a,04,","26.6",",,,a"
"ASN00098004","1942-01","-39.9097","144.0986","20.0","NARACOOPA, AS","10",",a","3",",a","0",",a","22.6",",,a,21,","49.7",",,,a"
"ASN00098004","1942-02","-39.9097","144.0986","20.0","NARACOOPA, AS","11",",a","5",",a","0",",a","5.3",",,a,24,","25.4",",,,a"
"ASN00098004","1942-03","-39.9097","144.0986","20.0","NARACOOPA, AS","14",",a","5",",a","0",",a","14.7",",,a,27,","35.7",",,,a"
"ASN00098004","1942-04","-39.9097","144.0986","20.0","NARACOOPA, AS","19",",a","6",",a","0",",a","16.5",",,a,03,","61.3",",,,a"
"ASN00098004","1942-05","-39.9097","144.0986","20.0","NARACOOPA, AS","24",",a","15",",a","1",",a","29.7",",,a,03,","140.1",",,,a"
"ASN00098004","1942-06","-39.9097","144.0986","20.0","NARACOOPA, AS","27",",a","13",",a","0",",a","19.6",",,a,30,","120.4",",,,a"
"ASN00098004","1942-07","-39.9097","144.0986","20.0","NARACOOPA, AS","28",",a","19",",a","0",",a","20.1",",,a,02,","198.5",",,,a"
"ASN00098004","1942-08","-39.9097","144.0986","20.0","NARACOOPA, AS","29",",a","18",",a","0",",a","18.3",",,a,31,","163.4",",,,a"
"ASN00098004","1942-09","-39.9097","144.0986","20.0","NARACOOPA, AS","22",",a","13",",a","0",",a","15.7",",,a,16,","95.3",",,,a"
"ASN00098004","1942-10","-39.9097","144.0986","20.0","NARACOOPA, AS","15",",a","5",",a","0",",a","17.5",",,a,30,","55.2",",,,a"
"ASN00098004","1942-11","-39.9097","144.0986","20.0","NARACOOPA, AS","10",",a","3",",a","0",",a","18.3",",,a,27,","33.5",",,,a"
"ASN00098004","1942-12","-39.9097","144.0986","20.0","NARACOOPA, AS","9",",a","4",",a","0",",a","14.7",",,a,19,","31.5",",,,a"
"ASN00098004","1943-01","-39.9097","144.0986","20.0","NARACOOPA, AS","13",",a","8",",a","0",",a","10.2",",,a,15,","53.8",",,,a"
"ASN00098004","1943-02","-39.9097","144.0986","20.0","NARACOOPA, AS","11",",a","6",",a","0",",a","9.4",",,a,18,","45.2",",,,a"
"ASN00098004","1943-03","-39.9097","144.0986","20.0","NARACOOPA, AS","11",",a","2",",a","0",",a","3.6",",,a,05,","12.7",",,,a"
"ASN00098004","1943-04","-39.9097","144.0986","20.0","NARACOOPA, AS","19",",a","12",",a","1",",a","25.4",",,a,18,","134.0",",,,a"
"ASN00098004","1943-05","-39.9097","144.0986","20.0","NARACOOPA, AS","21",",a","7",",a","0",",a","10.9",",,a,03,","52.0",",,,a"
"ASN00098004","1943-06","-39.9097","144.0986","20.0","NARACOOPA, AS","22",",a","16",",a","0",",a","19.3",",,a,29,","124.4",",,,a"
"ASN00098004","1943-07","-39.9097","144.0986","20.0","NARACOOPA, AS","26",",a","17",",a","0",",a","15.2",",,a,04,","124.7",",,,a"
"ASN00098004","1943-08","-39.9097","144.0986","20.0","NARACOOPA, AS","17",",a","13",",a","0",",a","19.3",",,a,04,","107.2",",,,a"
"ASN00098004","1943-09","-39.9097","144.0986","20.0","NARACOOPA, AS","21",",a","10",",a","0",",a","14.7",",,a,10,","78.8",",,,a"
"ASN00098004","1943-10","-39.9097","144.0986","20.0","NARACOOPA, AS","15",",a","4",",a","0",",a","14.5",",,a,17,","30.8",",,,a"
"ASN00098004","1943-11","-39.9097","144.0986","20.0","NARACOOPA, AS","18",",a","4",",a","0",",a","6.6",",,a,30,","33.1",",,,a"
"ASN00098004","1943-12","-39.9097","144.0986","20.0","NARACOOPA, AS","12",",a","2",",a","0",",a","14.0",",,a,04,","26.2",",,,a"
"ASN00098004","1944-01","-39.9097","144.0986","20.0","NARACOOPA, AS","10",",a","4",",a","0",",a","13.0",",,a,03,","32.3",",,,a"
"ASN00098004","1944-02","-39.9097","144.0986","20.0","NARACOOPA, AS","11",",a","7",",a","0",",a","17.3",",,a,27,","60.0",",,,a"
"ASN00098004","1944-03","-39.9097","144.0986","20.0","NARACOOPA, AS","15",",a","5",",a","0",",a","8.1",",,a,05,","33.3",",,,a"
"ASN00098004","1944-04","-39.9097","144.0986","20.0","NARACOOPA, AS","21",",a","16",",a","0",",a","18.0",",,a,02,","106.2",",,,a"
"ASN00098004","1944-05","-39.9097","144.0986","20.0","NARACOOPA, AS","23",",a","12",",a","0",",a","19.1",",,a,29,","137.8",",,,a"
"ASN00098004","1944-06","-39.9097","144.0986","20.0","NARACOOPA, AS","17",",a","8",",a","0",",a","20.8",",,a,15,","73.1",",,,a"
"ASN00098004","1944-07","-39.9097","144.0986","20.0","NARACOOPA, AS","20",",a","14",",a","0",",a","14.5",",,a,06,","93.1",",,,a"
"ASN00098004","1944-08","-39.9097","144.0986","20.0","NARACOOPA, AS","18",",a","5",",a","0",",a","9.9",",,a,01,","43.1",",,,a"
"ASN00098004","1944-09","-39.9097","144.0986","20.0","NARACOOPA, AS","22",",a","10",",a","0",",a","7.6",",,a,08,","62.6",",,,a"
"ASN00098004","1944-10","-39.9097","144.0986","20.0","NARACOOPA, AS","16",",a","8",",a","1",",a","31.8",",,a,01,","82.8",",,,a"
"ASN00098004","1944-11","-39.9097","144.0986","20.0","NARACOOPA, AS","18",",a","8",",a","0",",a","12.7",",,a,10,","66.3",",,,a"
"ASN00098004","1944-12","-39.9097","144.0986","20.0","NARACOOPA, AS","18",",a","11",",a","0",",a","18.0",",,a,22,+","98.8",",,,a"
"ASN00098004","1945-01","-39.9097","144.0986","20.0","NARACOOPA, AS","13",",a","1",",a","0",",a","5.6",",,a,31,","17.8",",,,a"
"ASN00098004","1945-02","-39.9097","144.0986","20.0","NARACOOPA, AS","15",",a","6",",a","0",",a","23.6",",,a,15,","77.6",",,,a"
"ASN00098004","1945-03","-39.9097","144.0986","20.0","NARACOOPA, AS","14",",a","5",",a","0",",a","8.4",",,a,23,","29.5",",,,a"
"ASN00098004","1945-04","-39.9097","144.0986","20.0","NARACOOPA, AS","14",",a","3",",a","0",",a","3.3",",,a,28,","18.3",",,,a"
"ASN00098004","1945-05","-39.9097","144.0986","20.0","NARACOOPA, AS","22",",a","6",",a","0",",a","12.4",",,a,13,","56.0",",,,a"
"ASN00098004","1945-06","-39.9097","144.0986","20.0","NARACOOPA, AS","19",",a","12",",a","0",",a","19.1",",,a,20,","112.4",",,,a"
"ASN00098004","1945-07","-39.9097","144.0986","20.0","NARACOOPA, AS","25",",a","13",",a","0",",a","18.0",",,a,20,","110.3",",,,a"
"ASN00098004","1945-08","-39.9097","144.0986","20.0","NARACOOPA, AS","27",",a","20",",a","1",",a","41.7",",,a,01,","208.7",",,,a"
"ASN00098004","1945-09","-39.9097","144.0986","20.0","NARACOOPA, AS","18",",a","9",",a","0",",a","15.5",",,a,21,","73.0",",,,a"
"ASN00098004","1945-10","-39.9097","144.0986","20.0","NARACOOPA, AS","23",",a","11",",a","1",",a","26.7",",,a,24,","113.7",",,,a"
"ASN00098004","1945-11","-39.9097","144.0986","20.0","NARACOOPA, AS","14",",a","7",",a","1",",a","29.2",",,a,17,","83.7",",,,a"
"ASN00098004","1945-12","-39.9097","144.0986","20.0","NARACOOPA, AS","6",",a","3",",a","0",",a","14.2",",,a,17,","28.6",",,,a"
"ASN00098004","1946-01","-39.9097","144.0986","20.0","NARACOOPA, AS","12",",a","10",",a","1",",a","26.2",",,a,18,","93.5",",,,a"
"ASN00098004","1946-02","-39.9097","144.0986","20.0","NARACOOPA, AS","11","1,a","6","1,a","0","1,a","18.3","1,,a,18,","53.9","1,,,a"
"ASN00098004","1946-03","-39.9097","144.0986","20.0","NARACOOPA, AS","19",",a","9",",a","1",",a","44.7",",,a,17,","129.3",",,,a"
"ASN00098004","1946-04","-39.9097","144.0986","20.0","NARACOOPA, AS","17",",a","6",",a","0",",a","13.5",",,a,25,","59.4",",,,a"
"ASN00098004","1946-05","-39.9097","144.0986","20.0","NARACOOPA, AS","17",",a","10",",a","0",",a","14.0",",,a,30,","85.1",",,,a"
"ASN00098004","1946-06","-39.9097","144.0986","20.0","NARACOOPA, AS","21",",a","10",",a","0",",a","24.4",",,a,30,","100.8",",,,a"
"ASN00098004","1946-07","-39.9097","144.0986","20.0","NARACOOPA, AS","29",",a","22",",a","2",",a","30.5",",,a,22,","247.9",",,,a"
"ASN00098004","1946-08","-39.9097","144.0986","20.0","NARACOOPA, AS","28",",a","17",",a","0",",a","24.6",",,a,06,","174.7",",,,a"
"ASN00098004","1946-09","-39.9097","144.0986","20.0","NARACOOPA, AS","22",",a","12",",a","0",",a","16.5",",,a,13,","83.6",",,,a"
"ASN00098004","1946-10","-39.9097","144.0986","20.0","NARACOOPA, AS","20",",a","7",",a","0",",a","11.2",",,a,22,","53.6",",,,a"
"ASN00098004","1946-11","-39.9097","144.0986","20.0","NARACOOPA, AS","12",",a","5",",a","2",",a","27.9",",,a,09,","78.2",",,,a"
"ASN00098004","1946-12","-39.9097","144.0986","20.0","NARACOOPA, AS","12",",a","6",",a","0",",a","17.3",",,a,07,","53.2",",,,a"
"ASN00098004","1947-01","-39.9097","144.0986","20.0","NARACOOPA, AS","6",",a","4",",a","0",",a","8.9",",,a,07,","27.5",",,,a"
"ASN00098004","1947-02","-39.9097","144.0986","20.0","NARACOOPA, AS","8",",a","3",",a","0",",a","24.9",",,a,04,","42.0",",,,a"
"ASN00098004","1947-03","-39.9097","144.0986","20.0","NARACOOPA, AS","18",",a","9",",a","1",",a","39.9",",,a,30,","111.3",",,,a"
"ASN00098004","1947-04","-39.9097","144.0986","20.0","NARACOOPA, AS","12",",a","5",",a","1",",a","28.2",",,a,22,","78.3",",,,a"
"ASN00098004","1947-05","-39.9097","144.0986","20.0","NARACOOPA, AS","21",",a","6",",a","0",",a","13.5",",,a,24,","65.9",",,,a"
"ASN00098004","1947-06","-39.9097","144.0986","20.0","NARACOOPA, AS","23",",a","17",",a","1",",a","25.9",",,a,20,","184.7",",,,a"
"ASN00098004","1947-07","-39.9097","144.0986","20.0","NARACOOPA, AS","26",",a","21",",a","1",",a","31.5",",,a,14,","214.8",",,,a"
"ASN00098004","1947-08","-39.9097","144.0986","20.0","NARACOOPA, AS","21",",a","14",",a","1",",a","38.6",",,a,12,","157.4",",,,a"
"ASN00098004","1947-09","-39.9097","144.0986","20.0","NARACOOPA, AS","20",",a","13",",a","0",",a","18.0",",,a,03,","73.5",",,,a"
"ASN00098004","1947-10","-39.9097","144.0986","20.0","NARACOOPA, AS","24",",a","11",",a","0",",a","14.2",",,a,03,","97.2",",,,a"
"ASN00098004","1947-11","-39.9097","144.0986","20.0","NARACOOPA, AS","13",",a","7",",a","1",",a","34.5",",,a,09,","83.6",",,,a"
"ASN00098004","1947-12","-39.9097","144.0986","20.0","NARACOOPA, AS","14",",a","8",",a","1",",a","64.0",",,a,21,","111.0",",,,a"
"ASN00098004","1948-01","-39.9097","144.0986","20.0","NARACOOPA, AS","5",",a","0",",a","0",",a","2.0",",,a,01,","4.1",",,,a"
"ASN00098004","1948-02","-39.9097","144.0986","20.0","NARACOOPA, AS","12",",a","5",",a","0",",a","22.4",",,a,04,","44.2",",,,a"
"ASN00098004","1948-03","-39.9097","144.0986","20.0","NARACOOPA, AS","18",",a","7",",a","0",",a","13.0",",,a,01,","46.1",",,,a"
"ASN00098004","1948-04","-39.9097","144.0986","20.0","NARACOOPA, AS","16",",a","9",",a","1",",a","49.8",",,a,11,","146.9",",,,a"
"ASN00098004","1948-05","-39.9097","144.0986","20.0","NARACOOPA, AS","29",",a","18",",a","2",",a","70.1",",,a,04,","228.1",",,,a"
"ASN00098004","1948-06","-39.9097","144.0986","20.0","NARACOOPA, AS","17",",a","10",",a","0",",a","9.1",",,a,26,","47.7",",,,a"
"ASN00098004","1948-07","-39.9097","144.0986","20.0","NARACOOPA, AS","23",",a","13",",a","0",",a","18.8",",,a,27,","104.2",",,,a"
"ASN00098004","1948-08","-39.9097","144.0986","20.0","NARACOOPA, AS","24",",a","15",",a","0",",a","16.0",",,a,16,","112.2",",,,a"
"ASN00098004","1948-09","-39.9097","144.0986","20.0","NARACOOPA, AS","24",",a","12",",a","0",",a","13.7",",,a,06,","94.4",",,,a"
"ASN00098004","1948-10","-39.9097","144.0986","20.0","NARACOOPA, AS","26",",a","13",",a","0",",a","16.3",",,a,22,","122.7",",,,a"
"ASN00098004","1948-11","-39.9097","144.0986","20.0","NARACOOPA, AS","13",",a","8",",a","0",",a","7.6",",,a,06,","40.3",",,,a"
"ASN00098004","1948-12","-39.9097","144.0986","20.0","NARACOOPA, AS","12",",a","4",",a","0",",a","17.0",",,a,05,","46.0",",,,a"
"ASN00098004","1949-01","-39.9097","144.0986","20.0","NARACOOPA, AS","6",",a","6",",a","0",",a","16.0",",,a,15,","38.5",",,,a"
"ASN00098004","1949-02","-39.9097","144.0986","20.0","NARACOOPA, AS","15",",a","5",",a","1",",a","61.0",",,a,21,","111.8",",,,a"
"ASN00098004","1949-03","-39.9097","144.0986","20.0","NARACOOPA, AS","10",",a","4",",a","0",",a","14.2",",,a,08,","45.7",",,,a"
"ASN00098004","1949-04","-39.9097","144.0986","20.0","NARACOOPA, AS","14",",a","3",",a","0",",a","6.1",",,a,19,","20.4",",,,a"
"ASN00098004","1949-05","-39.9097","144.0986","20.0","NARACOOPA, AS","24",",a","8",",a","1",",a","29.7",",,a,15,","100.9",",,,a"
"ASN00098004","1949-06","-39.9097","144.0986","20.0","NARACOOPA, AS","20",",a","5",",a","0",",a","14.7",",,a,29,","57.8",",,,a"
"ASN00098004","1949-07","-39.9097","144.0986","20.0","NARACOOPA, AS","21",",a","11",",a","0",",a","14.0",",,a,30,","81.5",",,,a"
"ASN00098004","1949-08","-39.9097","144.0986","20.0","NARACOOPA, AS","18",",a","9",",a","0",",a","7.9",",,a,20,","51.2",",,,a"
"ASN00098004","1949-09","-39.9097","144.0986","20.0","NARACOOPA, AS","15",",a","4",",a","0",",a","9.9",",,a,09,","34.9",",,,a"
"ASN00098004","1949-10","-39.9097","144.0986","20.0","NARACOOPA, AS","25",",a","15",",a","3",",a","43.4",",,a,23,","251.6",",,,a"
"ASN00098004","1949-11","-39.9097","144.0986","20.0","NARACOOPA, AS","19",",a","9",",a","0",",a","18.8",",,a,22,","79.2",",,,a"
"ASN00098004","1949-12","-39.9097","144.0986","20.0","NARACOOPA, AS","11",",a","5",",a","0",",a","9.4",",,a,28,","30.4",",,,a"
"ASN00098004","1950-01","-39.9097","144.0986","20.0","NARACOOPA, AS","12",",a","4",",a","0",",a","9.7",",,a,09,","36.2",",,,a"
"ASN00098004","1950-02","-39.9097","144.0986","20.0","NARACOOPA, AS","10",",a","3",",a","0",",a","19.1",",,a,17,","36.4",",,,a"
"ASN00098004","1950-03","-39.9097","144.0986","20.0","NARACOOPA, AS","9",",a","1",",a","0",",a","9.1",",,a,13,","15.6",",,,a"
"ASN00098004","1950-04","-39.9097","144.0986","20.0","NARACOOPA, AS","10",",a","2",",a","0",",a","4.1",",,a,09,","12.0",",,,a"
"ASN00098004","1950-05","-39.9097","144.0986","20.0","NARACOOPA, AS","19",",a","8",",a","0",",a","20.3",",,a,27,","81.5",",,,a"
"ASN00098004","1950-06","-39.9097","144.0986","20.0","NARACOOPA, AS","18",",a","6",",a","0",",a","11.2",",,a,27,","42.1",",,,a"
"ASN00098004","1950-07","-39.9097","144.0986","20.0","NARACOOPA, AS","21",",a","8",",a","0",",a","10.2",",,a,08,","68.9",",,,a"
"ASN00098004","1950-08","-39.9097","144.0986","20.0","NARACOOPA, AS","19",",a","6",",a","0",",a","20.1",",,a,04,","71.5",",,,a"
"ASN00098004","1950-09","-39.9097","144.0986","20.0","NARACOOPA, AS","20",",a","11",",a","0",",a","20.1",",,a,25,","90.0",",,,a"
"ASN00098004","1950-10","-39.9097","144.0986","20.0","NARACOOPA, AS","20",",a","11",",a","0",",a","14.7",",,a,17,","86.3",",,,a"
"ASN00098004","1950-11","-39.9097","144.0986","20.0","NARACOOPA, AS","17",",a","9",",a","0",",a","24.9",",,a,14,","103.8",",,,a"
"ASN00098004","1950-12","-39.9097","144.0986","20.0","NARACOOPA, AS","18",",a","4",",a","0",",a","12.4",",,a,08,","41.1",",,,a"
"ASN00098004","1951-01","-39.9097","144.0986","20.0","NARACOOPA, AS","13",",a","3",",a","0",",a","7.9",",,a,07,","22.6",",,,a"
"ASN00098004","1951-02","-39.9097","144.0986","20.0","NARACOOPA, AS","18",",a","5",",a","0",",a","6.6",",,a,13,","33.0",",,,a"
"ASN00098004","1951-03","-39.9097","144.0986","20.0","NARACOOPA, AS","15",",a","4",",a","0",",a","5.6",",,a,09,","24.1",",,,a"
"ASN00098004","1951-04","-39.9097","144.0986","20.0","NARACOOPA, AS","28",",a","17",",a","1",",a","31.2",",,a,06,","173.0",",,,a"
"ASN00098004","1951-05","-39.9097","144.0986","20.0","NARACOOPA, AS","23",",a","12",",a","1",",a","29.7",",,a,24,","150.4",",,,a"
"ASN00098004","1951-06","-39.9097","144.0986","20.0","NARACOOPA, AS","21",",a","10",",a","3",",a","44.2",",,a,13,","176.4",",,,a"
"ASN00098004","1951-07","-39.9097","144.0986","20.0","NARACOOPA, AS","27",",a","18",",a","1",",a","27.2",",,a,19,","174.4",",,,a"
"ASN00098004","1951-08","-39.9097","144.0986","20.0","NARACOOPA, AS","28",",a","20",",a","1",",a","35.6",",,a,04,","190.0",",,,a"
"ASN00098004","1951-09","-39.9097","144.0986","20.0","NARACOOPA, AS","21",",a","4",",a","0",",a","12.4",",,a,29,","41.7",",,,a"
"ASN00098004","1951-10","-39.9097","144.0986","20.0","NARACOOPA, AS","23",",a","10",",a","0",",a","9.1",",,a,23,","67.3",",,,a"
"ASN00098004","1951-11","-39.9097","144.0986","20.0","NARACOOPA, AS","22",",a","10",",a","0",",a","16.8",",,a,26,","89.6",",,,a"
"ASN00098004","1951-12","-39.9097","144.0986","20.0","NARACOOPA, AS","18",",a","8",",a","1",",a","26.9",",,a,09,","82.9",",,,a"
"ASN00098004","1952-01","-39.9097","144.0986","20.0","NARACOOPA, AS","20",",a","6",",a","1",",a","46.7",",,a,25,","81.8",",,,a"
"ASN00098004","1952-02","-39.9097","144.0986","20.0","NARACOOPA, AS","13",",a","2",",a","0",",a","10.2",",,a,01,","26.7",",,,a"
"ASN00098004","1952-03","-39.9097","144.0986","20.0","NARACOOPA, AS","24",",a","5",",a","0",",a","7.6",",,a,20,","34.4",",,,a"
"ASN00098004","1952-04","-39.9097","144.0986","20.0","NARACOOPA, AS","23",",a","11",",a","0",",a","23.6",",,a,18,","125.2",",,,a"
"ASN00098004","1952-05","-39.9097","144.0986","20.0","NARACOOPA, AS","30",",a","16",",a","3",",a","52.3",",,a,29,","248.2",",,,a"
"ASN00098004","1952-06","-39.9097","144.0986","20.0","NARACOOPA, AS","30",",a","21",",a","1",",a","39.1",",,a,03,","227.3",",,,a"
"ASN00098004","1952-07","-39.9097","144.0986","20.0","NARACOOPA, AS","27",",a","12",",a","1",",a","38.9",",,a,14,","151.5",",,,a"
"ASN00098004","1952-08","-39.9097","144.0986","20.0","NARACOOPA, AS","29",",a","11",",a","0",",a","18.3",",,a,24,","113.6",",,,a"
"ASN00098004","1952-09","-39.9097","144.0986","20.0","NARACOOPA, AS","26",",a","15",",a","0",",a","17.8",",,a,17,","108.6",",,,a"
"ASN00098004","1952-10","-39.9097","144.0986","20.0","NARACOOPA, AS","26",",a","12",",a","1",",a","27.9",",,a,28,","137.2",",,,a"
"ASN00098004","1952-11","-39.9097","144.0986","20.0","NARACOOPA, AS","26",",a","10",",a","2",",a","28.2",",,a,26,","150.3",",,,a"
"ASN00098004","1952-12","-39.9097","144.0986","20.0","NARACOOPA, AS","20",",a","7",",a","0",",a","11.4",",,a,08,","53.4",",,,a"
"ASN00098004","1953-01","-39.9097","144.0986","20.0","NARACOOPA, AS","21",",a","3",",a","0",",a","6.1",",,a,28,","25.7",",,,a"
"ASN00098004","1953-02","-39.9097","144.0986","20.0","NARACOOPA, AS","19",",a","4",",a","0",",a","4.8",",,a,07,","25.6",",,,a"
"ASN00098004","1953-03","-39.9097","144.0986","20.0","NARACOOPA, AS","21",",a","1",",a","0",",a","5.8",",,a,21,","18.5",",,,a"
"ASN00098004","1953-04","-39.9097","144.0986","20.0","NARACOOPA, AS","24",",a","10",",a","1",",a","29.2",",,a,27,","95.1",",,,a"
"ASN00098004","1953-05","-39.9097","144.0986","20.0","NARACOOPA, AS","28",",a","9",",a","0",",a","13.7",",,a,31,","83.8",",,,a"
"ASN00098004","1953-06","-39.9097","144.0986","20.0","NARACOOPA, AS","28",",a","13",",a","0",",a","22.4",",,a,10,","149.3",",,,a"
"ASN00098004","1953-07","-39.9097","144.0986","20.0","NARACOOPA, AS","30",",a","15",",a","0",",a","19.8",",,a,16,","159.5",",,,a"
"ASN00098004","1953-08","-39.9097","144.0986","20.0","NARACOOPA, AS","26",",a","16",",a","0",",a","16.0",",,a,01,","154.5",",,,a"
"ASN00098004","1953-09","-39.9097","144.0986","20.0","NARACOOPA, AS","25",",a","14",",a","0",",a","17.8",",,a,20,","132.1",",,,a"
"ASN00098004","1953-10","-39.9097","144.0986","20.0","NARACOOPA, AS","21",",a","9",",a","0",",a","17.3",",,a,21,","81.5",",,,a"
"ASN00098004","1953-11","-39.9097","144.0986","20.0","NARACOOPA, AS","24",",a","11",",a","2",",a","39.4",",,a,05,","150.0",",,,a"
"ASN00098004","1953-12","-39.9097","144.0986","20.0","NARACOOPA, AS","16",",a","7",",a","1",",a","57.2",",,a,07,","109.6",",,,a"
"ASN00098004","1954-01","-39.9097","144.0986","20.0","NARACOOPA, AS","7",",a","2",",a","1",",a","29.5",",,a,28,","35.2",",,,a"
"ASN00098004","1954-02","-39.9097","144.0986","20.0","NARACOOPA, AS","17",",a","8",",a","2",",a","31.2",",,a,16,","116.8",",,,a"
"ASN00098004","1954-03","-39.9097","144.0986","20.0","NARACOOPA, AS","22",",a","8",",a","0",",a","14.5",",,a,20,","69.2",",,,a"
"ASN00098004","1954-04","-39.9097","144.0986","20.0","NARACOOPA, AS","24",",a","10",",a","0",",a","23.1",",,a,14,","108.4",",,,a"
"ASN00098004","1954-05","-39.9097","144.0986","20.0","NARACOOPA, AS","29",",a","12",",a","0",",a","14.0",",,a,15,","88.2",",,,a"
"ASN00098004","1954-06","-39.9097","144.0986","20.0","NARACOOPA, AS","23",",a","13",",a","0",",a","20.1",",,a,15,","109.2",",,,a"
"ASN00098004","1954-07","-39.9097","144.0986","20.0","NARACOOPA, AS","25",",a","11",",a","0",",a","16.8",",,a,25,","98.6",",,,a"
"ASN00098004","1954-08","-39.9097","144.0986","20.0","NARACOOPA, AS","27",",a","15",",a","0",",a","13.5",",,a,10,","106.2",",,,a"
"ASN00098004","1954-09","-39.9097","144.0986","20.0","NARACOOPA, AS","17",",a","7",",a","0",",a","16.8",",,a,03,","77.2",",,,a"
"ASN00098004","1954-10","-39.9097","144.0986","20.0","NARACOOPA, AS","21",",a","7",",a","0",",a","8.9",",,a,08,","58.3",",,,a"
"ASN00098004","1954-11","-39.9097","144.0986","20.0","NARACOOPA, AS","15",",a","4",",a","0",",a","8.9",",,a,20,","36.1",",,,a"
"ASN00098004","1954-12","-39.9097","144.0986","20.0","NARACOOPA, AS","13",",a","4",",a","1",",a","31.0",",,a,12,","59.7",",,,a"
"ASN00098004","1955-01","-39.9097","144.0986","20.0","NARACOOPA, AS","17",",a","3",",a","0",",a","7.6",",,a,30,","30.6",",,,a"
"ASN00098004","1955-02","-39.9097","144.0986","20.0","NARACOOPA, AS","16",",a","5",",a","0",",a","13.7",",,a,15,+","54.3",",,,a"
"ASN00098004","1955-03","-39.9097","144.0986","20.0","NARACOOPA, AS","16",",a","2",",a","0",",a","6.9",",,a,24,","20.3",",,,a"
"ASN00098004","1955-04","-39.9097","144.0986","20.0","NARACOOPA, AS","21",",a","8",",a","0",",a","16.5",",,a,02,","69.8",",,,a"
"ASN00098004","1955-05","-39.9097","144.0986","20.0","NARACOOPA, AS","25",",a","11",",a","2",",a","40.6",",,a,13,","162.0",",,,a"
"ASN00098004","1955-06","-39.9097","144.0986","20.0","NARACOOPA, AS","20",",a","12",",a","1",",a","66.0",",,a,25,","168.8",",,,a"
"ASN00098004","1955-07","-39.9097","144.0986","20.0","NARACOOPA, AS","24",",a","13",",a","0",",a","16.5",",,a,10,","111.6",",,,a"
"ASN00098004","1955-08","-39.9097","144.0986","20.0","NARACOOPA, AS","28",",a","21",",a","0",",a","20.6",",,a,26,","215.8",",,,a"
"ASN00098004","1955-09","-39.9097","144.0986","20.0","NARACOOPA, AS","20",",a","8",",a","0",",a","11.9",",,a,22,","61.3",",,,a"
"ASN00098004","1955-10","-39.9097","144.0986","20.0","NARACOOPA, AS","21",",a","13",",a","0",",a","8.9",",,a,15,","75.1",",,,a"
"ASN00098004","1955-11","-39.9097","144.0986","20.0","NARACOOPA, AS","26",",a","10",",a","0",",a","13.7",",,a,11,","79.7",",,,a"
"ASN00098004","1955-12","-39.9097","144.0986","20.0","NARACOOPA, AS","18",",a","10",",a","1",",a","30.2",",,a,31,","82.5",",,,a"
"ASN00098004","1956-01","-39.9097","144.0986","20.0","NARACOOPA, AS","14",",a","7",",a","0",",a","20.1",",,a,20,","66.0",",,,a"
"ASN00098004","1956-02","-39.9097","144.0986","20.0","NARACOOPA, AS","10",",a","5",",a","0",",a","10.9",",,a,22,","32.8",",,,a"
"ASN00098004","1956-03","-39.9097","144.0986","20.0","NARACOOPA, AS","16",",a","2",",a","0",",a","14.0",",,a,31,","30.0",",,,a"
"ASN00098004","1956-04","-39.9097","144.0986","20.0","NARACOOPA, AS","27",",a","17",",a","3",",a","50.8",",,a,08,","263.7",",,,a"
"ASN00098004","1956-05","-39.9097","144.0986","20.0","NARACOOPA, AS","19",",a","9",",a","1",",a","27.4",",,a,28,","107.5",",,,a"
"ASN00098004","1956-06","-39.9097","144.0986","20.0","NARACOOPA, AS","25",",a","16",",a","1",",a","25.4",",,a,15,","170.8",",,,a"
"ASN00098004","1956-07","-39.9097","144.0986","20.0","NARACOOPA, AS","25",",a","18",",a","0",",a","16.3",",,a,17,","150.0",",,,a"
"ASN00098004","1956-08","-39.9097","144.0986","20.0","NARACOOPA, AS","27",",a","18",",a","0",",a","21.8",",,a,10,","149.0",",,,a"
"ASN00098004","1956-09","-39.9097","144.0986","20.0","NARACOOPA, AS","20",",a","9",",a","0",",a","12.7",",,a,21,","82.6",",,,a"
"ASN00098004","1956-10","-39.9097","144.0986","20.0","NARACOOPA, AS","20",",a","11",",a","1",",a","30.7",",,a,16,","112.2",",,,a"
"ASN00098004","1956-11","-39.9097","144.0986","20.0","NARACOOPA, AS","23",",a","11",",a","0",",a","11.4",",,a,10,","88.1",",,,a"
"ASN00098004","1956-12","-39.9097","144.0986","20.0","NARACOOPA, AS","22",",a","8",",a","0",",a","14.5",",,a,13,","70.2",",,,a"
"ASN00098004","1957-01","-39.9097","144.0986","20.0","NARACOOPA, AS","12",",a","2",",a","0",",a","4.8",",,a,25,","16.2",",,,a"
"ASN00098004","1957-02","-39.9097","144.0986","20.0","NARACOOPA, AS","8",",a","3",",a","1",",a","26.7",",,a,07,","61.8",",,,a"
"ASN00098004","1957-03","-39.9097","144.0986","20.0","NARACOOPA, AS","11",",a","6",",a","0",",a","15.5",",,a,10,","65.6",",,,a"
"ASN00098004","1957-04","-39.9097","144.0986","20.0","NARACOOPA, AS","22",",a","15",",a","0",",a","17.8",",,a,25,","107.0",",,,a"
"ASN00098004","1957-05","-39.9097","144.0986","20.0","NARACOOPA, AS","25",",a","12",",a","0",",a","18.5",",,a,19,","106.4",",,,a"
"ASN00098004","1957-06","-39.9097","144.0986","20.0","NARACOOPA, AS","18",",a","9",",a","0",",a","21.1",",,a,26,","112.3",",,,a"
"ASN00098004","1957-07","-39.9097","144.0986","20.0","NARACOOPA, AS","19",",a","6",",a","0",",a","15.7",",,a,14,","59.8",",,,a"
"ASN00098004","1957-08","-39.9097","144.0986","20.0","NARACOOPA, AS","18",",a","10",",a","0",",a","18.8",",,a,23,","73.2",",,,a"
"ASN00098004","1957-09","-39.9097","144.0986","20.0","NARACOOPA, AS","24",",a","11",",a","1",",a","50.8",",,a,15,","147.3",",,,a"
"ASN00098004","1957-10","-39.9097","144.0986","20.0","NARACOOPA, AS","21",",a","11",",a","0",",a","13.7",",,a,01,","91.8",",,,a"
"ASN00098004","1957-11","-39.9097","144.0986","20.0","NARACOOPA, AS","21",",a","7",",a","0",",a","11.7",",,a,26,","63.2",",,,a"
"ASN00098004","1957-12","-39.9097","144.0986","20.0","NARACOOPA, AS","15",",a","6",",a","1",",a","31.0",",,a,26,","69.2",",,,a"
"ASN00098004","1958-01","-39.9097","144.0986","20.0","NARACOOPA, AS","11",",a","2",",a","0",",a","11.4",",,a,31,","22.0",",,,a"
"ASN00098004","1958-02","-39.9097","144.0986","20.0","NARACOOPA, AS","9",",a","2",",a","0",",a","15.5",",,a,20,","30.2",",,,a"
"ASN00098004","1958-03","-39.9097","144.0986","20.0","NARACOOPA, AS","20",",a","6",",a","0",",a","20.1",",,a,28,","62.9",",,,a"
"ASN00098004","1958-04","-39.9097","144.0986","20.0","NARACOOPA, AS","10",",a","3",",a","0",",a","11.4",",,a,06,","27.3",",,,a"
"ASN00098004","1958-05","-39.9097","144.0986","20.0","NARACOOPA, AS","24",",a","20",",a","1",",a","38.6",",,a,24,","231.9",",,,a"
"ASN00098004","1958-06","-39.9097","144.0986","20.0","NARACOOPA, AS","22",",a","10",",a","0",",a","13.5",",,a,19,","88.7",",,,a"
"ASN00098004","1958-07","-39.9097","144.0986","20.0","NARACOOPA, AS","27",",a","14",",a","1",",a","25.4",",,a,18,","151.3",",,,a"
"ASN00098004","1958-08","-39.9097","144.0986","20.0","NARACOOPA, AS","28",",a","16",",a","1",",a","36.3",",,a,16,","145.8",",,,a"
"ASN00098004","1958-09","-39.9097","144.0986","20.0","NARACOOPA, AS","21",",a","7",",a","0",",a","7.4",",,a,20,","48.5",",,,a"
"ASN00098004","1958-10","-39.9097","144.0986","20.0","NARACOOPA, AS","22",",a","16",",a","0",",a","21.6",",,a,16,","149.8",",,,a"
"ASN00098004","1958-11","-39.9097","144.0986","20.0","NARACOOPA, AS","14",",a","6",",a","0",",a","12.2",",,a,14,","38.0",",,,a"
"ASN00098004","1958-12","-39.9097","144.0986","20.0","NARACOOPA, AS","10",",a","3",",a","0",",a","13.2",",,a,10,","29.4",",,,a"
"ASN00098004","1959-01","-39.9097","144.0986","20.0","NARACOOPA, AS","4",",a","3",",a","0",",a","9.1",",,a,25,","18.2",",,,a"
"ASN00098004","1959-02","-39.9097","144.0986","20.0","NARACOOPA, AS","13",",a","5",",a","0",",a","18.5",",,a,15,","66.5",",,,a"
"ASN00098004","1959-03","-39.9097","144.0986","20.0","NARACOOPA, AS","11",",a","3",",a","0",",a","8.6",",,a,05,","30.6",",,,a"
"ASN00098004","1959-04","-39.9097","144.0986","20.0","NARACOOPA, AS","17",",a","4",",a","0",",a","18.8",",,a,01,","50.8",",,,a"
"ASN00098004","1959-05","-39.9097","144.0986","20.0","NARACOOPA, AS","17",",a","2",",a","0",",a","13.7",",,a,19,","30.4",",,,a"
"ASN00098004","1959-06","-39.9097","144.0986","20.0","NARACOOPA, AS","18",",a","8",",a","0",",a","20.3",",,a,25,","69.9",",,,a"
"ASN00098004","1959-07","-39.9097","144.0986","20.0","NARACOOPA, AS","27",",a","10",",a","0",",a","13.7",",,a,30,","64.4",",,,a"
"ASN00098004","1959-08","-39.9097","144.0986","20.0","NARACOOPA, AS","18",",a","12",",a","0",",a","25.1",",,a,04,","116.7",",,,a"
"ASN00098004","1959-09","-39.9097","144.0986","20.0","NARACOOPA, AS","15",",a","5",",a","0",",a","16.3",",,a,15,","56.4",",,,a"
"ASN00098004","1959-10","-39.9097","144.0986","20.0","NARACOOPA, AS","16",",a","5",",a","0",",a","8.4",",,a,31,","45.2",",,,a"
"ASN00098004","1959-11","-39.9097","144.0986","20.0","NARACOOPA, AS","12",",a","2",",a","0",",a","8.4",",,a,30,","22.4",",,,a"
"ASN00098004","1959-12","-39.9097","144.0986","20.0","NARACOOPA, AS","18",",a","6",",a","0",",a","11.2",",,a,25,","53.7",",,,a"
"ASN00098004","1960-01","-39.9097","144.0986","20.0","NARACOOPA, AS","9",",a","2",",a","0",",a","15.5",",,a,09,","24.2",",,,a"
"ASN00098004","1960-02","-39.9097","144.0986","20.0","NARACOOPA, AS","15",",a","4",",a","0",",a","15.7",",,a,14,","61.0",",,,a"
"ASN00098004","1960-03","-39.9097","144.0986","20.0","NARACOOPA, AS","13",",a","3",",a","0",",a","15.7",",,a,07,","31.1",",,,a"
"ASN00098004","1960-04","-39.9097","144.0986","20.0","NARACOOPA, AS","20",",a","14",",a","1",",a","39.1",",,a,22,","192.4",",,,a"
"ASN00098004","1960-05","-39.9097","144.0986","20.0","NARACOOPA, AS","25",",a","16",",a","0",",a","24.9",",,a,05,","169.1",",,,a"
"ASN00098004","1960-06","-39.9097","144.0986","20.0","NARACOOPA, AS","22",",a","8",",a","0",",a","17.8",",,a,11,","84.4",",,,a"
"ASN00098004","1960-07","-39.9097","144.0986","20.0","NARACOOPA, AS","25",",a","16",",a","0",",a","21.8",",,a,16,","169.2",",,,a"
"ASN00098004","1960-08","-39.9097","144.0986","20.0","NARACOOPA, AS","22",",a","8",",a","0",",a","17.5",",,a,12,","74.7",",,,a"
"ASN00098004","1960-09","-39.9097","144.0986","20.0","NARACOOPA, AS","20",",a","8",",a","1",",a","34.8",",,a,24,","122.8",",,,a"
"ASN00098004","1960-10","-39.9097","144.0986","20.0","NARACOOPA, AS","17",",a","8",",a","0",",a","19.3",",,a,07,","80.6",",,,a"
"ASN00098004","1960-11","-39.9097","144.0986","20.0","NARACOOPA, AS","19",",a","10",",a","1",",a","30.0",",,a,21,","103.5",",,,a"
"ASN00098004","1960-12","-39.9097","144.0986","20.0","NARACOOPA, AS","7",",a","1",",a","0",",a","9.1",",,a,04,","13.9",",,,a"
"ASN00098004","1961-01","-39.9097","144.0986","20.0","NARACOOPA, AS","6",",a","2",",a","0",",a","18.3",",,a,11,","25.4",",,,a"
"ASN00098004","1961-02","-39.9097","144.0986","20.0","NARACOOPA, AS","12",",a","6",",a","0",",a","12.7",",,a,25,","38.7",",,,a"
"ASN00098004","1961-03","-39.9097","144.0986","20.0","NARACOOPA, AS","18",",a","2",",a","0",",a","5.8",",,a,29,","23.3",",,,a"
"ASN00098004","1961-04","-39.9097","144.0986","20.0","NARACOOPA, AS","20",",a","11",",a","1",",a","57.2",",,a,23,","196.3",",,,a"
"ASN00098004","1961-05","-39.9097","144.0986","20.0","NARACOOPA, AS","22",",a","10",",a","0",",a","10.4",",,a,03,","62.5",",,,a"
"ASN00098004","1961-06","-39.9097","144.0986","20.0","NARACOOPA, AS","28",",a","14",",a","1",",a","26.4",",,a,17,","106.3",",,,a"
"ASN00098004","1961-07","-39.9097","144.0986","20.0","NARACOOPA, AS","28",",a","14",",a","1",",a","25.9",",,a,06,","130.9",",,,a"
"ASN00098004","1961-08","-39.9097","144.0986","20.0","NARACOOPA, AS","21",",a","11",",a","0",",a","19.6",",,a,29,","96.9",",,,a"
"ASN00098004","1961-09","-39.9097","144.0986","20.0","NARACOOPA, AS","16",",a","5",",a","0",",a","22.1",",,a,15,","51.6",",,,a"
"ASN00098004","1961-10","-39.9097","144.0986","20.0","NARACOOPA, AS","17",",a","4",",a","0",",a","22.9",",,a,25,","61.2",",,,a"
"ASN00098004","1961-11","-39.9097","144.0986","20.0","NARACOOPA, AS","15",",a","3",",a","0",",a","7.6",",,a,09,","28.9",",,,a"
"ASN00098004","1961-12","-39.9097","144.0986","20.0","NARACOOPA, AS","16",",a","5",",a","0",",a","12.4",",,a,18,","42.3",",,,a"
"ASN00098004","1962-01","-39.9097","144.0986","20.0","NARACOOPA, AS","5",",a","3",",a","0",",a","21.3",",,a,31,","37.9",",,,a"
"ASN00098004","1962-02","-39.9097","144.0986","20.0","NARACOOPA, AS","14",",a","6",",a","0",",a","11.2",",,a,20,","43.9",",,,a"
"ASN00098004","1962-03","-39.9097","144.0986","20.0","NARACOOPA, AS","13",",a","7",",a","0",",a","19.3",",,a,28,","56.0",",,,a"
"ASN00098004","1962-04","-39.9097","144.0986","20.0","NARACOOPA, AS","14",",a","4",",a","0",",a","7.6",",,a,29,","25.3",",,,a"
"ASN00098004","1962-05","-39.9097","144.0986","20.0","NARACOOPA, AS","26",",a","13",",a","0",",a","21.3",",,a,26,","154.7",",,,a"
"ASN00098004","1962-06","-39.9097","144.0986","20.0","NARACOOPA, AS","26",",a","18",",a","0",",a","19.8",",,a,03,","180.5",",,,a"
"ASN00098004","1962-07","-39.9097","144.0986","20.0","NARACOOPA, AS","25",",a","11",",a","0",",a","17.3",",,a,31,","103.1",",,,a"
"ASN00098004","1962-08","-39.9097","144.0986","20.0","NARACOOPA, AS","25",",a","16",",a","0",",a","17.5",",,a,01,","125.2",",,,a"
"ASN00098004","1962-09","-39.9097","144.0986","20.0","NARACOOPA, AS","23",",a","13",",a","0",",a","14.5",",,a,28,","103.1",",,,a"
"ASN00098004","1962-10","-39.9097","144.0986","20.0","NARACOOPA, AS","23",",a","12",",a","1",",a","32.0",",,a,05,","118.2",",,,a"
"ASN00098004","1962-11","-39.9097","144.0986","20.0","NARACOOPA, AS","11",",a","4",",a","0",",a","12.2",",,a,11,","37.4",",,,a"
"ASN00098004","1962-12","-39.9097","144.0986","20.0","NARACOOPA, AS","13",",a","1",",a","0",",a","9.4",",,a,11,","17.3",",,,a"
"ASN00098004","1963-01","-39.9097","144.0986","20.0","NARACOOPA, AS","14",",a","7",",a","0",",a","17.5",",,a,29,","63.0",",,,a"
"ASN00098004","1963-02","-39.9097","144.0986","20.0","NARACOOPA, AS","10",",a","6",",a","0",",a","11.9",",,a,13,","35.3",",,,a"
"ASN00098004","1963-03","-39.9097","144.0986","20.0","NARACOOPA, AS","12",",a","6",",a","0",",a","9.4",",,a,26,","40.8",",,,a"
"ASN00098004","1963-04","-39.9097","144.0986","20.0","NARACOOPA, AS","18",",a","3",",a","0",",a","3.8",",,a,13,","22.5",",,,a"
"ASN00098004","1963-05","-39.9097","144.0986","20.0","NARACOOPA, AS","19",",a","7",",a","0",",a","11.7",",,a,22,","56.9",",,,a"
"ASN00098004","1963-06","-39.9097","144.0986","20.0","NARACOOPA, AS","22",",a","9",",a","1",",a","28.2",",,a,07,","107.4",",,,a"
"ASN00098004","1963-07","-39.9097","144.0986","20.0","NARACOOPA, AS","22",",a","14",",a","2",",a","57.2",",,a,13,","201.2",",,,a"
"ASN00098004","1963-08","-39.9097","144.0986","20.0","NARACOOPA, AS","19",",a","14",",a","0",",a","22.4",",,a,27,","133.4",",,,a"
"ASN00098004","1963-09","-39.9097","144.0986","20.0","NARACOOPA, AS","19",",a","14",",a","0",",a","14.0",",,a,12,","99.8",",,,a"
"ASN00098004","1963-10","-39.9097","144.0986","20.0","NARACOOPA, AS","17",",a","5",",a","0",",a","12.4",",,a,27,","47.7",",,,a"
"ASN00098004","1963-11","-39.9097","144.0986","20.0","NARACOOPA, AS","13",",a","7",",a","0",",a","6.9",",,a,03,","41.5",",,,a"
"ASN00098004","1963-12","-39.9097","144.0986","20.0","NARACOOPA, AS","10",",a","2",",a","0",",a","5.8",",,a,30,","16.1",",,,a"
"ASN00098004","1964-01","-39.9097","144.0986","20.0","NARACOOPA, AS","14",",a","6",",a","0",",a","6.1",",,a,18,","33.4",",,,a"
"ASN00098004","1964-02","-39.9097","144.0986","20.0","NARACOOPA, AS","18",",a","7",",a","0",",a","18.5",",,a,23,","82.8",",,,a"
"ASN00098004","1964-03","-39.9097","144.0986","20.0","NARACOOPA, AS","13",",a","4",",a","1",",a","29.5",",,a,24,","82.3",",,,a"
"ASN00098004","1964-04","-39.9097","144.0986","20.0","NARACOOPA, AS","17",",a","6",",a","0",",a","12.7",",,a,26,","40.6",",,,a"
"ASN00098004","1964-05","-39.9097","144.0986","20.0","NARACOOPA, AS","25",",a","9",",a","0",",a","18.8",",,a,26,","118.2",",,,a"
"ASN00098004","1964-06","-39.9097","144.0986","20.0","NARACOOPA, AS","22",",a","14",",a","0",",a","19.6",",,a,24,","132.0",",,,a"
"ASN00098004","1964-07","-39.9097","144.0986","20.0","NARACOOPA, AS","27",",a","19",",a","1",",a","25.9",",,a,07,","231.7",",,,a"
"ASN00098004","1964-08","-39.9097","144.0986","20.0","NARACOOPA, AS","29",",a","15",",a","0",",a","18.5",",,a,05,","143.6",",,,a"
"ASN00098004","1964-09","-39.9097","144.0986","20.0","NARACOOPA, AS","27",",a","15",",a","0",",a","18.8",",,a,04,","125.8",",,,a"
"ASN00098004","1964-10","-39.9097","144.0986","20.0","NARACOOPA, AS","22",",a","10",",a","0",",a","25.1",",,a,08,","102.1",",,,a"
"ASN00098004","1964-11","-39.9097","144.0986","20.0","NARACOOPA, AS","15",",a","7",",a","0",",a","14.0",",,a,22,","47.4",",,,a"
"ASN00098004","1964-12","-39.9097","144.0986","20.0","NARACOOPA, AS","21",",a","13",",a","0",",a","8.4",",,a,01,","68.1",",,,a"
"ASN00098004","1965-01","-39.9097","144.0986","20.0","NARACOOPA, AS","9",",a","2",",a","0",",a","8.4",",,a,18,","17.8",",,,a"
"ASN00098004","1965-02","-39.9097","144.0986","20.0","NARACOOPA, AS","8",",a","1",",a","0",",a","2.8",",,a,24,","6.4",",,,a"
"ASN00098004","1965-03","-39.9097","144.0986","20.0","NARACOOPA, AS","18",",a","7",",a","1",",a","28.4",",,a,13,","80.0",",,,a"
"ASN00098004","1965-04","-39.9097","144.0986","20.0","NARACOOPA, AS","17",",a","10",",a","0",",a","18.8",",,a,19,","86.6",",,,a"
"ASN00098004","1965-05","-39.9097","144.0986","20.0","NARACOOPA, AS","27",",a","16",",a","0",",a","23.4",",,a,09,","144.9",",,,a"
"ASN00098004","1965-06","-39.9097","144.0986","20.0","NARACOOPA, AS","20",",a","9",",a","1",",a","25.9",",,a,02,","89.7",",,,a"
"ASN00098004","1965-07","-39.9097","144.0986","20.0","NARACOOPA, AS","22",",a","14",",a","1",",a","28.7",",,a,27,","115.8",",,,a"
"ASN00098004","1965-08","-39.9097","144.0986","20.0","NARACOOPA, AS","22",",a","11",",a","1",",a","33.0",",,a,17,","114.4",",,,a"
"ASN00098004","1965-09","-39.9097","144.0986","20.0","NARACOOPA, AS","23",",a","10",",a","0",",a","11.4",",,a,16,","76.0",",,,a"
"ASN00098004","1965-10","-39.9097","144.0986","20.0","NARACOOPA, AS","12",",a","3",",a","0",",a","14.0",",,a,08,","37.8",",,,a"
"ASN00098004","1965-11","-39.9097","144.0986","20.0","NARACOOPA, AS","18",",a","9",",a","0",",a","11.4",",,a,11,","63.0",",,,a"
"ASN00098004","1965-12","-39.9097","144.0986","20.0","NARACOOPA, AS","12",",a","3",",a","0",",a","5.3",",,a,13,","21.6",",,,a"
"ASN00098004","1966-01","-39.9097","144.0986","20.0","NARACOOPA, AS","9",",a","6",",a","0",",a","8.6",",,a,18,","34.8",",,,a"
"ASN00098004","1966-02","-39.9097","144.0986","20.0","NARACOOPA, AS","10",",a","4",",a","0",",a","16.8",",,a,14,","35.4",",,,a"
"ASN00098004","1966-03","-39.9097","144.0986","20.0","NARACOOPA, AS","15",",a","9",",a","0",",a","20.3",",,a,16,","52.8",",,,a"
"ASN00098004","1966-04","-39.9097","144.0986","20.0","NARACOOPA, AS","27",",a","8",",a","0",",a","10.2",",,a,08,","59.8",",,,a"
"ASN00098004","1966-05","-39.9097","144.0986","20.0","NARACOOPA, AS","26",",a","9",",a","0",",a","10.7",",,a,07,","72.1",",,,a"
"ASN00098004","1966-06","-39.9097","144.0986","20.0","NARACOOPA, AS","20",",a","9",",a","0",",a","21.1",",,a,03,","63.7",",,,a"
"ASN00098004","1966-07","-39.9097","144.0986","20.0","NARACOOPA, AS","23",",a","16",",a","0",",a","19.1",",,a,01,","152.9",",,,a"
"ASN00098004","1966-08","-39.9097","144.0986","20.0","NARACOOPA, AS","20",",a","13",",a","0",",a","24.9",",,a,10,","106.2",",,,a"
"ASN00098004","1966-09","-39.9097","144.0986","20.0","NARACOOPA, AS","21",",a","6",",a","0",",a","22.6",",,a,16,","69.6",",,,a"
"ASN00098004","1966-10","-39.9097","144.0986","20.0","NARACOOPA, AS","14",",a","6",",a","0",",a","23.1",",,a,31,","76.5",",,,a"
"ASN00098004","1966-11","-39.9097","144.0986","20.0","NARACOOPA, AS","15",",a","6",",a","2",",a","65.5",",,a,10,","126.3",",,,a"
"ASN00098004","1966-12","-39.9097","144.0986","20.0","NARACOOPA, AS","15",",a","8",",a","0",",a","20.3",",,a,19,","66.2",",,,a"
"ASN00098004","1967-01","-39.9097","144.0986","20.0","NARACOOPA, AS","7",",a","2",",a","1",",a","26.9",",,a,13,","35.8",",,,a"
"ASN00098004","1967-02","-39.9097","144.0986","20.0","NARACOOPA, AS","10",",a","1",",a","0",",a","7.6",",,a,25,","14.2",",,,a"
"ASN00098004","1967-03","-39.9097","144.0986","20.0","NARACOOPA, AS","14",",a","3",",a","0",",a","12.2",",,a,22,","33.0",",,,a"
"ASN00098004","1967-04","-39.9097","144.0986","20.0","NARACOOPA, AS","15",",a","5",",a","0",",a","4.1",",,a,29,+","26.4",",,,a"
"ASN00098004","1967-05","-39.9097","144.0986","20.0","NARACOOPA, AS","19",",a","3",",a","0",",a","10.2",",,a,19,","28.5",",,,a"
"ASN00098004","1967-06","-39.9097","144.0986","20.0","NARACOOPA, AS","23",",a","6",",a","1",",a","31.8",",,a,30,","87.7",",,,a"
"ASN00098004","1967-07","-39.9097","144.0986","20.0","NARACOOPA, AS","23",",a","15",",a","2",",a","46.5",",,a,01,","217.5",",,,a"
"ASN00098004","1967-08","-39.9097","144.0986","20.0","NARACOOPA, AS","24",",a","16",",a","0",",a","17.8",",,a,21,","123.4",",,,a"
"ASN00098004","1967-09","-39.9097","144.0986","20.0","NARACOOPA, AS","19",",a","9",",a","0",",a","12.4",",,a,11,","58.1",",,,a"
"ASN00098004","1967-10","-39.9097","144.0986","20.0","NARACOOPA, AS","15",",a","4",",a","0",",a","8.4",",,a,02,","31.6",",,,a"
"ASN00098004","1967-11","-39.9097","144.0986","20.0","NARACOOPA, AS","17",",a","7",",a","0",",a","7.6",",,a,26,","48.8",",,,a"
"ASN00098004","1967-12","-39.9097","144.0986","20.0","NARACOOPA, AS","15",",a","9",",a","0",",a","12.4",",,a,12,","64.2",",,,a"
"ASN00098004","1968-01","-39.9097","144.0986","20.0","NARACOOPA, AS","9",",a","4",",a","0",",a","6.1",",,a,20,","21.3",",,,a"
"ASN00098004","1968-02","-39.9097","144.0986","20.0","NARACOOPA, AS","15",",a","3",",a","0",",a","6.9",",,a,21,","23.6",",,,a"
"ASN00098004","1968-03","-39.9097","144.0986","20.0","NARACOOPA, AS","9",",a","5",",a","2",",a","34.0",",,a,25,","94.1",",,,a"
"ASN00098004","1968-04","-39.9097","144.0986","20.0","NARACOOPA, AS","22",",a","14",",a","0",",a","15.7",",,a,22,","106.3",",,,a"
"ASN00098004","1968-05","-39.9097","144.0986","20.0","NARACOOPA, AS","29",",a","19",",a","0",",a","22.1",",,a,24,","189.5",",,,a"
"ASN00098004","1968-06","-39.9097","144.0986","20.0","NARACOOPA, AS","23",",a","16",",a","0",",a","16.5",",,a,05,","106.8",",,,a"
"ASN00098004","1968-07","-39.9097","144.0986","20.0","NARACOOPA, AS","25",",a","13",",a","0",",a","22.9",",,a,31,","142.8",",,,a"
"ASN00098004","1968-08","-39.9097","144.0986","20.0","NARACOOPA, AS","27",",a","23",",a","0",",a","19.1",",,a,03,","198.2",",,,a"
"ASN00098004","1968-09","-39.9097","144.0986","20.0","NARACOOPA, AS","25",",a","10",",a","0",",a","14.7",",,a,24,","71.3",",,,a"
"ASN00098004","1968-10","-39.9097","144.0986","20.0","NARACOOPA, AS","24",",a","14",",a","0",",a","16.5",",,a,07,+","127.8",",,,a"
"ASN00098004","1968-11","-39.9097","144.0986","20.0","NARACOOPA, AS","20",",a","17",",a","0",",a","16.0",",,a,06,","118.7",",,,a"
"ASN00098004","1968-12","-39.9097","144.0986","20.0","NARACOOPA, AS","14",",a","0",",a","0",",a","2.0",",,a,24,","10.8",",,,a"
"ASN00098004","1969-01","-39.9097","144.0986","20.0","NARACOOPA, AS","10",",a","5",",a","0",",a","17.3",",,a,26,","47.1",",,,a"
"ASN00098004","1969-02","-39.9097","144.0986","20.0","NARACOOPA, AS","13",",a","7",",a","0",",a","16.8",",,a,24,+","61.7",",,,a"
"ASN00098004","1969-03","-39.9097","144.0986","20.0","NARACOOPA, AS","13",",a","5",",a","1",",a","31.8",",,a,25,","65.0",",,,a"
"ASN00098004","1969-04","-39.9097","144.0986","20.0","NARACOOPA, AS","21",",a","6",",a","0",",a","18.3",",,a,19,","71.5",",,,a"
"ASN00098004","1969-05","-39.9097","144.0986","20.0","NARACOOPA, AS","20",",a","7",",a","0",",a","20.8",",,a,31,","109.6",",,,a"
"ASN00098004","1969-06","-39.9097","144.0986","20.0","NARACOOPA, AS","19",",a","10",",a","0",",a","8.6",",,a,06,","60.5",",,,a"
"ASN00098004","1969-07","-39.9097","144.0986","20.0","NARACOOPA, AS","28",",a","17",",a","0",",a","18.3",",,a,21,","130.5",",,,a"
"ASN00098004","1969-08","-39.9097","144.0986","20.0","NARACOOPA, AS","22",",a","13",",a","0",",a","11.7",",,a,04,+","100.1",",,,a"
"ASN00098004","1969-09","-39.9097","144.0986","20.0","NARACOOPA, AS","27",",a","13",",a","0",",a","15.0",",,a,12,","115.1",",,,a"
"ASN00098004","1969-10","-39.9097","144.0986","20.0","NARACOOPA, AS","9",",a","5",",a","1",",a","53.8",",,a,30,","86.4",",,,a"
"ASN00098004","1969-11","-39.9097","144.0986","20.0","NARACOOPA, AS","18",",a","7",",a","0",",a","10.4",",,a,05,","60.0",",,,a"
"ASN00098004","1969-12","-39.9097","144.0986","20.0","NARACOOPA, AS","16",",a","10",",a","0",",a","6.4",",,a,23,","44.2",",,,a"
"ASN00098004","1970-01","-39.9097","144.0986","20.0","NARACOOPA, AS","10",",a","4",",a","0",",a","13.0",",,a,03,","50.9",",,,a"
"ASN00098004","1970-02","-39.9097","144.0986","20.0","NARACOOPA, AS","9",",a","3",",a","0",",a","7.9",",,a,20,","20.5",",,,a"
"ASN00098004","1970-03","-39.9097","144.0986","20.0","NARACOOPA, AS","13",",a","6",",a","0",",a","12.4",",,a,11,","51.7",",,,a"
"ASN00098004","1970-04","-39.9097","144.0986","20.0","NARACOOPA, AS","22",",a","12",",a","0",",a","18.0",",,a,25,","88.3",",,,a"
"ASN00098004","1970-05","-39.9097","144.0986","20.0","NARACOOPA, AS","24",",a","10",",a","0",",a","14.0",",,a,03,","82.4",",,,a"
"ASN00098004","1970-06","-39.9097","144.0986","20.0","NARACOOPA, AS","18",",a","11",",a","0",",a","18.5",",,a,27,","81.3",",,,a"
"ASN00098004","1970-07","-39.9097","144.0986","20.0","NARACOOPA, AS","29",",a","23",",a","0",",a","20.1",",,a,16,","183.5",",,,a"
"ASN00098004","1970-08","-39.9097","144.0986","20.0","NARACOOPA, AS","26",",a","20",",a","1",",a","26.4",",,a,27,","205.9",",,,a"
"ASN00098004","1970-09","-39.9097","144.0986","20.0","NARACOOPA, AS","21",",a","16",",a","0",",a","16.3",",,a,15,","116.8",",,,a"
"ASN00098004","1970-10","-39.9097","144.0986","20.0","NARACOOPA, AS","20",",a","7",",a","0",",a","11.2",",,a,22,","48.7",",,,a"
"ASN00098004","1970-11","-39.9097","144.0986","20.0","NARACOOPA, AS","11",",a","4",",a","1",",a","84.8",",,a,16,","116.7",",,,a"
"ASN00098004","1970-12","-39.9097","144.0986","20.0","NARACOOPA, AS","16",",a","6",",a","1",",a","31.8",",,a,11,","92.9",",,,a"
"ASN00098004","1971-01","-39.9097","144.0986","20.0","NARACOOPA, AS","16",",a","6",",a","0",",a","20.6",",,a,01,","52.5",",,,a"
"ASN00098004","1971-02","-39.9097","144.0986","20.0","NARACOOPA, AS","9",",a","5",",a","1",",a","25.4",",,a,01,","50.7",",,,a"
"ASN00098004","1971-03","-39.9097","144.0986","20.0","NARACOOPA, AS","7",",a","2",",a","1",",a","48.3",",,a,15,","54.5",",,,a"
"ASN00098004","1971-04","-39.9097","144.0986","20.0","NARACOOPA, AS","15",",a","8",",a","2",",a","32.8",",,a,18,","123.1",",,,a"
"ASN00098004","1971-05","-39.9097","144.0986","20.0","NARACOOPA, AS","26",",a","14",",a","1",",a","25.4",",,a,04,","154.6",",,,a"
"ASN00098004","1971-06","-39.9097","144.0986","20.0","NARACOOPA, AS","28",",a","19",",a","0",",a","19.6",",,a,22,","167.2",",,,a"
"ASN00098004","1971-07","-39.9097","144.0986","20.0","NARACOOPA, AS","26",",a","14",",a","0",",a","11.2",",,a,30,","84.5",",,,a"
"ASN00098004","1971-08","-39.9097","144.0986","20.0","NARACOOPA, AS","27",",a","15",",a","0",",a","19.6",",,a,25,","144.6",",,,a"
"ASN00098004","1971-09","-39.9097","144.0986","20.0","NARACOOPA, AS","25",",a","17",",a","0",",a","20.3",",,a,10,","125.3",",,,a"
"ASN00098004","1971-10","-39.9097","144.0986","20.0","NARACOOPA, AS","28",",a","18",",a","0",",a","20.3",",,a,04,","174.3",",,,a"
"ASN00098004","1972-01","-39.9097","144.0986","20.0","NARACOOPA, AS","11",",a","4",",a","0",",a","15.7",",,a,12,","43.8",",,,a"
"ASN00098004","1972-02","-39.9097","144.0986","20.0","NARACOOPA, AS","14",",a","3",",a","1",",a","42.4",",,a,17,","69.7",",,,a"
"ASN00098004","1972-03","-39.9097","144.0986","20.0","NARACOOPA, AS","14",",a","3",",a","0",",a","5.8",",,a,02,","24.4",",,,a"
"ASN00098004","1972-04","-39.9097","144.0986","20.0","NARACOOPA, AS","18",",a","7",",a","0",",a","12.2",",,a,23,","63.8",",,,a"
"ASN00098004","1972-05","-39.9097","144.0986","20.0","NARACOOPA, AS","12",",a","5",",a","0",",a","11.2",",,a,17,","39.8",",,,a"
"ASN00098004","1972-09","-39.9097","144.0986","20.0","NARACOOPA, AS","23",",a","8",",a","0",",a","8.6",",,a,08,","60.6",",,,a"
"ASN00098004","1972-10","-39.9097","144.0986","20.0","NARACOOPA, AS","19",",a","4",",a","0",",a","22.6",",,a,12,","45.3",",,,a"
"ASN00098004","1972-11","-39.9097","144.0986","20.0","NARACOOPA, AS","9",",a","3",",a","0",",a","21.1",",,a,10,","40.5",",,,a"
"ASN00098004","1973-01","-39.9097","144.0986","20.0","NARACOOPA, AS","13",",a","3",",a","0",",a","10.2",",,a,13,","27.1",",,,a"
"ASN00098004","1973-02","-39.9097","144.0986","20.0","NARACOOPA, AS","7",",a","4",",a","1",",a","43.4",",,a,06,","66.4",",,,a"
"ASN00098004","1973-03","-39.9097","144.0986","20.0","NARACOOPA, AS","21",",a","9",",a","1",",a","28.2",",,a,01,","107.5",",,,a"
"ASN00098004","1973-04","-39.9097","144.0986","20.0","NARACOOPA, AS","21",",a","12",",a","0",",a","12.2",",,a,19,","106.2",",,,a"
"ASN00098004","1973-05","-39.9097","144.0986","20.0","NARACOOPA, AS","28",",a","12",",a","0",",a","19.6",",,a,02,","145.1",",,,a"
"ASN00098004","1973-06","-39.9097","144.0986","20.0","NARACOOPA, AS","19","5,a","13","5,a","0","5,a","15.0","5,,a,24,","137.5",",a,,a"
"ASN00098004","1973-07","-39.9097","144.0986","20.0","NARACOOPA, AS","18",",a","6",",a","0",",a","16.5",",,a,16,","66.0",",,,a"
"ASN00098004","1973-08","-39.9097","144.0986","20.0","NARACOOPA, AS","25",",a","13",",a","1",",a","31.8",",,a,05,","129.4",",,,a"
"ASN00098004","1973-09","-39.9097","144.0986","20.0","NARACOOPA, AS","28",",a","13",",a","0",",a","19.3",",,a,02,","122.9",",,,a"
"ASN00098004","1973-10","-39.9097","144.0986","20.0","NARACOOPA, AS","23",",a","11",",a","0",",a","20.6",",,a,27,","95.2",",,,a"
"ASN00098004","1973-11","-39.9097","144.0986","20.0","NARACOOPA, AS","14",",a","6",",a","0",",a","14.7",",,a,20,","54.4",",,,a"
"ASN00098004","1973-12","-39.9097","144.0986","20.0","NARACOOPA, AS","14",",a","6",",a","0",",a","17.3",",,a,22,","46.2",",,,a"
"ASN00098004","1974-01","-39.9097","144.0986","20.0","NARACOOPA, AS","7",",a","2",",a","0",",a","3.8",",,a,17,","11.2",",,,a"
"ASN00098004","1974-10","-39.9097","144.0986","20.0","NARACOOPA, AS","15",",a","9",",a","0",",a","16.8",",,a,08,","65.0",",,,a"
"ASN00098004","1974-11","-39.9097","144.0986","20.0","NARACOOPA, AS","11",",a","6",",a","0",",a","5.4",",,a,10,","31.7",",,,a"
"ASN00098004","1974-12","-39.9097","144.0986","20.0","NARACOOPA, AS","17","2,a","10","2,a","0","2,a","17.6","2,,a,28,","94.4",",a,,a"
"ASN00098004","1975-01","-39.9097","144.0986","20.0","NARACOOPA, AS","12",",a","4",",a","0",",a","10.6",",,a,11,","33.9",",,,a"
"ASN00098004","1975-02","-39.9097","144.0986","20.0","NARACOOPA, AS","5",",a","4",",a","0",",a","4.6",",,a,28,","15.3",",,,a"
"ASN00098004","1975-03","-39.9097","144.0986","20.0","NARACOOPA, AS","18","4,a","8","4,a","1","4,a","27.0","4,,a,16,","127.6",",a,,a"
"ASN00098004","1975-04","-39.9097","144.0986","20.0","NARACOOPA, AS","13","2,a","5","2,a","0","2,a","5.0","2,,a,07,","34.5",",a,,a"
"ASN00098004","1975-05","-39.9097","144.0986","20.0","NARACOOPA, AS","19","2,a","13","2,a","1","2,a","29.0","2,,a,17,","170.1",",a,,a"
"ASN00098004","1975-06","-39.9097","144.0986","20.0","NARACOOPA, AS","15","2,a","9","2,a","0","2,a","14.4","2,,a,29,","106.5",",a,,a"
"ASN00098004","1975-07","-39.9097","144.0986","20.0","NARACOOPA, AS","25","3,a","13","3,a","1","3,a","33.6","3,,a,31,","218.8",",a,,a"
"ASN00098004","1975-08","-39.9097","144.0986","20.0","NARACOOPA, AS","22","2,a","12","2,a","0","2,a","20.4","2,,a,23,","123.6",",a,,a"
"ASN00098004","1975-09","-39.9097","144.0986","20.0","NARACOOPA, AS","22",",a","10",",a","1",",a","25.8",",,a,03,","118.4",",,,a"
"ASN00098004","1975-10","-39.9097","144.0986","20.0","NARACOOPA, AS","16","2,a","13","2,a","0","2,a","24.0","2,,a,25,","106.7",",a,,a"
"ASN00098004","1975-11","-39.9097","144.0986","20.0","NARACOOPA, AS","12",",a","8",",a","0",",a","19.2",",,a,20,","91.3",",,,a"
"ASN00098004","1975-12","-39.9097","144.0986","20.0","NARACOOPA, AS","5","4,a","2","4,a","0","4,a","8.0","4,,a,18,","26.6",",a,,a"
"ASN00098004","1976-01","-39.9097","144.0986","20.0","NARACOOPA, AS","4","2,a","0","2,a","0","2,a","0.8","2,,a,27,+","5.2",",a,,a"
"ASN00098004","1976-02","-39.9097","144.0986","20.0","NARACOOPA, AS","4",",a","2",",a","0",",a","14.4",",,a,29,","25.2",",,,a"
"ASN00098004","1976-03","-39.9097","144.0986","20.0","NARACOOPA, AS","10",",a","4",",a","0",",a","9.6",",,a,17,","38.2",",,,a"
"ASN00098004","1976-04","-39.9097","144.0986","20.0","NARACOOPA, AS","","","","","","","","","48.6",",a,,a"
"ASN00098004","1976-05","-39.9097","144.0986","20.0","NARACOOPA, AS","16","2,a","7","2,a","0","2,a","9.8","2,,a,17,","71.5",",a,,a"
"ASN00098004","1976-06","-39.9097","144.0986","20.0","NARACOOPA, AS","","","","","","","","","92.7",",a,,a"
"ASN00098004","1976-07","-39.9097","144.0986","20.0","NARACOOPA, AS","19","2,a","6","2,a","0","2,a","15.0","2,,a,31,","63.2",",a,,a"
"ASN00098004","1976-08","-39.9097","144.0986","20.0","NARACOOPA, AS","19","4,a","12","4,a","0","4,a","24.8","4,,a,06,","140.7",",a,,a"
"ASN00098004","1976-09","-39.9097","144.0986","20.0","NARACOOPA, AS","16",",a","9",",a","0",",a","10.3",",,a,22,+","68.4",",,,a"
"ASN00098004","1976-10","-39.9097","144.0986","20.0","NARACOOPA, AS","21",",a","11",",a","1",",a","33.0",",,a,15,","122.3",",,,a"
"ASN00098004","1976-11","-39.9097","144.0986","20.0","NARACOOPA, AS","13","2,a","1","2,a","0","2,a","3.6","2,,a,14,","37.8",",a,,a"
"ASN00098004","1976-12","-39.9097","144.0986","20.0","NARACOOPA, AS","17","3,a","8","3,a","0","3,a","22.5","3,,a,01,","94.7","1,a,,a"
"ASN00098004","1977-01","-39.9097","144.0986","20.0","NARACOOPA, AS","11",",a","7",",a","0",",a","11.2",",,a,15,","48.6",",,,a"
"ASN00098004","1977-02","-39.9097","144.0986","20.0","NARACOOPA, AS","8",",a","3",",a","0",",a","9.0",",,a,24,","30.0",",,,a"
"ASN00098004","1977-03","-39.9097","144.0986","20.0","NARACOOPA, AS","15","2,a","3","2,a","0","2,a","15.4","2,,a,15,","70.6",",a,,a"
"ASN00098004","1977-04","-39.9097","144.0986","20.0","NARACOOPA, AS","19",",a","6",",a","0",",a","11.2",",,a,01,","50.0",",,,a"
"ASN00098004","1977-05","-39.9097","144.0986","20.0","NARACOOPA, AS","","","","","","","","","126.0",",a,,a"
"ASN00098004","1977-06","-39.9097","144.0986","20.0","NARACOOPA, AS","18","4,a","9","4,a","0","4,a","17.0","4,,a,18,","133.0",",a,,a"
"ASN00098004","1977-07","-39.9097","144.0986","20.0","NARACOOPA, AS","18",",a","12",",a","0",",a","23.2",",,a,14,","119.0",",,,a"
"ASN00098004","1977-08","-39.9097","144.0986","20.0","NARACOOPA, AS","14","4,a","8","4,a","0","4,a","18.0","4,,a,22,","90.0",",a,,a"
"ASN00098004","1977-09","-39.9097","144.0986","20.0","NARACOOPA, AS","11","2,a","2","2,a","0","2,a","5.2","2,,a,13,","23.2",",a,,a"
"ASN00098004","1977-10","-39.9097","144.0986","20.0","NARACOOPA, AS","10","4,a","7","4,a","0","4,a","8.0","4,,a,20,","69.8",",a,,a"
"ASN00098004","1977-11","-39.9097","144.0986","20.0","NARACOOPA, AS","13","2,a","5","2,a","1","2,a","83.0","2,,a,29,","138.8",",a,,a"
"ASN00098004","1977-12","-39.9097","144.0986","20.0","NARACOOPA, AS","9",",a","5",",a","0",",a","5.8",",,a,27,+","29.5",",,,a"
"ASN00098004","1978-01","-39.9097","144.0986","20.0","NARACOOPA, AS","10",",a","4",",a","0",",a","14.0",",,a,30,","32.2",",,,a"
"ASN00098004","1978-02","-39.9097","144.0986","20.0","NARACOOPA, AS","10",",a","6",",a","0",",a","9.8",",,a,11,","44.4",",,,a"
"ASN00098004","1978-03","-39.9097","144.0986","20.0","NARACOOPA, AS","10","4,a","4","4,a","1","4,a","70.0","4,,a,22,","105.1",",a,,a"
"ASN00098004","1978-04","-39.9097","144.0986","20.0","NARACOOPA, AS","11",",a","6",",a","0",",a","14.0",",,a,24,","41.0",",,,a"
"ASN00098004","1978-05","-39.9097","144.0986","20.0","NARACOOPA, AS","14","2,a","11","2,a","1","2,a","30.0","2,,a,19,","93.7",",a,,a"
"ASN00098004","1978-06","-39.9097","144.0986","20.0","NARACOOPA, AS","12","5,a","5","5,a","0","5,a","7.8","5,,a,30,","67.2",",a,,a"
"ASN00098004","1978-07","-39.9097","144.0986","20.0","NARACOOPA, AS","23","2,a","14","2,a","0","2,a","20.0","2,,a,23,","137.7",",a,,a"
"ASN00098004","1978-08","-39.9097","144.0986","20.0","NARACOOPA, AS","16","4,a","10","4,a","0","4,a","15.8","4,,a,09,","129.2",",a,,a"
"ASN00098004","1978-09","-39.9097","144.0986","20.0","NARACOOPA, AS","12","2,a","8","2,a","1","2,a","27.0","2,,a,13,","73.2",",a,,a"
"ASN00098004","1978-10","-39.9097","144.0986","20.0","NARACOOPA, AS","12","4,a","6","4,a","1","4,a","27.4","4,,a,27,","68.7",",a,,a"
"ASN00098004","1978-11","-39.9097","144.0986","20.0","NARACOOPA, AS","12","2,a","5","2,a","0","2,a","22.2","2,,a,19,","74.1",",a,,a"
"ASN00098004","1978-12","-39.9097","144.0986","20.0","NARACOOPA, AS","8","2,a","1","2,a","0","2,a","18.0","2,,a,12,","49.2",",a,,a"
"ASN00098004","1979-01","-39.9097","144.0986","20.0","NARACOOPA, AS","6",",a","4",",a","0",",a","19.6",",,a,21,","45.8",",,,a"
"ASN00098004","1979-02","-39.9097","144.0986","20.0","NARACOOPA, AS","7",",a","5",",a","0",",a","21.8",",,a,25,","47.6",",,,a"
"ASN00098004","1979-03","-39.9097","144.0986","20.0","NARACOOPA, AS","5","2,a","2","2,a","0","2,a","6.0","2,,a,28,","58.7",",a,,a"
"ASN00098004","1979-04","-39.9097","144.0986","20.0","NARACOOPA, AS","15",",a","9",",a","0",",a","12.6",",,a,06,","70.2",",,,a"
"ASN00098004","1979-05","-39.9097","144.0986","20.0","NARACOOPA, AS","","","","","","","","","75.7",",a,,a"
"ASN00098004","1979-06","-39.9097","144.0986","20.0","NARACOOPA, AS","10","2,a","7","2,a","1","2,a","35.4","2,,a,30,","112.6",",a,,a"
"ASN00098004","1979-07","-39.9097","144.0986","20.0","NARACOOPA, AS","15",",a","7",",a","0",",a","16.0",",,a,02,","74.0",",,,a"
"ASN00098004","1979-08","-39.9097","144.0986","20.0","NARACOOPA, AS","14","5,a","12","5,a","0","5,a","17.2","5,,a,09,","113.6",",a,,a"
"ASN00098004","1979-09","-39.9097","144.0986","20.0","NARACOOPA, AS","","","","","","","","","197.6",",a,,a"
"ASN00098004","1979-10","-39.9097","144.0986","20.0","NARACOOPA, AS","15",",a","11",",a","1",",a","31.0",",,a,10,","128.2",",,,a"
"ASN00098004","1979-11","-39.9097","144.0986","20.0","NARACOOPA, AS","8","2,a","2","2,a","0","2,a","18.6","2,,a,11,","60.0",",a,,a"
"ASN00098004","1979-12","-39.9097","144.0986","20.0","NARACOOPA, AS","11",",a","5",",a","1",",a","28.0",",,a,16,","56.6",",,,a"
"ASN00098004","1980-01","-39.9097","144.0986","20.0","NARACOOPA, AS","14","2,a","7","2,a","0","2,a","12.0","2,,a,12,","54.9",",a,,a"
"ASN00098004","1980-02","-39.9097","144.0986","20.0","NARACOOPA, AS","9",",a","2",",a","0",",a","5.6",",,a,24,","18.0",",,,a"
"ASN00098004","1980-03","-39.9097","144.0986","20.0","NARACOOPA, AS","8","2,a","4","2,a","0","2,a","5.4","2,,a,02,","24.6",",a,,a"
"ASN00098004","1980-04","-39.9097","144.0986","20.0","NARACOOPA, AS","13",",a","9",",a","1",",a","31.0",",,a,23,","88.2",",,,a"
"ASN00098004","1980-05","-39.9097","144.0986","20.0","NARACOOPA, AS","","","","","","","","","66.9",",a,,a"
"ASN00098004","1980-06","-39.9097","144.0986","20.0","NARACOOPA, AS","8","2,a","2","2,a","0","2,a","17.4","2,,a,16,","66.6",",a,,a"
"ASN00098004","1980-07","-39.9097","144.0986","20.0","NARACOOPA, AS","20","2,a","13","2,a","0","2,a","23.4","2,,a,15,","162.8",",a,,a"
"ASN00098004","1980-08","-39.9097","144.0986","20.0","NARACOOPA, AS","23",",a","14",",a","1",",a","33.8",",,a,11,","157.0",",,,a"
"ASN00098004","1980-09","-39.9097","144.0986","20.0","NARACOOPA, AS","16","4,a","11","4,a","0","4,a","17.6","4,,a,02,","122.5",",a,,a"
"ASN00098004","1980-10","-39.9097","144.0986","20.0","NARACOOPA, AS","8","5,a","7","5,a","1","5,a","26.6","5,,a,13,","99.4",",a,,a"
"ASN00098004","1980-11","-39.9097","144.0986","20.0","NARACOOPA, AS","6","4,a","3","4,a","0","4,a","20.2","4,,a,03,","57.4",",a,,a"
"ASN00098004","1980-12","-39.9097","144.0986","20.0","NARACOOPA, AS","4","2,a","1","2,a","0","2,a","5.4","2,,a,15,","24.4",",a,,a"
"ASN00098004","1981-01","-39.9097","144.0986","20.0","NARACOOPA, AS","8",",a","3",",a","0",",a","21.0",",,a,09,","50.1",",,,a"
"ASN00098004","1981-02","-39.9097","144.0986","20.0","NARACOOPA, AS","5",",a","2",",a","0",",a","15.4",",,a,09,","24.0",",,,a"
"ASN00098004","1981-03","-39.9097","144.0986","20.0","NARACOOPA, AS","10",",a","6",",a","0",",a","10.3",",,a,04,","43.5",",,,a"
"ASN00098004","1981-04","-39.9097","144.0986","20.0","NARACOOPA, AS","","","","","","","","","66.5",",a,,a"
"ASN00098004","1981-05","-39.9097","144.0986","20.0","NARACOOPA, AS","11","4,a","5","4,a","0","4,a","13.6","4,,a,30,","63.1",",a,,a"
"ASN00098004","1981-06","-39.9097","144.0986","20.0","NARACOOPA, AS","18","2,a","8","2,a","0","2,a","17.6","2,,a,28,","105.7",",a,,a"
"ASN00098004","1981-07","-39.9097","144.0986","20.0","NARACOOPA, AS","","","","","","","","","133.6",",a,,a"
"ASN00098004","1981-08","-39.9097","144.0986","20.0","NARACOOPA, AS","","","","","","","","","208.2",",a,,a"
"ASN00098004","1981-09","-39.9097","144.0986","20.0","NARACOOPA, AS","","","","","","","","","72.4",",a,,a"
"ASN00098004","1981-10","-39.9097","144.0986","20.0","NARACOOPA, AS","11",",a","6",",a","1",",a","28.0",",,a,03,","84.8",",,,a"
"ASN00098004","1981-11","-39.9097","144.0986","20.0","NARACOOPA, AS","8","2,a","3","2,a","0","2,a","7.4","2,,a,11,","51.1",",a,,a"
"ASN00098004","1981-12","-39.9097","144.0986","20.0","NARACOOPA, AS","10",",a","4",",a","0",",a","14.0",",,a,13,","36.3",",,,a"
"ASN00098004","1982-01","-39.9097","144.0986","20.0","NARACOOPA, AS","9",",a","3",",a","0",",a","8.6",",,a,02,","26.7",",,,a"
"ASN00098004","1982-02","-39.9097","144.0986","20.0","NARACOOPA, AS","5",",a","2",",a","0",",a","6.0",",,a,21,","12.1",",,,a"
"ASN00098004","1982-03","-39.9097","144.0986","20.0","NARACOOPA, AS","9",",a","5",",a","0",",a","20.0",",,a,23,","38.1",",,,a"
"ASN00098004","1982-04","-39.9097","144.0986","20.0","NARACOOPA, AS","16",",a","11",",a","0",",a","24.0",",,a,23,","96.6",",,,a"
"ASN00098004","1982-05","-39.9097","144.0986","20.0","NARACOOPA, AS","19","2,a","13","2,a","1","2,a","25.4","2,,a,06,","121.3",",a,,a"
"ASN00098004","1982-06","-39.9097","144.0986","20.0","NARACOOPA, AS","20",",a","11",",a","0",",a","25.0",",,a,30,","127.9",",,,a"
"ASN00098004","1982-07","-39.9097","144.0986","20.0","NARACOOPA, AS","21",",a","6",",a","0",",a","11.4",",,a,11,","54.2",",,,a"
"ASN00098004","1982-08","-39.9097","144.0986","20.0","NARACOOPA, AS","15",",a","6",",a","0",",a","6.0",",,a,01,","36.1",",,,a"
"ASN00098004","1982-09","-39.9097","144.0986","20.0","NARACOOPA, AS","13",",a","8",",a","0",",a","18.0",",,a,09,","69.6",",,,a"
"ASN00098004","1982-10","-39.9097","144.0986","20.0","NARACOOPA, AS","20",",a","7",",a","0",",a","9.0",",,a,20,","42.5",",,,a"
"ASN00098004","1982-11","-39.9097","144.0986","20.0","NARACOOPA, AS","8",",a","4",",a","0",",a","9.2",",,a,18,","26.0",",,,a"
"ASN00098004","1982-12","-39.9097","144.0986","20.0","NARACOOPA, AS","7","2,a","3","2,a","0","2,a","16.8","2,,a,08,","32.5",",a,,a"
"ASN00098004","1983-01","-39.9097","144.0986","20.0","NARACOOPA, AS","11","2,a","5","2,a","0","2,a","8.2","2,,a,10,","40.7",",a,,a"
"ASN00098004","1983-02","-39.9097","144.0986","20.0","NARACOOPA, AS","4",",a","1",",a","0",",a","17.4",",,a,28,","19.5",",,,a"
"ASN00098004","1983-03","-39.9097","144.0986","20.0","NARACOOPA, AS","16",",a","6",",a","3",",a","53.2",",,a,22,","147.4",",,,a"
"ASN00098004","1983-04","-39.9097","144.0986","20.0","NARACOOPA, AS","16",",a","9",",a","1",",a","26.0",",,a,24,","90.3",",,,a"
"ASN00098004","1983-05","-39.9097","144.0986","20.0","NARACOOPA, AS","19",",a","8",",a","0",",a","19.6",",,a,29,","79.1",",,,a"
"ASN00098004","1983-06","-39.9097","144.0986","20.0","NARACOOPA, AS","16",",a","11",",a","1",",a","31.4",",,a,08,","125.9",",,,a"
"ASN00098004","1983-07","-39.9097","144.0986","20.0","NARACOOPA, AS","24",",a","16",",a","0",",a","21.6",",,a,22,","148.0",",,,a"
"ASN00098004","1983-08","-39.9097","144.0986","20.0","NARACOOPA, AS","27",",a","11",",a","0",",a","18.8",",,a,17,","80.7",",,,a"
"ASN00098004","1983-09","-39.9097","144.0986","20.0","NARACOOPA, AS","21","2,a","11","2,a","0","2,a","24.0","2,,a,06,","101.0",",a,,a"
"ASN00098004","1983-10","-39.9097","144.0986","20.0","NARACOOPA, AS","16",",a","6",",a","0",",a","21.6",",,a,04,","62.5",",,,a"
"ASN00098004","1983-11","-39.9097","144.0986","20.0","NARACOOPA, AS","12",",a","7",",a","0",",a","25.0",",,a,09,","82.6",",,,a"
"ASN00098004","1983-12","-39.9097","144.0986","20.0","NARACOOPA, AS","12",",a","4",",a","0",",a","8.4",",,a,25,","31.5",",,,a"
"ASN00098004","1984-01","-39.9097","144.0986","20.0","NARACOOPA, AS","13",",a","2",",a","0",",a","4.6",",,a,16,","20.2",",,,a"
"ASN00098004","1984-02","-39.9097","144.0986","20.0","NARACOOPA, AS","7",",a","2",",a","0",",a","8.0",",,a,07,","15.9",",,,a"
"ASN00098004","1984-03","-39.9097","144.0986","20.0","NARACOOPA, AS","12",",a","7",",a","1",",a","35.1",",,a,27,","94.9",",,,a"
"ASN00098004","1984-04","-39.9097","144.0986","20.0","NARACOOPA, AS","15",",a","6",",a","0",",a","14.0",",,a,24,","61.3",",,,a"
"ASN00098004","1984-05","-39.9097","144.0986","20.0","NARACOOPA, AS","23",",a","10",",a","0",",a","8.6",",,a,23,","64.8",",,,a"
"ASN00098004","1984-06","-39.9097","144.0986","20.0","NARACOOPA, AS","21",",a","10",",a","0",",a","10.0",",,a,16,","73.2",",,,a"
"ASN00098004","1984-07","-39.9097","144.0986","20.0","NARACOOPA, AS","26",",a","12",",a","0",",a","15.0",",,a,23,","92.9",",,,a"
"ASN00098004","1984-08","-39.9097","144.0986","20.0","NARACOOPA, AS","27",",a","14",",a","2",",a","32.6",",,a,18,","171.6",",,,a"
"ASN00098004","1984-09","-39.9097","144.0986","20.0","NARACOOPA, AS","23",",a","13",",a","1",",a","25.4",",,a,19,","148.9",",,,a"
"ASN00098004","1984-10","-39.9097","144.0986","20.0","NARACOOPA, AS","16","2,a","5","2,a","0","2,a","8.4","2,,a,09,","46.6",",a,,a"
"ASN00098004","1984-11","-39.9097","144.0986","20.0","NARACOOPA, AS","16",",a","5",",a","0",",a","7.6",",,a,24,","39.4",",,,a"
"ASN00098004","1984-12","-39.9097","144.0986","20.0","NARACOOPA, AS","13","4,a","6","4,a","1","4,a","27.0","4,,a,15,","74.5","2,a,,a"
"ASN00098004","1985-01","-39.9097","144.0986","20.0","NARACOOPA, AS","13",",a","5",",a","0",",a","8.4",",,a,31,","35.0",",,,a"
"ASN00098004","1985-02","-39.9097","144.0986","20.0","NARACOOPA, AS","7",",a","0",",a","0",",a","2.4",",,a,27,","9.7",",,,a"
"ASN00098004","1985-03","-39.9097","144.0986","20.0","NARACOOPA, AS","9","4,a","3","4,a","0","4,a","9.2","4,,a,16,","24.4","4,,,a"
"ASN00098004","1985-04","-39.9097","144.0986","20.0","NARACOOPA, AS","","","","","","","","","59.2","1,a,,a"
"ASN00098004","1985-05","-39.9097","144.0986","20.0","NARACOOPA, AS","18","1,a","9","1,a","0","1,a","8.8","1,,a,15,","59.5","1,,,a"
"ASN00098004","1985-07","-39.9097","144.0986","20.0","NARACOOPA, AS","","","","","","","","","84.8","3,a,,a"
"ASN00098004","1985-08","-39.9097","144.0986","20.0","NARACOOPA, AS","","","","","","","","","134.8",",a,,a"
"ASN00098004","1985-09","-39.9097","144.0986","20.0","NARACOOPA, AS","","","","","","","","","41.9",",a,,a"
"ASN00098004","1985-10","-39.9097","144.0986","20.0","NARACOOPA, AS","16","5,a","7","5,a","0","5,a","14.8","5,,a,30,","70.6",",a,,a"
"ASN00098004","1985-11","-39.9097","144.0986","20.0","NARACOOPA, AS","12",",a","5",",a","2",",a","42.2",",,a,06,","125.6",",,,a"
"ASN00098004","1985-12","-39.9097","144.0986","20.0","NARACOOPA, AS","20","2,a","13","2,a","0","2,a","12.8","2,,a,16,","74.8",",a,,a"
"ASN00098004","1986-01","-39.9097","144.0986","20.0","NARACOOPA, AS","9",",a","5",",a","0",",a","8.6",",,a,09,","29.4",",,,a"
"ASN00098004","1986-02","-39.9097","144.0986","20.0","NARACOOPA, AS","13",",a","5",",a","0",",a","11.0",",,a,19,","34.4",",,,a"
"ASN00098004","1986-03","-39.9097","144.0986","20.0","NARACOOPA, AS","5",",a","5",",a","0",",a","5.8",",,a,08,","23.0",",,,a"
"ASN00098004","1986-04","-39.9097","144.0986","20.0","NARACOOPA, AS","20",",a","13",",a","0",",a","19.0",",,a,16,","124.2",",,,a"
"ASN00098004","1986-05","-39.9097","144.0986","20.0","NARACOOPA, AS","20",",a","9",",a","2",",a","39.2",",,a,16,","146.2",",,,a"
"ASN00098004","1986-06","-39.9097","144.0986","20.0","NARACOOPA, AS","25",",a","13",",a","0",",a","17.6",",,a,19,","96.6",",,,a"
"ASN00098004","1986-07","-39.9097","144.0986","20.0","NARACOOPA, AS","24","2,a","16","2,a","0","2,a","12.4","2,,a,18,","108.2",",a,,a"
"ASN00098004","1986-08","-39.9097","144.0986","20.0","NARACOOPA, AS","22",",a","7",",a","0",",a","13.0",",,a,31,","63.4",",,,a"
"ASN00098004","1986-09","-39.9097","144.0986","20.0","NARACOOPA, AS","23",",a","11",",a","1",",a","34.8",",,a,26,","119.0",",,,a"
"ASN00098004","1986-10","-39.9097","144.0986","20.0","NARACOOPA, AS","17",",a","11",",a","0",",a","20.0",",,a,22,","108.6",",,,a"
"ASN00098004","1986-11","-39.9097","144.0986","20.0","NARACOOPA, AS","11",",a","4",",a","0",",a","6.4",",,a,06,","25.2",",,,a"
"ASN00098004","1986-12","-39.9097","144.0986","20.0","NARACOOPA, AS","14",",a","8",",a","1",",a","36.6",",,a,17,","93.2",",,,a"
"ASN00098004","1987-01","-39.9097","144.0986","20.0","NARACOOPA, AS","16",",a","6",",a","0",",a","10.2",",,a,05,","41.2",",,,a"
"ASN00098004","1987-02","-39.9097","144.0986","20.0","NARACOOPA, AS","7",",a","3",",a","0",",a","14.2",",,a,20,","32.6",",,,a"
"ASN00098004","1987-03","-39.9097","144.0986","20.0","NARACOOPA, AS","14",",a","6",",a","0",",a","18.6",",,a,29,","65.2",",,,a"
"ASN00098004","1987-04","-39.9097","144.0986","20.0","NARACOOPA, AS","14",",a","6",",a","1",",a","31.4",",,a,07,","75.6",",,,a"
"ASN00098004","1987-05","-39.9097","144.0986","20.0","NARACOOPA, AS","24",",a","13",",a","2",",a","45.5",",,a,25,","164.3",",,,a"
"ASN00098004","1987-06","-39.9097","144.0986","20.0","NARACOOPA, AS","21",",a","9",",a","0",",a","7.2",",,a,22,","56.2",",,,a"
"ASN00098004","1987-07","-39.9097","144.0986","20.0","NARACOOPA, AS","17",",a","9",",a","0",",a","24.2",",,a,16,","132.6",",,,a"
"ASN00098004","1987-08","-39.9097","144.0986","20.0","NARACOOPA, AS","19",",a","8",",a","0",",a","8.8",",,a,31,+","56.8",",,,a"
"ASN00098004","1987-09","-39.9097","144.0986","20.0","NARACOOPA, AS","19","2,a","7","2,a","0","2,a","11.6","2,,a,10,","83.0",",a,,a"
"ASN00098004","1987-10","-39.9097","144.0986","20.0","NARACOOPA, AS","13","3,a","7","3,a","0","3,a","12.4","3,,a,16,","57.4",",a,,a"
"ASN00098004","1987-11","-39.9097","144.0986","20.0","NARACOOPA, AS","13",",a","6",",a","0",",a","13.0",",,a,19,","55.3",",,,a"
"ASN00098004","1987-12","-39.9097","144.0986","20.0","NARACOOPA, AS","9","2,a","4","2,a","1","2,a","43.4","2,,a,02,","81.6",",a,,a"
"ASN00098004","1988-01","-39.9097","144.0986","20.0","NARACOOPA, AS","7",",a","3",",a","0",",a","20.2",",,a,01,","31.2",",,,a"
"ASN00098004","1988-02","-39.9097","144.0986","20.0","NARACOOPA, AS","9","2,a","2","2,a","0","2,a","15.8","2,,a,06,","26.6",",a,,a"
"ASN00098004","1988-03","-39.9097","144.0986","20.0","NARACOOPA, AS","7",",a","3",",a","0",",a","8.8",",,a,12,","18.8",",,,a"
"ASN00098004","1988-04","-39.9097","144.0986","20.0","NARACOOPA, AS","11",",a","3",",a","0",",a","16.4",",,a,24,","30.0",",,,a"
"ASN00098004","1988-05","-39.9097","144.0986","20.0","NARACOOPA, AS","16","2,a","10","2,a","1","2,a","40.0","2,,a,05,","171.4",",a,,a"
"ASN00098004","1988-06","-39.9097","144.0986","20.0","NARACOOPA, AS","17",",a","8",",a","0",",a","16.2",",,a,21,","94.2",",,,a"
"ASN00098004","1988-07","-39.9097","144.0986","20.0","NARACOOPA, AS","23","2,a","16","2,a","0","2,a","13.2","2,,a,10,","151.0",",a,,a"
"ASN00098004","1988-08","-39.9097","144.0986","20.0","NARACOOPA, AS","25",",a","15",",a","0",",a","13.8",",,a,18,","109.3",",,,a"
"ASN00098004","1988-09","-39.9097","144.0986","20.0","NARACOOPA, AS","12","2,a","7","2,a","0","2,a","12.8","2,,a,03,","62.0",",a,,a"
"ASN00098004","1988-10","-39.9097","144.0986","20.0","NARACOOPA, AS","22",",a","13",",a","0",",a","14.4",",,a,21,","116.0",",,,a"
"ASN00098004","1988-11","-39.9097","144.0986","20.0","NARACOOPA, AS","16",",a","6",",a","0",",a","24.6",",,a,22,","76.8",",,,a"
"ASN00098004","1988-12","-39.9097","144.0986","20.0","NARACOOPA, AS","11",",a","7",",a","0",",a","14.2",",,a,10,","50.4",",,,a"
"ASN00098004","1989-01","-39.9097","144.0986","20.0","NARACOOPA, AS","12",",a","5",",a","0",",a","18.6",",,a,04,","53.2",",,,a"
"ASN00098004","1989-02","-39.9097","144.0986","20.0","NARACOOPA, AS","8",",a","4",",a","0",",a","24.0",",,a,15,","46.2",",,,a"
"ASN00098004","1989-03","-39.9097","144.0986","20.0","NARACOOPA, AS","15",",a","4",",a","0",",a","18.6",",,a,11,","62.7",",,,a"
"ASN00098004","1989-04","-39.9097","144.0986","20.0","NARACOOPA, AS","15",",a","5",",a","0",",a","22.6",",,a,02,","95.2",",,,a"
"ASN00098004","1989-05","-39.9097","144.0986","20.0","NARACOOPA, AS","21",",a","11",",a","1",",a","30.6",",,a,10,","123.1",",,,a"
"ASN00098004","1989-06","-39.9097","144.0986","20.0","NARACOOPA, AS","21",",a","13",",a","1",",a","25.6",",,a,06,","134.6",",,,a"
"ASN00098004","1989-07","-39.9097","144.0986","20.0","NARACOOPA, AS","23",",a","13",",a","0",",a","24.6",",,a,03,","115.0",",,,a"
"ASN00098004","1989-08","-39.9097","144.0986","20.0","NARACOOPA, AS","20",",a","13",",a","0",",a","14.4",",,a,22,","105.1",",,,a"
"ASN00098004","1989-09","-39.9097","144.0986","20.0","NARACOOPA, AS","16",",a","6",",a","0",",a","23.0",",,a,11,","70.6",",,,a"
"ASN00098004","1989-10","-39.9097","144.0986","20.0","NARACOOPA, AS","16",",a","11",",a","1",",a","34.4",",,a,27,","130.8",",,,a"
"ASN00098004","1989-11","-39.9097","144.0986","20.0","NARACOOPA, AS","9",",a","3",",a","0",",a","5.2",",,a,17,","19.8",",,,a"
"ASN00098004","1989-12","-39.9097","144.0986","20.0","NARACOOPA, AS","11",",a","5",",a","0",",a","14.4",",,a,27,","49.0",",,,a"
"ASN00098004","1990-01","-39.9097","144.0986","20.0","NARACOOPA, AS","9",",a","1",",a","0",",a","7.2",",,a,28,","13.4",",,,a"
"ASN00098004","1990-02","-39.9097","144.0986","20.0","NARACOOPA, AS","7",",a","4",",a","1",",a","68.6",",,a,02,","102.2",",,,a"
"ASN00098004","1990-03","-39.9097","144.0986","20.0","NARACOOPA, AS","7",",a","2",",a","0",",a","22.0",",,a,11,","41.8",",,,a"
"ASN00098004","1990-04","-39.9097","144.0986","20.0","NARACOOPA, AS","15",",a","7",",a","0",",a","21.6",",,a,26,","74.8",",,,a"
"ASN00098004","1990-05","-39.9097","144.0986","20.0","NARACOOPA, AS","17",",a","3",",a","0",",a","13.2",",,a,17,","48.2",",,,a"
"ASN00098004","1990-06","-39.9097","144.0986","20.0","NARACOOPA, AS","23",",a","10",",a","0",",a","20.0",",,a,02,","127.2",",,,a"
"ASN00098004","1990-07","-39.9097","144.0986","20.0","NARACOOPA, AS","26",",a","13",",a","0",",a","16.0",",,a,18,","139.7",",,,a"
"ASN00098004","1990-08","-39.9097","144.0986","20.0","NARACOOPA, AS","27",",a","17",",a","0",",a","21.8",",,a,05,","158.4",",,,a"
"ASN00098004","1990-09","-39.9097","144.0986","20.0","NARACOOPA, AS","19",",a","8",",a","0",",a","16.4",",,a,21,","90.4",",,,a"
"ASN00098004","1990-10","-39.9097","144.0986","20.0","NARACOOPA, AS","15",",a","7",",a","1",",a","26.4",",,a,21,","92.8",",,,a"
"ASN00098004","1990-11","-39.9097","144.0986","20.0","NARACOOPA, AS","15",",a","6",",a","0",",a","10.2",",,a,09,","46.4",",,,a"
"ASN00098004","1990-12","-39.9097","144.0986","20.0","NARACOOPA, AS","14",",a","6",",a","0",",a","10.0",",,a,23,","39.2",",,,a"
"ASN00098004","1991-01","-39.9097","144.0986","20.0","NARACOOPA, AS","12",",a","6",",a","0",",a","24.0",",,a,24,","79.0",",,,a"
"ASN00098004","1991-02","-39.9097","144.0986","20.0","NARACOOPA, AS","2",",a","1",",a","0",",a","9.0",",,a,16,","10.0",",,,a"
"ASN00098004","1991-03","-39.9097","144.0986","20.0","NARACOOPA, AS","13",",a","8",",a","0",",a","11.6",",,a,09,","62.0",",,,a"
"ASN00098004","1991-04","-39.9097","144.0986","20.0","NARACOOPA, AS","16",",a","5",",a","0",",a","13.8",",,a,25,","46.6",",,,a"
"ASN00098004","1991-05","-39.9097","144.0986","20.0","NARACOOPA, AS","14",",a","3",",a","0",",a","7.0",",,a,16,","28.8",",,,a"
"ASN00098004","1991-06","-39.9097","144.0986","20.0","NARACOOPA, AS","18","4,a","13","4,a","0","4,a","17.8","4,,a,26,","151.1",",a,,a"
"ASN00098004","1991-07","-39.9097","144.0986","20.0","NARACOOPA, AS","24",",a","12",",a","1",",a","33.2",",,a,09,","117.6",",,,a"
"ASN00098004","1991-08","-39.9097","144.0986","20.0","NARACOOPA, AS","29",",a","21",",a","0",",a","20.4",",,a,23,","223.9",",,,a"
"ASN00098004","1991-09","-39.9097","144.0986","20.0","NARACOOPA, AS","20",",a","12",",a","1",",a","27.4",",,a,03,","147.1",",,,a"
"ASN00098004","1991-10","-39.9097","144.0986","20.0","NARACOOPA, AS","13",",a","4",",a","0",",a","9.4",",,a,10,","37.2",",,,a"
"ASN00098004","1991-11","-39.9097","144.0986","20.0","NARACOOPA, AS","14",",a","8",",a","0",",a","23.2",",,a,04,","82.0",",,,a"
"ASN00098004","1991-12","-39.9097","144.0986","20.0","NARACOOPA, AS","10",",a","4",",a","0",",a","19.6",",,a,17,","63.8",",,,a"
"ASN00098004","1992-01","-39.9097","144.0986","20.0","NARACOOPA, AS","11",",a","5",",a","0",",a","14.0",",,a,01,","44.8",",,,a"
"ASN00098004","1992-02","-39.9097","144.0986","20.0","NARACOOPA, AS","7",",a","4",",a","0",",a","20.0",",,a,06,","51.4",",,,a"
"ASN00098004","1992-03","-39.9097","144.0986","20.0","NARACOOPA, AS","12",",a","3",",a","0",",a","10.4",",,a,03,","29.4",",,,a"
"ASN00098004","1992-04","-39.9097","144.0986","20.0","NARACOOPA, AS","15","2,a","9","2,a","1","2,a","69.2","2,,a,27,","197.4",",a,,a"
"ASN00098004","1992-05","-39.9097","144.0986","20.0","NARACOOPA, AS","24",",a","12",",a","1",",a","37.0",",,a,18,","161.2",",,,a"
"ASN00098004","1992-06","-39.9097","144.0986","20.0","NARACOOPA, AS","20",",a","11",",a","1",",a","32.0",",,a,10,","109.2",",,,a"
"ASN00098004","1992-07","-39.9097","144.0986","20.0","NARACOOPA, AS","24",",a","16",",a","0",",a","16.2",",,a,19,+","138.4",",,,a"
"ASN00098004","1992-08","-39.9097","144.0986","20.0","NARACOOPA, AS","22","2,a","12","2,a","1","2,a","31.2","2,,a,30,","178.0",",a,,a"
"ASN00098004","1992-09","-39.9097","144.0986","20.0","NARACOOPA, AS","23",",a","12",",a","0",",a","18.2",",,a,29,","126.4",",,,a"
"ASN00098004","1992-10","-39.9097","144.0986","20.0","NARACOOPA, AS","15","2,a","6","2,a","1","2,a","41.6","2,,a,09,","120.0",",a,,a"
"ASN00098004","1992-11","-39.9097","144.0986","20.0","NARACOOPA, AS","16",",a","10",",a","0",",a","14.4",",,a,19,","80.2",",,,a"
"ASN00098004","1992-12","-39.9097","144.0986","20.0","NARACOOPA, AS","15",",a","7",",a","0",",a","14.8",",,a,06,","69.8",",,,a"
"ASN00098004","1993-01","-39.9097","144.0986","20.0","NARACOOPA, AS","14",",a","4",",a","0",",a","9.8",",,a,27,","32.8",",,,a"
"ASN00098004","1993-02","-39.9097","144.0986","20.0","NARACOOPA, AS","9",",a","7",",a","0",",a","19.6",",,a,26,","86.6",",,,a"
"ASN00098004","1993-03","-39.9097","144.0986","20.0","NARACOOPA, AS","12",",a","4",",a","0",",a","9.0",",,a,20,","24.8",",,,a"
"ASN00098004","1993-04","-39.9097","144.0986","20.0","NARACOOPA, AS","7","2,a","2","2,a","0","2,a","7.6","2,,a,08,","24.0",",a,,a"
"ASN00098004","1993-05","-39.9097","144.0986","20.0","NARACOOPA, AS","19",",a","12",",a","0",",a","12.8",",,a,03,","71.0",",,,a"
"ASN00098004","1993-06","-39.9097","144.0986","20.0","NARACOOPA, AS","25",",a","11",",a","0",",a","14.6",",,a,11,","105.0",",,,a"
"ASN00098004","1993-07","-39.9097","144.0986","20.0","NARACOOPA, AS","24",",a","12",",a","1",",a","33.4",",,a,08,","125.6",",,,a"
"ASN00098004","1993-08","-39.9097","144.0986","20.0","NARACOOPA, AS","21",",a","12",",a","0",",a","8.6",",,a,16,","79.6",",,,a"
"ASN00098004","1993-09","-39.9097","144.0986","20.0","NARACOOPA, AS","12",",a","7",",a","1",",a","25.4",",,a,19,","84.8",",,,a"
"ASN00098004","1993-10","-39.9097","144.0986","20.0","NARACOOPA, AS","22",",a","10",",a","0",",a","16.2",",,a,19,","83.0",",,,a"
"ASN00098004","1993-11","-39.9097","144.0986","20.0","NARACOOPA, AS","13",",a","6",",a","1",",a","28.2",",,a,02,","55.4",",,,a"
"ASN00098004","1993-12","-39.9097","144.0986","20.0","NARACOOPA, AS","11",",a","7",",a","1",",a","32.0",",,a,22,","135.4",",,,a"
"ASN00098004","1994-01","-39.9097","144.0986","20.0","NARACOOPA, AS","14",",a","6",",a","0",",a","16.4",",,a,08,","52.4",",,,a"
"ASN00098004","1994-02","-39.9097","144.0986","20.0","NARACOOPA, AS","9",",a","3",",a","0",",a","12.6",",,a,09,","30.0",",,,a"
"ASN00098004","1994-03","-39.9097","144.0986","20.0","NARACOOPA, AS","8",",a","1",",a","0",",a","2.6",",,a,05,","8.2",",,,a"
"ASN00098004","1994-04","-39.9097","144.0986","20.0","NARACOOPA, AS","19",",a","7",",a","0",",a","14.0",",,a,07,","56.0",",,,a"
"ASN00098004","1994-05","-39.9097","144.0986","20.0","NARACOOPA, AS","25",",a","15",",a","0",",a","17.6",",,a,18,","139.8",",,,a"
"ASN00098004","1994-06","-39.9097","144.0986","20.0","NARACOOPA, AS","21",",a","9",",a","0",",a","10.0",",,a,19,","67.8",",,,a"
"ASN00098004","1994-07","-39.9097","144.0986","20.0","NARACOOPA, AS","22",",a","12",",a","0",",a","25.2",",,a,13,","118.6",",,,a"
"ASN00098004","1994-08","-39.9097","144.0986","20.0","NARACOOPA, AS","26",",a","11",",a","0",",a","8.0",",,a,08,","78.6",",,,a"
"ASN00098004","1994-09","-39.9097","144.0986","20.0","NARACOOPA, AS","20",",a","13",",a","0",",a","12.6",",,a,30,","99.6",",,,a"
"ASN00098004","1994-10","-39.9097","144.0986","20.0","NARACOOPA, AS","14",",a","6",",a","1",",a","30.8",",,a,02,","87.0",",,,a"
"ASN00098004","1994-11","-39.9097","144.0986","20.0","NARACOOPA, AS","17",",a","6",",a","0",",a","13.0",",,a,20,","67.0",",,,a"
"ASN00098004","1994-12","-39.9097","144.0986","20.0","NARACOOPA, AS","7",",a","3",",a","0",",a","18.6",",,a,21,","34.6",",,,a"
"ASN00098004","1995-01","-39.9097","144.0986","20.0","NARACOOPA, AS","9",",a","2",",a","0",",a","3.8",",,a,06,","12.6",",,,a"
"ASN00098004","1995-02","-39.9097","144.0986","20.0","NARACOOPA, AS","11",",a","2",",a","0",",a","8.4",",,a,06,","26.4",",,,a"
"ASN00098004","1995-03","-39.9097","144.0986","20.0","NARACOOPA, AS","20",",a","7",",a","1",",a","29.4",",,a,08,","71.8",",,,a"
"ASN00098004","1995-04","-39.9097","144.0986","20.0","NARACOOPA, AS","21",",a","11",",a","0",",a","15.4",",,a,24,","130.8",",,,a"
"ASN00098004","1995-05","-39.9097","144.0986","20.0","NARACOOPA, AS","16",",a","6",",a","0",",a","9.0",",,a,25,","51.6",",,,a"
"ASN00098004","1995-06","-39.9097","144.0986","20.0","NARACOOPA, AS","20",",a","11",",a","0",",a","18.0",",,a,11,","96.4",",,,a"
"ASN00098004","1995-07","-39.9097","144.0986","20.0","NARACOOPA, AS","24","2,a","13","2,a","0","2,a","15.2","2,,a,17,","133.2",",a,,a"
"ASN00098004","1995-08","-39.9097","144.0986","20.0","NARACOOPA, AS","20",",a","12",",a","0",",a","17.6",",,a,02,","80.2",",,,a"
"ASN00098004","1995-09","-39.9097","144.0986","20.0","NARACOOPA, AS","17",",a","8",",a","0",",a","13.4",",,a,04,","64.2",",,,a"
"ASN00098004","1995-10","-39.9097","144.0986","20.0","NARACOOPA, AS","15",",a","4",",a","1",",a","32.0",",,a,13,","59.0",",,,a"
"ASN00098004","1995-11","-39.9097","144.0986","20.0","NARACOOPA, AS","16",",a","8",",a","0",",a","8.8",",,a,07,","53.0",",,,a"
"ASN00098004","1995-12","-39.9097","144.0986","20.0","NARACOOPA, AS","10",",a","3",",a","0",",a","11.2",",,a,11,","31.0",",,,a"
"ASN00098004","1996-01","-39.9097","144.0986","20.0","NARACOOPA, AS","10",",a","6",",a","0",",a","17.4",",,a,01,","57.2",",,,a"
"ASN00098004","1996-02","-39.9097","144.0986","20.0","NARACOOPA, AS","7",",a","4",",a","1",",a","41.8",",,a,09,","67.0",",,,a"
"ASN00098004","1996-03","-39.9097","144.0986","20.0","NARACOOPA, AS","8",",a","4",",a","0",",a","15.8",",,a,17,","41.0",",,,a"
"ASN00098004","1996-04","-39.9097","144.0986","20.0","NARACOOPA, AS","22",",a","10",",a","0",",a","16.0",",,a,26,","76.6",",,,a"
"ASN00098004","1996-05","-39.9097","144.0986","20.0","NARACOOPA, AS","17",",a","5",",a","0",",a","7.2",",,a,28,","28.6",",,,a"
"ASN00098004","1996-06","-39.9097","144.0986","20.0","NARACOOPA, AS","22",",a","9",",a","1",",a","30.4",",,a,04,","113.0",",,,a"
"ASN00098004","1996-07","-39.9097","144.0986","20.0","NARACOOPA, AS","22",",a","14",",a","1",",a","37.2",",,a,30,","155.8",",,,a"
"ASN00098004","1996-08","-39.9097","144.0986","20.0","NARACOOPA, AS","28",",a","17",",a","2",",a","34.0",",,a,28,","187.0",",,,a"
"ASN00098004","1996-09","-39.9097","144.0986","20.0","NARACOOPA, AS","26",",a","19",",a","0",",a","23.2",",,a,19,","174.2",",,,a"
"ASN00098004","1996-10","-39.9097","144.0986","20.0","NARACOOPA, AS","17",",a","6",",a","0",",a","12.4",",,a,05,","57.6",",,,a"
"ASN00098004","1996-11","-39.9097","144.0986","20.0","NARACOOPA, AS","18",",a","9",",a","1",",a","25.8",",,a,17,","97.4",",,,a"
"ASN00098004","1996-12","-39.9097","144.0986","20.0","NARACOOPA, AS","6","4,a","2","4,a","0","4,a","13.8","4,,a,07,","31.0",",a,,a"
"ASN00098004","1997-01","-39.9097","144.0986","20.0","NARACOOPA, AS","10",",a","7",",a","2",",a","40.6",",,a,22,","130.6",",,,a"
"ASN00098004","1997-02","-39.9097","144.0986","20.0","NARACOOPA, AS","5",",a","2",",a","0",",a","7.0",",,a,09,","16.4",",,,a"
"ASN00098004","1997-03","-39.9097","144.0986","20.0","NARACOOPA, AS","17","4,a","6","4,a","1","4,a","28.6","4,,a,23,","84.0",",a,,a"
"ASN00098004","1997-04","-39.9097","144.0986","20.0","NARACOOPA, AS","11","2,a","4","2,a","0","2,a","10.0","2,,a,05,","36.2",",a,,a"
"ASN00098004","1997-05","-39.9097","144.0986","20.0","NARACOOPA, AS","15","4,a","8","4,a","0","4,a","19.0","4,,a,02,","116.0",",a,,a"
"ASN00098004","1997-06","-39.9097","144.0986","20.0","NARACOOPA, AS","21",",a","7",",a","0",",a","15.2",",,a,07,","47.6",",,,a"
"ASN00098004","1997-07","-39.9097","144.0986","20.0","NARACOOPA, AS","22","2,a","8","2,a","0","2,a","13.0","2,,a,16,","62.6",",a,,a"
"ASN00098004","1997-08","-39.9097","144.0986","20.0","NARACOOPA, AS","22","2,a","13","2,a","0","2,a","22.6","2,,a,07,","131.6",",a,,a"
"ASN00098004","1997-09","-39.9097","144.0986","20.0","NARACOOPA, AS","16",",a","9",",a","0",",a","14.0",",,a,07,","88.2",",,,a"
"ASN00098004","1997-10","-39.9097","144.0986","20.0","NARACOOPA, AS","19",",a","6",",a","0",",a","9.0",",,a,15,","48.6",",,,a"
"ASN00098004","1997-11","-39.9097","144.0986","20.0","NARACOOPA, AS","11",",a","5",",a","1",",a","53.0",",,a,01,","92.2",",,,a"
"ASN00098004","1997-12","-39.9097","144.0986","20.0","NARACOOPA, AS","10","4,a","5","4,a","0","4,a","8.6","4,,a,02,","37.6",",a,,a"
"ASN00098004","1998-01","-39.9097","144.0986","20.0","NARACOOPA, AS","8",",a","5",",a","0",",a","6.0",",,a,30,","23.0",",,,a"
"ASN00098004","1998-02","-39.9097","144.0986","20.0","NARACOOPA, AS","7",",a","1",",a","1",",a","27.0",",,a,08,","36.4",",,,a"
"ASN00098004","1998-03","-39.9097","144.0986","20.0","NARACOOPA, AS","13",",a","3",",a","0",",a","12.0",",,a,23,","29.2",",,,a"
"ASN00098004","1998-04","-39.9097","144.0986","20.0","NARACOOPA, AS","15","2,a","7","2,a","1","2,a","27.4","2,,a,20,","85.2",",a,,a"
"ASN00098004","1998-05","-39.9097","144.0986","20.0","NARACOOPA, AS","14","2,a","6","2,a","0","2,a","20.0","2,,a,24,","67.8",",a,,a"
"ASN00098004","1998-06","-39.9097","144.0986","20.0","NARACOOPA, AS","17",",a","11",",a","0",",a","14.6",",,a,12,","101.2",",,,a"
"ASN00098004","1998-07","-39.9097","144.0986","20.0","NARACOOPA, AS","26",",a","11",",a","1",",a","32.2",",,a,28,","128.4",",,,a"
"ASN00098004","1998-08","-39.9097","144.0986","20.0","NARACOOPA, AS","18",",a","8",",a","0",",a","9.0",",,a,23,","53.8",",,,a"
"ASN00098004","1998-09","-39.9097","144.0986","20.0","NARACOOPA, AS","20",",a","9",",a","1",",a","53.4",",,a,23,","119.2",",,,a"
"ASN00098004","1998-10","-39.9097","144.0986","20.0","NARACOOPA, AS","23",",a","14",",a","0",",a","20.0",",,a,06,","111.8",",,,a"
"ASN00098004","1998-11","-39.9097","144.0986","20.0","NARACOOPA, AS","9","2,a","2","2,a","0","2,a","13.4","2,,a,08,","56.2",",a,,a"
"ASN00098004","1998-12","-39.9097","144.0986","20.0","NARACOOPA, AS","10",",a","3",",a","0",",a","19.0",",,a,20,","47.2",",,,a"
"ASN00098004","1999-01","-39.9097","144.0986","20.0","NARACOOPA, AS","9","2,a","3","2,a","0","2,a","12.0","2,,a,22,","31.2",",a,,a"
"ASN00098004","1999-02","-39.9097","144.0986","20.0","NARACOOPA, AS","9",",a","4",",a","2",",a","31.6",",,a,18,","106.0",",,,a"
"ASN00098004","1999-03","-39.9097","144.0986","20.0","NARACOOPA, AS","12","2,a","2","2,a","0","2,a","15.8","2,,a,14,","45.8",",a,,a"
"ASN00098004","1999-04","-39.9097","144.0986","20.0","NARACOOPA, AS","9","2,a","2","2,a","0","2,a","6.8","2,,a,27,","30.0",",a,,a"
"ASN00098004","1999-05","-39.9097","144.0986","20.0","NARACOOPA, AS","22",",a","15",",a","0",",a","20.6",",,a,13,","148.2",",,,a"
"ASN00098004","1999-06","-39.9097","144.0986","20.0","NARACOOPA, AS","15","4,a","8","4,a","0","4,a","10.4","4,,a,18,","65.2",",a,,a"
"ASN00098004","1999-07","-39.9097","144.0986","20.0","NARACOOPA, AS","21",",a","8",",a","0",",a","17.0",",,a,13,","74.0",",,,a"
"ASN00098004","1999-08","-39.9097","144.0986","20.0","NARACOOPA, AS","20",",a","9",",a","0",",a","19.2",",,a,20,","87.2",",,,a"
"ASN00098004","1999-09","-39.9097","144.0986","20.0","NARACOOPA, AS","12",",a","6",",a","0",",a","10.0",",,a,17,","36.6",",,,a"
"ASN00098004","1999-10","-39.9097","144.0986","20.0","NARACOOPA, AS","20",",a","8",",a","0",",a","7.2",",,a,16,","59.6",",,,a"
"ASN00098004","1999-11","-39.9097","144.0986","20.0","NARACOOPA, AS","14",",a","6",",a","0",",a","24.0",",,a,06,","74.8",",,,a"
"ASN00098004","1999-12","-39.9097","144.0986","20.0","NARACOOPA, AS","11","2,a","7","2,a","0","2,a","21.4","2,,a,28,","74.4",",a,,a"
"ASN00098004","2000-01","-39.9097","144.0986","20.0","NARACOOPA, AS","11",",a","7",",a","0",",a","12.2",",,a,27,","53.6",",,,a"
"ASN00098004","2000-02","-39.9097","144.0986","20.0","NARACOOPA, AS","7",",a","2",",a","0",",a","11.2",",,a,11,","21.0",",,,a"
"ASN00098004","2000-03","-39.9097","144.0986","20.0","NARACOOPA, AS","8",",a","3",",a","0",",a","9.0",",,a,18,","23.0",",,,a"
"ASN00098004","2000-04","-39.9097","144.0986","20.0","NARACOOPA, AS","16",",a","8",",a","0",",a","11.4",",,a,30,","49.6",",,,a"
"ASN00098004","2000-05","-39.9097","144.0986","20.0","NARACOOPA, AS","26",",a","18",",a","0",",a","24.6",",,a,14,","143.0",",,,a"
"ASN00098004","2000-06","-39.9097","144.0986","20.0","NARACOOPA, AS","21","2,a","13","2,a","0","2,a","24.4","2,,a,24,","124.2",",a,,a"
"ASN00098004","2000-07","-39.9097","144.0986","20.0","NARACOOPA, AS","22","2,a","12","2,a","1","2,a","46.0","2,,a,21,","178.2",",a,,a"
"ASN00098004","2000-08","-39.9097","144.0986","20.0","NARACOOPA, AS","22",",a","10",",a","2",",a","65.4",",,a,23,","181.2",",,,a"
"ASN00098004","2000-09","-39.9097","144.0986","20.0","NARACOOPA, AS","26",",a","15",",a","0",",a","16.2",",,a,03,","105.0",",,,a"
"ASN00098004","2000-10","-39.9097","144.0986","20.0","NARACOOPA, AS","23",",a","16",",a","1",",a","28.8",",,a,01,","160.2",",,,a"
"ASN00098004","2000-11","-39.9097","144.0986","20.0","NARACOOPA, AS","10",",a","2",",a","1",",a","42.0",",,a,02,","54.4",",,,a"
"ASN00098004","2000-12","-39.9097","144.0986","20.0","NARACOOPA, AS","12",",a","6",",a","0",",a","8.0",",,a,22,","47.2",",,,a"
"ASN00098004","2001-01","-39.9097","144.0986","20.0","NARACOOPA, AS","13",",a","4",",a","0",",a","19.0",",,a,27,","41.0",",,,a"
"ASN00098004","2001-02","-39.9097","144.0986","20.0","NARACOOPA, AS","5",",a","3",",a","0",",a","9.2",",,a,13,","19.8",",,,a"
"ASN00098004","2001-03","-39.9097","144.0986","20.0","NARACOOPA, AS","18",",a","8",",a","1",",a","43.4",",,a,17,","101.2",",,,a"
"ASN00098004","2001-04","-39.9097","144.0986","20.0","NARACOOPA, AS","17",",a","4",",a","0",",a","10.6",",,a,09,","40.4",",,,a"
"ASN00098004","2001-05","-39.9097","144.0986","20.0","NARACOOPA, AS","19",",a","8",",a","0",",a","21.2",",,a,17,","64.0",",,,a"
"ASN00098004","2001-06","-39.9097","144.0986","20.0","NARACOOPA, AS","26",",a","13",",a","0",",a","20.8",",,a,09,","119.6",",,,a"
"ASN00098004","2001-07","-39.9097","144.0986","20.0","NARACOOPA, AS","18","2,a","9","2,a","0","2,a","14.0","2,,a,13,","83.4",",a,,a"
"ASN00098004","2001-08","-39.9097","144.0986","20.0","NARACOOPA, AS","22","4,a","14","4,a","1","4,a","27.2","4,,a,17,","240.6",",a,,a"
"ASN00098004","2001-09","-39.9097","144.0986","20.0","NARACOOPA, AS","12",",a","8",",a","0",",a","21.4",",,a,25,","72.2",",,,a"
"ASN00098004","2001-10","-39.9097","144.0986","20.0","NARACOOPA, AS","20","2,a","14","2,a","0","2,a","20.2","2,,a,27,","161.4",",a,,a"
"ASN00098004","2001-11","-39.9097","144.0986","20.0","NARACOOPA, AS","14",",a","7",",a","0",",a","16.4",",,a,18,","74.2",",,,a"
"ASN00098004","2001-12","-39.9097","144.0986","20.0","NARACOOPA, AS","21",",a","8",",a","0",",a","16.2",",,a,03,","80.4",",,,a"
"ASN00098004","2002-01","-39.9097","144.0986","20.0","NARACOOPA, AS","11",",a","5",",a","0",",a","17.0",",,a,01,","69.4",",,,a"
"ASN00098004","2002-02","-39.9097","144.0986","20.0","NARACOOPA, AS","9",",a","4",",a","0",",a","10.0",",,a,16,+","32.8",",,,a"
"ASN00098004","2002-03","-39.9097","144.0986","20.0","NARACOOPA, AS","12",",a","2",",a","0",",a","7.2",",,a,20,","22.4",",,,a"
"ASN00098004","2002-04","-39.9097","144.0986","20.0","NARACOOPA, AS","16",",a","4",",a","0",",a","17.0",",,a,25,","49.0",",,,a"
"ASN00098004","2002-05","-39.9097","144.0986","20.0","NARACOOPA, AS","15",",a","6",",a","1",",a","30.4",",,a,10,","84.6",",,,a"
"ASN00098004","2002-06","-39.9097","144.0986","20.0","NARACOOPA, AS","23",",a","17",",a","1",",a","36.6",",,a,13,","173.2",",,,a"
"ASN00098004","2002-07","-39.9097","144.0986","20.0","NARACOOPA, AS","28",",a","18",",a","0",",a","17.6",",,a,06,","151.6",",,,a"
"ASN00098004","2002-08","-39.9097","144.0986","20.0","NARACOOPA, AS","22",",a","14",",a","1",",a","26.0",",,a,30,","108.8",",,,a"
"ASN00098004","2002-09","-39.9097","144.0986","20.0","NARACOOPA, AS","23",",a","17",",a","0",",a","22.0",",,a,28,","133.0",",,,a"
"ASN00098004","2002-10","-39.9097","144.0986","20.0","NARACOOPA, AS","21","2,a","10","2,a","0","2,a","15.8","2,,a,13,","94.8",",a,,a"
"ASN00098004","2002-11","-39.9097","144.0986","20.0","NARACOOPA, AS","13",",a","4",",a","0",",a","11.4",",,a,26,","41.0",",,,a"
"ASN00098004","2002-12","-39.9097","144.0986","20.0","NARACOOPA, AS","14",",a","2",",a","0",",a","19.0",",,a,05,","40.6",",,,a"
"ASN00098004","2003-01","-39.9097","144.0986","20.0","NARACOOPA, AS","7",",a","4",",a","0",",a","11.8",",,a,31,","35.2",",,,a"
"ASN00098004","2003-02","-39.9097","144.0986","20.0","NARACOOPA, AS","8",",a","1",",a","0",",a","6.0",",,a,21,","15.0",",,,a"
"ASN00098004","2003-03","-39.9097","144.0986","20.0","NARACOOPA, AS","10",",a","4",",a","0",",a","6.4",",,a,21,","26.2",",,,a"
"ASN00098004","2003-04","-39.9097","144.0986","20.0","NARACOOPA, AS","11",",a","4",",a","0",",a","10.4",",,a,15,","37.0",",,,a"
"ASN00098004","2003-05","-39.9097","144.0986","20.0","NARACOOPA, AS","18","2,a","3","2,a","0","2,a","9.6","2,,a,21,","37.8",",a,,a"
"ASN00098004","2003-06","-39.9097","144.0986","20.0","NARACOOPA, AS","26",",a","15",",a","2",",a","27.8",",,a,06,","176.0",",,,a"
"ASN00098004","2003-07","-39.9097","144.0986","20.0","NARACOOPA, AS","22",",a","11",",a","0",",a","22.0",",,a,29,","120.6",",,,a"
"ASN00098004","2003-08","-39.9097","144.0986","20.0","NARACOOPA, AS","24",",a","17",",a","0",",a","23.2",",,a,24,","184.0",",,,a"
"ASN00098004","2003-09","-39.9097","144.0986","20.0","NARACOOPA, AS","25",",a","17",",a","0",",a","22.6",",,a,25,","148.2",",,,a"
"ASN00098004","2003-10","-39.9097","144.0986","20.0","NARACOOPA, AS","16",",a","9",",a","0",",a","13.8",",,a,31,","73.4",",,,a"
"ASN00098004","2003-11","-39.9097","144.0986","20.0","NARACOOPA, AS","6",",a","4",",a","0",",a","6.8",",,a,01,","20.2",",,,a"
"ASN00098004","2003-12","-39.9097","144.0986","20.0","NARACOOPA, AS","8",",a","3",",a","1",",a","34.0",",,a,22,","59.0",",,,a"
"ASN00098004","2004-01","-39.9097","144.0986","20.0","NARACOOPA, AS","13",",a","6",",a","0",",a","9.4",",,a,08,","39.9",",,,a"
"ASN00098004","2004-02","-39.9097","144.0986","20.0","NARACOOPA, AS","8",",a","2",",a","0",",a","6.0",",,a,29,","17.6",",,,a"
"ASN00098004","2004-03","-39.9097","144.0986","20.0","NARACOOPA, AS","13",",a","3",",a","0",",a","6.4",",,a,30,","21.8",",,,a"
"ASN00098004","2004-04","-39.9097","144.0986","20.0","NARACOOPA, AS","14",",a","5",",a","0",",a","9.0",",,a,23,","43.8",",,,a"
"ASN00098004","2004-05","-39.9097","144.0986","20.0","NARACOOPA, AS","26","2,a","13","2,a","0","2,a","10.6","2,,a,16,","100.4",",a,,a"
"ASN00098004","2004-06","-39.9097","144.0986","20.0","NARACOOPA, AS","25",",a","17",",a","1",",a","35.4",",,a,15,","197.4",",,,a"
"ASN00098004","2004-07","-39.9097","144.0986","20.0","NARACOOPA, AS","28",",a","16",",a","0",",a","17.8",",,a,17,","148.0",",,,a"
"ASN00098004","2004-08","-39.9097","144.0986","20.0","NARACOOPA, AS","24",",a","17",",a","0",",a","24.2",",,a,21,","133.7",",,,a"
"ASN00098004","2004-09","-39.9097","144.0986","20.0","NARACOOPA, AS","22",",a","12",",a","0",",a","18.4",",,a,08,","92.4",",,,a"
"ASN00098004","2004-10","-39.9097","144.0986","20.0","NARACOOPA, AS","12",",a","5",",a","0",",a","13.2",",,a,27,","52.6",",,,a"
"ASN00098004","2004-11","-39.9097","144.0986","20.0","NARACOOPA, AS","14",",a","7",",a","0",",a","15.6",",,a,13,","72.6",",,,a"
"ASN00098004","2004-12","-39.9097","144.0986","20.0","NARACOOPA, AS","11",",a","3",",a","0",",a","16.2",",,a,01,","31.4",",,,a"
"ASN00098004","2005-01","-39.9097","144.0986","20.0","NARACOOPA, AS","9",",a","6",",a","0",",a","4.6",",,a,05,","22.6",",,,a"
"ASN00098004","2005-02","-39.9097","144.0986","20.0","NARACOOPA, AS","10",",a","5",",a","0",",a","17.6",",,a,04,","58.4",",,,a"
"ASN00098004","2005-03","-39.9097","144.0986","20.0","NARACOOPA, AS","13",",a","4",",a","0",",a","7.6",",,a,05,","28.2",",,,a"
"ASN00098004","2005-04","-39.9097","144.0986","20.0","NARACOOPA, AS","12",",a","9",",a","0",",a","9.8",",,a,18,","55.0",",,,a"
"ASN00098004","2005-05","-39.9097","144.0986","20.0","NARACOOPA, AS","15",",a","6",",a","0",",a","7.6",",,a,01,","41.6",",,,a"
"ASN00098004","2005-06","-39.9097","144.0986","20.0","NARACOOPA, AS","19",",a","9",",a","1",",a","29.0",",,a,11,","102.2",",,,a"
"ASN00098004","2005-07","-39.9097","144.0986","20.0","NARACOOPA, AS","27",",a","16",",a","0",",a","14.6",",,a,17,","99.4",",,,a"
"ASN00098004","2005-08","-39.9097","144.0986","20.0","NARACOOPA, AS","25",",a","13",",a","1",",a","35.4",",,a,10,","144.8",",,,a"
"ASN00098004","2005-09","-39.9097","144.0986","20.0","NARACOOPA, AS","24",",a","12",",a","0",",a","20.2",",,a,29,","107.8",",,,a"
"ASN00098004","2005-10","-39.9097","144.0986","20.0","NARACOOPA, AS","20",",a","11",",a","0",",a","23.8",",,a,08,","92.6",",,,a"
"ASN00098004","2005-11","-39.9097","144.0986","20.0","NARACOOPA, AS","16",",a","7",",a","1",",a","27.2",",,a,03,","73.4",",,,a"
"ASN00098004","2005-12","-39.9097","144.0986","20.0","NARACOOPA, AS","18",",a","10",",a","0",",a","13.0",",,a,24,","70.8",",,,a"
"ASN00098004","2006-01","-39.9097","144.0986","20.0","NARACOOPA, AS","7",",a","2",",a","0",",a","9.8",",,a,01,","23.0",",,,a"
"ASN00098004","2006-02","-39.9097","144.0986","20.0","NARACOOPA, AS","12",",a","4",",a","0",",a","11.4",",,a,01,","32.4",",,,a"
"ASN00098004","2006-03","-39.9097","144.0986","20.0","NARACOOPA, AS","10",",a","3",",a","0",",a","22.4",",,a,17,","52.8",",,,a"
"ASN00098004","2006-04","-39.9097","144.0986","20.0","NARACOOPA, AS","20",",a","13",",a","0",",a","23.0",",,a,20,","121.4",",,,a"
"ASN00098004","2006-05","-39.9097","144.0986","20.0","NARACOOPA, AS","21",",a","9",",a","0",",a","19.8",",,a,05,","96.9",",,,a"
"ASN00098004","2006-06","-39.9097","144.0986","20.0","NARACOOPA, AS","16",",a","7",",a","0",",a","16.0",",,a,22,","62.4",",,,a"
"ASN00098004","2006-07","-39.9097","144.0986","20.0","NARACOOPA, AS","22",",a","8",",a","1",",a","29.8",",,a,31,","117.6",",,,a"
"ASN00098004","2006-08","-39.9097","144.0986","20.0","NARACOOPA, AS","26",",a","9",",a","0",",a","7.4",",,a,03,","56.6",",,,a"
"ASN00098004","2006-09","-39.9097","144.0986","20.0","NARACOOPA, AS","22",",a","8",",a","0",",a","8.8",",,a,21,","66.8",",,,a"
"ASN00098004","2006-10","-39.9097","144.0986","20.0","NARACOOPA, AS","16",",a","6",",a","0",",a","11.4",",,a,28,","45.4",",,,a"
"ASN00098004","2006-11","-39.9097","144.0986","20.0","NARACOOPA, AS","13",",a","4",",a","0",",a","15.6",",,a,06,","49.0",",,,a"
"ASN00098004","2006-12","-39.9097","144.0986","20.0","NARACOOPA, AS","10",",a","4",",a","0",",a","5.0",",,a,15,","20.4",",,,a"
"ASN00098004","2007-01","-39.9097","144.0986","20.0","NARACOOPA, AS","14",",a","7",",a","0",",a","18.6",",,a,21,","85.0",",,,a"
"ASN00098004","2007-02","-39.9097","144.0986","20.0","NARACOOPA, AS","5",",a","2",",a","1",",a","27.2",",,a,10,","35.4",",,,a"
"ASN00098004","2007-03","-39.9097","144.0986","20.0","NARACOOPA, AS","10",",a","5",",a","0",",a","12.4",",,a,24,","37.2",",,,a"
"ASN00098004","2007-04","-39.9097","144.0986","20.0","NARACOOPA, AS","14","2,a","5","2,a","0","2,a","12.0","2,,a,29,","30.2",",a,,a"
"ASN00098004","2007-05","-39.9097","144.0986","20.0","NARACOOPA, AS","24",",a","14",",a","1",",a","26.2",",,a,30,","164.0",",,,a"
"ASN00098004","2007-06","-39.9097","144.0986","20.0","NARACOOPA, AS","18",",a","10",",a","0",",a","17.4",",,a,03,","76.6",",,,a"
"ASN00098004","2007-07","-39.9097","144.0986","20.0","NARACOOPA, AS","23",",a","10",",a","0",",a","12.8",",,a,17,","86.0",",,,a"
"ASN00098004","2007-08","-39.9097","144.0986","20.0","NARACOOPA, AS","23",",a","12",",a","1",",a","29.0",",,a,02,","150.0",",,,a"
"ASN00098004","2007-09","-39.9097","144.0986","20.0","NARACOOPA, AS","20",",a","9",",a","0",",a","19.0",",,a,30,","99.5",",,,a"
"ASN00098004","2007-10","-39.9097","144.0986","20.0","NARACOOPA, AS","21",",a","8",",a","1",",a","31.8",",,a,06,","79.4",",,,a"
"ASN00098004","2007-11","-39.9097","144.0986","20.0","NARACOOPA, AS","7",",a","2",",a","0",",a","6.0",",,a,21,","13.4",",,,a"
"ASN00098004","2007-12","-39.9097","144.0986","20.0","NARACOOPA, AS","11","2,a","8","2,a","2","2,a","48.4","2,,a,23,","129.4",",a,,a"
"ASN00098004","2008-01","-39.9097","144.0986","20.0","NARACOOPA, AS","4",",a","1",",a","0",",a","3.0",",,a,31,","6.6",",,,a"
"ASN00098004","2008-02","-39.9097","144.0986","20.0","NARACOOPA, AS","12",",a","2",",a","0",",a","6.4",",,a,06,","22.4",",,,a"
"ASN00098004","2008-03","-39.9097","144.0986","20.0","NARACOOPA, AS","12",",a","9",",a","0",",a","12.8",",,a,25,","73.0",",,,a"
"ASN00098004","2008-04","-39.9097","144.0986","20.0","NARACOOPA, AS","14","1,a","7","1,a","0","1,a","8.6","1,,a,26,+","55.2","1,,,a"
"ASN00098004","2008-05","-39.9097","144.0986","20.0","NARACOOPA, AS","19","3,a","8","3,a","0","3,a","14.2","3,,a,17,","66.6","3,,,a"
"ASN00098004","2008-06","-39.9097","144.0986","20.0","NARACOOPA, AS","19",",a","9",",a","1",",a","26.8",",,a,13,","88.0",",,,a"
"ASN00098004","2008-07","-39.9097","144.0986","20.0","NARACOOPA, AS","22",",a","13",",a","1",",a","38.4",",,a,01,","131.6",",,,a"
"ASN00098004","2008-08","-39.9097","144.0986","20.0","NARACOOPA, AS","25","2,a","14","2,a","0","2,a","22.6","2,,a,01,","130.8",",a,,a"
"ASN00098004","2008-09","-39.9097","144.0986","20.0","NARACOOPA, AS","20",",a","10",",a","0",",a","12.8",",,a,02,","74.4",",,,a"
"ASN00098004","2008-10","-39.9097","144.0986","20.0","NARACOOPA, AS","16","2,a","1","2,a","0","2,a","7.0","2,,a,06,","30.6",",a,,a"
"ASN00098004","2008-11","-39.9097","144.0986","20.0","NARACOOPA, AS","14",",a","5",",a","0",",a","21.0",",,a,22,","70.6",",,,a"
"ASN00098004","2008-12","-39.9097","144.0986","20.0","NARACOOPA, AS","15",",a","8",",a","0",",a","22.0",",,a,13,","89.4",",,,a"
"ASN00098004","2009-01","-39.9097","144.0986","20.0","NARACOOPA, AS","9",",a","3",",a","0",",a","10.8",",,a,24,","30.2",",,,a"
"ASN00098004","2009-02","-39.9097","144.0986","20.0","NARACOOPA, AS","3",",a","0",",a","0",",a","2.2",",,a,11,","4.6",",,,a"
"ASN00098004","2009-03","-39.9097","144.0986","20.0","NARACOOPA, AS","12",",a","6",",a","0",",a","19.4",",,a,15,","75.0",",,,a"
"ASN00098004","2009-04","-39.9097","144.0986","20.0","NARACOOPA, AS","18",",a","10",",a","0",",a","21.0",",,a,26,","96.5",",,,a"
"ASN00098004","2009-05","-39.9097","144.0986","20.0","NARACOOPA, AS","21",",a","8",",a","0",",a","14.6",",,a,15,","74.1",",,,a"
"ASN00098004","2009-06","-39.9097","144.0986","20.0","NARACOOPA, AS","22",",a","10",",a","0",",a","18.0",",,a,10,","94.0",",,,a"
"ASN00098004","2009-07","-39.9097","144.0986","20.0","NARACOOPA, AS","26",",a","21",",a","1",",a","29.0",",,a,13,","197.8",",,,a"
"ASN00098004","2009-08","-39.9097","144.0986","20.0","NARACOOPA, AS","28",",a","21",",a","0",",a","22.8",",,a,17,","186.4",",,,a"
"ASN00098004","2009-09","-39.9097","144.0986","20.0","NARACOOPA, AS","21",",a","16",",a","0",",a","17.0",",,a,25,+","144.8",",,,a"
"ASN00098004","2009-10","-39.9097","144.0986","20.0","NARACOOPA, AS","14",",a","5",",a","0",",a","14.2",",,a,14,","63.0",",,,a"
"ASN00098004","2009-11","-39.9097","144.0986","20.0","NARACOOPA, AS","9",",a","5",",a","0",",a","11.0",",,a,27,","43.2",",,,a"
"ASN00098004","2009-12","-39.9097","144.0986","20.0","NARACOOPA, AS","11",",a","6",",a","0",",a","13.0",",,a,18,","46.2",",,,a"
"ASN00098004","2010-01","-39.9097","144.0986","20.0","NARACOOPA, AS","7",",a","3",",a","0",",a","16.0",",,a,18,","25.4",",,,a"
"ASN00098004","2010-02","-39.9097","144.0986","20.0","NARACOOPA, AS","7","3,a","5","3,a","2","3,a","37.2","3,,a,14,","99.0","1,a,,a"
"ASN00098004","2010-03","-39.9097","144.0986","20.0","NARACOOPA, AS","21",",a","9",",a","1",",a","30.4",",,a,06,","76.4",",,,a"
"ASN00098004","2010-04","-39.9097","144.0986","20.0","NARACOOPA, AS","21",",a","10",",a","0",",a","13.4",",,a,08,","81.8",",,,a"
"ASN00098004","2010-05","-39.9097","144.0986","20.0","NARACOOPA, AS","21",",a","8",",a","0",",a","16.8",",,a,05,","81.4",",,,a"
"ASN00098004","2010-06","-39.9097","144.0986","20.0","NARACOOPA, AS","23",",a","13",",a","1",",a","27.8",",,a,19,","136.4",",,,a"
"ASN00098004","2010-07","-39.9097","144.0986","20.0","NARACOOPA, AS","24",",a","8",",a","0",",a","12.4",",,a,15,","74.8",",,,a"
"ASN00098004","2010-08","-39.9097","144.0986","20.0","NARACOOPA, AS","27",",a","17",",a","1",",a","32.0",",,a,12,","213.8",",,,a"
"ASN00098004","2010-09","-39.9097","144.0986","20.0","NARACOOPA, AS","27",",a","15",",a","0",",a","15.4",",,a,05,","103.2",",,,a"
"ASN00098004","2010-10","-39.9097","144.0986","20.0","NARACOOPA, AS","18",",a","9",",a","0",",a","21.4",",,a,31,","83.4",",,,a"
"ASN00098004","2010-11","-39.9097","144.0986","20.0","NARACOOPA, AS","17",",a","8",",a","1",",a","25.6",",,a,01,","97.0",",,,a"
"ASN00098004","2010-12","-39.9097","144.0986","20.0","NARACOOPA, AS","17","2,a","9","2,a","0","2,a","11.0","2,,a,20,","69.4",",a,,a"
"ASN00098004","2011-01","-39.9097","144.0986","20.0","NARACOOPA, AS","12",",a","6",",a","3",",a","31.0",",,a,14,","124.2",",,,a"
"ASN00098004","2011-02","-39.9097","144.0986","20.0","NARACOOPA, AS","10",",a","7",",a","1",",a","32.6",",,a,19,","65.4",",,,a"
"ASN00098004","2011-03","-39.9097","144.0986","20.0","NARACOOPA, AS","12",",a","5",",a","1",",a","69.0",",,a,23,","113.6",",,,a"
"ASN00098004","2011-04","-39.9097","144.0986","20.0","NARACOOPA, AS","20",",a","6",",a","1",",a","33.4",",,a,11,","73.2",",,,a"
"ASN00098004","2011-05","-39.9097","144.0986","20.0","NARACOOPA, AS","22",",a","9",",a","0",",a","21.2",",,a,11,","87.8",",,,a"
"ASN00098004","2011-06","-39.9097","144.0986","20.0","NARACOOPA, AS","20",",a","12",",a","1",",a","32.2",",,a,21,","137.8",",,,a"
"ASN00098004","2011-07","-39.9097","144.0986","20.0","NARACOOPA, AS","","","","","","","","","90.0",",a,,a"
"ASN00098004","2011-08","-39.9097","144.0986","20.0","NARACOOPA, AS","21",",a","15",",a","0",",a","20.0",",,a,17,","114.2",",,,a"
"ASN00098004","2011-09","-39.9097","144.0986","20.0","NARACOOPA, AS","20","2,a","9","2,a","0","2,a","13.6","2,,a,30,","86.8",",a,,a"
"ASN00098004","2011-10","-39.9097","144.0986","20.0","NARACOOPA, AS","14","2,a","8","2,a","0","2,a","24.0","2,,a,09,","93.2",",a,,a"
"ASN00098004","2011-11","-39.9097","144.0986","20.0","NARACOOPA, AS","20",",a","9",",a","1",",a","29.2",",,a,27,","109.0",",,,a"
"ASN00098004","2011-12","-39.9097","144.0986","20.0","NARACOOPA, AS","7","2,a","3","2,a","0","2,a","15.8","2,,a,19,","36.6",",a,,a"
"ASN00098004","2012-01","-39.9097","144.0986","20.0","NARACOOPA, AS","10",",a","5",",a","0",",a","14.0",",,a,11,","43.6",",,,a"
"ASN00098004","2012-02","-39.9097","144.0986","20.0","NARACOOPA, AS","7",",a","3",",a","0",",a","7.6",",,a,06,","20.4",",,,a"
"ASN00098004","2012-03","-39.9097","144.0986","20.0","NARACOOPA, AS","19",",a","9",",a","0",",a","18.0",",,a,16,","82.8",",,,a"
"ASN00098004","2012-04","-39.9097","144.0986","20.0","NARACOOPA, AS","13",",a","9",",a","1",",a","46.0",",,a,24,","109.8",",,,a"
"ASN00098004","2012-05","-39.9097","144.0986","20.0","NARACOOPA, AS","25",",a","13",",a","1",",a","88.8",",,a,04,","209.8",",,,a"
"ASN00098004","2012-06","-39.9097","144.0986","20.0","NARACOOPA, AS","18","2,a","12","2,a","1","2,a","34.6","2,,a,03,","119.0",",a,,a"
"ASN00098004","2012-07","-39.9097","144.0986","20.0","NARACOOPA, AS","26","2,a","12","2,a","0","2,a","13.6","2,,a,18,","92.6",",a,,a"
"ASN00098004","2012-08","-39.9097","144.0986","20.0","NARACOOPA, AS","25",",a","18",",a","0",",a","16.0",",,a,24,","164.4",",,,a"
"ASN00098004","2012-09","-39.9097","144.0986","20.0","NARACOOPA, AS","18",",a","13",",a","0",",a","16.8",",,a,06,","109.0",",,,a"
"ASN00098004","2012-10","-39.9097","144.0986","20.0","NARACOOPA, AS","17","2,a","6","2,a","0","2,a","21.0","2,,a,11,","64.8",",a,,a"
"ASN00098004","2012-11","-39.9097","144.0986","20.0","NARACOOPA, AS","10","2,a","5","2,a","0","2,a","12.0","2,,a,01,","34.4",",a,,a"
"ASN00098004","2012-12","-39.9097","144.0986","20.0","NARACOOPA, AS","11","2,a","6","2,a","0","2,a","20.0","2,,a,05,","82.2",",a,,a"
"ASN00098004","2013-01","-39.9097","144.0986","20.0","NARACOOPA, AS","7","3,a","2","3,a","0","3,a","5.4","3,,a,31,","16.0","1,a,,a"
"ASN00098004","2013-02","-39.9097","144.0986","20.0","NARACOOPA, AS","9",",a","1",",a","0",",a","17.0",",,a,01,","22.8",",,,a"
"ASN00098004","2013-03","-39.9097","144.0986","20.0","NARACOOPA, AS","10","2,a","5","2,a","0","2,a","21.8","2,,a,22,","75.6",",a,,a"
"ASN00098004","2013-04","-39.9097","144.0986","20.0","NARACOOPA, AS","17",",a","6",",a","0",",a","9.4",",,a,26,","47.8",",,,a"
"ASN00098004","2013-05","-39.9097","144.0986","20.0","NARACOOPA, AS","18",",a","11",",a","0",",a","21.2",",,a,16,","113.0",",,,a"
"ASN00098004","2013-06","-39.9097","144.0986","20.0","NARACOOPA, AS","20",",a","9",",a","0",",a","13.4",",,a,01,","70.7",",,,a"
"ASN00098004","2013-07","-39.9097","144.0986","20.0","NARACOOPA, AS","24",",a","16",",a","2",",a","40.8",",,a,05,","196.0",",,,a"
"ASN00098004","2013-08","-39.9097","144.0986","20.0","NARACOOPA, AS","28","2,a","23","2,a","3","2,a","34.6","2,,a,23,","332.6",",a,,a"
"ASN00098004","2013-09","-39.9097","144.0986","20.0","NARACOOPA, AS","23",",a","17",",a","0",",a","25.0",",,a,28,","132.0",",,,a"
"ASN00098004","2013-10","-39.9097","144.0986","20.0","NARACOOPA, AS","24",",a","10",",a","1",",a","64.6",",,a,23,","147.2",",,,a"
"ASN00098004","2013-11","-39.9097","144.0986","20.0","NARACOOPA, AS","15",",a","11",",a","1",",a","43.4",",,a,09,","155.2",",,,a"
"ASN00098004","2013-12","-39.9097","144.0986","20.0","NARACOOPA, AS","11","4,a","6","4,a","0","4,a","11.6","4,,a,11,","61.4",",a,,a"
"ASN00098004","2014-01","-39.9097","144.0986","20.0","NARACOOPA, AS","6",",a","3",",a","0",",a","9.4",",,a,06,","18.0",",,,a"
"ASN00098004","2014-02","-39.9097","144.0986","20.0","NARACOOPA, AS","7",",a","2",",a","0",",a","7.2",",,a,21,","16.4",",,,a"
"ASN00098004","2014-03","-39.9097","144.0986","20.0","NARACOOPA, AS","15",",a","6",",a","1",",a","38.2",",,a,22,","82.8",",,,a"
"ASN00098004","2014-04","-39.9097","144.0986","20.0","NARACOOPA, AS","22",",a","11",",a","0",",a","20.8",",,a,30,","102.2",",,,a"
"ASN00098004","2014-05","-39.9097","144.0986","20.0","NARACOOPA, AS","23",",a","9",",a","1",",a","36.8",",,a,03,","100.4",",,,a"
"ASN00098004","2014-06","-39.9097","144.0986","20.0","NARACOOPA, AS","23",",a","14",",a","1",",a","40.0",",,a,24,","137.4",",,,a"
"ASN00098004","2014-07","-39.9097","144.0986","20.0","NARACOOPA, AS","27",",a","14",",a","0",",a","19.6",",,a,31,","162.0",",,,a"
"ASN00098004","2014-08","-39.9097","144.0986","20.0","NARACOOPA, AS","","","","","","","","","84.6",",a,,a"
"ASN00098004","2014-09","-39.9097","144.0986","20.0","NARACOOPA, AS","20",",a","12",",a","0",",a","8.4",",,a,17,","56.8",",,,a"
"ASN00098004","2014-10","-39.9097","144.0986","20.0","NARACOOPA, AS","18",",a","8",",a","0",",a","10.4",",,a,01,","62.6",",,,a"
"ASN00098004","2014-11","-39.9097","144.0986","20.0","NARACOOPA, AS","12",",a","7",",a","0",",a","14.6",",,a,21,","41.8",",,,a"
"ASN00098004","2014-12","-39.9097","144.0986","20.0","NARACOOPA, AS","10","2,a","3","2,a","0","2,a","7.4","2,,a,30,","24.4",",a,,a"
"ASN00098004","2015-01","-39.9097","144.0986","20.0","NARACOOPA, AS","9",",a","4",",a","1",",a","35.6",",,a,14,","64.0",",,,a"
"ASN00098004","2015-02","-39.9097","144.0986","20.0","NARACOOPA, AS","5",",a","3",",a","0",",a","15.0",",,a,14,","27.0",",,,a"
"ASN00098004","2015-03","-39.9097","144.0986","20.0","NARACOOPA, AS","21",",a","9",",a","0",",a","11.6",",,a,27,","75.2",",,,a"
"ASN00098004","2015-04","-39.9097","144.0986","20.0","NARACOOPA, AS","15",",a","4",",a","0",",a","8.2",",,a,24,","36.6",",,,a"
"ASN00098004","2015-05","-39.9097","144.0986","20.0","NARACOOPA, AS","23",",a","17",",a","0",",a","15.2",",,a,13,","148.6",",,,a"
"ASN00098004","2015-06","-39.9097","144.0986","20.0","NARACOOPA, AS","27",",a","13",",a","0",",a","17.8",",,a,08,","79.6",",,,a"
"ASN00098004","2015-07","-39.9097","144.0986","20.0","NARACOOPA, AS","28",",a","15",",a","0",",a","16.0",",,a,25,","146.4",",,,a"
"ASN00098004","2015-08","-39.9097","144.0986","20.0","NARACOOPA, AS","25",",a","10",",a","0",",a","13.6",",,a,03,","83.0",",,,a"
"ASN00098004","2015-09","-39.9097","144.0986","20.0","NARACOOPA, AS","14",",a","4",",a","0",",a","23.2",",,a,07,","60.8",",,,a"
"ASN00098004","2015-10","-39.9097","144.0986","20.0","NARACOOPA, AS","5",",a","0",",a","0",",a","1.6",",,a,26,","5.0",",,,a"
"ASN00098004","2015-11","-39.9097","144.0986","20.0","NARACOOPA, AS","16",",a","6",",a","0",",a","14.4",",,a,06,","49.2",",,,a"
"ASN00098004","2015-12","-39.9097","144.0986","20.0","NARACOOPA, AS","10",",a","2",",a","0",",a","21.4",",,a,26,","38.2",",,,a"
"ASN00098004","2016-01","-39.9097","144.0986","20.0","NARACOOPA, AS","10",",a","3",",a","1",",a","48.4",",,a,31,","68.8",",,,a"
"ASN00098004","2016-02","-39.9097","144.0986","20.0","NARACOOPA, AS","15",",a","5",",a","1",",a","49.4",",,a,25,","73.8",",,,a"
"ASN00098004","2016-03","-39.9097","144.0986","20.0","NARACOOPA, AS","10",",a","3",",a","1",",a","27.6",",,a,18,","48.0",",,,a"
"ASN00098004","2016-04","-39.9097","144.0986","20.0","NARACOOPA, AS","17",",a","7",",a","0",",a","12.8",",,a,30,","50.4",",,,a"
"ASN00098004","2016-05","-39.9097","144.0986","20.0","NARACOOPA, AS","24",",a","14",",a","0",",a","21.6",",,a,10,","173.6",",,,a"
"ASN00098004","2016-06","-39.9097","144.0986","20.0","NARACOOPA, AS","25",",a","15",",a","2",",a","44.6",",,a,24,","188.4",",,,a"
"ASN00098004","2016-07","-39.9097","144.0986","20.0","NARACOOPA, AS","27",",a","19",",a","0",",a","19.2",",,a,12,","170.6",",,,a"
"ASN00098004","2016-08","-39.9097","144.0986","20.0","NARACOOPA, AS","24","2,a","12","2,a","0","2,a","21.6","2,,a,11,","113.8",",a,,a"
"ASN00098004","2016-09","-39.9097","144.0986","20.0","NARACOOPA, AS","22",",a","10",",a","1",",a","53.0",",,a,09,","132.1",",,,a"
"ASN00098004","2016-10","-39.9097","144.0986","20.0","NARACOOPA, AS","22",",a","16",",a","2",",a","28.6",",,a,03,","155.4",",,,a"
"ASN00098004","2016-11","-39.9097","144.0986","20.0","NARACOOPA, AS","14","2,a","5","2,a","1","2,a","42.2","2,,a,13,","71.0",",a,,a"
"ASN00098004","2016-12","-39.9097","144.0986","20.0","NARACOOPA, AS","12",",a","4",",a","0",",a","21.8",",,a,29,","47.4",",,,a"
"ASN00098004","2017-01","-39.9097","144.0986","20.0","NARACOOPA, AS","11",",a","5",",a","0",",a","18.0",",,a,20,","49.2",",,,a"
"ASN00098004","2017-02","-39.9097","144.0986","20.0","NARACOOPA, AS","10",",a","4",",a","0",",a","15.0",",,a,20,","40.6",",,,a"
"ASN00098004","2017-03","-39.9097","144.0986","20.0","NARACOOPA, AS","9","2,a","5","2,a","1","2,a","36.0","2,,a,22,","64.0",",a,,a"
"ASN00098004","2017-04","-39.9097","144.0986","20.0","NARACOOPA, AS","16",",a","7",",a","0",",a","10.6",",,a,10,","53.6",",,,a"
"ASN00098004","2017-05","-39.9097","144.0986","20.0","NARACOOPA, AS","24",",a","11",",a","0",",a","13.0",",,a,29,","95.0",",,,a"
"ASN00098004","2017-06","-39.9097","144.0986","20.0","NARACOOPA, AS","21",",a","9",",a","0",",a","11.0",",,a,09,","61.6",",,,a"
"ASN00098004","2017-07","-39.9097","144.0986","20.0","NARACOOPA, AS","25",",a","18",",a","0",",a","25.0",",,a,04,","181.2",",,,a"
"ASN00098004","2017-08","-39.9097","144.0986","20.0","NARACOOPA, AS","27",",a","19",",a","1",",a","26.6",",,a,07,","164.2",",,,a"
"ASN00098004","2017-09","-39.9097","144.0986","20.0","NARACOOPA, AS","26",",a","18",",a","0",",a","10.6",",,a,04,","113.4",",,,a"
"ASN00098004","2017-10","-39.9097","144.0986","20.0","NARACOOPA, AS","19",",a","6",",a","1",",a","25.4",",,a,12,","88.2",",,,a"
"ASN00098004","2017-11","-39.9097","144.0986","20.0","NARACOOPA, AS","9",",a","2",",a","0",",a","5.0",",,a,25,","15.8",",,,a"
"ASN00098004","2017-12","-39.9097","144.0986","20.0","NARACOOPA, AS","12",",a","4",",a","0",",a","6.4",",,a,08,+","28.3",",,,a"
"ASN00098004","2018-01","-39.9097","144.0986","20.0","NARACOOPA, AS","10",",a","1",",a","0",",a","4.6",",,a,09,","11.8",",,,a"
"ASN00098004","2018-02","-39.9097","144.0986","20.0","NARACOOPA, AS","10",",a","6",",a","0",",a","14.2",",,a,24,","42.8",",,,a"
"ASN00098004","2018-03","-39.9097","144.0986","20.0","NARACOOPA, AS","15",",a","5",",a","0",",a","19.6",",,a,26,","63.6",",,,a"
"ASN00098004","2018-04","-39.9097","144.0986","20.0","NARACOOPA, AS","14",",a","3",",a","0",",a","24.2",",,a,15,","58.8",",,,a"
"ASN00098004","2018-05","-39.9097","144.0986","20.0","NARACOOPA, AS","24",",a","12",",a","0",",a","18.0",",,a,10,","110.5",",,,a"
"ASN00098004","2018-06","-39.9097","144.0986","20.0","NARACOOPA, AS","20",",a","10",",a","0",",a","23.5",",,a,15,","136.0",",,,a"
"ASN00098004","2018-07","-39.9097","144.0986","20.0","NARACOOPA, AS","27",",a","18",",a","0",",a","21.4",",,a,19,","188.4",",,,a"
"ASN00098004","2018-08","-39.9097","144.0986","20.0","NARACOOPA, AS","26",",a","17",",a","0",",a","22.4",",,a,11,","174.8",",,,a"
"ASN00098004","2018-09","-39.9097","144.0986","20.0","NARACOOPA, AS","25",",a","10",",a","0",",a","7.0",",,a,29,+","66.0",",,,a"
"ASN00098004","2018-10","-39.9097","144.0986","20.0","NARACOOPA, AS","13","2,a","3","2,a","0","2,a","8.0","2,,a,17,","28.2",",a,,a"
"ASN00098004","2018-11","-39.9097","144.0986","20.0","NARACOOPA, AS","14",",a","9",",a","0",",a","15.6",",,a,23,","67.2",",,,a"
"ASN00098004","2018-12","-39.9097","144.0986","20.0","NARACOOPA, AS","12",",a","8",",a","0",",a","22.0",",,a,14,","68.2",",,,a"
"ASN00098004","2019-01","-39.9097","144.0986","20.0","NARACOOPA, AS","3",",a","0",",a","0",",a","0.8",",,a,18,+","2.4",",,,a"
"ASN00098004","2019-02","-39.9097","144.0986","20.0","NARACOOPA, AS","11",",a","4",",a","0",",a","16.6",",,a,09,","57.0",",,,a"
"ASN00098004","2019-03","-39.9097","144.0986","20.0","NARACOOPA, AS","17",",a","10",",a","0",",a","6.4",",,a,25,","60.7",",,,a"
"ASN00098004","2019-04","-39.9097","144.0986","20.0","NARACOOPA, AS","17",",a","7",",a","0",",a","13.6",",,a,18,","50.2",",,,a"
"ASN00098004","2019-05","-39.9097","144.0986","20.0","NARACOOPA, AS","26","2,a","16","2,a","1","2,a","26.2","2,,a,02,","172.3",",a,,a"
"ASN00098004","2019-06","-39.9097","144.0986","20.0","NARACOOPA, AS","24",",a","12",",a","1",",a","28.0",",,a,30,","142.4",",,,a"
"ASN00098004","2019-07","-39.9097","144.0986","20.0","NARACOOPA, AS","27","2,a","17","2,a","1","2,a","30.2","2,,a,11,","186.1",",a,,a"
"ASN00098004","2019-08","-39.9097","144.0986","20.0","NARACOOPA, AS","25","2,a","16","2,a","0","2,a","19.2","2,,a,10,","136.0",",a,,a"
"ASN00098004","2019-09","-39.9097","144.0986","20.0","NARACOOPA, AS","21","2,a","9","2,a","0","2,a","10.0","2,,a,06,","79.4",",a,,a"
"ASN00098004","2019-10","-39.9097","144.0986","20.0","NARACOOPA, AS","13","4,a","5","4,a","0","4,a","12.0","4,,a,17,","57.4",",a,,a"
"ASN00098004","2019-11","-39.9097","144.0986","20.0","NARACOOPA, AS","19",",a","9",",a","0",",a","21.5",",,a,08,","81.0",",,,a"
"ASN00098004","2019-12","-39.9097","144.0986","20.0","NARACOOPA, AS","12",",a","6",",a","0",",a","13.8",",,a,02,","38.8",",,,a"
"ASN00098004","2020-01","-39.9097","144.0986","20.0","NARACOOPA, AS","12",",a","4",",a","0",",a","25.2",",,a,23,","56.8",",,,a"
"ASN00098004","2020-02","-39.9097","144.0986","20.0","NARACOOPA, AS","15","2,a","7","2,a","1","2,a","48.2","2,,a,19,","88.3",",a,,a"
"ASN00098004","2020-03","-39.9097","144.0986","20.0","NARACOOPA, AS","18",",a","8",",a","0",",a","10.2",",,a,30,","59.8",",,,a"
"ASN00098004","2020-04","-39.9097","144.0986","20.0","NARACOOPA, AS","22",",a","12",",a","1",",a","30.6",",,a,05,","118.6",",,,a"
"ASN00098004","2020-05","-39.9097","144.0986","20.0","NARACOOPA, AS","23",",a","11",",a","0",",a","14.4",",,a,01,","120.6",",,,a"
"ASN00098004","2020-06","-39.9097","144.0986","20.0","NARACOOPA, AS","21",",a","6",",a","1",",a","25.6",",,a,15,","83.8",",,,a"
"ASN00098004","2020-07","-39.9097","144.0986","20.0","NARACOOPA, AS","16",",a","4",",a","0",",a","20.0",",,a,20,","57.0",",,,a"
"ASN00098004","2020-08","-39.9097","144.0986","20.0","NARACOOPA, AS","21",",a","14",",a","0",",a","13.6",",,a,19,","109.2",",,,a"
"ASN00098004","2020-09","-39.9097","144.0986","20.0","NARACOOPA, AS","16",",a","11",",a","0",",a","18.6",",,a,05,","110.4",",,,a"
"ASN00098004","2020-10","-39.9097","144.0986","20.0","NARACOOPA, AS","18",",a","11",",a","0",",a","24.0",",,a,08,","124.8",",,,a"
"ASN00098004","2020-11","-39.9097","144.0986","20.0","NARACOOPA, AS","14","2,a","3","2,a","1","2,a","40.0","2,,a,29,","71.0",",a,,a"
"ASN00098004","2020-12","-39.9097","144.0986","20.0","NARACOOPA, AS","16",",a","8",",a","0",",a","21.2",",,a,17,","79.2",",,,a"
"ASN00098004","2021-01","-39.9097","144.0986","20.0","NARACOOPA, AS","11",",a","7",",a","1",",a","26.0",",,a,04,","92.4",",,,a"
"ASN00098004","2021-02","-39.9097","144.0986","20.0","NARACOOPA, AS","8",",a","3",",a","0",",a","22.2",",,a,06,","37.6",",,,a"
"ASN00098004","2021-03","-39.9097","144.0986","20.0","NARACOOPA, AS","15",",a","6",",a","1",",a","43.2",",,a,24,","79.8",",,,a"
"ASN00098004","2021-04","-39.9097","144.0986","20.0","NARACOOPA, AS","19",",a","12",",a","0",",a","14.2",",,a,20,","80.8",",,,a"
"ASN00098004","2021-05","-39.9097","144.0986","20.0","NARACOOPA, AS","17","2,a","11","2,a","0","2,a","23.0","2,,a,26,","103.2",",a,,a"
"ASN00098004","2021-06","-39.9097","144.0986","20.0","NARACOOPA, AS","19",",a","6",",a","1",",a","27.4",",,a,08,","76.2",",,,a"
"ASN00098004","2021-07","-39.9097","144.0986","20.0","NARACOOPA, AS","23",",a","17",",a","1",",a","33.6",",,a,04,","214.6",",,,a"
"ASN00098004","2021-08","-39.9097","144.0986","20.0","NARACOOPA, AS","29",",a","15",",a","0",",a","17.2",",,a,04,","123.8",",,,a"
"ASN00098004","2021-09","-39.9097","144.0986","20.0","NARACOOPA, AS","20",",a","12",",a","0",",a","13.6",",,a,20,","98.8",",,,a"
"ASN00098004","2021-10","-39.9097","144.0986","20.0","NARACOOPA, AS","20","2,a","11","2,a","1","2,a","37.6","2,,a,16,","178.8",",a,,a"
"ASN00098004","2021-11","-39.9097","144.0986","20.0","NARACOOPA, AS","9","2,a","4","2,a","0","2,a","17.0","2,,a,04,","64.0",",a,,a"
