"STATION","DATE","LATITUDE","LONGITUDE","ELEVATION","NAME","DP01","DP01_ATTRIBUTES","DP10","DP10_ATTRIBUTES","DP1X","DP1X_ATTRIBUTES","EMXP","EMXP_ATTRIBUTES","PRCP","PRCP_ATTRIBUTES"
"BR000245007","1981-10","-2.5","-45.78","0.0","BR 316 RIO PARUA, BR","4",",I","3",",I","0",",I","6.0",",,I,13,","15.3",",,,I"
"BR000245007","1981-11","-2.5","-45.78","0.0","BR 316 RIO PARUA, BR","1",",I","0",",I","0",",I","1.4",",,I,23,","1.4",",,,I"
"BR000245007","1982-10","-2.5","-45.78","0.0","BR 316 RIO PARUA, BR","4",",I","2",",I","0",",I","3.2",",,I,18,","10.0",",,,I"
"BR000245007","1982-11","-2.5","-45.78","0.0","BR 316 RIO PARUA, BR","3",",I","1",",I","0",",I","15.2",",,I,27,","16.6",",,,I"
"BR000245007","1982-12","-2.5","-45.78","0.0","BR 316 RIO PARUA, BR","1",",I","0",",I","0",",I","0.4",",,I,31,","0.4",",,,I"
"BR000245007","1983-01","-2.5","-45.78","0.0","BR 316 RIO PARUA, BR","5",",I","3",",I","0",",I","14.2",",,I,30,","25.5",",,,I"
"BR000245007","1983-02","-2.5","-45.78","0.0","BR 316 RIO PARUA, BR","16",",I","14",",I","3",",I","80.9",",,I,14,","306.1",",,,I"
"BR000245007","1983-03","-2.5","-45.78","0.0","BR 316 RIO PARUA, BR","17",",I","11",",I","1",",I","27.8",",,I,16,","115.9",",,,I"
"BR000245007","1983-04","-2.5","-45.78","0.0","BR 316 RIO PARUA, BR","15",",I","15",",I","2",",I","35.6",",,I,09,","189.5",",,,I"
"BR000245007","1983-05","-2.5","-45.78","0.0","BR 316 RIO PARUA, BR","15",",I","12",",I","1",",I","69.6",",,I,07,","198.2",",,,I"
"BR000245007","1983-06","-2.5","-45.78","0.0","BR 316 RIO PARUA, BR","14",",I","10",",I","0",",I","21.4",",,I,18,","109.1",",,,I"
"BR000245007","1983-07","-2.5","-45.78","0.0","BR 316 RIO PARUA, BR","4",",I","2",",I","0",",I","21.6",",,I,15,","28.5",",,,I"
"BR000245007","1983-08","-2.5","-45.78","0.0","BR 316 RIO PARUA, BR","8",",I","5",",I","0",",I","6.6",",,I,12,","28.3",",,,I"
"BR000245007","1983-09","-2.5","-45.78","0.0","BR 316 RIO PARUA, BR","3",",I","2",",I","0",",I","8.2",",,I,13,","12.0",",,,I"
"BR000245007","1983-10","-2.5","-45.78","0.0","BR 316 RIO PARUA, BR","5",",I","3",",I","0",",I","10.2",",,I,27,","21.5",",,,I"
"BR000245007","1983-11","-2.5","-45.78","0.0","BR 316 RIO PARUA, BR","0",",I","0",",I","0",",I","0.0",",,I,30,+","0.0",",,,I"
"BR000245007","1983-12","-2.5","-45.78","0.0","BR 316 RIO PARUA, BR","10",",I","8",",I","1",",I","42.0",",,I,23,","89.8",",,,I"
"BR000245007","1984-01","-2.5","-45.78","0.0","BR 316 RIO PARUA, BR","16",",I","16",",I","2",",I","42.6",",,I,04,","269.9",",,,I"
"BR000245007","1984-02","-2.5","-45.78","0.0","BR 316 RIO PARUA, BR","21",",I","15",",I","3",",I","66.6",",,I,25,","260.6",",,,I"
"BR000245007","1984-03","-2.5","-45.78","0.0","BR 316 RIO PARUA, BR","20",",I","17",",I","6",",I","90.0",",,I,30,","441.2",",,,I"
"BR000245007","1984-04","-2.5","-45.78","0.0","BR 316 RIO PARUA, BR","18",",I","16",",I","6",",I","85.4",",,I,07,","414.8",",,,I"
"BR000245007","1984-05","-2.5","-45.78","0.0","BR 316 RIO PARUA, BR","13",",I","13",",I","7",",I","64.4",",,I,13,","393.6",",,,I"
"BR000245007","1984-06","-2.5","-45.78","0.0","BR 316 RIO PARUA, BR","9",",I","9",",I","0",",I","18.0",",,I,06,","72.8",",,,I"
"BR000245007","1984-07","-2.5","-45.78","0.0","BR 316 RIO PARUA, BR","12",",I","9",",I","0",",I","21.8",",,I,24,","78.6",",,,I"
"BR000245007","1984-08","-2.5","-45.78","0.0","BR 316 RIO PARUA, BR","11",",I","10",",I","0",",I","18.0",",,I,28,","87.7",",,,I"
"BR000245007","1984-09","-2.5","-45.78","0.0","BR 316 RIO PARUA, BR","2",",I","2",",I","0",",I","13.4",",,I,26,","23.0",",,,I"
"BR000245007","1984-10","-2.5","-45.78","0.0","BR 316 RIO PARUA, BR","7",",I","5",",I","0",",I","15.4",",,I,15,","43.7",",,,I"
"BR000245007","1984-11","-2.5","-45.78","0.0","BR 316 RIO PARUA, BR","3",",I","2",",I","0",",I","11.6",",,I,15,","16.6",",,,I"
"BR000245007","1984-12","-2.5","-45.78","0.0","BR 316 RIO PARUA, BR","6",",I","5",",I","1",",I","72.0",",,I,06,","124.8",",,,I"
"BR000245007","1985-01","-2.5","-45.78","0.0","BR 316 RIO PARUA, BR","19",",I","18",",I","6",",I","53.0",",,I,25,","370.8",",,,I"
"BR000245007","1985-02","-2.5","-45.78","0.0","BR 316 RIO PARUA, BR","13",",I","13",",I","3",",I","61.0",",,I,21,","280.8",",,,I"
"BR000245007","1985-03","-2.5","-45.78","0.0","BR 316 RIO PARUA, BR","21",",I","20",",I","2",",I","50.0",",,I,23,+","320.4",",,,I"
"BR000245007","1985-04","-2.5","-45.78","0.0","BR 316 RIO PARUA, BR","22",",I","22",",I","2",",I","45.0",",,I,28,","329.8",",,,I"
"BR000245007","1985-05","-2.5","-45.78","0.0","BR 316 RIO PARUA, BR","24",",I","21",",I","5",",I","88.8",",,I,18,","413.6",",,,I"
"BR000245007","1985-06","-2.5","-45.78","0.0","BR 316 RIO PARUA, BR","11",",I","9",",I","0",",I","17.2",",,I,06,","66.7",",,,I"
"BR000245007","1985-07","-2.5","-45.78","0.0","BR 316 RIO PARUA, BR","12",",I","10",",I","1",",I","33.0",",,I,06,","126.5",",,,I"
"BR000245007","1985-08","-2.5","-45.78","0.0","BR 316 RIO PARUA, BR","10",",I","10",",I","0",",I","15.6",",,I,11,","87.2",",,,I"
"BR000245007","1985-09","-2.5","-45.78","0.0","BR 316 RIO PARUA, BR","6",",I","5",",I","1",",I","28.0",",,I,01,","61.8",",,,I"
"BR000245007","1985-10","-2.5","-45.78","0.0","BR 316 RIO PARUA, BR","1",",I","1",",I","0",",I","5.2",",,I,02,","5.2",",,,I"
"BR000245007","1985-11","-2.5","-45.78","0.0","BR 316 RIO PARUA, BR","3",",I","3",",I","1",",I","31.0",",,I,22,","42.6",",,,I"
"BR000245007","1985-12","-2.5","-45.78","0.0","BR 316 RIO PARUA, BR","20",",I","15",",I","3",",I","47.4",",,I,27,","235.1",",,,I"
"BR000245007","1986-01","-2.5","-45.78","0.0","BR 316 RIO PARUA, BR","16",",I","13",",I","2",",I","56.0",",,I,01,","191.8",",,,I"
"BR000245007","1986-02","-2.5","-45.78","0.0","BR 316 RIO PARUA, BR","18",",I","16",",I","4",",I","71.6",",,I,05,","340.0",",,,I"
"BR000245007","1986-03","-2.5","-45.78","0.0","BR 316 RIO PARUA, BR","18",",I","17",",I","5",",I","84.6",",,I,12,","345.5",",,,I"
"BR000245007","1986-04","-2.5","-45.78","0.0","BR 316 RIO PARUA, BR","24",",I","23",",I","2",",I","45.6",",,I,08,","353.5",",,,I"
"BR000245007","1986-05","-2.5","-45.78","0.0","BR 316 RIO PARUA, BR","20",",I","16",",I","3",",I","34.4",",,I,24,","223.6",",,,I"
"BR000245007","1986-06","-2.5","-45.78","0.0","BR 316 RIO PARUA, BR","15",",I","15",",I","1",",I","36.0",",,I,14,","224.2",",,,I"
"BR000245007","1986-07","-2.5","-45.78","0.0","BR 316 RIO PARUA, BR","8",",I","8",",I","2",",I","50.0",",,I,09,","126.0",",,,I"
"BR000245007","1986-08","-2.5","-45.78","0.0","BR 316 RIO PARUA, BR","3",",I","2",",I","1",",I","30.0",",,I,29,","35.6",",,,I"
"BR000245007","1986-09","-2.5","-45.78","0.0","BR 316 RIO PARUA, BR","4",",I","3",",I","0",",I","21.0",",,I,03,","45.2",",,,I"
"BR000245007","1986-10","-2.5","-45.78","0.0","BR 316 RIO PARUA, BR","5",",I","5",",I","1",",I","37.4",",,I,22,","98.2",",,,I"
"BR000245007","1986-11","-2.5","-45.78","0.0","BR 316 RIO PARUA, BR","5",",I","3",",I","0",",I","15.4",",,I,26,","35.0",",,,I"
"BR000245007","1986-12","-2.5","-45.78","0.0","BR 316 RIO PARUA, BR","7",",I","7",",I","0",",I","21.0",",,I,14,","75.1",",,,I"
"BR000245007","1987-01","-2.5","-45.78","0.0","BR 316 RIO PARUA, BR","12",",I","8",",I","1",",I","38.4",",,I,23,","105.4",",,,I"
"BR000245007","1987-02","-2.5","-45.78","0.0","BR 316 RIO PARUA, BR","10",",I","9",",I","3",",I","76.8",",,I,11,","268.2",",,,I"
"BR000245007","1987-03","-2.5","-45.78","0.0","BR 316 RIO PARUA, BR","20",",I","18",",I","4",",I","84.0",",,I,08,","379.8",",,,I"
"BR000245007","1987-04","-2.5","-45.78","0.0","BR 316 RIO PARUA, BR","22",",I","20",",I","2",",I","39.5",",,I,30,","251.6",",,,I"
"BR000245007","1987-05","-2.5","-45.78","0.0","BR 316 RIO PARUA, BR","10",",I","10",",I","3",",I","78.2",",,I,04,","227.1",",,,I"
"BR000245007","1987-06","-2.5","-45.78","0.0","BR 316 RIO PARUA, BR","14",",I","12",",I","0",",I","17.7",",,I,10,","123.7",",,,I"
"BR000245007","1987-07","-2.5","-45.78","0.0","BR 316 RIO PARUA, BR","9",",I","8",",I","1",",I","32.2",",,I,09,","116.4",",,,I"
"BR000245007","1987-08","-2.5","-45.78","0.0","BR 316 RIO PARUA, BR","6",",I","5",",I","0",",I","13.8",",,I,05,","38.6",",,,I"
"BR000245007","1987-09","-2.5","-45.78","0.0","BR 316 RIO PARUA, BR","2",",I","2",",I","0",",I","4.3",",,I,20,","7.4",",,,I"
"BR000245007","1987-10","-2.5","-45.78","0.0","BR 316 RIO PARUA, BR","4",",I","3",",I","1",",I","51.4",",,I,13,","91.4",",,,I"
"BR000245007","1987-11","-2.5","-45.78","0.0","BR 316 RIO PARUA, BR","0",",I","0",",I","0",",I","0.0",",,I,30,+","0.0",",,,I"
"BR000245007","1987-12","-2.5","-45.78","0.0","BR 316 RIO PARUA, BR","2",",I","2",",I","0",",I","14.0",",,I,27,","16.8",",,,I"
"BR000245007","1988-01","-2.5","-45.78","0.0","BR 316 RIO PARUA, BR","17",",I","15",",I","3",",I","37.2",",,I,03,","234.0",",,,I"
"BR000245007","1988-02","-2.5","-45.78","0.0","BR 316 RIO PARUA, BR","21",",I","20",",I","6",",I","54.0",",,I,26,","367.3",",,,I"
"BR000245007","1988-03","-2.5","-45.78","0.0","BR 316 RIO PARUA, BR","20",",I","17",",I","3",",I","65.0",",,I,13,","293.5",",,,I"
"BR000245007","1988-04","-2.5","-45.78","0.0","BR 316 RIO PARUA, BR","22",",I","21",",I","2",",I","44.2",",,I,28,","380.0",",,,I"
"BR000245007","1988-05","-2.5","-45.78","0.0","BR 316 RIO PARUA, BR","14",",I","13",",I","0",",I","24.8",",,I,22,","137.2",",,,I"
"BR000245007","1988-06","-2.5","-45.78","0.0","BR 316 RIO PARUA, BR","11",",I","11",",I","1",",I","56.2",",,I,05,","185.1",",,,I"
"BR000245007","1988-07","-2.5","-45.78","0.0","BR 316 RIO PARUA, BR","8",",I","7",",I","0",",I","21.4",",,I,12,","84.5",",,,I"
"BR000245007","1988-08","-2.5","-45.78","0.0","BR 316 RIO PARUA, BR","3",",I","2",",I","0",",I","10.5",",,I,13,","16.9",",,,I"
"BR000245007","1988-09","-2.5","-45.78","0.0","BR 316 RIO PARUA, BR","1",",I","1",",I","0",",I","3.0",",,I,11,","3.0",",,,I"
"BR000245007","1988-10","-2.5","-45.78","0.0","BR 316 RIO PARUA, BR","0",",I","0",",I","0",",I","0.0",",,I,31,+","0.0",",,,I"
"BR000245007","1988-11","-2.5","-45.78","0.0","BR 316 RIO PARUA, BR","1",",I","1",",I","0",",I","4.8",",,I,08,","4.8",",,,I"
"BR000245007","1988-12","-2.5","-45.78","0.0","BR 316 RIO PARUA, BR","17",",I","15",",I","1",",I","37.7",",,I,24,","201.3",",,,I"
"BR000245007","1989-01","-2.5","-45.78","0.0","BR 316 RIO PARUA, BR","18",",I","14",",I","0",",I","24.8",",,I,31,","176.7",",,,I"
"BR000245007","1989-02","-2.5","-45.78","0.0","BR 316 RIO PARUA, BR","17",",I","15",",I","1",",I","45.2",",,I,09,","172.1",",,,I"
"BR000245007","1989-03","-2.5","-45.78","0.0","BR 316 RIO PARUA, BR","23",",I","21",",I","4",",I","95.8",",,I,24,","411.5",",,,I"
"BR000245007","1989-04","-2.5","-45.78","0.0","BR 316 RIO PARUA, BR","21",",I","18",",I","2",",I","98.4",",,I,11,","294.9",",,,I"
"BR000245007","1989-05","-2.5","-45.78","0.0","BR 316 RIO PARUA, BR","21",",I","16",",I","3",",I","47.7",",,I,14,","236.2",",,,I"
"BR000245007","1989-06","-2.5","-45.78","0.0","BR 316 RIO PARUA, BR","16",",I","11",",I","0",",I","16.5",",,I,03,","106.2",",,,I"
"BR000245007","1989-07","-2.5","-45.78","0.0","BR 316 RIO PARUA, BR","13",",I","9",",I","0",",I","18.5",",,I,28,","81.8",",,,I"
"BR000245007","1989-08","-2.5","-45.78","0.0","BR 316 RIO PARUA, BR","14",",I","12",",I","0",",I","20.7",",,I,06,","96.8",",,,I"
"BR000245007","1989-09","-2.5","-45.78","0.0","BR 316 RIO PARUA, BR","5",",I","4",",I","1",",I","39.2",",,I,23,","71.7",",,,I"
"BR000245007","1989-10","-2.5","-45.78","0.0","BR 316 RIO PARUA, BR","4",",I","4",",I","1",",I","77.0",",,I,31,","110.7",",,,I"
"BR000245007","1989-11","-2.5","-45.78","0.0","BR 316 RIO PARUA, BR","6",",I","6",",I","2",",I","40.2",",,I,08,","90.6",",,,I"
"BR000245007","1989-12","-2.5","-45.78","0.0","BR 316 RIO PARUA, BR","12",",I","10",",I","2",",I","39.4",",,I,26,","157.6",",,,I"
"BR000245007","1990-01","-2.5","-45.78","0.0","BR 316 RIO PARUA, BR","17",",I","13",",I","2",",I","38.8",",,I,10,","177.7",",,,I"
"BR000245007","1990-02","-2.5","-45.78","0.0","BR 316 RIO PARUA, BR","17",",I","13",",I","3",",I","38.7",",,I,26,","238.1",",,,I"
"BR000245007","1990-03","-2.5","-45.78","0.0","BR 316 RIO PARUA, BR","17",",I","14",",I","1",",I","35.5",",,I,26,","161.5",",,,I"
"BR000245007","1990-04","-2.5","-45.78","0.0","BR 316 RIO PARUA, BR","21",",I","21",",I","1",",I","141.7",",,I,28,","391.0",",,,I"
"BR000245007","1990-05","-2.5","-45.78","0.0","BR 316 RIO PARUA, BR","14",",I","11",",I","0",",I","22.0",",,I,26,","102.6",",,,I"
"BR000245007","1990-06","-2.5","-45.78","0.0","BR 316 RIO PARUA, BR","12",",I","10",",I","1",",I","49.6",",,I,04,","147.7",",,,I"
"BR000245007","1990-07","-2.5","-45.78","0.0","BR 316 RIO PARUA, BR","18",",I","14",",I","3",",I","35.4",",,I,01,","181.6",",,,I"
"BR000245007","1990-08","-2.5","-45.78","0.0","BR 316 RIO PARUA, BR","9",",I","4",",I","1",",I","31.3",",,I,01,","59.8",",,,I"
"BR000245007","1990-09","-2.5","-45.78","0.0","BR 316 RIO PARUA, BR","2",",I","0",",I","0",",I","2.2",",,I,01,","3.1",",,,I"
"BR000245007","1990-10","-2.5","-45.78","0.0","BR 316 RIO PARUA, BR","2",",I","2",",I","0",",I","11.0",",,I,19,","14.1",",,,I"
"BR000245007","1990-11","-2.5","-45.78","0.0","BR 316 RIO PARUA, BR","6",",I","6",",I","2",",I","30.2",",,I,23,","88.7",",,,I"
"BR000245007","1990-12","-2.5","-45.78","0.0","BR 316 RIO PARUA, BR","7",",I","5",",I","1",",I","42.4",",,I,07,","74.8",",,,I"
"BR000245007","1991-01","-2.5","-45.78","0.0","BR 316 RIO PARUA, BR","20",",I","16",",I","3",",I","88.4",",,I,18,","317.4",",,,I"
"BR000245007","1991-02","-2.5","-45.78","0.0","BR 316 RIO PARUA, BR","13",",I","12",",I","2",",I","72.0",",,I,05,","210.2",",,,I"
"BR000245007","1991-03","-2.5","-45.78","0.0","BR 316 RIO PARUA, BR","23",",I","18",",I","5",",I","128.7",",,I,18,","469.1",",,,I"
"BR000245007","1991-04","-2.5","-45.78","0.0","BR 316 RIO PARUA, BR","22",",I","19",",I","5",",I","39.4",",,I,09,","317.3",",,,I"
"BR000245007","1993-01","-2.5","-45.78","0.0","BR 316 RIO PARUA, BR","12",",I","11",",I","5",",I","50.7",",,I,29,","257.4",",,,I"
"BR000245007","1993-02","-2.5","-45.78","0.0","BR 316 RIO PARUA, BR","11",",I","10",",I","3",",I","71.1",",,I,26,","230.5",",,,I"
"BR000245007","1993-03","-2.5","-45.78","0.0","BR 316 RIO PARUA, BR","9",",I","9",",I","3",",I","40.7",",,I,26,","200.1",",,,I"
"BR000245007","1993-05","-2.5","-45.78","0.0","BR 316 RIO PARUA, BR","16",",I","13",",I","1",",I","30.2",",,I,20,","178.6",",,,I"
"BR000245007","1993-06","-2.5","-45.78","0.0","BR 316 RIO PARUA, BR","11",",I","9",",I","1",",I","32.5",",,I,11,","96.0",",,,I"
"BR000245007","1993-07","-2.5","-45.78","0.0","BR 316 RIO PARUA, BR","16",",I","16",",I","0",",I","20.1",",,I,26,","136.7",",,,I"
"BR000245007","1993-08","-2.5","-45.78","0.0","BR 316 RIO PARUA, BR","9",",I","9",",I","1",",I","30.4",",,I,13,","108.1",",,,I"
"BR000245007","1993-09","-2.5","-45.78","0.0","BR 316 RIO PARUA, BR","4",",I","4",",I","0",",I","21.0",",,I,23,","46.0",",,,I"
"BR000245007","1993-10","-2.5","-45.78","0.0","BR 316 RIO PARUA, BR","5",",I","4",",I","0",",I","18.3",",,I,18,","39.9",",,,I"
"BR000245007","1993-11","-2.5","-45.78","0.0","BR 316 RIO PARUA, BR","9",",I","9",",I","0",",I","19.4",",,I,26,","78.4",",,,I"
"BR000245007","1993-12","-2.5","-45.78","0.0","BR 316 RIO PARUA, BR","11",",I","11",",I","1",",I","26.4",",,I,26,","146.8",",,,I"
"BR000245007","1994-01","-2.5","-45.78","0.0","BR 316 RIO PARUA, BR","16",",I","16",",I","1",",I","29.6",",,I,01,","186.5",",,,I"
"BR000245007","1994-02","-2.5","-45.78","0.0","BR 316 RIO PARUA, BR","20",",I","20",",I","1",",I","29.1",",,I,12,","280.2",",,,I"
"BR000245007","1994-03","-2.5","-45.78","0.0","BR 316 RIO PARUA, BR","25",",I","25",",I","0",",I","20.0",",,I,07,","232.2",",,,I"
"BR000245007","1994-04","-2.5","-45.78","0.0","BR 316 RIO PARUA, BR","23",",I","22",",I","1",",I","29.9",",,I,17,","203.8",",,,I"
"BR000245007","1994-05","-2.5","-45.78","0.0","BR 316 RIO PARUA, BR","18",",I","17",",I","0",",I","9.9",",,I,03,","119.8",",,,I"
"BR000245007","1994-06","-2.5","-45.78","0.0","BR 316 RIO PARUA, BR","20",",I","20",",I","0",",I","14.6",",,I,29,","162.7",",,,I"
"BR000245007","1994-07","-2.5","-45.78","0.0","BR 316 RIO PARUA, BR","26",",I","26",",I","0",",I","21.3",",,I,06,","241.8",",,,I"
"BR000245007","1994-08","-2.5","-45.78","0.0","BR 316 RIO PARUA, BR","29",",I","29",",I","0",",I","19.4",",,I,10,","255.8",",,,I"
"BR000245007","1994-09","-2.5","-45.78","0.0","BR 316 RIO PARUA, BR","11",",I","11",",I","0",",I","10.5",",,I,21,+","84.4",",,,I"
"BR000245007","1994-10","-2.5","-45.78","0.0","BR 316 RIO PARUA, BR","6",",I","6",",I","0",",I","10.0",",,I,26,+","44.3",",,,I"
"BR000245007","1994-11","-2.5","-45.78","0.0","BR 316 RIO PARUA, BR","3",",I","3",",I","0",",I","7.8",",,I,14,","18.6",",,,I"
"BR000245007","1994-12","-2.5","-45.78","0.0","BR 316 RIO PARUA, BR","8",",I","8",",I","0",",I","17.2",",,I,28,","68.9",",,,I"
"BR000245007","1995-01","-2.5","-45.78","0.0","BR 316 RIO PARUA, BR","20",",I","15",",I","0",",I","21.2",",,I,02,","180.3",",,,I"
"BR000245007","1995-02","-2.5","-45.78","0.0","BR 316 RIO PARUA, BR","22","1,I","22","1,I","0","1,I","21.9","1,,I,01,","253.5","1,,,I"
"BR000245007","1995-03","-2.5","-45.78","0.0","BR 316 RIO PARUA, BR","27",",I","26",",I","0",",I","14.8",",,I,17,","209.1",",,,I"
"BR000245007","1995-05","-2.5","-45.78","0.0","BR 316 RIO PARUA, BR","26",",I","24",",I","5",",I","40.6",",,I,15,","347.2",",,,I"
"BR000245007","1995-06","-2.5","-45.78","0.0","BR 316 RIO PARUA, BR","22",",I","19",",I","0",",I","14.5",",,I,04,","128.4",",,,I"
"BR000245007","1995-07","-2.5","-45.78","0.0","BR 316 RIO PARUA, BR","13",",I","12",",I","1",",I","35.0",",,I,04,","94.1",",,,I"
"BR000245007","1995-08","-2.5","-45.78","0.0","BR 316 RIO PARUA, BR","0",",I","0",",I","0",",I","0.0",",,I,31,+","0.0",",,,I"
"BR000245007","1995-09","-2.5","-45.78","0.0","BR 316 RIO PARUA, BR","0",",I","0",",I","0",",I","0.0",",,I,30,+","0.0",",,,I"
"BR000245007","1995-10","-2.5","-45.78","0.0","BR 316 RIO PARUA, BR","2",",I","2",",I","0",",I","13.2",",,I,12,","21.1",",,,I"
"BR000245007","1995-11","-2.5","-45.78","0.0","BR 316 RIO PARUA, BR","10",",I","10",",I","2",",I","35.0",",,I,05,","154.0",",,,I"
"BR000245007","1995-12","-2.5","-45.78","0.0","BR 316 RIO PARUA, BR","8",",I","6",",I","1",",I","40.2",",,I,01,","65.5",",,,I"
"BR000245007","1996-01","-2.5","-45.78","0.0","BR 316 RIO PARUA, BR","12",",I","10",",I","1",",I","51.9",",,I,16,","112.9",",,,I"
"BR000245007","1996-02","-2.5","-45.78","0.0","BR 316 RIO PARUA, BR","16",",I","13",",I","2",",I","50.3",",,I,16,","212.4",",,,I"
"BR000245007","1996-03","-2.5","-45.78","0.0","BR 316 RIO PARUA, BR","18",",I","18",",I","3",",I","51.4",",,I,16,","311.8",",,,I"
"BR000245007","1996-04","-2.5","-45.78","0.0","BR 316 RIO PARUA, BR","11",",I","11",",I","4",",I","60.2",",,I,21,","296.0",",,,I"
"BR000245007","1996-05","-2.5","-45.78","0.0","BR 316 RIO PARUA, BR","10",",I","10",",I","4",",I","51.5",",,I,26,","244.5",",,,I"
"BR000245007","1996-06","-2.5","-45.78","0.0","BR 316 RIO PARUA, BR","2",",I","2",",I","0",",I","20.0",",,I,11,","30.3",",,,I"
"BR000245007","1996-07","-2.5","-45.78","0.0","BR 316 RIO PARUA, BR","2",",I","2",",I","0",",I","20.2",",,I,10,","30.2",",,,I"
"BR000245007","1996-08","-2.5","-45.78","0.0","BR 316 RIO PARUA, BR","5",",I","5",",I","1",",I","30.2",",,I,19,","91.3",",,,I"
"BR000245007","1996-09","-2.5","-45.78","0.0","BR 316 RIO PARUA, BR","3",",I","3",",I","1",",I","30.2",",,I,18,","61.0",",,,I"
"BR000245007","1996-10","-2.5","-45.78","0.0","BR 316 RIO PARUA, BR","0",",I","0",",I","0",",I","0.0",",,I,31,+","0.0",",,,I"
"BR000245007","1996-11","-2.5","-45.78","0.0","BR 316 RIO PARUA, BR","0",",I","0",",I","0",",I","0.2",",,I,13,","0.2",",,,I"
"BR000245007","1996-12","-2.5","-45.78","0.0","BR 316 RIO PARUA, BR","4",",I","4",",I","0",",I","20.2",",,I,08,","70.8",",,,I"
"BR000245007","1997-01","-2.5","-45.78","0.0","BR 316 RIO PARUA, BR","13",",I","13",",I","6",",I","60.2",",,I,20,","353.5",",,,I"
"BR000245007","1997-02","-2.5","-45.78","0.0","BR 316 RIO PARUA, BR","13",",I","13",",I","7",",I","50.5",",,I,21,","394.3",",,,I"
"BR000245007","1997-03","-2.5","-45.78","0.0","BR 316 RIO PARUA, BR","16",",I","16",",I","7",",I","50.5",",,I,28,","385.3",",,,I"
"BR000245007","1997-04","-2.5","-45.78","0.0","BR 316 RIO PARUA, BR","13",",I","13",",I","5",",I","50.2",",,I,23,","332.7",",,,I"
"BR000245007","1997-05","-2.5","-45.78","0.0","BR 316 RIO PARUA, BR","14",",I","14",",I","7",",I","40.5",",,I,18,+","364.6",",,,I"
"BR000245007","1997-06","-2.5","-45.78","0.0","BR 316 RIO PARUA, BR","8",",I","8",",I","3",",I","50.1",",,I,13,","202.2",",,,I"
"BR000245007","1997-07","-2.5","-45.78","0.0","BR 316 RIO PARUA, BR","5",",I","5",",I","0",",I","20.5",",,I,07,","71.8",",,,I"
"BR000245007","1997-08","-2.5","-45.78","0.0","BR 316 RIO PARUA, BR","3",",I","3",",I","1",",I","30.5",",,I,13,","61.0",",,,I"
"BR000245007","1997-09","-2.5","-45.78","0.0","BR 316 RIO PARUA, BR","3",",I","3",",I","0",",I","10.2",",,I,02,","18.2",",,,I"
"BR000245007","1997-10","-2.5","-45.78","0.0","BR 316 RIO PARUA, BR","1",",I","1",",I","0",",I","20.5",",,I,07,","20.5",",,,I"
"BR000245007","1997-11","-2.5","-45.78","0.0","BR 316 RIO PARUA, BR","3",",I","3",",I","0",",I","20.3",",,I,18,","41.2",",,,I"
"BR000245007","1997-12","-2.5","-45.78","0.0","BR 316 RIO PARUA, BR","2",",I","2",",I","0",",I","10.5",",,I,25,+","21.0",",,,I"
"BR000245007","1998-01","-2.5","-45.78","0.0","BR 316 RIO PARUA, BR","16",",I","16",",I","6",",I","70.2",",,I,10,","434.2",",,,I"
"BR000245007","1998-02","-2.5","-45.78","0.0","BR 316 RIO PARUA, BR","11",",I","11",",I","7",",I","60.3",",,I,27,","353.1",",,,I"
"BR000245007","1998-03","-2.5","-45.78","0.0","BR 316 RIO PARUA, BR","20",",I","20",",I","10",",I","50.3",",,I,19,","517.8",",,,I"
"BR000245007","1998-04","-2.5","-45.78","0.0","BR 316 RIO PARUA, BR","16",",I","16",",I","9",",I","60.0",",,I,12,","473.3",",,,I"
"BR000245007","1998-05","-2.5","-45.78","0.0","BR 316 RIO PARUA, BR","19",",I","19",",I","10",",I","50.0",",,I,23,+","514.7",",,,I"
"BR000245007","1998-06","-2.5","-45.78","0.0","BR 316 RIO PARUA, BR","16",",I","16",",I","5",",I","60.3",",,I,21,","376.8",",,,I"
"BR000245007","1998-07","-2.5","-45.78","0.0","BR 316 RIO PARUA, BR","15",",I","15",",I","3",",I","40.5",",,I,12,","274.5",",,,I"
"BR000245007","1998-08","-2.5","-45.78","0.0","BR 316 RIO PARUA, BR","4",",I","4",",I","1",",I","30.0",",,I,15,","80.8",",,,I"
"BR000245007","1998-09","-2.5","-45.78","0.0","BR 316 RIO PARUA, BR","3",",I","3",",I","0",",I","20.5",",,I,17,","50.8",",,,I"
"BR000245007","1998-10","-2.5","-45.78","0.0","BR 316 RIO PARUA, BR","1",",I","1",",I","0",",I","3.0",",,I,27,","3.0",",,,I"
"BR000245007","1998-11","-2.5","-45.78","0.0","BR 316 RIO PARUA, BR","5",",I","4",",I","1",",I","26.3",",,I,25,","63.4",",,,I"
"BR000245007","1998-12","-2.5","-45.78","0.0","BR 316 RIO PARUA, BR","6",",I","4",",I","0",",I","10.0",",,I,25,","26.0",",,,I"
"BR000245007","1999-01","-2.5","-45.78","0.0","BR 316 RIO PARUA, BR","16",",I","12",",I","2",",I","59.2",",,I,13,","155.4",",,,I"
"BR000245007","1999-02","-2.5","-45.78","0.0","BR 316 RIO PARUA, BR","23",",I","20",",I","5",",I","72.5",",,I,23,","402.8",",,,I"
"BR000245007","1999-03","-2.5","-45.78","0.0","BR 316 RIO PARUA, BR","23",",I","18",",I","2",",I","38.0",",,I,02,","291.3",",,,I"
"BR000245007","1999-04","-2.5","-45.78","0.0","BR 316 RIO PARUA, BR","26",",I","17",",I","2",",I","47.6",",,I,13,","271.5",",,,I"
"BR000245007","1999-05","-2.5","-45.78","0.0","BR 316 RIO PARUA, BR","22",",I","16",",I","7",",I","58.2",",,I,02,","367.8",",,,I"
"BR000245007","1999-06","-2.5","-45.78","0.0","BR 316 RIO PARUA, BR","15",",I","12",",I","2",",I","37.3",",,I,09,","199.5",",,,I"
"BR000245007","1999-07","-2.5","-45.78","0.0","BR 316 RIO PARUA, BR","13",",I","9",",I","0",",I","16.7",",,I,20,","72.2",",,,I"
"BR000245007","1999-08","-2.5","-45.78","0.0","BR 316 RIO PARUA, BR","8",",I","5",",I","0",",I","18.5",",,I,10,","51.7",",,,I"
"BR000245007","1999-09","-2.5","-45.78","0.0","BR 316 RIO PARUA, BR","4",",I","3",",I","1",",I","27.8",",,I,21,","43.8",",,,I"
"BR000245007","1999-10","-2.5","-45.78","0.0","BR 316 RIO PARUA, BR","3",",I","3",",I","0",",I","24.3",",,I,06,","34.2",",,,I"
"BR000245007","1999-11","-2.5","-45.78","0.0","BR 316 RIO PARUA, BR","5",",I","0",",I","0",",I","2.4",",,I,25,+","6.9",",,,I"
"BR000245007","1999-12","-2.5","-45.78","0.0","BR 316 RIO PARUA, BR","7",",I","7",",I","0",",I","18.0",",,I,27,","69.2",",,,I"
