"STATION","DATE","LATITUDE","LONGITUDE","ELEVATION","NAME","DP01","DP01_ATTRIBUTES","DP10","DP10_ATTRIBUTES","DP1X","DP1X_ATTRIBUTES","EMXP","EMXP_ATTRIBUTES","PRCP","PRCP_ATTRIBUTES"
"BR001842004","1941-01","-18.36","-42.6","498.0","SAO PEDRO DO SUACUI, BR","0",",I","0",",I","0",",I","0.0",",,I,31,+","0.0",",,,I"
"BR001842004","1941-02","-18.36","-42.6","498.0","SAO PEDRO DO SUACUI, BR","0",",I","0",",I","0",",I","0.0",",,I,28,+","0.0",",,,I"
"BR001842004","1941-03","-18.36","-42.6","498.0","SAO PEDRO DO SUACUI, BR","0",",I","0",",I","0",",I","0.0",",,I,31,+","0.0",",,,I"
"BR001842004","1941-04","-18.36","-42.6","498.0","SAO PEDRO DO SUACUI, BR","0",",I","0",",I","0",",I","0.0",",,I,30,+","0.0",",,,I"
"BR001842004","1941-05","-18.36","-42.6","498.0","SAO PEDRO DO SUACUI, BR","0",",I","0",",I","0",",I","0.0",",,I,31,+","0.0",",,,I"
"BR001842004","1941-06","-18.36","-42.6","498.0","SAO PEDRO DO SUACUI, BR","0",",I","0",",I","0",",I","0.0",",,I,30,+","0.0",",,,I"
"BR001842004","1941-07","-18.36","-42.6","498.0","SAO PEDRO DO SUACUI, BR","0",",I","0",",I","0",",I","0.0",",,I,31,+","0.0",",,,I"
"BR001842004","1941-08","-18.36","-42.6","498.0","SAO PEDRO DO SUACUI, BR","0",",I","0",",I","0",",I","0.0",",,I,31,+","0.0",",,,I"
"BR001842004","1941-09","-18.36","-42.6","498.0","SAO PEDRO DO SUACUI, BR","0",",I","0",",I","0",",I","0.0",",,I,30,+","0.0",",,,I"
"BR001842004","1941-10","-18.36","-42.6","498.0","SAO PEDRO DO SUACUI, BR","0",",I","0",",I","0",",I","0.0",",,I,31,+","0.0",",,,I"
"BR001842004","1941-11","-18.36","-42.6","498.0","SAO PEDRO DO SUACUI, BR","12",",I","7",",I","2",",I","41.2",",,I,08,","141.8",",,,I"
"BR001842004","1941-12","-18.36","-42.6","498.0","SAO PEDRO DO SUACUI, BR","19",",I","15",",I","2",",I","33.6",",,I,16,","210.6",",,,I"
"BR001842004","1942-01","-18.36","-42.6","498.0","SAO PEDRO DO SUACUI, BR","19",",I","16",",I","8",",I","82.0",",,I,06,","502.6",",,,I"
"BR001842004","1942-02","-18.36","-42.6","498.0","SAO PEDRO DO SUACUI, BR","16",",I","12",",I","1",",I","84.6",",,I,19,","206.8",",,,I"
"BR001842004","1942-03","-18.36","-42.6","498.0","SAO PEDRO DO SUACUI, BR","10",",I","5",",I","0",",I","23.2",",,I,09,","68.0",",,,I"
"BR001842004","1942-04","-18.36","-42.6","498.0","SAO PEDRO DO SUACUI, BR","11",",I","8",",I","1",",I","54.6",",,I,18,","130.4",",,,I"
"BR001842004","1942-05","-18.36","-42.6","498.0","SAO PEDRO DO SUACUI, BR","4",",I","0",",I","0",",I","1.3",",,I,08,","3.0",",,,I"
"BR001842004","1942-06","-18.36","-42.6","498.0","SAO PEDRO DO SUACUI, BR","6",",I","1",",I","0",",I","2.5",",,I,23,","8.7",",,,I"
"BR001842004","1942-07","-18.36","-42.6","498.0","SAO PEDRO DO SUACUI, BR","4",",I","1",",I","0",",I","3.4",",,I,28,","7.5",",,,I"
"BR001842004","1942-08","-18.36","-42.6","498.0","SAO PEDRO DO SUACUI, BR","5",",I","3",",I","0",",I","6.0",",,I,02,","17.3",",,,I"
"BR001842004","1942-09","-18.36","-42.6","498.0","SAO PEDRO DO SUACUI, BR","9",",I","6",",I","0",",I","17.0",",,I,30,","72.3",",,,I"
"BR001842004","1942-10","-18.36","-42.6","498.0","SAO PEDRO DO SUACUI, BR","6",",I","4",",I","2",",I","34.8",",,I,28,","84.1",",,,I"
"BR001842004","1942-11","-18.36","-42.6","498.0","SAO PEDRO DO SUACUI, BR","22",",I","17",",I","3",",I","82.8",",,I,03,","323.2",",,,I"
"BR001842004","1942-12","-18.36","-42.6","498.0","SAO PEDRO DO SUACUI, BR","21",",I","19",",I","7",",I","85.6",",,I,03,","509.2",",,,I"
"BR001842004","1943-01","-18.36","-42.6","498.0","SAO PEDRO DO SUACUI, BR","13",",I","11",",I","1",",I","28.2",",,I,03,","172.8",",,,I"
"BR001842004","1943-02","-18.36","-42.6","498.0","SAO PEDRO DO SUACUI, BR","11",",I","9",",I","0",",I","21.2",",,I,12,","104.1",",,,I"
"BR001842004","1943-03","-18.36","-42.6","498.0","SAO PEDRO DO SUACUI, BR","15",",I","11",",I","2",",I","41.0",",,I,10,","158.3",",,,I"
"BR001842004","1943-04","-18.36","-42.6","498.0","SAO PEDRO DO SUACUI, BR","10",",I","3",",I","0",",I","5.9",",,I,19,","22.2",",,,I"
"BR001842004","1943-05","-18.36","-42.6","498.0","SAO PEDRO DO SUACUI, BR","2",",I","1",",I","0",",I","5.2",",,I,10,","6.1",",,,I"
"BR001842004","1943-06","-18.36","-42.6","498.0","SAO PEDRO DO SUACUI, BR","7",",I","2",",I","0",",I","5.8",",,I,16,","13.0",",,,I"
"BR001842004","1943-07","-18.36","-42.6","498.0","SAO PEDRO DO SUACUI, BR","0",",I","0",",I","0",",I","0.2",",,I,21,","0.2",",,,I"
"BR001842004","1943-08","-18.36","-42.6","498.0","SAO PEDRO DO SUACUI, BR","2",",I","1",",I","0",",I","7.2",",,I,06,","9.1",",,,I"
"BR001842004","1943-09","-18.36","-42.6","498.0","SAO PEDRO DO SUACUI, BR","3",",I","1",",I","0",",I","5.5",",,I,07,","7.0",",,,I"
"BR001842004","1943-10","-18.36","-42.6","498.0","SAO PEDRO DO SUACUI, BR","9",",I","8",",I","0",",I","23.1",",,I,05,","96.3",",,,I"
"BR001842004","1943-11","-18.36","-42.6","498.0","SAO PEDRO DO SUACUI, BR","12",",I","8",",I","4",",I","123.6",",,I,25,","287.9",",,,I"
"BR001842004","1943-12","-18.36","-42.6","498.0","SAO PEDRO DO SUACUI, BR","18",",I","16",",I","11",",I","97.0",",,I,23,","567.3",",,,I"
"BR001842004","1944-01","-18.36","-42.6","498.0","SAO PEDRO DO SUACUI, BR","5",",I","5",",I","0",",I","14.6",",,I,22,","36.5",",,,I"
"BR001842004","1944-02","-18.36","-42.6","498.0","SAO PEDRO DO SUACUI, BR","15",",I","11",",I","2",",I","49.8",",,I,29,","228.7",",,,I"
"BR001842004","1944-03","-18.36","-42.6","498.0","SAO PEDRO DO SUACUI, BR","7",",I","6",",I","1",",I","38.2",",,I,21,","98.2",",,,I"
"BR001842004","1944-04","-18.36","-42.6","498.0","SAO PEDRO DO SUACUI, BR","7",",I","5",",I","2",",I","40.4",",,I,19,","88.5",",,,I"
"BR001842004","1944-05","-18.36","-42.6","498.0","SAO PEDRO DO SUACUI, BR","5",",I","3",",I","0",",I","4.6",",,I,24,","12.9",",,,I"
"BR001842004","1944-06","-18.36","-42.6","498.0","SAO PEDRO DO SUACUI, BR","3",",I","1",",I","0",",I","2.5",",,I,30,","3.9",",,,I"
"BR001842004","1944-07","-18.36","-42.6","498.0","SAO PEDRO DO SUACUI, BR","6",",I","3",",I","0",",I","6.2",",,I,07,","19.0",",,,I"
"BR001842004","1944-08","-18.36","-42.6","498.0","SAO PEDRO DO SUACUI, BR","5",",I","0",",I","0",",I","2.2",",,I,08,","6.5",",,,I"
"BR001842004","1944-09","-18.36","-42.6","498.0","SAO PEDRO DO SUACUI, BR","1",",I","0",",I","0",",I","1.5",",,I,23,","1.5",",,,I"
"BR001842004","1944-10","-18.36","-42.6","498.0","SAO PEDRO DO SUACUI, BR","6",",I","6",",I","3",",I","44.0",",,I,30,","124.5",",,,I"
"BR001842004","1944-11","-18.36","-42.6","498.0","SAO PEDRO DO SUACUI, BR","10",",I","9",",I","0",",I","19.4",",,I,25,","70.7",",,,I"
"BR001842004","1944-12","-18.36","-42.6","498.0","SAO PEDRO DO SUACUI, BR","18",",I","16",",I","6",",I","59.8",",,I,26,","389.0",",,,I"
"BR001842004","1945-01","-18.36","-42.6","498.0","SAO PEDRO DO SUACUI, BR","20",",I","16",",I","5",",I","80.0",",,I,03,","420.4",",,,I"
"BR001842004","1945-02","-18.36","-42.6","498.0","SAO PEDRO DO SUACUI, BR","7",",I","7",",I","2",",I","49.0",",,I,06,","159.6",",,,I"
"BR001842004","1945-03","-18.36","-42.6","498.0","SAO PEDRO DO SUACUI, BR","18",",I","14",",I","4",",I","58.6",",,I,14,","265.8",",,,I"
"BR001842004","1945-04","-18.36","-42.6","498.0","SAO PEDRO DO SUACUI, BR","16",",I","12",",I","2",",I","59.6",",,I,02,","207.8",",,,I"
"BR001842004","1945-05","-18.36","-42.6","498.0","SAO PEDRO DO SUACUI, BR","6",",I","4",",I","1",",I","31.0",",,I,15,","54.9",",,,I"
"BR001842004","1945-06","-18.36","-42.6","498.0","SAO PEDRO DO SUACUI, BR","3",",I","0",",I","0",",I","2.0",",,I,06,","4.2",",,,I"
"BR001842004","1945-07","-18.36","-42.6","498.0","SAO PEDRO DO SUACUI, BR","3",",I","3",",I","0",",I","6.2",",,I,11,","12.0",",,,I"
"BR001842004","1945-08","-18.36","-42.6","498.0","SAO PEDRO DO SUACUI, BR","6",",I","0",",I","0",",I","1.7",",,I,07,","7.0",",,,I"
"BR001842004","1945-09","-18.36","-42.6","498.0","SAO PEDRO DO SUACUI, BR","4",",I","3",",I","0",",I","14.8",",,I,17,","26.4",",,,I"
"BR001842004","1945-10","-18.36","-42.6","498.0","SAO PEDRO DO SUACUI, BR","14",",I","7",",I","1",",I","60.2",",,I,11,","149.7",",,,I"
"BR001842004","1945-11","-18.36","-42.6","498.0","SAO PEDRO DO SUACUI, BR","26",",I","22",",I","11",",I","88.6",",,I,22,","634.1",",,,I"
"BR001842004","1945-12","-18.36","-42.6","498.0","SAO PEDRO DO SUACUI, BR","25",",I","23",",I","15",",I","116.4",",,I,20,","712.5",",,,I"
"BR001842004","1946-01","-18.36","-42.6","498.0","SAO PEDRO DO SUACUI, BR","10",",I","8",",I","3",",I","46.2",",,I,04,","159.8",",,,I"
"BR001842004","1946-02","-18.36","-42.6","498.0","SAO PEDRO DO SUACUI, BR","4",",I","3",",I","1",",I","27.2",",,I,22,","34.1",",,,I"
"BR001842004","1946-03","-18.36","-42.6","498.0","SAO PEDRO DO SUACUI, BR","10",",I","7",",I","2",",I","83.4",",,I,18,","201.4",",,,I"
"BR001842004","1946-04","-18.36","-42.6","498.0","SAO PEDRO DO SUACUI, BR","13",",I","11",",I","2",",I","86.0",",,I,18,","177.0",",,,I"
"BR001842004","1946-05","-18.36","-42.6","498.0","SAO PEDRO DO SUACUI, BR","3",",I","3",",I","2",",I","64.6",",,I,06,","106.8",",,,I"
"BR001842004","1946-06","-18.36","-42.6","498.0","SAO PEDRO DO SUACUI, BR","0",",I","0",",I","0",",I","0.0",",,I,30,+","0.0",",,,I"
"BR001842004","1946-07","-18.36","-42.6","498.0","SAO PEDRO DO SUACUI, BR","0",",I","0",",I","0",",I","0.0",",,I,31,+","0.0",",,,I"
"BR001842004","1946-08","-18.36","-42.6","498.0","SAO PEDRO DO SUACUI, BR","0",",I","0",",I","0",",I","0.0",",,I,31,+","0.0",",,,I"
"BR001842004","1946-09","-18.36","-42.6","498.0","SAO PEDRO DO SUACUI, BR","4",",I","3",",I","0",",I","6.9",",,I,28,","14.6",",,,I"
"BR001842004","1946-10","-18.36","-42.6","498.0","SAO PEDRO DO SUACUI, BR","1",",I","1",",I","1",",I","62.0",",,I,20,","62.0",",,,I"
"BR001842004","1946-11","-18.36","-42.6","498.0","SAO PEDRO DO SUACUI, BR","17",",I","13",",I","4",",I","92.2",",,I,06,","312.6",",,,I"
"BR001842004","1946-12","-18.36","-42.6","498.0","SAO PEDRO DO SUACUI, BR","9",",I","7",",I","3",",I","42.2",",,I,18,","168.0",",,,I"
"BR001842004","1947-01","-18.36","-42.6","498.0","SAO PEDRO DO SUACUI, BR","9",",I","7",",I","3",",I","52.4",",,I,21,","150.1",",,,I"
"BR001842004","1947-02","-18.36","-42.6","498.0","SAO PEDRO DO SUACUI, BR","9",",I","8",",I","0",",I","15.0",",,I,18,","72.8",",,,I"
"BR001842004","1947-03","-18.36","-42.6","498.0","SAO PEDRO DO SUACUI, BR","13",",I","11",",I","2",",I","28.2",",,I,19,","155.9",",,,I"
"BR001842004","1947-04","-18.36","-42.6","498.0","SAO PEDRO DO SUACUI, BR","5",",I","4",",I","0",",I","24.4",",,I,20,","45.0",",,,I"
"BR001842004","1947-05","-18.36","-42.6","498.0","SAO PEDRO DO SUACUI, BR","8",",I","5",",I","0",",I","11.0",",,I,25,","35.5",",,,I"
"BR001842004","1947-06","-18.36","-42.6","498.0","SAO PEDRO DO SUACUI, BR","5",",I","1",",I","0",",I","2.5",",,I,16,","6.8",",,,I"
"BR001842004","1947-07","-18.36","-42.6","498.0","SAO PEDRO DO SUACUI, BR","9",",I","6",",I","0",",I","15.6",",,I,14,","57.3",",,,I"
"BR001842004","1947-08","-18.36","-42.6","498.0","SAO PEDRO DO SUACUI, BR","2",",I","1",",I","0",",I","2.9",",,I,13,","4.6",",,,I"
"BR001842004","1947-09","-18.36","-42.6","498.0","SAO PEDRO DO SUACUI, BR","2",",I","1",",I","0",",I","21.0",",,I,24,","21.3",",,,I"
"BR001842004","1947-10","-18.36","-42.6","498.0","SAO PEDRO DO SUACUI, BR","8",",I","8",",I","4",",I","51.4",",,I,24,","186.5",",,,I"
"BR001842004","1947-11","-18.36","-42.6","498.0","SAO PEDRO DO SUACUI, BR","17",",I","12",",I","1",",I","30.7",",,I,01,","97.0",",,,I"
"BR001842004","1947-12","-18.36","-42.6","498.0","SAO PEDRO DO SUACUI, BR","19",",I","15",",I","2",",I","36.2",",,I,24,","200.7",",,,I"
"BR001842004","1948-01","-18.36","-42.6","498.0","SAO PEDRO DO SUACUI, BR","5",",I","5",",I","1",",I","49.3",",,I,13,","65.4",",,,I"
"BR001842004","1948-02","-18.36","-42.6","498.0","SAO PEDRO DO SUACUI, BR","12",",I","11",",I","1",",I","49.8",",,I,29,","120.2",",,,I"
"BR001842004","1948-03","-18.36","-42.6","498.0","SAO PEDRO DO SUACUI, BR","11",",I","6",",I","0",",I","23.2",",,I,22,","51.1",",,,I"
"BR001842004","1948-04","-18.36","-42.6","498.0","SAO PEDRO DO SUACUI, BR","1",",I","0",",I","0",",I","2.4",",,I,06,","2.6",",,,I"
"BR001842004","1948-05","-18.36","-42.6","498.0","SAO PEDRO DO SUACUI, BR","0",",I","0",",I","0",",I","0.2",",,I,18,","0.4",",,,I"
"BR001842004","1948-06","-18.36","-42.6","498.0","SAO PEDRO DO SUACUI, BR","2",",I","0",",I","0",",I","0.4",",,I,23,+","1.5",",,,I"
"BR001842004","1948-09","-18.36","-42.6","498.0","SAO PEDRO DO SUACUI, BR","1",",I","1",",I","0",",I","7.0",",,I,13,","7.1",",,,I"
"BR001842004","1948-10","-18.36","-42.6","498.0","SAO PEDRO DO SUACUI, BR","3",",I","3",",I","0",",I","11.0",",,I,16,","25.3",",,,I"
"BR001842004","1948-11","-18.36","-42.6","498.0","SAO PEDRO DO SUACUI, BR","11",",I","8",",I","1",",I","26.4",",,I,28,","97.8",",,,I"
"BR001842004","1948-12","-18.36","-42.6","498.0","SAO PEDRO DO SUACUI, BR","25",",I","18",",I","3",",I","39.4",",,I,29,","257.1",",,,I"
"BR001842004","1949-01","-18.36","-42.6","498.0","SAO PEDRO DO SUACUI, BR","18",",I","13",",I","3",",I","44.3",",,I,21,","255.3",",,,I"
"BR001842004","1949-02","-18.36","-42.6","498.0","SAO PEDRO DO SUACUI, BR","14",",I","11",",I","3",",I","49.3",",,I,02,","208.3",",,,I"
"BR001842004","1949-03","-18.36","-42.6","498.0","SAO PEDRO DO SUACUI, BR","4",",I","2",",I","0",",I","15.6",",,I,06,","23.7",",,,I"
"BR001842004","1949-04","-18.36","-42.6","498.0","SAO PEDRO DO SUACUI, BR","14",",I","9",",I","0",",I","9.3",",,I,08,","49.6",",,,I"
"BR001842004","1949-05","-18.36","-42.6","498.0","SAO PEDRO DO SUACUI, BR","8",",I","2",",I","0",",I","7.0",",,I,02,","16.6",",,,I"
"BR001842004","1949-06","-18.36","-42.6","498.0","SAO PEDRO DO SUACUI, BR","4",",I","2",",I","0",",I","5.2",",,I,08,","10.1",",,,I"
"BR001842004","1949-07","-18.36","-42.6","498.0","SAO PEDRO DO SUACUI, BR","1",",I","0",",I","0",",I","0.5",",,I,04,","0.5",",,,I"
"BR001842004","1949-08","-18.36","-42.6","498.0","SAO PEDRO DO SUACUI, BR","0",",I","0",",I","0",",I","0.0",",,I,31,+","0.0",",,,I"
"BR001842004","1949-09","-18.36","-42.6","498.0","SAO PEDRO DO SUACUI, BR","1",",I","0",",I","0",",I","0.5",",,I,26,","0.5",",,,I"
"BR001842004","1949-10","-18.36","-42.6","498.0","SAO PEDRO DO SUACUI, BR","11",",I","5",",I","0",",I","9.0",",,I,22,+","39.2",",,,I"
"BR001842004","1949-11","-18.36","-42.6","498.0","SAO PEDRO DO SUACUI, BR","12",",I","7",",I","1",",I","34.3",",,I,11,","109.7",",,,I"
"BR001842004","1949-12","-18.36","-42.6","498.0","SAO PEDRO DO SUACUI, BR","14",",I","12",",I","4",",I","80.3",",,I,18,","264.9",",,,I"
"BR001842004","1950-01","-18.36","-42.6","498.0","SAO PEDRO DO SUACUI, BR","11",",I","6",",I","1",",I","76.4",",,I,15,","116.5",",,,I"
"BR001842004","1950-02","-18.36","-42.6","498.0","SAO PEDRO DO SUACUI, BR","3",",I","2",",I","0",",I","7.5",",,I,27,","12.7",",,,I"
"BR001842004","1950-03","-18.36","-42.6","498.0","SAO PEDRO DO SUACUI, BR","6",",I","3",",I","0",",I","16.1",",,I,22,","28.5",",,,I"
"BR001842004","1950-04","-18.36","-42.6","498.0","SAO PEDRO DO SUACUI, BR","3",",I","3",",I","0",",I","13.6",",,I,14,","28.4",",,,I"
"BR001842004","1950-05","-18.36","-42.6","498.0","SAO PEDRO DO SUACUI, BR","3",",I","2",",I","0",",I","8.1",",,I,07,","13.2",",,,I"
"BR001842004","1950-06","-18.36","-42.6","498.0","SAO PEDRO DO SUACUI, BR","4",",I","1",",I","0",",I","2.9",",,I,22,","6.2",",,,I"
"BR001842004","1950-07","-18.36","-42.6","498.0","SAO PEDRO DO SUACUI, BR","6",",I","5",",I","0",",I","6.0",",,I,19,","24.3",",,,I"
"BR001842004","1950-08","-18.36","-42.6","498.0","SAO PEDRO DO SUACUI, BR","1",",I","0",",I","0",",I","0.3",",,I,15,","0.3",",,,I"
"BR001842004","1950-09","-18.36","-42.6","498.0","SAO PEDRO DO SUACUI, BR","3",",I","2",",I","0",",I","7.3",",,I,25,","14.2",",,,I"
"BR001842004","1950-10","-18.36","-42.6","498.0","SAO PEDRO DO SUACUI, BR","3",",I","2",",I","0",",I","21.4",",,I,03,","31.7",",,,I"
"BR001842004","1950-11","-18.36","-42.6","498.0","SAO PEDRO DO SUACUI, BR","17",",I","10",",I","1",",I","26.2",",,I,01,","144.2",",,,I"
"BR001842004","1951-01","-18.36","-42.6","498.0","SAO PEDRO DO SUACUI, BR","9",",I","6",",I","0",",I","18.3",",,I,19,","82.0",",,,I"
"BR001842004","1951-08","-18.36","-42.6","498.0","SAO PEDRO DO SUACUI, BR","2",",I","1",",I","0",",I","2.5",",,I,08,","3.2",",,,I"
"BR001842004","1951-09","-18.36","-42.6","498.0","SAO PEDRO DO SUACUI, BR","1",",I","1",",I","0",",I","2.8",",,I,30,","2.9",",,,I"
"BR001842004","1951-10","-18.36","-42.6","498.0","SAO PEDRO DO SUACUI, BR","3",",I","1",",I","0",",I","3.9",",,I,10,","7.1",",,,I"
"BR001842004","1951-11","-18.36","-42.6","498.0","SAO PEDRO DO SUACUI, BR","2",",I","1",",I","0",",I","12.2",",,I,25,","13.3",",,,I"
"BR001842004","1951-12","-18.36","-42.6","498.0","SAO PEDRO DO SUACUI, BR","16",",I","8",",I","0",",I","11.4",",,I,29,","56.3",",,,I"
"BR001842004","1952-01","-18.36","-42.6","498.0","SAO PEDRO DO SUACUI, BR","17",",I","14",",I","2",",I","35.7",",,I,20,","213.4",",,,I"
"BR001842004","1952-02","-18.36","-42.6","498.0","SAO PEDRO DO SUACUI, BR","14",",I","13",",I","5",",I","49.8",",,I,29,","252.5",",,,I"
"BR001842004","1952-03","-18.36","-42.6","498.0","SAO PEDRO DO SUACUI, BR","23",",I","18",",I","4",",I","55.4",",,I,04,","304.0",",,,I"
"BR001842004","1952-04","-18.36","-42.6","498.0","SAO PEDRO DO SUACUI, BR","11",",I","8",",I","0",",I","7.3",",,I,09,","49.2",",,,I"
"BR001842004","1952-05","-18.36","-42.6","498.0","SAO PEDRO DO SUACUI, BR","8",",I","5",",I","0",",I","6.4",",,I,24,","23.9",",,,I"
"BR001842004","1952-06","-18.36","-42.6","498.0","SAO PEDRO DO SUACUI, BR","3",",I","3",",I","0",",I","18.0",",,I,11,","29.6",",,,I"
"BR001842004","1952-07","-18.36","-42.6","498.0","SAO PEDRO DO SUACUI, BR","5",",I","2",",I","0",",I","6.0",",,I,31,","13.1",",,,I"
"BR001842004","1952-08","-18.36","-42.6","498.0","SAO PEDRO DO SUACUI, BR","5",",I","0",",I","0",",I","2.3",",,I,09,","9.3",",,,I"
"BR001842004","1952-09","-18.36","-42.6","498.0","SAO PEDRO DO SUACUI, BR","5",",I","2",",I","0",",I","7.9",",,I,09,","18.3",",,,I"
"BR001842004","1952-10","-18.36","-42.6","498.0","SAO PEDRO DO SUACUI, BR","3",",I","2",",I","0",",I","10.2",",,I,04,","22.1",",,,I"
"BR001842004","1952-11","-18.36","-42.6","498.0","SAO PEDRO DO SUACUI, BR","15",",I","12",",I","1",",I","63.9",",,I,11,","120.2",",,,I"
"BR001842004","1952-12","-18.36","-42.6","498.0","SAO PEDRO DO SUACUI, BR","23",",I","15",",I","2",",I","74.1",",,I,06,","215.4",",,,I"
"BR001842004","1953-02","-18.36","-42.6","498.0","SAO PEDRO DO SUACUI, BR","7",",I","3",",I","0",",I","7.3",",,I,14,","18.8",",,,I"
"BR001842004","1953-03","-18.36","-42.6","498.0","SAO PEDRO DO SUACUI, BR","10",",I","2",",I","0",",I","17.1",",,I,21,","29.0",",,,I"
"BR001842004","1953-04","-18.36","-42.6","498.0","SAO PEDRO DO SUACUI, BR","10",",I","1",",I","0",",I","7.3",",,I,24,","11.3",",,,I"
"BR001842004","1953-05","-18.36","-42.6","498.0","SAO PEDRO DO SUACUI, BR","1",",I","0",",I","0",",I","0.3",",,I,06,","0.9",",,,I"
"BR001842004","1953-06","-18.36","-42.6","498.0","SAO PEDRO DO SUACUI, BR","3",",I","0",",I","0",",I","0.6",",,I,14,","1.8",",,,I"
"BR001842004","1953-07","-18.36","-42.6","498.0","SAO PEDRO DO SUACUI, BR","1",",I","0",",I","0",",I","0.3",",,I,20,","1.0",",,,I"
"BR001842004","1953-08","-18.36","-42.6","498.0","SAO PEDRO DO SUACUI, BR","2",",I","1",",I","0",",I","10.1",",,I,15,","10.8",",,,I"
"BR001842004","1953-09","-18.36","-42.6","498.0","SAO PEDRO DO SUACUI, BR","4",",I","1",",I","0",",I","7.5",",,I,22,","9.3",",,,I"
"BR001842004","1953-10","-18.36","-42.6","498.0","SAO PEDRO DO SUACUI, BR","2",",I","0",",I","0",",I","0.3",",,I,13,+","0.8",",,,I"
"BR001842004","1953-11","-18.36","-42.6","498.0","SAO PEDRO DO SUACUI, BR","6",",I","0",",I","0",",I","0.7",",,I,29,+","3.9",",,,I"
"BR001842004","1953-12","-18.36","-42.6","498.0","SAO PEDRO DO SUACUI, BR","24",",I","6",",I","0",",I","7.7",",,I,22,","38.5",",,,I"
"BR001842004","1954-01","-18.36","-42.6","498.0","SAO PEDRO DO SUACUI, BR","7",",I","3",",I","0",",I","7.4",",,I,06,","16.9",",,,I"
"BR001842004","1954-02","-18.36","-42.6","498.0","SAO PEDRO DO SUACUI, BR","4",",I","2",",I","0",",I","7.3",",,I,19,+","15.3",",,,I"
"BR001842004","1954-03","-18.36","-42.6","498.0","SAO PEDRO DO SUACUI, BR","7",",I","3",",I","0",",I","7.3",",,I,29,+","22.4",",,,I"
"BR001842004","1954-04","-18.36","-42.6","498.0","SAO PEDRO DO SUACUI, BR","9",",I","2",",I","0",",I","13.6",",,I,06,","24.9",",,,I"
"BR001842004","1954-05","-18.36","-42.6","498.0","SAO PEDRO DO SUACUI, BR","4",",I","2",",I","0",",I","7.3",",,I,12,","11.4",",,,I"
"BR001842004","1954-06","-18.36","-42.6","498.0","SAO PEDRO DO SUACUI, BR","0",",I","0",",I","0",",I","0.1",",,I,22,+","0.4",",,,I"
"BR001842004","1954-07","-18.36","-42.6","498.0","SAO PEDRO DO SUACUI, BR","2",",I","0",",I","0",",I","0.3",",,I,26,+","0.9",",,,I"
"BR001842004","1954-08","-18.36","-42.6","498.0","SAO PEDRO DO SUACUI, BR","0",",I","0",",I","0",",I","0.1",",,I,27,","0.1",",,,I"
"BR001842004","1954-09","-18.36","-42.6","498.0","SAO PEDRO DO SUACUI, BR","0",",I","0",",I","0",",I","0.0",",,I,30,+","0.0",",,,I"
"BR001842004","1954-10","-18.36","-42.6","498.0","SAO PEDRO DO SUACUI, BR","2",",I","1",",I","0",",I","7.1",",,I,15,","7.8",",,,I"
"BR001842004","1954-11","-18.36","-42.6","498.0","SAO PEDRO DO SUACUI, BR","4",",I","2",",I","0",",I","3.7",",,I,24,+","9.1",",,,I"
"BR001842004","1954-12","-18.36","-42.6","498.0","SAO PEDRO DO SUACUI, BR","5",",I","2",",I","0",",I","7.3",",,I,26,+","16.5",",,,I"
"BR001842004","1955-02","-18.36","-42.6","498.0","SAO PEDRO DO SUACUI, BR","3",",I","1",",I","0",",I","2.5",",,I,27,","3.8",",,,I"
"BR001842004","1955-03","-18.36","-42.6","498.0","SAO PEDRO DO SUACUI, BR","4",",I","3",",I","0",",I","8.7",",,I,31,","15.0",",,,I"
"BR001842004","1955-04","-18.36","-42.6","498.0","SAO PEDRO DO SUACUI, BR","3",",I","3",",I","0",",I","7.7",",,I,14,","18.1",",,,I"
"BR001842004","1955-05","-18.36","-42.6","498.0","SAO PEDRO DO SUACUI, BR","3",",I","0",",I","0",",I","0.7",",,I,27,+","2.3",",,,I"
"BR001842004","1955-06","-18.36","-42.6","498.0","SAO PEDRO DO SUACUI, BR","2",",I","1",",I","0",",I","3.7",",,I,01,","4.1",",,,I"
"BR001842004","1955-07","-18.36","-42.6","498.0","SAO PEDRO DO SUACUI, BR","1",",I","1",",I","0",",I","6.0",",,I,15,","6.0",",,,I"
"BR001842004","1955-08","-18.36","-42.6","498.0","SAO PEDRO DO SUACUI, BR","0",",I","0",",I","0",",I","0.2",",,I,19,","0.2",",,,I"
"BR001842004","1955-09","-18.36","-42.6","498.0","SAO PEDRO DO SUACUI, BR","0",",I","0",",I","0",",I","0.1",",,I,28,","0.1",",,,I"
"BR001842004","1955-10","-18.36","-42.6","498.0","SAO PEDRO DO SUACUI, BR","15",",I","0",",I","0",",I","1.6",",,I,11,","10.1",",,,I"
"BR001842004","1955-11","-18.36","-42.6","498.0","SAO PEDRO DO SUACUI, BR","12",",I","2",",I","0",",I","7.5",",,I,20,","17.8",",,,I"
"BR001842004","1955-12","-18.36","-42.6","498.0","SAO PEDRO DO SUACUI, BR","20",",I","7",",I","0",",I","5.7",",,I,31,+","35.6",",,,I"
"BR001842004","1956-01","-18.36","-42.6","498.0","SAO PEDRO DO SUACUI, BR","4",",I","0",",I","0",",I","0.7",",,I,15,","2.2",",,,I"
"BR001842004","1956-02","-18.36","-42.6","498.0","SAO PEDRO DO SUACUI, BR","2",",I","2",",I","2",",I","71.2",",,I,22,","121.1",",,,I"
"BR001842004","1956-03","-18.36","-42.6","498.0","SAO PEDRO DO SUACUI, BR","8",",I","3",",I","0",",I","7.3",",,I,04,","19.0",",,,I"
"BR001842004","1956-04","-18.36","-42.6","498.0","SAO PEDRO DO SUACUI, BR","3",",I","0",",I","0",",I","1.7",",,I,12,","2.8",",,,I"
"BR001842004","1956-05","-18.36","-42.6","498.0","SAO PEDRO DO SUACUI, BR","7",",I","0",",I","0",",I","0.7",",,I,10,","3.1",",,,I"
"BR001842004","1956-06","-18.36","-42.6","498.0","SAO PEDRO DO SUACUI, BR","6",",I","0",",I","0",",I","1.0",",,I,27,","3.5",",,,I"
"BR001842004","1956-07","-18.36","-42.6","498.0","SAO PEDRO DO SUACUI, BR","3",",I","0",",I","0",",I","0.3",",,I,23,+","1.3",",,,I"
"BR001842004","1956-08","-18.36","-42.6","498.0","SAO PEDRO DO SUACUI, BR","1",",I","0",",I","0",",I","0.3",",,I,15,","1.2",",,,I"
"BR001842004","1956-09","-18.36","-42.6","498.0","SAO PEDRO DO SUACUI, BR","0",",I","0",",I","0",",I","0.2",",,I,12,","0.5",",,,I"
"BR001842004","1956-10","-18.36","-42.6","498.0","SAO PEDRO DO SUACUI, BR","2",",I","0",",I","0",",I","0.3",",,I,25,+","0.9",",,,I"
"BR001842004","1956-11","-18.36","-42.6","498.0","SAO PEDRO DO SUACUI, BR","12",",I","4",",I","0",",I","7.3",",,I,11,","27.5",",,,I"
"BR001842004","1956-12","-18.36","-42.6","498.0","SAO PEDRO DO SUACUI, BR","23",",I","7",",I","0",",I","9.4",",,I,21,","58.5",",,,I"
"BR001842004","1957-01","-18.36","-42.6","498.0","SAO PEDRO DO SUACUI, BR","12",",I","4",",I","0",",I","3.7",",,I,15,+","21.0",",,,I"
"BR001842004","1957-02","-18.36","-42.6","498.0","SAO PEDRO DO SUACUI, BR","11",",I","3",",I","0",",I","3.7",",,I,18,","19.5",",,,I"
"BR001842004","1957-05","-18.36","-42.6","498.0","SAO PEDRO DO SUACUI, BR","5",",I","3",",I","0",",I","2.5",",,I,16,+","9.4",",,,I"
"BR001842004","1957-09","-18.36","-42.6","498.0","SAO PEDRO DO SUACUI, BR","6",",I","1",",I","0",",I","2.7",",,I,30,","9.1",",,,I"
"BR001842004","1957-10","-18.36","-42.6","498.0","SAO PEDRO DO SUACUI, BR","0",",I","0",",I","0",",I","0.1",",,I,28,","0.1",",,,I"
"BR001842004","1957-11","-18.36","-42.6","498.0","SAO PEDRO DO SUACUI, BR","14",",I","4",",I","0",",I","6.5",",,I,28,","21.4",",,,I"
"BR001842004","1957-12","-18.36","-42.6","498.0","SAO PEDRO DO SUACUI, BR","17","1,I","8","1,I","1","1,I","74.3","1,,I,19,","113.3","1,,,I"
"BR001842004","1958-01","-18.36","-42.6","498.0","SAO PEDRO DO SUACUI, BR","12",",I","5",",I","1",",I","72.1",",,I,29,","98.4",",,,I"
"BR001842004","1958-02","-18.36","-42.6","498.0","SAO PEDRO DO SUACUI, BR","14",",I","7",",I","0",",I","7.3",",,I,08,+","46.1",",,,I"
"BR001842004","1958-03","-18.36","-42.6","498.0","SAO PEDRO DO SUACUI, BR","7",",I","4",",I","1",",I","68.6",",,I,24,","106.6",",,,I"
"BR001842004","1958-04","-18.36","-42.6","498.0","SAO PEDRO DO SUACUI, BR","12",",I","5",",I","3",",I","35.1",",,I,19,","131.6",",,,I"
"BR001842004","1958-05","-18.36","-42.6","498.0","SAO PEDRO DO SUACUI, BR","5",",I","2",",I","0",",I","2.7",",,I,28,+","7.4",",,,I"
"BR001842004","1958-06","-18.36","-42.6","498.0","SAO PEDRO DO SUACUI, BR","4",",I","0",",I","0",",I","0.7",",,I,30,+","2.6",",,,I"
"BR001842004","1958-07","-18.36","-42.6","498.0","SAO PEDRO DO SUACUI, BR","6",",I","3",",I","1",",I","41.4",",,I,17,","54.5",",,,I"
"BR001842004","1958-08","-18.36","-42.6","498.0","SAO PEDRO DO SUACUI, BR","0",",I","0",",I","0",",I","0.2",",,I,21,","0.6",",,,I"
"BR001842004","1958-09","-18.36","-42.6","498.0","SAO PEDRO DO SUACUI, BR","6",",I","1",",I","0",",I","7.1",",,I,28,","10.3",",,,I"
"BR001842004","1958-10","-18.36","-42.6","498.0","SAO PEDRO DO SUACUI, BR","10",",I","5",",I","1",",I","27.4",",,I,29,","54.5",",,,I"
"BR001842004","1958-11","-18.36","-42.6","498.0","SAO PEDRO DO SUACUI, BR","10",",I","5",",I","5",",I","27.5",",,I,26,","141.5",",,,I"
"BR001842004","1958-12","-18.36","-42.6","498.0","SAO PEDRO DO SUACUI, BR","15",",I","10",",I","7",",I","81.1",",,I,31,","386.4",",,,I"
"BR001842004","1959-01","-18.36","-42.6","498.0","SAO PEDRO DO SUACUI, BR","12",",I","8",",I","6",",I","67.2",",,I,02,","304.4",",,,I"
"BR001842004","1959-02","-18.36","-42.6","498.0","SAO PEDRO DO SUACUI, BR","5",",I","2",",I","0",",I","17.3",",,I,12,","36.0",",,,I"
"BR001842004","1959-03","-18.36","-42.6","498.0","SAO PEDRO DO SUACUI, BR","15",",I","6",",I","6",",I","140.5",",,I,05,","351.9",",,,I"
"BR001842004","1959-04","-18.36","-42.6","498.0","SAO PEDRO DO SUACUI, BR","3",",I","0",",I","0",",I","0.5",",,I,07,","1.4",",,,I"
"BR001842004","1959-05","-18.36","-42.6","498.0","SAO PEDRO DO SUACUI, BR","2",",I","1",",I","0",",I","3.2",",,I,03,","3.9",",,,I"
"BR001842004","1959-06","-18.36","-42.6","498.0","SAO PEDRO DO SUACUI, BR","1",",I","0",",I","0",",I","0.3",",,I,29,","0.5",",,,I"
"BR001842004","1959-07","-18.36","-42.6","498.0","SAO PEDRO DO SUACUI, BR","1",",I","0",",I","0",",I","0.3",",,I,29,","0.5",",,,I"
"BR001842004","1959-08","-18.36","-42.6","498.0","SAO PEDRO DO SUACUI, BR","0",",I","0",",I","0",",I","0.0",",,I,31,+","0.0",",,,I"
"BR001842004","1959-09","-18.36","-42.6","498.0","SAO PEDRO DO SUACUI, BR","2",",I","2",",I","0",",I","17.2",",,I,28,","25.6",",,,I"
"BR001842004","1959-10","-18.36","-42.6","498.0","SAO PEDRO DO SUACUI, BR","8",",I","7",",I","6",",I","67.6",",,I,16,","273.5",",,,I"
"BR001842004","1959-11","-18.36","-42.6","498.0","SAO PEDRO DO SUACUI, BR","12",",I","12",",I","7",",I","67.2",",,I,14,","412.1",",,,I"
"BR001842004","1959-12","-18.36","-42.6","498.0","SAO PEDRO DO SUACUI, BR","14",",I","11",",I","5",",I","107.3",",,I,11,","369.6",",,,I"
"BR001842004","1960-01","-18.36","-42.6","498.0","SAO PEDRO DO SUACUI, BR","16",",I","5",",I","1",",I","27.3",",,I,14,","78.2",",,,I"
"BR001842004","1960-02","-18.36","-42.6","498.0","SAO PEDRO DO SUACUI, BR","6",",I","4",",I","3",",I","50.5",",,I,06,","156.3",",,,I"
"BR001842004","1960-03","-18.36","-42.6","498.0","SAO PEDRO DO SUACUI, BR","15",",I","12",",I","4",",I","57.0",",,I,01,","295.0",",,,I"
"BR001842004","1960-04","-18.36","-42.6","498.0","SAO PEDRO DO SUACUI, BR","3",",I","3",",I","1",",I","27.1",",,I,10,","61.9",",,,I"
"BR001842004","1960-05","-18.36","-42.6","498.0","SAO PEDRO DO SUACUI, BR","5",",I","5",",I","1",",I","37.2",",,I,13,","80.0",",,,I"
"BR001842004","1960-06","-18.36","-42.6","498.0","SAO PEDRO DO SUACUI, BR","3",",I","1",",I","0",",I","17.1",",,I,01,","18.0",",,,I"
"BR001842004","1960-08","-18.36","-42.6","498.0","SAO PEDRO DO SUACUI, BR","1",",I","0",",I","0",",I","0.4",",,I,26,","0.7",",,,I"
"BR001842004","1960-09","-18.36","-42.6","498.0","SAO PEDRO DO SUACUI, BR","1",",I","1",",I","0",",I","3.7",",,I,03,","3.8",",,,I"
"BR001842004","1960-10","-18.36","-42.6","498.0","SAO PEDRO DO SUACUI, BR","2",",I","1",",I","1",",I","37.5",",,I,28,","38.1",",,,I"
"BR001842004","1960-11","-18.36","-42.6","498.0","SAO PEDRO DO SUACUI, BR","15",",I","12",",I","4",",I","60.0",",,I,28,","275.2",",,,I"
"BR001842004","1960-12","-18.36","-42.6","498.0","SAO PEDRO DO SUACUI, BR","9",",I","6",",I","3",",I","40.1",",,I,31,","157.5",",,,I"
"BR001842004","1961-01","-18.36","-42.6","498.0","SAO PEDRO DO SUACUI, BR","21",",I","10",",I","4",",I","90.1",",,I,12,","254.2",",,,I"
"BR001842004","1961-02","-18.36","-42.6","498.0","SAO PEDRO DO SUACUI, BR","5",",I","4",",I","3",",I","40.0",",,I,15,","122.4",",,,I"
"BR001842004","1961-03","-18.36","-42.6","498.0","SAO PEDRO DO SUACUI, BR","2",",I","2",",I","2",",I","57.0",",,I,02,","88.5",",,,I"
"BR001842004","1961-04","-18.36","-42.6","498.0","SAO PEDRO DO SUACUI, BR","1",",I","1",",I","1",",I","67.5",",,I,28,","67.6",",,,I"
"BR001842004","1961-05","-18.36","-42.6","498.0","SAO PEDRO DO SUACUI, BR","1",",I","1",",I","0",",I","15.1",",,I,21,","16.0",",,,I"
"BR001842004","1961-06","-18.36","-42.6","498.0","SAO PEDRO DO SUACUI, BR","3",",I","1",",I","0",",I","2.5",",,I,08,","4.4",",,,I"
"BR001842004","1961-07","-18.36","-42.6","498.0","SAO PEDRO DO SUACUI, BR","1",",I","0",",I","0",",I","0.3",",,I,03,","0.3",",,,I"
"BR001842004","1961-08","-18.36","-42.6","498.0","SAO PEDRO DO SUACUI, BR","0",",I","0",",I","0",",I","0.0",",,I,31,+","0.0",",,,I"
"BR001842004","1961-09","-18.36","-42.6","498.0","SAO PEDRO DO SUACUI, BR","0",",I","0",",I","0",",I","0.0",",,I,30,+","0.0",",,,I"
"BR001842004","1961-10","-18.36","-42.6","498.0","SAO PEDRO DO SUACUI, BR","2",",I","2",",I","1",",I","27.6",",,I,27,","32.6",",,,I"
"BR001842004","1961-11","-18.36","-42.6","498.0","SAO PEDRO DO SUACUI, BR","4",",I","3",",I","1",",I","57.4",",,I,16,","76.3",",,,I"
"BR001842004","1961-12","-18.36","-42.6","498.0","SAO PEDRO DO SUACUI, BR","10",",I","7",",I","4",",I","87.1",",,I,10,","265.0",",,,I"
"BR001842004","1962-01","-18.36","-42.6","498.0","SAO PEDRO DO SUACUI, BR","18",",I","10",",I","6",",I","67.1",",,I,16,","322.8",",,,I"
"BR001842004","1962-02","-18.36","-42.6","498.0","SAO PEDRO DO SUACUI, BR","8",",I","6",",I","1",",I","37.3",",,I,01,","90.5",",,,I"
"BR001842004","1962-03","-18.36","-42.6","498.0","SAO PEDRO DO SUACUI, BR","6",",I","5",",I","1",",I","47.6",",,I,18,","62.6",",,,I"
"BR001842004","1962-04","-18.36","-42.6","498.0","SAO PEDRO DO SUACUI, BR","2",",I","1",",I","1",",I","37.2",",,I,30,","37.8",",,,I"
"BR001842004","1962-05","-18.36","-42.6","498.0","SAO PEDRO DO SUACUI, BR","1",",I","0",",I","0",",I","2.0",",,I,05,","2.2",",,,I"
"BR001842004","1962-06","-18.36","-42.6","498.0","SAO PEDRO DO SUACUI, BR","1",",I","0",",I","0",",I","0.5",",,I,10,","0.5",",,,I"
"BR001842004","1962-07","-18.36","-42.6","498.0","SAO PEDRO DO SUACUI, BR","4",",I","1",",I","0",",I","17.4",",,I,21,","19.0",",,,I"
"BR001842004","1962-08","-18.36","-42.6","498.0","SAO PEDRO DO SUACUI, BR","0",",I","0",",I","0",",I","0.0",",,I,31,+","0.0",",,,I"
"BR001842004","1962-09","-18.36","-42.6","498.0","SAO PEDRO DO SUACUI, BR","6",",I","5",",I","3",",I","49.2",",,I,07,","145.4",",,,I"
"BR001842004","1962-10","-18.36","-42.6","498.0","SAO PEDRO DO SUACUI, BR","0",",I","0",",I","0",",I","0.0",",,I,31,+","0.0",",,,I"
"BR001842004","1962-11","-18.36","-42.6","498.0","SAO PEDRO DO SUACUI, BR","3","3,I","2","3,I","2","3,I","64.4","3,,I,21,","113.2","3,,,I"
"BR001842004","1962-12","-18.36","-42.6","498.0","SAO PEDRO DO SUACUI, BR","14",",I","12",",I","11",",I","77.8",",,I,20,","806.4",",,,I"
"BR001842004","1963-01","-18.36","-42.6","498.0","SAO PEDRO DO SUACUI, BR","0",",I","0",",I","0",",I","0.0",",,I,31,+","0.0",",,,I"
"BR001842004","1963-02","-18.36","-42.6","498.0","SAO PEDRO DO SUACUI, BR","2",",I","2",",I","0",",I","17.5",",,I,07,","34.5",",,,I"
"BR001842004","1963-03","-18.36","-42.6","498.0","SAO PEDRO DO SUACUI, BR","0",",I","0",",I","0",",I","0.0",",,I,31,+","0.0",",,,I"
"BR001842004","1963-04","-18.36","-42.6","498.0","SAO PEDRO DO SUACUI, BR","3",",I","1",",I","1",",I","27.0",",,I,17,","27.9",",,,I"
"BR001842004","1963-05","-18.36","-42.6","498.0","SAO PEDRO DO SUACUI, BR","0",",I","0",",I","0",",I","0.0",",,I,31,+","0.0",",,,I"
"BR001842004","1963-06","-18.36","-42.6","498.0","SAO PEDRO DO SUACUI, BR","1",",I","1",",I","0",",I","7.5",",,I,16,","7.6",",,,I"
"BR001842004","1963-07","-18.36","-42.6","498.0","SAO PEDRO DO SUACUI, BR","1",",I","0",",I","0",",I","1.7",",,I,28,","1.9",",,,I"
"BR001842004","1963-08","-18.36","-42.6","498.0","SAO PEDRO DO SUACUI, BR","0",",I","0",",I","0",",I","0.1",",,I,19,","0.1",",,,I"
"BR001842004","1963-09","-18.36","-42.6","498.0","SAO PEDRO DO SUACUI, BR","0",",I","0",",I","0",",I","0.0",",,I,30,+","0.0",",,,I"
"BR001842004","1963-10","-18.36","-42.6","498.0","SAO PEDRO DO SUACUI, BR","1",",I","1",",I","0",",I","7.4",",,I,28,","7.8",",,,I"
"BR001842004","1963-11","-18.36","-42.6","498.0","SAO PEDRO DO SUACUI, BR","5",",I","5",",I","1",",I","37.0",",,I,12,","106.6",",,,I"
"BR001842004","1963-12","-18.36","-42.6","498.0","SAO PEDRO DO SUACUI, BR","7",",I","5",",I","0",",I","17.4",",,I,15,","77.3",",,,I"
"BR001842004","1964-01","-18.36","-42.6","498.0","SAO PEDRO DO SUACUI, BR","20",",I","19",",I","12",",I","87.0",",,I,28,","707.3",",,,I"
"BR001842004","1964-02","-18.36","-42.6","498.0","SAO PEDRO DO SUACUI, BR","10",",I","9",",I","4",",I","49.8",",,I,29,","227.2",",,,I"
"BR001842004","1964-03","-18.36","-42.6","498.0","SAO PEDRO DO SUACUI, BR","10",",I","9",",I","2",",I","87.0",",,I,29,+","226.2",",,,I"
"BR001842004","1964-04","-18.36","-42.6","498.0","SAO PEDRO DO SUACUI, BR","5",",I","5",",I","2",",I","27.6",",,I,03,","103.0",",,,I"
"BR001842004","1964-05","-18.36","-42.6","498.0","SAO PEDRO DO SUACUI, BR","3",",I","3",",I","1",",I","37.4",",,I,02,","52.5",",,,I"
"BR001842004","1964-06","-18.36","-42.6","498.0","SAO PEDRO DO SUACUI, BR","2",",I","2",",I","0",",I","7.0",",,I,16,+","14.0",",,,I"
"BR001842004","1964-07","-18.36","-42.6","498.0","SAO PEDRO DO SUACUI, BR","3",",I","2",",I","0",",I","17.2",",,I,27,","25.5",",,,I"
"BR001842004","1964-08","-18.36","-42.6","498.0","SAO PEDRO DO SUACUI, BR","13",",I","13",",I","0",",I","14.0",",,I,16,","99.3",",,,I"
"BR001842004","1964-09","-18.36","-42.6","498.0","SAO PEDRO DO SUACUI, BR","2",",I","2",",I","0",",I","21.2",",,I,04,","28.8",",,,I"
"BR001842004","1964-10","-18.36","-42.6","498.0","SAO PEDRO DO SUACUI, BR","15",",I","15",",I","5",",I","77.2",",,I,23,","357.8",",,,I"
"BR001842004","1964-11","-18.36","-42.6","498.0","SAO PEDRO DO SUACUI, BR","15",",I","13",",I","5",",I","107.4",",,I,07,","406.4",",,,I"
"BR001842004","1964-12","-18.36","-42.6","498.0","SAO PEDRO DO SUACUI, BR","18",",I","14",",I","8",",I","67.4",",,I,16,","424.2",",,,I"
"BR001842004","1965-01","-18.36","-42.6","498.0","SAO PEDRO DO SUACUI, BR","14",",I","13",",I","5",",I","97.2",",,I,07,","374.5",",,,I"
"BR001842004","1965-02","-18.36","-42.6","498.0","SAO PEDRO DO SUACUI, BR","13",",I","13",",I","7",",I","57.4",",,I,19,","403.7",",,,I"
"BR001842004","1965-03","-18.36","-42.6","498.0","SAO PEDRO DO SUACUI, BR","20",",I","16",",I","6",",I","37.5",",,I,28,","336.3",",,,I"
"BR001842004","1965-04","-18.36","-42.6","498.0","SAO PEDRO DO SUACUI, BR","1",",I","1",",I","1",",I","27.4",",,I,05,","27.4",",,,I"
"BR001842004","1965-05","-18.36","-42.6","498.0","SAO PEDRO DO SUACUI, BR","5",",I","4",",I","1",",I","27.0",",,I,25,","66.8",",,,I"
"BR001842004","1965-06","-18.36","-42.6","498.0","SAO PEDRO DO SUACUI, BR","6",",I","2",",I","0",",I","17.3",",,I,26,","26.1",",,,I"
"BR001842004","1965-07","-18.36","-42.6","498.0","SAO PEDRO DO SUACUI, BR","3",",I","1",",I","0",",I","23.5",",,I,11,","26.4",",,,I"
"BR001842004","1965-08","-18.36","-42.6","498.0","SAO PEDRO DO SUACUI, BR","0",",I","0",",I","0",",I","0.0",",,I,31,+","0.0",",,,I"
"BR001842004","1965-09","-18.36","-42.6","498.0","SAO PEDRO DO SUACUI, BR","2",",I","1",",I","1",",I","27.6",",,I,28,","28.1",",,,I"
"BR001842004","1965-10","-18.36","-42.6","498.0","SAO PEDRO DO SUACUI, BR","11",",I","11",",I","7",",I","57.2",",,I,31,","331.0",",,,I"
"BR001842004","1965-11","-18.36","-42.6","498.0","SAO PEDRO DO SUACUI, BR","11",",I","11",",I","8",",I","67.6",",,I,18,","429.9",",,,I"
"BR001842004","1965-12","-18.36","-42.6","498.0","SAO PEDRO DO SUACUI, BR","3",",I","3",",I","1",",I","37.5",",,I,11,","51.7",",,,I"
"BR001842004","1966-01","-18.36","-42.6","498.0","SAO PEDRO DO SUACUI, BR","18",",I","13",",I","7",",I","57.2",",,I,16,","353.7",",,,I"
"BR001842004","1966-02","-18.36","-42.6","498.0","SAO PEDRO DO SUACUI, BR","11",",I","11",",I","4",",I","47.3",",,I,04,","219.5",",,,I"
"BR001842004","1966-03","-18.36","-42.6","498.0","SAO PEDRO DO SUACUI, BR","9",",I","8",",I","2",",I","57.3",",,I,09,","178.2",",,,I"
"BR001842004","1966-04","-18.36","-42.6","498.0","SAO PEDRO DO SUACUI, BR","6",",I","6",",I","2",",I","37.5",",,I,04,","113.4",",,,I"
"BR001842004","1966-05","-18.36","-42.6","498.0","SAO PEDRO DO SUACUI, BR","5",",I","4",",I","2",",I","62.5",",,I,24,","144.9",",,,I"
"BR001842004","1966-06","-18.36","-42.6","498.0","SAO PEDRO DO SUACUI, BR","4",",I","4",",I","3",",I","67.6",",,I,22,","159.2",",,,I"
"BR001842004","1966-07","-18.36","-42.6","498.0","SAO PEDRO DO SUACUI, BR","5",",I","3",",I","1",",I","27.3",",,I,07,","53.4",",,,I"
"BR001842004","1966-08","-18.36","-42.6","498.0","SAO PEDRO DO SUACUI, BR","0",",I","0",",I","0",",I","0.0",",,I,31,+","0.0",",,,I"
"BR001842004","1966-09","-18.36","-42.6","498.0","SAO PEDRO DO SUACUI, BR","3",",I","2",",I","0",",I","17.4",",,I,30,","35.1",",,,I"
"BR001842004","1966-10","-18.36","-42.6","498.0","SAO PEDRO DO SUACUI, BR","10",",I","8",",I","1",",I","27.6",",,I,18,","99.7",",,,I"
"BR001842004","1966-11","-18.36","-42.6","498.0","SAO PEDRO DO SUACUI, BR","15",",I","13",",I","5",",I","57.2",",,I,27,","289.1",",,,I"
"BR001842004","1966-12","-18.36","-42.6","498.0","SAO PEDRO DO SUACUI, BR","18",",I","18",",I","9",",I","67.5",",,I,30,+","564.2",",,,I"
"BR001842004","1967-01","-18.36","-42.6","498.0","SAO PEDRO DO SUACUI, BR","10",",I","8",",I","6",",I","47.5",",,I,16,","255.7",",,,I"
"BR001842004","1967-02","-18.36","-42.6","498.0","SAO PEDRO DO SUACUI, BR","8",",I","4",",I","1",",I","37.5",",,I,11,","67.9",",,,I"
"BR001842004","1967-03","-18.36","-42.6","498.0","SAO PEDRO DO SUACUI, BR","9",",I","8",",I","5",",I","67.4",",,I,22,","257.9",",,,I"
"BR001842004","1967-04","-18.36","-42.6","498.0","SAO PEDRO DO SUACUI, BR","8",",I","4",",I","0",",I","17.5",",,I,16,","60.4",",,,I"
"BR001842004","1967-05","-18.36","-42.6","498.0","SAO PEDRO DO SUACUI, BR","3",",I","2",",I","1",",I","37.0",",,I,21,","44.6",",,,I"
"BR001842004","1967-06","-18.36","-42.6","498.0","SAO PEDRO DO SUACUI, BR","0",",I","0",",I","0",",I","0.0",",,I,30,+","0.0",",,,I"
"BR001842004","1967-07","-18.36","-42.6","498.0","SAO PEDRO DO SUACUI, BR","0",",I","0",",I","0",",I","0.0",",,I,31,+","0.0",",,,I"
"BR001842004","1967-08","-18.36","-42.6","498.0","SAO PEDRO DO SUACUI, BR","0",",I","0",",I","0",",I","0.0",",,I,31,+","0.0",",,,I"
"BR001842004","1967-09","-18.36","-42.6","498.0","SAO PEDRO DO SUACUI, BR","3",",I","2",",I","0",",I","17.5",",,I,13,","35.2",",,,I"
"BR001842004","1967-10","-18.36","-42.6","498.0","SAO PEDRO DO SUACUI, BR","3",",I","3",",I","1",",I","37.2",",,I,29,","62.5",",,,I"
"BR001842004","1967-11","-18.36","-42.6","498.0","SAO PEDRO DO SUACUI, BR","15",",I","11",",I","6",",I","101.5",",,I,30,","413.6",",,,I"
"BR001842004","1967-12","-18.36","-42.6","498.0","SAO PEDRO DO SUACUI, BR","14",",I","13",",I","11",",I","67.5",",,I,13,","473.2",",,,I"
"BR001842004","1968-01","-18.36","-42.6","498.0","SAO PEDRO DO SUACUI, BR","7",",I","6",",I","2",",I","57.0",",,I,07,","105.2",",,,I"
"BR001842004","1968-02","-18.36","-42.6","498.0","SAO PEDRO DO SUACUI, BR","20",",I","19",",I","8",",I","100.7",",,I,05,","676.0",",,,I"
"BR001842004","1968-03","-18.36","-42.6","498.0","SAO PEDRO DO SUACUI, BR","8",",I","7",",I","2",",I","47.2",",,I,03,","160.5",",,,I"
"BR001842004","1968-04","-18.36","-42.6","498.0","SAO PEDRO DO SUACUI, BR","14",",I","13",",I","7",",I","57.4",",,I,06,","364.4",",,,I"
"BR001842004","1968-05","-18.36","-42.6","498.0","SAO PEDRO DO SUACUI, BR","1",",I","1",",I","0",",I","7.0",",,I,16,","7.0",",,,I"
"BR001842004","1968-06","-18.36","-42.6","498.0","SAO PEDRO DO SUACUI, BR","1",",I","1",",I","0",",I","7.0",",,I,01,","7.0",",,,I"
"BR001842004","1968-07","-18.36","-42.6","498.0","SAO PEDRO DO SUACUI, BR","5",",I","5",",I","0",",I","17.5",",,I,20,","46.2",",,,I"
"BR001842004","1968-08","-18.36","-42.6","498.0","SAO PEDRO DO SUACUI, BR","3",",I","3",",I","1",",I","27.5",",,I,06,","62.4",",,,I"
"BR001842004","1968-09","-18.36","-42.6","498.0","SAO PEDRO DO SUACUI, BR","9",",I","9",",I","3",",I","47.5",",,I,04,","185.6",",,,I"
"BR001842004","1968-10","-18.36","-42.6","498.0","SAO PEDRO DO SUACUI, BR","8",",I","8",",I","4",",I","67.4",",,I,12,","239.3",",,,I"
"BR001842004","1968-11","-18.36","-42.6","498.0","SAO PEDRO DO SUACUI, BR","11",",I","11",",I","4",",I","57.2",",,I,16,","259.7",",,,I"
"BR001842004","1968-12","-18.36","-42.6","498.0","SAO PEDRO DO SUACUI, BR","5",",I","5",",I","3",",I","57.4",",,I,06,","150.8",",,,I"
"BR001842004","1969-01","-18.36","-42.6","498.0","SAO PEDRO DO SUACUI, BR","8",",I","7",",I","6",",I","67.0",",,I,26,","310.2",",,,I"
"BR001842004","1969-02","-18.36","-42.6","498.0","SAO PEDRO DO SUACUI, BR","4",",I","4",",I","4",",I","67.0",",,I,23,","168.0",",,,I"
"BR001842004","1969-03","-18.36","-42.6","498.0","SAO PEDRO DO SUACUI, BR","3",",I","3",",I","1",",I","37.0",",,I,03,","72.2",",,,I"
"BR001842004","1969-04","-18.36","-42.6","498.0","SAO PEDRO DO SUACUI, BR","4",",I","3",",I","1",",I","37.0",",,I,19,","72.2",",,,I"
"BR001842004","1969-05","-18.36","-42.6","498.0","SAO PEDRO DO SUACUI, BR","0",",I","0",",I","0",",I","0.1",",,I,06,","0.1",",,,I"
"BR001842004","1969-06","-18.36","-42.6","498.0","SAO PEDRO DO SUACUI, BR","2",",I","2",",I","1",",I","27.0",",,I,23,","34.1",",,,I"
"BR001842004","1969-07","-18.36","-42.6","498.0","SAO PEDRO DO SUACUI, BR","2",",I","0",",I","0",",I","2.4",",,I,24,","2.9",",,,I"
"BR001842004","1969-08","-18.36","-42.6","498.0","SAO PEDRO DO SUACUI, BR","0",",I","0",",I","0",",I","0.0",",,I,31,+","0.0",",,,I"
"BR001842004","1969-09","-18.36","-42.6","498.0","SAO PEDRO DO SUACUI, BR","1",",I","1",",I","0",",I","5.2",",,I,21,","5.2",",,,I"
"BR001842004","1969-10","-18.36","-42.6","498.0","SAO PEDRO DO SUACUI, BR","12",",I","8",",I","1",",I","41.8",",,I,18,","82.2",",,,I"
"BR001842004","1969-11","-18.36","-42.6","498.0","SAO PEDRO DO SUACUI, BR","19",",I","14",",I","2",",I","62.7",",,I,04,","234.3",",,,I"
"BR001842004","1969-12","-18.36","-42.6","498.0","SAO PEDRO DO SUACUI, BR","21",",I","18",",I","7",",I","66.8",",,I,15,","460.1",",,,I"
"BR001842004","1970-01","-18.36","-42.6","498.0","SAO PEDRO DO SUACUI, BR","21",",I","16",",I","4",",I","50.9",",,I,11,","263.4",",,,I"
"BR001842004","1970-02","-18.36","-42.6","498.0","SAO PEDRO DO SUACUI, BR","6",",I","4",",I","0",",I","11.0",",,I,25,","31.1",",,,I"
"BR001842004","1970-03","-18.36","-42.6","498.0","SAO PEDRO DO SUACUI, BR","5",",I","2",",I","0",",I","9.5",",,I,01,","22.6",",,,I"
"BR001842004","1970-04","-18.36","-42.6","498.0","SAO PEDRO DO SUACUI, BR","8",",I","5",",I","0",",I","19.3",",,I,12,","58.4",",,,I"
"BR001842004","1970-05","-18.36","-42.6","498.0","SAO PEDRO DO SUACUI, BR","0",",I","0",",I","0",",I","0.1",",,I,23,","0.1",",,,I"
"BR001842004","1970-06","-18.36","-42.6","498.0","SAO PEDRO DO SUACUI, BR","0",",I","0",",I","0",",I","0.0",",,I,30,+","0.0",",,,I"
"BR001842004","1970-07","-18.36","-42.6","498.0","SAO PEDRO DO SUACUI, BR","10",",I","3",",I","0",",I","12.5",",,I,22,","29.7",",,,I"
"BR001842004","1970-08","-18.36","-42.6","498.0","SAO PEDRO DO SUACUI, BR","5",",I","3",",I","0",",I","5.1",",,I,19,","16.1",",,,I"
"BR001842004","1970-09","-18.36","-42.6","498.0","SAO PEDRO DO SUACUI, BR","6",",I","4",",I","0",",I","15.9",",,I,27,","35.5",",,,I"
"BR001842004","1970-10","-18.36","-42.6","498.0","SAO PEDRO DO SUACUI, BR","17",",I","10",",I","2",",I","80.8",",,I,05,","193.4",",,,I"
"BR001842004","1970-11","-18.36","-42.6","498.0","SAO PEDRO DO SUACUI, BR","20",",I","14",",I","4",",I","61.7",",,I,15,","324.3",",,,I"
"BR001842004","1970-12","-18.36","-42.6","498.0","SAO PEDRO DO SUACUI, BR","11",",I","7",",I","0",",I","23.3",",,I,01,","109.0",",,,I"
"BR001842004","1971-01","-18.36","-42.6","498.0","SAO PEDRO DO SUACUI, BR","5",",I","4",",I","1",",I","38.9",",,I,15,","63.6",",,,I"
"BR001842004","1971-02","-18.36","-42.6","498.0","SAO PEDRO DO SUACUI, BR","5",",I","3",",I","1",",I","60.5",",,I,07,","92.7",",,,I"
"BR001842004","1971-03","-18.36","-42.6","498.0","SAO PEDRO DO SUACUI, BR","8",",I","7",",I","3",",I","40.1",",,I,06,","136.5",",,,I"
"BR001842004","1971-04","-18.36","-42.6","498.0","SAO PEDRO DO SUACUI, BR","3",",I","3",",I","1",",I","46.0",",,I,07,","72.7",",,,I"
"BR001842004","1971-05","-18.36","-42.6","498.0","SAO PEDRO DO SUACUI, BR","0",",I","0",",I","0",",I","0.0",",,I,31,+","0.0",",,,I"
"BR001842004","1971-06","-18.36","-42.6","498.0","SAO PEDRO DO SUACUI, BR","2",",I","0",",I","0",",I","0.7",",,I,23,","1.1",",,,I"
"BR001842004","1971-07","-18.36","-42.6","498.0","SAO PEDRO DO SUACUI, BR","3",",I","3",",I","0",",I","21.0",",,I,15,","39.0",",,,I"
"BR001842004","1971-08","-18.36","-42.6","498.0","SAO PEDRO DO SUACUI, BR","0",",I","0",",I","0",",I","0.0",",,I,31,+","0.0",",,,I"
"BR001842004","1971-09","-18.36","-42.6","498.0","SAO PEDRO DO SUACUI, BR","4",",I","1",",I","0",",I","9.6",",,I,03,","13.8",",,,I"
"BR001842004","1971-10","-18.36","-42.6","498.0","SAO PEDRO DO SUACUI, BR","6",",I","4",",I","2",",I","60.0",",,I,29,","133.3",",,,I"
"BR001842004","1971-11","-18.36","-42.6","498.0","SAO PEDRO DO SUACUI, BR","10",",I","10",",I","5",",I","63.7",",,I,22,","334.0",",,,I"
"BR001842004","1971-12","-18.36","-42.6","498.0","SAO PEDRO DO SUACUI, BR","6",",I","6",",I","2",",I","74.5",",,I,16,","157.8",",,,I"
"BR001842004","1972-01","-18.36","-42.6","498.0","SAO PEDRO DO SUACUI, BR","5",",I","5",",I","0",",I","15.3",",,I,12,","48.8",",,,I"
"BR001842004","1972-02","-18.36","-42.6","498.0","SAO PEDRO DO SUACUI, BR","3",",I","3",",I","2",",I","49.8",",,I,29,","110.1",",,,I"
"BR001842004","1972-03","-18.36","-42.6","498.0","SAO PEDRO DO SUACUI, BR","5",",I","5",",I","2",",I","54.7",",,I,02,","119.3",",,,I"
"BR001842004","1972-04","-18.36","-42.6","498.0","SAO PEDRO DO SUACUI, BR","8",",I","8",",I","1",",I","26.7",",,I,14,","121.9",",,,I"
"BR001842004","1972-05","-18.36","-42.6","498.0","SAO PEDRO DO SUACUI, BR","1",",I","1",",I","0",",I","7.0",",,I,26,","7.0",",,,I"
"BR001842004","1972-06","-18.36","-42.6","498.0","SAO PEDRO DO SUACUI, BR","0",",I","0",",I","0",",I","0.0",",,I,30,+","0.0",",,,I"
"BR001842004","1972-07","-18.36","-42.6","498.0","SAO PEDRO DO SUACUI, BR","3",",I","3",",I","0",",I","7.0",",,I,03,","14.3",",,,I"
"BR001842004","1972-08","-18.36","-42.6","498.0","SAO PEDRO DO SUACUI, BR","2",",I","1",",I","0",",I","11.2",",,I,07,","13.5",",,,I"
"BR001842004","1972-09","-18.36","-42.6","498.0","SAO PEDRO DO SUACUI, BR","1",",I","1",",I","0",",I","7.0",",,I,02,","7.0",",,,I"
"BR001842004","1972-10","-18.36","-42.6","498.0","SAO PEDRO DO SUACUI, BR","6",",I","5",",I","0",",I","14.6",",,I,17,","56.4",",,,I"
"BR001842004","1972-11","-18.36","-42.6","498.0","SAO PEDRO DO SUACUI, BR","12",",I","12",",I","2",",I","49.0",",,I,09,","227.7",",,,I"
"BR001842004","1972-12","-18.36","-42.6","498.0","SAO PEDRO DO SUACUI, BR","10",",I","9",",I","0",",I","16.0",",,I,23,","93.0",",,,I"
"BR001842004","1973-01","-18.36","-42.6","498.0","SAO PEDRO DO SUACUI, BR","4",",I","4",",I","0",",I","18.0",",,I,19,","36.1",",,,I"
"BR001842004","1973-02","-18.36","-42.6","498.0","SAO PEDRO DO SUACUI, BR","5",",I","5",",I","1",",I","26.2",",,I,14,","49.0",",,,I"
"BR001842004","1973-03","-18.36","-42.6","498.0","SAO PEDRO DO SUACUI, BR","9",",I","8",",I","2",",I","39.9",",,I,13,","134.1",",,,I"
"BR001842004","1973-04","-18.36","-42.6","498.0","SAO PEDRO DO SUACUI, BR","1",",I","1",",I","0",",I","3.1",",,I,13,","3.1",",,,I"
"BR001842004","1973-05","-18.36","-42.6","498.0","SAO PEDRO DO SUACUI, BR","3",",I","3",",I","0",",I","7.3",",,I,07,","17.4",",,,I"
"BR001842004","1973-06","-18.36","-42.6","498.0","SAO PEDRO DO SUACUI, BR","1",",I","1",",I","0",",I","6.2",",,I,29,","6.2",",,,I"
"BR001842004","1973-07","-18.36","-42.6","498.0","SAO PEDRO DO SUACUI, BR","1",",I","1",",I","0",",I","3.2",",,I,12,","3.2",",,,I"
"BR001842004","1973-08","-18.36","-42.6","498.0","SAO PEDRO DO SUACUI, BR","1",",I","1",",I","0",",I","5.3",",,I,30,","5.3",",,,I"
"BR001842004","1973-09","-18.36","-42.6","498.0","SAO PEDRO DO SUACUI, BR","3",",I","2",",I","0",",I","7.0",",,I,03,","14.4",",,,I"
"BR001842004","1973-10","-18.36","-42.6","498.0","SAO PEDRO DO SUACUI, BR","10",",I","9",",I","3",",I","42.3",",,I,20,+","183.9",",,,I"
"BR001842004","1973-11","-18.36","-42.6","498.0","SAO PEDRO DO SUACUI, BR","11",",I","11",",I","2",",I","35.4",",,I,07,","177.9",",,,I"
"BR001842004","1973-12","-18.36","-42.6","498.0","SAO PEDRO DO SUACUI, BR","12",",I","12",",I","5",",I","77.4",",,I,10,","298.4",",,,I"
"BR001842004","1974-01","-18.36","-42.6","498.0","SAO PEDRO DO SUACUI, BR","9",",I","9",",I","3",",I","42.3",",,I,03,","176.6",",,,I"
"BR001842004","1974-02","-18.36","-42.6","498.0","SAO PEDRO DO SUACUI, BR","4",",I","4",",I","2",",I","35.2",",,I,11,","92.6",",,,I"
"BR001842004","1974-03","-18.36","-42.6","498.0","SAO PEDRO DO SUACUI, BR","11",",I","11",",I","1",",I","35.3",",,I,28,","135.4",",,,I"
"BR001842004","1974-04","-18.36","-42.6","498.0","SAO PEDRO DO SUACUI, BR","5",",I","5",",I","0",",I","21.4",",,I,12,","61.2",",,,I"
"BR001842004","1974-05","-18.36","-42.6","498.0","SAO PEDRO DO SUACUI, BR","1",",I","1",",I","0",",I","7.0",",,I,06,","7.0",",,,I"
"BR001842004","1974-06","-18.36","-42.6","498.0","SAO PEDRO DO SUACUI, BR","1",",I","1",",I","0",",I","7.3",",,I,14,","7.3",",,,I"
"BR001842004","1974-07","-18.36","-42.6","498.0","SAO PEDRO DO SUACUI, BR","0",",I","0",",I","0",",I","0.0",",,I,31,+","0.0",",,,I"
"BR001842004","1974-08","-18.36","-42.6","498.0","SAO PEDRO DO SUACUI, BR","2",",I","2",",I","1",",I","42.3",",,I,15,","49.7",",,,I"
"BR001842004","1974-09","-18.36","-42.6","498.0","SAO PEDRO DO SUACUI, BR","0",",I","0",",I","0",",I","0.0",",,I,30,+","0.0",",,,I"
"BR001842004","1974-10","-18.36","-42.6","498.0","SAO PEDRO DO SUACUI, BR","9",",I","9",",I","2",",I","49.0",",,I,22,","188.1",",,,I"
"BR001842004","1974-11","-18.36","-42.6","498.0","SAO PEDRO DO SUACUI, BR","7",",I","7",",I","2",",I","50.4",",,I,15,","161.7",",,,I"
"BR001842004","1974-12","-18.36","-42.6","498.0","SAO PEDRO DO SUACUI, BR","10",",I","9",",I","3",",I","70.8",",,I,23,","242.1",",,,I"
"BR001842004","1975-01","-18.36","-42.6","498.0","SAO PEDRO DO SUACUI, BR","8",",I","8",",I","3",",I","47.8",",,I,23,","138.2",",,,I"
"BR001842004","1975-02","-18.36","-42.6","498.0","SAO PEDRO DO SUACUI, BR","7",",I","7",",I","2",",I","28.9",",,I,11,","108.8",",,,I"
"BR001842004","1975-03","-18.36","-42.6","498.0","SAO PEDRO DO SUACUI, BR","3",",I","3",",I","1",",I","28.6",",,I,26,","44.2",",,,I"
"BR001842004","1975-04","-18.36","-42.6","498.0","SAO PEDRO DO SUACUI, BR","6",",I","6",",I","2",",I","42.2",",,I,04,","127.9",",,,I"
"BR001842004","1975-05","-18.36","-42.6","498.0","SAO PEDRO DO SUACUI, BR","2",",I","2",",I","0",",I","7.2",",,I,08,","14.5",",,,I"
"BR001842004","1975-06","-18.36","-42.6","498.0","SAO PEDRO DO SUACUI, BR","2",",I","0",",I","0",",I","0.4",",,I,19,","1.0",",,,I"
"BR001842004","1975-07","-18.36","-42.6","498.0","SAO PEDRO DO SUACUI, BR","5",",I","1",",I","0",",I","7.2",",,I,24,","9.2",",,,I"
"BR001842004","1975-08","-18.36","-42.6","498.0","SAO PEDRO DO SUACUI, BR","1",",I","0",",I","0",",I","0.6",",,I,16,","0.6",",,,I"
"BR001842004","1975-09","-18.36","-42.6","498.0","SAO PEDRO DO SUACUI, BR","2",",I","2",",I","0",",I","7.5",",,I,26,","14.5",",,,I"
"BR001842004","1975-10","-18.36","-42.6","498.0","SAO PEDRO DO SUACUI, BR","8",",I","7",",I","2",",I","49.5",",,I,19,","157.0",",,,I"
"BR001842004","1975-11","-18.36","-42.6","498.0","SAO PEDRO DO SUACUI, BR","18",",I","16",",I","9",",I","63.4",",,I,01,","473.5",",,,I"
"BR001842004","1975-12","-18.36","-42.6","498.0","SAO PEDRO DO SUACUI, BR","8",",I","7",",I","3",",I","49.5",",,I,15,","180.3",",,,I"
"BR001842004","1976-01","-18.36","-42.6","498.0","SAO PEDRO DO SUACUI, BR","1",",I","1",",I","0",",I","7.2",",,I,01,","7.2",",,,I"
"BR001842004","1976-02","-18.36","-42.6","498.0","SAO PEDRO DO SUACUI, BR","9",",I","9",",I","4",",I","56.2",",,I,04,","241.0",",,,I"
"BR001842004","1976-03","-18.36","-42.6","498.0","SAO PEDRO DO SUACUI, BR","3",",I","1",",I","1",",I","84.3",",,I,23,","85.1",",,,I"
"BR001842004","1976-04","-18.36","-42.6","498.0","SAO PEDRO DO SUACUI, BR","1",",I","0",",I","0",",I","0.5",",,I,24,","0.5",",,,I"
"BR001842004","1976-05","-18.36","-42.6","498.0","SAO PEDRO DO SUACUI, BR","3",",I","2",",I","0",",I","7.5",",,I,21,","15.1",",,,I"
"BR001842004","1976-06","-18.36","-42.6","498.0","SAO PEDRO DO SUACUI, BR","0",",I","0",",I","0",",I","0.0",",,I,30,+","0.0",",,,I"
"BR001842004","1976-07","-18.36","-42.6","498.0","SAO PEDRO DO SUACUI, BR","3",",I","1",",I","0",",I","7.0",",,I,21,","8.1",",,,I"
"BR001842004","1976-08","-18.36","-42.6","498.0","SAO PEDRO DO SUACUI, BR","1",",I","1",",I","0",",I","7.2",",,I,15,","7.2",",,,I"
"BR001842004","1976-09","-18.36","-42.6","498.0","SAO PEDRO DO SUACUI, BR","8",",I","7",",I","3",",I","42.3",",,I,10,","141.8",",,,I"
"BR001842004","1976-10","-18.36","-42.6","498.0","SAO PEDRO DO SUACUI, BR","10",",I","6",",I","0",",I","21.3",",,I,21,","80.1",",,,I"
"BR001842004","1976-11","-18.36","-42.6","498.0","SAO PEDRO DO SUACUI, BR","14",",I","12",",I","3",",I","49.5",",,I,23,","241.6",",,,I"
"BR001842004","1976-12","-18.36","-42.6","498.0","SAO PEDRO DO SUACUI, BR","19",",I","19",",I","12",",I","63.2",",,I,30,","571.4",",,,I"
"BR001842004","1977-01","-18.36","-42.6","498.0","SAO PEDRO DO SUACUI, BR","15",",I","15",",I","8",",I","70.2",",,I,21,","451.6",",,,I"
"BR001842004","1977-02","-18.36","-42.6","498.0","SAO PEDRO DO SUACUI, BR","6",",I","4",",I","0",",I","21.2",",,I,01,","43.1",",,,I"
"BR001842004","1977-03","-18.36","-42.6","498.0","SAO PEDRO DO SUACUI, BR","2",",I","2",",I","0",",I","7.5",",,I,29,","14.5",",,,I"
"BR001842004","1977-04","-18.36","-42.6","498.0","SAO PEDRO DO SUACUI, BR","6",",I","5",",I","2",",I","35.2",",,I,25,","100.1",",,,I"
"BR001842004","1977-05","-18.36","-42.6","498.0","SAO PEDRO DO SUACUI, BR","2",",I","1",",I","0",",I","7.2",",,I,17,","7.7",",,,I"
"BR001842004","1977-06","-18.36","-42.6","498.0","SAO PEDRO DO SUACUI, BR","2",",I","1",",I","0",",I","7.4",",,I,22,","7.9",",,,I"
"BR001842004","1977-07","-18.36","-42.6","498.0","SAO PEDRO DO SUACUI, BR","1",",I","1",",I","0",",I","7.0",",,I,04,","7.0",",,,I"
"BR001842004","1977-08","-18.36","-42.6","498.0","SAO PEDRO DO SUACUI, BR","0",",I","0",",I","0",",I","0.0",",,I,31,+","0.0",",,,I"
"BR001842004","1977-09","-18.36","-42.6","498.0","SAO PEDRO DO SUACUI, BR","1",",I","0",",I","0",",I","0.5",",,I,26,","0.5",",,,I"
"BR001842004","1977-10","-18.36","-42.6","498.0","SAO PEDRO DO SUACUI, BR","4",",I","4",",I","0",",I","21.5",",,I,05,","50.5",",,,I"
"BR001842004","1977-11","-18.36","-42.6","498.0","SAO PEDRO DO SUACUI, BR","10",",I","10",",I","3",",I","35.3",",,I,25,","212.8",",,,I"
"BR001842004","1977-12","-18.36","-42.6","498.0","SAO PEDRO DO SUACUI, BR","11",",I","11",",I","5",",I","42.4",",,I,13,","275.8",",,,I"
"BR001842004","1978-01","-18.36","-42.6","498.0","SAO PEDRO DO SUACUI, BR","11",",I","11",",I","4",",I","56.4",",,I,10,","261.9",",,,I"
"BR001842004","1978-02","-18.36","-42.6","498.0","SAO PEDRO DO SUACUI, BR","15",",I","14",",I","3",",I","56.3",",,I,23,","234.4",",,,I"
"BR001842004","1978-03","-18.36","-42.6","498.0","SAO PEDRO DO SUACUI, BR","5",",I","5",",I","1",",I","28.1",",,I,07,","85.1",",,,I"
"BR001842004","1978-04","-18.36","-42.6","498.0","SAO PEDRO DO SUACUI, BR","4",",I","3",",I","0",",I","21.3",",,I,05,","49.9",",,,I"
"BR001842004","1978-05","-18.36","-42.6","498.0","SAO PEDRO DO SUACUI, BR","6",",I","5",",I","1",",I","28.3",",,I,01,","71.7",",,,I"
"BR001842004","1978-06","-18.36","-42.6","498.0","SAO PEDRO DO SUACUI, BR","3",",I","2",",I","0",",I","7.2",",,I,02,","14.6",",,,I"
"BR001842004","1978-07","-18.36","-42.6","498.0","SAO PEDRO DO SUACUI, BR","6",",I","5",",I","0",",I","14.2",",,I,29,","43.7",",,,I"
"BR001842004","1978-08","-18.36","-42.6","498.0","SAO PEDRO DO SUACUI, BR","1",",I","0",",I","0",",I","0.5",",,I,03,","0.5",",,,I"
"BR001842004","1978-09","-18.36","-42.6","498.0","SAO PEDRO DO SUACUI, BR","1",",I","1",",I","0",",I","21.3",",,I,08,","21.3",",,,I"
"BR001842004","1978-10","-18.36","-42.6","498.0","SAO PEDRO DO SUACUI, BR","12",",I","11",",I","4",",I","42.5",",,I,18,","227.4",",,,I"
"BR001842004","1978-11","-18.36","-42.6","498.0","SAO PEDRO DO SUACUI, BR","7",",I","7",",I","2",",I","28.2",",,I,13,","128.0",",,,I"
"BR001842004","1978-12","-18.36","-42.6","498.0","SAO PEDRO DO SUACUI, BR","11",",I","11",",I","5",",I","42.5",",,I,17,+","255.5",",,,I"
"BR001842004","1979-01","-18.36","-42.6","498.0","SAO PEDRO DO SUACUI, BR","23",",I","23",",I","11",",I","56.4",",,I,28,","588.3",",,,I"
"BR001842004","1979-02","-18.36","-42.6","498.0","SAO PEDRO DO SUACUI, BR","17",",I","17",",I","12",",I","70.2",",,I,02,","649.5",",,,I"
"BR001842004","1979-03","-18.36","-42.6","498.0","SAO PEDRO DO SUACUI, BR","12",",I","12",",I","3",",I","42.3",",,I,20,","237.2",",,,I"
"BR001842004","1979-04","-18.36","-42.6","498.0","SAO PEDRO DO SUACUI, BR","6",",I","6",",I","2",",I","42.5",",,I,04,","121.1",",,,I"
"BR001842004","1979-05","-18.36","-42.6","498.0","SAO PEDRO DO SUACUI, BR","2",",I","2",",I","1",",I","42.5",",,I,02,","49.9",",,,I"
"BR001842004","1979-06","-18.36","-42.6","498.0","SAO PEDRO DO SUACUI, BR","1",",I","0",",I","0",",I","0.4",",,I,28,","0.4",",,,I"
"BR001842004","1979-07","-18.36","-42.6","498.0","SAO PEDRO DO SUACUI, BR","2",",I","2",",I","0",",I","7.2",",,I,31,","14.2",",,,I"
"BR001842004","1979-08","-18.36","-42.6","498.0","SAO PEDRO DO SUACUI, BR","1",",I","1",",I","0",",I","14.3",",,I,21,","14.3",",,,I"
"BR001842004","1979-09","-18.36","-42.6","498.0","SAO PEDRO DO SUACUI, BR","3",",I","3",",I","1",",I","28.5",",,I,20,","42.7",",,,I"
"BR001842004","1979-10","-18.36","-42.6","498.0","SAO PEDRO DO SUACUI, BR","6",",I","6",",I","2",",I","28.4",",,I,16,","127.7",",,,I"
"BR001842004","1979-11","-18.36","-42.6","498.0","SAO PEDRO DO SUACUI, BR","13",",I","13",",I","5",",I","56.4",",,I,27,","297.3",",,,I"
"BR001842004","1979-12","-18.36","-42.6","498.0","SAO PEDRO DO SUACUI, BR","12",",I","12",",I","4",",I","56.4",",,I,23,","291.3",",,,I"
"BR001842004","1980-01","-18.36","-42.6","498.0","SAO PEDRO DO SUACUI, BR","16",",I","16",",I","8",",I","63.4",",,I,25,","466.8",",,,I"
"BR001842004","1980-02","-18.36","-42.6","498.0","SAO PEDRO DO SUACUI, BR","11",",I","11",",I","9",",I","56.4",",,I,04,","381.9",",,,I"
"BR001842004","1980-03","-18.36","-42.6","498.0","SAO PEDRO DO SUACUI, BR","3",",I","2",",I","1",",I","56.0",",,I,15,","63.7",",,,I"
"BR001842004","1980-04","-18.36","-42.6","498.0","SAO PEDRO DO SUACUI, BR","11",",I","11",",I","4",",I","56.4",",,I,10,","227.9",",,,I"
"BR001842004","1980-05","-18.36","-42.6","498.0","SAO PEDRO DO SUACUI, BR","3",",I","3",",I","2",",I","35.2",",,I,14,","85.1",",,,I"
"BR001842004","1980-06","-18.36","-42.6","498.0","SAO PEDRO DO SUACUI, BR","3",",I","2",",I","0",",I","7.2",",,I,11,","14.6",",,,I"
"BR001842004","1980-07","-18.36","-42.6","498.0","SAO PEDRO DO SUACUI, BR","1",",I","1",",I","0",",I","21.4",",,I,03,","21.4",",,,I"
"BR001842004","1980-08","-18.36","-42.6","498.0","SAO PEDRO DO SUACUI, BR","1",",I","1",",I","0",",I","7.4",",,I,11,","7.4",",,,I"
"BR001842004","1980-09","-18.36","-42.6","498.0","SAO PEDRO DO SUACUI, BR","1",",I","1",",I","0",",I","7.2",",,I,28,","7.2",",,,I"
"BR001842004","1980-10","-18.36","-42.6","498.0","SAO PEDRO DO SUACUI, BR","1",",I","1",",I","0",",I","7.1",",,I,12,","7.1",",,,I"
"BR001842004","1980-11","-18.36","-42.6","498.0","SAO PEDRO DO SUACUI, BR","7",",I","7",",I","3",",I","49.3",",,I,09,","176.9",",,,I"
"BR001842004","1980-12","-18.36","-42.6","498.0","SAO PEDRO DO SUACUI, BR","9",",I","9",",I","3",",I","56.4",",,I,07,","198.7",",,,I"
"BR001842004","1981-01","-18.36","-42.6","498.0","SAO PEDRO DO SUACUI, BR","14",",I","14",",I","5",",I","63.4",",,I,01,","361.9",",,,I"
"BR001842004","1981-02","-18.36","-42.6","498.0","SAO PEDRO DO SUACUI, BR","5",",I","5",",I","0",",I","21.3",",,I,24,","57.5",",,,I"
"BR001842004","1981-03","-18.36","-42.6","498.0","SAO PEDRO DO SUACUI, BR","17",",I","17",",I","9",",I","56.4",",,I,30,+","495.0",",,,I"
"BR001842004","1981-04","-18.36","-42.6","498.0","SAO PEDRO DO SUACUI, BR","5",",I","5",",I","1",",I","74.2",",,I,07,","110.3",",,,I"
"BR001842004","1981-05","-18.36","-42.6","498.0","SAO PEDRO DO SUACUI, BR","5",",I","4",",I","0",",I","14.3",",,I,19,","36.7",",,,I"
"BR001842004","1981-06","-18.36","-42.6","498.0","SAO PEDRO DO SUACUI, BR","2",",I","2",",I","0",",I","14.2",",,I,08,","21.6",",,,I"
"BR001842004","1981-07","-18.36","-42.6","498.0","SAO PEDRO DO SUACUI, BR","0",",I","0",",I","0",",I","0.0",",,I,31,+","0.0",",,,I"
"BR001842004","1981-08","-18.36","-42.6","498.0","SAO PEDRO DO SUACUI, BR","2",",I","2",",I","1",",I","28.5",",,I,18,","35.9",",,,I"
"BR001842004","1981-09","-18.36","-42.6","498.0","SAO PEDRO DO SUACUI, BR","0",",I","0",",I","0",",I","0.0",",,I,30,+","0.0",",,,I"
"BR001842004","1981-10","-18.36","-42.6","498.0","SAO PEDRO DO SUACUI, BR","15",",I","15",",I","6",",I","63.2",",,I,30,","424.1",",,,I"
"BR001842004","1981-11","-18.36","-42.6","498.0","SAO PEDRO DO SUACUI, BR","20",",I","20",",I","13",",I","63.6",",,I,23,","720.9",",,,I"
"BR001842004","1981-12","-18.36","-42.6","498.0","SAO PEDRO DO SUACUI, BR","10",",I","10",",I","3",",I","42.3",",,I,28,","177.4",",,,I"
"BR001842004","1982-01","-18.36","-42.6","498.0","SAO PEDRO DO SUACUI, BR","19",",I","19",",I","8",",I","70.4",",,I,16,","510.1",",,,I"
"BR001842004","1982-02","-18.36","-42.6","498.0","SAO PEDRO DO SUACUI, BR","3",",I","2",",I","0",",I","14.2",",,I,01,","22.0",",,,I"
"BR001842004","1982-03","-18.36","-42.6","498.0","SAO PEDRO DO SUACUI, BR","15",",I","14",",I","7",",I","56.4",",,I,21,+","397.7",",,,I"
"BR001842004","1982-04","-18.36","-42.6","498.0","SAO PEDRO DO SUACUI, BR","6",",I","6",",I","3",",I","84.3",",,I,17,","191.1",",,,I"
"BR001842004","1982-05","-18.36","-42.6","498.0","SAO PEDRO DO SUACUI, BR","7",",I","2",",I","0",",I","24.0",",,I,23,","37.0",",,,I"
"BR001842004","1982-06","-18.36","-42.6","498.0","SAO PEDRO DO SUACUI, BR","0",",I","0",",I","0",",I","0.2",",,I,03,","0.2",",,,I"
"BR001842004","1982-07","-18.36","-42.6","498.0","SAO PEDRO DO SUACUI, BR","0",",I","0",",I","0",",I","0.0",",,I,31,+","0.0",",,,I"
"BR001842004","1982-08","-18.36","-42.6","498.0","SAO PEDRO DO SUACUI, BR","3",",I","0",",I","0",",I","1.0",",,I,05,","2.6",",,,I"
"BR001842004","1982-09","-18.36","-42.6","498.0","SAO PEDRO DO SUACUI, BR","3",",I","0",",I","0",",I","2.0",",,I,20,","3.8",",,,I"
"BR001842004","1982-10","-18.36","-42.6","498.0","SAO PEDRO DO SUACUI, BR","6",",I","1",",I","0",",I","5.1",",,I,15,","10.3",",,,I"
"BR001842004","1982-11","-18.36","-42.6","498.0","SAO PEDRO DO SUACUI, BR","2",",I","1",",I","0",",I","2.5",",,I,18,","4.8",",,,I"
"BR001842004","1982-12","-18.36","-42.6","498.0","SAO PEDRO DO SUACUI, BR","12",",I","8",",I","0",",I","6.9",",,I,28,","37.4",",,,I"
"BR001842004","1983-01","-18.36","-42.6","498.0","SAO PEDRO DO SUACUI, BR","23",",I","17",",I","6",",I","144.0",",,I,06,","406.7",",,,I"
"BR001842004","1983-02","-18.36","-42.6","498.0","SAO PEDRO DO SUACUI, BR","16",",I","13",",I","1",",I","57.0",",,I,12,","199.0",",,,I"
"BR001842004","1983-03","-18.36","-42.6","498.0","SAO PEDRO DO SUACUI, BR","19",",I","11",",I","2",",I","46.2",",,I,26,","176.7",",,,I"
"BR001842004","1983-04","-18.36","-42.6","498.0","SAO PEDRO DO SUACUI, BR","6",",I","6",",I","0",",I","8.5",",,I,11,","32.5",",,,I"
"BR001842004","1983-05","-18.36","-42.6","498.0","SAO PEDRO DO SUACUI, BR","8",",I","4",",I","0",",I","7.1",",,I,04,","26.5",",,,I"
"BR001842004","1983-06","-18.36","-42.6","498.0","SAO PEDRO DO SUACUI, BR","1",",I","0",",I","0",",I","0.6",",,I,20,","0.6",",,,I"
"BR001842004","1983-07","-18.36","-42.6","498.0","SAO PEDRO DO SUACUI, BR","2",",I","1",",I","0",",I","9.8",",,I,21,","10.5",",,,I"
"BR001842004","1983-08","-18.36","-42.6","498.0","SAO PEDRO DO SUACUI, BR","0",",I","0",",I","0",",I","0.2",",,I,13,","0.2",",,,I"
"BR001842004","1983-09","-18.36","-42.6","498.0","SAO PEDRO DO SUACUI, BR","11",",I","5",",I","1",",I","27.0",",,I,29,","70.1",",,,I"
"BR001842004","1983-10","-18.36","-42.6","498.0","SAO PEDRO DO SUACUI, BR","11",",I","8",",I","2",",I","36.6",",,I,17,","125.9",",,,I"
"BR001842004","1983-11","-18.36","-42.6","498.0","SAO PEDRO DO SUACUI, BR","20",",I","14",",I","2",",I","28.0",",,I,24,+","183.4",",,,I"
"BR001842004","1983-12","-18.36","-42.6","498.0","SAO PEDRO DO SUACUI, BR","20",",I","15",",I","5",",I","68.4",",,I,03,","418.5",",,,I"
"BR001842004","1984-01","-18.36","-42.6","498.0","SAO PEDRO DO SUACUI, BR","7",",I","3",",I","1",",I","29.4",",,I,24,","50.5",",,,I"
"BR001842004","1984-02","-18.36","-42.6","498.0","SAO PEDRO DO SUACUI, BR","4",",I","4",",I","1",",I","49.8",",,I,29,","87.8",",,,I"
"BR001842004","1984-03","-18.36","-42.6","498.0","SAO PEDRO DO SUACUI, BR","13",",I","10",",I","0",",I","24.4",",,I,31,","110.0",",,,I"
"BR001842004","1984-04","-18.36","-42.6","498.0","SAO PEDRO DO SUACUI, BR","8",",I","3",",I","0",",I","23.5",",,I,01,","42.7",",,,I"
"BR001842004","1984-05","-18.36","-42.6","498.0","SAO PEDRO DO SUACUI, BR","1",",I","1",",I","0",",I","8.2",",,I,02,","8.6",",,,I"
"BR001842004","1984-06","-18.36","-42.6","498.0","SAO PEDRO DO SUACUI, BR","0",",I","0",",I","0",",I","0.0",",,I,30,+","0.0",",,,I"
"BR001842004","1984-07","-18.36","-42.6","498.0","SAO PEDRO DO SUACUI, BR","1",",I","1",",I","0",",I","2.9",",,I,02,","3.1",",,,I"
"BR001842004","1984-08","-18.36","-42.6","498.0","SAO PEDRO DO SUACUI, BR","5",",I","3",",I","0",",I","11.6",",,I,29,","23.9",",,,I"
"BR001842004","1984-09","-18.36","-42.6","498.0","SAO PEDRO DO SUACUI, BR","11",",I","7",",I","1",",I","33.0",",,I,30,","72.7",",,,I"
"BR001842004","1984-10","-18.36","-42.6","498.0","SAO PEDRO DO SUACUI, BR","9",",I","7",",I","1",",I","92.6",",,I,21,","129.4",",,,I"
"BR001842004","1984-11","-18.36","-42.6","498.0","SAO PEDRO DO SUACUI, BR","9",",I","6",",I","2",",I","35.4",",,I,21,","131.2",",,,I"
"BR001842004","1984-12","-18.36","-42.6","498.0","SAO PEDRO DO SUACUI, BR","20",",I","15",",I","5",",I","47.2",",,I,16,","278.8",",,,I"
"BR001842004","1985-01","-18.36","-42.6","498.0","SAO PEDRO DO SUACUI, BR","31",",I","27",",I","12",",I","88.6",",,I,16,","622.5",",,,I"
"BR001842004","1985-02","-18.36","-42.6","498.0","SAO PEDRO DO SUACUI, BR","6",",I","5",",I","0",",I","7.0",",,I,28,","34.1",",,,I"
"BR001842004","1985-03","-18.36","-42.6","498.0","SAO PEDRO DO SUACUI, BR","14",",I","11",",I","0",",I","15.3",",,I,30,","79.6",",,,I"
"BR001842004","1985-04","-18.36","-42.6","498.0","SAO PEDRO DO SUACUI, BR","1",",I","0",",I","0",",I","0.9",",,I,17,","1.0",",,,I"
"BR001842004","1985-05","-18.36","-42.6","498.0","SAO PEDRO DO SUACUI, BR","2",",I","0",",I","0",",I","2.1",",,I,02,","3.3",",,,I"
"BR001842004","1985-06","-18.36","-42.6","498.0","SAO PEDRO DO SUACUI, BR","0",",I","0",",I","0",",I","0.0",",,I,30,+","0.0",",,,I"
"BR001842004","1985-07","-18.36","-42.6","498.0","SAO PEDRO DO SUACUI, BR","2",",I","1",",I","0",",I","4.0",",,I,31,","5.4",",,,I"
"BR001842004","1985-08","-18.36","-42.6","498.0","SAO PEDRO DO SUACUI, BR","4",",I","2",",I","0",",I","9.6",",,I,23,","16.4",",,,I"
"BR001842004","1985-09","-18.36","-42.6","498.0","SAO PEDRO DO SUACUI, BR","8",",I","7",",I","0",",I","19.0",",,I,29,","84.3",",,,I"
"BR001842004","1985-10","-18.36","-42.6","498.0","SAO PEDRO DO SUACUI, BR","12",",I","9",",I","2",",I","37.0",",,I,23,","124.7",",,,I"
"BR001842004","1985-11","-18.36","-42.6","498.0","SAO PEDRO DO SUACUI, BR","14",",I","9",",I","2",",I","43.6",",,I,04,","134.4",",,,I"
"BR001842004","1985-12","-18.36","-42.6","498.0","SAO PEDRO DO SUACUI, BR","19",",I","16",",I","4",",I","46.4",",,I,28,","288.0",",,,I"
"BR001842004","1986-01","-18.36","-42.6","498.0","SAO PEDRO DO SUACUI, BR","15",",I","14",",I","4",",I","46.0",",,I,07,","248.6",",,,I"
"BR001842004","1986-02","-18.36","-42.6","498.0","SAO PEDRO DO SUACUI, BR","9",",I","6",",I","1",",I","44.2",",,I,13,","88.4",",,,I"
"BR001842004","1986-03","-18.36","-42.6","498.0","SAO PEDRO DO SUACUI, BR","3",",I","0",",I","0",",I","0.9",",,I,11,","1.6",",,,I"
"BR001842004","1986-04","-18.36","-42.6","498.0","SAO PEDRO DO SUACUI, BR","6",",I","5",",I","0",",I","15.8",",,I,28,","48.7",",,,I"
"BR001842004","1986-05","-18.36","-42.6","498.0","SAO PEDRO DO SUACUI, BR","4",",I","2",",I","0",",I","7.6",",,I,25,","11.8",",,,I"
"BR001842004","1986-06","-18.36","-42.6","498.0","SAO PEDRO DO SUACUI, BR","10",",I","4",",I","0",",I","15.2",",,I,12,","37.8",",,,I"
"BR001842004","1986-07","-18.36","-42.6","498.0","SAO PEDRO DO SUACUI, BR","3",",I","1",",I","0",",I","9.3",",,I,24,","12.0",",,,I"
"BR001842004","1986-08","-18.36","-42.6","498.0","SAO PEDRO DO SUACUI, BR","5",",I","4",",I","2",",I","32.0",",,I,27,","97.6",",,,I"
"BR001842004","1986-09","-18.36","-42.6","498.0","SAO PEDRO DO SUACUI, BR","1",",I","0",",I","0",",I","0.3",",,I,28,","0.7",",,,I"
"BR001842004","1986-10","-18.36","-42.6","498.0","SAO PEDRO DO SUACUI, BR","4",",I","3",",I","0",",I","18.0",",,I,24,","46.0",",,,I"
"BR001842004","1986-11","-18.36","-42.6","498.0","SAO PEDRO DO SUACUI, BR","6",",I","5",",I","2",",I","44.0",",,I,13,","113.0",",,,I"
"BR001842004","1986-12","-18.36","-42.6","498.0","SAO PEDRO DO SUACUI, BR","12",",I","8",",I","2",",I","42.0",",,I,13,","156.0",",,,I"
"BR001842004","1987-01","-18.36","-42.6","498.0","SAO PEDRO DO SUACUI, BR","12",",I","9",",I","4",",I","35.0",",,I,20,","160.0",",,,I"
"BR001842004","1987-02","-18.36","-42.6","498.0","SAO PEDRO DO SUACUI, BR","2",",I","1",",I","0",",I","11.0",",,I,22,","13.0",",,,I"
"BR001842004","1987-03","-18.36","-42.6","498.0","SAO PEDRO DO SUACUI, BR","10",",I","8",",I","2",",I","47.0",",,I,11,","173.0",",,,I"
"BR001842004","1987-04","-18.36","-42.6","498.0","SAO PEDRO DO SUACUI, BR","5",",I","4",",I","0",",I","14.0",",,I,25,+","39.0",",,,I"
"BR001842004","1987-05","-18.36","-42.6","498.0","SAO PEDRO DO SUACUI, BR","2",",I","2",",I","0",",I","5.0",",,I,24,","8.0",",,,I"
"BR001842004","1987-06","-18.36","-42.6","498.0","SAO PEDRO DO SUACUI, BR","4",",I","3",",I","0",",I","6.0",",,I,09,","13.0",",,,I"
"BR001842004","1987-07","-18.36","-42.6","498.0","SAO PEDRO DO SUACUI, BR","1",",I","0",",I","0",",I","1.0",",,I,30,","1.0",",,,I"
"BR001842004","1987-08","-18.36","-42.6","498.0","SAO PEDRO DO SUACUI, BR","1",",I","0",",I","0",",I","2.0",",,I,08,","2.0",",,,I"
"BR001842004","1987-09","-18.36","-42.6","498.0","SAO PEDRO DO SUACUI, BR","4",",I","2",",I","0",",I","15.0",",,I,24,","29.0",",,,I"
"BR001842004","1987-10","-18.36","-42.6","498.0","SAO PEDRO DO SUACUI, BR","5",",I","4",",I","2",",I","52.0",",,I,31,","95.0",",,,I"
"BR001842004","1987-11","-18.36","-42.6","498.0","SAO PEDRO DO SUACUI, BR","11",",I","8",",I","2",",I","44.0",",,I,08,","155.0",",,,I"
"BR001842004","1987-12","-18.36","-42.6","498.0","SAO PEDRO DO SUACUI, BR","15",",I","14",",I","3",",I","67.0",",,I,07,","248.0",",,,I"
"BR001842004","1988-01","-18.36","-42.6","498.0","SAO PEDRO DO SUACUI, BR","8",",I","8",",I","7",",I","49.0",",,I,02,","253.0",",,,I"
"BR001842004","1988-02","-18.36","-42.6","498.0","SAO PEDRO DO SUACUI, BR","9",",I","6",",I","3",",I","98.0",",,I,03,","213.8",",,,I"
"BR001842004","1988-03","-18.36","-42.6","498.0","SAO PEDRO DO SUACUI, BR","9",",I","5",",I","0",",I","23.0",",,I,19,","71.0",",,,I"
"BR001842004","1988-04","-18.36","-42.6","498.0","SAO PEDRO DO SUACUI, BR","8",",I","4",",I","1",",I","53.0",",,I,18,","95.0",",,,I"
"BR001842004","1988-05","-18.36","-42.6","498.0","SAO PEDRO DO SUACUI, BR","3",",I","1",",I","0",",I","6.0",",,I,07,","8.0",",,,I"
"BR001842004","1988-06","-18.36","-42.6","498.0","SAO PEDRO DO SUACUI, BR","1",",I","0",",I","0",",I","1.0",",,I,02,","1.0",",,,I"
"BR001842004","1988-07","-18.36","-42.6","498.0","SAO PEDRO DO SUACUI, BR","2",",I","0",",I","0",",I","2.0",",,I,05,+","4.0",",,,I"
"BR001842004","1988-08","-18.36","-42.6","498.0","SAO PEDRO DO SUACUI, BR","2",",I","2",",I","0",",I","6.0",",,I,06,","9.0",",,,I"
"BR001842004","1988-09","-18.36","-42.6","498.0","SAO PEDRO DO SUACUI, BR","0",",I","0",",I","0",",I","0.0",",,I,30,+","0.0",",,,I"
"BR001842004","1988-10","-18.36","-42.6","498.0","SAO PEDRO DO SUACUI, BR","13",",I","9",",I","1",",I","62.0",",,I,27,","109.0",",,,I"
"BR001842004","1988-11","-18.36","-42.6","498.0","SAO PEDRO DO SUACUI, BR","15",",I","11",",I","1",",I","35.0",",,I,28,","185.0",",,,I"
"BR001842004","1988-12","-18.36","-42.6","498.0","SAO PEDRO DO SUACUI, BR","14",",I","12",",I","4",",I","65.0",",,I,13,","287.0",",,,I"
"BR001842004","1989-01","-18.36","-42.6","498.0","SAO PEDRO DO SUACUI, BR","5",",I","1",",I","0",",I","20.0",",,I,19,","27.0",",,,I"
"BR001842004","1989-02","-18.36","-42.6","498.0","SAO PEDRO DO SUACUI, BR","7",",I","6",",I","0",",I","23.0",",,I,05,","71.0",",,,I"
"BR001842004","1989-03","-18.36","-42.6","498.0","SAO PEDRO DO SUACUI, BR","10",",I","7",",I","1",",I","37.0",",,I,16,","98.0",",,,I"
"BR001842004","1989-04","-18.36","-42.6","498.0","SAO PEDRO DO SUACUI, BR","3",",I","0",",I","0",",I","2.0",",,I,21,+","6.0",",,,I"
"BR001842004","1990-01","-18.36","-42.6","498.0","SAO PEDRO DO SUACUI, BR","5",",I","4",",I","0",",I","15.0",",,I,05,","32.0",",,,I"
"BR001842004","1990-02","-18.36","-42.6","498.0","SAO PEDRO DO SUACUI, BR","10",",I","10",",I","5",",I","95.0",",,I,19,","319.0",",,,I"
"BR001842004","1990-03","-18.36","-42.6","498.0","SAO PEDRO DO SUACUI, BR","3",",I","3",",I","3",",I","62.0",",,I,27,","124.0",",,,I"
"BR001842004","1990-04","-18.36","-42.6","498.0","SAO PEDRO DO SUACUI, BR","7",",I","2",",I","1",",I","62.0",",,I,12,","81.8",",,,I"
"BR001842004","1990-05","-18.36","-42.6","498.0","SAO PEDRO DO SUACUI, BR","5",",I","3",",I","0",",I","11.0",",,I,03,","25.8",",,,I"
"BR001842004","1990-06","-18.36","-42.6","498.0","SAO PEDRO DO SUACUI, BR","4",",I","1",",I","0",",I","5.0",",,I,29,","9.6",",,,I"
"BR001842004","1990-07","-18.36","-42.6","498.0","SAO PEDRO DO SUACUI, BR","1",",I","1",",I","0",",I","6.0",",,I,01,","6.0",",,,I"
"BR001842004","1990-08","-18.36","-42.6","498.0","SAO PEDRO DO SUACUI, BR","0",",I","0",",I","0",",I","0.0",",,I,31,+","0.0",",,,I"
"BR001842004","1990-09","-18.36","-42.6","498.0","SAO PEDRO DO SUACUI, BR","0",",I","0",",I","0",",I","0.0",",,I,30,+","0.0",",,,I"
"BR001842004","1990-10","-18.36","-42.6","498.0","SAO PEDRO DO SUACUI, BR","4",",I","3",",I","1",",I","27.2",",,I,26,","48.5",",,,I"
"BR001842004","1990-11","-18.36","-42.6","498.0","SAO PEDRO DO SUACUI, BR","9",",I","5",",I","1",",I","42.3",",,I,03,","92.2",",,,I"
"BR001842004","1990-12","-18.36","-42.6","498.0","SAO PEDRO DO SUACUI, BR","11",",I","8",",I","0",",I","24.9",",,I,30,","69.6",",,,I"
"BR001842004","1991-01","-18.36","-42.6","498.0","SAO PEDRO DO SUACUI, BR","19",",I","15",",I","2",",I","39.0",",,I,12,","262.6",",,,I"
"BR001842004","1991-02","-18.36","-42.6","498.0","SAO PEDRO DO SUACUI, BR","18",",I","15",",I","5",",I","79.0",",,I,24,","317.1",",,,I"
"BR001842004","1991-03","-18.36","-42.6","498.0","SAO PEDRO DO SUACUI, BR","8",",I","6",",I","2",",I","65.7",",,I,22,","147.4",",,,I"
"BR001842004","1991-04","-18.36","-42.6","498.0","SAO PEDRO DO SUACUI, BR","5",",I","5",",I","0",",I","21.4",",,I,30,","41.4",",,,I"
"BR001842004","1991-05","-18.36","-42.6","498.0","SAO PEDRO DO SUACUI, BR","4",",I","4",",I","1",",I","29.3",",,I,21,","46.0",",,,I"
"BR001842004","1991-06","-18.36","-42.6","498.0","SAO PEDRO DO SUACUI, BR","3",",I","2",",I","0",",I","9.0",",,I,15,","13.6",",,,I"
"BR001842004","1991-07","-18.36","-42.6","498.0","SAO PEDRO DO SUACUI, BR","5",",I","3",",I","0",",I","6.3",",,I,31,","15.9",",,,I"
"BR001842004","1991-08","-18.36","-42.6","498.0","SAO PEDRO DO SUACUI, BR","5",",I","3",",I","0",",I","7.9",",,I,20,","20.3",",,,I"
"BR001842004","1991-09","-18.36","-42.6","498.0","SAO PEDRO DO SUACUI, BR","6",",I","6",",I","2",",I","88.0",",,I,22,","170.3",",,,I"
"BR001842004","1991-10","-18.36","-42.6","498.0","SAO PEDRO DO SUACUI, BR","4",",I","1",",I","1",",I","52.8",",,I,01,","55.2",",,,I"
"BR001842004","1991-11","-18.36","-42.6","498.0","SAO PEDRO DO SUACUI, BR","21",",I","15",",I","5",",I","55.5",",,I,08,","328.4",",,,I"
"BR001842004","1991-12","-18.36","-42.6","498.0","SAO PEDRO DO SUACUI, BR","11",",I","8",",I","1",",I","51.5",",,I,03,","92.5",",,,I"
"BR001842004","1992-01","-18.36","-42.6","498.0","SAO PEDRO DO SUACUI, BR","29",",I","26",",I","8",",I","62.5",",,I,29,","564.5",",,,I"
"BR001842004","1992-02","-18.36","-42.6","498.0","SAO PEDRO DO SUACUI, BR","17",",I","14",",I","5",",I","55.5",",,I,04,","323.9",",,,I"
"BR001842004","1992-03","-18.36","-42.6","498.0","SAO PEDRO DO SUACUI, BR","11",",I","4",",I","0",",I","15.4",",,I,03,","43.9",",,,I"
"BR001842004","1992-04","-18.36","-42.6","498.0","SAO PEDRO DO SUACUI, BR","9",",I","5",",I","2",",I","40.0",",,I,22,","94.2",",,,I"
"BR001842004","1992-05","-18.36","-42.6","498.0","SAO PEDRO DO SUACUI, BR","4",",I","0",",I","0",",I","2.1",",,I,09,","5.8",",,,I"
"BR001842004","1992-06","-18.36","-42.6","498.0","SAO PEDRO DO SUACUI, BR","4",",I","1",",I","0",",I","11.7",",,I,21,","16.2",",,,I"
"BR001842004","1992-07","-18.36","-42.6","498.0","SAO PEDRO DO SUACUI, BR","7",",I","2",",I","0",",I","3.2",",,I,13,","10.5",",,,I"
"BR001842004","1992-08","-18.36","-42.6","498.0","SAO PEDRO DO SUACUI, BR","8",",I","2",",I","0",",I","7.0",",,I,25,","16.0",",,,I"
"BR001842004","1992-09","-18.36","-42.6","498.0","SAO PEDRO DO SUACUI, BR","10",",I","4",",I","0",",I","6.2",",,I,08,","22.3",",,,I"
"BR001842004","1992-10","-18.36","-42.6","498.0","SAO PEDRO DO SUACUI, BR","17",",I","11",",I","1",",I","32.0",",,I,30,","136.0",",,,I"
"BR001842004","1992-11","-18.36","-42.6","498.0","SAO PEDRO DO SUACUI, BR","15",",I","11",",I","5",",I","54.0",",,I,06,","279.8",",,,I"
"BR001842004","1992-12","-18.36","-42.6","498.0","SAO PEDRO DO SUACUI, BR","23",",I","15",",I","2",",I","44.0",",,I,09,","259.6",",,,I"
"BR001842004","1993-01","-18.36","-42.6","498.0","SAO PEDRO DO SUACUI, BR","12",",I","10",",I","3",",I","112.6",",,I,22,","238.3",",,,I"
"BR001842004","1993-02","-18.36","-42.6","498.0","SAO PEDRO DO SUACUI, BR","5",",I","3",",I","0",",I","22.7",",,I,15,","59.6",",,,I"
"BR001842004","1993-03","-18.36","-42.6","498.0","SAO PEDRO DO SUACUI, BR","4",",I","1",",I","0",",I","7.8",",,I,23,","9.9",",,,I"
"BR001842004","1993-04","-18.36","-42.6","498.0","SAO PEDRO DO SUACUI, BR","11",",I","6",",I","0",",I","16.0",",,I,28,","46.6",",,,I"
"BR001842004","1993-05","-18.36","-42.6","498.0","SAO PEDRO DO SUACUI, BR","6",",I","2",",I","0",",I","9.9",",,I,16,","21.5",",,,I"
"BR001842004","1993-06","-18.36","-42.6","498.0","SAO PEDRO DO SUACUI, BR","5",",I","2",",I","0",",I","5.6",",,I,14,","14.5",",,,I"
"BR001842004","1993-07","-18.36","-42.6","498.0","SAO PEDRO DO SUACUI, BR","3",",I","1",",I","0",",I","3.9",",,I,17,","6.5",",,,I"
"BR001842004","1993-08","-18.36","-42.6","498.0","SAO PEDRO DO SUACUI, BR","1",",I","0",",I","0",",I","1.4",",,I,22,","1.7",",,,I"
"BR001842004","1993-09","-18.36","-42.6","498.0","SAO PEDRO DO SUACUI, BR","3",",I","2",",I","0",",I","8.8",",,I,22,","14.6",",,,I"
"BR001842004","1993-10","-18.36","-42.6","498.0","SAO PEDRO DO SUACUI, BR","6",",I","4",",I","2",",I","41.4",",,I,25,","96.7",",,,I"
"BR001842004","1993-11","-18.36","-42.6","498.0","SAO PEDRO DO SUACUI, BR","6",",I","5",",I","1",",I","31.0",",,I,27,","68.5",",,,I"
"BR001842004","1993-12","-18.36","-42.6","498.0","SAO PEDRO DO SUACUI, BR","19",",I","17",",I","7",",I","101.6",",,I,22,","433.9",",,,I"
"BR001842004","1994-03","-18.36","-42.6","498.0","SAO PEDRO DO SUACUI, BR","23",",I","17",",I","6",",I","76.7",",,I,07,","415.5",",,,I"
"BR001842004","1994-04","-18.36","-42.6","498.0","SAO PEDRO DO SUACUI, BR","9",",I","4",",I","1",",I","41.8",",,I,02,","60.3",",,,I"
"BR001842004","1994-05","-18.36","-42.6","498.0","SAO PEDRO DO SUACUI, BR","6",",I","4",",I","0",",I","7.8",",,I,29,","22.5",",,,I"
"BR001842004","1994-06","-18.36","-42.6","498.0","SAO PEDRO DO SUACUI, BR","2",",I","1",",I","0",",I","3.8",",,I,23,","5.4",",,,I"
"BR001842004","1994-07","-18.36","-42.6","498.0","SAO PEDRO DO SUACUI, BR","4",",I","1",",I","0",",I","2.5",",,I,14,","5.6",",,,I"
"BR001842004","1994-08","-18.36","-42.6","498.0","SAO PEDRO DO SUACUI, BR","1",",I","0",",I","0",",I","0.7",",,I,05,","0.9",",,,I"
"BR001842004","1994-09","-18.36","-42.6","498.0","SAO PEDRO DO SUACUI, BR","1",",I","0",",I","0",",I","0.3",",,I,22,","0.3",",,,I"
"BR001842004","1994-10","-18.36","-42.6","498.0","SAO PEDRO DO SUACUI, BR","4",",I","2",",I","1",",I","32.1",",,I,29,","44.3",",,,I"
"BR001842004","1994-11","-18.36","-42.6","498.0","SAO PEDRO DO SUACUI, BR","18",",I","15",",I","3",",I","48.5",",,I,20,","303.4",",,,I"
"BR001842004","1994-12","-18.36","-42.6","498.0","SAO PEDRO DO SUACUI, BR","15",",I","13",",I","4",",I","100.0",",,I,08,","282.1",",,,I"
"BR001842004","1995-01","-18.36","-42.6","498.0","SAO PEDRO DO SUACUI, BR","4",",I","4",",I","0",",I","23.4",",,I,24,","64.0",",,,I"
"BR001842004","1995-02","-18.36","-42.6","498.0","SAO PEDRO DO SUACUI, BR","9",",I","7",",I","3",",I","62.8",",,I,09,","179.1",",,,I"
"BR001842004","1995-03","-18.36","-42.6","498.0","SAO PEDRO DO SUACUI, BR","8",",I","6",",I","3",",I","83.2",",,I,15,","219.4",",,,I"
"BR001842004","1995-04","-18.36","-42.6","498.0","SAO PEDRO DO SUACUI, BR","13",",I","6",",I","1",",I","34.8",",,I,04,","79.6",",,,I"
"BR001842004","1995-05","-18.36","-42.6","498.0","SAO PEDRO DO SUACUI, BR","7",",I","2",",I","1",",I","91.0",",,I,09,","118.7",",,,I"
"BR001842004","1995-06","-18.36","-42.6","498.0","SAO PEDRO DO SUACUI, BR","1",",I","1",",I","0",",I","5.0",",,I,21,","5.0",",,,I"
"BR001842004","1995-07","-18.36","-42.6","498.0","SAO PEDRO DO SUACUI, BR","7",",I","3",",I","0",",I","4.1",",,I,22,","14.2",",,,I"
"BR001842004","1995-08","-18.36","-42.6","498.0","SAO PEDRO DO SUACUI, BR","2",",I","1",",I","0",",I","5.2",",,I,18,","5.5",",,,I"
"BR001842004","1995-09","-18.36","-42.6","498.0","SAO PEDRO DO SUACUI, BR","1",",I","1",",I","0",",I","7.8",",,I,24,","7.8",",,,I"
"BR001842004","1995-10","-18.36","-42.6","498.0","SAO PEDRO DO SUACUI, BR","11",",I","9",",I","1",",I","40.5",",,I,07,","140.9",",,,I"
"BR001842004","1995-11","-18.36","-42.6","498.0","SAO PEDRO DO SUACUI, BR","17",",I","16",",I","3",",I","36.3",",,I,02,","225.4",",,,I"
"BR001842004","1995-12","-18.36","-42.6","498.0","SAO PEDRO DO SUACUI, BR","22",",I","18",",I","5",",I","69.6",",,I,29,","390.9",",,,I"
"BR001842004","1996-01","-18.36","-42.6","498.0","SAO PEDRO DO SUACUI, BR","7",",I","6",",I","0",",I","22.6",",,I,19,","98.3",",,,I"
"BR001842004","1996-02","-18.36","-42.6","498.0","SAO PEDRO DO SUACUI, BR","8",",I","6",",I","2",",I","61.6",",,I,22,","148.3",",,,I"
"BR001842004","1996-03","-18.36","-42.6","498.0","SAO PEDRO DO SUACUI, BR","7",",I","4",",I","0",",I","18.0",",,I,25,","43.4",",,,I"
"BR001842004","1996-04","-18.36","-42.6","498.0","SAO PEDRO DO SUACUI, BR","6",",I","3",",I","1",",I","32.1",",,I,13,","46.0",",,,I"
"BR001842004","1996-05","-18.36","-42.6","498.0","SAO PEDRO DO SUACUI, BR","4",",I","0",",I","0",",I","1.1",",,I,13,","3.1",",,,I"
"BR001842004","1996-06","-18.36","-42.6","498.0","SAO PEDRO DO SUACUI, BR","1",",I","0",",I","0",",I","1.7",",,I,14,","1.8",",,,I"
"BR001842004","1996-07","-18.36","-42.6","498.0","SAO PEDRO DO SUACUI, BR","1",",I","0",",I","0",",I","0.6",",,I,01,","0.6",",,,I"
"BR001842004","1996-08","-18.36","-42.6","498.0","SAO PEDRO DO SUACUI, BR","1",",I","1",",I","0",",I","2.5",",,I,25,","2.7",",,,I"
"BR001842004","1996-09","-18.36","-42.6","498.0","SAO PEDRO DO SUACUI, BR","5",",I","2",",I","0",",I","22.5",",,I,06,","44.6",",,,I"
"BR001842004","1996-10","-18.36","-42.6","498.0","SAO PEDRO DO SUACUI, BR","8",",I","5",",I","2",",I","67.3",",,I,29,","121.9",",,,I"
"BR001842004","1996-11","-18.36","-42.6","498.0","SAO PEDRO DO SUACUI, BR","23",",I","15",",I","3",",I","55.1",",,I,22,","249.6",",,,I"
"BR001842004","1996-12","-18.36","-42.6","498.0","SAO PEDRO DO SUACUI, BR","22",",I","17",",I","4",",I","66.8",",,I,09,","373.1",",,,I"
"BR001842004","1997-01","-18.36","-42.6","498.0","SAO PEDRO DO SUACUI, BR","18",",I","14",",I","2",",I","79.2",",,I,05,","242.9",",,,I"
"BR001842004","1997-02","-18.36","-42.6","498.0","SAO PEDRO DO SUACUI, BR","13",",I","9",",I","2",",I","40.0",",,I,27,","112.0",",,,I"
"BR001842004","1997-03","-18.36","-42.6","498.0","SAO PEDRO DO SUACUI, BR","17",",I","10",",I","1",",I","38.1",",,I,02,","144.6",",,,I"
"BR001842004","1997-04","-18.36","-42.6","498.0","SAO PEDRO DO SUACUI, BR","7",",I","5",",I","0",",I","16.7",",,I,20,","48.7",",,,I"
"BR001842004","1997-05","-18.36","-42.6","498.0","SAO PEDRO DO SUACUI, BR","2",",I","1",",I","0",",I","12.0",",,I,26,","12.3",",,,I"
"BR001842004","1997-06","-18.36","-42.6","498.0","SAO PEDRO DO SUACUI, BR","4",",I","1",",I","0",",I","7.3",",,I,06,","12.4",",,,I"
"BR001842004","1997-07","-18.36","-42.6","498.0","SAO PEDRO DO SUACUI, BR","3",",I","0",",I","0",",I","0.7",",,I,07,","1.8",",,,I"
"BR001842004","1997-08","-18.36","-42.6","498.0","SAO PEDRO DO SUACUI, BR","0",",I","0",",I","0",",I","0.1",",,I,08,","0.1",",,,I"
"BR001842004","1997-09","-18.36","-42.6","498.0","SAO PEDRO DO SUACUI, BR","8",",I","3",",I","1",",I","38.4",",,I,27,","57.7",",,,I"
"BR001842004","1997-10","-18.36","-42.6","498.0","SAO PEDRO DO SUACUI, BR","10",",I","6",",I","1",",I","38.2",",,I,26,","103.9",",,,I"
"BR001842004","1997-11","-18.36","-42.6","498.0","SAO PEDRO DO SUACUI, BR","8",",I","6",",I","3",",I","42.5",",,I,20,","149.8",",,,I"
"BR001842004","1997-12","-18.36","-42.6","498.0","SAO PEDRO DO SUACUI, BR","18",",I","13",",I","5",",I","59.5",",,I,11,","292.8",",,,I"
"BR001842004","1998-01","-18.36","-42.6","498.0","SAO PEDRO DO SUACUI, BR","12",",I","10",",I","5",",I","59.7",",,I,23,","279.7",",,,I"
"BR001842004","1998-02","-18.36","-42.6","498.0","SAO PEDRO DO SUACUI, BR","7",",I","5",",I","2",",I","34.5",",,I,17,","112.8",",,,I"
"BR001842004","1998-03","-18.36","-42.6","498.0","SAO PEDRO DO SUACUI, BR","7",",I","2",",I","0",",I","21.5",",,I,08,","30.4",",,,I"
"BR001842004","1998-04","-18.36","-42.6","498.0","SAO PEDRO DO SUACUI, BR","4",",I","2",",I","0",",I","19.7",",,I,10,","26.7",",,,I"
"BR001842004","1998-05","-18.36","-42.6","498.0","SAO PEDRO DO SUACUI, BR","7",",I","2",",I","1",",I","33.5",",,I,29,","39.9",",,,I"
"BR001842004","1998-06","-18.36","-42.6","498.0","SAO PEDRO DO SUACUI, BR","1",",I","0",",I","0",",I","0.3",",,I,22,","0.4",",,,I"
"BR001842004","1998-07","-18.36","-42.6","498.0","SAO PEDRO DO SUACUI, BR","0",",I","0",",I","0",",I","0.0",",,I,31,+","0.0",",,,I"
"BR001842004","1998-08","-18.36","-42.6","498.0","SAO PEDRO DO SUACUI, BR","2",",I","0",",I","0",",I","1.8",",,I,05,","2.1",",,,I"
"BR001842004","1998-09","-18.36","-42.6","498.0","SAO PEDRO DO SUACUI, BR","1",",I","0",",I","0",",I","0.3",",,I,02,","0.4",",,,I"
"BR001842004","1998-10","-18.36","-42.6","498.0","SAO PEDRO DO SUACUI, BR","11",",I","8",",I","0",",I","22.4",",,I,23,","72.2",",,,I"
"BR001842004","1998-11","-18.36","-42.6","498.0","SAO PEDRO DO SUACUI, BR","21",",I","16",",I","3",",I","30.5",",,I,12,","238.4",",,,I"
"BR001842004","1998-12","-18.36","-42.6","498.0","SAO PEDRO DO SUACUI, BR","13",",I","8",",I","2",",I","37.2",",,I,01,","138.3",",,,I"
"BR001842004","1999-01","-18.36","-42.6","498.0","SAO PEDRO DO SUACUI, BR","8",",I","7",",I","1",",I","70.2",",,I,04,","148.8",",,,I"
"BR001842004","1999-02","-18.36","-42.6","498.0","SAO PEDRO DO SUACUI, BR","5",",I","4",",I","0",",I","21.0",",,I,26,","32.5",",,,I"
"BR001842004","1999-03","-18.36","-42.6","498.0","SAO PEDRO DO SUACUI, BR","12",",I","8",",I","1",",I","30.8",",,I,07,","124.0",",,,I"
"BR001842004","1999-04","-18.36","-42.6","498.0","SAO PEDRO DO SUACUI, BR","4",",I","3",",I","0",",I","10.9",",,I,19,","21.8",",,,I"
"BR001842004","1999-05","-18.36","-42.6","498.0","SAO PEDRO DO SUACUI, BR","3",",I","1",",I","0",",I","3.3",",,I,09,","5.4",",,,I"
"BR001842004","1999-06","-18.36","-42.6","498.0","SAO PEDRO DO SUACUI, BR","3",",I","1",",I","0",",I","2.6",",,I,09,","4.4",",,,I"
"BR001842004","1999-07","-18.36","-42.6","498.0","SAO PEDRO DO SUACUI, BR","6",",I","1",",I","0",",I","4.2",",,I,11,","8.5",",,,I"
"BR001842004","1999-08","-18.36","-42.6","498.0","SAO PEDRO DO SUACUI, BR","2",",I","1",",I","0",",I","9.4",",,I,16,","10.2",",,,I"
"BR001842004","1999-09","-18.36","-42.6","498.0","SAO PEDRO DO SUACUI, BR","2",",I","0",",I","0",",I","1.2",",,I,18,","2.0",",,,I"
"BR001842004","1999-10","-18.36","-42.6","498.0","SAO PEDRO DO SUACUI, BR","7",",I","5",",I","2",",I","40.3",",,I,23,","92.0",",,,I"
"BR001842004","1999-11","-18.36","-42.6","498.0","SAO PEDRO DO SUACUI, BR","19",",I","12",",I","5",",I","61.5",",,I,29,","321.6",",,,I"
"BR001842004","1999-12","-18.36","-42.6","498.0","SAO PEDRO DO SUACUI, BR","16",",I","11",",I","2",",I","64.3",",,I,05,","187.5",",,,I"
"BR001842004","2000-01","-18.36","-42.6","498.0","SAO PEDRO DO SUACUI, BR","17",",I","9",",I","1",",I","38.2",",,I,21,","102.9",",,,I"
"BR001842004","2000-02","-18.36","-42.6","498.0","SAO PEDRO DO SUACUI, BR","12",",I","10",",I","2",",I","62.3",",,I,19,","199.1",",,,I"
"BR001842004","2000-03","-18.36","-42.6","498.0","SAO PEDRO DO SUACUI, BR","16",",I","9",",I","2",",I","36.5",",,I,17,","145.5",",,,I"
"BR001842004","2000-04","-18.36","-42.6","498.0","SAO PEDRO DO SUACUI, BR","10",",I","3",",I","0",",I","13.4",",,I,06,","32.6",",,,I"
"BR001842004","2000-05","-18.36","-42.6","498.0","SAO PEDRO DO SUACUI, BR","4",",I","2",",I","0",",I","11.0",",,I,01,","16.1",",,,I"
"BR001842004","2000-06","-18.36","-42.6","498.0","SAO PEDRO DO SUACUI, BR","2",",I","0",",I","0",",I","2.1",",,I,08,","3.1",",,,I"
"BR001842004","2000-07","-18.36","-42.6","498.0","SAO PEDRO DO SUACUI, BR","4",",I","2",",I","0",",I","4.8",",,I,06,","8.9",",,,I"
"BR001842004","2000-08","-18.36","-42.6","498.0","SAO PEDRO DO SUACUI, BR","4",",I","1",",I","0",",I","22.0",",,I,30,","26.6",",,,I"
"BR001842004","2000-09","-18.36","-42.6","498.0","SAO PEDRO DO SUACUI, BR","10",",I","3",",I","0",",I","12.3",",,I,04,","29.5",",,,I"
"BR001842004","2000-10","-18.36","-42.6","498.0","SAO PEDRO DO SUACUI, BR","4",",I","4",",I","1",",I","27.7",",,I,07,","52.6",",,,I"
"BR001842004","2000-11","-18.36","-42.6","498.0","SAO PEDRO DO SUACUI, BR","18",",I","15",",I","6",",I","64.3",",,I,16,","357.2",",,,I"
"BR001842004","2000-12","-18.36","-42.6","498.0","SAO PEDRO DO SUACUI, BR","17",",I","13",",I","3",",I","52.3",",,I,31,","268.1",",,,I"
