"STATION","DATE","LATITUDE","LONGITUDE","ELEVATION","NAME","DP01","DP01_ATTRIBUTES","DP10","DP10_ATTRIBUTES","DP1X","DP1X_ATTRIBUTES","EMXP","EMXP_ATTRIBUTES","PRCP","PRCP_ATTRIBUTES"
"BR00F5-0050","1952-08","-24.43","-48.85","900.0","ARACAIBA CAPOEIRAS, BR","3","3,I","3","3,I","0","3,I","7.8","3,,I,26,","17.1","3,,,I"
"BR00F5-0050","1952-09","-24.43","-48.85","900.0","ARACAIBA CAPOEIRAS, BR","10",",I","7",",I","1",",I","39.5",",,I,06,","142.7",",,,I"
"BR00F5-0050","1952-10","-24.43","-48.85","900.0","ARACAIBA CAPOEIRAS, BR","15",",I","13",",I","4",",I","42.1",",,I,19,","213.5",",,,I"
"BR00F5-0050","1952-11","-24.43","-48.85","900.0","ARACAIBA CAPOEIRAS, BR","12",",I","8",",I","0",",I","22.2",",,I,20,","98.6",",,,I"
"BR00F5-0050","1952-12","-24.43","-48.85","900.0","ARACAIBA CAPOEIRAS, BR","12",",I","11",",I","0",",I","25.3",",,I,31,","131.5",",,,I"
"BR00F5-0050","1953-01","-24.43","-48.85","900.0","ARACAIBA CAPOEIRAS, BR","14",",I","11",",I","1",",I","36.8",",,I,07,","162.5",",,,I"
"BR00F5-0050","1953-02","-24.43","-48.85","900.0","ARACAIBA CAPOEIRAS, BR","14",",I","9",",I","1",",I","28.3",",,I,13,","109.5",",,,I"
"BR00F5-0050","1953-03","-24.43","-48.85","900.0","ARACAIBA CAPOEIRAS, BR","19",",I","12",",I","1",",I","58.7",",,I,11,","136.1",",,,I"
"BR00F5-0050","1953-04","-24.43","-48.85","900.0","ARACAIBA CAPOEIRAS, BR","13",",I","5",",I","1",",I","46.7",",,I,08,","98.7",",,,I"
"BR00F5-0050","1953-05","-24.43","-48.85","900.0","ARACAIBA CAPOEIRAS, BR","14",",I","5",",I","1",",I","43.8",",,I,31,","92.5",",,,I"
"BR00F5-0050","1953-06","-24.43","-48.85","900.0","ARACAIBA CAPOEIRAS, BR","9",",I","2",",I","1",",I","30.5",",,I,10,","42.7",",,,I"
"BR00F5-0050","1953-07","-24.43","-48.85","900.0","ARACAIBA CAPOEIRAS, BR","10",",I","5",",I","1",",I","44.9",",,I,19,","98.4",",,,I"
"BR00F5-0050","1953-08","-24.43","-48.85","900.0","ARACAIBA CAPOEIRAS, BR","16",",I","7",",I","0",",I","11.6",",,I,25,","48.2",",,,I"
"BR00F5-0050","1953-09","-24.43","-48.85","900.0","ARACAIBA CAPOEIRAS, BR","15",",I","7",",I","0",",I","19.9",",,I,15,","78.0",",,,I"
"BR00F5-0050","1953-10","-24.43","-48.85","900.0","ARACAIBA CAPOEIRAS, BR","24",",I","13",",I","1",",I","26.1",",,I,31,","104.1",",,,I"
"BR00F5-0050","1953-11","-24.43","-48.85","900.0","ARACAIBA CAPOEIRAS, BR","10",",I","8",",I","3",",I","27.5",",,I,12,","120.6",",,,I"
"BR00F5-0050","1953-12","-24.43","-48.85","900.0","ARACAIBA CAPOEIRAS, BR","18",",I","15",",I","1",",I","50.2",",,I,27,","143.3",",,,I"
"BR00F5-0050","1954-01","-24.43","-48.85","900.0","ARACAIBA CAPOEIRAS, BR","23",",I","19",",I","5",",I","33.5",",,I,04,","287.6",",,,I"
"BR00F5-0050","1954-02","-24.43","-48.85","900.0","ARACAIBA CAPOEIRAS, BR","19",",I","15",",I","2",",I","119.6",",,I,07,","279.6",",,,I"
"BR00F5-0050","1954-03","-24.43","-48.85","900.0","ARACAIBA CAPOEIRAS, BR","24",",I","18",",I","1",",I","29.6",",,I,08,","231.0",",,,I"
"BR00F5-0050","1954-04","-24.43","-48.85","900.0","ARACAIBA CAPOEIRAS, BR","16",",I","10",",I","1",",I","40.4",",,I,28,","101.5",",,,I"
"BR00F5-0050","1954-05","-24.43","-48.85","900.0","ARACAIBA CAPOEIRAS, BR","20",",I","14",",I","3",",I","45.1",",,I,18,","239.7",",,,I"
"BR00F5-0050","1954-06","-24.43","-48.85","900.0","ARACAIBA CAPOEIRAS, BR","22",",I","12",",I","0",",I","17.3",",,I,05,","114.6",",,,I"
"BR00F5-0050","1954-07","-24.43","-48.85","900.0","ARACAIBA CAPOEIRAS, BR","13",",I","5",",I","1",",I","40.4",",,I,16,","64.5",",,,I"
"BR00F5-0050","1954-08","-24.43","-48.85","900.0","ARACAIBA CAPOEIRAS, BR","6",",I","3",",I","0",",I","5.4",",,I,22,","15.4",",,,I"
"BR00F5-0050","1954-09","-24.43","-48.85","900.0","ARACAIBA CAPOEIRAS, BR","15",",I","10",",I","0",",I","15.3",",,I,13,","79.9",",,,I"
"BR00F5-0050","1954-10","-24.43","-48.85","900.0","ARACAIBA CAPOEIRAS, BR","25",",I","13",",I","0",",I","24.6",",,I,16,","132.6",",,,I"
"BR00F5-0050","1954-11","-24.43","-48.85","900.0","ARACAIBA CAPOEIRAS, BR","4",",I","0",",I","0",",I","2.0",",,I,13,","5.0",",,,I"
"BR00F5-0050","1954-12","-24.43","-48.85","900.0","ARACAIBA CAPOEIRAS, BR","16",",I","7",",I","1",",I","31.5",",,I,18,","125.0",",,,I"
"BR00F5-0050","1955-01","-24.43","-48.85","900.0","ARACAIBA CAPOEIRAS, BR","17",",I","11",",I","0",",I","20.1",",,I,14,","116.3",",,,I"
"BR00F5-0050","1955-02","-24.43","-48.85","900.0","ARACAIBA CAPOEIRAS, BR","11",",I","8",",I","0",",I","25.3",",,I,22,","104.5",",,,I"
"BR00F5-0050","1955-03","-24.43","-48.85","900.0","ARACAIBA CAPOEIRAS, BR","18",",I","15",",I","4",",I","49.4",",,I,06,","254.6",",,,I"
"BR00F5-0050","1955-04","-24.43","-48.85","900.0","ARACAIBA CAPOEIRAS, BR","15",",I","5",",I","0",",I","24.9",",,I,16,","72.5",",,,I"
"BR00F5-0050","1955-05","-24.43","-48.85","900.0","ARACAIBA CAPOEIRAS, BR","7",",I","4",",I","1",",I","51.7",",,I,16,","87.7",",,,I"
"BR00F5-0050","1955-06","-24.43","-48.85","900.0","ARACAIBA CAPOEIRAS, BR","18",",I","10",",I","1",",I","35.7",",,I,13,","130.2",",,,I"
"BR00F5-0050","1955-07","-24.43","-48.85","900.0","ARACAIBA CAPOEIRAS, BR","10",",I","8",",I","0",",I","19.9",",,I,03,","86.4",",,,I"
"BR00F5-0050","1955-08","-24.43","-48.85","900.0","ARACAIBA CAPOEIRAS, BR","9",",I","6",",I","0",",I","23.5",",,I,28,","95.8",",,,I"
"BR00F5-0050","1955-09","-24.43","-48.85","900.0","ARACAIBA CAPOEIRAS, BR","5",",I","1",",I","0",",I","3.8",",,I,03,","9.0",",,,I"
"BR00F5-0050","1955-10","-24.43","-48.85","900.0","ARACAIBA CAPOEIRAS, BR","11",",I","7",",I","2",",I","45.4",",,I,28,","115.7",",,,I"
"BR00F5-0050","1955-11","-24.43","-48.85","900.0","ARACAIBA CAPOEIRAS, BR","15",",I","5",",I","1",",I","30.2",",,I,02,","69.8",",,,I"
"BR00F5-0050","1955-12","-24.43","-48.85","900.0","ARACAIBA CAPOEIRAS, BR","15",",I","8",",I","2",",I","54.1",",,I,03,","148.1",",,,I"
"BR00F5-0050","1956-01","-24.43","-48.85","900.0","ARACAIBA CAPOEIRAS, BR","19",",I","12",",I","1",",I","34.4",",,I,31,","165.7",",,,I"
"BR00F5-0050","1956-02","-24.43","-48.85","900.0","ARACAIBA CAPOEIRAS, BR","16",",I","13",",I","4",",I","51.2",",,I,03,","204.9",",,,I"
"BR00F5-0050","1956-03","-24.43","-48.85","900.0","ARACAIBA CAPOEIRAS, BR","16",",I","11",",I","1",",I","41.3",",,I,18,","150.4",",,,I"
"BR00F5-0050","1956-04","-24.43","-48.85","900.0","ARACAIBA CAPOEIRAS, BR","19",",I","11",",I","2",",I","66.7",",,I,28,","190.3",",,,I"
"BR00F5-0050","1956-05","-24.43","-48.85","900.0","ARACAIBA CAPOEIRAS, BR","20",",I","13",",I","0",",I","23.5",",,I,24,","131.7",",,,I"
"BR00F5-0050","1956-06","-24.43","-48.85","900.0","ARACAIBA CAPOEIRAS, BR","18",",I","10",",I","0",",I","17.8",",,I,11,","89.3",",,,I"
"BR00F5-0050","1956-07","-24.43","-48.85","900.0","ARACAIBA CAPOEIRAS, BR","13",",I","8",",I","1",",I","32.8",",,I,31,","104.5",",,,I"
"BR00F5-0050","1956-08","-24.43","-48.85","900.0","ARACAIBA CAPOEIRAS, BR","8",",I","6",",I","2",",I","43.6",",,I,01,","122.1",",,,I"
"BR00F5-0050","1956-09","-24.43","-48.85","900.0","ARACAIBA CAPOEIRAS, BR","13",",I","6",",I","0",",I","17.9",",,I,26,","72.9",",,,I"
"BR00F5-0050","1956-10","-24.43","-48.85","900.0","ARACAIBA CAPOEIRAS, BR","16",",I","11",",I","0",",I","23.7",",,I,23,","127.6",",,,I"
"BR00F5-0050","1956-11","-24.43","-48.85","900.0","ARACAIBA CAPOEIRAS, BR","10",",I","2",",I","0",",I","11.2",",,I,09,","23.6",",,,I"
"BR00F5-0050","1956-12","-24.43","-48.85","900.0","ARACAIBA CAPOEIRAS, BR","11",",I","8",",I","2",",I","40.7",",,I,06,","136.5",",,,I"
"BR00F5-0050","1957-01","-24.43","-48.85","900.0","ARACAIBA CAPOEIRAS, BR","22",",I","16",",I","4",",I","56.8",",,I,15,","318.6",",,,I"
"BR00F5-0050","1957-02","-24.43","-48.85","900.0","ARACAIBA CAPOEIRAS, BR","21",",I","14",",I","2",",I","57.1",",,I,04,","199.8",",,,I"
"BR00F5-0050","1957-03","-24.43","-48.85","900.0","ARACAIBA CAPOEIRAS, BR","12",",I","10",",I","0",",I","13.6",",,I,31,+","70.1",",,,I"
"BR00F5-0050","1957-04","-24.43","-48.85","900.0","ARACAIBA CAPOEIRAS, BR","9",",I","7",",I","0",",I","20.3",",,I,14,","68.1",",,,I"
"BR00F5-0050","1957-05","-24.43","-48.85","900.0","ARACAIBA CAPOEIRAS, BR","11",",I","6",",I","0",",I","5.3",",,I,01,","28.6",",,,I"
"BR00F5-0050","1957-06","-24.43","-48.85","900.0","ARACAIBA CAPOEIRAS, BR","10",",I","5",",I","2",",I","36.4",",,I,29,","114.0",",,,I"
"BR00F5-0050","1957-07","-24.43","-48.85","900.0","ARACAIBA CAPOEIRAS, BR","17",",I","14",",I","4",",I","49.4",",,I,15,","269.1",",,,I"
"BR00F5-0050","1957-08","-24.43","-48.85","900.0","ARACAIBA CAPOEIRAS, BR","9",",I","7",",I","1",",I","26.9",",,I,19,","91.4",",,,I"
"BR00F5-0050","1957-09","-24.43","-48.85","900.0","ARACAIBA CAPOEIRAS, BR","18",",I","13",",I","5",",I","64.6",",,I,03,","278.5",",,,I"
"BR00F5-0050","1957-10","-24.43","-48.85","900.0","ARACAIBA CAPOEIRAS, BR","15",",I","10",",I","3",",I","56.4",",,I,28,","180.4",",,,I"
"BR00F5-0050","1957-11","-24.43","-48.85","900.0","ARACAIBA CAPOEIRAS, BR","12",",I","7",",I","0",",I","16.0",",,I,10,","58.3",",,,I"
"BR00F5-0050","1957-12","-24.43","-48.85","900.0","ARACAIBA CAPOEIRAS, BR","15",",I","9",",I","2",",I","59.9",",,I,02,","168.9",",,,I"
"BR00F5-0050","1958-01","-24.43","-48.85","900.0","ARACAIBA CAPOEIRAS, BR","19",",I","11",",I","2",",I","33.7",",,I,25,","178.6",",,,I"
"BR00F5-0050","1958-02","-24.43","-48.85","900.0","ARACAIBA CAPOEIRAS, BR","15",",I","13",",I","2",",I","37.9",",,I,10,","196.9",",,,I"
"BR00F5-0050","1958-03","-24.43","-48.85","900.0","ARACAIBA CAPOEIRAS, BR","16",",I","9",",I","0",",I","20.0",",,I,14,","89.2",",,,I"
"BR00F5-0050","1958-04","-24.43","-48.85","900.0","ARACAIBA CAPOEIRAS, BR","11",",I","5",",I","0",",I","22.3",",,I,01,","77.1",",,,I"
"BR00F5-0050","1958-05","-24.43","-48.85","900.0","ARACAIBA CAPOEIRAS, BR","14",",I","10",",I","3",",I","43.2",",,I,23,","194.6",",,,I"
"BR00F5-0050","1958-06","-24.43","-48.85","900.0","ARACAIBA CAPOEIRAS, BR","9",",I","4",",I","2",",I","36.3",",,I,17,","88.8",",,,I"
"BR00F5-0050","1958-07","-24.43","-48.85","900.0","ARACAIBA CAPOEIRAS, BR","5",",I","2",",I","0",",I","9.1",",,I,16,","16.3",",,,I"
"BR00F5-0050","1958-08","-24.43","-48.85","900.0","ARACAIBA CAPOEIRAS, BR","5",",I","2",",I","1",",I","30.9",",,I,29,","50.0",",,,I"
"BR00F5-0050","1958-09","-24.43","-48.85","900.0","ARACAIBA CAPOEIRAS, BR","13",",I","9",",I","1",",I","34.4",",,I,13,","120.2",",,,I"
"BR00F5-0050","1958-10","-24.43","-48.85","900.0","ARACAIBA CAPOEIRAS, BR","14",",I","11",",I","2",",I","116.9",",,I,26,","249.2",",,,I"
"BR00F5-0050","1958-11","-24.43","-48.85","900.0","ARACAIBA CAPOEIRAS, BR","13",",I","11",",I","2",",I","29.6",",,I,24,","174.5",",,,I"
"BR00F5-0050","1958-12","-24.43","-48.85","900.0","ARACAIBA CAPOEIRAS, BR","20",",I","15",",I","3",",I","67.3",",,I,07,","236.5",",,,I"
"BR00F5-0050","1959-01","-24.43","-48.85","900.0","ARACAIBA CAPOEIRAS, BR","16",",I","14",",I","2",",I","35.0",",,I,13,","210.4",",,,I"
"BR00F5-0050","1959-02","-24.43","-48.85","900.0","ARACAIBA CAPOEIRAS, BR","17",",I","12",",I","1",",I","27.1",",,I,07,","127.7",",,,I"
"BR00F5-0050","1959-03","-24.43","-48.85","900.0","ARACAIBA CAPOEIRAS, BR","17",",I","9",",I","0",",I","14.6",",,I,24,","82.5",",,,I"
"BR00F5-0050","1959-04","-24.43","-48.85","900.0","ARACAIBA CAPOEIRAS, BR","12",",I","7",",I","0",",I","19.5",",,I,03,","77.2",",,,I"
"BR00F5-0050","1959-05","-24.43","-48.85","900.0","ARACAIBA CAPOEIRAS, BR","7",",I","3",",I","0",",I","22.4",",,I,20,","40.1",",,,I"
"BR00F5-0050","1959-06","-24.43","-48.85","900.0","ARACAIBA CAPOEIRAS, BR","3",",I","1",",I","0",",I","11.7",",,I,06,","14.8",",,,I"
"BR00F5-0050","1959-07","-24.43","-48.85","900.0","ARACAIBA CAPOEIRAS, BR","0",",I","0",",I","0",",I","0.2",",,I,18,+","0.8",",,,I"
"BR00F5-0050","1959-08","-24.43","-48.85","900.0","ARACAIBA CAPOEIRAS, BR","12",",I","4",",I","2",",I","26.7",",,I,01,","76.7",",,,I"
"BR00F5-0050","1959-09","-24.43","-48.85","900.0","ARACAIBA CAPOEIRAS, BR","13",",I","7",",I","1",",I","25.4",",,I,04,","78.9",",,,I"
"BR00F5-0050","1959-10","-24.43","-48.85","900.0","ARACAIBA CAPOEIRAS, BR","12",",I","8",",I","1",",I","63.8",",,I,13,","127.8",",,,I"
"BR00F5-0050","1959-11","-24.43","-48.85","900.0","ARACAIBA CAPOEIRAS, BR","8",",I","7",",I","2",",I","56.3",",,I,26,","137.4",",,,I"
"BR00F5-0050","1959-12","-24.43","-48.85","900.0","ARACAIBA CAPOEIRAS, BR","14",",I","10",",I","0",",I","22.3",",,I,22,","106.5",",,,I"
"BR00F5-0050","1960-01","-24.43","-48.85","900.0","ARACAIBA CAPOEIRAS, BR","9",",I","6",",I","1",",I","77.7",",,I,08,","163.1",",,,I"
"BR00F5-0050","1960-02","-24.43","-48.85","900.0","ARACAIBA CAPOEIRAS, BR","17",",I","11",",I","1",",I","26.3",",,I,19,","129.5",",,,I"
"BR00F5-0050","1960-03","-24.43","-48.85","900.0","ARACAIBA CAPOEIRAS, BR","12",",I","11",",I","0",",I","20.7",",,I,02,","143.6",",,,I"
"BR00F5-0050","1960-04","-24.43","-48.85","900.0","ARACAIBA CAPOEIRAS, BR","15",",I","8",",I","1",",I","27.7",",,I,19,","119.3",",,,I"
"BR00F5-0050","1960-05","-24.43","-48.85","900.0","ARACAIBA CAPOEIRAS, BR","6",",I","5",",I","1",",I","64.5",",,I,20,","116.7",",,,I"
"BR00F5-0050","1960-06","-24.43","-48.85","900.0","ARACAIBA CAPOEIRAS, BR","9",",I","5",",I","3",",I","62.4",",,I,24,","190.8",",,,I"
"BR00F5-0050","1960-07","-24.43","-48.85","900.0","ARACAIBA CAPOEIRAS, BR","4",",I","3",",I","0",",I","4.2",",,I,10,","13.5",",,,I"
"BR00F5-0050","1960-08","-24.43","-48.85","900.0","ARACAIBA CAPOEIRAS, BR","13",",I","8",",I","1",",I","63.9",",,I,15,","118.8",",,,I"
"BR00F5-0050","1960-09","-24.43","-48.85","900.0","ARACAIBA CAPOEIRAS, BR","7",",I","5",",I","1",",I","63.7",",,I,01,","98.6",",,,I"
"BR00F5-0050","1960-10","-24.43","-48.85","900.0","ARACAIBA CAPOEIRAS, BR","16",",I","8",",I","0",",I","23.5",",,I,18,","119.0",",,,I"
"BR00F5-0050","1960-11","-24.43","-48.85","900.0","ARACAIBA CAPOEIRAS, BR","13",",I","7",",I","0",",I","18.9",",,I,11,","78.9",",,,I"
"BR00F5-0050","1960-12","-24.43","-48.85","900.0","ARACAIBA CAPOEIRAS, BR","17",",I","13",",I","1",",I","44.7",",,I,16,","138.1",",,,I"
"BR00F5-0050","1961-01","-24.43","-48.85","900.0","ARACAIBA CAPOEIRAS, BR","16",",I","10",",I","3",",I","85.1",",,I,19,","242.6",",,,I"
"BR00F5-0050","1961-02","-24.43","-48.85","900.0","ARACAIBA CAPOEIRAS, BR","24",",I","18",",I","2",",I","26.3",",,I,08,","210.3",",,,I"
"BR00F5-0050","1961-03","-24.43","-48.85","900.0","ARACAIBA CAPOEIRAS, BR","19",",I","11",",I","1",",I","39.3",",,I,15,","133.0",",,,I"
"BR00F5-0050","1961-04","-24.43","-48.85","900.0","ARACAIBA CAPOEIRAS, BR","15",",I","8",",I","3",",I","120.0",",,I,04,","256.1",",,,I"
"BR00F5-0050","1961-05","-24.43","-48.85","900.0","ARACAIBA CAPOEIRAS, BR","5",",I","2",",I","1",",I","34.0",",,I,03,","47.1",",,,I"
"BR00F5-0050","1961-06","-24.43","-48.85","900.0","ARACAIBA CAPOEIRAS, BR","11",",I","5",",I","2",",I","50.3",",,I,12,","135.2",",,,I"
"BR00F5-0050","1961-07","-24.43","-48.85","900.0","ARACAIBA CAPOEIRAS, BR","7",",I","1",",I","0",",I","3.2",",,I,09,","8.8",",,,I"
"BR00F5-0050","1961-08","-24.43","-48.85","900.0","ARACAIBA CAPOEIRAS, BR","5",",I","4",",I","0",",I","20.1",",,I,30,","49.1",",,,I"
"BR00F5-0050","1961-09","-24.43","-48.85","900.0","ARACAIBA CAPOEIRAS, BR","18",",I","10",",I","1",",I","26.9",",,I,08,","114.4",",,,I"
"BR00F5-0050","1961-10","-24.43","-48.85","900.0","ARACAIBA CAPOEIRAS, BR","15",",I","8",",I","1",",I","30.9",",,I,31,","101.5",",,,I"
"BR00F5-0050","1961-11","-24.43","-48.85","900.0","ARACAIBA CAPOEIRAS, BR","18",",I","13",",I","4",",I","60.3",",,I,05,","272.1",",,,I"
"BR00F5-0050","1961-12","-24.43","-48.85","900.0","ARACAIBA CAPOEIRAS, BR","21",",I","9",",I","2",",I","53.6",",,I,25,","143.7",",,,I"
"BR00F5-0050","1962-01","-24.43","-48.85","900.0","ARACAIBA CAPOEIRAS, BR","18",",I","13",",I","3",",I","51.5",",,I,08,","211.0",",,,I"
"BR00F5-0050","1962-02","-24.43","-48.85","900.0","ARACAIBA CAPOEIRAS, BR","17",",I","8",",I","1",",I","28.4",",,I,22,","115.5",",,,I"
"BR00F5-0050","1962-03","-24.43","-48.85","900.0","ARACAIBA CAPOEIRAS, BR","17",",I","11",",I","3",",I","46.3",",,I,12,","231.0",",,,I"
"BR00F5-0050","1962-04","-24.43","-48.85","900.0","ARACAIBA CAPOEIRAS, BR","12",",I","6",",I","0",",I","22.6",",,I,10,","86.3",",,,I"
"BR00F5-0050","1962-05","-24.43","-48.85","900.0","ARACAIBA CAPOEIRAS, BR","8",",I","5",",I","0",",I","10.8",",,I,28,","30.2",",,,I"
"BR00F5-0050","1962-06","-24.43","-48.85","900.0","ARACAIBA CAPOEIRAS, BR","8",",I","3",",I","0",",I","19.8",",,I,03,","46.6",",,,I"
"BR00F5-0050","1962-07","-24.43","-48.85","900.0","ARACAIBA CAPOEIRAS, BR","6",",I","3",",I","1",",I","27.4",",,I,18,","58.5",",,,I"
"BR00F5-0050","1962-08","-24.43","-48.85","900.0","ARACAIBA CAPOEIRAS, BR","8",",I","6",",I","0",",I","22.7",",,I,23,","62.1",",,,I"
"BR00F5-0050","1962-09","-24.43","-48.85","900.0","ARACAIBA CAPOEIRAS, BR","14",",I","7",",I","1",",I","49.7",",,I,21,","142.9",",,,I"
"BR00F5-0050","1962-10","-24.43","-48.85","900.0","ARACAIBA CAPOEIRAS, BR","19",",I","18",",I","4",",I","38.9",",,I,19,","290.9",",,,I"
"BR00F5-0050","1962-11","-24.43","-48.85","900.0","ARACAIBA CAPOEIRAS, BR","12",",I","6",",I","2",",I","36.8",",,I,28,","95.0",",,,I"
"BR00F5-0050","1962-12","-24.43","-48.85","900.0","ARACAIBA CAPOEIRAS, BR","15",",I","8",",I","0",",I","20.0",",,I,05,","93.8",",,,I"
"BR00F5-0050","1963-01","-24.43","-48.85","900.0","ARACAIBA CAPOEIRAS, BR","22",",I","9",",I","5",",I","82.2",",,I,01,","277.3",",,,I"
"BR00F5-0050","1963-02","-24.43","-48.85","900.0","ARACAIBA CAPOEIRAS, BR","17",",I","9",",I","0",",I","24.6",",,I,15,","102.4",",,,I"
"BR00F5-0050","1963-03","-24.43","-48.85","900.0","ARACAIBA CAPOEIRAS, BR","16",",I","7",",I","0",",I","22.0",",,I,12,","90.5",",,,I"
"BR00F5-0050","1963-04","-24.43","-48.85","900.0","ARACAIBA CAPOEIRAS, BR","2",",I","2",",I","0",",I","15.8",",,I,16,","20.8",",,,I"
"BR00F5-0050","1963-05","-24.43","-48.85","900.0","ARACAIBA CAPOEIRAS, BR","3",",I","0",",I","0",",I","2.2",",,I,18,","4.2",",,,I"
"BR00F5-0050","1963-06","-24.43","-48.85","900.0","ARACAIBA CAPOEIRAS, BR","7",",I","1",",I","0",",I","9.7",",,I,14,","18.7",",,,I"
"BR00F5-0050","1963-07","-24.43","-48.85","900.0","ARACAIBA CAPOEIRAS, BR","5",",I","1",",I","0",",I","10.1",",,I,24,","14.2",",,,I"
"BR00F5-0050","1963-08","-24.43","-48.85","900.0","ARACAIBA CAPOEIRAS, BR","6",",I","2",",I","0",",I","12.4",",,I,26,","20.7",",,,I"
"BR00F5-0050","1963-09","-24.43","-48.85","900.0","ARACAIBA CAPOEIRAS, BR","5",",I","3",",I","1",",I","38.0",",,I,30,","78.5",",,,I"
"BR00F5-0050","1963-10","-24.43","-48.85","900.0","ARACAIBA CAPOEIRAS, BR","20",",I","16",",I","3",",I","34.2",",,I,04,","219.3",",,,I"
"BR00F5-0050","1963-11","-24.43","-48.85","900.0","ARACAIBA CAPOEIRAS, BR","15",",I","12",",I","1",",I","38.6",",,I,10,","169.4",",,,I"
"BR00F5-0050","1963-12","-24.43","-48.85","900.0","ARACAIBA CAPOEIRAS, BR","13",",I","8",",I","0",",I","23.6",",,I,09,","91.1",",,,I"
"BR00F5-0050","1964-01","-24.43","-48.85","900.0","ARACAIBA CAPOEIRAS, BR","9",",I","5",",I","0",",I","10.4",",,I,26,","38.9",",,,I"
"BR00F5-0050","1964-02","-24.43","-48.85","900.0","ARACAIBA CAPOEIRAS, BR","16",",I","11",",I","2",",I","46.8",",,I,18,","162.7",",,,I"
"BR00F5-0050","1964-03","-24.43","-48.85","900.0","ARACAIBA CAPOEIRAS, BR","13",",I","6",",I","1",",I","36.9",",,I,28,","98.2",",,,I"
"BR00F5-0050","1964-04","-24.43","-48.85","900.0","ARACAIBA CAPOEIRAS, BR","15",",I","6",",I","0",",I","15.5",",,I,23,","61.6",",,,I"
"BR00F5-0050","1964-05","-24.43","-48.85","900.0","ARACAIBA CAPOEIRAS, BR","8",",I","4",",I","0",",I","19.0",",,I,05,","52.3",",,,I"
"BR00F5-0050","1964-06","-24.43","-48.85","900.0","ARACAIBA CAPOEIRAS, BR","11",",I","5",",I","1",",I","87.0",",,I,27,","136.2",",,,I"
"BR00F5-0050","1964-07","-24.43","-48.85","900.0","ARACAIBA CAPOEIRAS, BR","12",",I","5",",I","1",",I","38.6",",,I,25,","81.6",",,,I"
"BR00F5-0050","1964-08","-24.43","-48.85","900.0","ARACAIBA CAPOEIRAS, BR","10",",I","5",",I","0",",I","21.2",",,I,20,","56.3",",,,I"
"BR00F5-0050","1964-09","-24.43","-48.85","900.0","ARACAIBA CAPOEIRAS, BR","9",",I","6",",I","0",",I","20.8",",,I,02,","91.0",",,,I"
"BR00F5-0050","1964-10","-24.43","-48.85","900.0","ARACAIBA CAPOEIRAS, BR","11",",I","10",",I","1",",I","30.4",",,I,27,","135.2",",,,I"
"BR00F5-0050","1964-11","-24.43","-48.85","900.0","ARACAIBA CAPOEIRAS, BR","10",",I","5",",I","0",",I","18.6",",,I,30,","65.9",",,,I"
"BR00F5-0050","1964-12","-24.43","-48.85","900.0","ARACAIBA CAPOEIRAS, BR","20",",I","13",",I","4",",I","56.7",",,I,26,","260.6",",,,I"
"BR00F5-0050","1965-01","-24.43","-48.85","900.0","ARACAIBA CAPOEIRAS, BR","18",",I","13",",I","5",",I","58.3",",,I,28,","315.2",",,,I"
"BR00F5-0050","1965-02","-24.43","-48.85","900.0","ARACAIBA CAPOEIRAS, BR","16",",I","14",",I","3",",I","95.5",",,I,01,","344.6",",,,I"
"BR00F5-0050","1965-03","-24.43","-48.85","900.0","ARACAIBA CAPOEIRAS, BR","12",",I","6",",I","1",",I","28.3",",,I,08,","85.1",",,,I"
"BR00F5-0050","1965-04","-24.43","-48.85","900.0","ARACAIBA CAPOEIRAS, BR","12",",I","5",",I","2",",I","61.2",",,I,30,","159.0",",,,I"
"BR00F5-0050","1965-05","-24.43","-48.85","900.0","ARACAIBA CAPOEIRAS, BR","15",",I","9",",I","2",",I","70.5",",,I,15,","192.9",",,,I"
"BR00F5-0050","1965-06","-24.43","-48.85","900.0","ARACAIBA CAPOEIRAS, BR","7",",I","3",",I","0",",I","23.7",",,I,10,","39.9",",,,I"
"BR00F5-0050","1965-07","-24.43","-48.85","900.0","ARACAIBA CAPOEIRAS, BR","16",",I","9",",I","2",",I","41.9",",,I,04,","137.9",",,,I"
"BR00F5-0050","1965-08","-24.43","-48.85","900.0","ARACAIBA CAPOEIRAS, BR","7",",I","2",",I","0",",I","10.0",",,I,14,","18.0",",,,I"
"BR00F5-0050","1965-09","-24.43","-48.85","900.0","ARACAIBA CAPOEIRAS, BR","9",",I","5",",I","2",",I","38.0",",,I,27,","108.8",",,,I"
"BR00F5-0050","1965-10","-24.43","-48.85","900.0","ARACAIBA CAPOEIRAS, BR","13",",I","5",",I","2",",I","90.5",",,I,01,","165.0",",,,I"
"BR00F5-0050","1965-11","-24.43","-48.85","900.0","ARACAIBA CAPOEIRAS, BR","12",",I","9",",I","1",",I","34.5",",,I,27,","125.0",",,,I"
"BR00F5-0050","1965-12","-24.43","-48.85","900.0","ARACAIBA CAPOEIRAS, BR","28",",I","16",",I","7",",I","83.9",",,I,08,","467.8",",,,I"
"BR00F5-0050","1966-01","-24.43","-48.85","900.0","ARACAIBA CAPOEIRAS, BR","19",",I","9",",I","1",",I","37.8",",,I,30,","144.5",",,,I"
"BR00F5-0050","1966-02","-24.43","-48.85","900.0","ARACAIBA CAPOEIRAS, BR","21",",I","12",",I","4",",I","58.0",",,I,02,","327.7",",,,I"
"BR00F5-0050","1966-03","-24.43","-48.85","900.0","ARACAIBA CAPOEIRAS, BR","23",",I","17",",I","3",",I","30.1",",,I,24,","240.4",",,,I"
"BR00F5-0050","1966-04","-24.43","-48.85","900.0","ARACAIBA CAPOEIRAS, BR","14",",I","6",",I","1",",I","40.3",",,I,07,","94.5",",,,I"
"BR00F5-0050","1966-05","-24.43","-48.85","900.0","ARACAIBA CAPOEIRAS, BR","8",",I","4",",I","0",",I","11.5",",,I,07,","32.1",",,,I"
"BR00F5-0050","1966-06","-24.43","-48.85","900.0","ARACAIBA CAPOEIRAS, BR","10",",I","4",",I","0",",I","24.8",",,I,30,","45.2",",,,I"
"BR00F5-0050","1966-07","-24.43","-48.85","900.0","ARACAIBA CAPOEIRAS, BR","8",",I","6",",I","2",",I","35.5",",,I,02,","116.8",",,,I"
"BR00F5-0050","1966-08","-24.43","-48.85","900.0","ARACAIBA CAPOEIRAS, BR","9",",I","1",",I","0",",I","10.5",",,I,31,","16.8",",,,I"
"BR00F5-0050","1966-09","-24.43","-48.85","900.0","ARACAIBA CAPOEIRAS, BR","12",",I","10",",I","0",",I","20.8",",,I,01,","89.2",",,,I"
"BR00F5-0050","1966-10","-24.43","-48.85","900.0","ARACAIBA CAPOEIRAS, BR","16",",I","12",",I","4",",I","45.3",",,I,08,","237.5",",,,I"
"BR00F5-0050","1966-11","-24.43","-48.85","900.0","ARACAIBA CAPOEIRAS, BR","12",",I","5",",I","0",",I","15.9",",,I,01,","63.0",",,,I"
"BR00F5-0050","1966-12","-24.43","-48.85","900.0","ARACAIBA CAPOEIRAS, BR","19",",I","11",",I","2",",I","30.5",",,I,16,","179.2",",,,I"
"BR00F5-0050","1967-01","-24.43","-48.85","900.0","ARACAIBA CAPOEIRAS, BR","20",",I","13",",I","1",",I","27.5",",,I,21,","183.6",",,,I"
"BR00F5-0050","1967-02","-24.43","-48.85","900.0","ARACAIBA CAPOEIRAS, BR","20",",I","12",",I","1",",I","36.6",",,I,02,","134.6",",,,I"
"BR00F5-0050","1967-03","-24.43","-48.85","900.0","ARACAIBA CAPOEIRAS, BR","21",",I","10",",I","2",",I","69.5",",,I,27,","185.6",",,,I"
"BR00F5-0050","1967-04","-24.43","-48.85","900.0","ARACAIBA CAPOEIRAS, BR","1",",I","0",",I","0",",I","0.4",",,I,25,","2.1",",,,I"
"BR00F5-0050","1967-05","-24.43","-48.85","900.0","ARACAIBA CAPOEIRAS, BR","0",",I","0",",I","0",",I","0.2",",,I,27,+","0.9",",,,I"
"BR00F5-0050","1967-08","-24.43","-48.85","900.0","ARACAIBA CAPOEIRAS, BR","4",",I","2",",I","0",",I","15.4",",,I,15,","26.2",",,,I"
"BR00F5-0050","1967-09","-24.43","-48.85","900.0","ARACAIBA CAPOEIRAS, BR","14",",I","6",",I","0",",I","18.9",",,I,09,","70.5",",,,I"
"BR00F5-0050","1967-10","-24.43","-48.85","900.0","ARACAIBA CAPOEIRAS, BR","9",",I","4",",I","0",",I","11.1",",,I,20,","33.5",",,,I"
"BR00F5-0050","1967-11","-24.43","-48.85","900.0","ARACAIBA CAPOEIRAS, BR","18","1,I","9","1,I","3","1,I","62.3","1,,I,14,","189.5","1,,,I"
"BR00F5-0050","1967-12","-24.43","-48.85","900.0","ARACAIBA CAPOEIRAS, BR","13",",I","3",",I","1",",I","26.5",",,I,03,","56.2",",,,I"
"BR00F5-0050","1968-01","-24.43","-48.85","900.0","ARACAIBA CAPOEIRAS, BR","20",",I","16",",I","2",",I","90.2",",,I,16,","257.8",",,,I"
"BR00F5-0050","1968-02","-24.43","-48.85","900.0","ARACAIBA CAPOEIRAS, BR","11",",I","3",",I","0",",I","7.3",",,I,15,","25.1",",,,I"
"BR00F5-0050","1968-03","-24.43","-48.85","900.0","ARACAIBA CAPOEIRAS, BR","19",",I","10",",I","4",",I","54.2",",,I,23,","195.6",",,,I"
"BR00F5-0050","1968-04","-24.43","-48.85","900.0","ARACAIBA CAPOEIRAS, BR","8",",I","3",",I","0",",I","20.5",",,I,20,","38.4",",,,I"
"BR00F5-0050","1968-05","-24.43","-48.85","900.0","ARACAIBA CAPOEIRAS, BR","5",",I","1",",I","1",",I","46.0",",,I,16,","51.7",",,,I"
"BR00F5-0050","1968-06","-24.43","-48.85","900.0","ARACAIBA CAPOEIRAS, BR","3",",I","1",",I","0",",I","16.5",",,I,20,","18.4",",,,I"
"BR00F5-0050","1968-07","-24.43","-48.85","900.0","ARACAIBA CAPOEIRAS, BR","4",",I","1",",I","0",",I","5.7",",,I,27,","11.4",",,,I"
"BR00F5-0050","1968-08","-24.43","-48.85","900.0","ARACAIBA CAPOEIRAS, BR","6",",I","3",",I","0",",I","20.8",",,I,09,","50.7",",,,I"
"BR00F5-0050","1968-09","-24.43","-48.85","900.0","ARACAIBA CAPOEIRAS, BR","4",",I","1",",I","0",",I","8.7",",,I,21,","13.0",",,,I"
"BR00F5-0050","1968-10","-24.43","-48.85","900.0","ARACAIBA CAPOEIRAS, BR","20",",I","6",",I","0",",I","22.4",",,I,31,","97.7",",,,I"
"BR00F5-0050","1968-11","-24.43","-48.85","900.0","ARACAIBA CAPOEIRAS, BR","17",",I","10",",I","1",",I","36.5",",,I,29,","138.1",",,,I"
"BR00F5-0050","1968-12","-24.43","-48.85","900.0","ARACAIBA CAPOEIRAS, BR","17",",I","10",",I","1",",I","34.7",",,I,09,","138.6",",,,I"
"BR00F5-0050","1969-01","-24.43","-48.85","900.0","ARACAIBA CAPOEIRAS, BR","19",",I","10",",I","2",",I","31.0",",,I,25,","159.5",",,,I"
"BR00F5-0050","1969-02","-24.43","-48.85","900.0","ARACAIBA CAPOEIRAS, BR","19",",I","14",",I","1",",I","27.3",",,I,19,","179.8",",,,I"
"BR00F5-0050","1969-04","-24.43","-48.85","900.0","ARACAIBA CAPOEIRAS, BR","4",",I","2",",I","0",",I","13.9",",,I,29,","19.6",",,,I"
"BR00F5-0050","1969-05","-24.43","-48.85","900.0","ARACAIBA CAPOEIRAS, BR","14",",I","3",",I","1",",I","36.4",",,I,25,","57.3",",,,I"
"BR00F5-0050","1969-06","-24.43","-48.85","900.0","ARACAIBA CAPOEIRAS, BR","17",",I","7",",I","3",",I","38.8",",,I,02,","145.7",",,,I"
"BR00F5-0050","1969-07","-24.43","-48.85","900.0","ARACAIBA CAPOEIRAS, BR","13",",I","3",",I","1",",I","26.9",",,I,08,","48.8",",,,I"
"BR00F5-0050","1969-08","-24.43","-48.85","900.0","ARACAIBA CAPOEIRAS, BR","7",",I","3",",I","1",",I","40.4",",,I,15,","65.4",",,,I"
"BR00F5-0050","1969-09","-24.43","-48.85","900.0","ARACAIBA CAPOEIRAS, BR","9",",I","9",",I","0",",I","15.3",",,I,21,","66.2",",,,I"
"BR00F5-0050","1969-10","-24.43","-48.85","900.0","ARACAIBA CAPOEIRAS, BR","18",",I","14",",I","3",",I","41.3",",,I,31,","200.8",",,,I"
"BR00F5-0050","1969-11","-24.43","-48.85","900.0","ARACAIBA CAPOEIRAS, BR","22",",I","13",",I","1",",I","51.7",",,I,13,","201.7",",,,I"
"BR00F5-0050","1969-12","-24.43","-48.85","900.0","ARACAIBA CAPOEIRAS, BR","8",",I","6",",I","2",",I","45.3",",,I,31,","141.7",",,,I"
"BR00F5-0050","1970-01","-24.43","-48.85","900.0","ARACAIBA CAPOEIRAS, BR","19",",I","15",",I","2",",I","99.2",",,I,16,","279.9",",,,I"
"BR00F5-0050","1970-02","-24.43","-48.85","900.0","ARACAIBA CAPOEIRAS, BR","19",",I","11",",I","1",",I","40.1",",,I,10,","166.2",",,,I"
"BR00F5-0050","1970-03","-24.43","-48.85","900.0","ARACAIBA CAPOEIRAS, BR","17",",I","7",",I","2",",I","43.7",",,I,10,","148.0",",,,I"
"BR00F5-0050","1970-04","-24.43","-48.85","900.0","ARACAIBA CAPOEIRAS, BR","9",",I","3",",I","1",",I","30.5",",,I,29,","45.8",",,,I"
"BR00F5-0050","1970-05","-24.43","-48.85","900.0","ARACAIBA CAPOEIRAS, BR","8",",I","4",",I","2",",I","62.9",",,I,06,","143.5",",,,I"
"BR00F5-0050","1970-06","-24.43","-48.85","900.0","ARACAIBA CAPOEIRAS, BR","13",",I","9",",I","4",",I","39.9",",,I,07,","203.2",",,,I"
"BR00F5-0050","1970-07","-24.43","-48.85","900.0","ARACAIBA CAPOEIRAS, BR","11",",I","0",",I","0",",I","1.7",",,I,15,","9.8",",,,I"
"BR00F5-0050","1970-08","-24.43","-48.85","900.0","ARACAIBA CAPOEIRAS, BR","9",",I","6",",I","2",",I","30.7",",,I,25,","105.6",",,,I"
"BR00F5-0050","1970-09","-24.43","-48.85","900.0","ARACAIBA CAPOEIRAS, BR","15",",I","7",",I","2",",I","36.5",",,I,21,","143.4",",,,I"
"BR00F5-0050","1970-10","-24.43","-48.85","900.0","ARACAIBA CAPOEIRAS, BR","14",",I","4",",I","1",",I","26.3",",,I,20,","79.9",",,,I"
"BR00F5-0050","1970-11","-24.43","-48.85","900.0","ARACAIBA CAPOEIRAS, BR","5",",I","3",",I","0",",I","14.3",",,I,08,","26.6",",,,I"
"BR00F5-0050","1970-12","-24.43","-48.85","900.0","ARACAIBA CAPOEIRAS, BR","15",",I","11",",I","3",",I","65.3",",,I,22,","192.1",",,,I"
"BR00F5-0050","1971-01","-24.43","-48.85","900.0","ARACAIBA CAPOEIRAS, BR","13",",I","9",",I","0",",I","20.5",",,I,05,","105.0",",,,I"
"BR00F5-0050","1971-02","-24.43","-48.85","900.0","ARACAIBA CAPOEIRAS, BR","11",",I","6",",I","0",",I","16.7",",,I,07,","57.3",",,,I"
"BR00F5-0050","1971-03","-24.43","-48.85","900.0","ARACAIBA CAPOEIRAS, BR","20",",I","9",",I","0",",I","23.5",",,I,09,","97.5",",,,I"
"BR00F5-0050","1971-04","-24.43","-48.85","900.0","ARACAIBA CAPOEIRAS, BR","14",",I","7",",I","0",",I","17.4",",,I,18,","71.2",",,,I"
"BR00F5-0050","1971-05","-24.43","-48.85","900.0","ARACAIBA CAPOEIRAS, BR","15",",I","9",",I","1",",I","31.4",",,I,27,","121.5",",,,I"
"BR00F5-0050","1971-06","-24.43","-48.85","900.0","ARACAIBA CAPOEIRAS, BR","16",",I","1",",I","1",",I","27.3",",,I,18,","38.2",",,,I"
"BR00F5-0050","1971-07","-24.43","-48.85","900.0","ARACAIBA CAPOEIRAS, BR","9",",I","5",",I","0",",I","14.3",",,I,03,","49.3",",,,I"
"BR00F5-0050","1971-08","-24.43","-48.85","900.0","ARACAIBA CAPOEIRAS, BR","8",",I","0",",I","0",",I","2.2",",,I,31,","8.6",",,,I"
"BR00F5-0050","1971-09","-24.43","-48.85","900.0","ARACAIBA CAPOEIRAS, BR","10",",I","3",",I","0",",I","11.1",",,I,13,","35.9",",,,I"
"BR00F5-0050","1971-10","-24.43","-48.85","900.0","ARACAIBA CAPOEIRAS, BR","7",",I","3",",I","0",",I","8.7",",,I,07,","23.4",",,,I"
"BR00F5-0050","1971-11","-24.43","-48.85","900.0","ARACAIBA CAPOEIRAS, BR","7",",I","4",",I","1",",I","31.7",",,I,26,","82.2",",,,I"
"BR00F5-0050","1971-12","-24.43","-48.85","900.0","ARACAIBA CAPOEIRAS, BR","14",",I","7",",I","1",",I","36.7",",,I,04,","136.0",",,,I"
"BR00F5-0050","1972-01","-24.43","-48.85","900.0","ARACAIBA CAPOEIRAS, BR","14",",I","7",",I","1",",I","25.4",",,I,29,","101.8",",,,I"
"BR00F5-0050","1972-02","-24.43","-48.85","900.0","ARACAIBA CAPOEIRAS, BR","14",",I","7",",I","0",",I","15.7",",,I,15,","77.2",",,,I"
"BR00F5-0050","1972-03","-24.43","-48.85","900.0","ARACAIBA CAPOEIRAS, BR","6",",I","4",",I","0",",I","22.3",",,I,18,","50.9",",,,I"
"BR00F5-0050","1972-04","-24.43","-48.85","900.0","ARACAIBA CAPOEIRAS, BR","9",",I","4",",I","1",",I","48.3",",,I,04,","79.0",",,,I"
"BR00F5-0050","1972-05","-24.43","-48.85","900.0","ARACAIBA CAPOEIRAS, BR","3",",I","1",",I","0",",I","6.1",",,I,24,","9.1",",,,I"
"BR00F5-0050","1972-06","-24.43","-48.85","900.0","ARACAIBA CAPOEIRAS, BR","2",",I","1",",I","0",",I","4.4",",,I,19,","6.9",",,,I"
"BR00F5-0050","1972-07","-24.43","-48.85","900.0","ARACAIBA CAPOEIRAS, BR","9",",I","3",",I","0",",I","21.7",",,I,05,","46.3",",,,I"
"BR00F5-0050","1972-08","-24.43","-48.85","900.0","ARACAIBA CAPOEIRAS, BR","17",",I","9",",I","0",",I","17.6",",,I,23,","90.5",",,,I"
"BR00F5-0050","1972-09","-24.43","-48.85","900.0","ARACAIBA CAPOEIRAS, BR","19",",I","6",",I","0",",I","23.1",",,I,29,","69.1",",,,I"
"BR00F5-0050","1972-10","-24.43","-48.85","900.0","ARACAIBA CAPOEIRAS, BR","15",",I","10",",I","4",",I","45.3",",,I,11,","187.6",",,,I"
"BR00F5-0050","1972-11","-24.43","-48.85","900.0","ARACAIBA CAPOEIRAS, BR","7",",I","4",",I","0",",I","12.3",",,I,20,","40.5",",,,I"
"BR00F5-0050","1972-12","-24.43","-48.85","900.0","ARACAIBA CAPOEIRAS, BR","8",",I","2",",I","0",",I","10.3",",,I,02,","22.0",",,,I"
"BR00F5-0050","1973-01","-24.43","-48.85","900.0","ARACAIBA CAPOEIRAS, BR","7",",I","4",",I","2",",I","31.7",",,I,12,","73.3",",,,I"
"BR00F5-0050","1973-02","-24.43","-48.85","900.0","ARACAIBA CAPOEIRAS, BR","12",",I","10",",I","0",",I","20.7",",,I,19,","106.9",",,,I"
"BR00F5-0050","1973-03","-24.43","-48.85","900.0","ARACAIBA CAPOEIRAS, BR","11",",I","7",",I","1",",I","34.0",",,I,03,","113.1",",,,I"
"BR00F5-0050","1973-04","-24.43","-48.85","900.0","ARACAIBA CAPOEIRAS, BR","13",",I","9",",I","0",",I","20.5",",,I,30,","98.0",",,,I"
"BR00F5-0050","1973-05","-24.43","-48.85","900.0","ARACAIBA CAPOEIRAS, BR","7",",I","4",",I","1",",I","32.7",",,I,22,","67.7",",,,I"
"BR00F5-0050","1973-06","-24.43","-48.85","900.0","ARACAIBA CAPOEIRAS, BR","5",",I","3",",I","1",",I","28.9",",,I,17,","64.3",",,,I"
"BR00F5-0050","1973-07","-24.43","-48.85","900.0","ARACAIBA CAPOEIRAS, BR","8",",I","7",",I","0",",I","21.4",",,I,22,","98.7",",,,I"
"BR00F5-0050","1973-08","-24.43","-48.85","900.0","ARACAIBA CAPOEIRAS, BR","12",",I","11",",I","4",",I","52.1",",,I,26,","241.8",",,,I"
"BR00F5-0050","1973-09","-24.43","-48.85","900.0","ARACAIBA CAPOEIRAS, BR","20",",I","10",",I","5",",I","50.6",",,I,21,","256.6",",,,I"
"BR00F5-0050","1973-10","-24.43","-48.85","900.0","ARACAIBA CAPOEIRAS, BR","17",",I","5",",I","0",",I","24.7",",,I,11,","75.7",",,,I"
"BR00F5-0050","1973-11","-24.43","-48.85","900.0","ARACAIBA CAPOEIRAS, BR","15",",I","4",",I","1",",I","45.3",",,I,01,","104.2",",,,I"
"BR00F5-0050","1973-12","-24.43","-48.85","900.0","ARACAIBA CAPOEIRAS, BR","14",",I","11",",I","3",",I","63.2",",,I,06,","219.9",",,,I"
"BR00F5-0050","1974-01","-24.43","-48.85","900.0","ARACAIBA CAPOEIRAS, BR","25",",I","16",",I","4",",I","57.8",",,I,21,","306.1",",,,I"
"BR00F5-0050","1974-02","-24.43","-48.85","900.0","ARACAIBA CAPOEIRAS, BR","7",",I","3",",I","0",",I","21.4",",,I,24,","48.1",",,,I"
"BR00F5-0050","1974-03","-24.43","-48.85","900.0","ARACAIBA CAPOEIRAS, BR","20",",I","8",",I","2",",I","38.4",",,I,17,","175.8",",,,I"
"BR00F5-0050","1974-04","-24.43","-48.85","900.0","ARACAIBA CAPOEIRAS, BR","10",",I","5",",I","0",",I","23.3",",,I,11,","73.6",",,,I"
"BR00F5-0050","1974-05","-24.43","-48.85","900.0","ARACAIBA CAPOEIRAS, BR","3",",I","1",",I","0",",I","23.1",",,I,27,","26.3",",,,I"
"BR00F5-0050","1974-06","-24.43","-48.85","900.0","ARACAIBA CAPOEIRAS, BR","14",",I","8",",I","3",",I","47.3",",,I,25,","198.6",",,,I"
"BR00F5-0050","1974-07","-24.43","-48.85","900.0","ARACAIBA CAPOEIRAS, BR","2",",I","0",",I","0",",I","0.9",",,I,23,","3.6",",,,I"
"BR00F5-0050","1974-08","-24.43","-48.85","900.0","ARACAIBA CAPOEIRAS, BR","5",",I","3",",I","1",",I","35.2",",,I,29,","69.0",",,,I"
"BR00F5-0050","1974-09","-24.43","-48.85","900.0","ARACAIBA CAPOEIRAS, BR","7",",I","2",",I","0",",I","20.3",",,I,29,","45.2",",,,I"
"BR00F5-0050","1974-10","-24.43","-48.85","900.0","ARACAIBA CAPOEIRAS, BR","13",",I","8",",I","2",",I","40.7",",,I,25,","162.8",",,,I"
"BR00F5-0050","1974-11","-24.43","-48.85","900.0","ARACAIBA CAPOEIRAS, BR","8",",I","3",",I","1",",I","31.7",",,I,21,","69.1",",,,I"
"BR00F5-0050","1974-12","-24.43","-48.85","900.0","ARACAIBA CAPOEIRAS, BR","24",",I","10",",I","2",",I","32.4",",,I,18,","168.5",",,,I"
"BR00F5-0050","1975-01","-24.43","-48.85","900.0","ARACAIBA CAPOEIRAS, BR","22",",I","7",",I","1",",I","42.7",",,I,18,","135.0",",,,I"
"BR00F5-0050","1975-02","-24.43","-48.85","900.0","ARACAIBA CAPOEIRAS, BR","17",",I","11",",I","2",",I","45.2",",,I,26,","165.6",",,,I"
"BR00F5-0050","1975-03","-24.43","-48.85","900.0","ARACAIBA CAPOEIRAS, BR","13",",I","4",",I","0",",I","18.3",",,I,02,","44.2",",,,I"
"BR00F5-0050","1975-04","-24.43","-48.85","900.0","ARACAIBA CAPOEIRAS, BR","10",",I","2",",I","0",",I","6.0",",,I,25,","17.5",",,,I"
"BR00F5-0050","1975-05","-24.43","-48.85","900.0","ARACAIBA CAPOEIRAS, BR","5",",I","2",",I","0",",I","3.3",",,I,04,","10.8",",,,I"
"BR00F5-0050","1975-06","-24.43","-48.85","900.0","ARACAIBA CAPOEIRAS, BR","20",",I","7",",I","0",",I","9.9",",,I,05,","61.6",",,,I"
"BR00F5-0050","1975-07","-24.43","-48.85","900.0","ARACAIBA CAPOEIRAS, BR","5",",I","0",",I","0",",I","1.1",",,I,04,","5.4",",,,I"
"BR00F5-0050","1975-08","-24.43","-48.85","900.0","ARACAIBA CAPOEIRAS, BR","8",",I","3",",I","2",",I","41.7",",,I,08,","83.7",",,,I"
"BR00F5-0050","1975-09","-24.43","-48.85","900.0","ARACAIBA CAPOEIRAS, BR","16",",I","2",",I","0",",I","21.7",",,I,24,","41.5",",,,I"
"BR00F5-0050","1975-10","-24.43","-48.85","900.0","ARACAIBA CAPOEIRAS, BR","22",",I","9",",I","2",",I","28.1",",,I,04,","158.5",",,,I"
"BR00F5-0050","1975-11","-24.43","-48.85","900.0","ARACAIBA CAPOEIRAS, BR","12",",I","3",",I","0",",I","20.3",",,I,30,","36.0",",,,I"
"BR00F5-0050","1975-12","-24.43","-48.85","900.0","ARACAIBA CAPOEIRAS, BR","20",",I","4",",I","0",",I","8.7",",,I,15,","42.6",",,,I"
"BR00F5-0050","1976-01","-24.43","-48.85","900.0","ARACAIBA CAPOEIRAS, BR","22",",I","11",",I","3",",I","42.1",",,I,04,","203.1",",,,I"
"BR00F5-0050","1976-02","-24.43","-48.85","900.0","ARACAIBA CAPOEIRAS, BR","14",",I","4",",I","2",",I","40.6",",,I,07,","104.3",",,,I"
"BR00F5-0050","1976-03","-24.43","-48.85","900.0","ARACAIBA CAPOEIRAS, BR","25",",I","7",",I","0",",I","21.3",",,I,23,","80.8",",,,I"
"BR00F5-0050","1976-04","-24.43","-48.85","900.0","ARACAIBA CAPOEIRAS, BR","13",",I","1",",I","0",",I","3.5",",,I,16,","13.3",",,,I"
"BR00F5-0050","1976-05","-24.43","-48.85","900.0","ARACAIBA CAPOEIRAS, BR","19",",I","4",",I","2",",I","68.3",",,I,28,","157.0",",,,I"
"BR00F5-0050","1976-06","-24.43","-48.85","900.0","ARACAIBA CAPOEIRAS, BR","18",",I","10",",I","1",",I","63.1",",,I,06,","169.9",",,,I"
"BR00F5-0050","1976-07","-24.43","-48.85","900.0","ARACAIBA CAPOEIRAS, BR","19",",I","6",",I","0",",I","12.3",",,I,28,","56.2",",,,I"
"BR00F5-0050","1976-08","-24.43","-48.85","900.0","ARACAIBA CAPOEIRAS, BR","19",",I","5",",I","1",",I","37.2",",,I,18,","75.8",",,,I"
"BR00F5-0050","1976-09","-24.43","-48.85","900.0","ARACAIBA CAPOEIRAS, BR","14",",I","5",",I","1",",I","32.4",",,I,14,","97.5",",,,I"
"BR00F5-0050","1976-10","-24.43","-48.85","900.0","ARACAIBA CAPOEIRAS, BR","17",",I","5",",I","2",",I","36.4",",,I,19,","106.0",",,,I"
"BR00F5-0050","1976-11","-24.43","-48.85","900.0","ARACAIBA CAPOEIRAS, BR","8",",I","4",",I","1",",I","38.4",",,I,26,","63.6",",,,I"
"BR00F5-0050","1976-12","-24.43","-48.85","900.0","ARACAIBA CAPOEIRAS, BR","10",",I","2",",I","1",",I","31.7",",,I,23,","43.6",",,,I"
"BR00F5-0050","1977-01","-24.43","-48.85","900.0","ARACAIBA CAPOEIRAS, BR","17",",I","6",",I","1",",I","29.3",",,I,13,","110.7",",,,I"
"BR00F5-0050","1977-02","-24.43","-48.85","900.0","ARACAIBA CAPOEIRAS, BR","12",",I","5",",I","3",",I","58.8",",,I,08,","131.3",",,,I"
"BR00F5-0050","1977-03","-24.43","-48.85","900.0","ARACAIBA CAPOEIRAS, BR","19",",I","9",",I","0",",I","21.4",",,I,25,","100.1",",,,I"
"BR00F5-0050","1977-04","-24.43","-48.85","900.0","ARACAIBA CAPOEIRAS, BR","16",",I","4",",I","0",",I","20.3",",,I,10,","70.0",",,,I"
"BR00F5-0050","1977-05","-24.43","-48.85","900.0","ARACAIBA CAPOEIRAS, BR","10",",I","0",",I","0",",I","1.5",",,I,26,","8.0",",,,I"
"BR00F5-0050","1977-06","-24.43","-48.85","900.0","ARACAIBA CAPOEIRAS, BR","10",",I","1",",I","0",",I","12.1",",,I,17,","20.7",",,,I"
"BR00F5-0050","1977-07","-24.43","-48.85","900.0","ARACAIBA CAPOEIRAS, BR","9",",I","2",",I","0",",I","12.3",",,I,21,","27.6",",,,I"
"BR00F5-0050","1977-08","-24.43","-48.85","900.0","ARACAIBA CAPOEIRAS, BR","5",",I","1",",I","0",",I","21.4",",,I,31,","25.5",",,,I"
"BR00F5-0050","1977-09","-24.43","-48.85","900.0","ARACAIBA CAPOEIRAS, BR","10",",I","1",",I","0",",I","20.2",",,I,09,","32.1",",,,I"
"BR00F5-0050","1977-10","-24.43","-48.85","900.0","ARACAIBA CAPOEIRAS, BR","14",",I","2",",I","1",",I","31.6",",,I,02,","44.5",",,,I"
"BR00F5-0050","1977-11","-24.43","-48.85","900.0","ARACAIBA CAPOEIRAS, BR","13",",I","2",",I","1",",I","37.8",",,I,23,","69.2",",,,I"
"BR00F5-0050","1977-12","-24.43","-48.85","900.0","ARACAIBA CAPOEIRAS, BR","9",",I","4",",I","2",",I","36.1",",,I,02,","97.5",",,,I"
"BR00F5-0050","1978-01","-24.43","-48.85","900.0","ARACAIBA CAPOEIRAS, BR","11",",I","1",",I","0",",I","5.7",",,I,02,","14.8",",,,I"
"BR00F5-0050","1978-02","-24.43","-48.85","900.0","ARACAIBA CAPOEIRAS, BR","14",",I","6",",I","0",",I","7.3",",,I,23,","35.6",",,,I"
"BR00F5-0050","1978-03","-24.43","-48.85","900.0","ARACAIBA CAPOEIRAS, BR","17",",I","4",",I","0",",I","21.1",",,I,13,","53.7",",,,I"
"BR00F5-0050","1978-04","-24.43","-48.85","900.0","ARACAIBA CAPOEIRAS, BR","9",",I","0",",I","0",",I","2.1",",,I,11,","9.3",",,,I"
"BR00F5-0050","1978-05","-24.43","-48.85","900.0","ARACAIBA CAPOEIRAS, BR","9",",I","2",",I","1",",I","49.3",",,I,16,","78.8",",,,I"
"BR00F5-0050","1978-06","-24.43","-48.85","900.0","ARACAIBA CAPOEIRAS, BR","6",",I","2",",I","1",",I","48.3",",,I,08,","58.2",",,,I"
"BR00F5-0050","1978-07","-24.43","-48.85","900.0","ARACAIBA CAPOEIRAS, BR","10",",I","7",",I","1",",I","38.7",",,I,04,","106.3",",,,I"
"BR00F5-0050","1978-08","-24.43","-48.85","900.0","ARACAIBA CAPOEIRAS, BR","10",",I","1",",I","0",",I","18.3",",,I,12,","26.1",",,,I"
"BR00F5-0050","1978-09","-24.43","-48.85","900.0","ARACAIBA CAPOEIRAS, BR","7",",I","4",",I","1",",I","48.7",",,I,05,","84.0",",,,I"
"BR00F5-0050","1978-10","-24.43","-48.85","900.0","ARACAIBA CAPOEIRAS, BR","7",",I","1",",I","0",",I","3.8",",,I,19,","12.5",",,,I"
"BR00F5-0050","1978-11","-24.43","-48.85","900.0","ARACAIBA CAPOEIRAS, BR","13",",I","3",",I","0",",I","21.3",",,I,21,","49.6",",,,I"
"BR00F5-0050","1978-12","-24.43","-48.85","900.0","ARACAIBA CAPOEIRAS, BR","13",",I","7",",I","2",",I","38.4",",,I,26,","137.8",",,,I"
"BR00F5-0050","1979-03","-24.43","-48.85","900.0","ARACAIBA CAPOEIRAS, BR","11",",I","3",",I","1",",I","27.3",",,I,09,","52.0",",,,I"
"BR00F5-0050","1979-04","-24.43","-48.85","900.0","ARACAIBA CAPOEIRAS, BR","14",",I","7",",I","0",",I","22.9",",,I,05,","72.6",",,,I"
"BR00F5-0050","1979-05","-24.43","-48.85","900.0","ARACAIBA CAPOEIRAS, BR","15",",I","13",",I","1",",I","36.0",",,I,14,","170.4",",,,I"
"BR00F5-0050","1979-06","-24.43","-48.85","900.0","ARACAIBA CAPOEIRAS, BR","5",",I","1",",I","0",",I","15.4",",,I,14,","21.7",",,,I"
"BR00F5-0050","1979-07","-24.43","-48.85","900.0","ARACAIBA CAPOEIRAS, BR","7",",I","5",",I","0",",I","13.0",",,I,20,","52.1",",,,I"
"BR00F5-0050","1979-08","-24.43","-48.85","900.0","ARACAIBA CAPOEIRAS, BR","6",",I","4",",I","1",",I","34.0",",,I,19,","96.0",",,,I"
"BR00F5-0050","1979-09","-24.43","-48.85","900.0","ARACAIBA CAPOEIRAS, BR","11",",I","9",",I","3",",I","36.8",",,I,23,","154.4",",,,I"
"BR00F5-0050","1979-10","-24.43","-48.85","900.0","ARACAIBA CAPOEIRAS, BR","10",",I","8",",I","2",",I","50.0",",,I,08,","138.8",",,,I"
"BR00F5-0050","1979-11","-24.43","-48.85","900.0","ARACAIBA CAPOEIRAS, BR","11",",I","9",",I","1",",I","32.1",",,I,08,","95.2",",,,I"
"BR00F5-0050","1979-12","-24.43","-48.85","900.0","ARACAIBA CAPOEIRAS, BR","15",",I","10",",I","1",",I","43.9",",,I,16,","136.2",",,,I"
"BR00F5-0050","1980-01","-24.43","-48.85","900.0","ARACAIBA CAPOEIRAS, BR","17",",I","13",",I","4",",I","49.8",",,I,25,","282.6",",,,I"
"BR00F5-0050","1980-02","-24.43","-48.85","900.0","ARACAIBA CAPOEIRAS, BR","14",",I","11",",I","1",",I","28.9",",,I,27,","150.9",",,,I"
"BR00F5-0050","1980-03","-24.43","-48.85","900.0","ARACAIBA CAPOEIRAS, BR","12",",I","10",",I","0",",I","20.3",",,I,10,","89.3",",,,I"
"BR00F5-0050","1980-04","-24.43","-48.85","900.0","ARACAIBA CAPOEIRAS, BR","5",",I","5",",I","3",",I","40.8",",,I,04,","144.1",",,,I"
"BR00F5-0050","1980-05","-24.43","-48.85","900.0","ARACAIBA CAPOEIRAS, BR","4",",I","2",",I","0",",I","12.7",",,I,11,","19.2",",,,I"
"BR00F5-0050","1980-06","-24.43","-48.85","900.0","ARACAIBA CAPOEIRAS, BR","10",",I","10",",I","2",",I","38.4",",,I,26,","117.2",",,,I"
"BR00F5-0050","1980-07","-24.43","-48.85","900.0","ARACAIBA CAPOEIRAS, BR","8",",I","7",",I","3",",I","50.8",",,I,10,","148.0",",,,I"
"BR00F5-0050","1980-08","-24.43","-48.85","900.0","ARACAIBA CAPOEIRAS, BR","13",",I","8",",I","0",",I","24.3",",,I,26,","90.8",",,,I"
"BR00F5-0050","1980-09","-24.43","-48.85","900.0","ARACAIBA CAPOEIRAS, BR","14",",I","11",",I","1",",I","33.7",",,I,09,","123.7",",,,I"
"BR00F5-0050","1980-10","-24.43","-48.85","900.0","ARACAIBA CAPOEIRAS, BR","11",",I","8",",I","2",",I","29.4",",,I,28,","103.5",",,,I"
"BR00F5-0050","1980-11","-24.43","-48.85","900.0","ARACAIBA CAPOEIRAS, BR","5",",I","3",",I","2",",I","56.1",",,I,30,","90.8",",,,I"
"BR00F5-0050","1980-12","-24.43","-48.85","900.0","ARACAIBA CAPOEIRAS, BR","19",",I","13",",I","0",",I","16.8",",,I,23,","126.5",",,,I"
"BR00F5-0050","1981-01","-24.43","-48.85","900.0","ARACAIBA CAPOEIRAS, BR","20",",I","14",",I","2",",I","30.9",",,I,21,+","175.7",",,,I"
"BR00F5-0050","1981-02","-24.43","-48.85","900.0","ARACAIBA CAPOEIRAS, BR","9",",I","6",",I","0",",I","16.1",",,I,26,","59.3",",,,I"
"BR00F5-0050","1981-03","-24.43","-48.85","900.0","ARACAIBA CAPOEIRAS, BR","9",",I","8",",I","0",",I","20.9",",,I,04,","80.1",",,,I"
"BR00F5-0050","1981-04","-24.43","-48.85","900.0","ARACAIBA CAPOEIRAS, BR","7",",I","5",",I","1",",I","48.1",",,I,27,","75.9",",,,I"
"BR00F5-0050","1981-05","-24.43","-48.85","900.0","ARACAIBA CAPOEIRAS, BR","6",",I","6",",I","0",",I","21.0",",,I,04,","45.2",",,,I"
"BR00F5-0050","1981-06","-24.43","-48.85","900.0","ARACAIBA CAPOEIRAS, BR","8",",I","5",",I","0",",I","9.2",",,I,16,+","36.1",",,,I"
"BR00F5-0050","1981-07","-24.43","-48.85","900.0","ARACAIBA CAPOEIRAS, BR","10",",I","9",",I","0",",I","24.2",",,I,02,","76.8",",,,I"
"BR00F5-0050","1981-08","-24.43","-48.85","900.0","ARACAIBA CAPOEIRAS, BR","7",",I","4",",I","0",",I","11.0",",,I,13,","34.8",",,,I"
"BR00F5-0050","1981-09","-24.43","-48.85","900.0","ARACAIBA CAPOEIRAS, BR","7",",I","3",",I","1",",I","32.5",",,I,26,","52.0",",,,I"
"BR00F5-0050","1981-10","-24.43","-48.85","900.0","ARACAIBA CAPOEIRAS, BR","17",",I","12",",I","1",",I","25.8",",,I,20,","158.6",",,,I"
"BR00F5-0050","1981-11","-24.43","-48.85","900.0","ARACAIBA CAPOEIRAS, BR","10",",I","8",",I","1",",I","26.7",",,I,21,","135.1",",,,I"
"BR00F5-0050","1981-12","-24.43","-48.85","900.0","ARACAIBA CAPOEIRAS, BR","16",",I","8",",I","3",",I","49.3",",,I,01,","166.2",",,,I"
"BR00F5-0050","1982-01","-24.43","-48.85","900.0","ARACAIBA CAPOEIRAS, BR","12",",I","8",",I","0",",I","18.7",",,I,22,","79.6",",,,I"
"BR00F5-0050","1982-02","-24.43","-48.85","900.0","ARACAIBA CAPOEIRAS, BR","12",",I","10",",I","4",",I","57.2",",,I,25,","244.7",",,,I"
"BR00F5-0050","1982-03","-24.43","-48.85","900.0","ARACAIBA CAPOEIRAS, BR","18",",I","8",",I","0",",I","17.2",",,I,10,","69.0",",,,I"
"BR00F5-0050","1982-04","-24.43","-48.85","900.0","ARACAIBA CAPOEIRAS, BR","9",",I","3",",I","0",",I","9.1",",,I,15,","25.7",",,,I"
"BR00F5-0050","1982-05","-24.43","-48.85","900.0","ARACAIBA CAPOEIRAS, BR","7",",I","3",",I","1",",I","72.5",",,I,25,","96.4",",,,I"
"BR00F5-0050","1982-06","-24.43","-48.85","900.0","ARACAIBA CAPOEIRAS, BR","13",",I","11",",I","1",",I","32.5",",,I,24,","179.2",",,,I"
"BR00F5-0050","1982-07","-24.43","-48.85","900.0","ARACAIBA CAPOEIRAS, BR","10",",I","9",",I","2",",I","58.8",",,I,09,","173.8",",,,I"
"BR00F5-0050","1982-08","-24.43","-48.85","900.0","ARACAIBA CAPOEIRAS, BR","11",",I","6",",I","0",",I","24.6",",,I,03,","72.0",",,,I"
"BR00F5-0050","1982-09","-24.43","-48.85","900.0","ARACAIBA CAPOEIRAS, BR","10",",I","4",",I","0",",I","10.7",",,I,01,","25.2",",,,I"
"BR00F5-0050","1982-10","-24.43","-48.85","900.0","ARACAIBA CAPOEIRAS, BR","18",",I","14",",I","5",",I","40.9",",,I,18,","271.9",",,,I"
"BR00F5-0050","1982-11","-24.43","-48.85","900.0","ARACAIBA CAPOEIRAS, BR","18",",I","15",",I","3",",I","59.3",",,I,29,","283.8",",,,I"
"BR00F5-0050","1982-12","-24.43","-48.85","900.0","ARACAIBA CAPOEIRAS, BR","15",",I","13",",I","4",",I","29.7",",,I,30,","209.6",",,,I"
"BR00F5-0050","1983-01","-24.43","-48.85","900.0","ARACAIBA CAPOEIRAS, BR","17",",I","13",",I","6",",I","84.6",",,I,17,","354.8",",,,I"
"BR00F5-0050","1983-02","-24.43","-48.85","900.0","ARACAIBA CAPOEIRAS, BR","15",",I","11",",I","1",",I","27.2",",,I,28,","102.4",",,,I"
"BR00F5-0050","1983-03","-24.43","-48.85","900.0","ARACAIBA CAPOEIRAS, BR","13",",I","10",",I","4",",I","36.2",",,I,02,","170.1",",,,I"
"BR00F5-0050","1983-04","-24.43","-48.85","900.0","ARACAIBA CAPOEIRAS, BR","13",",I","12",",I","4",",I","55.2",",,I,17,","244.3",",,,I"
"BR00F5-0050","1983-05","-24.43","-48.85","900.0","ARACAIBA CAPOEIRAS, BR","18",",I","13",",I","6",",I","78.8",",,I,29,","361.3",",,,I"
"BR00F5-0050","1983-06","-24.43","-48.85","900.0","ARACAIBA CAPOEIRAS, BR","20",",I","15",",I","4",",I","68.0",",,I,09,","351.6",",,,I"
"BR00F5-0050","1983-07","-24.43","-48.85","900.0","ARACAIBA CAPOEIRAS, BR","11",",I","7",",I","1",",I","57.1",",,I,07,","91.7",",,,I"
"BR00F5-0050","1983-08","-24.43","-48.85","900.0","ARACAIBA CAPOEIRAS, BR","8",",I","1",",I","0",",I","4.5",",,I,03,","13.9",",,,I"
"BR00F5-0050","1983-09","-24.43","-48.85","900.0","ARACAIBA CAPOEIRAS, BR","18",",I","14",",I","2",",I","57.9",",,I,18,","238.6",",,,I"
"BR00F5-0050","1983-10","-24.43","-48.85","900.0","ARACAIBA CAPOEIRAS, BR","17",",I","11",",I","1",",I","41.2",",,I,22,","124.1",",,,I"
"BR00F5-0050","1983-11","-24.43","-48.85","900.0","ARACAIBA CAPOEIRAS, BR","12",",I","11",",I","1",",I","32.2",",,I,12,","172.7",",,,I"
"BR00F5-0050","1983-12","-24.43","-48.85","900.0","ARACAIBA CAPOEIRAS, BR","17",",I","14",",I","3",",I","55.2",",,I,29,","237.3",",,,I"
"BR00F5-0050","1984-01","-24.43","-48.85","900.0","ARACAIBA CAPOEIRAS, BR","11",",I","10",",I","0",",I","15.9",",,I,29,","87.6",",,,I"
"BR00F5-0050","1984-02","-24.43","-48.85","900.0","ARACAIBA CAPOEIRAS, BR","8",",I","7",",I","0",",I","12.3",",,I,29,","44.7",",,,I"
"BR00F5-0050","1984-03","-24.43","-48.85","900.0","ARACAIBA CAPOEIRAS, BR","13",",I","10",",I","0",",I","21.1",",,I,30,","87.0",",,,I"
"BR00F5-0050","1984-04","-24.43","-48.85","900.0","ARACAIBA CAPOEIRAS, BR","8",",I","6",",I","0",",I","18.7",",,I,29,","68.7",",,,I"
"BR00F5-0050","1984-05","-24.43","-48.85","900.0","ARACAIBA CAPOEIRAS, BR","11",",I","8",",I","2",",I","44.1",",,I,12,","142.7",",,,I"
"BR00F5-0050","1984-06","-24.43","-48.85","900.0","ARACAIBA CAPOEIRAS, BR","7",",I","3",",I","1",",I","28.1",",,I,13,","52.7",",,,I"
"BR00F5-0050","1984-07","-24.43","-48.85","900.0","ARACAIBA CAPOEIRAS, BR","8",",I","3",",I","1",",I","38.4",",,I,07,","72.4",",,,I"
"BR00F5-0050","1984-08","-24.43","-48.85","900.0","ARACAIBA CAPOEIRAS, BR","12",",I","5",",I","2",",I","56.4",",,I,02,","123.6",",,,I"
"BR00F5-0050","1984-09","-24.43","-48.85","900.0","ARACAIBA CAPOEIRAS, BR","7",",I","4",",I","2",",I","57.3",",,I,26,","116.6",",,,I"
"BR00F5-0050","1984-10","-24.43","-48.85","900.0","ARACAIBA CAPOEIRAS, BR","4",",I","2",",I","0",",I","10.3",",,I,09,","14.4",",,,I"
"BR00F5-0050","1984-11","-24.43","-48.85","900.0","ARACAIBA CAPOEIRAS, BR","14",",I","12",",I","1",",I","25.6",",,I,11,","143.5",",,,I"
"BR00F5-0050","1984-12","-24.43","-48.85","900.0","ARACAIBA CAPOEIRAS, BR","13",",I","11",",I","5",",I","69.7",",,I,01,","305.1",",,,I"
"BR00F5-0050","1985-01","-24.43","-48.85","900.0","ARACAIBA CAPOEIRAS, BR","11",",I","7",",I","1",",I","50.6",",,I,17,","103.6",",,,I"
"BR00F5-0050","1985-02","-24.43","-48.85","900.0","ARACAIBA CAPOEIRAS, BR","13",",I","11",",I","3",",I","55.4",",,I,11,","225.8",",,,I"
"BR00F5-0050","1985-03","-24.43","-48.85","900.0","ARACAIBA CAPOEIRAS, BR","12",",I","10",",I","0",",I","25.2",",,I,28,","102.8",",,,I"
"BR00F5-0050","1985-04","-24.43","-48.85","900.0","ARACAIBA CAPOEIRAS, BR","7",",I","4",",I","1",",I","33.6",",,I,16,","57.0",",,,I"
"BR00F5-0050","1985-05","-24.43","-48.85","900.0","ARACAIBA CAPOEIRAS, BR","7",",I","2",",I","0",",I","16.1",",,I,21,","32.1",",,,I"
"BR00F5-0050","1985-06","-24.43","-48.85","900.0","ARACAIBA CAPOEIRAS, BR","8",",I","2",",I","0",",I","6.3",",,I,04,","15.7",",,,I"
"BR00F5-0050","1985-07","-24.43","-48.85","900.0","ARACAIBA CAPOEIRAS, BR","4",",I","2",",I","0",",I","14.8",",,I,06,","21.8",",,,I"
"BR00F5-0050","1985-08","-24.43","-48.85","900.0","ARACAIBA CAPOEIRAS, BR","5",",I","1",",I","0",",I","19.1",",,I,31,","22.9",",,,I"
"BR00F5-0050","1985-09","-24.43","-48.85","900.0","ARACAIBA CAPOEIRAS, BR","8",",I","7",",I","1",",I","26.9",",,I,04,","81.3",",,,I"
"BR00F5-0050","1985-10","-24.43","-48.85","900.0","ARACAIBA CAPOEIRAS, BR","6",",I","6",",I","1",",I","25.5",",,I,21,","69.6",",,,I"
"BR00F5-0050","1985-11","-24.43","-48.85","900.0","ARACAIBA CAPOEIRAS, BR","9",",I","8",",I","2",",I","67.7",",,I,24,","149.1",",,,I"
"BR00F5-0050","1985-12","-24.43","-48.85","900.0","ARACAIBA CAPOEIRAS, BR","10",",I","8",",I","1",",I","33.5",",,I,17,","80.5",",,,I"
"BR00F5-0050","1986-01","-24.43","-48.85","900.0","ARACAIBA CAPOEIRAS, BR","11",",I","11",",I","3",",I","47.4",",,I,22,","196.6",",,,I"
"BR00F5-0050","1986-02","-24.43","-48.85","900.0","ARACAIBA CAPOEIRAS, BR","16",",I","11",",I","1",",I","35.5",",,I,19,","164.4",",,,I"
"BR00F5-0050","1986-03","-24.43","-48.85","900.0","ARACAIBA CAPOEIRAS, BR","13",",I","12",",I","2",",I","37.5",",,I,13,","170.1",",,,I"
"BR00F5-0050","1986-04","-24.43","-48.85","900.0","ARACAIBA CAPOEIRAS, BR","6",",I","3",",I","0",",I","18.3",",,I,15,","46.6",",,,I"
"BR00F5-0050","1986-05","-24.43","-48.85","900.0","ARACAIBA CAPOEIRAS, BR","8",",I","6",",I","1",",I","54.6",",,I,18,","112.6",",,,I"
"BR00F5-0050","1986-06","-24.43","-48.85","900.0","ARACAIBA CAPOEIRAS, BR","3",",I","0",",I","0",",I","0.8",",,I,09,","2.2",",,,I"
"BR00F5-0050","1986-07","-24.43","-48.85","900.0","ARACAIBA CAPOEIRAS, BR","14",",I","4",",I","0",",I","11.2",",,I,31,","38.7",",,,I"
"BR00F5-0050","1986-08","-24.43","-48.85","900.0","ARACAIBA CAPOEIRAS, BR","10",",I","6",",I","2",",I","36.1",",,I,14,","134.3",",,,I"
"BR00F5-0050","1986-09","-24.43","-48.85","900.0","ARACAIBA CAPOEIRAS, BR","11",",I","8",",I","0",",I","12.8",",,I,19,","67.0",",,,I"
"BR00F5-0050","1986-10","-24.43","-48.85","900.0","ARACAIBA CAPOEIRAS, BR","9",",I","4",",I","1",",I","32.7",",,I,22,","97.1",",,,I"
"BR00F5-0050","1986-11","-24.43","-48.85","900.0","ARACAIBA CAPOEIRAS, BR","9",",I","8",",I","2",",I","29.7",",,I,03,","122.8",",,,I"
"BR00F5-0050","1986-12","-24.43","-48.85","900.0","ARACAIBA CAPOEIRAS, BR","21",",I","16",",I","1",",I","56.1",",,I,18,","249.1",",,,I"
"BR00F5-0050","1987-01","-24.43","-48.85","900.0","ARACAIBA CAPOEIRAS, BR","10",",I","9",",I","3",",I","35.9",",,I,17,","168.0",",,,I"
"BR00F5-0050","1987-02","-24.43","-48.85","900.0","ARACAIBA CAPOEIRAS, BR","16",",I","13",",I","0",",I","24.4",",,I,27,","136.1",",,,I"
"BR00F5-0050","1987-03","-24.43","-48.85","900.0","ARACAIBA CAPOEIRAS, BR","6",",I","5",",I","1",",I","26.1",",,I,28,","68.1",",,,I"
"BR00F5-0050","1987-04","-24.43","-48.85","900.0","ARACAIBA CAPOEIRAS, BR","15",",I","10",",I","0",",I","22.8",",,I,03,","93.1",",,,I"
"BR00F5-0050","1987-05","-24.43","-48.85","900.0","ARACAIBA CAPOEIRAS, BR","16",",I","15",",I","3",",I","30.7",",,I,20,","235.4",",,,I"
"BR00F5-0050","1987-06","-24.43","-48.85","900.0","ARACAIBA CAPOEIRAS, BR","14",",I","8",",I","2",",I","60.2",",,I,15,","174.2",",,,I"
"BR00F5-0050","1987-07","-24.43","-48.85","900.0","ARACAIBA CAPOEIRAS, BR","4",",I","1",",I","0",",I","18.1",",,I,09,","22.4",",,,I"
"BR00F5-0050","1987-08","-24.43","-48.85","900.0","ARACAIBA CAPOEIRAS, BR","7",",I","4",",I","0",",I","23.2",",,I,17,","36.4",",,,I"
"BR00F5-0050","1987-09","-24.43","-48.85","900.0","ARACAIBA CAPOEIRAS, BR","10",",I","5",",I","1",",I","46.2",",,I,11,","95.5",",,,I"
"BR00F5-0050","1987-10","-24.43","-48.85","900.0","ARACAIBA CAPOEIRAS, BR","14",",I","11",",I","1",",I","26.7",",,I,01,","115.8",",,,I"
"BR00F5-0050","1987-11","-24.43","-48.85","900.0","ARACAIBA CAPOEIRAS, BR","8",",I","6",",I","0",",I","20.0",",,I,15,","77.4",",,,I"
"BR00F5-0050","1987-12","-24.43","-48.85","900.0","ARACAIBA CAPOEIRAS, BR","12",",I","11",",I","1",",I","33.3",",,I,04,","128.8",",,,I"
"BR00F5-0050","1988-01","-24.43","-48.85","900.0","ARACAIBA CAPOEIRAS, BR","12",",I","9",",I","2",",I","50.4",",,I,27,","143.7",",,,I"
"BR00F5-0050","1988-02","-24.43","-48.85","900.0","ARACAIBA CAPOEIRAS, BR","14",",I","10",",I","2",",I","30.0",",,I,28,","168.6",",,,I"
"BR00F5-0050","1988-03","-24.43","-48.85","900.0","ARACAIBA CAPOEIRAS, BR","9",",I","8",",I","1",",I","28.3",",,I,04,","140.0",",,,I"
"BR00F5-0050","1988-04","-24.43","-48.85","900.0","ARACAIBA CAPOEIRAS, BR","8",",I","5",",I","1",",I","26.9",",,I,13,","68.4",",,,I"
"BR00F5-0050","1988-05","-24.43","-48.85","900.0","ARACAIBA CAPOEIRAS, BR","17",",I","17",",I","3",",I","40.0",",,I,29,","262.9",",,,I"
"BR00F5-0050","1988-06","-24.43","-48.85","900.0","ARACAIBA CAPOEIRAS, BR","10",",I","6",",I","0",",I","11.6",",,I,04,","41.2",",,,I"
"BR00F5-0050","1988-07","-24.43","-48.85","900.0","ARACAIBA CAPOEIRAS, BR","5",",I","3",",I","0",",I","7.0",",,I,24,","19.7",",,,I"
"BR00F5-0050","1988-08","-24.43","-48.85","900.0","ARACAIBA CAPOEIRAS, BR","1",",I","0",",I","0",",I","1.3",",,I,18,","1.7",",,,I"
"BR00F5-0050","1988-09","-24.43","-48.85","900.0","ARACAIBA CAPOEIRAS, BR","6",",I","5",",I","0",",I","21.2",",,I,18,","54.3",",,,I"
"BR00F5-0050","1988-10","-24.43","-48.85","900.0","ARACAIBA CAPOEIRAS, BR","13",",I","7",",I","0",",I","21.3",",,I,26,","90.8",",,,I"
"BR00F5-0050","1988-11","-24.43","-48.85","900.0","ARACAIBA CAPOEIRAS, BR","12",",I","7",",I","0",",I","13.9",",,I,13,","42.5",",,,I"
"BR00F5-0050","1988-12","-24.43","-48.85","900.0","ARACAIBA CAPOEIRAS, BR","13",",I","10",",I","3",",I","53.8",",,I,30,","210.1",",,,I"
"BR00F5-0050","1989-01","-24.43","-48.85","900.0","ARACAIBA CAPOEIRAS, BR","24",",I","16",",I","5",",I","57.2",",,I,07,","272.9",",,,I"
"BR00F5-0050","1989-02","-24.43","-48.85","900.0","ARACAIBA CAPOEIRAS, BR","21",",I","16",",I","4",",I","43.9",",,I,04,","315.7",",,,I"
"BR00F5-0050","1989-03","-24.43","-48.85","900.0","ARACAIBA CAPOEIRAS, BR","17",",I","10",",I","3",",I","57.7",",,I,04,","170.6",",,,I"
"BR00F5-0050","1989-04","-24.43","-48.85","900.0","ARACAIBA CAPOEIRAS, BR","17",",I","9",",I","0",",I","21.8",",,I,01,","87.9",",,,I"
"BR00F5-0050","1989-05","-24.43","-48.85","900.0","ARACAIBA CAPOEIRAS, BR","14",",I","6",",I","3",",I","38.5",",,I,02,","126.6",",,,I"
"BR00F5-0050","1989-06","-24.43","-48.85","900.0","ARACAIBA CAPOEIRAS, BR","13",",I","8",",I","0",",I","20.0",",,I,12,+","95.3",",,,I"
"BR00F5-0050","1989-07","-24.43","-48.85","900.0","ARACAIBA CAPOEIRAS, BR","13",",I","6",",I","3",",I","74.3",",,I,30,","185.2",",,,I"
"BR00F5-0050","1989-08","-24.43","-48.85","900.0","ARACAIBA CAPOEIRAS, BR","14",",I","6",",I","0",",I","19.5",",,I,26,","50.1",",,,I"
"BR00F5-0050","1989-09","-24.43","-48.85","900.0","ARACAIBA CAPOEIRAS, BR","16",",I","8",",I","1",",I","35.3",",,I,14,","121.2",",,,I"
"BR00F5-0050","1989-10","-24.43","-48.85","900.0","ARACAIBA CAPOEIRAS, BR","13",",I","5",",I","1",",I","37.5",",,I,27,","70.2",",,,I"
"BR00F5-0050","1989-11","-24.43","-48.85","900.0","ARACAIBA CAPOEIRAS, BR","13",",I","7",",I","3",",I","37.6",",,I,12,","129.1",",,,I"
"BR00F5-0050","1989-12","-24.43","-48.85","900.0","ARACAIBA CAPOEIRAS, BR","17",",I","7",",I","4",",I","44.0",",,I,19,","187.0",",,,I"
"BR00F5-0050","1990-01","-24.43","-48.85","900.0","ARACAIBA CAPOEIRAS, BR","22",",I","19",",I","4",",I","66.8",",,I,10,","356.0",",,,I"
"BR00F5-0050","1990-02","-24.43","-48.85","900.0","ARACAIBA CAPOEIRAS, BR","14",",I","9",",I","0",",I","24.5",",,I,23,","99.4",",,,I"
"BR00F5-0050","1990-03","-24.43","-48.85","900.0","ARACAIBA CAPOEIRAS, BR","16",",I","12",",I","0",",I","13.5",",,I,22,","103.9",",,,I"
"BR00F5-0050","1990-04","-24.43","-48.85","900.0","ARACAIBA CAPOEIRAS, BR","18",",I","7",",I","0",",I","10.0",",,I,09,","44.1",",,,I"
"BR00F5-0050","1990-05","-24.43","-48.85","900.0","ARACAIBA CAPOEIRAS, BR","14",",I","6",",I","0",",I","18.8",",,I,18,","84.6",",,,I"
"BR00F5-0050","1990-06","-24.43","-48.85","900.0","ARACAIBA CAPOEIRAS, BR","13",",I","5",",I","0",",I","6.5",",,I,21,","28.9",",,,I"
"BR00F5-0050","1990-07","-24.43","-48.85","900.0","ARACAIBA CAPOEIRAS, BR","20",",I","15",",I","2",",I","56.4",",,I,16,","199.6",",,,I"
"BR00F5-0050","1990-08","-24.43","-48.85","900.0","ARACAIBA CAPOEIRAS, BR","14",",I","5",",I","1",",I","46.7",",,I,20,","97.5",",,,I"
"BR00F5-0050","1990-09","-24.43","-48.85","900.0","ARACAIBA CAPOEIRAS, BR","14",",I","7",",I","1",",I","64.0",",,I,13,","111.7",",,,I"
"BR00F5-0050","1990-10","-24.43","-48.85","900.0","ARACAIBA CAPOEIRAS, BR","14",",I","10",",I","0",",I","24.7",",,I,13,","166.5",",,,I"
"BR00F5-0050","1990-11","-24.43","-48.85","900.0","ARACAIBA CAPOEIRAS, BR","20",",I","11",",I","1",",I","36.8",",,I,09,","119.6",",,,I"
"BR00F5-0050","1990-12","-24.43","-48.85","900.0","ARACAIBA CAPOEIRAS, BR","17",",I","8",",I","1",",I","33.0",",,I,14,","123.3",",,,I"
"BR00F5-0050","1991-01","-24.43","-48.85","900.0","ARACAIBA CAPOEIRAS, BR","17",",I","11",",I","1",",I","47.7",",,I,12,","174.8",",,,I"
"BR00F5-0050","1991-02","-24.43","-48.85","900.0","ARACAIBA CAPOEIRAS, BR","15",",I","10",",I","2",",I","89.0",",,I,19,","224.8",",,,I"
"BR00F5-0050","1991-03","-24.43","-48.85","900.0","ARACAIBA CAPOEIRAS, BR","23",",I","17",",I","4",",I","36.5",",,I,05,","217.6",",,,I"
"BR00F5-0050","1991-04","-24.43","-48.85","900.0","ARACAIBA CAPOEIRAS, BR","8",",I","2",",I","1",",I","26.4",",,I,25,","44.3",",,,I"
"BR00F5-0050","1991-05","-24.43","-48.85","900.0","ARACAIBA CAPOEIRAS, BR","16",",I","7",",I","0",",I","11.0",",,I,12,","60.2",",,,I"
"BR00F5-0050","1991-06","-24.43","-48.85","900.0","ARACAIBA CAPOEIRAS, BR","18",",I","7",",I","2",",I","48.0",",,I,21,","133.4",",,,I"
"BR00F5-0050","1991-07","-24.43","-48.85","900.0","ARACAIBA CAPOEIRAS, BR","9",",I","1",",I","0",",I","11.9",",,I,11,","18.0",",,,I"
"BR00F5-0050","1991-08","-24.43","-48.85","900.0","ARACAIBA CAPOEIRAS, BR","12",",I","4",",I","0",",I","12.3",",,I,09,","32.5",",,,I"
"BR00F5-0050","1991-09","-24.43","-48.85","900.0","ARACAIBA CAPOEIRAS, BR","10",",I","6",",I","0",",I","21.0",",,I,19,","75.0",",,,I"
"BR00F5-0050","1991-10","-24.43","-48.85","900.0","ARACAIBA CAPOEIRAS, BR","16",",I","10",",I","1",",I","27.6",",,I,06,","119.0",",,,I"
"BR00F5-0050","1991-11","-24.43","-48.85","900.0","ARACAIBA CAPOEIRAS, BR","10",",I","6",",I","0",",I","12.4",",,I,13,","47.6",",,,I"
"BR00F5-0050","1991-12","-24.43","-48.85","900.0","ARACAIBA CAPOEIRAS, BR","14",",I","10",",I","1",",I","29.7",",,I,16,","140.3",",,,I"
"BR00F5-0050","1992-01","-24.43","-48.85","900.0","ARACAIBA CAPOEIRAS, BR","13",",I","7",",I","0",",I","22.7",",,I,10,","83.7",",,,I"
"BR00F5-0050","1992-02","-24.43","-48.85","900.0","ARACAIBA CAPOEIRAS, BR","20",",I","14",",I","2",",I","61.0",",,I,09,","224.5",",,,I"
"BR00F5-0050","1992-03","-24.43","-48.85","900.0","ARACAIBA CAPOEIRAS, BR","25",",I","18",",I","2",",I","34.5",",,I,04,","248.6",",,,I"
"BR00F5-0050","1992-04","-24.43","-48.85","900.0","ARACAIBA CAPOEIRAS, BR","12",",I","5",",I","0",",I","21.7",",,I,20,","76.5",",,,I"
"BR00F5-0050","1992-05","-24.43","-48.85","900.0","ARACAIBA CAPOEIRAS, BR","17",",I","8",",I","5",",I","45.3",",,I,04,","204.3",",,,I"
"BR00F5-0050","1992-06","-24.43","-48.85","900.0","ARACAIBA CAPOEIRAS, BR","13",",I","3",",I","0",",I","7.1",",,I,29,","20.7",",,,I"
"BR00F5-0050","1992-07","-24.43","-48.85","900.0","ARACAIBA CAPOEIRAS, BR","20",",I","6",",I","0",",I","14.0",",,I,07,","60.3",",,,I"
"BR00F5-0050","1992-08","-24.43","-48.85","900.0","ARACAIBA CAPOEIRAS, BR","16",",I","7",",I","0",",I","16.9",",,I,23,","63.4",",,,I"
"BR00F5-0050","1992-09","-24.43","-48.85","900.0","ARACAIBA CAPOEIRAS, BR","20",",I","8",",I","0",",I","19.2",",,I,03,","81.9",",,,I"
"BR00F5-0050","1992-10","-24.43","-48.85","900.0","ARACAIBA CAPOEIRAS, BR","18",",I","8",",I","1",",I","50.0",",,I,12,","153.3",",,,I"
"BR00F5-0050","1992-11","-24.43","-48.85","900.0","ARACAIBA CAPOEIRAS, BR","20",",I","10",",I","4",",I","40.9",",,I,12,","187.8",",,,I"
"BR00F5-0050","1992-12","-24.43","-48.85","900.0","ARACAIBA CAPOEIRAS, BR","9",",I","6",",I","2",",I","31.6",",,I,02,","105.8",",,,I"
"BR00F5-0050","1993-01","-24.43","-48.85","900.0","ARACAIBA CAPOEIRAS, BR","20",",I","12",",I","4",",I","78.3",",,I,11,","309.3",",,,I"
"BR00F5-0050","1993-02","-24.43","-48.85","900.0","ARACAIBA CAPOEIRAS, BR","19",",I","15",",I","3",",I","52.5",",,I,10,","258.2",",,,I"
"BR00F5-0050","1993-03","-24.43","-48.85","900.0","ARACAIBA CAPOEIRAS, BR","17",",I","9",",I","0",",I","25.1",",,I,19,","93.3",",,,I"
"BR00F5-0050","1993-04","-24.43","-48.85","900.0","ARACAIBA CAPOEIRAS, BR","12",",I","5",",I","0",",I","15.4",",,I,09,","58.7",",,,I"
"BR00F5-0050","1993-05","-24.43","-48.85","900.0","ARACAIBA CAPOEIRAS, BR","19",",I","6",",I","1",",I","25.9",",,I,14,","83.7",",,,I"
"BR00F5-0050","1993-06","-24.43","-48.85","900.0","ARACAIBA CAPOEIRAS, BR","17",",I","6",",I","3",",I","42.3",",,I,05,","128.0",",,,I"
"BR00F5-0050","1993-07","-24.43","-48.85","900.0","ARACAIBA CAPOEIRAS, BR","14",",I","4",",I","0",",I","18.5",",,I,14,","53.4",",,,I"
"BR00F5-0050","1993-08","-24.43","-48.85","900.0","ARACAIBA CAPOEIRAS, BR","9",",I","3",",I","0",",I","23.5",",,I,24,","49.1",",,,I"
"BR00F5-0050","1993-09","-24.43","-48.85","900.0","ARACAIBA CAPOEIRAS, BR","20",",I","13",",I","3",",I","46.4",",,I,30,","228.8",",,,I"
"BR00F5-0050","1993-10","-24.43","-48.85","900.0","ARACAIBA CAPOEIRAS, BR","16",",I","9",",I","1",",I","63.9",",,I,04,","131.7",",,,I"
"BR00F5-0050","1993-11","-24.43","-48.85","900.0","ARACAIBA CAPOEIRAS, BR","8",",I","3",",I","0",",I","10.8",",,I,02,","29.5",",,,I"
"BR00F5-0050","1993-12","-24.43","-48.85","900.0","ARACAIBA CAPOEIRAS, BR","16",",I","10",",I","2",",I","30.0",",,I,01,","151.5",",,,I"
"BR00F5-0050","1994-01","-24.43","-48.85","900.0","ARACAIBA CAPOEIRAS, BR","17",",I","12",",I","3",",I","54.6",",,I,29,","233.5",",,,I"
"BR00F5-0050","1994-02","-24.43","-48.85","900.0","ARACAIBA CAPOEIRAS, BR","18",",I","10",",I","0",",I","18.3",",,I,12,","110.8",",,,I"
"BR00F5-0050","1994-03","-24.43","-48.85","900.0","ARACAIBA CAPOEIRAS, BR","19",",I","9",",I","3",",I","30.0",",,I,20,","150.2",",,,I"
"BR00F5-0050","1994-04","-24.43","-48.85","900.0","ARACAIBA CAPOEIRAS, BR","15",",I","7",",I","3",",I","74.2",",,I,20,","211.5",",,,I"
"BR00F5-0050","1994-05","-24.43","-48.85","900.0","ARACAIBA CAPOEIRAS, BR","16",",I","3",",I","1",",I","39.3",",,I,12,","72.8",",,,I"
"BR00F5-0050","1994-06","-24.43","-48.85","900.0","ARACAIBA CAPOEIRAS, BR","15",",I","7",",I","2",",I","26.7",",,I,25,","105.1",",,,I"
"BR00F5-0050","1994-07","-24.43","-48.85","900.0","ARACAIBA CAPOEIRAS, BR","9",",I","3",",I","0",",I","4.1",",,I,12,","14.2",",,,I"
"BR00F5-0050","1994-08","-24.43","-48.85","900.0","ARACAIBA CAPOEIRAS, BR","10",",I","2",",I","0",",I","2.7",",,I,11,","10.6",",,,I"
"BR00F5-0050","1994-09","-24.43","-48.85","900.0","ARACAIBA CAPOEIRAS, BR","12",",I","1",",I","0",",I","3.4",",,I,28,","12.8",",,,I"
"BR00F5-0050","1994-10","-24.43","-48.85","900.0","ARACAIBA CAPOEIRAS, BR","17",",I","7",",I","1",",I","40.9",",,I,26,","103.8",",,,I"
"BR00F5-0050","1994-11","-24.43","-48.85","900.0","ARACAIBA CAPOEIRAS, BR","7",",I","6",",I","2",",I","48.8",",,I,18,","131.2",",,,I"
"BR00F5-0050","1994-12","-24.43","-48.85","900.0","ARACAIBA CAPOEIRAS, BR","11",",I","9",",I","1",",I","25.9",",,I,31,","121.4",",,,I"
"BR00F5-0050","1995-01","-24.43","-48.85","900.0","ARACAIBA CAPOEIRAS, BR","23",",I","18",",I","5",",I","49.1",",,I,20,","359.3",",,,I"
"BR00F5-0050","1995-02","-24.43","-48.85","900.0","ARACAIBA CAPOEIRAS, BR","21",",I","13",",I","3",",I","40.0",",,I,01,","245.7",",,,I"
"BR00F5-0050","1995-03","-24.43","-48.85","900.0","ARACAIBA CAPOEIRAS, BR","13",",I","10",",I","4",",I","32.5",",,I,30,","179.5",",,,I"
"BR00F5-0050","1995-04","-24.43","-48.85","900.0","ARACAIBA CAPOEIRAS, BR","9",",I","5",",I","1",",I","74.7",",,I,20,","95.2",",,,I"
"BR00F5-0050","1995-05","-24.43","-48.85","900.0","ARACAIBA CAPOEIRAS, BR","10",",I","4",",I","0",",I","23.6",",,I,10,","43.5",",,,I"
"BR00F5-0050","1995-06","-24.43","-48.85","900.0","ARACAIBA CAPOEIRAS, BR","17",",I","6",",I","0",",I","19.0",",,I,25,","75.9",",,,I"
"BR00F5-0050","1995-07","-24.43","-48.85","900.0","ARACAIBA CAPOEIRAS, BR","13",",I","5",",I","1",",I","28.3",",,I,08,","93.5",",,,I"
"BR00F5-0050","1995-08","-24.43","-48.85","900.0","ARACAIBA CAPOEIRAS, BR","7",",I","3",",I","0",",I","20.0",",,I,04,","47.2",",,,I"
"BR00F5-0050","1995-09","-24.43","-48.85","900.0","ARACAIBA CAPOEIRAS, BR","15",",I","6",",I","4",",I","52.2",",,I,28,","179.8",",,,I"
"BR00F5-0050","1995-10","-24.43","-48.85","900.0","ARACAIBA CAPOEIRAS, BR","17",",I","11",",I","3",",I","35.5",",,I,17,","176.5",",,,I"
"BR00F5-0050","1995-11","-24.43","-48.85","900.0","ARACAIBA CAPOEIRAS, BR","16",",I","9",",I","0",",I","21.7",",,I,17,","80.2",",,,I"
"BR00F5-0050","1995-12","-24.43","-48.85","900.0","ARACAIBA CAPOEIRAS, BR","13",",I","9",",I","1",",I","41.8",",,I,27,","109.8",",,,I"
"BR00F5-0050","1996-01","-24.43","-48.85","900.0","ARACAIBA CAPOEIRAS, BR","23",",I","18",",I","5",",I","57.5",",,I,19,","354.5",",,,I"
"BR00F5-0050","1996-02","-24.43","-48.85","900.0","ARACAIBA CAPOEIRAS, BR","22",",I","16",",I","3",",I","38.0",",,I,09,","253.2",",,,I"
"BR00F5-0050","1996-03","-24.43","-48.85","900.0","ARACAIBA CAPOEIRAS, BR","18",",I","12",",I","1",",I","30.0",",,I,03,","164.3",",,,I"
"BR00F5-0050","1996-04","-24.43","-48.85","900.0","ARACAIBA CAPOEIRAS, BR","12",",I","5",",I","1",",I","47.3",",,I,11,","94.8",",,,I"
"BR00F5-0050","1996-05","-24.43","-48.85","900.0","ARACAIBA CAPOEIRAS, BR","12",",I","2",",I","0",",I","2.7",",,I,23,","13.2",",,,I"
"BR00F5-0050","1996-06","-24.43","-48.85","900.0","ARACAIBA CAPOEIRAS, BR","16",",I","6",",I","2",",I","30.0",",,I,27,","123.3",",,,I"
"BR00F5-0050","1996-07","-24.43","-48.85","900.0","ARACAIBA CAPOEIRAS, BR","18",",I","4",",I","0",",I","9.8",",,I,27,","39.9",",,,I"
"BR00F5-0050","1996-08","-24.43","-48.85","900.0","ARACAIBA CAPOEIRAS, BR","4",",I","2",",I","1",",I","29.9",",,I,10,","44.0",",,,I"
"BR00F5-0050","1996-09","-24.43","-48.85","900.0","ARACAIBA CAPOEIRAS, BR","17",",I","11",",I","2",",I","37.7",",,I,09,","173.6",",,,I"
"BR00F5-0050","1996-10","-24.43","-48.85","900.0","ARACAIBA CAPOEIRAS, BR","15",",I","9",",I","1",",I","48.7",",,I,20,","142.9",",,,I"
"BR00F5-0050","1996-11","-24.43","-48.85","900.0","ARACAIBA CAPOEIRAS, BR","16",",I","9",",I","0",",I","16.0",",,I,16,","98.9",",,,I"
"BR00F5-0050","1996-12","-24.43","-48.85","900.0","ARACAIBA CAPOEIRAS, BR","17",",I","15",",I","3",",I","61.8",",,I,06,","236.8",",,,I"
"BR00F5-0050","1997-01","-24.43","-48.85","900.0","ARACAIBA CAPOEIRAS, BR","22",",I","18",",I","7",",I","102.3",",,I,24,","464.2",",,,I"
"BR00F5-0050","1997-02","-24.43","-48.85","900.0","ARACAIBA CAPOEIRAS, BR","12",",I","8",",I","2",",I","38.9",",,I,16,","116.5",",,,I"
"BR00F5-0050","1997-03","-24.43","-48.85","900.0","ARACAIBA CAPOEIRAS, BR","9",",I","3",",I","1",",I","25.7",",,I,12,","40.2",",,,I"
"BR00F5-0050","1997-04","-24.43","-48.85","900.0","ARACAIBA CAPOEIRAS, BR","10",",I","5",",I","0",",I","12.9",",,I,01,","39.4",",,,I"
"BR00F5-0050","1997-05","-24.43","-48.85","900.0","ARACAIBA CAPOEIRAS, BR","14",",I","3",",I","0",",I","25.2",",,I,22,","57.6",",,,I"
"BR00F5-0050","1997-06","-24.43","-48.85","900.0","ARACAIBA CAPOEIRAS, BR","11",",I","7",",I","2",",I","72.5",",,I,20,","172.5",",,,I"
"BR00F5-0050","1997-07","-24.43","-48.85","900.0","ARACAIBA CAPOEIRAS, BR","11",",I","2",",I","0",",I","19.0",",,I,21,","35.5",",,,I"
"BR00F5-0050","1997-08","-24.43","-48.85","900.0","ARACAIBA CAPOEIRAS, BR","6",",I","5",",I","0",",I","20.1",",,I,21,","52.7",",,,I"
"BR00F5-0050","1997-09","-24.43","-48.85","900.0","ARACAIBA CAPOEIRAS, BR","9",",I","4",",I","2",",I","58.8",",,I,20,","153.0",",,,I"
"BR00F5-0050","1997-10","-24.43","-48.85","900.0","ARACAIBA CAPOEIRAS, BR","13",",I","9",",I","1",",I","34.5",",,I,07,","115.8",",,,I"
"BR00F5-0050","1997-11","-24.43","-48.85","900.0","ARACAIBA CAPOEIRAS, BR","19",",I","13",",I","3",",I","56.7",",,I,19,","239.1",",,,I"
"BR00F5-0050","1997-12","-24.43","-48.85","900.0","ARACAIBA CAPOEIRAS, BR","12",",I","8",",I","3",",I","33.3",",,I,02,","148.9",",,,I"
