"STATION","DATE","LATITUDE","LONGITUDE","ELEVATION","NAME","DP01","DP01_ATTRIBUTES","DP10","DP10_ATTRIBUTES","DP1X","DP1X_ATTRIBUTES","EMXP","EMXP_ATTRIBUTES","PRCP","PRCP_ATTRIBUTES"
"BR00B4-0550","1965-07","-20.35","-47.35","720.0","VALE DO PRATA, BR","0","1,I","0","1,I","0","1,I","0.0","1,,I,31,+","0.0","1,,,I"
"BR00B4-0550","1965-08","-20.35","-47.35","720.0","VALE DO PRATA, BR","7",",I","3",",I","0",",I","16.6",",,I,06,","38.8",",,,I"
"BR00B4-0550","1965-09","-20.35","-47.35","720.0","VALE DO PRATA, BR","4",",I","3",",I","0",",I","21.7",",,I,28,","55.8",",,,I"
"BR00B4-0550","1965-10","-20.35","-47.35","720.0","VALE DO PRATA, BR","12",",I","12",",I","0",",I","22.7",",,I,02,","121.6",",,,I"
"BR00B4-0550","1965-11","-20.35","-47.35","720.0","VALE DO PRATA, BR","10",",I","10",",I","4",",I","69.7",",,I,28,","286.7",",,,I"
"BR00B4-0550","1965-12","-20.35","-47.35","720.0","VALE DO PRATA, BR","17",",I","15",",I","2",",I","63.7",",,I,03,","217.6",",,,I"
"BR00B4-0550","1966-01","-20.35","-47.35","720.0","VALE DO PRATA, BR","18",",I","16",",I","4",",I","53.7",",,I,03,","305.2",",,,I"
"BR00B4-0550","1966-02","-20.35","-47.35","720.0","VALE DO PRATA, BR","16",",I","13",",I","4",",I","33.6",",,I,05,","243.3",",,,I"
"BR00B4-0550","1966-03","-20.35","-47.35","720.0","VALE DO PRATA, BR","14",",I","12",",I","8",",I","57.7",",,I,13,","357.1",",,,I"
"BR00B4-0550","1966-04","-20.35","-47.35","720.0","VALE DO PRATA, BR","7",",I","7",",I","1",",I","41.1",",,I,07,","89.7",",,,I"
"BR00B4-0550","1966-05","-20.35","-47.35","720.0","VALE DO PRATA, BR","5",",I","5",",I","0",",I","19.5",",,I,23,","63.4",",,,I"
"BR00B4-0550","1966-06","-20.35","-47.35","720.0","VALE DO PRATA, BR","0",",I","0",",I","0",",I","0.0",",,I,30,+","0.0",",,,I"
"BR00B4-0550","1966-07","-20.35","-47.35","720.0","VALE DO PRATA, BR","0",",I","0",",I","0",",I","0.0",",,I,31,+","0.0",",,,I"
"BR00B4-0550","1966-08","-20.35","-47.35","720.0","VALE DO PRATA, BR","1",",I","0",",I","0",",I","2.2",",,I,01,","2.2",",,,I"
"BR00B4-0550","1966-09","-20.35","-47.35","720.0","VALE DO PRATA, BR","5",",I","4",",I","1",",I","41.7",",,I,21,","61.5",",,,I"
"BR00B4-0550","1966-10","-20.35","-47.35","720.0","VALE DO PRATA, BR","9",",I","7",",I","1",",I","39.7",",,I,30,","91.7",",,,I"
"BR00B4-0550","1966-11","-20.35","-47.35","720.0","VALE DO PRATA, BR","11",",I","11",",I","2",",I","42.0",",,I,13,","153.1",",,,I"
"BR00B4-0550","1966-12","-20.35","-47.35","720.0","VALE DO PRATA, BR","18",",I","15",",I","3",",I","48.5",",,I,22,","255.0",",,,I"
"BR00B4-0550","1967-01","-20.35","-47.35","720.0","VALE DO PRATA, BR","24",",I","17",",I","4",",I","67.3",",,I,27,","359.2",",,,I"
"BR00B4-0550","1967-02","-20.35","-47.35","720.0","VALE DO PRATA, BR","19",",I","14",",I","1",",I","60.6",",,I,06,","213.4",",,,I"
"BR00B4-0550","1967-03","-20.35","-47.35","720.0","VALE DO PRATA, BR","22",",I","18",",I","3",",I","31.4",",,I,11,","266.0",",,,I"
"BR00B4-0550","1967-04","-20.35","-47.35","720.0","VALE DO PRATA, BR","5",",I","4",",I","0",",I","13.5",",,I,16,","37.2",",,,I"
"BR00B4-0550","1967-05","-20.35","-47.35","720.0","VALE DO PRATA, BR","0",",I","0",",I","0",",I","0.0",",,I,31,+","0.0",",,,I"
"BR00B4-0550","1967-06","-20.35","-47.35","720.0","VALE DO PRATA, BR","6",",I","5",",I","0",",I","23.3",",,I,13,","59.5",",,,I"
"BR00B4-0550","1967-07","-20.35","-47.35","720.0","VALE DO PRATA, BR","0",",I","0",",I","0",",I","0.0",",,I,31,+","0.0",",,,I"
"BR00B4-0550","1967-08","-20.35","-47.35","720.0","VALE DO PRATA, BR","0",",I","0",",I","0",",I","0.0",",,I,31,+","0.0",",,,I"
"BR00B4-0550","1967-09","-20.35","-47.35","720.0","VALE DO PRATA, BR","5",",I","5",",I","2",",I","30.1",",,I,24,","84.7",",,,I"
"BR00B4-0550","1967-10","-20.35","-47.35","720.0","VALE DO PRATA, BR","14",",I","10",",I","1",",I","46.0",",,I,21,","181.0",",,,I"
"BR00B4-0550","1967-11","-20.35","-47.35","720.0","VALE DO PRATA, BR","17",",I","14",",I","5",",I","49.5",",,I,24,","298.5",",,,I"
"BR00B4-0550","1967-12","-20.35","-47.35","720.0","VALE DO PRATA, BR","21",",I","18",",I","1",",I","47.5",",,I,27,","214.7",",,,I"
"BR00B4-0550","1968-01","-20.35","-47.35","720.0","VALE DO PRATA, BR","14",",I","10",",I","1",",I","29.5",",,I,13,","141.9",",,,I"
"BR00B4-0550","1968-02","-20.35","-47.35","720.0","VALE DO PRATA, BR","17",",I","10",",I","2",",I","60.5",",,I,01,","206.2",",,,I"
"BR00B4-0550","1968-03","-20.35","-47.35","720.0","VALE DO PRATA, BR","9",",I","7",",I","2",",I","38.0",",,I,16,","103.5",",,,I"
"BR00B4-0550","1968-04","-20.35","-47.35","720.0","VALE DO PRATA, BR","4",",I","4",",I","0",",I","21.0",",,I,21,+","62.4",",,,I"
"BR00B4-0550","1968-05","-20.35","-47.35","720.0","VALE DO PRATA, BR","0",",I","0",",I","0",",I","0.0",",,I,31,+","0.0",",,,I"
"BR00B4-0550","1968-06","-20.35","-47.35","720.0","VALE DO PRATA, BR","0",",I","0",",I","0",",I","0.0",",,I,30,+","0.0",",,,I"
"BR00B4-0550","1968-07","-20.35","-47.35","720.0","VALE DO PRATA, BR","3",",I","0",",I","0",",I","2.0",",,I,22,+","4.4",",,,I"
"BR00B4-0550","1968-08","-20.35","-47.35","720.0","VALE DO PRATA, BR","4",",I","3",",I","1",",I","27.0",",,I,11,","50.7",",,,I"
"BR00B4-0550","1968-09","-20.35","-47.35","720.0","VALE DO PRATA, BR","2",",I","2",",I","1",",I","32.4",",,I,04,","42.9",",,,I"
"BR00B4-0550","1968-10","-20.35","-47.35","720.0","VALE DO PRATA, BR","10",",I","10",",I","1",",I","63.5",",,I,16,","155.7",",,,I"
"BR00B4-0550","1968-11","-20.35","-47.35","720.0","VALE DO PRATA, BR","9",",I","8",",I","5",",I","85.4",",,I,18,","247.3",",,,I"
"BR00B4-0550","1968-12","-20.35","-47.35","720.0","VALE DO PRATA, BR","11",",I","10",",I","4",",I","76.3",",,I,27,","235.3",",,,I"
"BR00B4-0550","1969-01","-20.35","-47.35","720.0","VALE DO PRATA, BR","13",",I","13",",I","4",",I","112.0",",,I,23,","322.7",",,,I"
"BR00B4-0550","1969-02","-20.35","-47.35","720.0","VALE DO PRATA, BR","13",",I","10",",I","0",",I","22.9",",,I,23,","106.4",",,,I"
"BR00B4-0550","1969-03","-20.35","-47.35","720.0","VALE DO PRATA, BR","9",",I","7",",I","2",",I","48.5",",,I,06,","113.0",",,,I"
"BR00B4-0550","1969-04","-20.35","-47.35","720.0","VALE DO PRATA, BR","7",",I","6",",I","2",",I","54.3",",,I,12,","131.7",",,,I"
"BR00B4-0550","1969-05","-20.35","-47.35","720.0","VALE DO PRATA, BR","4",",I","2",",I","0",",I","10.7",",,I,31,","21.4",",,,I"
"BR00B4-0550","1969-06","-20.35","-47.35","720.0","VALE DO PRATA, BR","3",",I","3",",I","0",",I","9.5",",,I,04,","19.2",",,,I"
"BR00B4-0550","1969-07","-20.35","-47.35","720.0","VALE DO PRATA, BR","1",",I","1",",I","0",",I","3.0",",,I,13,","3.0",",,,I"
"BR00B4-0550","1969-08","-20.35","-47.35","720.0","VALE DO PRATA, BR","1",",I","1",",I","0",",I","5.0",",,I,07,","5.0",",,,I"
"BR00B4-0550","1969-09","-20.35","-47.35","720.0","VALE DO PRATA, BR","2",",I","1",",I","0",",I","22.5",",,I,21,","24.4",",,,I"
"BR00B4-0550","1969-10","-20.35","-47.35","720.0","VALE DO PRATA, BR","13",",I","11",",I","3",",I","52.3",",,I,23,","219.1",",,,I"
"BR00B4-0550","1969-11","-20.35","-47.35","720.0","VALE DO PRATA, BR","17",",I","12",",I","4",",I","46.2",",,I,03,","233.8",",,,I"
"BR00B4-0550","1969-12","-20.35","-47.35","720.0","VALE DO PRATA, BR","14",",I","10",",I","2",",I","41.9",",,I,07,","162.7",",,,I"
"BR00B4-0550","1970-01","-20.35","-47.35","720.0","VALE DO PRATA, BR","19",",I","15",",I","4",",I","53.0",",,I,09,","277.9",",,,I"
"BR00B4-0550","1970-02","-20.35","-47.35","720.0","VALE DO PRATA, BR","23",",I","19",",I","5",",I","54.5",",,I,15,","307.9",",,,I"
"BR00B4-0550","1970-03","-20.35","-47.35","720.0","VALE DO PRATA, BR","11",",I","11",",I","2",",I","78.5",",,I,12,","177.4",",,,I"
"BR00B4-0550","1970-04","-20.35","-47.35","720.0","VALE DO PRATA, BR","7",",I","5",",I","1",",I","49.8",",,I,04,","76.7",",,,I"
"BR00B4-0550","1970-05","-20.35","-47.35","720.0","VALE DO PRATA, BR","5",",I","2",",I","0",",I","5.0",",,I,23,","11.6",",,,I"
"BR00B4-0550","1970-06","-20.35","-47.35","720.0","VALE DO PRATA, BR","3",",I","2",",I","0",",I","7.8",",,I,24,","12.5",",,,I"
"BR00B4-0550","1970-07","-20.35","-47.35","720.0","VALE DO PRATA, BR","4",",I","3",",I","0",",I","9.2",",,I,10,","24.9",",,,I"
"BR00B4-0550","1970-08","-20.35","-47.35","720.0","VALE DO PRATA, BR","4",",I","2",",I","0",",I","8.0",",,I,31,","15.6",",,,I"
"BR00B4-0550","1970-09","-20.35","-47.35","720.0","VALE DO PRATA, BR","11",",I","8",",I","0",",I","18.7",",,I,04,","92.8",",,,I"
"BR00B4-0550","1970-10","-20.35","-47.35","720.0","VALE DO PRATA, BR","10",",I","7",",I","1",",I","45.3",",,I,03,","96.1",",,,I"
"BR00B4-0550","1970-11","-20.35","-47.35","720.0","VALE DO PRATA, BR","11",",I","11",",I","1",",I","25.4",",,I,30,","125.3",",,,I"
"BR00B4-0550","1970-12","-20.35","-47.35","720.0","VALE DO PRATA, BR","16",",I","14",",I","3",",I","37.5",",,I,11,","231.6",",,,I"
"BR00B4-0550","1971-01","-20.35","-47.35","720.0","VALE DO PRATA, BR","10",",I","9",",I","0",",I","19.0",",,I,11,","80.5",",,,I"
"BR00B4-0550","1971-02","-20.35","-47.35","720.0","VALE DO PRATA, BR","15",",I","8",",I","2",",I","46.1",",,I,28,","160.2",",,,I"
"BR00B4-0550","1971-03","-20.35","-47.35","720.0","VALE DO PRATA, BR","14",",I","9",",I","0",",I","24.2",",,I,06,","115.5",",,,I"
"BR00B4-0550","1971-04","-20.35","-47.35","720.0","VALE DO PRATA, BR","9",",I","6",",I","1",",I","55.7",",,I,08,","112.1",",,,I"
"BR00B4-0550","1971-05","-20.35","-47.35","720.0","VALE DO PRATA, BR","4",",I","4",",I","0",",I","11.3",",,I,27,","21.4",",,,I"
"BR00B4-0550","1971-06","-20.35","-47.35","720.0","VALE DO PRATA, BR","7",",I","4",",I","1",",I","32.2",",,I,19,","81.4",",,,I"
"BR00B4-0550","1971-07","-20.35","-47.35","720.0","VALE DO PRATA, BR","4",",I","2",",I","0",",I","10.1",",,I,31,","20.3",",,,I"
"BR00B4-0550","1971-08","-20.35","-47.35","720.0","VALE DO PRATA, BR","1",",I","0",",I","0",",I","1.2",",,I,02,","1.2",",,,I"
"BR00B4-0550","1971-09","-20.35","-47.35","720.0","VALE DO PRATA, BR","10",",I","6",",I","1",",I","105.2",",,I,12,","150.6",",,,I"
"BR00B4-0550","1971-10","-20.35","-47.35","720.0","VALE DO PRATA, BR","16",",I","13",",I","2",",I","58.8",",,I,07,","185.6",",,,I"
"BR00B4-0550","1971-11","-20.35","-47.35","720.0","VALE DO PRATA, BR","14",",I","9",",I","2",",I","62.7",",,I,25,","210.5",",,,I"
"BR00B4-0550","1971-12","-20.35","-47.35","720.0","VALE DO PRATA, BR","23",",I","20",",I","8",",I","109.0",",,I,24,","523.5",",,,I"
"BR00B4-0550","1972-01","-20.35","-47.35","720.0","VALE DO PRATA, BR","18",",I","10",",I","4",",I","39.4",",,I,21,","206.7",",,,I"
"BR00B4-0550","1972-02","-20.35","-47.35","720.0","VALE DO PRATA, BR","20",",I","19",",I","5",",I","49.3",",,I,28,","325.7",",,,I"
"BR00B4-0550","1972-03","-20.35","-47.35","720.0","VALE DO PRATA, BR","13",",I","11",",I","2",",I","42.6",",,I,12,","149.3",",,,I"
"BR00B4-0550","1972-04","-20.35","-47.35","720.0","VALE DO PRATA, BR","7",",I","6",",I","1",",I","26.8",",,I,04,","65.0",",,,I"
"BR00B4-0550","1972-05","-20.35","-47.35","720.0","VALE DO PRATA, BR","3",",I","3",",I","0",",I","14.7",",,I,25,","25.7",",,,I"
"BR00B4-0550","1972-06","-20.35","-47.35","720.0","VALE DO PRATA, BR","0",",I","0",",I","0",",I","0.0",",,I,30,+","0.0",",,,I"
"BR00B4-0550","1972-07","-20.35","-47.35","720.0","VALE DO PRATA, BR","5",",I","4",",I","0",",I","16.2",",,I,13,","49.8",",,,I"
"BR00B4-0550","1972-08","-20.35","-47.35","720.0","VALE DO PRATA, BR","3",",I","2",",I","0",",I","21.5",",,I,05,","28.7",",,,I"
"BR00B4-0550","1972-09","-20.35","-47.35","720.0","VALE DO PRATA, BR","8",",I","7",",I","0",",I","18.4",",,I,28,","73.3",",,,I"
"BR00B4-0550","1972-10","-20.35","-47.35","720.0","VALE DO PRATA, BR","13",",I","13",",I","5",",I","64.0",",,I,02,","326.4",",,,I"
"BR00B4-0550","1972-11","-20.35","-47.35","720.0","VALE DO PRATA, BR","18",",I","16",",I","4",",I","35.7",",,I,25,","290.8",",,,I"
"BR00B4-0550","1972-12","-20.35","-47.35","720.0","VALE DO PRATA, BR","18",",I","15",",I","4",",I","45.8",",,I,29,","257.1",",,,I"
"BR00B4-0550","1973-01","-20.35","-47.35","720.0","VALE DO PRATA, BR","15",",I","14",",I","4",",I","35.5",",,I,30,","217.8",",,,I"
"BR00B4-0550","1973-02","-20.35","-47.35","720.0","VALE DO PRATA, BR","11",",I","9",",I","1",",I","28.8",",,I,05,","100.4",",,,I"
"BR00B4-0550","1973-03","-20.35","-47.35","720.0","VALE DO PRATA, BR","15",",I","12",",I","3",",I","67.0",",,I,24,","238.6",",,,I"
"BR00B4-0550","1973-04","-20.35","-47.35","720.0","VALE DO PRATA, BR","9",",I","8",",I","1",",I","29.0",",,I,01,","112.6",",,,I"
"BR00B4-0550","1973-05","-20.35","-47.35","720.0","VALE DO PRATA, BR","6",",I","6",",I","0",",I","12.4",",,I,10,","49.6",",,,I"
"BR00B4-0550","1973-06","-20.35","-47.35","720.0","VALE DO PRATA, BR","4",",I","4",",I","0",",I","13.0",",,I,29,","36.5",",,,I"
"BR00B4-0550","1973-07","-20.35","-47.35","720.0","VALE DO PRATA, BR","1",",I","1",",I","0",",I","3.5",",,I,29,","3.5",",,,I"
"BR00B4-0550","1973-08","-20.35","-47.35","720.0","VALE DO PRATA, BR","0",",I","0",",I","0",",I","0.0",",,I,31,+","0.0",",,,I"
"BR00B4-0550","1973-09","-20.35","-47.35","720.0","VALE DO PRATA, BR","3",",I","3",",I","1",",I","25.6",",,I,03,","34.5",",,,I"
"BR00B4-0550","1973-10","-20.35","-47.35","720.0","VALE DO PRATA, BR","9",",I","8",",I","3",",I","41.7",",,I,28,","173.7",",,,I"
"BR00B4-0550","1973-11","-20.35","-47.35","720.0","VALE DO PRATA, BR","13",",I","12",",I","5",",I","57.6",",,I,01,","265.2",",,,I"
"BR00B4-0550","1973-12","-20.35","-47.35","720.0","VALE DO PRATA, BR","19",",I","16",",I","1",",I","34.0",",,I,29,","218.9",",,,I"
"BR00B4-0550","1974-01","-20.35","-47.35","720.0","VALE DO PRATA, BR","21",",I","20",",I","7",",I","42.0",",,I,08,","387.1",",,,I"
"BR00B4-0550","1974-02","-20.35","-47.35","720.0","VALE DO PRATA, BR","6",",I","6",",I","0",",I","11.0",",,I,03,","41.7",",,,I"
"BR00B4-0550","1974-03","-20.35","-47.35","720.0","VALE DO PRATA, BR","18",",I","18",",I","4",",I","40.0",",,I,06,","305.9",",,,I"
"BR00B4-0550","1974-04","-20.35","-47.35","720.0","VALE DO PRATA, BR","7",",I","7",",I","4",",I","33.0",",,I,13,","174.5",",,,I"
"BR00B4-0550","1974-05","-20.35","-47.35","720.0","VALE DO PRATA, BR","3",",I","2",",I","0",",I","12.5",",,I,14,","18.0",",,,I"
"BR00B4-0550","1974-06","-20.35","-47.35","720.0","VALE DO PRATA, BR","4",",I","3",",I","0",",I","13.0",",,I,27,","24.7",",,,I"
"BR00B4-0550","1974-07","-20.35","-47.35","720.0","VALE DO PRATA, BR","0",",I","0",",I","0",",I","0.2",",,I,05,","0.4",",,,I"
"BR00B4-0550","1974-08","-20.35","-47.35","720.0","VALE DO PRATA, BR","5",",I","1",",I","0",",I","5.0",",,I,12,","10.0",",,,I"
"BR00B4-0550","1974-09","-20.35","-47.35","720.0","VALE DO PRATA, BR","1",",I","0",",I","0",",I","0.3",",,I,21,","0.3",",,,I"
"BR00B4-0550","1974-10","-20.35","-47.35","720.0","VALE DO PRATA, BR","7",",I","7",",I","3",",I","27.0",",,I,29,+","138.2",",,,I"
"BR00B4-0550","1974-11","-20.35","-47.35","720.0","VALE DO PRATA, BR","7",",I","7",",I","0",",I","17.0",",,I,12,","61.9",",,,I"
"BR00B4-0550","1974-12","-20.35","-47.35","720.0","VALE DO PRATA, BR","20",",I","18",",I","2",",I","29.4",",,I,24,","274.0",",,,I"
"BR00B4-0550","1975-01","-20.35","-47.35","720.0","VALE DO PRATA, BR","11",",I","9",",I","2",",I","40.4",",,I,01,","144.7",",,,I"
"BR00B4-0550","1975-02","-20.35","-47.35","720.0","VALE DO PRATA, BR","15",",I","12",",I","1",",I","33.5",",,I,25,","149.1",",,,I"
"BR00B4-0550","1975-03","-20.35","-47.35","720.0","VALE DO PRATA, BR","4",",I","4",",I","1",",I","36.5",",,I,31,","58.2",",,,I"
"BR00B4-0550","1975-04","-20.35","-47.35","720.0","VALE DO PRATA, BR","6",",I","6",",I","0",",I","19.1",",,I,08,","64.8",",,,I"
"BR00B4-0550","1975-05","-20.35","-47.35","720.0","VALE DO PRATA, BR","4",",I","4",",I","0",",I","10.9",",,I,06,","34.3",",,,I"
"BR00B4-0550","1975-06","-20.35","-47.35","720.0","VALE DO PRATA, BR","0",",I","0",",I","0",",I","0.0",",,I,30,+","0.0",",,,I"
"BR00B4-0550","1975-07","-20.35","-47.35","720.0","VALE DO PRATA, BR","3",",I","2",",I","0",",I","7.2",",,I,03,","12.0",",,,I"
"BR00B4-0550","1975-08","-20.35","-47.35","720.0","VALE DO PRATA, BR","0",",I","0",",I","0",",I","0.0",",,I,31,+","0.0",",,,I"
"BR00B4-0550","1975-09","-20.35","-47.35","720.0","VALE DO PRATA, BR","3",",I","3",",I","0",",I","9.3",",,I,28,","19.2",",,,I"
"BR00B4-0550","1975-10","-20.35","-47.35","720.0","VALE DO PRATA, BR","14",",I","13",",I","2",",I","40.2",",,I,10,","159.4",",,,I"
"BR00B4-0550","1975-11","-20.35","-47.35","720.0","VALE DO PRATA, BR","15",",I","14",",I","6",",I","40.2",",,I,28,","264.2",",,,I"
"BR00B4-0550","1975-12","-20.35","-47.35","720.0","VALE DO PRATA, BR","12",",I","12",",I","2",",I","36.1",",,I,25,","136.8",",,,I"
"BR00B4-0550","1976-01","-20.35","-47.35","720.0","VALE DO PRATA, BR","15",",I","14",",I","5",",I","40.0",",,I,27,","297.7",",,,I"
"BR00B4-0550","1976-02","-20.35","-47.35","720.0","VALE DO PRATA, BR","20",",I","19",",I","3",",I","54.7",",,I,17,","300.2",",,,I"
"BR00B4-0550","1976-03","-20.35","-47.35","720.0","VALE DO PRATA, BR","13",",I","12",",I","3",",I","37.6",",,I,13,","192.5",",,,I"
"BR00B4-0550","1976-04","-20.35","-47.35","720.0","VALE DO PRATA, BR","4",",I","4",",I","1",",I","40.2",",,I,13,","68.0",",,,I"
"BR00B4-0550","1976-05","-20.35","-47.35","720.0","VALE DO PRATA, BR","7",",I","6",",I","1",",I","40.3",",,I,29,","92.0",",,,I"
"BR00B4-0550","1976-06","-20.35","-47.35","720.0","VALE DO PRATA, BR","1",",I","0",",I","0",",I","1.8",",,I,09,","1.8",",,,I"
"BR00B4-0550","1976-07","-20.35","-47.35","720.0","VALE DO PRATA, BR","5",",I","5",",I","1",",I","33.1",",,I,04,","78.1",",,,I"
"BR00B4-0550","1976-08","-20.35","-47.35","720.0","VALE DO PRATA, BR","8",",I","8",",I","2",",I","35.0",",,I,13,","127.1",",,,I"
"BR00B4-0550","1976-09","-20.35","-47.35","720.0","VALE DO PRATA, BR","8",",I","7",",I","4",",I","40.5",",,I,13,","163.7",",,,I"
"BR00B4-0550","1976-10","-20.35","-47.35","720.0","VALE DO PRATA, BR","6",",I","6",",I","2",",I","80.2",",,I,24,","170.4",",,,I"
"BR00B4-0550","1976-11","-20.35","-47.35","720.0","VALE DO PRATA, BR","12",",I","11",",I","3",",I","40.7",",,I,27,","150.5",",,,I"
"BR00B4-0550","1976-12","-20.35","-47.35","720.0","VALE DO PRATA, BR","27",",I","23",",I","6",",I","40.6",",,I,09,","328.4",",,,I"
"BR00B4-0550","1977-01","-20.35","-47.35","720.0","VALE DO PRATA, BR","21",",I","21",",I","2",",I","40.7",",,I,20,","231.0",",,,I"
"BR00B4-0550","1977-02","-20.35","-47.35","720.0","VALE DO PRATA, BR","4",",I","4",",I","0",",I","8.6",",,I,08,","24.1",",,,I"
"BR00B4-0550","1977-03","-20.35","-47.35","720.0","VALE DO PRATA, BR","20",",I","18",",I","3",",I","36.3",",,I,23,","226.5",",,,I"
"BR00B4-0550","1977-04","-20.35","-47.35","720.0","VALE DO PRATA, BR","8",",I","7",",I","2",",I","38.7",",,I,21,","119.8",",,,I"
"BR00B4-0550","1977-05","-20.35","-47.35","720.0","VALE DO PRATA, BR","2",",I","1",",I","0",",I","4.2",",,I,03,","4.7",",,,I"
"BR00B4-0550","1977-06","-20.35","-47.35","720.0","VALE DO PRATA, BR","6",",I","4",",I","0",",I","16.5",",,I,01,","42.9",",,,I"
"BR00B4-0550","1977-07","-20.35","-47.35","720.0","VALE DO PRATA, BR","0",",I","0",",I","0",",I","0.0",",,I,31,+","0.0",",,,I"
"BR00B4-0550","1977-08","-20.35","-47.35","720.0","VALE DO PRATA, BR","2",",I","2",",I","1",",I","36.3",",,I,31,","53.7",",,,I"
"BR00B4-0550","1977-09","-20.35","-47.35","720.0","VALE DO PRATA, BR","6",",I","5",",I","1",",I","26.2",",,I,01,","63.9",",,,I"
"BR00B4-0550","1977-10","-20.35","-47.35","720.0","VALE DO PRATA, BR","9",",I","8",",I","2",",I","50.9",",,I,01,","126.9",",,,I"
"BR00B4-0550","1977-11","-20.35","-47.35","720.0","VALE DO PRATA, BR","21",",I","19",",I","4",",I","49.1",",,I,24,","285.1",",,,I"
"BR00B4-0550","1977-12","-20.35","-47.35","720.0","VALE DO PRATA, BR","13",",I","13",",I","1",",I","43.9",",,I,04,","199.2",",,,I"
"BR00B4-0550","1978-01","-20.35","-47.35","720.0","VALE DO PRATA, BR","20",",I","19",",I","4",",I","70.9",",,I,11,","384.5",",,,I"
"BR00B4-0550","1978-02","-20.35","-47.35","720.0","VALE DO PRATA, BR","11",",I","11",",I","2",",I","52.4",",,I,22,","182.0",",,,I"
"BR00B4-0550","1978-03","-20.35","-47.35","720.0","VALE DO PRATA, BR","11",",I","10",",I","2",",I","43.7",",,I,28,","135.4",",,,I"
"BR00B4-0550","1978-04","-20.35","-47.35","720.0","VALE DO PRATA, BR","5",",I","5",",I","0",",I","21.3",",,I,17,","46.3",",,,I"
"BR00B4-0550","1978-05","-20.35","-47.35","720.0","VALE DO PRATA, BR","7",",I","7",",I","1",",I","68.9",",,I,29,","129.9",",,,I"
"BR00B4-0550","1978-06","-20.35","-47.35","720.0","VALE DO PRATA, BR","1",",I","1",",I","0",",I","8.0",",,I,08,","8.0",",,,I"
"BR00B4-0550","1978-07","-20.35","-47.35","720.0","VALE DO PRATA, BR","4",",I","4",",I","0",",I","23.1",",,I,18,","67.7",",,,I"
"BR00B4-0550","1978-08","-20.35","-47.35","720.0","VALE DO PRATA, BR","0",",I","0",",I","0",",I","0.0",",,I,31,+","0.0",",,,I"
"BR00B4-0550","1978-09","-20.35","-47.35","720.0","VALE DO PRATA, BR","4",",I","3",",I","0",",I","9.9",",,I,16,","29.9",",,,I"
"BR00B4-0550","1978-10","-20.35","-47.35","720.0","VALE DO PRATA, BR","10",",I","8",",I","2",",I","75.5",",,I,18,","180.5",",,,I"
"BR00B4-0550","1978-11","-20.35","-47.35","720.0","VALE DO PRATA, BR","17",",I","15",",I","5",",I","49.5",",,I,24,","313.2",",,,I"
"BR00B4-0550","1978-12","-20.35","-47.35","720.0","VALE DO PRATA, BR","17",",I","17",",I","1",",I","36.1",",,I,26,","180.7",",,,I"
"BR00B4-0550","1979-01","-20.35","-47.35","720.0","VALE DO PRATA, BR","20",",I","20",",I","6",",I","58.9",",,I,28,","350.5",",,,I"
"BR00B4-0550","1979-02","-20.35","-47.35","720.0","VALE DO PRATA, BR","13",",I","12",",I","4",",I","43.2",",,I,05,","201.2",",,,I"
"BR00B4-0550","1979-03","-20.35","-47.35","720.0","VALE DO PRATA, BR","11",",I","11",",I","2",",I","56.3",",,I,24,","172.3",",,,I"
"BR00B4-0550","1979-04","-20.35","-47.35","720.0","VALE DO PRATA, BR","6",",I","5",",I","1",",I","35.7",",,I,05,","86.1",",,,I"
"BR00B4-0550","1979-06","-20.35","-47.35","720.0","VALE DO PRATA, BR","0",",I","0",",I","0",",I","0.0",",,I,30,+","0.0",",,,I"
"BR00B4-0550","1979-07","-20.35","-47.35","720.0","VALE DO PRATA, BR","4",",I","4",",I","0",",I","18.9",",,I,23,","43.9",",,,I"
"BR00B4-0550","1979-08","-20.35","-47.35","720.0","VALE DO PRATA, BR","2",",I","2",",I","1",",I","25.4",",,I,19,","43.9",",,,I"
"BR00B4-0550","1979-09","-20.35","-47.35","720.0","VALE DO PRATA, BR","7",",I","7",",I","2",",I","36.8",",,I,15,","119.9",",,,I"
"BR00B4-0550","1979-10","-20.35","-47.35","720.0","VALE DO PRATA, BR","11",",I","11",",I","1",",I","36.7",",,I,04,","186.7",",,,I"
"BR00B4-0550","1979-11","-20.35","-47.35","720.0","VALE DO PRATA, BR","9",",I","9",",I","1",",I","28.9",",,I,02,","152.1",",,,I"
"BR00B4-0550","1979-12","-20.35","-47.35","720.0","VALE DO PRATA, BR","21",",I","21",",I","3",",I","53.2",",,I,22,","350.1",",,,I"
"BR00B4-0550","1980-01","-20.35","-47.35","720.0","VALE DO PRATA, BR","18",",I","16",",I","4",",I","35.4",",,I,01,","290.6",",,,I"
"BR00B4-0550","1980-02","-20.35","-47.35","720.0","VALE DO PRATA, BR","18",",I","18",",I","3",",I","85.5",",,I,08,","331.6",",,,I"
"BR00B4-0550","1980-03","-20.35","-47.35","720.0","VALE DO PRATA, BR","9",",I","9",",I","4",",I","38.2",",,I,19,","219.5",",,,I"
"BR00B4-0550","1980-04","-20.35","-47.35","720.0","VALE DO PRATA, BR","9",",I","7",",I","2",",I","42.3",",,I,04,","143.8",",,,I"
"BR00B4-0550","1980-05","-20.35","-47.35","720.0","VALE DO PRATA, BR","3",",I","3",",I","0",",I","20.2",",,I,03,","42.7",",,,I"
"BR00B4-0550","1980-06","-20.35","-47.35","720.0","VALE DO PRATA, BR","3",",I","2",",I","2",",I","112.7",",,I,26,","200.2",",,,I"
"BR00B4-0550","1980-07","-20.35","-47.35","720.0","VALE DO PRATA, BR","0",",I","0",",I","0",",I","0.0",",,I,31,+","0.0",",,,I"
"BR00B4-0550","1980-08","-20.35","-47.35","720.0","VALE DO PRATA, BR","1",",I","1",",I","0",",I","5.2",",,I,04,","5.2",",,,I"
"BR00B4-0550","1980-09","-20.35","-47.35","720.0","VALE DO PRATA, BR","3",",I","3",",I","1",",I","25.4",",,I,22,","58.3",",,,I"
"BR00B4-0550","1980-10","-20.35","-47.35","720.0","VALE DO PRATA, BR","6",",I","5",",I","0",",I","17.8",",,I,11,","72.2",",,,I"
"BR00B4-0550","1980-11","-20.35","-47.35","720.0","VALE DO PRATA, BR","10",",I","10",",I","2",",I","53.7",",,I,06,","223.3",",,,I"
"BR00B4-0550","1980-12","-20.35","-47.35","720.0","VALE DO PRATA, BR","19",",I","19",",I","4",",I","39.2",",,I,06,","363.4",",,,I"
"BR00B4-0550","1981-01","-20.35","-47.35","720.0","VALE DO PRATA, BR","25",",I","25",",I","4",",I","33.5",",,I,12,","381.9",",,,I"
"BR00B4-0550","1981-02","-20.35","-47.35","720.0","VALE DO PRATA, BR","10",",I","10",",I","0",",I","24.7",",,I,05,","114.7",",,,I"
"BR00B4-0550","1981-03","-20.35","-47.35","720.0","VALE DO PRATA, BR","14",",I","14",",I","1",",I","76.8",",,I,19,","266.5",",,,I"
"BR00B4-0550","1981-04","-20.35","-47.35","720.0","VALE DO PRATA, BR","8",",I","7",",I","1",",I","25.5",",,I,16,","82.9",",,,I"
"BR00B4-0550","1981-05","-20.35","-47.35","720.0","VALE DO PRATA, BR","2",",I","2",",I","0",",I","11.5",",,I,26,","15.2",",,,I"
"BR00B4-0550","1981-06","-20.35","-47.35","720.0","VALE DO PRATA, BR","4",",I","3",",I","1",",I","31.2",",,I,06,","46.5",",,,I"
"BR00B4-0550","1981-07","-20.35","-47.35","720.0","VALE DO PRATA, BR","0",",I","0",",I","0",",I","0.0",",,I,31,+","0.0",",,,I"
"BR00B4-0550","1981-08","-20.35","-47.35","720.0","VALE DO PRATA, BR","0",",I","0",",I","0",",I","0.0",",,I,31,+","0.0",",,,I"
"BR00B4-0550","1981-09","-20.35","-47.35","720.0","VALE DO PRATA, BR","1",",I","1",",I","0",",I","3.6",",,I,25,","3.6",",,,I"
"BR00B4-0550","1981-10","-20.35","-47.35","720.0","VALE DO PRATA, BR","13","1,I","13","1,I","1","1,I","27.5","1,,I,24,","204.1","1,,,I"
"BR00B4-0550","1981-11","-20.35","-47.35","720.0","VALE DO PRATA, BR","17",",I","16",",I","2",",I","33.6",",,I,05,","214.8",",,,I"
"BR00B4-0550","1981-12","-20.35","-47.35","720.0","VALE DO PRATA, BR","25",",I","23",",I","2",",I","29.3",",,I,07,","308.6",",,,I"
"BR00B4-0550","1982-01","-20.35","-47.35","720.0","VALE DO PRATA, BR","25",",I","21",",I","4",",I","54.2",",,I,11,","338.9",",,,I"
"BR00B4-0550","1982-02","-20.35","-47.35","720.0","VALE DO PRATA, BR","6",",I","5",",I","1",",I","34.0",",,I,05,","57.2",",,,I"
"BR00B4-0550","1982-03","-20.35","-47.35","720.0","VALE DO PRATA, BR","19",",I","16",",I","4",",I","42.3",",,I,07,","296.8",",,,I"
"BR00B4-0550","1982-04","-20.35","-47.35","720.0","VALE DO PRATA, BR","3",",I","2",",I","0",",I","7.6",",,I,13,","15.6",",,,I"
"BR00B4-0550","1982-05","-20.35","-47.35","720.0","VALE DO PRATA, BR","5",",I","4",",I","0",",I","24.6",",,I,26,","57.7",",,,I"
"BR00B4-0550","1982-06","-20.35","-47.35","720.0","VALE DO PRATA, BR","5",",I","2",",I","0",",I","13.5",",,I,05,","21.8",",,,I"
"BR00B4-0550","1982-07","-20.35","-47.35","720.0","VALE DO PRATA, BR","1",",I","1",",I","1",",I","30.2",",,I,19,","30.4",",,,I"
"BR00B4-0550","1982-08","-20.35","-47.35","720.0","VALE DO PRATA, BR","5","3,I","3","3,I","0","3,I","12.1","3,,I,12,","28.3","3,,,I"
"BR00B4-0550","1982-09","-20.35","-47.35","720.0","VALE DO PRATA, BR","4","3,I","4","3,I","1","3,I","42.5","3,,I,27,","80.9","3,,,I"
"BR00B4-0550","1982-10","-20.35","-47.35","720.0","VALE DO PRATA, BR","17",",I","17",",I","1",",I","27.3",",,I,10,","187.6",",,,I"
"BR00B4-0550","1982-11","-20.35","-47.35","720.0","VALE DO PRATA, BR","18",",I","14",",I","1",",I","62.2",",,I,23,","250.5",",,,I"
"BR00B4-0550","1982-12","-20.35","-47.35","720.0","VALE DO PRATA, BR","23","1,I","22","1,I","2","1,I","37.8","1,,I,09,","272.1","1,,,I"
"BR00B4-0550","1983-01","-20.35","-47.35","720.0","VALE DO PRATA, BR","25",",I","22",",I","1",",I","30.1",",,I,18,","309.9",",,,I"
"BR00B4-0550","1983-02","-20.35","-47.35","720.0","VALE DO PRATA, BR","13",",I","12",",I","3",",I","98.5",",,I,02,","269.9",",,,I"
"BR00B4-0550","1983-03","-20.35","-47.35","720.0","VALE DO PRATA, BR","18",",I","14",",I","4",",I","36.7",",,I,03,","247.3",",,,I"
"BR00B4-0550","1983-04","-20.35","-47.35","720.0","VALE DO PRATA, BR","11",",I","10",",I","4",",I","54.9",",,I,10,","240.8",",,,I"
"BR00B4-0550","1983-05","-20.35","-47.35","720.0","VALE DO PRATA, BR","9",",I","9",",I","2",",I","58.7",",,I,30,","196.7",",,,I"
"BR00B4-0550","1983-06","-20.35","-47.35","720.0","VALE DO PRATA, BR","7",",I","5",",I","0",",I","15.5",",,I,06,","47.3",",,,I"
"BR00B4-0550","1983-07","-20.35","-47.35","720.0","VALE DO PRATA, BR","3",",I","3",",I","1",",I","83.2",",,I,18,","96.2",",,,I"
"BR00B4-0550","1983-08","-20.35","-47.35","720.0","VALE DO PRATA, BR","0",",I","0",",I","0",",I","0.0",",,I,31,+","0.0",",,,I"
"BR00B4-0550","1983-09","-20.35","-47.35","720.0","VALE DO PRATA, BR","14",",I","12",",I","1",",I","27.3",",,I,08,","128.1",",,,I"
"BR00B4-0550","1983-10","-20.35","-47.35","720.0","VALE DO PRATA, BR","21",",I","20",",I","7",",I","52.5",",,I,18,","383.1",",,,I"
"BR00B4-0550","1983-11","-20.35","-47.35","720.0","VALE DO PRATA, BR","13",",I","13",",I","1",",I","28.3",",,I,20,","111.8",",,,I"
"BR00B4-0550","1983-12","-20.35","-47.35","720.0","VALE DO PRATA, BR","23",",I","23",",I","3",",I","34.3",",,I,17,","334.1",",,,I"
"BR00B4-0550","1984-01","-20.35","-47.35","720.0","VALE DO PRATA, BR","12",",I","11",",I","3",",I","60.7",",,I,24,","237.1",",,,I"
"BR00B4-0550","1984-02","-20.35","-47.35","720.0","VALE DO PRATA, BR","7",",I","6",",I","0",",I","19.8",",,I,10,","61.1",",,,I"
"BR00B4-0550","1984-03","-20.35","-47.35","720.0","VALE DO PRATA, BR","10",",I","9",",I","1",",I","36.9",",,I,05,","101.3",",,,I"
"BR00B4-0550","1984-04","-20.35","-47.35","720.0","VALE DO PRATA, BR","10",",I","8",",I","0",",I","23.7",",,I,26,","114.9",",,,I"
"BR00B4-0550","1984-05","-20.35","-47.35","720.0","VALE DO PRATA, BR","7",",I","5",",I","1",",I","52.3",",,I,17,","111.3",",,,I"
"BR00B4-0550","1984-06","-20.35","-47.35","720.0","VALE DO PRATA, BR","0",",I","0",",I","0",",I","0.0",",,I,30,+","0.0",",,,I"
"BR00B4-0550","1984-07","-20.35","-47.35","720.0","VALE DO PRATA, BR","1",",I","0",",I","0",",I","0.9",",,I,27,","0.9",",,,I"
"BR00B4-0550","1984-08","-20.35","-47.35","720.0","VALE DO PRATA, BR","5",",I","4",",I","0",",I","17.2",",,I,21,","32.8",",,,I"
"BR00B4-0550","1984-09","-20.35","-47.35","720.0","VALE DO PRATA, BR","7",",I","6",",I","3",",I","45.3",",,I,20,","113.9",",,,I"
"BR00B4-0550","1984-10","-20.35","-47.35","720.0","VALE DO PRATA, BR","7",",I","6",",I","1",",I","28.3",",,I,15,","76.5",",,,I"
"BR00B4-0550","1984-11","-20.35","-47.35","720.0","VALE DO PRATA, BR","12",",I","10",",I","0",",I","17.6",",,I,25,","119.9",",,,I"
"BR00B4-0550","1984-12","-20.35","-47.35","720.0","VALE DO PRATA, BR","21",",I","20",",I","6",",I","93.5",",,I,01,","499.9",",,,I"
"BR00B4-0550","1985-01","-20.35","-47.35","720.0","VALE DO PRATA, BR","22",",I","22",",I","6",",I","78.9",",,I,08,","462.7",",,,I"
"BR00B4-0550","1985-02","-20.35","-47.35","720.0","VALE DO PRATA, BR","15",",I","15",",I","6",",I","70.7",",,I,27,","401.3",",,,I"
"BR00B4-0550","1985-03","-20.35","-47.35","720.0","VALE DO PRATA, BR","16",",I","16",",I","2",",I","51.7",",,I,15,","281.1",",,,I"
"BR00B4-0550","1985-04","-20.35","-47.35","720.0","VALE DO PRATA, BR","6",",I","5",",I","0",",I","25.2",",,I,12,","65.7",",,,I"
"BR00B4-0550","1985-05","-20.35","-47.35","720.0","VALE DO PRATA, BR","2",",I","2",",I","0",",I","25.3",",,I,22,","38.7",",,,I"
"BR00B4-0550","1985-06","-20.35","-47.35","720.0","VALE DO PRATA, BR","0",",I","0",",I","0",",I","0.0",",,I,30,+","0.0",",,,I"
"BR00B4-0550","1985-07","-20.35","-47.35","720.0","VALE DO PRATA, BR","0",",I","0",",I","0",",I","0.0",",,I,31,+","0.0",",,,I"
"BR00B4-0550","1985-08","-20.35","-47.35","720.0","VALE DO PRATA, BR","1",",I","1",",I","0",",I","12.3",",,I,30,","12.3",",,,I"
"BR00B4-0550","1985-09","-20.35","-47.35","720.0","VALE DO PRATA, BR","3",",I","2",",I","0",",I","16.7",",,I,24,","24.2",",,,I"
"BR00B4-0550","1985-11","-20.35","-47.35","720.0","VALE DO PRATA, BR","8","2,I","7","2,I","5","2,I","85.0","2,,I,02,","295.5","2,,,I"
"BR00B4-0550","1985-12","-20.35","-47.35","720.0","VALE DO PRATA, BR","15",",I","14",",I","4",",I","72.1",",,I,15,","272.7",",,,I"
"BR00B4-0550","1986-01","-20.35","-47.35","720.0","VALE DO PRATA, BR","19",",I","14",",I","4",",I","54.5",",,I,12,","267.0",",,,I"
"BR00B4-0550","1986-02","-20.35","-47.35","720.0","VALE DO PRATA, BR","10",",I","9",",I","0",",I","23.2",",,I,19,","100.0",",,,I"
"BR00B4-0550","1986-03","-20.35","-47.35","720.0","VALE DO PRATA, BR","14",",I","12",",I","2",",I","49.7",",,I,05,","235.5",",,,I"
"BR00B4-0550","1986-04","-20.35","-47.35","720.0","VALE DO PRATA, BR","4",",I","4",",I","0",",I","17.3",",,I,15,","33.9",",,,I"
"BR00B4-0550","1986-05","-20.35","-47.35","720.0","VALE DO PRATA, BR","7",",I","7",",I","2",",I","59.7",",,I,09,","167.3",",,,I"
"BR00B4-0550","1986-06","-20.35","-47.35","720.0","VALE DO PRATA, BR","0",",I","0",",I","0",",I","0.0",",,I,30,+","0.0",",,,I"
"BR00B4-0550","1986-07","-20.35","-47.35","720.0","VALE DO PRATA, BR","3",",I","3",",I","1",",I","55.7",",,I,23,","83.1",",,,I"
"BR00B4-0550","1986-08","-20.35","-47.35","720.0","VALE DO PRATA, BR","6",",I","6",",I","1",",I","25.7",",,I,23,","72.8",",,,I"
"BR00B4-0550","1986-09","-20.35","-47.35","720.0","VALE DO PRATA, BR","3",",I","1",",I","1",",I","27.5",",,I,29,","32.1",",,,I"
"BR00B4-0550","1986-10","-20.35","-47.35","720.0","VALE DO PRATA, BR","7",",I","5",",I","0",",I","23.5",",,I,22,","60.8",",,,I"
"BR00B4-0550","1986-11","-20.35","-47.35","720.0","VALE DO PRATA, BR","9",",I","7",",I","1",",I","26.3",",,I,12,","116.6",",,,I"
"BR00B4-0550","1986-12","-20.35","-47.35","720.0","VALE DO PRATA, BR","17",",I","17",",I","6",",I","53.0",",,I,25,","350.9",",,,I"
"BR00B4-0550","1987-01","-20.35","-47.35","720.0","VALE DO PRATA, BR","15",",I","15",",I","5",",I","57.4",",,I,02,","335.2",",,,I"
"BR00B4-0550","1987-02","-20.35","-47.35","720.0","VALE DO PRATA, BR","16",",I","13",",I","2",",I","32.0",",,I,08,","222.6",",,,I"
"BR00B4-0550","1987-03","-20.35","-47.35","720.0","VALE DO PRATA, BR","7",",I","7",",I","3",",I","37.4",",,I,09,","131.3",",,,I"
"BR00B4-0550","1987-04","-20.35","-47.35","720.0","VALE DO PRATA, BR","12",",I","12",",I","0",",I","15.5",",,I,21,","76.2",",,,I"
"BR00B4-0550","1987-05","-20.35","-47.35","720.0","VALE DO PRATA, BR","7",",I","4",",I","2",",I","39.3",",,I,17,","78.3",",,,I"
"BR00B4-0550","1987-06","-20.35","-47.35","720.0","VALE DO PRATA, BR","4",",I","2",",I","0",",I","8.2",",,I,24,","14.1",",,,I"
"BR00B4-0550","1987-07","-20.35","-47.35","720.0","VALE DO PRATA, BR","2",",I","1",",I","0",",I","8.5",",,I,10,","10.0",",,,I"
"BR00B4-0550","1987-08","-20.35","-47.35","720.0","VALE DO PRATA, BR","1",",I","1",",I","0",",I","5.5",",,I,07,","5.5",",,,I"
"BR00B4-0550","1987-09","-20.35","-47.35","720.0","VALE DO PRATA, BR","9",",I","6",",I","3",",I","43.0",",,I,22,","138.2",",,,I"
"BR00B4-0550","1987-10","-20.35","-47.35","720.0","VALE DO PRATA, BR","7",",I","7",",I","4",",I","45.3",",,I,25,","182.6",",,,I"
"BR00B4-0550","1987-11","-20.35","-47.35","720.0","VALE DO PRATA, BR","11",",I","9",",I","2",",I","37.6",",,I,14,","151.3",",,,I"
"BR00B4-0550","1987-12","-20.35","-47.35","720.0","VALE DO PRATA, BR","18",",I","12",",I","2",",I","39.0",",,I,11,","164.8",",,,I"
"BR00B4-0550","1988-01","-20.35","-47.35","720.0","VALE DO PRATA, BR","9",",I","9",",I","1",",I","35.9",",,I,01,","162.3",",,,I"
"BR00B4-0550","1988-02","-20.35","-47.35","720.0","VALE DO PRATA, BR","19","3,I","19","3,I","2","3,I","43.5","3,,I,06,","367.5","3,,,I"
"BR00B4-0550","1988-03","-20.35","-47.35","720.0","VALE DO PRATA, BR","7",",I","7",",I","1",",I","35.5",",,I,04,","132.5",",,,I"
"BR00B4-0550","1988-05","-20.35","-47.35","720.0","VALE DO PRATA, BR","4",",I","4",",I","1",",I","53.7",",,I,18,","65.1",",,,I"
"BR00B4-0550","1988-06","-20.35","-47.35","720.0","VALE DO PRATA, BR","1",",I","1",",I","1",",I","36.2",",,I,04,","36.2",",,,I"
"BR00B4-0550","1988-08","-20.35","-47.35","720.0","VALE DO PRATA, BR","0",",I","0",",I","0",",I","0.0",",,I,31,+","0.0",",,,I"
"BR00B4-0550","1988-09","-20.35","-47.35","720.0","VALE DO PRATA, BR","2",",I","1",",I","0",",I","10.0",",,I,30,","10.7",",,,I"
"BR00B4-0550","1988-10","-20.35","-47.35","720.0","VALE DO PRATA, BR","14",",I","13",",I","6",",I","63.7",",,I,20,","294.6",",,,I"
"BR00B4-0550","1988-11","-20.35","-47.35","720.0","VALE DO PRATA, BR","9",",I","9",",I","0",",I","25.0",",,I,21,","98.0",",,,I"
"BR00B4-0550","1988-12","-20.35","-47.35","720.0","VALE DO PRATA, BR","15",",I","13",",I","4",",I","42.4",",,I,24,","233.7",",,,I"
"BR00B4-0550","1989-01","-20.35","-47.35","720.0","VALE DO PRATA, BR","24",",I","21",",I","6",",I","38.7",",,I,13,","365.6",",,,I"
"BR00B4-0550","1989-02","-20.35","-47.35","720.0","VALE DO PRATA, BR","16",",I","11",",I","4",",I","58.1",",,I,15,","256.5",",,,I"
"BR00B4-0550","1989-03","-20.35","-47.35","720.0","VALE DO PRATA, BR","10",",I","5",",I","0",",I","18.3",",,I,02,","52.3",",,,I"
"BR00B4-0550","1989-04","-20.35","-47.35","720.0","VALE DO PRATA, BR","3",",I","3",",I","1",",I","51.5",",,I,15,","79.8",",,,I"
"BR00B4-0550","1989-05","-20.35","-47.35","720.0","VALE DO PRATA, BR","4",",I","2",",I","1",",I","42.8",",,I,02,","47.4",",,,I"
"BR00B4-0550","1989-06","-20.35","-47.35","720.0","VALE DO PRATA, BR","5",",I","3",",I","1",",I","31.3",",,I,25,","50.9",",,,I"
"BR00B4-0550","1989-07","-20.35","-47.35","720.0","VALE DO PRATA, BR","4",",I","4",",I","1",",I","28.0",",,I,30,","51.0",",,,I"
"BR00B4-0550","1989-08","-20.35","-47.35","720.0","VALE DO PRATA, BR","6",",I","4",",I","0",",I","17.2",",,I,28,","53.6",",,,I"
"BR00B4-0550","1989-09","-20.35","-47.35","720.0","VALE DO PRATA, BR","9",",I","7",",I","1",",I","28.2",",,I,10,","88.6",",,,I"
"BR00B4-0550","1989-10","-20.35","-47.35","720.0","VALE DO PRATA, BR","4","2,I","4","2,I","1","2,I","28.6","2,,I,16,","79.0","2,,,I"
"BR00B4-0550","1989-11","-20.35","-47.35","720.0","VALE DO PRATA, BR","17",",I","15",",I","3",",I","80.0",",,I,04,","298.2",",,,I"
"BR00B4-0550","1989-12","-20.35","-47.35","720.0","VALE DO PRATA, BR","13",",I","13",",I","3",",I","53.2",",,I,12,","278.3",",,,I"
"BR00B4-0550","1990-01","-20.35","-47.35","720.0","VALE DO PRATA, BR","12",",I","12",",I","4",",I","42.3",",,I,01,","246.8",",,,I"
"BR00B4-0550","1990-02","-20.35","-47.35","720.0","VALE DO PRATA, BR","8",",I","8",",I","4",",I","48.5",",,I,28,","201.1",",,,I"
"BR00B4-0550","1990-03","-20.35","-47.35","720.0","VALE DO PRATA, BR","17",",I","15",",I","4",",I","60.5",",,I,27,","284.8",",,,I"
"BR00B4-0550","1990-04","-20.35","-47.35","720.0","VALE DO PRATA, BR","9",",I","3",",I","1",",I","34.5",",,I,09,","67.4",",,,I"
"BR00B4-0550","1990-05","-20.35","-47.35","720.0","VALE DO PRATA, BR","6",",I","5",",I","0",",I","21.2",",,I,07,","74.9",",,,I"
"BR00B4-0550","1990-06","-20.35","-47.35","720.0","VALE DO PRATA, BR","0",",I","0",",I","0",",I","0.0",",,I,30,+","0.0",",,,I"
"BR00B4-0550","1990-07","-20.35","-47.35","720.0","VALE DO PRATA, BR","1",",I","1",",I","0",",I","18.3",",,I,07,","18.5",",,,I"
"BR00B4-0550","1990-08","-20.35","-47.35","720.0","VALE DO PRATA, BR","7",",I","6",",I","0",",I","22.0",",,I,18,","63.2",",,,I"
"BR00B4-0550","1990-09","-20.35","-47.35","720.0","VALE DO PRATA, BR","1",",I","0",",I","0",",I","0.5",",,I,16,","0.5",",,,I"
"BR00B4-0550","1990-10","-20.35","-47.35","720.0","VALE DO PRATA, BR","6",",I","6",",I","0",",I","9.8",",,I,15,","43.0",",,,I"
"BR00B4-0550","1990-11","-20.35","-47.35","720.0","VALE DO PRATA, BR","7",",I","7",",I","2",",I","90.3",",,I,09,","201.1",",,,I"
"BR00B4-0550","1990-12","-20.35","-47.35","720.0","VALE DO PRATA, BR","12",",I","10",",I","3",",I","64.5",",,I,09,","223.4",",,,I"
"BR00B4-0550","1991-01","-20.35","-47.35","720.0","VALE DO PRATA, BR","24",",I","20",",I","3",",I","70.8",",,I,27,","349.9",",,,I"
"BR00B4-0550","1991-02","-20.35","-47.35","720.0","VALE DO PRATA, BR","12",",I","7",",I","0",",I","9.4",",,I,08,","47.0",",,,I"
"BR00B4-0550","1991-03","-20.35","-47.35","720.0","VALE DO PRATA, BR","20",",I","14",",I","0",",I","10.0",",,I,26,","111.6",",,,I"
"BR00B4-0550","1991-04","-20.35","-47.35","720.0","VALE DO PRATA, BR","7",",I","6",",I","0",",I","9.4",",,I,26,","45.3",",,,I"
"BR00B4-0550","1991-05","-20.35","-47.35","720.0","VALE DO PRATA, BR","5",",I","4",",I","0",",I","14.0",",,I,16,","32.3",",,,I"
"BR00B4-0550","1991-06","-20.35","-47.35","720.0","VALE DO PRATA, BR","1",",I","0",",I","0",",I","0.3",",,I,22,","0.3",",,,I"
"BR00B4-0550","1991-07","-20.35","-47.35","720.0","VALE DO PRATA, BR","3",",I","1",",I","0",",I","3.2",",,I,14,","5.1",",,,I"
"BR00B4-0550","1991-08","-20.35","-47.35","720.0","VALE DO PRATA, BR","0",",I","0",",I","0",",I","0.0",",,I,31,+","0.0",",,,I"
"BR00B4-0550","1991-09","-20.35","-47.35","720.0","VALE DO PRATA, BR","4",",I","4",",I","0",",I","15.6",",,I,29,","35.1",",,,I"
"BR00B4-0550","1991-10","-20.35","-47.35","720.0","VALE DO PRATA, BR","10",",I","7",",I","3",",I","51.2",",,I,01,","156.6",",,,I"
"BR00B4-0550","1991-11","-20.35","-47.35","720.0","VALE DO PRATA, BR","13",",I","10",",I","1",",I","29.8",",,I,12,","138.5",",,,I"
"BR00B4-0550","1991-12","-20.35","-47.35","720.0","VALE DO PRATA, BR","19",",I","17",",I","7",",I","42.7",",,I,09,","316.8",",,,I"
"BR00B4-0550","1992-01","-20.35","-47.35","720.0","VALE DO PRATA, BR","20",",I","17",",I","6",",I","66.2",",,I,23,","389.7",",,,I"
"BR00B4-0550","1992-02","-20.35","-47.35","720.0","VALE DO PRATA, BR","14",",I","9",",I","5",",I","63.8",",,I,07,","296.2",",,,I"
"BR00B4-0550","1992-03","-20.35","-47.35","720.0","VALE DO PRATA, BR","17",",I","15",",I","2",",I","44.1",",,I,31,","238.8",",,,I"
"BR00B4-0550","1992-04","-20.35","-47.35","720.0","VALE DO PRATA, BR","11",",I","7",",I","1",",I","27.3",",,I,26,","91.6",",,,I"
"BR00B4-0550","1992-05","-20.35","-47.35","720.0","VALE DO PRATA, BR","4",",I","3",",I","1",",I","30.6",",,I,04,","42.9",",,,I"
"BR00B4-0550","1992-06","-20.35","-47.35","720.0","VALE DO PRATA, BR","0",",I","0",",I","0",",I","0.0",",,I,30,+","0.0",",,,I"
"BR00B4-0550","1992-07","-20.35","-47.35","720.0","VALE DO PRATA, BR","4",",I","1",",I","1",",I","45.1",",,I,09,","49.5",",,,I"
"BR00B4-0550","1992-08","-20.35","-47.35","720.0","VALE DO PRATA, BR","4",",I","2",",I","0",",I","8.0",",,I,19,","16.6",",,,I"
"BR00B4-0550","1992-09","-20.35","-47.35","720.0","VALE DO PRATA, BR","13",",I","7",",I","2",",I","29.9",",,I,28,","120.7",",,,I"
"BR00B4-0550","1992-10","-20.35","-47.35","720.0","VALE DO PRATA, BR","15",",I","14",",I","3",",I","64.2",",,I,29,","267.3",",,,I"
"BR00B4-0550","1992-11","-20.35","-47.35","720.0","VALE DO PRATA, BR","15",",I","12",",I","2",",I","41.8",",,I,01,","165.2",",,,I"
"BR00B4-0550","1992-12","-20.35","-47.35","720.0","VALE DO PRATA, BR","13",",I","10",",I","1",",I","56.7",",,I,12,","140.7",",,,I"
"BR00B4-0550","1993-01","-20.35","-47.35","720.0","VALE DO PRATA, BR","17",",I","12",",I","3",",I","41.4",",,I,08,","203.5",",,,I"
"BR00B4-0550","1993-02","-20.35","-47.35","720.0","VALE DO PRATA, BR","20",",I","19",",I","5",",I","73.2",",,I,05,","363.1",",,,I"
"BR00B4-0550","1993-03","-20.35","-47.35","720.0","VALE DO PRATA, BR","16",",I","14",",I","2",",I","34.2",",,I,04,","196.8",",,,I"
"BR00B4-0550","1993-04","-20.35","-47.35","720.0","VALE DO PRATA, BR","9",",I","6",",I","2",",I","63.3",",,I,09,","134.1",",,,I"
"BR00B4-0550","1993-05","-20.35","-47.35","720.0","VALE DO PRATA, BR","5",",I","3",",I","0",",I","6.4",",,I,15,","19.4",",,,I"
"BR00B4-0550","1993-06","-20.35","-47.35","720.0","VALE DO PRATA, BR","5",",I","4",",I","0",",I","14.2",",,I,19,","43.3",",,,I"
"BR00B4-0550","1993-07","-20.35","-47.35","720.0","VALE DO PRATA, BR","0",",I","0",",I","0",",I","0.0",",,I,31,+","0.0",",,,I"
"BR00B4-0550","1993-08","-20.35","-47.35","720.0","VALE DO PRATA, BR","5",",I","4",",I","1",",I","26.0",",,I,16,","44.4",",,,I"
"BR00B4-0550","1993-09","-20.35","-47.35","720.0","VALE DO PRATA, BR","11",",I","9",",I","2",",I","60.4",",,I,27,","160.4",",,,I"
"BR00B4-0550","1993-10","-20.35","-47.35","720.0","VALE DO PRATA, BR","9",",I","7",",I","1",",I","39.2",",,I,05,","111.7",",,,I"
"BR00B4-0550","1993-11","-20.35","-47.35","720.0","VALE DO PRATA, BR","9",",I","6",",I","2",",I","65.2",",,I,19,","161.7",",,,I"
"BR00B4-0550","1993-12","-20.35","-47.35","720.0","VALE DO PRATA, BR","19",",I","18",",I","3",",I","60.8",",,I,28,","272.8",",,,I"
"BR00B4-0550","1994-01","-20.35","-47.35","720.0","VALE DO PRATA, BR","22",",I","19",",I","5",",I","65.3",",,I,04,","358.7",",,,I"
"BR00B4-0550","1994-02","-20.35","-47.35","720.0","VALE DO PRATA, BR","11",",I","7",",I","0",",I","14.0",",,I,24,","63.1",",,,I"
"BR00B4-0550","1994-03","-20.35","-47.35","720.0","VALE DO PRATA, BR","14",",I","10",",I","1",",I","100.2",",,I,12,","193.9",",,,I"
"BR00B4-0550","1994-04","-20.35","-47.35","720.0","VALE DO PRATA, BR","9",",I","8",",I","0",",I","11.8",",,I,07,","69.7",",,,I"
"BR00B4-0550","1994-05","-20.35","-47.35","720.0","VALE DO PRATA, BR","4",",I","2",",I","1",",I","48.0",",,I,15,","59.9",",,,I"
"BR00B4-0550","1994-06","-20.35","-47.35","720.0","VALE DO PRATA, BR","3",",I","1",",I","0",",I","2.5",",,I,25,","7.2",",,,I"
"BR00B4-0550","1994-07","-20.35","-47.35","720.0","VALE DO PRATA, BR","2",",I","1",",I","0",",I","3.4",",,I,23,","3.8",",,,I"
"BR00B4-0550","1994-08","-20.35","-47.35","720.0","VALE DO PRATA, BR","0",",I","0",",I","0",",I","0.0",",,I,31,+","0.0",",,,I"
"BR00B4-0550","1994-09","-20.35","-47.35","720.0","VALE DO PRATA, BR","2",",I","1",",I","0",",I","7.2",",,I,28,","8.6",",,,I"
"BR00B4-0550","1994-10","-20.35","-47.35","720.0","VALE DO PRATA, BR","10",",I","8",",I","3",",I","56.3",",,I,30,","178.0",",,,I"
"BR00B4-0550","1994-11","-20.35","-47.35","720.0","VALE DO PRATA, BR","13",",I","11",",I","5",",I","62.7",",,I,19,","295.9",",,,I"
"BR00B4-0550","1994-12","-20.35","-47.35","720.0","VALE DO PRATA, BR","14",",I","10",",I","1",",I","37.7",",,I,23,","135.0",",,,I"
"BR00B4-0550","1995-01","-20.35","-47.35","720.0","VALE DO PRATA, BR","17",",I","15",",I","1",",I","30.2",",,I,27,","182.0",",,,I"
"BR00B4-0550","1995-02","-20.35","-47.35","720.0","VALE DO PRATA, BR","19",",I","17",",I","8",",I","64.5",",,I,04,","437.5",",,,I"
"BR00B4-0550","1995-03","-20.35","-47.35","720.0","VALE DO PRATA, BR","12",",I","10",",I","1",",I","26.3",",,I,10,","121.4",",,,I"
"BR00B4-0550","1995-04","-20.35","-47.35","720.0","VALE DO PRATA, BR","10",",I","9",",I","1",",I","63.4",",,I,01,","115.8",",,,I"
"BR00B4-0550","1995-05","-20.35","-47.35","720.0","VALE DO PRATA, BR","6",",I","5",",I","1",",I","94.8",",,I,07,","136.9",",,,I"
"BR00B4-0550","1995-06","-20.35","-47.35","720.0","VALE DO PRATA, BR","1",",I","1",",I","0",",I","6.9",",,I,22,","6.9",",,,I"
"BR00B4-0550","1995-07","-20.35","-47.35","720.0","VALE DO PRATA, BR","2",",I","1",",I","0",",I","9.7",",,I,11,","10.4",",,,I"
"BR00B4-0550","1995-08","-20.35","-47.35","720.0","VALE DO PRATA, BR","0",",I","0",",I","0",",I","0.0",",,I,31,+","0.0",",,,I"
"BR00B4-0550","1995-09","-20.35","-47.35","720.0","VALE DO PRATA, BR","5",",I","3",",I","0",",I","13.6",",,I,30,","30.8",",,,I"
"BR00B4-0550","1995-10","-20.35","-47.35","720.0","VALE DO PRATA, BR","9",",I","7",",I","2",",I","40.7",",,I,14,","115.7",",,,I"
"BR00B4-0550","1995-11","-20.35","-47.35","720.0","VALE DO PRATA, BR","13",",I","9",",I","2",",I","34.9",",,I,12,","165.7",",,,I"
"BR00B4-0550","1995-12","-20.35","-47.35","720.0","VALE DO PRATA, BR","20",",I","16",",I","1",",I","86.2",",,I,13,","267.8",",,,I"
"BR00B4-0550","1996-01","-20.35","-47.35","720.0","VALE DO PRATA, BR","19",",I","16",",I","2",",I","52.9",",,I,13,","236.1",",,,I"
"BR00B4-0550","1996-02","-20.35","-47.35","720.0","VALE DO PRATA, BR","14",",I","8",",I","2",",I","69.7",",,I,12,","201.8",",,,I"
"BR00B4-0550","1996-03","-20.35","-47.35","720.0","VALE DO PRATA, BR","20",",I","16",",I","5",",I","47.7",",,I,08,","295.5",",,,I"
"BR00B4-0550","1996-04","-20.35","-47.35","720.0","VALE DO PRATA, BR","4",",I","4",",I","0",",I","15.1",",,I,13,","37.4",",,,I"
"BR00B4-0550","1996-05","-20.35","-47.35","720.0","VALE DO PRATA, BR","6",",I","4",",I","1",",I","43.0",",,I,19,","75.8",",,,I"
"BR00B4-0550","1996-06","-20.35","-47.35","720.0","VALE DO PRATA, BR","1",",I","1",",I","1",",I","26.5",",,I,29,","26.5",",,,I"
"BR00B4-0550","1996-07","-20.35","-47.35","720.0","VALE DO PRATA, BR","1",",I","0",",I","0",",I","0.7",",,I,31,","0.7",",,,I"
"BR00B4-0550","1996-08","-20.35","-47.35","720.0","VALE DO PRATA, BR","4",",I","3",",I","0",",I","13.6",",,I,15,","36.0",",,,I"
"BR00B4-0550","1996-09","-20.35","-47.35","720.0","VALE DO PRATA, BR","11",",I","6",",I","1",",I","36.0",",,I,04,","89.0",",,,I"
"BR00B4-0550","1996-10","-20.35","-47.35","720.0","VALE DO PRATA, BR","8",",I","6",",I","1",",I","28.4",",,I,04,","121.9",",,,I"
"BR00B4-0550","1996-11","-20.35","-47.35","720.0","VALE DO PRATA, BR","13",",I","12",",I","2",",I","35.0",",,I,22,","170.8",",,,I"
"BR00B4-0550","1996-12","-20.35","-47.35","720.0","VALE DO PRATA, BR","22",",I","17",",I","4",",I","55.7",",,I,03,","254.4",",,,I"
"BR00B4-0550","1997-01","-20.35","-47.35","720.0","VALE DO PRATA, BR","26",",I","24",",I","5",",I","174.6",",,I,03,","533.9",",,,I"
"BR00B4-0550","1997-02","-20.35","-47.35","720.0","VALE DO PRATA, BR","13",",I","10",",I","2",",I","39.8",",,I,25,","119.6",",,,I"
"BR00B4-0550","1997-03","-20.35","-47.35","720.0","VALE DO PRATA, BR","12",",I","10",",I","1",",I","32.4",",,I,06,","117.8",",,,I"
"BR00B4-0550","1997-04","-20.35","-47.35","720.0","VALE DO PRATA, BR","7",",I","5",",I","1",",I","33.2",",,I,01,","94.8",",,,I"
"BR00B4-0550","1997-05","-20.35","-47.35","720.0","VALE DO PRATA, BR","4",",I","3",",I","1",",I","40.0",",,I,25,","69.0",",,,I"
"BR00B4-0550","1997-06","-20.35","-47.35","720.0","VALE DO PRATA, BR","6",",I","6",",I","1",",I","45.6",",,I,06,","86.3",",,,I"
"BR00B4-0550","1997-07","-20.35","-47.35","720.0","VALE DO PRATA, BR","0",",I","0",",I","0",",I","0.0",",,I,31,+","0.0",",,,I"
"BR00B4-0550","1997-08","-20.35","-47.35","720.0","VALE DO PRATA, BR","0",",I","0",",I","0",",I","0.0",",,I,31,+","0.0",",,,I"
"BR00B4-0550","1997-09","-20.35","-47.35","720.0","VALE DO PRATA, BR","5",",I","4",",I","1",",I","30.7",",,I,27,","81.8",",,,I"
"BR00B4-0550","1997-10","-20.35","-47.35","720.0","VALE DO PRATA, BR","10",",I","8",",I","1",",I","48.6",",,I,21,","105.2",",,,I"
"BR00B4-0550","1997-11","-20.35","-47.35","720.0","VALE DO PRATA, BR","12",",I","10",",I","5",",I","50.7",",,I,29,","238.2",",,,I"
"BR00B4-0550","1997-12","-20.35","-47.35","720.0","VALE DO PRATA, BR","16",",I","14",",I","4",",I","32.2",",,I,13,","183.7",",,,I"
