"STATION","DATE","LATITUDE","LONGITUDE","ELEVATION","NAME","CDSD","CDSD_ATTRIBUTES","CLDD","CLDD_ATTRIBUTES","DP01","DP01_ATTRIBUTES","DP10","DP10_ATTRIBUTES","DP1X","DP1X_ATTRIBUTES","DSNW","DSNW_ATTRIBUTES","DT00","DT00_ATTRIBUTES","DT32","DT32_ATTRIBUTES","DX32","DX32_ATTRIBUTES","DX70","DX70_ATTRIBUTES","DX90","DX90_ATTRIBUTES","EMNT","EMNT_ATTRIBUTES","EMSN","EMSN_ATTRIBUTES","EMXP","EMXP_ATTRIBUTES","EMXT","EMXT_ATTRIBUTES","HDSD","HDSD_ATTRIBUTES","HTDD","HTDD_ATTRIBUTES","PRCP","PRCP_ATTRIBUTES","SNOW","SNOW_ATTRIBUTES","TAVG","TAVG_ATTRIBUTES","TMAX","TMAX_ATTRIBUTES","TMIN","TMIN_ATTRIBUTES"
"CA006132415","1965-10","42.6667","-81.3","213.0","FINGAL, ON CA","","","0.0",",C","9",",C","5",",C","1",",C","0",",C","0",",C","6",",C","0",",C","0",",C","0",",C","-6.1",",C,29,","0",",T,C,24,","43.7",",,C,21,","20.6",",C,15,","","","289.9",",C","90.0",",,,C","0",",T,,C","8.98",",C","13.15",",,,C","4.81",",,,C"
"CA006132415","1965-11","42.6667","-81.3","213.0","FINGAL, ON CA","","","0.0",",C","12",",C","8",",C","0",",C","2",",C","0",",C","13",",C","2",",C","0",",C","0",",C","-6.1",",C,29,","25",",,C,28,+","14.2",",,C,15,","17.2",",C,03,","","","431.5",",C","55.3",",,,C","50",",,,C","3.95",",C","7.41",",,,C","0.49",",,,C"
"CA006132415","1965-12","42.6667","-81.3","213.0","FINGAL, ON CA","","","0.0",",C","10",",C","7",",C","1",",C","1",",C","0",",C","21",",C","6",",C","0",",C","0",",C","-11.1",",C,27,+","25",",,C,25,","32.3",",,C,24,","12.2",",C,31,","","","553.5",",C","75.4",",,,C","25",",,,C","0.48",",C","3.29",",,,C","-2.33",",,,C"
"CA006132415","1966-01","42.6667","-81.3","213.0","FINGAL, ON CA","0.0","C","0.0",",C","11",",C","8",",C","0",",C","7",",C","5",",C","31",",C","22",",C","0",",C","0",",C","-23.3",",C,29,","127",",,C,22,","12.7",",,C,22,","6.7",",C,06,","","","786.6",",C","37.8",",,,C","342",",,,C","-7.04",",C","-2.74",",,,C","-11.34",",,,C"
"CA006132415","1966-02","42.6667","-81.3","213.0","FINGAL, ON CA","0.0","C","0.0",",C","12",",C","7",",C","0",",C","4",",C","3",",C","24",",C","15",",C","0",",C","0",",C","-20.0",",C,06,","25",",,C,28,+","19.3",",,C,28,","7.2",",C,10,+","","","628.3",",C","55.3",",,,C","152",",,,C","-4.11",",C","-0.58",",,,C","-7.64",",,,C"
"CA006132415","1966-03","42.6667","-81.3","213.0","FINGAL, ON CA","0.0","C","0.0",",C","14",",C","13",",C","0",",C","5",",C","0",",C","24",",C","6",",C","0",",C","0",",C","-16.7",",C,08,","38",",,C,29,","11.9",",,C,21,","14.4",",C,23,","","","516.6",",C","72.7",",,,C","146",",,,C","1.67",",C","5.53",",,,C","-2.19",",,,C"
"CA006132415","1966-04","42.6667","-81.3","213.0","FINGAL, ON CA","0.0","C","0.0",",C","13",",C","7",",C","2",",C","2",",C","0",",C","16",",C","0",",C","1",",C","0",",C","-3.3",",C,11,+","25",",,C,07,+","33.3",",,C,19,","21.1",",C,20,","","","379.2",",C","100.6",",,,C","50",",,,C","5.69",",C","10.29",",,,C","1.10",",,,C"
"CA006132415","1966-05","42.6667","-81.3","213.0","FINGAL, ON CA","2.2","C","2.2",",C","5",",C","3",",C","0",",C","0",",C","0",",C","6",",C","0",",C","8",",C","0",",C","-3.9",",C,10,","0",",,C,31,+","14.5",",,C,11,","26.1",",C,27,+","","","245.1",",C","27.8",",,,C","0",",,,C","10.50",",C","16.50",",,,C","4.50",",,,C"
"CA006132415","1966-06","42.6667","-81.3","213.0","FINGAL, ON CA","65.5","C","63.3",",C","5",",C","4",",C","2",",C","0",",C","0",",C","0",",C","0",",C","25",",C","1",",C","0.6",",C,02,","0",",,C,30,+","39.4",",,C,09,","32.2",",C,24,","","","44.8",",C","89.7",",,,C","0",",,,C","18.95",",C","25.15",",,,C","12.74",",,,C"
"CA006132415","1966-07","42.6667","-81.3","213.0","FINGAL, ON CA","171.1","C","105.6",",C","6",",C","3",",C","0",",C","0",",C","0",",C","0",",C","0",",C","31",",C","4",",C","5.6",",C,21,","0",",,C,31,+","17.3",",,C,27,","35.6",",C,03,","4.6","C","4.6",",C","32.3",",,,C","0",",,,C","21.59",",C","28.10",",,,C","15.07",",,,C"
"CA006132415","1966-08","42.6667","-81.3","213.0","FINGAL, ON CA","212.0","C","40.9",",C","10",",C","6",",C","0",",C","0",",C","0",",C","0",",C","0",",C","30",",C","0",",C","5.0",",C,04,","0",",,C,31,+","22.4",",,C,01,","28.9",",C,30,","28.2","C","23.6",",C","65.3",",,,C","0",",,,C","18.89",",C","24.57",",,,C","13.21",",,,C"
"CA006132415","1966-09","42.6667","-81.3","213.0","FINGAL, ON CA","227.9","C","15.9",",C","8",",C","6",",C","0",",C","0",",C","0",",C","0",",C","0",",C","17",",C","0",",C","1.1",",C,16,","0",",,C,30,+","19.8",",,C,02,","30.0",",C,02,","138.3","C","110.1",",C","63.3",",,,C","0",",,,C","15.19",",C","21.12",",,,C","9.27",",,,C"
"CA006132415","1966-10","42.6667","-81.3","213.0","FINGAL, ON CA","227.9","C","0.0",",C","5",",C","3",",C","0",",C","0",",C","0",",C","6",",C","0",",C","2",",C","0",",C","-4.4",",C,30,","0",",,C,31,+","9.9",",,C,15,","21.1",",C,14,+","415.6","C","277.3",",C","25.1",",,,C","0",",,,C","9.39",",C","14.33",",,,C","4.45",",,,C"
"CA006132415","1966-11","42.6667","-81.3","213.0","FINGAL, ON CA","227.9","C","0.0",",C","13",",C","11",",C","1",",C","2",",C","0",",C","16",",C","0",",C","0",",C","0",",C","-7.8",",C,30,","127",",,C,28,","43.9",",,C,02,","15.6",",C,09,","828.4","C","412.8",",C","116.7",",,,C","152",",,,C","4.57",",C","7.82",",,,C","1.33",",,,C"
"CA006132415","1966-12","42.6667","-81.3","213.0","FINGAL, ON CA","227.9","C","0.0",",C","13",",C","13",",C","1",",C","5",",C","2",",C","26",",C","16",",C","0",",C","0",",C","-17.8",",C,04,+","51",",,C,29,","31.5",",,C,06,","15.6",",C,08,","1477.8","C","649.4",",C","110.2",",,,C","151",",,,C","-2.61",",C","0.68",",,,C","-5.91",",,,C"
"CA006132415","1967-01","42.6667","-81.3","213.0","FINGAL, ON CA","0.0","C","0.0",",C","6",",C","5",",C","0",",C","3",",C","0",",C","28",",C","13",",C","0",",C","0",",C","-16.7",",C,18,","25",",,C,28,+","9.9",",,C,06,","15.0",",C,23,","2107.2","C","629.4",",C","30.4",",,,C","75",",,,C","-1.97",",C","1.42",",,,C","-5.36",",,,C"
"CA006132415","1967-02","42.6667","-81.3","213.0","FINGAL, ON CA","0.0","C","0.0",",C","5",",C","4",",C","0",",C","4",",C","6",",C","28",",C","19",",C","0",",C","0",",C","-21.1",",C,08,+","76",",,C,27,","7.6",",,C,27,","7.2",",C,15,","2809.2","C","702.0",",C","19.0",",,,C","177",",,,C","-6.74",",C","-2.83",",,,C","-10.65",",,,C"
"CA006132415","1967-03","42.6667","-81.3","213.0","FINGAL, ON CA","0.0","C","0.0",",C","8",",C","5",",C","0",",C","3",",C","2",",C","24",",C","7",",C","0",",C","0",",C","-20.0",",C,18,","81",",,C,20,","8.1",",,C,20,","20.6",",C,31,","3376.8","C","567.6",",C","26.1",",,,C","175",",,,C","0.02",",C","4.29",",,,C","-4.24",",,,C"
"CA006132415","1967-04","42.6667","-81.3","213.0","FINGAL, ON CA","0.0","C","0.0",",C","10","2,C","8","2,C","2","2,C","0",",C","0",",C","10",",C","0",",C","0",",C","0",",C","-5.0",",C,12,","0",",,C,30,+","32.5","2,,C,16,","20.6",",C,30,+","3712.1","C","335.3",",C","123.2",",a,,C","0",",,,C","7.16",",C","11.93",",,,C","2.38",",,,C"
"CA006132415","1967-05","42.6667","-81.3","213.0","FINGAL, ON CA","0.0","C","0.0",",C","10",",C","7",",C","0",",C","0",",C","0",",C","2",",C","0",",C","2",",C","0",",C","-0.6",",C,23,","0",",,C,31,+","21.8",",,C,01,","23.3",",C,27,","3980.5","C","268.4",",C","71.9",",,,C","0",",,,C","9.68",",C","14.57",",,,C","4.78",",,,C"
"CA006132415","1967-06","42.6667","-81.3","213.0","FINGAL, ON CA","75.7","C","75.7",",C","8",",C","6",",C","2",",C","0",",C","0",",C","0",",C","0",",C","29",",C","0",",C","5.0",",C,01,","0",",,C,30,+","76.7",",,C,28,","31.1",",C,15,+","3988.1","C","7.6",",C","185.2",",,,C","0",",,,C","20.61",",C","26.02",",,,C","15.19",",,,C"
"CA006132415","1967-07","42.6667","-81.3","213.0","FINGAL, ON CA","141.9","C","66.2",",C","9",",C","7",",C","0",",C","0",",C","0",",C","0",",C","0",",C","27",",C","0",",C","6.1",",C,15,","0",",,C,31,+","6.1",",,C,31,","29.4",",C,01,","28.6","C","28.6",",C","33.7",",,,C","0",",,,C","19.55",",C","24.64",",,,C","14.45",",,,C"
"CA006132415","1967-08","42.6667","-81.3","213.0","FINGAL, ON CA","174.5","C","32.6",",C","7",",C","6",",C","1",",C","0",",C","0",",C","0",",C","0",",C","29",",C","0",",C","7.8",",C,12,","0",",,C,31,+","32.0",",,C,09,","27.8",",C,17,+","57.0","C","28.4",",C","61.9",",,,C","0",",,,C","18.47",",C","23.78",",,,C","13.15",",,,C"
"CA006132415","1967-09","42.6667","-81.3","213.0","FINGAL, ON CA","179.8","C","5.3",",C","6",",C","3",",C","0",",C","0",",C","0",",C","0",",C","0",",C","19",",C","0",",C","0.6",",C,25,+","0",",,C,30,+","21.3",",,C,21,","27.8",",C,18,","171.7","C","114.7",",C","47.9",",,,C","0",",,,C","14.69",",C","21.28",",,,C","8.09",",,,C"
"CA006132415","1967-10","42.6667","-81.3","213.0","FINGAL, ON CA","181.7","C","1.9",",C","10",",C","8",",C","0",",C","0",",C","0",",C","4",",C","0",",C","4",",C","0",",C","-2.8",",C,29,","0",",,C,31,+","22.4",",,C,17,","24.4",",C,04,+","432.5","C","260.8",",C","83.0",",,,C","0",",,,C","9.98",",C","14.15",",,,C","5.81",",,,C"
"CA006132415","1967-11","42.6667","-81.3","213.0","FINGAL, ON CA","181.7","C","0.0",",C","5","4,C","5","4,C","1","4,C","0",",C","0",",C","17",",C","4",",C","0",",C","0",",C","-10.0",",C,15,","0",",T,C,27,+","29.7","4,,C,01,","13.9",",C,01,","921.1","C","488.6",",C","74.2",",a,,C","0",",T,,C","2.05",",C","4.78",",,,C","-0.68",",,,C"
"CA006132415","1967-12","42.6667","-81.3","213.0","FINGAL, ON CA","181.7","C","0.0",",C","9","3,C","8","3,C","1","3,C","2",",C","0",",C","23",",C","11",",C","0",",C","0",",C","-16.7",",C,29,","25",",,C,31,+","34.8","3,,C,21,","13.3",",C,21,","1507.6","C","586.5",",C","93.7",",a,,C","50",",,,C","-0.59",",C","2.43",",,,C","-3.60",",,,C"
"CA006132415","1968-01","42.6667","-81.3","213.0","FINGAL, ON CA","0.0","C","0.0",",C","7",",C","7",",C","0",",C","3",",C","9",",C","28",",C","18",",C","0",",C","0",",C","-24.4",",C,24,","152",",,C,14,","19.1",",,C,13,","5.0",",C,29,","2290.0","C","782.4",",C","74.9",",,,C","202",",,,C","-6.90",",C","-3.05",",,,C","-10.76",",,,C"
"CA006132415","1968-02","42.6667","-81.3","213.0","FINGAL, ON CA","0.0","C","0.0",",C","7",",C","6",",C","0",",C","5",",C","4",",C","28",",C","22",",C","0",",C","0",",C","-20.6",",C,21,","102",",,C,27,+","10.2",",,C,27,+","7.2",",C,01,","3013.9","C","723.9",",C","39.9",",,,C","318",",,,C","-6.63",",C","-2.53",",,,C","-10.73",",,,C"
"CA006132415","1968-03","42.6667","-81.3","213.0","FINGAL, ON CA","0.0","C","0.0",",C","8",",C","7",",C","0",",C","2",",C","0",",C","22",",C","7",",C","0",",C","0",",C","-12.2",",C,14,","152",",,C,12,","15.2",",,C,12,","18.9",",C,29,","3534.7","C","520.8",",C","53.8",",,,C","279",",,,C","1.53",",C","5.48",",,,C","-2.41",",,,C"
"CA006132415","1968-04","42.6667","-81.3","213.0","FINGAL, ON CA","0.0","C","0.0",",C","5",",C","3",",C","0",",C","0",",C","0",",C","10",",C","0",",C","1",",C","0",",C","-5.0",",C,06,","0",",T,C,24,","23.6",",,C,03,","23.9",",C,13,","3819.8","C","285.1",",C","40.4",",,,C","0",",T,,C","8.83",",C","14.37",",,,C","3.29",",,,C"
"CA006132415","1968-05","42.6667","-81.3","213.0","FINGAL, ON CA","0.0","C","0.0",",C","11",",C","10",",C","0",",C","0",",C","0",",C","4",",C","0",",C","2",",C","0",",C","-4.4",",C,06,","0",",,C,31,+","17.0",",,C,15,","21.1",",C,24,+","4038.0","C","218.2",",C","83.4",",,,C","0",",,,C","11.29",",C","16.47",",,,C","6.12",",,,C"
"CA006132415","1968-06","42.6667","-81.3","213.0","FINGAL, ON CA","43.9","C","43.9",",C","10",",C","8",",C","1",",C","0",",C","0",",C","0",",C","0",",C","21",",C","1",",C","3.3",",C,14,","0",",,C,30,+","86.1",",,C,25,","32.2",",C,09,","4086.8","C","48.8",",C","126.5",",,,C","0",",,,C","18.17",",C","23.69",",,,C","12.64",",,,C"
"CA006132415","1968-07","42.6667","-81.3","213.0","FINGAL, ON CA","124.4","C","80.5",",C","7",",C","6",",C","0",",C","0",",C","0",",C","0",",C","0",",C","30",",C","0",",C","7.2",",C,04,","0",",,C,31,+","18.5",",,C,05,","31.1",",C,22,","13.1","C","13.1",",C","66.2",",,,C","0",",,,C","20.51",",C","25.89",",,,C","15.13",",,,C"
"CA006132415","1968-08","42.6667","-81.3","213.0","FINGAL, ON CA","215.5","C","91.1",",C","8",",C","6",",C","2",",C","0",",C","0",",C","0",",C","0",",C","31",",C","1",",C","5.6",",C,28,","0",",,C,31,+","34.0",",,C,19,","33.3",",C,23,","39.0","C","25.9",",C","97.1",",,,C","0",",,,C","20.44",",C","26.28",",,,C","14.60",",,,C"
"CA006132415","1968-09","42.6667","-81.3","213.0","FINGAL, ON CA","249.5","C","34.0",",C","10",",C","9",",C","1",",C","0",",C","0",",C","0",",C","0",",C","24",",C","0",",C","4.4",",C,28,","0",",,C,30,+","34.8",",,C,05,","27.8",",C,04,","80.4","C","41.4",",C","120.2",",,,C","0",",,,C","18.09",",C","23.19",",,,C","12.99",",,,C"
"CA006132415","1968-10","42.6667","-81.3","213.0","FINGAL, ON CA","258.7","C","9.2",",C","10",",C","8",",C","0",",C","0",",C","0",",C","2",",C","0",",C","6",",C","0",",C","-2.2",",C,31,","0",",T,C,28,","15.2",",,C,02,","25.0",",C,01,","302.8","C","222.4",",C","64.8",",,,C","0",",T,,C","11.45",",C","15.99",",,,C","6.92",",,,C"
"CA006132415","1968-11","42.6667","-81.3","213.0","FINGAL, ON CA","258.7","C","0.0",",C","10",",C","7",",C","1",",C","0",",C","0",",C","12",",C","0",",C","0",",C","0",",C","-3.3",",C,14,","0",",T,C,19,","27.9",",,C,28,","19.4",",C,01,","722.0","C","419.2",",C","75.0",",,,C","0",",T,,C","4.36",",C","7.68",",,,C","1.04",",,,C"
"CA006132415","1968-12","42.6667","-81.3","213.0","FINGAL, ON CA","258.7","C","0.0",",C","11",",C","10",",C","0",",C","2",",C","0",",C","26",",C","18",",C","0",",C","0",",C","-15.6",",C,10,","25",",,C,23,+","11.4",",,C,28,","7.8",",C,13,+","1383.8","C","661.8",",C","57.6",",,,C","50",",,,C","-3.02",",C","0.02",",,,C","-6.05",",,,C"
"CA006132415","1969-01","42.6667","-81.3","213.0","FINGAL, ON CA","0.0","C","0.0",",C","10",",C","9",",C","0",",C","4",",C","2",",C","26",",C","18",",C","0",",C","0",",C","-20.6",",C,02,","76",",,C,06,","19.1",",,C,29,","9.4",",C,23,","2087.2","C","703.4",",C","71.4",",,,C","151",",,,C","-4.36",",C","-0.72",",,,C","-8.00",",,,C"
"CA006132415","1969-02","42.6667","-81.3","213.0","FINGAL, ON CA","0.0","C","0.0",",C","5",",C","5",",C","0",",C","5",",C","0",",C","28",",C","12",",C","0",",C","0",",C","-17.2",",C,15,","25",",,C,24,+","2.5",",,C,24,+","6.1",",C,22,+","2703.9","C","616.7",",C","12.5",",,,C","125",",,,C","-3.69",",C","0.10",",,,C","-7.49",",,,C"
"CA006132415","1969-03","42.6667","-81.3","213.0","FINGAL, ON CA","0.0","C","0.0",",C","4",",C","3",",C","0",",C","1",",C","0",",C","28",",C","5",",C","0",",C","0",",C","-13.9",",C,11,","25",",,C,25,","17.8",",,C,24,","15.6",",C,19,","3284.7","C","580.8",",C","35.6",",,,C","25",",,,C","-0.40",",C","4.26",",,,C","-5.07",",,,C"
"CA006132415","1969-04","42.6667","-81.3","213.0","FINGAL, ON CA","0.0","C","0.0",",C","11",",C","10",",C","1",",C","0",",C","0",",C","8",",C","0",",C","1",",C","0",",C","-4.4",",C,03,","0",",,C,30,+","29.2",",,C,04,","22.8",",C,27,","3598.5","C","313.8",",C","111.0",",,,C","0",",,,C","7.87",",C","12.82",",,,C","2.92",",,,C"
"CA006132415","1969-05","42.6667","-81.3","213.0","FINGAL, ON CA","8.9","C","8.9",",C","11",",C","8",",C","2",",C","0",",C","0",",C","1",",C","0",",C","10",",C","1",",C","0.0",",C,26,","0",",,C,31,+","38.1",",,C,18,","32.2",",C,29,","3786.9","C","188.4",",C","139.9",",,,C","0",",,,C","12.54",",C","18.34",",,,C","6.74",",,,C"
"CA006132415","1969-06","42.6667","-81.3","213.0","FINGAL, ON CA","37.6","C","28.7",",C","11",",C","8",",C","0",",C","0",",C","0",",C","0",",C","0",",C","14",",C","0",",C","3.9",",C,21,+","0",",,C,30,+","12.2",",,C,05,","29.4",",C,27,+","3866.6","C","79.7",",C","65.7",",,,C","0",",,,C","16.63",",C","21.32",",,,C","11.95",",,,C"
"CA006132415","1969-07","42.6667","-81.3","213.0","FINGAL, ON CA","124.9","C","87.3",",C","9",",C","8",",C","2",",C","0",",C","0",",C","0",",C","0",",C","31",",C","0",",C","9.4",",C,02,","0",",,C,31,+","38.1",",,C,18,","29.4",",C,17,+","5.6","C","5.6",",C","121.1",",,,C","0",",,,C","20.97",",C","25.90",",,,C","16.04",",,,C"
"CA006132415","1969-08","42.6667","-81.3","213.0","FINGAL, ON CA","236.6","C","111.7",",C","3",",C","2",",C","0",",C","0",",C","0",",C","0",",C","0",",C","31",",C","2",",C","6.7",",C,21,","0",",,C,31,+","21.6",",,C,01,","33.3",",C,24,","12.2","C","6.6",",C","28.7",",,,C","0",",,,C","21.72",",C","27.94",",,,C","15.50",",,,C"
"CA006132415","1969-09","42.6667","-81.3","213.0","FINGAL, ON CA","273.9","C","37.3",",C","3",",C","2",",C","0",",C","0",",C","0",",C","0",",C","0",",C","19",",C","0",",C","0.6",",C,29,","0",",,C,30,+","18.8",",,C,16,","29.4",",C,01,","89.2","C","77.0",",C","27.9",",,,C","0",",,,C","17.01",",C","22.28",",,,C","11.74",",,,C"
"CA006132415","1969-10","42.6667","-81.3","213.0","FINGAL, ON CA","275.8","C","1.9",",C","12",",C","11",",C","1",",C","1",",C","0",",C","6",",C","0",",C","4",",C","0",",C","-6.7",",C,23,","25",",,C,22,","25.4",",,C,02,","24.4",",C,13,","344.9","C","255.7",",C","78.6",",,,C","25",",,,C","10.15",",C","14.57",",,,C","5.73",",,,C"
"CA006132415","1969-11","42.6667","-81.3","213.0","FINGAL, ON CA","275.8","C","0.0",",C","9",",C","8",",C","1",",C","1",",C","0",",C","15",",C","4",",C","0",",C","0",",C","-12.2",",C,28,","25",",,C,27,","33.5",",,C,01,","13.3",",C,02,+","768.2","C","423.3",",C","108.7",",,,C","25",",,,C","4.22",",C","7.37",",,,C","1.07",",,,C"
"CA006132415","1969-12","42.6667","-81.3","213.0","FINGAL, ON CA","275.8","C","0.0",",C","9",",C","9",",C","0",",C","8",",C","1",",C","31",",C","23",",C","0",",C","0",",C","-20.0",",C,24,","127",",,C,30,","17.5",",,C,07,","4.4",",C,09,","1472.1","C","703.9",",C","72.5",",,,C","405",",,,C","-4.37",",C","-1.18",",,,C","-7.56",",,,C"
