"STATION","DATE","LATITUDE","LONGITUDE","ELEVATION","NAME","CDSD","CDSD_ATTRIBUTES","CLDD","CLDD_ATTRIBUTES","DP01","DP01_ATTRIBUTES","DP10","DP10_ATTRIBUTES","DP1X","DP1X_ATTRIBUTES","DSND","DSND_ATTRIBUTES","DSNW","DSNW_ATTRIBUTES","DT00","DT00_ATTRIBUTES","DT32","DT32_ATTRIBUTES","DX32","DX32_ATTRIBUTES","DX70","DX70_ATTRIBUTES","DX90","DX90_ATTRIBUTES","EMNT","EMNT_ATTRIBUTES","EMSD","EMSD_ATTRIBUTES","EMSN","EMSN_ATTRIBUTES","EMXP","EMXP_ATTRIBUTES","EMXT","EMXT_ATTRIBUTES","HDSD","HDSD_ATTRIBUTES","HTDD","HTDD_ATTRIBUTES","PRCP","PRCP_ATTRIBUTES","SNOW","SNOW_ATTRIBUTES","TAVG","TAVG_ATTRIBUTES","TMAX","TMAX_ATTRIBUTES","TMIN","TMIN_ATTRIBUTES"
"CA008201500","1950-02","45.35","-61.5","3.0","DICKIE BROOK, NS CA","","","","","7",",C","7",",C","1",",C","","","4",",C","","","","","","","","","","","","","","","102",",,C,16,","29.2",",,C,09,","","","","","","","77.6",",,,C","229",",,,C","","","","","",""
"CA008201500","1950-03","45.35","-61.5","3.0","DICKIE BROOK, NS CA","","","","","10",",C","10",",C","2",",C","","","7",",C","","","","","","","","","","","","","","","254",",,C,18,","33.8",",,C,23,","","","","","","","132.9",",,,C","559",",,,C","","","","","",""
"CA008201500","1950-04","45.35","-61.5","3.0","DICKIE BROOK, NS CA","","","","","11",",C","11",",C","0",",C","","","5",",C","","","","","","","","","","","","","","","229",",,C,07,","22.9",",,C,07,+","","","","","","","120.7",",,,C","584",",,,C","","","","","",""
"CA008201500","1950-05","45.35","-61.5","3.0","DICKIE BROOK, NS CA","","","","","5",",C","5",",C","0",",C","","","0",",C","","","","","","","","","","","","","","","0",",,C,31,+","22.9",",,C,10,","","","","","","","54.6",",,,C","0",",,,C","","","","","",""
"CA008201500","1950-06","45.35","-61.5","3.0","DICKIE BROOK, NS CA","","","","","7",",C","7",",C","0",",C","","","0",",C","","","","","","","","","","","","","","","0",",,C,30,+","12.7",",,C,21,","","","","","","","48.3",",,,C","0",",,,C","","","","","",""
"CA008201500","1950-07","45.35","-61.5","3.0","DICKIE BROOK, NS CA","","","","","5",",C","5",",C","0",",C","","","0",",C","","","","","","","","","","","","","","","0",",,C,31,+","14.5",",,C,06,","","","","","","","33.2",",,,C","0",",,,C","","","","","",""
"CA008201500","1950-08","45.35","-61.5","3.0","DICKIE BROOK, NS CA","","","","","8",",C","8",",C","0",",C","","","0",",C","","","","","","","","","","","","","","","0",",,C,31,+","18.0",",,C,03,","","","","","","","71.9",",,,C","0",",,,C","","","","","",""
"CA008201500","1950-09","45.35","-61.5","3.0","DICKIE BROOK, NS CA","","","","","11",",C","11",",C","0",",C","","","0",",C","","","","","","","","","","","","","","","0",",,C,30,+","24.9",",,C,04,","","","","","","","87.2",",,,C","0",",,,C","","","","","",""
"CA008201500","1950-10","45.35","-61.5","3.0","DICKIE BROOK, NS CA","","","","","10",",C","7",",C","0",",C","","","0",",C","","","","","","","","","","","","","","","0",",,C,31,+","19.6",",,C,25,","","","","","","","74.1",",,,C","0",",,,C","","","","","",""
"CA008201500","1950-11","45.35","-61.5","3.0","DICKIE BROOK, NS CA","","","","","10",",C","9",",C","2",",C","","","1",",C","","","","","","","","","","","","","","","25",",,C,14,","45.0",",,C,28,","","","","","","","123.1",",,,C","25",",,,C","","","","","",""
"CA008201500","1950-12","45.35","-61.5","3.0","DICKIE BROOK, NS CA","","","","","13",",C","13",",C","3",",C","","","3",",C","","","","","","","","","","","","","","","76",",,C,31,","41.9",",,C,18,","","","","","","","178.8",",,,C","152",",,,C","","","","","",""
"CA008201500","1951-01","45.35","-61.5","3.0","DICKIE BROOK, NS CA","","","","","13",",C","12",",C","3",",C","","","6",",C","","","","","","","","","","","","","","","76",",,C,29,","29.2",",,C,24,","","","","","","","170.4",",,,C","305",",,,C","","","","","",""
"CA008201500","1951-02","45.35","-61.5","3.0","DICKIE BROOK, NS CA","","","","","11",",C","9",",C","0",",C","","","2",",C","","","","","","","","","","","","","","","25",",,C,04,+","20.3",",,C,08,","","","","","","","104.5",",,,C","50",",,,C","","","","","",""
"CA008201500","1951-03","45.35","-61.5","3.0","DICKIE BROOK, NS CA","","","","","11",",C","11",",C","0",",C","","","1",",C","","","","","","","","","","","","","","","25",",,C,05,","23.1",",,C,15,","","","","","","","86.6",",,,C","25",",,,C","","","","","",""
"CA008201500","1951-04","45.35","-61.5","3.0","DICKIE BROOK, NS CA","","","","","17",",C","14",",C","1",",C","","","0",",C","","","","","","","","","","","","","","","0",",,C,30,+","27.9",",,C,26,","","","","","","","121.1",",,,C","0",",,,C","","","","","",""
"CA008201500","1951-05","45.35","-61.5","3.0","DICKIE BROOK, NS CA","","","","","11",",C","10",",C","2",",C","","","0",",C","","","","","","","","","","","","","","","0",",,C,31,+","60.7",",,C,29,","","","","","","","169.5",",,,C","0",",,,C","","","","","",""
"CA008201500","1951-06","45.35","-61.5","3.0","DICKIE BROOK, NS CA","","","","","6",",C","4",",C","0",",C","","","0",",C","","","","","","","","","","","","","","","0",",,C,30,+","13.0",",,C,16,","","","","","","","33.6",",,,C","0",",,,C","","","","","",""
"CA008201500","1951-07","45.35","-61.5","3.0","DICKIE BROOK, NS CA","","","","","6",",C","6",",C","2",",C","","","0",",C","","","","","","","","","","","","","","","0",",,C,31,+","42.7",",,C,05,","","","","","","","104.3",",,,C","0",",,,C","","","","","",""
"CA008201500","1951-08","45.35","-61.5","3.0","DICKIE BROOK, NS CA","","","","","15",",C","14",",C","3",",C","","","0",",C","","","","","","","","","","","","","","","0",",,C,31,+","88.4",",,C,24,","","","","","","","276.9",",,,C","0",",,,C","","","","","",""
"CA008201500","1951-09","45.35","-61.5","3.0","DICKIE BROOK, NS CA","","","","","7",",C","6",",C","0",",C","","","0",",C","","","","","","","","","","","","","","","0",",,C,30,+","15.0",",,C,04,","","","","","","","51.9",",,,C","0",",,,C","","","","","",""
"CA008201500","1951-10","45.35","-61.5","3.0","DICKIE BROOK, NS CA","","","","","10",",C","6",",C","1",",C","","","0",",C","","","","","","","","","","","","","","","0",",,C,31,+","41.1",",,C,08,","","","","","","","90.9",",,,C","0",",,,C","","","","","",""
"CA008201500","1951-11","45.35","-61.5","3.0","DICKIE BROOK, NS CA","","","","","13",",C","12",",C","3",",C","","","1",",C","","","","","","","","","","","","","","","25",",,C,20,","37.8",",,C,26,","","","","","","","209.8",",,,C","25",",,,C","","","","","",""
"CA008201500","1951-12","45.35","-61.5","3.0","DICKIE BROOK, NS CA","","","","","9",",C","9",",C","2",",C","","","6",",C","","","","","","","","","","","","","","","152",",,C,26,+","45.2",",,C,21,","","","","","","","144.0",",,,C","508",",,,C","","","","","",""
"CA008201500","1952-01","45.35","-61.5","3.0","DICKIE BROOK, NS CA","","","","","13",",C","12",",C","3",",C","","","4",",C","","","","","","","","","","","","","","","305",",,C,05,","56.1",",,C,23,","","","","","","","246.7",",,,C","585",",,,C","","","","","",""
"CA008201500","1952-02","45.35","-61.5","3.0","DICKIE BROOK, NS CA","","","","","14",",C","14",",C","2",",C","","","9",",C","","","","","","","","","","","","","","","178",",,C,26,","25.9",",,C,04,","","","","","","","167.8",",,,C","865",",,,C","","","","","",""
"CA008201500","1952-03","45.35","-61.5","3.0","DICKIE BROOK, NS CA","","","","","7",",C","6",",C","0",",C","","","3",",C","","","","","","","","","","","","","","","102",",,C,02,","19.6",",,C,24,","","","","","","","66.9",",,,C","229",",,,C","","","","","",""
"CA008201500","1952-04","45.35","-61.5","3.0","DICKIE BROOK, NS CA","","","","","12",",C","8",",C","0",",C","","","0",",C","","","","","","","","","","","","","","","0",",,C,30,+","14.5",",,C,29,","","","","","","","82.3",",,,C","0",",,,C","","","","","",""
"CA008201500","1952-05","45.35","-61.5","3.0","DICKIE BROOK, NS CA","","","","","14",",C","10",",C","2",",C","","","0",",C","","","","","","","","","","","","","","","0",",,C,31,+","43.2",",,C,21,","","","","","","","167.1",",,,C","0",",,,C","","","","","",""
"CA008201500","1952-06","45.35","-61.5","3.0","DICKIE BROOK, NS CA","","","","","13",",C","10",",C","1",",C","","","0",",C","","","","","","","","","","","","","","","0",",,C,30,+","27.9",",,C,11,","","","","","","","109.4",",,,C","0",",,,C","","","","","",""
"CA008201500","1952-07","45.35","-61.5","3.0","DICKIE BROOK, NS CA","","","","","8",",C","5",",C","2",",C","","","0",",C","","","","","","","","","","","","","","","0",",,C,31,+","31.5",",,C,13,","","","","","","","95.4",",,,C","0",",,,C","","","","","",""
"CA008201500","1952-08","45.35","-61.5","3.0","DICKIE BROOK, NS CA","","","","","10",",C","8",",C","2",",C","","","0",",C","","","","","","","","","","","","","","","0",",,C,31,+","25.9",",,C,07,+","","","","","","","114.9",",,,C","0",",,,C","","","","","",""
"CA008201500","1952-09","45.35","-61.5","3.0","DICKIE BROOK, NS CA","","","","","9",",C","2",",C","0",",C","","","0",",C","","","","","","","","","","","","","","","0",",,C,30,+","18.8",",,C,16,","","","","","","","42.7",",,,C","0",",,,C","","","","","",""
"CA008201500","1952-10","45.35","-61.5","3.0","DICKIE BROOK, NS CA","","","","","10",",C","9",",C","1",",C","","","0",",C","","","","","","","","","","","","","","","0",",,C,31,+","48.3",",,C,03,","","","","","","","130.4",",,,C","0",",,,C","","","","","",""
"CA008201500","1952-11","45.35","-61.5","3.0","DICKIE BROOK, NS CA","","","","","12",",C","9",",C","1",",C","","","0",",C","","","","","","","","","","","","","","","0",",,C,30,+","34.3",",,C,28,","","","","","","","125.5",",,,C","0",",,,C","","","","","",""
"CA008201500","1952-12","45.35","-61.5","3.0","DICKIE BROOK, NS CA","","","","","11",",C","9",",C","2",",C","","","4",",C","","","","","","","","","","","","","","","76",",,C,27,+","60.2",",,C,24,","","","","","","","162.1",",,,C","228",",,,C","","","","","",""
"CA008201500","1953-01","45.35","-61.5","3.0","DICKIE BROOK, NS CA","","","","","11",",C","9",",C","3",",C","","","5",",C","","","","","","","","","","","","","","","102",",,C,12,","73.4",",,C,11,","","","","","","","212.1",",,,C","253",",,,C","","","","","",""
"CA008201500","1953-02","45.35","-61.5","3.0","DICKIE BROOK, NS CA","","","","","11",",C","11",",C","4",",C","","","5",",C","","","","","","","","","","","","","","","305",",,C,13,","38.1",",,C,15,","","","","","","","166.2",",,,C","532",",,,C","","","","","",""
"CA008201500","1953-03","45.35","-61.5","3.0","DICKIE BROOK, NS CA","","","","","9",",C","8",",C","2",",C","","","1",",C","","","","","","","","","","","","","","","51",",,C,13,","38.6",",,C,04,","","","","","","","143.0",",,,C","51",",,,C","","","","","",""
"CA008201500","1953-04","45.35","-61.5","3.0","DICKIE BROOK, NS CA","","","","","9",",C","6",",C","1",",C","","","0",",C","","","","","","","","","","","","","","","0",",,C,30,+","42.9",",,C,23,","","","","","","","116.4",",,,C","0",",,,C","","","","","",""
"CA008201500","1953-05","45.35","-61.5","3.0","DICKIE BROOK, NS CA","","","","","8",",C","6",",C","0",",C","","","0",",C","","","","","","","","","","","","","","","0",",,C,31,+","20.8",",,C,18,","","","","","","","65.4",",,,C","0",",,,C","","","","","",""
"CA008201500","1953-06","45.35","-61.5","3.0","DICKIE BROOK, NS CA","","","","","10",",C","6",",C","0",",C","","","0",",C","","","","","","","","","","","","","","","0",",,C,30,+","24.1",",,C,07,","","","","","","","86.3",",,,C","0",",,,C","","","","","",""
"CA008201500","1953-07","45.35","-61.5","3.0","DICKIE BROOK, NS CA","","","","","17",",C","12",",C","1",",C","","","0",",C","","","","","","","","","","","","","","","0",",,C,31,+","53.6",",,C,15,","","","","","","","140.8",",,,C","0",",,,C","","","","","",""
"CA008201500","1953-08","45.35","-61.5","3.0","DICKIE BROOK, NS CA","","","","","12",",C","6",",C","2",",C","","","0",",C","","","","","","","","","","","","","","","0",",,C,31,+","41.9",",,C,15,","","","","","","","120.3",",,,C","0",",,,C","","","","","",""
"CA008201500","1953-09","45.35","-61.5","3.0","DICKIE BROOK, NS CA","","","","","12",",C","7",",C","1",",C","","","0",",C","","","","","","","","","","","","","","","0",",,C,30,+","50.5",",,C,22,","","","","","","","85.1",",,,C","0",",,,C","","","","","",""
"CA008201500","1953-10","45.35","-61.5","3.0","DICKIE BROOK, NS CA","","","","","13",",C","10",",C","1",",C","","","0",",C","","","","","","","","","","","","","","","0",",,C,31,+","38.1",",,C,29,","","","","","","","118.6",",,,C","0",",,,C","","","","","",""
"CA008201500","1953-11","45.35","-61.5","3.0","DICKIE BROOK, NS CA","","","","","9",",C","7",",C","1",",C","","","0",",C","","","","","","","","","","","","","","","0",",,C,30,+","26.4",",,C,08,","","","","","","","112.5",",,,C","0",",,,C","","","","","",""
"CA008201500","1953-12","45.35","-61.5","3.0","DICKIE BROOK, NS CA","","","","","17",",C","13",",C","5",",C","","","3",",C","","","","","","","","","","","","","","","51",",,C,14,","53.3",",,C,02,","","","","","","","263.6",",,,C","101",",,,C","","","","","",""
"CA008201500","1954-01","45.35","-61.5","3.0","DICKIE BROOK, NS CA","","","","","17",",C","15",",C","2",",C","","","8",",C","","","","","","","","","","","","","","","152",",,C,27,","41.1",",,C,04,","","","","","","","209.1",",,,C","456",",,,C","","","","","",""
"CA008201500","1954-02","45.35","-61.5","3.0","DICKIE BROOK, NS CA","","","","","15",",C","15",",C","2",",C","","","6",",C","","","","","","","","","","","","","","","152",",,C,09,","33.8",",,C,26,","","","","","","","173.0",",,,C","457",",,,C","","","","","",""
"CA008201500","1954-03","45.35","-61.5","3.0","DICKIE BROOK, NS CA","","","","","11",",C","11",",C","1",",C","","","8",",C","","","","","","","","","","","","","","","152",",,C,14,","32.3",",,C,20,","","","","","","","107.6",",,,C","533",",,,C","","","","","",""
"CA008201500","1954-04","45.35","-61.5","3.0","DICKIE BROOK, NS CA","","","","","8",",C","7",",C","0",",C","","","1",",C","","","","","","","","","","","","","","","25",",,C,02,","19.8",",,C,11,","","","","","","","69.5",",,,C","25",",,,C","","","","","",""
"CA008201500","1954-05","45.35","-61.5","3.0","DICKIE BROOK, NS CA","","","","","14",",C","12",",C","2",",C","","","0",",C","","","","","","","","","","","","","","","0",",,C,31,+","29.7",",,C,10,","","","","","","","167.1",",,,C","0",",,,C","","","","","",""
"CA008201500","1954-06","45.35","-61.5","3.0","DICKIE BROOK, NS CA","","","","","9",",C","7",",C","0",",C","","","0",",C","","","","","","","","","","","","","","","0",",,C,30,+","10.2",",,C,02,","","","","","","","50.8",",,,C","0",",,,C","","","","","",""
"CA008201500","1954-07","45.35","-61.5","3.0","DICKIE BROOK, NS CA","","","","","11",",C","7",",C","2",",C","","","0",",C","","","","","","","","","","","","","","","0",",,C,31,+","44.5",",,C,21,","","","","","","","147.1",",,,C","0",",,,C","","","","","",""
"CA008201500","1954-08","45.35","-61.5","3.0","DICKIE BROOK, NS CA","","","","","9",",C","7",",C","1",",C","","","0",",C","","","","","","","","","","","","","","","0",",,C,31,+","44.5",",,C,10,","","","","","","","109.6",",,,C","0",",,,C","","","","","",""
"CA008201500","1954-09","45.35","-61.5","3.0","DICKIE BROOK, NS CA","","","","","7",",C","6",",C","0",",C","","","0",",C","","","","","","","","","","","","","","","0",",,C,30,+","15.0",",,C,30,","","","","","","","38.1",",,,C","0",",,,C","","","","","",""
"CA008201500","1954-10","45.35","-61.5","3.0","DICKIE BROOK, NS CA","","","","","17",",C","14",",C","3",",C","","","0",",C","","","","","","","","","","","","","","","0",",,C,31,+","50.0",",,C,20,","","","","","","","217.3",",,,C","0",",,,C","","","","","",""
"CA008201500","1954-11","45.35","-61.5","3.0","DICKIE BROOK, NS CA","","","","","13",",C","9",",C","1",",C","","","2",",C","","","","","","","","","","","","","","","51",",,C,25,","32.0",",,C,03,","","","","","","","105.5",",,,C","76",",,,C","","","","","",""
"CA008201500","1954-12","45.35","-61.5","3.0","DICKIE BROOK, NS CA","","","","","18",",C","16",",C","1",",C","","","3",",C","","","","","","","","","","","","","","","25",",,C,29,+","30.2",",,C,15,","","","","","","","193.4",",,,C","75",",,,C","","","","","",""
"CA008201500","1955-06","45.35","-61.5","3.0","DICKIE BROOK, NS CA","","","","","14",",C","11",",C","0",",C","","","0",",C","","","","","","","","","","","","","","","0",",,C,30,+","24.1",",,C,07,","","","","","","","123.5",",,,C","0",",,,C","","","","","",""
"CA008201500","1955-07","45.35","-61.5","3.0","DICKIE BROOK, NS CA","","","","","9",",C","7",",C","0",",C","","","0",",C","","","","","","","","","","","","","","","0",",,C,31,+","20.8",",,C,11,","","","","","","","70.3",",,,C","0",",,,C","","","","","",""
"CA008201500","1955-08","45.35","-61.5","3.0","DICKIE BROOK, NS CA","","","","","13",",C","7",",C","1",",C","","","0",",C","","","","","","","","","","","","","","","0",",,C,31,+","31.8",",,C,02,","","","","","","","80.2",",,,C","0",",,,C","","","","","",""
"CA008201500","1955-09","45.35","-61.5","3.0","DICKIE BROOK, NS CA","","","","","12",",C","9",",C","1",",C","","","0",",C","","","","","","","","","","","","","","","0",",,C,30,+","36.3",",,C,20,","","","","","","","110.8",",,,C","0",",,,C","","","","","",""
"CA008201500","1955-10","45.35","-61.5","3.0","DICKIE BROOK, NS CA","","","","","11",",C","7",",C","1",",C","","","0",",C","","","","","","","","","","","","","","","0",",,C,31,+","32.8",",,C,18,","","","","","","","98.7",",,,C","0",",,,C","","","","","",""
"CA008201500","1955-11","45.35","-61.5","3.0","DICKIE BROOK, NS CA","","","","","14",",C","10",",C","2",",C","","","1",",C","","","","","","","","","","","","","","","102",",,C,20,","39.9",",,C,20,","","","","","","","144.2",",,,C","102",",,,C","","","","","",""
"CA008201500","1955-12","45.35","-61.5","3.0","DICKIE BROOK, NS CA","","","","","10",",C","9",",C","0",",C","","","8",",C","","","","","","","","","","","","","","","127",",,C,09,","12.7",",,C,15,+","","","","","","","67.2",",,,C","560",",,,C","","","","","",""
"CA008201500","1956-01","45.35","-61.5","3.0","DICKIE BROOK, NS CA","","","","","20",",C","16",",C","4",",C","","","5",",C","","","","","","","","","","","","","","","76",",,C,30,+","88.9",",,C,06,","","","","","","","320.3",",,,C","227",",,,C","","","","","",""
"CA008201500","1956-02","45.35","-61.5","3.0","DICKIE BROOK, NS CA","","","","","8",",C","8",",C","3",",C","","","8",",C","","","","","","","","","","","","","","","356",",,C,07,","35.6",",,C,07,","","","","","","","153.4",",,,C","1117",",,,C","","","","","",""
"CA008201500","1956-03","45.35","-61.5","3.0","DICKIE BROOK, NS CA","","","","","13",",C","13",",C","1",",C","","","10",",C","","","","","","","","","","","","","","","229",",,C,16,","30.0",",,C,08,","","","","","","","169.0",",,,C","1018",",,,C","","","","","",""
"CA008201500","1956-04","45.35","-61.5","3.0","DICKIE BROOK, NS CA","","","","","16",",C","13",",C","3",",C","","","2",",C","","","","","","","","","","","","","","","25",",,C,08,+","28.2",",,C,16,","","","","","","","165.7",",,,C","50",",,,C","","","","","",""
"CA008201500","1956-05","45.35","-61.5","3.0","DICKIE BROOK, NS CA","","","","","17",",C","14",",C","2",",C","","","2",",C","","","","","","","","","","","","","","","127",",,C,08,","30.2",",,C,28,","","","","","","","177.3",",,,C","152",",,,C","","","","","",""
"CA008201500","1956-06","45.35","-61.5","3.0","DICKIE BROOK, NS CA","","","","","13",",C","9",",C","0",",C","","","0",",C","","","","","","","","","","","","","","","0",",,C,30,+","22.1",",,C,10,","","","","","","","86.4",",,,C","0",",,,C","","","","","",""
"CA008201500","1956-07","45.35","-61.5","3.0","DICKIE BROOK, NS CA","","","","","12",",C","9",",C","1",",C","","","0",",C","","","","","","","","","","","","","","","0",",,C,31,+","34.5",",,C,02,","","","","","","","132.2",",,,C","0",",,,C","","","","","",""
"CA008201500","1956-08","45.35","-61.5","3.0","DICKIE BROOK, NS CA","","","","","12",",C","10",",C","0",",C","","","0",",C","","","","","","","","","","","","","","","0",",,C,31,+","16.3",",,C,04,","","","","","","","92.0",",,,C","0",",,,C","","","","","",""
"CA008201500","1956-09","45.35","-61.5","3.0","DICKIE BROOK, NS CA","","","","","11",",C","4",",C","0",",C","","","0",",C","","","","","","","","","","","","","","","0",",,C,30,+","8.4",",,C,20,","","","","","","","35.7",",,,C","0",",,,C","","","","","",""
"CA008201500","1956-10","45.35","-61.5","3.0","DICKIE BROOK, NS CA","","","","","11",",C","3",",C","1",",C","","","1",",C","","","","","","","","","","","","","","","25",",,C,11,","43.7",",,C,07,","","","","","","","80.5",",,,C","25",",,,C","","","","","",""
"CA008201500","1956-11","45.35","-61.5","3.0","DICKIE BROOK, NS CA","","","","","15",",C","14",",C","3",",C","","","2",",C","","","","","","","","","","","","","","","51",",,C,30,","48.5",",,C,27,","","","","","","","216.1",",,,C","76",",,,C","","","","","",""
"CA008201500","1956-12","45.35","-61.5","3.0","DICKIE BROOK, NS CA","","","","","15",",C","12",",C","0",",C","","","4",",C","","","","","","","","","","","","","","","127",",,C,09,","16.8",",,C,29,","","","","","","","102.3",",,,C","305",",,,C","","","","","",""
"CA008201500","1957-02","45.35","-61.5","3.0","DICKIE BROOK, NS CA","","","","","10",",C","10",",C","0",",C","","","7",",C","","","","","","","","","","","","","","","178",",,C,15,","24.1",",,C,27,","","","","","","","126.9",",,,C","661",",,,C","","","","","",""
"CA008201500","1957-03","45.35","-61.5","3.0","DICKIE BROOK, NS CA","","","","","13",",C","12",",C","2",",C","","","6",",C","","","","","","","","","","","","","","","102",",,C,03,","32.5",",,C,09,","","","","","","","150.8",",,,C","381",",,,C","","","","","",""
"CA008201500","1957-04","45.35","-61.5","3.0","DICKIE BROOK, NS CA","","","","","8",",C","7",",C","1",",C","","","3",",C","","","","","","","","","","","","","","","25",",,C,13,+","36.8",",,C,06,","","","","","","","105.6",",,,C","75",",,,C","","","","","",""
"CA008201500","1957-05","45.35","-61.5","3.0","DICKIE BROOK, NS CA","","","","","10",",C","6",",C","0",",C","","","2",",C","","","","","","","","","","","","","","","25",",,C,02,+","11.7",",,C,10,","","","","","","","52.0",",,,C","50",",,,C","","","","","",""
"CA008201500","1957-12","45.35","-61.5","3.0","DICKIE BROOK, NS CA","","","","","14",",C","12",",C","0",",C","","","2",",C","","","","","","","","","","","","","","","152",",,C,05,","20.3",",,C,27,","","","","","","","98.0",",,,C","203",",,,C","","","","","",""
"CA008201500","1958-01","45.35","-61.5","3.0","DICKIE BROOK, NS CA","","","","","14",",C","11",",C","2",",C","","","3",",C","","","","","","","","","","","","","","","76",",,C,31,","37.3",",,C,01,","","","","","","","166.4",",,,C","152",",,,C","","","","","",""
"CA008201500","1958-02","45.35","-61.5","3.0","DICKIE BROOK, NS CA","","","","","13",",C","13",",C","1",",C","","","9",",C","","","","","","","","","","","","","","","102",",,C,13,+","46.5",",,C,13,","","","","","","","163.5",",,,C","558",",,,C","","","","","",""
"CA008201500","1958-03","45.35","-61.5","3.0","DICKIE BROOK, NS CA","","","","","12",",C","8",",C","0",",C","","","6",",C","","","","","","","","","","","","","","","203",",,C,15,","20.3",",,C,15,","","","","","","","87.0",",,,C","608",",,,C","","","","","",""
"CA008201500","1958-04","45.35","-61.5","3.0","DICKIE BROOK, NS CA","","","","","8",",C","6",",C","3",",C","","","2",",C","","","","","","","","","","","","","","","102",",,C,02,","61.5",",,C,18,","","","","","","","176.1",",,,C","127",",,,C","","","","","",""
"CA008201500","1958-05","45.35","-61.5","3.0","DICKIE BROOK, NS CA","","","","","14",",C","11",",C","2",",C","","","0",",C","","","","","","","","","","","","","","","0",",,C,31,+","30.2",",,C,08,","","","","","","","154.1",",,,C","0",",,,C","","","","","",""
"CA008201500","1958-06","45.35","-61.5","3.0","DICKIE BROOK, NS CA","","","","","11",",C","7",",C","1",",C","","","0",",C","","","","","","","","","","","","","","","0",",,C,30,+","33.5",",,C,22,","","","","","","","79.7",",,,C","0",",,,C","","","","","",""
"CA008201500","1958-07","45.35","-61.5","3.0","DICKIE BROOK, NS CA","","","","","9",",C","4",",C","1",",C","","","0",",C","","","","","","","","","","","","","","","0",",,C,31,+","61.0",",,C,29,","","","","","","","100.1",",,,C","0",",,,C","","","","","",""
"CA008201500","1958-08","45.35","-61.5","3.0","DICKIE BROOK, NS CA","","","","","14",",C","8",",C","2",",C","","","0",",C","","","","","","","","","","","","","","","0",",,C,31,+","39.9",",,C,04,","","","","","","","147.4",",,,C","0",",,,C","","","","","",""
"CA008201500","1958-09","45.35","-61.5","3.0","DICKIE BROOK, NS CA","","","","","10",",C","6",",C","3",",C","","","0",",C","","","","","","","","","","","","","","","0",",,C,30,+","38.9",",,C,29,","","","","","","","158.1",",,,C","0",",,,C","","","","","",""
"CA008201500","1958-10","45.35","-61.5","3.0","DICKIE BROOK, NS CA","","","","","8",",C","5",",C","0",",C","","","0",",C","","","","","","","","","","","","","","","0",",,C,31,+","15.7",",,C,09,","","","","","","","56.4",",,,C","0",",,,C","","","","","",""
"CA008201500","1958-11","45.35","-61.5","3.0","DICKIE BROOK, NS CA","","","","","16",",C","10",",C","4",",C","","","1",",C","","","","","","","","","","","","","","","25",",,C,30,","91.9",",,C,07,","","","","","","","321.9",",,,C","25",",,,C","","","","","",""
"CA008201500","1958-12","45.35","-61.5","3.0","DICKIE BROOK, NS CA","","","","","10",",C","10",",C","2",",C","","","7",",C","","","","","","","","","","","","","","","203",",,C,12,","50.0",",,C,05,","","","","","","","156.4",",,,C","610",",,,C","","","","","",""
"CA008201500","1959-01","45.35","-61.5","3.0","DICKIE BROOK, NS CA","","","","","11",",C","10",",C","0",",C","","","5",",C","","","","","","","","","","","","","","","152",",,C,05,","24.4",",,C,22,","","","","","","","110.0",",,,C","330",",,,C","","","","","",""
"CA008201500","1959-02","45.35","-61.5","3.0","DICKIE BROOK, NS CA","","","","","6",",C","4",",C","2",",C","","","2",",C","","","","","","","","","","","","","","","254",",,C,15,","35.6",",,C,18,","","","","","","","92.5",",,,C","356",",,,C","","","","","",""
"CA008201500","1959-03","45.35","-61.5","3.0","DICKIE BROOK, NS CA","","","","","9",",C","9",",C","4",",C","","","5",",C","","","","","","","","","","","","","","","152",",,C,13,","47.2",",,C,01,","","","","","","","177.2",",,,C","329",",,,C","","","","","",""
"CA008201500","1959-04","45.35","-61.5","3.0","DICKIE BROOK, NS CA","","","","","9",",C","8",",C","1",",C","","","0",",C","","","","","","","","","","","","","","","0",",,C,30,+","32.0",",,C,05,","","","","","","","120.7",",,,C","0",",,,C","","","","","",""
"CA008201500","1959-05","45.35","-61.5","3.0","DICKIE BROOK, NS CA","","","","","9",",C","5",",C","0",",C","","","0",",C","","","","","","","","","","","","","","","0",",,C,31,+","21.3",",,C,14,","","","","","","","62.1",",,,C","0",",,,C","","","","","",""
"CA008201500","1959-06","45.35","-61.5","3.0","DICKIE BROOK, NS CA","","","","","15",",C","12",",C","2",",C","","","0",",C","","","","","","","","","","","","","","","0",",,C,30,+","33.0",",,C,03,","","","","","","","165.3",",,,C","0",",,,C","","","","","",""
"CA008201500","1959-07","45.35","-61.5","3.0","DICKIE BROOK, NS CA","","","","","9",",C","5",",C","0",",C","","","0",",C","","","","","","","","","","","","","","","0",",,C,31,+","20.3",",,C,07,","","","","","","","58.4",",,,C","0",",,,C","","","","","",""
"CA008201500","1959-08","45.35","-61.5","3.0","DICKIE BROOK, NS CA","","","","","16",",C","14",",C","1",",C","","","0",",C","","","","","","","","","","","","","","","0",",,C,31,+","34.8",",,C,01,","","","","","","","164.7",",,,C","0",",,,C","","","","","",""
"CA008201500","1959-09","45.35","-61.5","3.0","DICKIE BROOK, NS CA","","","","","7",",C","7",",C","1",",C","","","0",",C","","","","","","","","","","","","","","","0",",,C,30,+","26.2",",,C,11,","","","","","","","80.3",",,,C","0",",,,C","","","","","",""
"CA008201500","1959-10","45.35","-61.5","3.0","DICKIE BROOK, NS CA","","","","","11",",C","10",",C","2",",C","","","0",",C","","","","","","","","","","","","","","","0",",,C,31,+","27.9",",,C,07,","","","","","","","129.0",",,,C","0",",,,C","","","","","",""
"CA008201500","1959-11","45.35","-61.5","3.0","DICKIE BROOK, NS CA","","","","","15",",C","13",",C","4",",C","","","0",",C","","","","","","","","","","","","","","","0",",,C,30,+","87.1",",,C,16,","","","","","","","242.0",",,,C","0",",,,C","","","","","",""
"CA008201500","1959-12","45.35","-61.5","3.0","DICKIE BROOK, NS CA","","","","","8",",C","6",",C","1",",C","","","3",",C","","","","","","","","","","","","","","","51",",,C,29,+","32.3",",,C,07,","","","","","","","98.1",",,,C","127",",,,C","","","","","",""
"CA008201500","1960-01","45.35","-61.5","3.0","DICKIE BROOK, NS CA","","","","","15",",C","15",",C","2",",C","","","13",",C","","","","","","","","","","","","","","","127",",,C,19,","28.7",",,C,03,","","","","","","","112.3",",,,C","582",",,,C","","","","","",""
"CA008201500","1960-02","45.35","-61.5","3.0","DICKIE BROOK, NS CA","","","","","9",",C","8",",C","4",",C","","","4",",C","","","","","","","","","","","","","","","279",",,C,03,","40.4",",,C,26,","","","","","","","176.7",",,,C","457",",,,C","","","","","",""
"CA008201500","1960-03","45.35","-61.5","3.0","DICKIE BROOK, NS CA","","","","","13",",C","12",",C","0",",C","","","10",",C","","","","","","","","","","","","","","","127",",,C,19,+","12.7",",,C,31,+","","","","","","","88.4",",,,C","686",",,,C","","","","","",""
"CA008201500","1960-04","45.35","-61.5","3.0","DICKIE BROOK, NS CA","","","","","6",",C","5",",C","0",",C","","","0",",C","","","","","","","","","","","","","","","0",",,C,30,+","22.6",",,C,01,","","","","","","","58.1",",,,C","0",",,,C","","","","","",""
"CA008201500","1960-05","45.35","-61.5","3.0","DICKIE BROOK, NS CA","","","","","9",",C","5",",C","0",",C","","","0",",C","","","","","","","","","","","","","","","0",",,C,31,+","15.2",",,C,14,","","","","","","","40.8",",,,C","0",",,,C","","","","","",""
"CA008201500","1960-06","45.35","-61.5","3.0","DICKIE BROOK, NS CA","","","","","16",",C","12",",C","1",",C","","","0",",C","","","","","","","","","","","","","","","0",",,C,30,+","89.9",",,C,25,","","","","","","","202.2",",,,C","0",",,,C","","","","","",""
"CA008201500","1960-07","45.35","-61.5","3.0","DICKIE BROOK, NS CA","","","","","7",",C","5",",C","2",",C","","","0",",C","","","","","","","","","","","","","","","0",",,C,31,+","32.0",",,C,19,","","","","","","","81.6",",,,C","0",",,,C","","","","","",""
"CA008201500","1960-08","45.35","-61.5","3.0","DICKIE BROOK, NS CA","","","","","8",",C","8",",C","0",",C","","","0",",C","","","","","","","","","","","","","","","0",",,C,31,+","23.9",",,C,08,","","","","","","","88.7",",,,C","0",",,,C","","","","","",""
"CA008201500","1960-09","45.35","-61.5","3.0","DICKIE BROOK, NS CA","","","","","13",",C","8",",C","1",",C","","","0",",C","","","","","","","","","","","","","","","0",",,C,30,+","54.6",",,C,13,","","","","","","","120.8",",,,C","0",",,,C","","","","","",""
"CA008201500","1960-10","45.35","-61.5","3.0","DICKIE BROOK, NS CA","","","","","7",",C","7",",C","1",",C","","","0",",C","","","","","","","","","","","","","","","0",",,C,31,+","27.9",",,C,24,","","","","","","","93.5",",,,C","0",",,,C","","","","","",""
"CA008201500","1960-11","45.35","-61.5","3.0","DICKIE BROOK, NS CA","","","","","12",",C","10",",C","0",",C","","","0",",C","","","","","","","","","","","","","","","0",",,C,30,+","23.1",",,C,10,","","","","","","","96.6",",,,C","0",",,,C","","","","","",""
"CA008201500","1960-12","45.35","-61.5","3.0","DICKIE BROOK, NS CA","","","","","13",",C","11",",C","0",",C","","","6",",C","","","","","","","","","","","","","","","178",",,C,23,","17.8",",,C,23,","","","","","","","111.1",",,,C","558",",,,C","","","","","",""
"CA008201500","1961-01","45.35","-61.5","3.0","DICKIE BROOK, NS CA","","","","","8",",C","6",",C","2",",C","","","4",",C","","","","","","","","","","","","","","","203",",,C,20,+","47.0",",,C,01,","","","","","","","140.6",",,,C","584",",,,C","","","","","",""
"CA008201500","1961-02","45.35","-61.5","3.0","DICKIE BROOK, NS CA","","","","","6","1,C","6","1,C","1","1,C","","","4","1,C","","","","","","","","","","","","","","","102","1,,C,24,","45.7","1,,C,26,","","","","","","","76.2","1,,,C","254","1,,,C","","","","","",""
"CA008201500","1961-03","45.35","-61.5","3.0","DICKIE BROOK, NS CA","","","","","13",",C","13",",C","1",",C","","","11",",C","","","","","","","","","","","","","","","203",",,C,14,+","41.9",",,C,15,","","","","","","","176.5",",,,C","1194",",,,C","","","","","",""
"CA008201500","1961-04","45.35","-61.5","3.0","DICKIE BROOK, NS CA","","","","","15",",C","12",",C","2",",C","","","5",",C","","","","","","","","","","","","","","","51",",,C,30,+","33.0",",,C,11,","","","","","","","140.7",",,,C","203",",,,C","","","","","",""
"CA008201500","1961-05","45.35","-61.5","3.0","DICKIE BROOK, NS CA","","","","","7",",C","7",",C","4",",C","","","0",",C","","","","","","","","","","","","","","","0",",,C,31,+","70.9",",,C,20,","","","","","","","215.2",",,,C","0",",,,C","","","","","",""
"CA008201500","1961-06","45.35","-61.5","3.0","DICKIE BROOK, NS CA","","","","","8",",C","7",",C","0",",C","","","0",",C","","","","","","","","","","","","","","","0",",,C,30,+","15.7",",,C,09,","","","","","","","57.6",",,,C","0",",,,C","","","","","",""
"CA008201500","1961-07","45.35","-61.5","3.0","DICKIE BROOK, NS CA","","","","","10",",C","8",",C","0",",C","","","0",",C","","","","","","","","","","","","","","","0",",,C,31,+","12.2",",,C,03,","","","","","","","63.5",",,,C","0",",,,C","","","","","",""
"CA008201500","1961-08","45.35","-61.5","3.0","DICKIE BROOK, NS CA","","","","","7",",C","4",",C","1",",C","","","0",",C","","","","","","","","","","","","","","","0",",,C,31,+","34.0",",,C,26,","","","","","","","65.5",",,,C","0",",,,C","","","","","",""
"CA008201500","1961-09","45.35","-61.5","3.0","DICKIE BROOK, NS CA","","","","","7",",C","7",",C","1",",C","","","0",",C","","","","","","","","","","","","","","","0",",,C,30,+","41.4",",,C,01,","","","","","","","96.5",",,,C","0",",,,C","","","","","",""
"CA008201500","1961-10","45.35","-61.5","3.0","DICKIE BROOK, NS CA","","","","","10",",C","9",",C","3",",C","","","0",",C","","","","","","","","","","","","","","","0",",,C,31,+","61.7",",,C,20,","","","","","","","234.6",",,,C","0",",,,C","","","","","",""
"CA008201500","1961-11","45.35","-61.5","3.0","DICKIE BROOK, NS CA","","","","","14",",C","10",",C","0",",C","","","0",",C","","","","","","","","","","","","","","","0",",,C,30,+","24.1",",,C,07,","","","","","","","136.8",",,,C","0",",,,C","","","","","",""
"CA008201500","1961-12","45.35","-61.5","3.0","DICKIE BROOK, NS CA","","","","","13",",C","12",",C","3",",C","","","3",",C","","","","","","","","","","","","","","","102",",,C,20,+","47.0",",,C,29,","","","","","","","180.5",",,,C","255",",,,C","","","","","",""
"CA008201500","1962-01","45.35","-61.5","3.0","DICKIE BROOK, NS CA","","","","","16",",C","15",",C","1",",C","","","7",",C","","","","","","","","","","","","","","","102",",,C,02,","25.4",",,C,07,","","","","","","","137.0",",,,C","355",",,,C","","","","","",""
"CA008201500","1962-02","45.35","-61.5","3.0","DICKIE BROOK, NS CA","","","","","13",",C","13",",C","1",",C","","","11",",C","","","","","","","","","","","","","","","254",",,C,20,","25.4",",,C,20,","","","","","","","138.9",",,,C","1168",",,,C","","","","","",""
"CA008201500","1962-03","45.35","-61.5","3.0","DICKIE BROOK, NS CA","","","","","4",",C","4",",C","1",",C","","","4",",C","","","","","","","","","","","","","","","152",",,C,23,","26.2",",,C,23,","","","","","","","45.3",",,,C","305",",,,C","","","","","",""
"CA008201500","1962-04","45.35","-61.5","3.0","DICKIE BROOK, NS CA","","","","","12",",C","10",",C","3",",C","","","4",",C","","","","","","","","","","","","","","","76",",,C,13,","45.2",",,C,08,","","","","","","","153.6",",,,C","151",",,,C","","","","","",""
"CA008201500","1962-05","45.35","-61.5","3.0","DICKIE BROOK, NS CA","","","","","8",",C","7",",C","0",",C","","","1",",C","","","","","","","","","","","","","","","25",",,C,09,","17.0",",,C,24,","","","","","","","46.4",",,,C","25",",,,C","","","","","",""
"CA008201500","1962-06","45.35","-61.5","3.0","DICKIE BROOK, NS CA","","","","","9",",C","4",",C","1",",C","","","0",",C","","","","","","","","","","","","","","","0",",,C,30,+","47.5",",,C,06,","","","","","","","74.1",",,,C","0",",,,C","","","","","",""
"CA008201500","1962-07","45.35","-61.5","3.0","DICKIE BROOK, NS CA","","","","","20",",C","15",",C","2",",C","","","0",",C","","","","","","","","","","","","","","","0",",,C,31,+","38.4",",,C,14,","","","","","","","231.5",",,,C","0",",,,C","","","","","",""
"CA008201500","1962-08","45.35","-61.5","3.0","DICKIE BROOK, NS CA","","","","","12",",C","9",",C","1",",C","","","0",",C","","","","","","","","","","","","","","","0",",,C,31,+","46.5",",,C,10,","","","","","","","154.4",",,,C","0",",,,C","","","","","",""
"CA008201500","1962-09","45.35","-61.5","3.0","DICKIE BROOK, NS CA","","","","","11",",C","10",",C","1",",C","","","0",",C","","","","","","","","","","","","","","","0",",,C,30,+","32.8",",,C,18,","","","","","","","152.5",",,,C","0",",,,C","","","","","",""
"CA008201500","1962-10","45.35","-61.5","3.0","DICKIE BROOK, NS CA","","","","","13",",C","10",",C","2",",C","","","0",",C","","","","","","","","","","","","","","","0",",,C,31,+","39.9",",,C,07,","","","","","","","176.5",",,,C","0",",,,C","","","","","",""
"CA008201500","1962-11","45.35","-61.5","3.0","DICKIE BROOK, NS CA","","","","","17",",C","11",",C","3",",C","","","0",",C","","","","","","","","","","","","","","","0",",,C,30,+","47.0",",,C,10,","","","","","","","207.8",",,,C","0",",,,C","","","","","",""
"CA008201500","1962-12","45.35","-61.5","3.0","DICKIE BROOK, NS CA","","","","","16",",C","16",",C","4",",C","","","11",",C","","","","","","","","","","","","","","","305",",,C,14,","60.7",",,C,09,","","","","","","","245.6",",,,C","863",",,,C","","","","","",""
"CA008201500","1963-01","45.35","-61.5","3.0","DICKIE BROOK, NS CA","","","","","12",",C","11",",C","3",",C","","","4",",C","","","","","","","","","","","","","","","152",",,C,30,+","41.4",",,C,27,","","","","","","","194.2",",,,C","405",",,,C","","","","","",""
"CA008201500","1963-02","45.35","-61.5","3.0","DICKIE BROOK, NS CA","","","","","12",",C","12",",C","1",",C","","","8",",C","","","","","","","","","","","","","","","127",",,C,19,","48.3",",,C,03,","","","","","","","129.9",",,,C","532",",,,C","","","","","",""
"CA008201500","1963-03","45.35","-61.5","3.0","DICKIE BROOK, NS CA","","","","","10",",C","10",",C","0",",C","","","8",",C","","","","","","","","","","","","","","","178",",,C,18,","17.8",",,C,18,","","","","","","","90.2",",,,C","762",",,,C","","","","","",""
"CA008201500","1963-04","45.35","-61.5","3.0","DICKIE BROOK, NS CA","","","","","8",",C","8",",C","0",",C","","","2",",C","","","","","","","","","","","","","","","178",",,C,08,","17.8",",,C,08,","","","","","","","82.5",",,,C","229",",,,C","","","","","",""
"CA008201500","1963-05","45.35","-61.5","3.0","DICKIE BROOK, NS CA","","","","","10",",C","9",",C","1",",C","","","0",",C","","","","","","","","","","","","","","","0",",,C,31,+","33.8",",,C,02,","","","","","","","90.9",",,,C","0",",,,C","","","","","",""
"CA008201500","1963-06","45.35","-61.5","3.0","DICKIE BROOK, NS CA","","","","","10",",C","5",",C","1",",C","","","0",",C","","","","","","","","","","","","","","","0",",,C,30,+","26.4",",,C,21,","","","","","","","69.3",",,,C","0",",,,C","","","","","",""
"CA008201500","1963-07","45.35","-61.5","3.0","DICKIE BROOK, NS CA","","","","","10",",C","9",",C","1",",C","","","0",",C","","","","","","","","","","","","","","","0",",,C,31,+","28.4",",,C,09,","","","","","","","128.1",",,,C","0",",,,C","","","","","",""
"CA008201500","1963-08","45.35","-61.5","3.0","DICKIE BROOK, NS CA","","","","","10",",C","8",",C","1",",C","","","0",",C","","","","","","","","","","","","","","","0",",,C,31,+","105.2",",,C,24,","","","","","","","152.2",",,,C","0",",,,C","","","","","",""
"CA008201500","1963-09","45.35","-61.5","3.0","DICKIE BROOK, NS CA","","","","","9",",C","8",",C","2",",C","","","0",",C","","","","","","","","","","","","","","","0",",,C,30,+","49.3",",,C,29,","","","","","","","159.1",",,,C","0",",,,C","","","","","",""
"CA008201500","1963-10","45.35","-61.5","3.0","DICKIE BROOK, NS CA","","","","","7",",C","3",",C","0",",C","","","0",",C","","","","","","","","","","","","","","","0",",,C,31,+","11.4",",,C,12,","","","","","","","32.5",",,,C","0",",,,C","","","","","",""
"CA008201500","1963-11","45.35","-61.5","3.0","DICKIE BROOK, NS CA","","","","","18",",C","15",",C","2",",C","","","1",",C","","","","","","","","","","","","","","","76",",,C,25,","57.2",",,C,08,","","","","","","","207.3",",,,C","76",",,,C","","","","","",""
"CA008201500","1963-12","45.35","-61.5","3.0","DICKIE BROOK, NS CA","","","","","11",",C","8",",C","2",",C","","","7",",C","","","","","","","","","","","","","","","330",",,C,19,","34.5",",,C,03,","","","","","","","143.1",",,,C","862",",,,C","","","","","",""
"CA008201500","1964-01","45.35","-61.5","3.0","DICKIE BROOK, NS CA","","","","","15",",C","14",",C","3",",C","","","9",",C","","","","","","","","","","","","","","","152",",,C,28,","41.9",",,C,25,","","","","","","","227.9",",,,C","737",",,,C","","","","","",""
"CA008201500","1964-02","45.35","-61.5","3.0","DICKIE BROOK, NS CA","","","","","11",",C","11",",C","1",",C","","","7",",C","","","","","","","","","","","","","","","254",",,C,16,","25.4",",,C,16,","","","","","","","137.0",",,,C","913",",,,C","","","","","",""
"CA008201500","1964-03","45.35","-61.5","3.0","DICKIE BROOK, NS CA","","","","","13",",C","13",",C","0",",C","","","10",",C","","","","","","","","","","","","","","","127",",,C,31,","17.8",",,C,05,","","","","","","","100.2",",,,C","583",",,,C","","","","","",""
"CA008201500","1964-04","45.35","-61.5","3.0","DICKIE BROOK, NS CA","","","","","9",",C","7",",C","1",",C","","","2",",C","","","","","","","","","","","","","","","76",",,C,17,","29.2",",,C,08,","","","","","","","85.8",",,,C","101",",,,C","","","","","",""
"CA008201500","1964-05","45.35","-61.5","3.0","DICKIE BROOK, NS CA","","","","","9",",C","7",",C","1",",C","","","0",",C","","","","","","","","","","","","","","","0",",,C,31,+","43.7",",,C,14,","","","","","","","85.0",",,,C","0",",,,C","","","","","",""
"CA008201500","1964-06","45.35","-61.5","3.0","DICKIE BROOK, NS CA","","","","","13",",C","9",",C","1",",C","","","0",",C","","","","","","","","","","","","","","","0",",,C,30,+","35.3",",,C,12,","","","","","","","92.9",",,,C","0",",,,C","","","","","",""
"CA008201500","1964-07","45.35","-61.5","3.0","DICKIE BROOK, NS CA","","","","","12",",C","10",",C","3",",C","","","0",",C","","","","","","","","","","","","","","","0",",,C,31,+","63.8",",,C,22,","","","","","","","222.3",",,,C","0",",,,C","","","","","",""
"CA008201500","1964-08","45.35","-61.5","3.0","DICKIE BROOK, NS CA","","","","","8","2,C","6","2,C","1","2,C","","","0",",C","","","","","","","","","","","","","","","0",",,C,31,+","34.3","2,,C,09,","","","","","","","135.2",",a,,C","0",",,,C","","","","","",""
"CA008201500","1964-09","45.35","-61.5","3.0","DICKIE BROOK, NS CA","","","","","11",",C","9",",C","1",",C","","","0",",C","","","","","","","","","","","","","","","0",",,C,30,+","88.9",",,C,14,","","","","","","","146.6",",,,C","0",",,,C","","","","","",""
"CA008201500","1964-10","45.35","-61.5","3.0","DICKIE BROOK, NS CA","","","","","15","2,C","11","2,C","1","2,C","","","0",",C","","","","","","","","","","","","","","","0",",,C,31,+","41.1","2,,C,18,","","","","","","","153.1",",a,,C","0",",,,C","","","","","",""
"CA008201500","1964-11","45.35","-61.5","3.0","DICKIE BROOK, NS CA","","","","","13",",C","11",",C","0",",C","","","5",",C","","","","","","","","","","","","","","","76",",,C,17,","22.6",",,C,26,","","","","","","","76.5",",,,C","228",",,,C","","","","","",""
"CA008201500","1964-12","45.35","-61.5","3.0","DICKIE BROOK, NS CA","","","","","17",",C","16",",C","2",",C","","","8",",C","","","","","","","","","","","","","","","203",",,C,21,","50.0",",,C,29,","","","","","","","263.1",",,,C","686",",,,C","","","","","",""
"CA008201500","1965-01","45.35","-61.5","3.0","DICKIE BROOK, NS CA","","","","","13",",C","12",",C","0",",C","","","11",",C","","","","","","","","","","","","","","","152",",,C,25,","15.2",",,C,25,","","","","","","","82.5",",,,C","683",",,,C","","","","","",""
"CA008201500","1965-02","45.35","-61.5","3.0","DICKIE BROOK, NS CA","","","","","12",",C","11",",C","2",",C","","","8",",C","","","","","","","","","","","","","","","152",",,C,22,+","38.1",",,C,25,","","","","","","","149.2",",,,C","583",",,,C","","","","","",""
"CA008201500","1965-03","45.35","-61.5","3.0","DICKIE BROOK, NS CA","","","","","13",",C","11",",C","0",",C","","","7",",C","","","","","","","","","","","","","","","76",",,C,20,","8.9",",,C,26,","","","","","","","54.5",",,,C","252",",,,C","","","","","",""
"CA008201500","1965-04","45.35","-61.5","3.0","DICKIE BROOK, NS CA","","","","","13",",C","10",",C","0",",C","","","4",",C","","","","","","","","","","","","","","","76",",,C,03,","21.1",",,C,16,","","","","","","","80.0",",,,C","151",",,,C","","","","","",""
"CA008201500","1965-05","45.35","-61.5","3.0","DICKIE BROOK, NS CA","","","","","12",",C","8",",C","0",",C","","","0",",C","","","","","","","","","","","","","","","0",",,C,31,+","8.9",",,C,27,","","","","","","","45.1",",,,C","0",",,,C","","","","","",""
"CA008201500","1965-06","45.35","-61.5","3.0","DICKIE BROOK, NS CA","","","","","7",",C","6",",C","1",",C","","","0",",C","","","","","","","","","","","","","","","0",",,C,30,+","38.1",",,C,13,","","","","","","","81.8",",,,C","0",",,,C","","","","","",""
"CA008201500","1965-07","45.35","-61.5","3.0","DICKIE BROOK, NS CA","","","","","7","3,C","5","3,C","0","3,C","","","0",",C","","","","","","","","","","","","","","","0",",,C,31,+","19.1","3,,C,24,","","","","","","","87.1",",a,,C","0",",,,C","","","","","",""
"CA008201500","1965-08","45.35","-61.5","3.0","DICKIE BROOK, NS CA","","","","","12","2,C","9","2,C","1","2,C","","","0",",C","","","","","","","","","","","","","","","0",",,C,31,+","89.4","2,,C,20,","","","","","","","191.5",",a,,C","0",",,,C","","","","","",""
"CA008201500","1965-09","45.35","-61.5","3.0","DICKIE BROOK, NS CA","","","","","8",",C","5",",C","0",",C","","","0",",C","","","","","","","","","","","","","","","0",",,C,30,+","10.9",",,C,24,","","","","","","","29.2",",,,C","0",",,,C","","","","","",""
"CA008201500","1965-10","45.35","-61.5","3.0","DICKIE BROOK, NS CA","","","","","13",",C","10",",C","0",",C","","","2",",C","","","","","","","","","","","","","","","25",",,C,29,+","20.3",",,C,01,","","","","","","","90.4",",,,C","50",",,,C","","","","","",""
"CA008201500","1965-11","45.35","-61.5","3.0","DICKIE BROOK, NS CA","","","","","14",",C","11",",C","2",",C","","","0",",C","","","","","","","","","","","","","","","0",",,C,30,+","38.1",",,C,13,","","","","","","","164.7",",,,C","0",",,,C","","","","","",""
"CA008201500","1965-12","45.35","-61.5","3.0","DICKIE BROOK, NS CA","","","","","11","4,C","10","4,C","1","4,C","","","7",",C","","","","","","","","","","","","","","","102",",,C,13,","35.6","4,,C,04,","","","","","","","92.8",",a,,C","432",",a,,C","","","","","",""
"CA008201500","1966-01","45.35","-61.5","3.0","DICKIE BROOK, NS CA","","","","","12",",C","11",",C","1",",C","","","8",",C","","","","","","","","","","","","","","","127",",,C,06,","31.8",",,C,30,","","","","","","","92.6",",,,C","481",",,,C","","","","","",""
"CA008201500","1966-02","45.35","-61.5","3.0","DICKIE BROOK, NS CA","","","","","5","2,C","4","2,C","1","2,C","","","3",",C","","","","","","","","","","","","","","","203",",,C,25,","27.9","2,,C,13,","","","","","","","64.7",",a,,C","355",",a,,C","","","","","",""
"CA008201500","1966-03","45.35","-61.5","3.0","DICKIE BROOK, NS CA","","","","","12",",C","12",",C","1",",C","","","3",",C","","","","","","","","","","","","","","","51",",,C,15,","47.0",",,C,01,","","","","","","","135.8",",,,C","101",",,,C","","","","","",""
"CA008201500","1966-04","45.35","-61.5","3.0","DICKIE BROOK, NS CA","","","","","4",",C","3",",C","0",",C","","","1",",C","","","","","","","","","","","","","","","51",",,C,09,","9.7",",,C,25,","","","","","","","18.6",",,,C","51",",,,C","","","","","",""
"CA008201500","1966-05","45.35","-61.5","3.0","DICKIE BROOK, NS CA","","","","","14",",C","10",",C","0",",C","","","2",",C","","","","","","","","","","","","","","","51",",,C,08,","15.2",",,C,28,","","","","","","","72.4",",,,C","76",",,,C","","","","","",""
"CA008201500","1966-06","45.35","-61.5","3.0","DICKIE BROOK, NS CA","","","","","11","2,C","10","2,C","0","2,C","","","0",",C","","","","","","","","","","","","","","","0",",,C,30,+","19.1","2,,C,10,","","","","","","","101.0",",a,,C","0",",,,C","","","","","",""
"CA008201500","1966-07","45.35","-61.5","3.0","DICKIE BROOK, NS CA","","","","","11",",C","7",",C","0",",C","","","0",",C","","","","","","","","","","","","","","","0",",,C,31,+","19.1",",,C,26,","","","","","","","88.1",",,,C","0",",,,C","","","","","",""
"CA008201500","1966-08","45.35","-61.5","3.0","DICKIE BROOK, NS CA","","","","","7",",C","5",",C","0",",C","","","0",",C","","","","","","","","","","","","","","","0",",,C,31,+","24.9",",,C,17,","","","","","","","64.6",",,,C","0",",,,C","","","","","",""
"CA008201500","1966-09","45.35","-61.5","3.0","DICKIE BROOK, NS CA","","","","","7",",C","6",",C","2",",C","","","0",",C","","","","","","","","","","","","","","","0",",,C,30,+","34.3",",,C,05,","","","","","","","109.4",",,,C","0",",,,C","","","","","",""
"CA008201500","1966-10","45.35","-61.5","3.0","DICKIE BROOK, NS CA","","","","","8",",C","7",",C","4",",C","","","0",",C","","","","","","","","","","","","","","","0",",,C,31,+","55.1",",,C,20,","","","","","","","210.9",",,,C","0",",,,C","","","","","",""
"CA008201500","1966-11","45.35","-61.5","3.0","DICKIE BROOK, NS CA","","","","","","","","","","","","","1",",C","","","","","","","","","","","","","","","51",",,C,17,","","","","","","","","","42.7","1,a,,C","51",",,,C","","","","","",""
"CA008201500","1966-12","45.35","-61.5","3.0","DICKIE BROOK, NS CA","","","","","14",",C","13",",C","2",",C","","","5",",C","","","","","","","","","","","","","","","152",",,C,19,","45.2",",,C,25,","","","","","","","177.8",",,,C","278",",,,C","","","","","",""
"CA008201500","1967-01","45.35","-61.5","3.0","DICKIE BROOK, NS CA","","","","","19",",C","18",",C","0",",C","","","11",",C","","","","","","","","","","","","","","","152",",,C,04,","18.3",",,C,28,","","","","","","","105.0",",,,C","582",",,,C","","","","","",""
"CA008201500","1967-02","45.35","-61.5","3.0","DICKIE BROOK, NS CA","","","","","11",",C","10",",C","0",",C","","","6",",C","","","","","","","","","","","","","","","127",",,C,21,+","20.3",",,C,28,","","","","","","","93.5",",,,C","533",",,,C","","","","","",""
"CA008201500","1967-03","45.35","-61.5","3.0","DICKIE BROOK, NS CA","","","","","14",",C","14",",C","1",",C","","","12",",C","","","","","","","","","","","","","","","203",",,C,18,","40.1",",,C,14,","","","","","","","154.1",",,,C","963",",,,C","","","","","",""
"CA008201500","1967-04","45.35","-61.5","3.0","DICKIE BROOK, NS CA","","","","","9",",C","9",",C","0",",C","","","4",",C","","","","","","","","","","","","","","","127",",,C,29,","16.5",",,C,30,+","","","","","","","65.9",",,,C","228",",,,C","","","","","",""
"CA008201500","1967-05","45.35","-61.5","3.0","DICKIE BROOK, NS CA","","","","","17",",C","12",",C","4",",C","","","0",",C","","","","","","","","","","","","","","","0",",,C,31,+","80.0",",,C,26,","","","","","","","267.1",",,,C","0",",,,C","","","","","",""
"CA008201500","1967-06","45.35","-61.5","3.0","DICKIE BROOK, NS CA","","","","","10",",C","5",",C","0",",C","","","0",",C","","","","","","","","","","","","","","","0",",,C,30,+","17.3",",,C,21,","","","","","","","57.6",",,,C","0",",,,C","","","","","",""
"CA008201500","1967-07","45.35","-61.5","3.0","DICKIE BROOK, NS CA","","","","","12",",C","10",",C","0",",C","","","0",",C","","","","","","","","","","","","","","","0",",,C,31,+","19.6",",,C,31,","","","","","","","110.0",",,,C","0",",,,C","","","","","",""
"CA008201500","1967-08","45.35","-61.5","3.0","DICKIE BROOK, NS CA","","","","","12",",C","7",",C","1",",C","","","0",",C","","","","","","","","","","","","","","","0",",,C,31,+","30.5",",,C,12,","","","","","","","89.5",",,,C","0",",,,C","","","","","",""
"CA008201500","1967-09","45.35","-61.5","3.0","DICKIE BROOK, NS CA","","","","","10",",C","10",",C","1",",C","","","0",",C","","","","","","","","","","","","","","","0",",,C,30,+","25.4",",,C,02,","","","","","","","108.8",",,,C","0",",,,C","","","","","",""
"CA008201500","1967-10","45.35","-61.5","3.0","DICKIE BROOK, NS CA","","","","","15",",C","10",",C","1",",C","","","0",",C","","","","","","","","","","","","","","","0",",,C,31,+","63.0",",,C,10,","","","","","","","171.7",",,,C","0",",,,C","","","","","",""
"CA008201500","1967-11","45.35","-61.5","3.0","DICKIE BROOK, NS CA","","","","","19",",C","11",",C","1",",C","","","5",",C","","","","","","","","","","","","","","","51",",,C,28,+","55.6",",,C,23,","","","","","","","172.2",",,,C","203",",,,C","","","","","",""
"CA008201500","1967-12","45.35","-61.5","3.0","DICKIE BROOK, NS CA","","","","","10","1,C","9","1,C","2","1,C","","","4","1,C","","","","","","","","","","","","","","","51","1,,C,17,","58.9","1,,C,29,","","","","","","","172.6","1,,,C","126","1,,,C","","","","","",""
"CA008201500","1968-01","45.35","-61.5","3.0","DICKIE BROOK, NS CA","","","","","9",",C","8",",C","2",",C","","","7",",C","","","","","","","","","","","","","","","254",",,C,04,","29.5",",,C,16,","","","","","","","133.4",",,,C","660",",,,C","","","","","",""
"CA008201500","1968-02","45.35","-61.5","3.0","DICKIE BROOK, NS CA","","","","","11",",C","10",",C","0",",C","","","9",",C","","","","","","","","","","","","","","","76",",,C,17,+","21.6",",,C,29,","","","","","","","93.9",",,,C","405",",,,C","","","","","",""
"CA008201500","1968-03","45.35","-61.5","3.0","DICKIE BROOK, NS CA","","","","","10",",C","8",",C","2",",C","","","4",",C","","","","","","","","","","","","","","","25",",,C,24,+","34.8",",,C,13,","","","","","","","95.1",",,,C","100",",,,C","","","","","",""
"CA008201500","1968-04","45.35","-61.5","3.0","DICKIE BROOK, NS CA","","","","","15",",C","14",",C","0",",C","","","0",",C","","","","","","","","","","","","","","","0",",,C,30,+","21.6",",,C,15,","","","","","","","97.0",",,,C","0",",,,C","","","","","",""
"CA008201500","1968-05","45.35","-61.5","3.0","DICKIE BROOK, NS CA","","","","","8","2,C","8","2,C","1","2,C","","","0",",C","","","","","","","","","","","","","","","0",",,C,31,+","30.5","2,,C,05,","","","","","","","99.9",",a,,C","0",",,,C","","","","","",""
"CA008201500","1968-06","45.35","-61.5","3.0","DICKIE BROOK, NS CA","","","","","12",",C","9",",C","0",",C","","","0",",C","","","","","","","","","","","","","","","0",",,C,30,+","18.5",",,C,17,","","","","","","","110.3",",,,C","0",",,,C","","","","","",""
"CA008201500","1968-07","45.35","-61.5","3.0","DICKIE BROOK, NS CA","","","","","7",",C","2",",C","0",",C","","","0",",C","","","","","","","","","","","","","","","0",",,C,31,+","9.7",",,C,04,","","","","","","","17.9",",,,C","0",",,,C","","","","","",""
"CA008201500","1968-08","45.35","-61.5","3.0","DICKIE BROOK, NS CA","","","","","14",",C","10",",C","2",",C","","","0",",C","","","","","","","","","","","","","","","0",",,C,31,+","90.2",",,C,30,","","","","","","","228.2",",,,C","0",",,,C","","","","","",""
"CA008201500","1968-09","45.35","-61.5","3.0","DICKIE BROOK, NS CA","","","","","8",",C","4",",C","0",",C","","","0",",C","","","","","","","","","","","","","","","0",",,C,30,+","17.8",",,C,11,","","","","","","","37.0",",,,C","0",",,,C","","","","","",""
"CA008201500","1968-10","45.35","-61.5","3.0","DICKIE BROOK, NS CA","","","","","7",",C","7",",C","1",",C","","","0",",C","","","","","","","","","","","","","","","0",",,C,31,+","28.2",",,C,21,","","","","","","","74.0",",,,C","0",",,,C","","","","","",""
"CA008201500","1968-11","45.35","-61.5","3.0","DICKIE BROOK, NS CA","","","","","15",",C","13",",C","6",",C","","","1",",C","","","","","","","","","","","","","","","25",",,C,29,","64.3",",,C,25,","","","","","","","329.5",",,,C","25",",,,C","","","","","",""
"CA008201500","1968-12","45.35","-61.5","3.0","DICKIE BROOK, NS CA","","","","","12",",C","11",",C","4",",C","","","3",",C","","","","","","","","","","","","","","","203",",,C,08,","53.3",",,C,23,","","","","","","","214.2",",,,C","305",",,,C","","","","","",""
"CA008201500","1969-01","45.35","-61.5","3.0","DICKIE BROOK, NS CA","","","","","11",",C","9",",C","2",",C","","","5",",C","","","","","","","","","","","","","","","127",",,C,01,","55.9",",,C,07,","","","","","","","174.4",",,,C","356",",,,C","","","","","",""
"CA008201500","1969-02","45.35","-61.5","3.0","DICKIE BROOK, NS CA","","","","","7",",C","5",",C","1",",C","","","3",",C","","","","","","","","","","","","","","","76",",,C,26,","27.9",",,C,03,","","","","","","","82.2",",,,C","126",",,,C","","","","","",""
"CA008201500","1969-03","45.35","-61.5","3.0","DICKIE BROOK, NS CA","","","","","8",",C","4",",C","2",",C","","","1",",C","","","","","","","","","","","","","","","76",",,C,03,","29.2",",,C,25,","","","","","","","92.8",",,,C","76",",,,C","","","","","",""
"CA008201500","1969-04","45.35","-61.5","3.0","DICKIE BROOK, NS CA","","","","","13",",C","11",",C","2",",C","","","1",",C","","","","","","","","","","","","","","","25",",,C,01,","44.5",",,C,30,","","","","","","","174.5",",,,C","25",",,,C","","","","","",""
"CA008201500","1969-05","45.35","-61.5","3.0","DICKIE BROOK, NS CA","","","","","10",",C","8",",C","0",",C","","","0",",C","","","","","","","","","","","","","","","0",",,C,31,+","16.3",",,C,22,","","","","","","","60.6",",,,C","0",",,,C","","","","","",""
"CA008201500","1969-06","45.35","-61.5","3.0","DICKIE BROOK, NS CA","","","","","9",",C","9",",C","0",",C","","","0",",C","","","","","","","","","","","","","","","0",",,C,30,+","24.1",",,C,04,","","","","","","","114.5",",,,C","0",",,,C","","","","","",""
"CA008201500","1969-07","45.35","-61.5","3.0","DICKIE BROOK, NS CA","","","","","7",",C","5",",C","1",",C","","","0",",C","","","","","","","","","","","","","","","0",",,C,31,+","65.3",",,C,13,","","","","","","","106.7",",,,C","0",",,,C","","","","","",""
"CA008201500","1969-08","45.35","-61.5","3.0","DICKIE BROOK, NS CA","","","","","9",",C","5",",C","1",",C","","","0",",C","","","","","","","","","","","","","","","0",",,C,31,+","28.4",",,C,06,","","","","","","","71.5",",,,C","0",",,,C","","","","","",""
"CA008201500","1969-09","45.35","-61.5","3.0","DICKIE BROOK, NS CA","","","","","7",",C","6",",C","1",",C","","","0",",C","","","","","","","","","","","","","","","0",",,C,30,+","45.7",",,C,27,","","","","","","","97.7",",,,C","0",",,,C","","","","","",""
"CA008201500","1969-10","45.35","-61.5","3.0","DICKIE BROOK, NS CA","","","","","8",",C","5",",C","1",",C","","","0",",C","","","","","","","","","","","","","","","0",",,C,31,+","40.6",",,C,03,","","","","","","","96.5",",,,C","0",",,,C","","","","","",""
"CA008201500","1969-11","45.35","-61.5","3.0","DICKIE BROOK, NS CA","","","","","17",",C","17",",C","7",",C","","","0",",C","","","","","","","","","","","","","","","0",",,C,30,+","113.0",",,C,09,","","","","","","","500.8",",,,C","0",",,,C","","","","","",""
"CA008201500","1969-12","45.35","-61.5","3.0","DICKIE BROOK, NS CA","","","","","14",",C","13",",C","2",",C","","","3",",C","","","","","","","","","","","","","","","102",",,C,24,","34.3",",,C,03,","","","","","","","178.1",",,,C","178",",,,C","","","","","",""
"CA008201500","1970-01","45.35","-61.5","3.0","DICKIE BROOK, NS CA","","","","","7",",C","7",",C","0",",C","","","7",",C","","","","","","","","","","","","","","","102",",,C,13,","10.2",",,C,13,","","","","","","","30.3",",,,C","278",",,,C","","","","","",""
"CA008201500","1970-02","45.35","-61.5","3.0","DICKIE BROOK, NS CA","","","","","7",",C","5",",C","0",",C","","","3",",C","","","","","","","","","","","","","","","76",",,C,06,","18.3",",,C,15,","","","","","","","53.0",",,,C","178",",,,C","","","","","",""
"CA008201500","1970-03","45.35","-61.5","3.0","DICKIE BROOK, NS CA","","","","","7",",C","7",",C","1",",C","","","5",",C","","","","","","","","","","","","","","","102",",,C,16,+","25.4",",,C,23,","","","","","","","73.2",",,,C","305",",,,C","","","","","",""
"CA008201500","1970-04","45.35","-61.5","3.0","DICKIE BROOK, NS CA","","","","","5",",C","4",",C","1",",C","","","0",",C","","","","","","","","","","","","","","","0",",T,C,19,","53.3",",,C,02,","","","","","","","75.4",",,,C","0",",T,,C","","","","","",""
"CA008201500","1970-05","45.35","-61.5","3.0","DICKIE BROOK, NS CA","","","","","14",",C","10",",C","1",",C","","","0",",C","","","","","","","","","","","","","","","0",",,C,31,+","27.9",",,C,13,","","","","","","","113.4",",,,C","0",",,,C","","","","","",""
"CA008201500","1970-06","45.35","-61.5","3.0","DICKIE BROOK, NS CA","","","","","10",",C","9",",C","3",",C","","","0",",C","","","","","","","","","","","","","","","0",",,C,30,+","44.5",",,C,27,","","","","","","","143.7",",,,C","0",",,,C","","","","","",""
"CA008201500","1970-07","45.35","-61.5","3.0","DICKIE BROOK, NS CA","","","","","7",",C","7",",C","1",",C","","","0",",C","","","","","","","","","","","","","","","0",",,C,31,+","39.4",",,C,01,","","","","","","","91.4",",,,C","0",",,,C","","","","","",""
"CA008201500","1970-08","45.35","-61.5","3.0","DICKIE BROOK, NS CA","","","","","14",",C","11",",C","2",",C","","","0",",C","","","","","","","","","","","","","","","0",",,C,31,+","47.8",",,C,12,","","","","","","","166.6",",,,C","0",",,,C","","","","","",""
"CA008201500","1970-09","45.35","-61.5","3.0","DICKIE BROOK, NS CA","","","","","10",",C","10",",C","1",",C","","","0",",C","","","","","","","","","","","","","","","0",",,C,30,+","45.7",",,C,04,","","","","","","","96.2",",,,C","0",",,,C","","","","","",""
"CA008201500","1970-10","45.35","-61.5","3.0","DICKIE BROOK, NS CA","","","","","5",",C","4",",C","4",",C","","","0",",C","","","","","","","","","","","","","","","0",",,C,31,+","48.3",",,C,24,","","","","","","","159.0",",,,C","0",",,,C","","","","","",""
"CA008201500","1970-11","45.35","-61.5","3.0","DICKIE BROOK, NS CA","","","","","9",",C","7",",C","2",",C","","","0",",C","","","","","","","","","","","","","","","0",",,C,30,+","42.4",",,C,23,","","","","","","","144.3",",,,C","0",",,,C","","","","","",""
"CA008201500","1970-12","45.35","-61.5","3.0","DICKIE BROOK, NS CA","","","","","14",",C","13",",C","2",",C","","","12",",C","","","","","","","","","","","","","","","305",",,C,24,","30.5",",,C,24,","","","","","","","144.0",",,,C","1041",",,,C","","","","","",""
"CA008201500","1971-01","45.35","-61.5","3.0","DICKIE BROOK, NS CA","","","","","13",",C","13",",C","1",",C","","","11",",C","","","","","","","","","","","","","","","254",",,C,23,","25.4",",,C,23,","","","","","","","97.7",",,,C","634",",,,C","","","","","",""
"CA008201500","1971-02","45.35","-61.5","3.0","DICKIE BROOK, NS CA","","","","","11",",C","11",",C","2",",C","","","7",",C","","","","","","","","","","","","","","","102",",,C,24,","40.6",",,C,08,","","","","","","","158.2",",,,C","382",",,,C","","","","","",""
"CA008201500","1971-03","45.35","-61.5","3.0","DICKIE BROOK, NS CA","","","","","10",",C","9",",C","2",",C","","","4",",C","","","","","","","","","","","","","","","203",",,C,27,","47.8",",,C,31,","","","","","","","183.2",",,,C","406",",,,C","","","","","",""
"CA008201500","1971-04","45.35","-61.5","3.0","DICKIE BROOK, NS CA","","","","","14",",C","12",",C","1",",C","","","1",",C","","","","","","","","","","","","","","","51",",,C,17,","31.8",",,C,17,","","","","","","","141.7",",,,C","51",",,,C","","","","","",""
"CA008201500","1971-05","45.35","-61.5","3.0","DICKIE BROOK, NS CA","","","","","11",",C","9",",C","1",",C","","","0",",C","","","","","","","","","","","","","","","0",",,C,31,+","26.4",",,C,23,","","","","","","","111.8",",,,C","0",",,,C","","","","","",""
"CA008201500","1971-06","45.35","-61.5","3.0","DICKIE BROOK, NS CA","","","","","10",",C","8",",C","0",",C","","","0",",C","","","","","","","","","","","","","","","0",",,C,30,+","10.2",",,C,09,","","","","","","","50.9",",,,C","0",",,,C","","","","","",""
"CA008201500","1971-07","45.35","-61.5","3.0","DICKIE BROOK, NS CA","","","","","8",",C","6",",C","1",",C","","","0",",C","","","","","","","","","","","","","","","0",",,C,31,+","74.2",",,C,19,","","","","","","","121.9",",,,C","0",",,,C","","","","","",""
"CA008201500","1971-08","45.35","-61.5","3.0","DICKIE BROOK, NS CA","","","","","9",",C","9",",C","2",",C","","","0",",C","","","","","","","","","","","","","","","0",",,C,31,+","52.3",",,C,15,","","","","","","","180.0",",,,C","0",",,,C","","","","","",""
"CA008201500","1971-09","45.35","-61.5","3.0","DICKIE BROOK, NS CA","","","","","5",",C","3",",C","1",",C","","","0",",C","","","","","","","","","","","","","","","0",",,C,30,+","62.2",",,C,15,","","","","","","","82.0",",,,C","0",",,,C","","","","","",""
"CA008201500","1971-10","45.35","-61.5","3.0","DICKIE BROOK, NS CA","","","","","7",",C","5",",C","1",",C","","","0",",C","","","","","","","","","","","","","","","0",",,C,31,+","33.0",",,C,10,","","","","","","","72.6",",,,C","0",",,,C","","","","","",""
"CA008201500","1971-11","45.35","-61.5","3.0","DICKIE BROOK, NS CA","","","","","16",",C","15",",C","4",",C","","","2",",C","","","","","","","","","","","","","","","51",",,C,15,","51.8",",,C,30,","","","","","","","274.4",",,,C","76",",,,C","","","","","",""
"CA008201500","1971-12","45.35","-61.5","3.0","DICKIE BROOK, NS CA","","","","","20",",C","20",",C","1",",C","","","12",",C","","","","","","","","","","","","","","","76",",,C,30,+","33.0",",,C,24,","","","","","","","150.3",",,,C","531",",,,C","","","","","",""
"CA008201500","1972-01","45.35","-61.5","3.0","DICKIE BROOK, NS CA","","","","","14",",C","13",",C","1",",C","","","7",",C","","","","","","","","","","","","","","","127",",,C,04,","27.9",",,C,02,","","","","","","","131.5",",,,C","483",",,,C","","","","","",""
"CA008201500","1972-02","45.35","-61.5","3.0","DICKIE BROOK, NS CA","","","","","9",",C","9",",C","1",",C","","","5",",C","","","","","","","","","","","","","","","203",",,C,26,","33.0",",,C,14,","","","","","","","125.0",",,,C","457",",,,C","","","","","",""
"CA008201500","1972-03","45.35","-61.5","3.0","DICKIE BROOK, NS CA","","","","","12",",C","11",",C","1",",C","","","5",",C","","","","","","","","","","","","","","","76",",,C,27,+","39.4",",,C,24,","","","","","","","118.4",",,,C","253",",,,C","","","","","",""
"CA008201500","1972-04","45.35","-61.5","3.0","DICKIE BROOK, NS CA","","","","","12",",C","12",",C","0",",C","","","8",",C","","","","","","","","","","","","","","","203",",,C,08,","20.3",",,C,08,","","","","","","","100.7",",,,C","687",",,,C","","","","","",""
"CA008201500","1972-05","45.35","-61.5","3.0","DICKIE BROOK, NS CA","","","","","10",",C","9",",C","1",",C","","","1",",C","","","","","","","","","","","","","","","25",",,C,09,","59.7",",,C,16,","","","","","","","184.9",",,,C","38",",,,C","","","","","",""
"CA008201500","1972-06","45.35","-61.5","3.0","DICKIE BROOK, NS CA","","","","","8",",C","7",",C","1",",C","","","0",",C","","","","","","","","","","","","","","","0",",,C,30,+","29.2",",,C,26,","","","","","","","98.0",",,,C","0",",,,C","","","","","",""
"CA008201500","1972-07","45.35","-61.5","3.0","DICKIE BROOK, NS CA","","","","","11",",C","7",",C","0",",C","","","0",",C","","","","","","","","","","","","","","","0",",,C,31,+","8.9",",,C,04,+","","","","","","","46.7",",,,C","0",",,,C","","","","","",""
"CA008201500","1972-08","45.35","-61.5","3.0","DICKIE BROOK, NS CA","","","","","8",",C","6",",C","0",",C","","","0",",C","","","","","","","","","","","","","","","0",",,C,31,+","22.9",",,C,08,+","","","","","","","94.4",",,,C","0",",,,C","","","","","",""
"CA008201500","1972-09","45.35","-61.5","3.0","DICKIE BROOK, NS CA","","","","","5",",C","5",",C","0",",C","","","0",",C","","","","","","","","","","","","","","","0",",,C,30,+","19.8",",,C,09,","","","","","","","64.7",",,,C","0",",,,C","","","","","",""
"CA008201500","1972-10","45.35","-61.5","3.0","DICKIE BROOK, NS CA","","","","","13",",C","12",",C","5",",C","","","1",",C","","","","","","","","","","","","","","","76",",,C,18,","43.2",",,C,17,","","","","","","","244.9",",,,C","76",",,,C","","","","","",""
"CA008201500","1972-11","45.35","-61.5","3.0","DICKIE BROOK, NS CA","","","","","10",",C","9",",C","4",",C","","","1",",C","","","","","","","","","","","","","","","51",",,C,14,","55.9",",,C,26,","","","","","","","246.4",",,,C","51",",,,C","","","","","",""
"CA008201500","1972-12","45.35","-61.5","3.0","DICKIE BROOK, NS CA","","","","","14",",C","14",",C","2",",C","","","8",",C","","","","","","","","","","","","","","","76",",,C,19,","49.5",",,C,02,","","","","","","","174.1",",,,C","433",",,,C","","","","","",""
"CA008201500","1973-01","45.35","-61.5","3.0","DICKIE BROOK, NS CA","","","","","6",",C","6",",C","1",",C","","","3",",C","","","","","","","","","","","","","","","127",",,C,04,","41.9",",,C,23,","","","","","","","115.6",",,,C","229",",,,C","","","","","",""
"CA008201500","1973-02","45.35","-61.5","3.0","DICKIE BROOK, NS CA","","","","","8",",C","8",",C","3",",C","","","4",",C","","","","","","","","","","","","","","","305",",,C,11,","44.5",",,C,03,","","","","","","","179.7",",,,C","686",",,,C","","","","","",""
"CA008201500","1973-03","45.35","-61.5","3.0","DICKIE BROOK, NS CA","","","","","8",",C","8",",C","1",",C","","","3",",C","","","","","","","","","","","","","","","102",",,C,01,","31.8",",,C,26,","","","","","","","100.4",",,,C","229",",,,C","","","","","",""
"CA008201500","1973-04","45.35","-61.5","3.0","DICKIE BROOK, NS CA","","","","","7",",C","7",",C","1",",C","","","2",",C","","","","","","","","","","","","","","","51",",,C,03,","45.7",",,C,29,","","","","","","","99.0",",,,C","76",",,,C","","","","","",""
"CA008201500","1973-05","45.35","-61.5","3.0","DICKIE BROOK, NS CA","","","","","13",",C","12",",C","1",",C","","","0",",C","","","","","","","","","","","","","","","0",",,C,31,+","35.6",",,C,22,","","","","","","","132.7",",,,C","0",",,,C","","","","","",""
"CA008201500","1973-06","45.35","-61.5","3.0","DICKIE BROOK, NS CA","","","","","10",",C","10",",C","1",",C","","","0",",C","","","","","","","","","","","","","","","0",",,C,30,+","71.1",",,C,17,","","","","","","","127.4",",,,C","0",",,,C","","","","","",""
"CA008201500","1973-07","45.35","-61.5","3.0","DICKIE BROOK, NS CA","","","","","11","2,C","9","2,C","1","2,C","","","0",",C","","","","","","","","","","","","","","","0",",,C,31,+","26.7","2,,C,18,","","","","","","","87.7","2,,,C","0",",,,C","","","","","",""
"CA008201500","1973-08","45.35","-61.5","3.0","DICKIE BROOK, NS CA","","","","","11",",C","10",",C","0",",C","","","0",",C","","","","","","","","","","","","","","","0",",,C,31,+","24.1",",,C,01,","","","","","","","115.0",",,,C","0",",,,C","","","","","",""
"CA008201500","1973-09","45.35","-61.5","3.0","DICKIE BROOK, NS CA","","","","","3","2,C","3","2,C","0","2,C","","","0",",C","","","","","","","","","","","","","","","0",",,C,30,+","5.1","2,,C,12,","","","","","","","11.4","2,,,C","0",",,,C","","","","","",""
"CA008201500","1973-10","45.35","-61.5","3.0","DICKIE BROOK, NS CA","","","","","15",",C","7",",C","1",",C","","","0",",C","","","","","","","","","","","","","","","0",",,C,31,+","25.7",",,C,30,","","","","","","","105.1",",,,C","0",",,,C","","","","","",""
"CA008201500","1973-11","45.35","-61.5","3.0","DICKIE BROOK, NS CA","","","","","9","2,C","8","2,C","1","2,C","","","1",",C","","","","","","","","","","","","","","","51",",,C,25,","33.5","2,,C,01,","","","","","","","114.1",",a,,C","51",",,,C","","","","","",""
"CA008201500","1973-12","45.35","-61.5","3.0","DICKIE BROOK, NS CA","","","","","19",",C","13",",C","0",",C","","","1",",C","","","","","","","","","","","","","","","127",",,C,23,","21.6",",,C,11,","","","","","","","152.1",",,,C","135",",,,C","","","","","",""
"CA008201500","1974-01","45.35","-61.5","3.0","DICKIE BROOK, NS CA","","","","","8","5,C","8","5,C","1","5,C","","","3","3,C","","","","","","","","","","","","","","","254","3,,C,19,","25.4","5,,C,19,","","","","","","","78.8","5,,,C","381","3,,,C","","","","","",""
"CA008201500","1974-02","45.35","-61.5","3.0","DICKIE BROOK, NS CA","","","","","8",",C","8",",C","4",",C","","","4",",C","","","","","","","","","","","","","","","305",",,C,17,","31.2",",,C,20,","","","","","","","158.2",",,,C","838",",,,C","","","","","",""
"CA008201500","1974-03","45.35","-61.5","3.0","DICKIE BROOK, NS CA","","","","","10",",C","10",",C","2",",C","","","5",",C","","","","","","","","","","","","","","","76",",,C,28,+","50.8",",,C,21,","","","","","","","153.8",",,,C","329",",,,C","","","","","",""
"CA008201500","1974-04","45.35","-61.5","3.0","DICKIE BROOK, NS CA","","","","","15",",C","12",",C","1",",C","","","3",",C","","","","","","","","","","","","","","","178",",,C,02,","26.9",",,C,01,","","","","","","","151.8",",,,C","228",",,,C","","","","","",""
"CA008201500","1974-05","45.35","-61.5","3.0","DICKIE BROOK, NS CA","","","","","11",",C","9",",C","2",",C","","","2",",C","","","","","","","","","","","","","","","25",",,C,24,+","34.3",",,C,28,","","","","","","","104.7",",,,C","50",",,,C","","","","","",""
"CA008201500","1974-06","45.35","-61.5","3.0","DICKIE BROOK, NS CA","","","","","11",",C","6",",C","0",",C","","","0",",C","","","","","","","","","","","","","","","0",",,C,30,+","20.3",",,C,21,","","","","","","","88.3",",,,C","0",",,,C","","","","","",""
"CA008201500","1981-05","45.35","-61.5","3.0","DICKIE BROOK, NS CA","","","","","14",",C","10",",C","2",",C","","","0",",C","","","","","","","","","","","","","","","0",",,C,31,+","89.0",",,C,23,","","","","","","","213.0",",,,C","0",",,,C","","","","","",""
"CA008201500","1981-06","45.35","-61.5","3.0","DICKIE BROOK, NS CA","","","","","8",",C","8",",C","1",",C","","","0",",C","","","","","","","","","","","","","","","0",",,C,30,+","41.0",",,C,09,","","","","","","","90.6",",,,C","0",",,,C","","","","","",""
"CA008201500","1981-07","45.35","-61.5","3.0","DICKIE BROOK, NS CA","","","","","11",",C","9",",C","3",",C","","","0",",C","","","","","","","","","","","","","","","0",",,C,31,+","37.0",",,C,21,","","","","","","","149.6",",,,C","0",",,,C","","","","","",""
"CA008201500","1981-08","45.35","-61.5","3.0","DICKIE BROOK, NS CA","","","","","4",",C","2",",C","0",",C","","","0",",C","","","","","","","","","","","","","","","0",",,C,31,+","22.6",",,C,16,","","","","","","","38.6",",,,C","0",",,,C","","","","","",""
"CA008201500","1981-09","45.35","-61.5","3.0","DICKIE BROOK, NS CA","","","","","9","1,C","9","1,C","1","1,C","","","0",",C","","","","","","","","","","","","","","","0",",,C,30,+","46.4","1,,C,23,","","","","","","","126.6","1,,,C","0",",,,C","","","","","",""
"CA008201500","1981-10","45.35","-61.5","3.0","DICKIE BROOK, NS CA","","","","","8","5,C","8","5,C","2","5,C","","","0",",C","","","","","","","","","","","","","","","0",",T,C,25,","47.0","5,,C,26,","","","","","","","133.9","5,,,C","0",",T,,C","","","","","",""
"CA008201500","1981-11","45.35","-61.5","3.0","DICKIE BROOK, NS CA","","","","","9","4,C","9","4,C","1","4,C","","","2",",C","","","","","","","","","","","","","","","178",",,C,25,","69.0","4,,C,06,","","","","","","","209.7",",a,,C","216",",,,C","","","","","",""
"CA008201500","1981-12","45.35","-61.5","3.0","DICKIE BROOK, NS CA","","","","","17",",C","15",",C","4",",C","","","4",",C","","","","","","","","","","","","","","","203",",,C,29,","51.4",",,C,03,","","","","","","","297.5",",,,C","506",",,,C","","","","","",""
"CA008201500","1982-01","45.35","-61.5","3.0","DICKIE BROOK, NS CA","","","","","14","2,C","11","2,C","4","2,C","","","7",",C","","","","","","","","","","","","","","","254",",,C,14,","63.5","2,,C,14,","","","","","","","239.5","2,,,C","751",",,,C","","","","","",""
"CA008201500","1982-02","45.35","-61.5","3.0","DICKIE BROOK, NS CA","","","","","11","2,C","9","2,C","2","2,C","","","5",",C","","","","","","","","","","","","","","","254",",,C,14,","34.1","2,,C,01,","","","","","","","110.7","2,,,C","566",",,,C","","","","","",""
"CA008201500","1982-03","45.35","-61.5","3.0","DICKIE BROOK, NS CA","","","","","8","5,C","6","5,C","0","5,C","","","3",",C","","","","","","","","","","","","","","","160",",,C,02,","16.0","5,,C,02,","","","","","","","139.4",",a,,C","287",",,,C","","","","","",""
"CA008201500","1982-04","45.35","-61.5","3.0","DICKIE BROOK, NS CA","","","","","12",",C","11",",C","2",",C","","","2",",C","","","","","","","","","","","","","","","51",",,C,11,+","89.8",",,C,28,","","","","","","","239.6",",,,C","102",",,,C","","","","","",""
"CA008201500","1982-05","45.35","-61.5","3.0","DICKIE BROOK, NS CA","","","","","10","2,C","8","2,C","1","2,C","","","0",",C","","","","","","","","","","","","","","","0",",,C,31,+","27.5","2,,C,13,","","","","","","","93.6",",a,,C","0",",,,C","","","","","",""
"CA008201500","1982-06","45.35","-61.5","3.0","DICKIE BROOK, NS CA","","","","","9","2,C","7","2,C","2","2,C","","","0",",C","","","","","","","","","","","","","","","0",",,C,30,+","35.0","2,,C,20,","","","","","","","114.4","2,,,C","0",",,,C","","","","","",""
"CA008201500","1982-07","45.35","-61.5","3.0","DICKIE BROOK, NS CA","","","","","7",",C","6",",C","0",",C","","","0",",C","","","","","","","","","","","","","","","0",",,C,31,+","20.6",",,C,18,","","","","","","","77.1",",,,C","0",",,,C","","","","","",""
"CA008201500","1982-08","45.35","-61.5","3.0","DICKIE BROOK, NS CA","","","","","10","2,C","6","2,C","0","2,C","","","0",",C","","","","","","","","","","","","","","","0",",,C,31,+","22.0","2,,C,25,+","","","","","","","85.3","2,,,C","0",",,,C","","","","","",""
"CA008201500","1982-09","45.35","-61.5","3.0","DICKIE BROOK, NS CA","","","","","7","2,C","6","2,C","1","2,C","","","0",",C","","","","","","","","","","","","","","","0",",,C,30,+","30.8","2,,C,22,","","","","","","","88.2","2,,,C","0",",,,C","","","","","",""
"CA008201500","1982-10","45.35","-61.5","3.0","DICKIE BROOK, NS CA","","","","","1","4,C","1","4,C","1","4,C","","","0",",C","","","","","","","","","","","","","","","0",",,C,31,+","27.0","4,,C,14,","","","","","","","45.2",",a,,C","0",",,,C","","","","","",""
"CA008201500","1982-11","45.35","-61.5","3.0","DICKIE BROOK, NS CA","","","","","14",",C","12",",C","1",",C","","","3",",C","","","","","","","","","","","","","","","64",",,C,26,","44.2",",,C,29,","","","","","","","164.1",",,,C","117",",,,C","","","","","",""
"CA008201500","1982-12","45.35","-61.5","3.0","DICKIE BROOK, NS CA","","","0.0",",C","19",",C","13",",C","0",",C","","","3",",C","0",",C","26",",C","9",",C","0",",C","0",",C","-17.5",",C,14,","","","229",",,C,12,","22.9",",,C,12,","13.5",",C,07,+","","","571.6",",C","160.4",",,,C","490",",,,C","-0.10",",C","4.45",",,,C","-4.66",",,,C"
"CA008201500","1983-01","45.35","-61.5","3.0","DICKIE BROOK, NS CA","0.0","C","0.0","1,C","14",",C","9",",C","3",",C","","","4",",C","2",",C","29",",C","16","1,C","0","1,C","0","1,C","-20.5",",C,05,","","","104",",,C,31,","40.5",",,C,11,","11.5","1,C,12,+","","","655.5","1,C","163.5",",,,C","306",",,,C","-3.50","1,C","0.72","1,,,C","-7.73",",,,C"
"CA008201500","1983-02","45.35","-61.5","3.0","DICKIE BROOK, NS CA","0.0","C","0.0","1,C","11","2,C","8","2,C","1","2,C","25","1,C","5","2,C","1","1,C","27","1,C","16",",C","0",",C","0",",C","-19.5","1,C,11,","670","1,,C,27,","220","2,,C,12,","27.8","2,,C,08,","10.0",",C,03,","","","633.5",",C","118.0","2,,,C","622","2,,,C","-4.95","1,C","-0.64",",,,C","-9.26","1,,,C"
"CA008201500","1983-03","45.35","-61.5","3.0","DICKIE BROOK, NS CA","0.0","C","0.0",",C","16","2,C","13","2,C","3","2,C","26",",C","3",",C","0",",C","26",",C","8",",C","0",",C","0",",C","-16.0",",C,09,","570",",,C,01,","100",",,C,25,","50.0","2,,C,02,","12.0",",C,22,","","","590.3",",C","238.0","2,,,C","216",",,,C","-0.71",",C","2.87",",,,C","-4.29",",,,C"
"CA008201500","1983-04","45.35","-61.5","3.0","DICKIE BROOK, NS CA","0.0","C","0.0","1,C","14",",C","13",",C","2",",C","","","1",",C","0","1,C","10","1,C","0",",C","0",",C","0",",C","-3.0","1,C,11,","","","25",",,C,01,","38.8",",,C,19,","17.0",",C,30,","","","397.2",",C","159.1",",,,C","25",",,,C","4.69","1,C","8.10",",,,C","1.28","1,,,C"
"CA008201500","1983-05","45.35","-61.5","3.0","DICKIE BROOK, NS CA","0.0","C","0.0",",C","14",",C","13",",C","3",",C","0",",C","0",",C","0",",C","4",",C","0",",C","0",",C","0",",C","-2.0",",C,08,+","0",",,C,31,+","0",",,C,31,+","34.0",",,C,25,","20.0",",C,19,+","","","296.8",",C","187.3",",,,C","0",",,,C","8.76",",C","12.71",",,,C","4.81",",,,C"
"CA008201500","1983-06","45.35","-61.5","3.0","DICKIE BROOK, NS CA","8.8","C","8.8",",C","9",",C","7",",C","0",",C","0",",C","0",",C","0",",C","0",",C","0",",C","12",",C","0",",C","3.0",",C,29,","0",",,C,30,+","0",",,C,30,+","21.8",",,C,01,","29.0",",C,30,+","","","102.7",",C","86.2",",,,C","0",",,,C","15.20",",C","21.12",",,,C","9.28",",,,C"
"CA008201500","1983-07","45.35","-61.5","3.0","DICKIE BROOK, NS CA","34.1","C","25.3",",C","17",",C","14",",C","3",",C","0",",C","0",",C","0",",C","0",",C","0",",C","16",",C","0",",C","5.0",",C,11,","0",",,C,31,+","0",",,C,31,+","88.0",",,C,22,","27.0",",C,01,","27.7","C","27.7",",C","258.6",",,,C","0",",,,C","18.26",",C","22.00",",,,C","14.52",",,,C"
"CA008201500","1983-08","45.35","-61.5","3.0","DICKIE BROOK, NS CA","","","","","10","2,C","5","2,C","2","2,C","0",",C","0",",C","","","","","0",",C","23",",C","0",",C","","","0",",,C,31,+","0",",,C,31,+","60.2","2,,C,06,","26.0",",C,06,+","","","","","128.8","2,,,C","0",",,,C","","","22.23",",,,C","",""
"CA008201500","1983-09","45.35","-61.5","3.0","DICKIE BROOK, NS CA","","","14.7",",C","10",",C","5",",C","3",",C","0",",C","0",",C","0",",C","0",",C","0",",C","11",",C","0",",C","0.5",",C,16,","0",",,C,30,+","0",",,C,30,+","54.0",",,C,01,","30.0",",C,04,","","","106.9",",C","152.0",",,,C","0",",,,C","15.26",",C","20.63",",,,C","9.88",",,,C"
"CA008201500","1983-10","45.35","-61.5","3.0","DICKIE BROOK, NS CA","","","0.0","3,C","9",",C","8",",C","1",",C","0",",C","0",",C","0","3,C","10","3,C","0","1,C","0","1,C","0","1,C","-3.0","3,C,17,","0",",,C,31,+","0",",,C,31,+","36.0",",,C,25,","21.0","1,C,01,","","","293.3","1,C","103.0",",,,C","0",",,,C","7.93","3,C","12.90","1,,,C","2.96","3,,,C"
"CA008201500","1983-11","45.35","-61.5","3.0","DICKIE BROOK, NS CA","","","","","16","2,C","10","2,C","2","2,C","0",",C","0",",C","0","4,C","16","4,C","0","4,C","0","4,C","0","4,C","-5.0","4,C,15,","0",",,C,30,+","0",",T,C,28,+","84.0","2,,C,16,","14.0","4,C,17,","","","","","185.2","2,,,C","0",",T,,C","3.38","7,C","6.85","4,,,C","-0.08","4,,,C"
"CA008201500","1983-12","45.35","-61.5","3.0","DICKIE BROOK, NS CA","","","0.0",",C","14",",C","13",",C","4",",C","","","6",",C","2",",C","28",",C","11",",C","0",",C","0",",C","-21.0",",C,26,","","","356",",,C,24,","35.6",",,C,24,","14.0",",C,14,","","","607.1",",C","230.3",",,,C","704",",,,C","-1.25",",C","3.05",",,,C","-5.55",",,,C"
"CA008201500","1984-01","45.35","-61.5","3.0","DICKIE BROOK, NS CA","0.0","C","0.0","2,C","15",",C","11",",C","2",",C","","","5",",C","4","1,C","27","1,C","18","2,C","0","2,C","0","2,C","-23.0","1,C,22,","","","120",",,C,29,","40.0",",,C,10,","9.0","2,C,11,+","","","679.7","2,C","172.8",",,,C","432",",,,C","-5.16","2,C","-0.76","2,,,C","-9.57","1,,,C"
"CA008201500","1984-02","45.35","-61.5","3.0","DICKIE BROOK, NS CA","0.0","C","0.0",",C","15",",C","11",",C","3",",C","","","2",",C","3",",C","22",",C","9",",C","0",",C","0",",C","-22.0",",C,10,","","","45",",,C,07,","37.0",",,C,28,+","11.0",",C,05,","","","559.7",",C","177.6",",,,C","80",",,,C","-0.97",",C","2.59",",,,C","-4.52",",,,C"
"CA008201500","1984-03","45.35","-61.5","3.0","DICKIE BROOK, NS CA","0.0","C","0.0",",C","16",",C","12",",C","1",",C","","","4",",C","5",",C","25",",C","12",",C","0",",C","0",",C","-22.0",",C,11,","","","180",",,C,09,","33.0",",,C,14,","11.0",",C,17,+","","","627.3",",C","140.4",",,,C","450",",,,C","-1.90",",C","2.10",",,,C","-5.90",",,,C"
"CA008201500","1984-04","45.35","-61.5","3.0","DICKIE BROOK, NS CA","0.0","C","0.0",",C","16",",C","13",",C","4",",C","","","1",",C","0",",C","16",",C","0",",C","0",",C","0",",C","-10.0",",C,02,","","","30",",,C,09,","35.6",",,C,06,","17.5",",C,07,","","","438.7",",C","239.2",",,,C","50",",,,C","3.71",",C","8.02",",,,C","-0.60",",,,C"
"CA008201500","1984-05","45.35","-61.5","3.0","DICKIE BROOK, NS CA","0.0","C","0.0",",C","18",",C","13",",C","0",",C","","","0",",C","0",",C","3",",C","0",",C","0",",C","0",",C","-2.0",",C,08,+","","","0",",,C,31,+","22.0",",,C,14,","21.0",",C,27,","","","278.3",",C","132.6",",,,C","0",",,,C","9.35",",C","14.71",",,,C","4.00",",,,C"
"CA008201500","1984-06","45.35","-61.5","3.0","DICKIE BROOK, NS CA","2.0","C","2.0",",C","11",",C","9",",C","1",",C","","","0",",C","0",",C","2",",C","0",",C","11",",C","0",",C","-2.0",",C,05,","","","0",",,C,30,+","60.0",",,C,26,","28.0",",C,09,","","","139.5",",C","104.4",",,,C","0",",,,C","13.75",",C","19.80",",,,C","7.70",",,,C"
"CA008201500","1984-07","45.35","-61.5","3.0","DICKIE BROOK, NS CA","56.3","C","54.3",",C","9",",C","9",",C","0",",C","","","0",",C","0",",C","0",",C","0",",C","29",",C","0",",C","8.0",",C,26,","","","0",",,C,31,+","23.0",",,C,28,","29.0",",C,24,+","9.7","C","9.7",",C","78.6",",,,C","0",",,,C","19.77",",C","25.84",",,,C","13.71",",,,C"
"CA008201500","1984-08","45.35","-61.5","3.0","DICKIE BROOK, NS CA","123.6","C","67.3","1,C","11",",C","7",",C","2",",C","","","0",",C","0","1,C","0","1,C","0","1,C","27","1,C","0","1,C","5.0","1,C,26,","","","0",",,C,31,+","34.0",",,C,16,","30.0","1,C,06,+","20.0","C","10.3","1,C","154.8",",,,C","0",",,,C","20.23","1,C","25.53","1,,,C","14.93","1,,,C"
"CA008201500","1984-09","45.35","-61.5","3.0","DICKIE BROOK, NS CA","123.6","C","0.0","2,C","8",",C","7",",C","1",",C","","","0",",C","0","2,C","3","2,C","0",",C","4",",C","0",",C","-1.0","2,C,29,+","","","0",",,C,30,+","32.6",",,C,02,","24.0",",C,24,","167.8","C","147.8",",C","95.6",",,,C","0",",,,C","13.20","2,C","18.47",",,,C","7.93","2,,,C"
"CA008201500","1984-10","45.35","-61.5","3.0","DICKIE BROOK, NS CA","123.6","C","0.0","3,C","7","1,C","6","1,C","0","1,C","","","0",",C","0","1,C","10","1,C","0","2,C","0","2,C","0","2,C","-6.0","1,C,27,","","","0",",,C,31,+","15.6","1,,C,03,","18.0","2,C,22,+","452.6","C","284.8","2,C","53.2","1,,,C","0",",,,C","8.03","3,C","13.69","2,,,C","2.37","1,,,C"
"CA008201500","1984-11","45.35","-61.5","3.0","DICKIE BROOK, NS CA","123.6","C","0.0","2,C","13","1,C","9","1,C","1","1,C","","","1",",C","0",",C","21",",C","3","2,C","0","2,C","0","2,C","-7.0",",C,10,+","","","50",",,C,24,","31.2","1,,C,13,","16.0","2,C,02,","866.4","C","413.8","2,C","87.0","1,,,C","70",",,,C","3.45","2,C","8.04","2,,,C","-1.13",",,,C"
"CA008201500","1984-12","45.35","-61.5","3.0","DICKIE BROOK, NS CA","123.6","C","0.0","4,C","15",",C","12",",C","3",",C","","","2",",C","2","4,C","24","4,C","8",",C","0",",C","0",",C","-22.0","4,C,27,","","","50",",,C,28,","40.0",",,C,06,","11.0",",C,11,","1376.4","C","510.0",",C","179.0",",,,C","134",",,,C","-0.64","4,C","3.68",",,,C","-4.96","4,,,C"
"CA008201500","1985-01","45.35","-61.5","3.0","DICKIE BROOK, NS CA","0.0","C","0.0",",C","8",",C","5",",C","1",",C","30","1,C","5",",C","5",",C","31",",C","27",",C","0",",C","0",",C","-20.0",",C,19,+","340","1,,C,31,+","150",",,C,05,","58.6",",,C,15,","4.0",",C,15,","2207.5","C","831.1",",C","106.2",",,,C","460",",,,C","-8.48",",C","-3.89",",,,C","-13.06",",,,C"
"CA008201500","1985-02","45.35","-61.5","3.0","DICKIE BROOK, NS CA","0.0","C","0.0",",C","16",",C","12",",C","2",",C","","","8",",C","8",",C","28",",C","13",",C","0",",C","0",",C","-28.0",",C,07,","","","250",",,C,02,","32.0",",,C,13,","6.0",",C,23,","2874.1","C","666.6",",C","157.2",",,,C","630",",,,C","-5.47",",C","-1.14",",,,C","-9.80",",,,C"
"CA008201500","1985-03","45.35","-61.5","3.0","DICKIE BROOK, NS CA","0.0","C","0.0","3,C","12",",C","11",",C","1",",C","","","7",",C","3","3,C","25","3,C","10",",C","0",",C","0",",C","-24.0","3,C,07,","","","100",",,C,17,+","36.0",",,C,02,","12.0",",C,28,","3479.9","C","605.8",",C","149.2",",,,C","430",",,,C","-3.26","3,C","1.48",",,,C","-8.00","3,,,C"
"CA008201500","1985-04","45.35","-61.5","3.0","DICKIE BROOK, NS CA","0.0","C","0.0",",C","9","3,C","6","3,C","1","3,C","","","2",",C","0",",C","26",",C","3",",C","0",",C","0",",C","-6.0",",C,14,","","","100",",,C,01,","33.0","3,,C,28,","14.0",",C,16,","3963.9","C","484.0",",C","116.2",",a,,C","190",",,,C","2.20",",C","6.10",",,,C","-1.70",",,,C"
"CA008201500","1985-06","45.35","-61.5","3.0","DICKIE BROOK, NS CA","","","0.0",",C","17",",C","15",",C","4",",C","","","0",",C","0",",C","0",",C","0",",C","10",",C","0",",C","4.5",",C,13,","","","0",",,C,30,+","69.0",",,C,27,","24.0",",C,21,+","","","179.7",",C","335.8",",,,C","0",",,,C","12.34",",C","17.70",",,,C","6.98",",,,C"
"CA008201500","1985-07","45.35","-61.5","3.0","DICKIE BROOK, NS CA","","","45.2",",C","13",",C","10",",C","0",",C","","","0",",C","0",",C","0",",C","0",",C","28",",C","0",",C","6.0",",C,29,","","","0",",,C,31,+","25.0",",,C,18,","31.0",",C,05,","8.5","C","8.5",",C","90.2",",,,C","0",",,,C","19.52",",C","25.39",",,,C","13.65",",,,C"
"CA008201500","1985-08","45.35","-61.5","3.0","DICKIE BROOK, NS CA","","","14.6",",C","15",",C","7",",C","3",",C","","","0",",C","0",",C","0",",C","0",",C","23",",C","0",",C","6.0",",C,04,","","","0",",,C,31,+","40.0",",,C,01,","30.0",",C,07,+","49.9","C","41.4",",C","157.0",",,,C","0",",,,C","17.47",",C","23.26",",,,C","11.68",",,,C"
"CA008201500","1985-09","45.35","-61.5","3.0","DICKIE BROOK, NS CA","","","3.3",",C","6",",C","3",",C","0",",C","","","0",",C","0",",C","0",",C","0",",C","7",",C","0",",C","2.0",",C,23,+","","","0",",,C,30,+","10.4",",,C,25,","29.0",",C,21,","187.7","C","137.8",",C","28.8",",,,C","0",",,,C","13.85",",C","20.02",",,,C","7.68",",,,C"
"CA008201500","1985-10","45.35","-61.5","3.0","DICKIE BROOK, NS CA","","","0.0","4,C","12","1,C","10","1,C","2","1,C","","","0",",C","0","2,C","10","2,C","0","2,C","0","2,C","0","2,C","-3.0","2,C,24,+","","","24",",,C,29,","35.0","1,,C,15,","20.0","2,C,06,","456.9","C","269.2","2,C","168.6","1,,,C","24",",,,C","8.22","4,C","13.10","2,,,C","3.33","2,,,C"
"CA008201500","1985-11","45.35","-61.5","3.0","DICKIE BROOK, NS CA","","","0.0","2,C","15",",C","11",",C","1",",C","","","2",",C","0","2,C","16","2,C","5",",C","0",",C","0",",C","-12.0","2,C,27,","","","50",",,C,15,+","63.0",",,C,06,","12.0",",C,21,+","899.2","C","442.3",",C","162.6",",,,C","140",",,,C","2.73","2,C","6.07",",,,C","-0.61","2,,,C"
"CA008201500","1985-12","45.35","-61.5","3.0","DICKIE BROOK, NS CA","","","0.0",",C","13","1,C","10","1,C","1","1,C","","","5","1,C","5",",C","30",",C","20",",C","0",",C","0",",C","-20.0",",C,23,+","","","125","1,,C,23,","40.0","1,,C,02,","12.0",",C,02,","1634.5","C","735.3",",C","139.5","1,,,C","531","1,,,C","-5.39",",C","-0.39",",,,C","-10.39",",,,C"
"CA008201500","1986-01","45.35","-61.5","3.0","DICKIE BROOK, NS CA","0.0","C","0.0","2,C","13",",C","10",",C","3",",C","","","2",",C","3","2,C","26","2,C","13",",C","0",",C","0",",C","-23.0","2,C,16,","","","230",",,C,30,","47.0",",,C,13,","13.0",",C,27,","2269.4","C","634.9",",C","220.4",",,,C","320",",,,C","-3.23","2,C","1.53",",,,C","-8.00","2,,,C"
"CA008201500","1986-02","45.35","-61.5","3.0","DICKIE BROOK, NS CA","0.0","C","0.0",",C","9",",C","7",",C","1",",C","","","7",",C","6",",C","28",",C","23",",C","0",",C","0",",C","-22.0",",C,07,+","","","250",",,C,02,","47.0",",,C,22,","2.0",",C,23,","2984.5","C","715.1",",C","140.2",",,,C","1090",",,,C","-7.21",",C","-2.20",",,,C","-12.21",",,,C"
"CA008201500","1986-03","45.35","-61.5","3.0","DICKIE BROOK, NS CA","0.0","C","0.0","2,C","15",",C","9",",C","1",",C","","","5",",C","3","1,C","28","1,C","10","1,C","0","1,C","0","1,C","-20.0","1,C,10,","","","180",",,C,07,","32.0",",,C,19,","15.0","1,C,31,","3576.2","C","591.7","1,C","128.0",",,,C","640",",,,C","-2.18","2,C","2.92","1,,,C","-7.28","1,,,C"
"CA008201500","1986-04","45.35","-61.5","3.0","DICKIE BROOK, NS CA","0.0","C","0.0",",C","20",",C","15",",C","1",",C","","","1",",C","0",",C","10",",C","1",",C","0",",C","0",",C","-10.0",",C,05,","","","150",",,C,07,","66.0",",,C,09,","13.0",",C,02,","4015.2","C","439.0",",C","200.6",",,,C","150",",,,C","3.70",",C","6.75",",,,C","0.65",",,,C"
"CA008201500","1986-05","45.35","-61.5","3.0","DICKIE BROOK, NS CA","0.0","C","0.0",",C","10",",C","5",",C","1",",C","","","0",",C","0",",C","8",",C","0",",C","7",",C","0",",C","-4.0",",C,05,","","","0",",,C,31,+","36.0",",,C,24,","24.0",",C,16,+","4317.0","C","301.8",",C","84.0",",,,C","0",",,,C","8.60",",C","14.90",",,,C","2.29",",,,C"
"CA008201500","1986-06","45.35","-61.5","3.0","DICKIE BROOK, NS CA","0.2","C","0.2",",C","15",",C","11",",C","1",",C","","","0",",C","0",",C","4",",C","0",",C","6",",C","0",",C","-2.0",",C,13,","","","0",",,C,30,+","32.0",",,C,02,","25.0",",C,24,+","4490.7","C","173.7",",C","114.2",",,,C","0",",,,C","12.55",",C","18.88",",,,C","6.22",",,,C"
"CA008201500","1986-07","45.35","-61.5","3.0","DICKIE BROOK, NS CA","10.5","C","10.3",",C","16",",C","11",",C","0",",C","","","0",",C","0",",C","0",",C","0",",C","13",",C","0",",C","6.0",",C,23,+","","","0",",,C,31,+","22.2",",,C,14,","28.0",",C,26,","87.0","C","87.0",",C","127.8",",,,C","0",",,,C","15.86",",C","20.95",",,,C","10.77",",,,C"
"CA008201500","1986-08","45.35","-61.5","3.0","DICKIE BROOK, NS CA","32.3","C","21.8",",C","16",",C","12",",C","1",",C","","","0",",C","0",",C","0",",C","0",",C","16",",C","0",",C","2.0",",C,30,","","","0",",,C,31,+","55.0",",,C,19,","28.0",",C,06,","156.7","C","69.7",",C","151.2",",,,C","0",",,,C","16.79",",C","21.92",",,,C","11.66",",,,C"
"CA008201500","1986-09","45.35","-61.5","3.0","DICKIE BROOK, NS CA","32.3","C","0.0","2,C","12",",C","9",",C","1",",C","","","0",",C","0","2,C","4","2,C","0",",C","1",",C","0",",C","0.0","2,C,23,+","","","0",",,C,30,+","75.2",",,C,16,","25.0",",C,02,","391.0","C","234.3",",C","166.6",",,,C","0",",,,C","10.01","2,C","16.23",",,,C","3.79","2,,,C"
"CA008201500","1986-10","45.35","-61.5","3.0","DICKIE BROOK, NS CA","32.3","C","0.0","2,C","15",",C","9",",C","1",",C","","","0",",C","0","2,C","6","2,C","0",",C","0",",C","0",",C","-5.0","2,C,27,","","","0",",,C,31,+","27.0",",,C,14,","19.0",",C,01,","684.2","C","293.2",",C","104.2",",,,C","0",",,,C","8.29","2,C","12.89",",,,C","3.69","2,,,C"
"CA008201500","1986-11","45.35","-61.5","3.0","DICKIE BROOK, NS CA","32.3","C","0.0",",C","13",",C","11",",C","2",",C","","","2",",C","0",",C","20",",C","2",",C","0",",C","0",",C","-9.0",",C,14,","","","150",",,C,19,","88.0",",,C,21,","13.0",",C,27,+","1168.7","C","484.5",",C","201.0",",,,C","200",",,,C","2.18",",C","6.30",",,,C","-1.93",",,,C"
"CA008201500","1986-12","45.35","-61.5","3.0","DICKIE BROOK, NS CA","32.3","C","0.0","5,C","6",",C","5",",C","1",",C","","","2",",C","0","3,C","26","3,C","15","3,C","0","3,C","0","3,C","-17.5","3,C,18,+","","","70",",,C,09,","29.0",",,C,03,","10.0","3,C,04,+","1733.1","C","564.4","3,C","80.3",",,,C","95",",,,C","-3.27","5,C","0.95","3,,,C","-7.48","3,,,C"
"CA008201500","1987-01","45.35","-61.5","3.0","DICKIE BROOK, NS CA","0.0","C","0.0",",C","14",",C","9",",C","4",",C","20","4,C","5",",C","3",",C","31",",C","20",",C","0",",C","0",",C","-22.0",",C,26,","500","4,,C,31,+","260",",,C,26,","38.6",",,C,23,","5.0",",C,07,","2473.7","C","740.6",",C","184.4",",,,C","720",",,,C","-5.56",",C","-1.79",",,,C","-9.32",",,,C"
"CA008201500","1987-02","45.35","-61.5","3.0","DICKIE BROOK, NS CA","0.0","C","0.0",",C","4",",C","4",",C","0",",C","","","3",",C","7",",C","28",",C","22",",C","0",",C","0",",C","-23.0",",C,07,","","","120",",,C,09,","13.2",",,C,10,","2.0",",C,28,","3200.8","C","727.1",",C","39.7",",,,C","195",",,,C","-7.63",",C","-2.89",",,,C","-12.38",",,,C"
"CA008201500","1987-03","45.35","-61.5","3.0","DICKIE BROOK, NS CA","0.0","C","0.0",",C","11",",C","7",",C","1",",C","31",",C","4",",C","5",",C","25",",C","13",",C","0",",C","0",",C","-24.5",",C,10,","1400",",,C,18,","200",",,C,01,","28.0",",,C,26,","10.0",",C,29,+","3858.4","C","657.6",",C","105.8",",,,C","580",",,,C","-2.88",",C","1.89",",,,C","-7.65",",,,C"
"CA008201500","1987-05","45.35","-61.5","3.0","DICKIE BROOK, NS CA","","","0.0",",C","12",",C","7",",C","0",",C","","","0",",C","0",",C","9",",C","0",",C","0",",C","0",",C","-3.0",",C,24,+","","","0",",,C,31,+","11.0",",,C,31,","21.0",",C,21,","","","306.3",",C","57.4",",,,C","0",",,,C","8.45",",C","14.58",",,,C","2.32",",,,C"
"CA008201500","1987-06","45.35","-61.5","3.0","DICKIE BROOK, NS CA","","","0.4",",C","11",",C","10",",C","0",",C","","","0",",C","0",",C","1",",C","0",",C","5",",C","0",",C","0.0",",C,03,","","","0",",,C,30,+","25.0",",,C,28,","24.5",",C,30,","","","147.4",",C","110.4",",,,C","0",",,,C","13.43",",C","19.17",",,,C","7.70",",,,C"
"CA008201500","1987-07","45.35","-61.5","3.0","DICKIE BROOK, NS CA","","","38.7",",C","7",",C","3",",C","0",",C","","","0",",C","0",",C","0",",C","0",",C","26",",C","0",",C","6.0",",C,20,","","","0",",,C,31,+","7.0",",,C,26,","29.0",",C,10,","24.5","C","24.5",",C","23.6",",,,C","0",",,,C","18.79",",C","24.37",",,,C","13.21",",,,C"
"CA008201500","1987-08","45.35","-61.5","3.0","DICKIE BROOK, NS CA","","","26.8",",C","14",",C","10",",C","0",",C","","","0",",C","0",",C","0",",C","0",",C","16",",C","0",",C","3.0",",C,28,","","","0",",,C,31,+","18.0",",,C,22,","30.0",",C,15,","85.7","C","61.2",",C","89.0",",,,C","0",",,,C","17.23",",C","23.39",",,,C","11.06",",,,C"
"CA008201500","1987-09","45.35","-61.5","3.0","DICKIE BROOK, NS CA","","","1.7",",C","13",",C","9",",C","3",",C","","","0",",C","0",",C","1",",C","0",",C","7",",C","0",",C","0.0",",C,28,","","","0",",,C,30,+","91.6",",,C,14,","28.0",",C,06,","208.9","C","123.2",",C","237.4",",,,C","0",",,,C","14.28",",C","18.78",",,,C","9.78",",,,C"
"CA008201500","1987-10","45.35","-61.5","3.0","DICKIE BROOK, NS CA","","","0.0",",C","19",",C","14",",C","4",",C","0",",C","0",",C","0",",C","9",",C","0",",C","0",",C","0",",C","-3.0",",C,17,","0",",,C,31,+","0",",,C,31,+","58.2",",,C,01,","21.0",",C,03,","483.2","C","274.3",",C","259.3",",,,C","0",",,,C","9.48",",C","14.37",",,,C","4.60",",,,C"
"CA008201500","1987-11","45.35","-61.5","3.0","DICKIE BROOK, NS CA","","","0.0",",C","14",",C","12",",C","2",",C","0",",C","0",",C","0",",C","18",",C","2",",C","0",",C","0",",C","-7.0",",C,28,","20",",,C,07,+","20",",,C,06,+","47.0",",,C,12,","14.0",",C,20,","942.4","C","459.2",",C","176.6",",,,C","50",",,,C","3.03",",C","6.50",",,,C","-0.45",",,,C"
"CA008201500","1987-12","45.35","-61.5","3.0","DICKIE BROOK, NS CA","","","0.0",",C","20",",C","11",",C","2",",C","","","5",",C","0",",C","26",",C","12",",C","0",",C","0",",C","-16.5",",C,29,","","","220",",,C,29,","43.0",",,C,11,","11.0",",C,01,","1561.5","C","619.1",",C","196.2",",,,C","724",",,,C","-1.64",",C","0.90",",,,C","-4.18",",,,C"
"CA008201500","1988-01","45.35","-61.5","3.0","DICKIE BROOK, NS CA","0.0","C","0.0",",C","13",",C","9",",C","1",",C","31",",C","3",",C","6",",C","30",",C","17",",C","0",",C","0",",C","-24.5",",C,15,","570",",,C,11,+","200",",,C,04,","41.2",",,C,25,","10.0",",C,26,","2319.3","C","757.8",",C","121.2",",,,C","390",",,,C","-6.11",",C","-0.69",",,,C","-11.53",",,,C"
"CA008201500","1988-02","45.35","-61.5","3.0","DICKIE BROOK, NS CA","0.0","C","0.0",",C","15",",C","11",",C","3",",C","29",",C","6",",C","5",",C","26",",C","13",",C","0",",C","0",",C","-25.0",",C,07,","340",",,C,12,+","180",",,C,28,","80.0",",,C,16,","8.0",",C,16,+","2974.7","C","655.4",",C","295.4",",,,C","550",",,,C","-4.27",",C","0.76",",,,C","-9.29",",,,C"
"CA008201500","1988-03","45.35","-61.5","3.0","DICKIE BROOK, NS CA","0.0","C","0.0",",C","18",",C","14",",C","2",",C","31",",C","7",",C","2",",C","28",",C","11",",C","0",",C","0",",C","-19.0",",C,22,","380",",,C,21,","200",",,C,20,","29.0",",,C,10,+","13.5",",C,27,","3588.8","C","614.1",",C","164.4",",,,C","560",",,,C","-1.48",",C","2.27",",,,C","-5.23",",,,C"
"CA008201500","1988-04","45.35","-61.5","3.0","DICKIE BROOK, NS CA","0.0","C","0.0",",C","20",",C","15",",C","6",",C","9",",C","3",",C","0",",C","15",",C","0",",C","0",",C","0",",C","-5.0",",C,03,","100",",,C,22,+","120",",,C,20,","45.8",",,C,29,","13.0",",C,28,","4049.3","C","460.5",",C","322.0",",,,C","280",",,,C","2.98",",C","6.00",",,,C","-0.03",",,,C"
"CA008201500","1988-05","45.35","-61.5","3.0","DICKIE BROOK, NS CA","0.0","C","0.0",",C","14",",C","10",",C","1",",C","0",",C","0",",C","0",",C","3",",C","0",",C","6",",C","0",",C","-3.5",",C,09,","0",",,C,31,+","0",",,C,31,+","40.0",",,C,03,","24.5",",C,28,+","4302.6","C","253.3",",C","114.0",",,,C","0",",,,C","10.16",",C","14.89",",,,C","5.44",",,,C"
"CA008201500","1988-06","45.35","-61.5","3.0","DICKIE BROOK, NS CA","3.3","C","3.3",",C","18",",C","10",",C","2",",C","0",",C","0",",C","0",",C","1",",C","0",",C","6",",C","0",",C","-0.5",",C,08,","0",",,C,30,+","0",",,C,30,+","30.4",",,C,30,","29.0",",C,16,","4487.1","C","184.5",",C","171.2",",,,C","0",",,,C","12.29",",C","16.97",",,,C","7.62",",,,C"
"CA008201500","1988-07","45.35","-61.5","3.0","DICKIE BROOK, NS CA","35.2","C","31.9",",C","14",",C","9",",C","2",",C","0",",C","0",",C","0",",C","0",",C","0",",C","19",",C","0",",C","7.0",",C,14,","0",",,C,31,+","0",",,C,31,+","52.0",",,C,24,","29.0",",C,09,","50.7","C","50.7",",C","163.2",",,,C","0",",,,C","17.73",",C","22.27",",,,C","13.18",",,,C"
"CA008201500","1988-08","45.35","-61.5","3.0","DICKIE BROOK, NS CA","93.0","C","57.8",",C","15",",C","10",",C","0",",C","0",",C","0",",C","0",",C","0",",C","0",",C","17",",C","0",",C","4.0",",C,24,+","0",",,C,31,+","0",",,C,31,+","22.6",",,C,15,","32.0",",C,05,","97.6","C","46.9",",C","82.6",",,,C","0",",,,C","18.69",",C","23.48",",,,C","13.89",",,,C"
"CA008201500","1988-09","45.35","-61.5","3.0","DICKIE BROOK, NS CA","93.0","C","0.0",",C","13",",C","9",",C","1",",C","0",",C","0",",C","0",",C","0",",C","0",",C","3",",C","0",",C","0.5",",C,17,","0",",,C,30,+","0",",,C,30,+","42.8",",,C,19,","25.0",",C,02,","263.6","C","166.0",",C","134.0",",,,C","0",",,,C","12.80",",C","17.82",",,,C","7.78",",,,C"
"CA008201500","1988-10","45.35","-61.5","3.0","DICKIE BROOK, NS CA","93.4","C","0.4",",C","16",",C","13",",C","5",",C","0",",C","0",",C","0",",C","9",",C","0",",C","1",",C","0",",C","-4.0",",C,16,","0",",,C,31,+","0",",,C,31,+","53.0",",,C,22,","22.0",",C,03,","581.8","C","318.2",",C","239.0",",,,C","0",",,,C","8.08",",C","12.60",",,,C","3.56",",,,C"
"CA008201500","1988-11","45.35","-61.5","3.0","DICKIE BROOK, NS CA","93.4","C","0.0",",C","20",",C","12",",C","4",",C","0",",C","0",",C","0",",C","9",",C","2",",C","0",",C","0",",C","-6.5",",C,24,","20",",,C,25,+","10",",,C,23,+","50.2",",,C,02,","14.0",",C,28,+","995.3","C","413.5",",C","315.0",",,,C","30",",,,C","4.55",",C","8.02",",,,C","1.08",",,,C"
"CA008201500","1988-12","45.35","-61.5","3.0","DICKIE BROOK, NS CA","93.4","C","0.0",",C","12",",C","10",",C","1",",C","6",",C","6",",C","1",",C","28",",C","12",",C","0",",C","0",",C","-18.0",",C,13,","130",",,C,18,","120",",,C,17,","28.0",",,C,28,","9.0",",C,21,+","1672.4","C","677.1",",C","88.2",",,,C","380",",,,C","-3.51",",C","1.24",",,,C","-8.26",",,,C"
"CA008201500","1989-01","45.35","-61.5","3.0","DICKIE BROOK, NS CA","0.0","C","0.0",",C","15",",C","10",",C","1",",C","23",",C","5",",C","1",",C","30",",C","13",",C","0",",C","0",",C","-22.0",",C,07,","400",",,C,06,","180",",,C,04,","35.0",",,C,26,","8.0",",C,12,+","2378.5","C","706.1",",C","156.8",",,,C","570",",,,C","-4.44",",C","0.71",",,,C","-9.60",",,,C"
"CA008201500","1989-02","45.35","-61.5","3.0","DICKIE BROOK, NS CA","0.0","C","0.0",",C","12",",C","11",",C","2",",C","28",",C","10",",C","8",",C","28",",C","17",",C","0",",C","0",",C","-25.0",",C,19,+","240",",,C,11,","120",",,C,03,","30.4",",,C,22,","10.0",",C,21,","3083.6","C","705.1",",C","138.4",",,,C","590",",,,C","-6.85",",C","-1.77",",,,C","-11.93",",,,C"
"CA008201500","1989-03","45.35","-61.5","3.0","DICKIE BROOK, NS CA","0.0","C","0.0",",C","12",",C","9",",C","2",",C","29",",C","5",",C","8",",C","29",",C","14",",C","0",",C","0",",C","-23.5",",C,09,","250",",,C,05,","120",",,C,30,","77.0",",,C,25,","17.0",",C,28,","3783.9","C","700.3",",C","184.4",",,,C","460",",,,C","-4.26",",C","0.94",",,,C","-9.45",",,,C"
"CA008201500","1989-04","45.35","-61.5","3.0","DICKIE BROOK, NS CA","0.0","C","0.0","2,C","14",",C","9",",C","1",",C","","","1",",C","0","2,C","21","2,C","0","2,C","0","2,C","0","2,C","-6.0","2,C,03,","","","120",",,C,14,","48.0",",,C,16,","11.0","2,C,09,","4203.2","C","419.3","2,C","172.0",",,,C","170",",,,C","3.36","2,C","7.20","2,,,C","-0.48","2,,,C"
"CA008201500","1989-05","45.35","-61.5","3.0","DICKIE BROOK, NS CA","","","","","14",",C","7",",C","2",",C","0",",C","0",",C","","","","","0","5,C","3","5,C","0","5,C","","","0",",,C,31,+","0",",,C,31,+","41.8",",,C,07,","22.0","5,C,30,+","","","","","150.6",",,,C","0",",,,C","","","15.71","5,,,C","",""
"CA008201500","1989-06","45.35","-61.5","3.0","DICKIE BROOK, NS CA","","","1.3","2,C","15",",C","12",",C","2",",C","0",",C","0",",C","0","2,C","0","2,C","0","1,C","10","1,C","0","1,C","3.0","2,C,15,","0",",,C,30,+","0",",,C,30,+","34.4",",,C,08,","26.0","1,C,20,+","","","108.6","1,C","163.6",",,,C","0",",,,C","14.53","2,C","19.00","1,,,C","10.05","2,,,C"
"CA008201500","1989-07","45.35","-61.5","3.0","DICKIE BROOK, NS CA","","","19.0","4,C","10",",C","6",",C","1",",C","0",",C","0",",C","0","4,C","0","4,C","0","3,C","15","3,C","0","3,C","5.5","4,C,03,","0",",,C,31,+","0",",,C,31,+","62.0",",,C,10,","27.5","3,C,28,+","51.7","C","51.7","3,C","99.2",",,,C","0",",,,C","17.16","4,C","22.68","3,,,C","11.65","4,,,C"
"CA008201500","1989-08","45.35","-61.5","3.0","DICKIE BROOK, NS CA","","","56.4","2,C","9","2,C","4","2,C","0","2,C","0",",C","0",",C","0","2,C","0","2,C","0","1,C","27","1,C","0","1,C","2.5","2,C,28,","0",",,C,31,+","0",",,C,31,+","19.0","2,,C,30,","29.0","1,C,13,+","76.3","C","24.6","1,C","80.0",",a,,C","0",",,,C","19.32","2,C","24.55","1,,,C","14.09","2,,,C"
"CA008201500","1989-09","45.35","-61.5","3.0","DICKIE BROOK, NS CA","","","5.0","3,C","9","2,C","7","2,C","2","2,C","0",",C","0",",C","0","3,C","0","3,C","0","2,C","12","2,C","0","2,C","1.0","3,C,28,+","0",",,C,30,+","0",",,C,30,+","74.0","2,,C,15,","24.5","2,C,22,","182.5","C","106.2","2,C","164.8",",a,,C","0",",,,C","14.61","3,C","20.11","2,,,C","9.11","3,,,C"
"CA008201500","1989-10","45.35","-61.5","3.0","DICKIE BROOK, NS CA","","","0.0",",C","10",",C","6",",C","3",",C","0",",C","0",",C","0",",C","7",",C","0",",C","1",",C","0",",C","-4.0",",C,24,+","0",",,C,31,+","0",",,C,31,+","67.0",",,C,11,","22.0",",C,31,","479.8","C","297.3",",C","185.0",",,,C","0",",,,C","8.74",",C","13.89",",,,C","3.60",",,,C"
"CA008201500","1989-11","45.35","-61.5","3.0","DICKIE BROOK, NS CA","","","0.0",",C","19",",C","15",",C","2",",C","","","3",",C","0",",C","16",",C","8",",C","0",",C","0",",C","-14.5",",C,25,","","","150",",,C,23,","37.0",",,C,03,","19.0",",C,16,+","924.0","C","444.2",",C","233.2",",,,C","270",",,,C","3.53",",C","7.65",",,,C","-0.60",",,,C"
"CA008201500","1989-12","45.35","-61.5","3.0","DICKIE BROOK, NS CA","","","0.0",",C","9",",C","8",",C","0",",C","","","4",",C","6",",C","31",",C","24",",C","0",",C","0",",C","-27.5",",C,30,","","","170",",,C,16,","21.0",",,C,03,","6.0",",C,31,+","1770.8","C","846.8",",C","99.0",",,,C","530",",,,C","-8.98",",C","-3.82",",,,C","-14.15",",,,C"
"CA008201500","1990-01","45.35","-61.5","3.0","DICKIE BROOK, NS CA","0.0","C","0.0","5,C","17",",C","11",",C","0",",C","","","5",",C","0","5,C","24","5,C","11","3,C","0","3,C","0","3,C","-17.0","5,C,15,","","","220",",,C,30,","22.0",",,C,30,+","12.0","3,C,26,","2326.2","C","555.4","3,C","116.2",",,,C","470",",,,C","-3.00","5,C","1.77","3,,,C","-7.77","5,,,C"
"CA008201500","1990-02","45.35","-61.5","3.0","DICKIE BROOK, NS CA","0.0","C","0.0",",C","16",",C","8",",C","1",",C","","","5",",C","6",",C","26",",C","14",",C","0",",C","0",",C","-25.0",",C,27,","","","60",",,C,27,","63.2",",,C,10,","7.5",",C,23,+","3020.5","C","694.3",",C","126.2",",,,C","340",",,,C","-6.46",",C","-1.46",",,,C","-11.46",",,,C"
"CA008201500","1990-03","45.35","-61.5","3.0","DICKIE BROOK, NS CA","0.0","C","0.0",",C","7",",C","5",",C","1",",C","","","1",",C","4",",C","29",",C","14",",C","0",",C","0",",C","-22.0",",C,01,","","","50",",,C,14,","35.0",",,C,21,","11.0",",C,18,","3676.6","C","656.1",",C","71.0",",,,C","80",",,,C","-2.83",",C","1.82",",,,C","-7.48",",,,C"
"CA008201500","1990-04","45.35","-61.5","3.0","DICKIE BROOK, NS CA","0.0","C","0.0",",C","","","","","","","","","1",",C","0",",C","17",",C","0",",C","0",",C","0",",C","-8.0",",C,13,","","","60",",,C,01,","","","18.0",",C,27,","4114.3","C","437.7",",C","286.0",",a,,C","80",",,,C","3.74",",C","7.55",",,,C","-0.07",",,,C"
"CA008201500","1990-05","45.35","-61.5","3.0","DICKIE BROOK, NS CA","0.0","C","0.0",",C","15",",C","11",",C","4",",C","0",",C","0",",C","0",",C","10",",C","0",",C","1",",C","0",",C","-4.0",",C,05,","0",",T,C,07,","10",",,C,06,","64.0",",,C,14,","23.0",",C,29,","4474.1","C","359.8",",C","262.6",",,,C","10",",,,C","6.73",",C","10.90",",,,C","2.55",",,,C"
"CA008201500","1990-06","45.35","-61.5","3.0","DICKIE BROOK, NS CA","6.4","C","6.4",",C","11",",C","8",",C","4",",C","0",",C","0",",C","0",",C","0",",C","0",",C","15",",C","0",",C","1.0",",C,13,","0",",,C,30,+","0",",,C,30,+","50.0",",,C,04,","29.0",",C,02,","4575.8","C","101.7",",C","188.0",",,,C","0",",,,C","15.16",",C","20.50",",,,C","9.82",",,,C"
"CA008201500","1990-07","45.35","-61.5","3.0","DICKIE BROOK, NS CA","61.7","C","55.3",",C","9",",C","6",",C","1",",C","0",",C","0",",C","0",",C","0",",C","0",",C","23",",C","0",",C","6.0",",C,06,","0",",,C,31,+","0",",,C,31,+","32.0",",,C,23,","32.0",",C,19,+","39.8","C","39.8",",C","65.2",",,,C","0",",,,C","18.83",",C","23.98",",,,C","13.68",",,,C"
"CA008201500","1990-08","45.35","-61.5","3.0","DICKIE BROOK, NS CA","142.5","C","80.8",",C","9",",C","5",",C","1",",C","0",",C","0",",C","0",",C","0",",C","0",",C","28",",C","0",",C","4.0",",C,21,","0",",,C,31,+","0",",,C,31,+","88.0",",,C,01,","30.0",",C,26,","56.2","C","16.4",",C","109.0",",,,C","0",",,,C","20.41",",C","25.29",",,,C","15.53",",,,C"
"CA008201500","1990-09","45.35","-61.5","3.0","DICKIE BROOK, NS CA","145.8","C","3.3",",C","9","1,C","6","1,C","1","1,C","0",",C","0",",C","0",",C","0",",C","0",",C","8",",C","0",",C","0.5",",C,09,","0",",,C,30,+","0",",,C,30,+","50.0","1,,C,23,","25.0",",C,07,","189.4","C","133.2",",C","115.0","1,,,C","0",",,,C","14.00",",C","19.22",",,,C","8.78",",,,C"
"CA008201500","1990-10","45.35","-61.5","3.0","DICKIE BROOK, NS CA","147.6","C","1.8",",C","13",",C","9",",C","3",",C","0",",C","0",",C","0",",C","1",",C","0",",C","1",",C","0",",C","0.0",",C,21,","0",",,C,31,+","0",",,C,31,+","90.0",",,C,29,","24.0",",C,07,","405.8","C","216.4",",C","240.6",",,,C","0",",,,C","11.41",",C","14.79",",,,C","8.03",",,,C"
"CA008201500","1990-11","45.35","-61.5","3.0","DICKIE BROOK, NS CA","147.6","C","0.0",",C","15",",C","11",",C","2",",C","0",",C","0",",C","0",",C","12",",C","0",",C","0",",C","0",",C","-5.0",",C,13,","0",",,C,30,+","0",",T,C,30,+","28.0",",,C,10,","15.0",",C,28,+","823.3","C","417.5",",C","135.6",",,,C","0",",T,,C","4.42",",C","7.77",",,,C","1.07",",,,C"
"CA008201500","1990-12","45.35","-61.5","3.0","DICKIE BROOK, NS CA","","","","","16",",C","13",",C","4",",C","0",",C","1",",C","","","","","","","","","","","","","0",",T,C,03,","100",",,C,04,","99.2",",,C,08,","","","","","","","384.6",",,,C","110",",,,C","","","","","",""
"CA008201500","1991-01","45.35","-61.5","3.0","DICKIE BROOK, NS CA","","","","","11",",C","6",",C","1",",C","","","2",",C","","","","","","","","","","","","","","","150",",,C,12,","38.0",",,C,16,","","","","","","","99.2",",,,C","300",",,,C","","","","","",""
"CA008201500","1991-02","45.35","-61.5","3.0","DICKIE BROOK, NS CA","","","0.0",",C","8",",C","5",",C","1",",C","","","0",",C","6",",C","27",",C","15",",C","0",",C","0",",C","-18.5",",C,13,","","","20",",,C,27,+","47.0",",,C,14,","9.0",",C,14,","","","632.6",",C","98.0",",,,C","70",",,,C","-4.26",",C","0.34",",,,C","-8.86",",,,C"
"CA008201500","1991-03","45.35","-61.5","3.0","DICKIE BROOK, NS CA","","","","","13",",C","11",",C","3",",C","","","3",",C","0","5,C","24","5,C","2","1,C","0","1,C","0","1,C","-16.5","5,C,01,","","","250",",,C,24,","40.0",",,C,19,","12.0","1,C,02,","","","","","197.4",",,,C","330",",,,C","0.82","6,C","4.82","1,,,C","-3.17","5,,,C"
"CA008201500","1991-04","45.35","-61.5","3.0","DICKIE BROOK, NS CA","","","","","9",",C","5",",C","1",",C","0",",C","0",",C","","","","","","","","","","","","","0",",,C,30,+","10",",,C,16,+","27.0",",,C,10,","","","","","","","103.0",",,,C","20",",,,C","","","","","",""
"CA008201500","1991-05","45.35","-61.5","3.0","DICKIE BROOK, NS CA","","","0.0","1,C","5",",C","4",",C","1",",C","0",",C","0",",C","0","1,C","5","1,C","0",",C","3",",C","0",",C","-5.0","1,C,01,","0",",,C,31,+","0",",,C,31,+","29.0",",,C,24,","26.5",",C,25,","","","271.7",",C","66.4",",,,C","0",",,,C","9.39","1,C","14.48",",,,C","4.30","1,,,C"
"CA008201500","1991-06","45.35","-61.5","3.0","DICKIE BROOK, NS CA","","","9.7","5,C","7",",C","5",",C","0",",C","0",",C","0",",C","0","5,C","0","5,C","0",",C","13",",C","0",",C","2.5","5,C,07,","0",",,C,30,+","0",",,C,30,+","13.0",",,C,03,","32.0",",C,20,","","","104.0",",C","38.4",",,,C","0",",,,C","14.52","5,C","20.48",",,,C","8.56","5,,,C"
"CA008201500","1991-07","45.35","-61.5","3.0","DICKIE BROOK, NS CA","","","49.6",",C","8",",C","6",",C","1",",C","0",",C","0",",C","0",",C","0",",C","0",",C","24",",C","0",",C","3.5",",C,04,","0",",,C,31,+","0",",,C,31,+","30.0",",,C,14,","32.0",",C,19,","34.9","C","34.9",",C","92.0",",,,C","0",",,,C","18.81",",C","24.69",",,,C","12.92",",,,C"
"CA008201500","1991-08","45.35","-61.5","3.0","DICKIE BROOK, NS CA","","","37.3",",C","13",",C","8",",C","2",",C","0",",C","0",",C","0",",C","0",",C","0",",C","22",",C","1",",C","8.0",",C,25,+","0",",,C,31,+","0",",,C,31,+","37.0",",,C,19,","33.0",",C,14,","59.1","C","24.2",",C","123.4",",,,C","0",",,,C","18.76",",C","23.02",",,,C","14.50",",,,C"
"CA008201500","1991-09","45.35","-61.5","3.0","DICKIE BROOK, NS CA","","","4.1",",C","15","1,C","12","1,C","3","1,C","0",",C","0",",C","0",",C","0",",C","0",",C","7",",C","0",",C","2.5",",C,23,","0",",,C,30,+","0",",,C,30,+","58.4","1,,C,20,","24.0",",C,03,","178.4","C","119.3",",C","219.4",",a,,C","0",",,,C","14.49",",C","18.17",",,,C","10.82",",,,C"
"CA008201500","1991-10","45.35","-61.5","3.0","DICKIE BROOK, NS CA","","","0.0",",C","18",",C","15",",C","1",",C","0",",C","0",",C","0",",C","6",",C","0",",C","0",",C","0",",C","-2.0",",C,22,","0",",,C,31,+","0",",,C,31,+","38.0",",,C,03,","21.0",",C,03,","424.7","C","246.3",",C","162.2",",,,C","0",",,,C","10.39",",C","14.13",",,,C","6.65",",,,C"
"CA008201500","1991-11","45.35","-61.5","3.0","DICKIE BROOK, NS CA","","","0.0",",C","19",",C","12",",C","2",",C","0",",C","0",",C","0",",C","9",",C","0",",C","0",",C","0",",C","-3.0",",C,28,+","0",",,C,30,+","10",",,C,27,","58.0",",,C,11,","18.0",",C,02,","788.9","C","364.2",",C","199.8",",,,C","10",",,,C","6.19",",C","9.07",",,,C","3.32",",,,C"
"CA008201500","1991-12","45.35","-61.5","3.0","DICKIE BROOK, NS CA","","","0.0","2,C","17","2,C","11","2,C","0","2,C","18",",C","8",",C","0","2,C","27","2,C","15","2,C","0","2,C","0","2,C","-15.0","2,C,28,+","360",",,C,31,+","180",",,C,29,","18.0","2,,C,29,","13.0","2,C,01,","1403.3","C","614.4","2,C","110.2","2,,,C","800",",,,C","-2.85","2,C","0.86","2,,,C","-6.57","2,,,C"
"CA008201500","1992-01","45.35","-61.5","3.0","DICKIE BROOK, NS CA","0.0","C","0.0",",C","11",",C","6",",C","2",",C","15",",C","3",",C","8",",C","29",",C","20",",C","0",",C","0",",C","-21.0",",C,22,+","360",",,C,01,","110",",,C,31,","73.2",",,C,05,","9.5",",C,24,","2157.6","C","754.3",",C","145.4",",,,C","250",",,,C","-6.00",",C","-1.81",",,,C","-10.19",",,,C"
"CA008201500","1992-02","45.35","-61.5","3.0","DICKIE BROOK, NS CA","0.0","C","0.0",",C","","","","","","","","","4","4,C","5",",C","29",",C","19",",C","0",",C","0",",C","-26.0",",C,13,","","","200","4,,C,05,","","","6.0",",C,29,+","2870.5","C","712.9",",C","","","450","4,,,C","-6.25",",C","-1.26",",,,C","-11.24",",,,C"
"CA008201500","1992-03","45.35","-61.5","3.0","DICKIE BROOK, NS CA","","","","","10",",C","9",",C","2",",C","","","2",",C","","","","","","","","","","","","","","","170",",,C,23,","112.2",",,C,08,","","","","","","","224.4",",,,C","230",",,,C","","","","","",""
"CA008201500","1992-04","45.35","-61.5","3.0","DICKIE BROOK, NS CA","","","0.0",",C","7",",C","6",",C","0",",C","","","2",",C","0",",C","27",",C","5",",C","0",",C","0",",C","-9.0",",C,14,","","","80",",,C,12,","8.6",",,C,22,","18.0",",C,21,","","","515.0",",C","40.0",",,,C","120",",,,C","1.17",",C","4.90",",,,C","-2.57",",,,C"
"CA008201500","1992-05","45.35","-61.5","3.0","DICKIE BROOK, NS CA","","","2.9",",C","6","2,C","3","2,C","0","2,C","0","2,C","1",",C","0",",C","9",",C","0",",C","6",",C","0",",C","-4.0",",C,01,","0","2,,C,31,+","60",",,C,05,","14.0","2,,C,27,","29.0",",C,22,","","","297.2",",C","39.1",",a,,C","60",",,,C","8.84",",C","14.23",",,,C","3.45",",,,C"
"CA008201500","1992-06","45.35","-61.5","3.0","DICKIE BROOK, NS CA","","","1.7",",C","12",",C","6",",C","2",",C","0",",C","0",",C","0",",C","1",",C","0",",C","12",",C","0",",C","-1.0",",C,05,","0",",,C,30,+","0",",,C,30,+","56.8",",,C,25,","27.5",",C,08,","","","130.9",",C","117.6",",,,C","0",",,,C","14.03",",C","19.05",",,,C","9.00",",,,C"
"CA008201500","1992-07","45.35","-61.5","3.0","DICKIE BROOK, NS CA","","","9.2",",C","12",",C","7",",C","0",",C","0",",C","0",",C","0",",C","0",",C","0",",C","16",",C","0",",C","6.0",",C,17,+","0",",,C,31,+","0",",,C,31,+","21.0",",,C,09,","27.0",",C,29,","86.5","C","86.5",",C","80.2",",,,C","0",",,,C","15.84",",C","20.92",",,,C","10.76",",,,C"
"CA008201500","1992-08","45.35","-61.5","3.0","DICKIE BROOK, NS CA","","","30.2",",C","12",",C","9",",C","1",",C","0",",C","0",",C","0",",C","0",",C","0",",C","20",",C","0",",C","7.0",",C,13,+","0",",,C,31,+","0",",,C,31,+","34.0",",,C,01,","31.0",",C,25,","116.2","C","29.7",",C","81.6",",,,C","0",",,,C","18.35",",C","22.73",",,,C","13.97",",,,C"
"CA008201500","1992-09","45.35","-61.5","3.0","DICKIE BROOK, NS CA","","","9.8",",C","9",",C","4",",C","1",",C","0",",C","0",",C","0",",C","1",",C","0",",C","14",",C","0",",C","0.0",",C,25,","0",",,C,30,+","0",",,C,30,+","43.6",",,C,11,","25.0",",C,28,","222.0","C","105.8",",C","85.6",",,,C","0",",,,C","15.13",",C","20.30",",,,C","9.97",",,,C"
"CA008201500","1992-10","45.35","-61.5","3.0","DICKIE BROOK, NS CA","","","0.0",",C","17",",C","7",",C","3",",C","0",",C","0",",C","0",",C","6",",C","0",",C","0",",C","0",",C","-3.0",",C,29,+","0",",,C,31,+","0",",,C,31,+","52.6",",,C,19,+","19.5",",C,09,","530.1","C","308.1",",C","199.4",",,,C","0",",,,C","8.40",",C","12.10",",,,C","4.69",",,,C"
"CA008201500","1992-11","45.35","-61.5","3.0","DICKIE BROOK, NS CA","","","","","14",",C","10",",C","0",",C","0","5,C","1",",C","","","","","","","","","","","","","0","5,,C,30,+","50",",,C,19,","20.0",",,C,13,","","","","","","","107.6",",,,C","60",",,,C","","","","","",""
"CA008201500","1992-12","45.35","-61.5","3.0","DICKIE BROOK, NS CA","","","0.0","4,C","","","","","","","","","","","0","1,C","25","1,C","12","3,C","0","3,C","0","3,C","-17.0","1,C,28,","","","","","","","8.0","3,C,20,+","","","543.2","3,C","","","","","-1.91","4,C","1.11","3,,,C","-4.93","1,,,C"
"CA008201500","1993-01","45.35","-61.5","3.0","DICKIE BROOK, NS CA","0.0","","0.0","3,C","10",",C","9",",C","0",",C","","","4",",C","5","1,C","28","1,C","21","2,C","0","2,C","0","2,C","-27.5","1,C,31,","","","210",",,C,27,","21.0",",,C,27,","11.0","2,C,05,","","","708.6","2,C","103.0",",,,C","440",",,,C","-6.71","3,C","-2.31","2,,,C","-11.12","1,,,C"
"CA008201500","1993-02","45.35","-61.5","3.0","DICKIE BROOK, NS CA","0.0","","0.0",",C","11",",C","9",",C","2",",C","","","7",",C","13",",C","27",",C","23",",C","0",",C","0",",C","-28.0",",C,07,","","","180",",,C,22,+","29.8",",,C,17,","7.0",",C,17,+","","","769.1",",C","165.0",",,,C","750",",,,C","-9.13",",C","-3.63",",,,C","-14.64",",,,C"
"CA008201500","1993-03","45.35","-61.5","3.0","DICKIE BROOK, NS CA","0.0","","0.0",",C","10",",C","9",",C","2",",C","","","4",",C","1",",C","30",",C","12",",C","0",",C","0",",C","-22.0",",C,20,","","","220",",,C,18,","40.0",",,C,17,","19.0",",C,27,","","","632.1",",C","171.0",",,,C","650",",,,C","-2.06",",C","3.35",",,,C","-7.47",",,,C"
"CA008201500","1993-04","45.35","-61.5","3.0","DICKIE BROOK, NS CA","0.0","","0.0",",C","15",",C","10",",C","0",",C","","","1",",C","0",",C","15",",C","1",",C","0",",C","0",",C","-10.0",",C,06,+","","","120",",,C,01,","19.6",",,C,27,","16.5",",C,21,","","","427.2",",C","96.4",",,,C","140",",,,C","4.09",",C","7.98",",,,C","0.20",",,,C"
"CA008201500","1993-05","45.35","-61.5","3.0","DICKIE BROOK, NS CA","0.0","","0.0",",C","10","3,C","8","3,C","0","3,C","0",",C","0",",C","0",",C","6",",C","0",",C","0",",C","0",",C","-4.5",",C,10,","0",",,C,31,+","0",",T,C,09,","25.0","3,,C,20,","20.0",",C,27,","","","309.3",",C","124.6",",a,,C","0",",T,,C","8.35",",C","12.40",",,,C","4.31",",,,C"
"CA008201500","1993-06","45.35","-61.5","3.0","DICKIE BROOK, NS CA","2.7","","2.7",",C","13",",C","9",",C","1",",C","0",",C","0",",C","0",",C","1",",C","0",",C","8",",C","0",",C","0.0",",C,01,","0",",,C,30,+","0",",,C,30,+","27.0",",,C,07,","28.0",",C,27,","","","153.4",",C","120.6",",,,C","0",",,,C","13.31",",C","18.70",",,,C","7.92",",,,C"
"CA008201500","1993-07","45.35","-61.5","3.0","DICKIE BROOK, NS CA","13.3","","10.6",",C","9","5,C","5","5,C","1","5,C","0",",C","0",",C","0",",C","0",",C","0",",C","12",",C","0",",C","7.0",",C,22,","0",",,C,31,+","0",",,C,31,+","43.4","5,,C,03,","28.0",",C,14,+","62.4","","62.4",",C","99.0",",a,,C","0",",,,C","16.66",",C","20.44",",,,C","12.89",",,,C"
"CA008201500","1993-08","45.35","-61.5","3.0","DICKIE BROOK, NS CA","36.6","","23.3",",C","13",",C","6",",C","1",",C","0",",C","0",",C","0",",C","0",",C","0",",C","18",",C","0",",C","5.0",",C,31,","0",",,C,31,+","0",",,C,31,+","43.0",",,C,02,","28.5",",C,26,","111.8","","49.4",",C","120.0",",,,C","0",",,,C","17.49",",C","22.27",",,,C","12.71",",,,C"
"CA008201500","1993-09","45.35","-61.5","3.0","DICKIE BROOK, NS CA","44.1","","7.5","5,C","9",",C","7",",C","1",",C","0",",C","0",",C","0","5,C","1","5,C","0","2,C","7","2,C","0","2,C","0.0","5,C,17,","0",",,C,30,+","0",",,C,30,+","46.8",",,C,18,","26.0","2,C,15,","205.6","","93.8","2,C","88.8",",,,C","0",",,,C","14.80","5,C","19.07","2,,,C","10.52","5,,,C"
"CA008201500","1993-10","45.35","-61.5","3.0","DICKIE BROOK, NS CA","44.1","","0.0",",C","15","4,C","12","4,C","4","4,C","0",",C","0",",C","0",",C","15",",C","0",",C","0",",C","0",",C","-4.5",",C,12,","0",",,C,31,+","0",",,C,31,+","89.6","4,,C,27,","19.0",",C,05,","538.2","","332.6",",C","344.6",",a,,C","0",",,,C","7.60",",C","12.42",",,,C","2.79",",,,C"
"CA008201500","1993-11","45.35","-61.5","3.0","DICKIE BROOK, NS CA","","","","","","","","","","","0","4,C","0",",C","","","","","","","","","","","","","0","4,,C,30,+","20",",,C,30,+","","","","","","","","","103.6","5,a,,C","40",",,,C","","","","","",""
"CA008201500","1994-01","45.35","-61.5","3.0","DICKIE BROOK, NS CA","0.0","","0.0","4,C","14",",C","11",",C","1",",C","","","8",",C","9","3,C","28","3,C","19","3,C","0","3,C","0","3,C","-27.0","3,C,27,","","","250",",,C,04,","59.2",",,C,28,","10.0","3,C,28,","","","730.0","3,C","188.2",",,,C","770",",,,C","-8.69","4,C","-3.30","3,,,C","-14.07","3,,,C"
"CA008201500","1994-02","45.35","-61.5","3.0","DICKIE BROOK, NS CA","0.0","","0.0",",C","8",",C","6",",C","0",",C","","","6",",C","11",",C","27",",C","20",",C","0",",C","0",",C","-26.0",",C,09,","","","200",",,C,13,+","20.0",",,C,13,+","17.0",",C,20,","","","744.1",",C","69.8",",,,C","640",",,,C","-8.24",",C","-2.39",",,,C","-14.09",",,,C"
"CA008201500","1994-03","45.35","-61.5","3.0","DICKIE BROOK, NS CA","","","","","17",",C","15",",C","3",",C","","","4",",C","","","","","","","","","","","","","","","80",",,C,11,","58.0",",,C,03,","","","","","","","267.6",",,,C","240",",,,C","","","","","",""
"CA008201500","1994-04","45.35","-61.5","3.0","DICKIE BROOK, NS CA","","","0.0",",C","14",",C","9",",C","2",",C","0",",C","1",",C","0",",C","16",",C","1",",C","0",",C","0",",C","-9.0",",C,03,","0",",,C,30,+","50",",,C,23,","38.6",",,C,07,","19.0",",C,16,","","","405.2",",C","149.8",",,,C","50",",,,C","4.83",",C","9.27",",,,C","0.38",",,,C"
"CA008201500","1994-05","45.35","-61.5","3.0","DICKIE BROOK, NS CA","","","0.0",",C","15",",C","11",",C","2",",C","0",",C","0",",C","0",",C","6",",C","0",",C","0",",C","0",",C","-2.0",",C,08,","0",",,C,31,+","0",",,C,31,+","69.2",",,C,05,","19.0",",C,31,+","","","328.1",",C","197.6",",,,C","0",",,,C","7.75",",C","12.58",",,,C","2.92",",,,C"
"CA008201500","1994-06","45.35","-61.5","3.0","DICKIE BROOK, NS CA","","","","","12",",C","7",",C","0",",C","0",",C","0",",C","0","5,C","0","5,C","0","4,C","11","4,C","0","4,C","1.0","5,C,11,","0",",,C,30,+","0",",,C,30,+","21.4",",,C,14,","28.0","4,C,27,","","","","","111.8",",,,C","0",",,,C","14.57","6,C","19.90","4,,,C","9.24","5,,,C"
"CA008201500","1994-07","45.35","-61.5","3.0","DICKIE BROOK, NS CA","","","","","9","2,C","7","2,C","0","2,C","0",",C","0",",C","","","","","","","","","","","","","0",",,C,31,+","0",",,C,31,+","17.8","2,,C,25,","","","","","","","75.4","2,,,C","0",",,,C","","","","","",""
"CA008201500","1994-08","45.35","-61.5","3.0","DICKIE BROOK, NS CA","","","","","11",",C","8",",C","2",",C","0",",C","0",",C","","","","","0","4,C","15","4,C","0","4,C","","","0",",,C,31,+","0",",,C,31,+","37.6",",,C,06,","30.0","4,C,01,","","","","","142.0",",,,C","0",",,,C","","","22.65","4,,,C","",""
