"STATION","DATE","LATITUDE","LONGITUDE","ELEVATION","NAME","CDSD","CDSD_ATTRIBUTES","CLDD","CLDD_ATTRIBUTES","DP01","DP01_ATTRIBUTES","DP10","DP10_ATTRIBUTES","DP1X","DP1X_ATTRIBUTES","DSND","DSND_ATTRIBUTES","DSNW","DSNW_ATTRIBUTES","DT00","DT00_ATTRIBUTES","DT32","DT32_ATTRIBUTES","DX32","DX32_ATTRIBUTES","DX70","DX70_ATTRIBUTES","DX90","DX90_ATTRIBUTES","EMNT","EMNT_ATTRIBUTES","EMSD","EMSD_ATTRIBUTES","EMSN","EMSN_ATTRIBUTES","EMXP","EMXP_ATTRIBUTES","EMXT","EMXT_ATTRIBUTES","HDSD","HDSD_ATTRIBUTES","HTDD","HTDD_ATTRIBUTES","PRCP","PRCP_ATTRIBUTES","SNOW","SNOW_ATTRIBUTES","TAVG","TAVG_ATTRIBUTES","TMAX","TMAX_ATTRIBUTES","TMIN","TMIN_ATTRIBUTES"
"CA001020270","1913-12","50.5833","-126.9333","59.0","ALERT BAY, BC CA","","","0.0",",C","20",",C","8",",C","1",",C","","","0",",C","0",",C","1",",C","0",",C","0",",C","0",",C","0.0",",C,21,","","","0",",,C,31,+","38.9",",,C,16,","14.4",",C,11,","","","340.4",",C","110.0",",,,C","0",",,,C","7.35",",C","8.60",",,,C","6.10",",,,C"
"CA001020270","1914-01","50.5833","-126.9333","59.0","ALERT BAY, BC CA","0.0","C","0.0","1,C","23",",C","10",",C","3",",C","","","0",",C","0",",C","10",",C","3","1,C","0","1,C","0","1,C","-3.3",",C,26,","","","0",",T,C,29,+","60.2",",,C,11,","10.0","1,C,07,","","","441.4","1,C","188.8",",,,C","0",",T,,C","3.57","1,C","4.68","1,,,C","2.45",",,,C"
"CA001020270","1914-02","50.5833","-126.9333","59.0","ALERT BAY, BC CA","0.0","C","0.0",",C","12",",C","7",",C","2",",C","","","1",",C","0",",C","4",",C","0",",C","0",",C","0",",C","-2.2",",C,05,","","","25",",,C,03,","29.7",",,C,26,","11.7",",C,20,","","","352.5",",C","97.6",",,,C","25",",,,C","5.74",",C","7.56",",,,C","3.93",",,,C"
"CA001020270","1914-03","50.5833","-126.9333","59.0","ALERT BAY, BC CA","0.0","C","0.0",",C","15",",C","10",",C","2",",C","","","0",",C","0",",C","4",",C","0",",C","0",",C","0",",C","-1.1",",C,25,+","","","0",",,C,31,+","35.3",",,C,03,","17.2",",C,20,","","","343.1",",C","127.1",",,,C","0",",,,C","7.26",",C","9.41",",,,C","5.12",",,,C"
"CA001020270","1914-04","50.5833","-126.9333","59.0","ALERT BAY, BC CA","0.0","C","0.0",",C","18",",C","7",",C","1",",C","","","0",",C","0",",C","0",",C","0",",C","0",",C","0",",C","5.0",",C,25,+","","","0",",,C,30,+","31.8",",,C,19,","18.3",",C,11,+","","","244.8",",C","91.8",",,,C","0",",,,C","10.17",",C","12.44",",,,C","7.90",",,,C"
"CA001020270","1914-05","50.5833","-126.9333","59.0","ALERT BAY, BC CA","0.0","C","0.0",",C","9",",C","3",",C","0",",C","","","0",",C","0",",C","0",",C","0",",C","1",",C","0",",C","4.4",",C,05,","","","0",",,C,31,+","12.2",",,C,03,","21.1",",C,21,","","","206.0",",C","26.6",",,,C","0",",,,C","11.69",",C","14.08",",,,C","9.30",",,,C"
"CA001020270","1914-06","50.5833","-126.9333","59.0","ALERT BAY, BC CA","0.0","C","0.0",",C","9",",C","3",",C","0",",C","","","0",",C","0",",C","0",",C","0",",C","11",",C","0",",C","2.2",",C,19,+","","","0",",,C,30,+","7.6",",,C,19,","25.6",",C,27,","","","172.6",",C","22.4",",,,C","0",",,,C","12.58",",C","18.15",",,,C","7.01",",,,C"
"CA001020270","1914-07","50.5833","-126.9333","59.0","ALERT BAY, BC CA","0.0","C","0.0",",C","13",",C","5",",C","0",",C","","","0",",C","0",",C","0",",C","0",",C","13",",C","0",",C","3.3",",C,09,+","","","0",",,C,31,+","7.6",",,C,31,","23.3",",C,05,+","134.1","C","134.1",",C","31.8",",,,C","0",",,,C","14.01",",C","19.37",",,,C","8.65",",,,C"
"CA001020270","1914-08","50.5833","-126.9333","59.0","ALERT BAY, BC CA","0.0","C","0.0",",C","9",",C","3",",C","0",",C","","","0",",C","0",",C","0",",C","0",",C","2",",C","0",",C","7.8",",C,31,","","","0",",,C,31,+","10.7",",,C,06,","22.2",",C,04,+","258.0","C","123.9",",C","25.7",",,,C","0",",,,C","14.34",",C","16.87",",,,C","11.80",",,,C"
"CA001020270","1914-09","50.5833","-126.9333","59.0","ALERT BAY, BC CA","0.0","C","0.0",",C","17",",C","13",",C","0",",C","","","0",",C","0",",C","0",",C","0",",C","0",",C","0",",C","7.8",",C,03,","","","0",",,C,30,+","12.7",",,C,27,","20.0",",C,24,","434.6","C","176.6",",C","101.7",",,,C","0",",,,C","12.45",",C","14.13",",,,C","10.76",",,,C"
"CA001020270","1914-10","50.5833","-126.9333","59.0","ALERT BAY, BC CA","0.0","C","0.0",",C","19",",C","12",",C","2",",C","","","0",",C","0",",C","0",",C","0",",C","0",",C","0",",C","5.6",",C,03,+","","","0",",,C,31,+","30.0",",,C,30,","16.7",",C,27,+","628.3","C","193.7",",C","175.5",",,,C","0",",,,C","12.09",",C","13.74",",,,C","10.43",",,,C"
"CA001020270","1914-11","50.5833","-126.9333","59.0","ALERT BAY, BC CA","0.0","C","0.0",",C","23",",C","19",",C","2",",C","","","0",",C","0",",C","0",",C","0",",C","0",",C","0",",C","1.1",",C,28,","","","0",",,C,30,+","40.4",",,C,22,","12.2",",C,24,+","957.2","C","328.9",",C","239.1",",,,C","0",",,,C","7.37",",C","8.88",",,,C","5.86",",,,C"
"CA001020270","1914-12","50.5833","-126.9333","59.0","ALERT BAY, BC CA","0.0","C","0.0",",C","12",",C","8",",C","1",",C","","","0",",C","0",",C","10",",C","0",",C","0",",C","0",",C","-2.2",",C,13,+","","","0",",,C,31,+","26.2",",,C,01,","8.9",",C,24,","1420.3","C","463.1",",C","69.6",",,,C","0",",,,C","3.40",",C","5.12",",,,C","1.67",",,,C"
"CA001020270","1915-01","50.5833","-126.9333","59.0","ALERT BAY, BC CA","0.0","","0.0",",C","12",",C","9",",C","1",",C","","","0",",C","0",",C","5",",C","0",",C","0",",C","0",",C","-2.2",",C,25,","","","0",",,C,31,+","29.7",",,C,10,","10.0",",C,31,+","1844.9","","424.6",",C","130.4",",,,C","0",",,,C","4.64",",C","6.54",",,,C","2.74",",,,C"
"CA001020270","1915-02","50.5833","-126.9333","59.0","ALERT BAY, BC CA","0.0","","0.0","1,C","15",",C","8",",C","0",",C","","","0",",C","0",",C","1",",C","0","1,C","0","1,C","0","1,C","0.0",",C,16,","","","0",",,C,28,+","17.5",",,C,01,","13.3","1,C,21,","2170.3","","325.4","1,C","80.4",",,,C","0",",,,C","6.22","1,C","7.94","1,,,C","4.50",",,,C"
"CA001020270","1915-03","50.5833","-126.9333","59.0","ALERT BAY, BC CA","0.0","","0.0",",C","9",",C","8",",C","1",",C","","","0",",C","0",",C","1",",C","0",",C","0",",C","0",",C","-0.6",",C,24,","","","0",",,C,31,+","26.2",",,C,16,","18.3",",C,23,","2459.4","","289.1",",C","69.8",",,,C","0",",,,C","9.01",",C","11.67",",,,C","6.35",",,,C"
"CA001020270","1915-04","50.5833","-126.9333","59.0","ALERT BAY, BC CA","0.0","","0.0",",C","15",",C","12",",C","0",",C","","","0",",C","0",",C","0",",C","0",",C","0",",C","0",",C","3.3",",C,29,","","","0",",,C,30,+","18.5",",,C,01,","16.1",",C,15,","2716.3","","256.9",",C","81.0",",,,C","0",",,,C","9.77",",C","12.14",",,,C","7.40",",,,C"
"CA001020270","1915-05","50.5833","-126.9333","59.0","ALERT BAY, BC CA","0.0","","0.0",",C","19",",C","13",",C","0",",C","","","0",",C","0",",C","0",",C","0",",C","1",",C","0",",C","5.6",",C,01,","","","0",",,C,31,+","13.2",",,C,17,","21.1",",C,04,","2875.6","","159.3",",C","88.3",",,,C","0",",,,C","13.19",",C","16.12",",,,C","10.27",",,,C"
"CA001020270","1915-06","50.5833","-126.9333","59.0","ALERT BAY, BC CA","0.0","","0.0",",C","7",",C","2",",C","0",",C","","","0",",C","0",",C","0",",C","0",",C","0",",C","0",",C","8.3",",C,01,","","","0",",,C,30,+","5.1",",,C,24,","20.6",",C,29,","3011.7","","136.1",",C","11.7",",,,C","0",",,,C","13.80",",C","16.65",",,,C","10.94",",,,C"
"CA001020270","1915-07","50.5833","-126.9333","59.0","ALERT BAY, BC CA","0.0","","0.0",",C","9",",C","4",",C","0",",C","","","0",",C","0",",C","0",",C","0",",C","7",",C","0",",C","9.4",",C,04,","","","0",",,C,31,+","10.2",",,C,08,","22.8",",C,08,","97.1","","97.1",",C","35.1",",,,C","0",",,,C","15.20",",C","18.40",",,,C","12.00",",,,C"
"CA001020270","1915-08","50.5833","-126.9333","59.0","ALERT BAY, BC CA","5.0","","5.0",",C","4",",C","0",",C","0",",C","","","0",",C","0",",C","0",",C","0",",C","12",",C","0",",C","10.0",",C,26,+","","","0",",,C,31,+","1.3",",,C,31,+","25.6",",C,28,","150.4","","53.3",",C","4.6",",,,C","0",",,,C","16.77",",C","20.51",",,,C","13.04",",,,C"
"CA001020270","1915-09","50.5833","-126.9333","59.0","ALERT BAY, BC CA","5.0","","0.0",",C","10",",C","6",",C","0",",C","","","0",",C","0",",C","0",",C","0",",C","1",",C","0",",C","7.8",",C,29,+","","","0",",,C,30,+","5.8",",,C,06,","21.1",",C,03,","297.2","","146.8",",C","32.3",",,,C","0",",,,C","13.44",",C","15.90",",,,C","10.98",",,,C"
"CA001020270","1915-10","50.5833","-126.9333","59.0","ALERT BAY, BC CA","5.0","","0.0",",C","22",",C","20",",C","2",",C","","","0",",C","0",",C","0",",C","0",",C","0",",C","0",",C","4.4",",C,06,","","","0",",,C,31,+","60.7",",,C,26,","16.1",",C,05,","551.4","","254.2",",C","290.3",",,,C","0",",,,C","10.13",",C","12.01",",,,C","8.25",",,,C"
"CA001020270","1915-11","50.5833","-126.9333","59.0","ALERT BAY, BC CA","5.0","","0.0",",C","21",",C","15",",C","0",",C","","","0",",C","0",",C","5",",C","0",",C","0",",C","0",",C","-1.1",",C,10,","","","0",",,C,30,+","20.3",",,C,29,","10.0",",C,16,+","945.8","","394.4",",C","149.9",",,,C","0",",,,C","5.19",",C","7.19",",,,C","3.19",",,,C"
"CA001020270","1916-01","50.5833","-126.9333","59.0","ALERT BAY, BC CA","0.0","C","0.0",",C","12",",C","7",",C","0",",C","","","6",",C","0",",C","29",",C","16",",C","0",",C","0",",C","-9.4",",C,29,","","","178",",,C,06,","17.8",",,C,06,","5.0",",C,07,","","","622.0",",C","51.8",",,,C","483",",,,C","-1.73",",C","0.45",",,,C","-3.91",",,,C"
"CA001020270","1916-02","50.5833","-126.9333","59.0","ALERT BAY, BC CA","0.0","C","0.0",",C","18",",C","6",",C","3",",C","","","4",",C","0",",C","10",",C","0",",C","0",",C","0",",C","-3.3",",C,04,","","","610",",,C,10,","63.0",",,C,10,","12.2",",C,18,+","","","403.3",",C","140.4",",,,C","979",",,,C","4.43",",C","6.55",",,,C","2.30",",,,C"
"CA001020270","1916-03","50.5833","-126.9333","59.0","ALERT BAY, BC CA","0.0","C","0.0",",C","27",",C","19",",C","2",",C","","","1",",C","0",",C","5",",C","0",",C","0",",C","0",",C","-1.1",",C,01,","","","25",",,C,03,","38.1",",,C,07,","12.8",",C,19,","","","391.3",",C","177.3",",,,C","25",",,,C","5.71",",C","7.88",",,,C","3.54",",,,C"
"CA001020270","1916-04","50.5833","-126.9333","59.0","ALERT BAY, BC CA","0.0","C","0.0",",C","18",",C","10",",C","1",",C","","","0",",C","0",",C","0",",C","0",",C","0",",C","0",",C","1.1",",C,22,","","","0",",,C,30,+","38.4",",,C,13,","13.3",",C,06,","","","321.0",",C","98.3",",,,C","0",",,,C","7.63",",C","9.64",",,,C","5.62",",,,C"
"CA001020270","1916-05","50.5833","-126.9333","59.0","ALERT BAY, BC CA","0.0","C","0.0",",C","14",",C","4",",C","0",",C","","","0",",C","0",",C","0",",C","0",",C","0",",C","0",",C","2.2",",C,09,","","","0",",,C,31,+","4.8",",,C,21,","16.7",",C,29,+","","","265.3",",C","26.0",",,,C","0",",,,C","9.78",",C","12.43",",,,C","7.12",",,,C"
"CA001020270","1916-06","50.5833","-126.9333","59.0","ALERT BAY, BC CA","0.0","C","0.0",",C","10",",C","6",",C","0",",C","","","0",",C","0",",C","0",",C","0",",C","1",",C","0",",C","6.1",",C,06,+","","","0",",,C,30,+","20.3",",,C,26,","21.1",",C,16,","","","160.9",",C","64.4",",,,C","0",",,,C","12.97",",C","16.03",",,,C","9.91",",,,C"
"CA001020270","1916-07","50.5833","-126.9333","59.0","ALERT BAY, BC CA","0.0","C","0.0",",C","25",",C","12",",C","0",",C","","","0",",C","0",",C","0",",C","0",",C","0",",C","0",",C","8.9",",C,08,","","","0",",,C,31,+","14.2",",,C,24,","20.0",",C,09,+","128.6","C","128.6",",C","87.9",",,,C","0",",,,C","14.18",",C","16.45",",,,C","11.92",",,,C"
"CA001020270","1916-08","50.5833","-126.9333","59.0","ALERT BAY, BC CA","1.7","C","1.7",",C","2",",C","0",",C","0",",C","","","0",",C","0",",C","0",",C","0",",C","6",",C","0",",C","8.9",",C,18,+","","","0",",,C,31,+","0.3",",,C,05,+","22.8",",C,25,","234.5","C","105.9",",C","0.6",",,,C","0",",,,C","14.97",",C","18.25",",,,C","11.70",",,,C"
"CA001020270","1916-09","50.5833","-126.9333","59.0","ALERT BAY, BC CA","1.7","C","0.0",",C","12",",C","10",",C","0",",C","","","0",",C","0",",C","0",",C","0",",C","0",",C","0",",C","6.1",",C,27,","","","0",",,C,30,+","17.0",",,C,26,","18.9",",C,21,","422.3","C","187.8",",C","82.5",",,,C","0",",,,C","12.07",",C","14.51",",,,C","9.64",",,,C"
"CA001020270","1916-10","50.5833","-126.9333","59.0","ALERT BAY, BC CA","1.7","C","0.0",",C","12",",C","9",",C","0",",C","","","0",",C","0",",C","1",",C","0",",C","0",",C","0",",C","0.0",",C,03,","","","0",",,C,31,+","18.3",",,C,29,","14.4",",C,16,","725.2","C","302.9",",C","99.0",",,,C","0",",,,C","8.56",",C","10.78",",,,C","6.34",",,,C"
"CA001020270","1916-11","50.5833","-126.9333","59.0","ALERT BAY, BC CA","1.7","C","0.0",",C","19",",C","14",",C","2",",C","","","1",",C","0",",C","7",",C","0",",C","0",",C","0",",C","-1.7",",C,11,","","","25",",,C,29,","45.7",",,C,29,","10.0",",C,03,","1115.9","C","390.7",",C","176.9",",,,C","25",",,,C","5.31",",C","7.48",",,,C","3.14",",,,C"
"CA001020270","1916-12","50.5833","-126.9333","59.0","ALERT BAY, BC CA","1.7","C","0.0",",C","16",",C","12",",C","0",",C","","","2",",C","0",",C","10",",C","0",",C","0",",C","0",",C","-2.2",",C,24,","","","51",",,C,06,","23.9",",,C,03,","7.8",",C,18,","1580.2","C","464.3",",C","118.5",",,,C","76",",,,C","3.36",",C","4.74",",,,C","1.98",",,,C"
"CA001020270","1917-01","50.5833","-126.9333","59.0","ALERT BAY, BC CA","0.0","","0.0",",C","24",",C","19",",C","0",",C","","","4",",C","0",",C","6",",C","3",",C","0",",C","0",",C","-11.1",",C,30,","","","203",",,C,29,","23.6",",,C,25,","8.9",",C,10,","2051.0","","470.8",",C","186.0",",,,C","406",",,,C","3.15",",C","4.60",",,,C","1.69",",,,C"
"CA001020270","1917-02","50.5833","-126.9333","59.0","ALERT BAY, BC CA","0.0","","0.0",",C","12",",C","10",",C","1",",C","","","3",",C","0",",C","11",",C","2",",C","0",",C","0",",C","-6.7",",C,21,","","","152",",,C,21,+","30.0",",,C,02,","10.6",",C,13,","2467.7","","416.7",",C","125.9",",,,C","380",",,,C","3.45",",C","5.61",",,,C","1.29",",,,C"
"CA001020270","1917-03","50.5833","-126.9333","59.0","ALERT BAY, BC CA","0.0","","0.0",",C","17",",C","13",",C","0",",C","","","7",",C","0",",C","6",",C","0",",C","0",",C","0",",C","-1.1",",C,10,+","","","216",",,C,29,","21.6",",,C,29,","8.9",",C,17,","2910.1","","442.4",",C","141.8",",,,C","693",",,,C","4.06",",C","6.21",",,,C","1.91",",,,C"
"CA001020270","1924-01","50.5833","-126.9333","59.0","ALERT BAY, BC CA","","","","","17",",C","15",",C","2",",C","","","1",",C","","","","","","","","","","","","","","","25",",,C,16,","28.4",",,C,30,","","","","","","","191.5",",,,C","25",",,,C","","","","","",""
"CA001020270","1924-02","50.5833","-126.9333","59.0","ALERT BAY, BC CA","","","","","20",",C","15",",C","2",",C","","","1",",C","","","","","","","","","","","","","","","51",",,C,14,","32.8",",,C,27,","","","","","","","158.5",",,,C","51",",,,C","","","","","",""
"CA001020270","1924-03","50.5833","-126.9333","59.0","ALERT BAY, BC CA","","","","","7",",C","5",",C","0",",C","","","1",",C","","","","","","","","","","","","","","","127",",,C,28,","14.7",",,C,28,","","","","","","","39.8",",,,C","127",",,,C","","","","","",""
"CA001020270","1924-04","50.5833","-126.9333","59.0","ALERT BAY, BC CA","","","","","18",",C","14",",C","1",",C","","","0",",C","","","","","","","","","","","","","","","0",",,C,30,+","25.9",",,C,05,","","","","","","","113.3",",,,C","0",",,,C","","","","","",""
"CA001020270","1924-05","50.5833","-126.9333","59.0","ALERT BAY, BC CA","","","","","8",",C","5",",C","0",",C","","","0",",C","","","","","","","","","","","","","","","0",",,C,31,+","9.4",",,C,27,","","","","","","","27.9",",,,C","0",",,,C","","","","","",""
"CA001020270","1924-06","50.5833","-126.9333","59.0","ALERT BAY, BC CA","","","","","10",",C","1",",C","0",",C","","","0",",C","","","","","","","","","","","","","","","0",",,C,30,+","13.7",",,C,17,","","","","","","","24.1",",,,C","0",",,,C","","","","","",""
"CA001020270","1924-07","50.5833","-126.9333","59.0","ALERT BAY, BC CA","","","","","7",",C","5",",C","3",",C","","","0",",C","","","","","","","","","","","","","","","0",",,C,31,+","52.1",",,C,14,","","","","","","","137.3",",,,C","0",",,,C","","","","","",""
"CA001020270","1924-08","50.5833","-126.9333","59.0","ALERT BAY, BC CA","","","","","6",",C","4",",C","0",",C","","","0",",C","","","","","","","","","","","","","","","0",",,C,31,+","5.3",",,C,25,","","","","","","","18.3",",,,C","0",",,,C","","","","","",""
"CA001020270","1924-09","50.5833","-126.9333","59.0","ALERT BAY, BC CA","","","","","11",",C","9",",C","1",",C","","","0",",C","","","","","","","","","","","","","","","0",",,C,30,+","26.2",",,C,30,","","","","","","","105.5",",,,C","0",",,,C","","","","","",""
"CA001020270","1924-10","50.5833","-126.9333","59.0","ALERT BAY, BC CA","","","","","22",",C","18",",C","3",",C","","","0",",C","","","","","","","","","","","","","","","0",",,C,31,+","30.5",",,C,14,","","","","","","","238.4",",,,C","0",",,,C","","","","","",""
"CA001020270","1924-11","50.5833","-126.9333","59.0","ALERT BAY, BC CA","","","","","19",",C","13",",C","1",",C","","","2",",C","","","","","","","","","","","","","","","76",",,C,12,","30.7",",,C,06,","","","","","","","183.8",",,,C","127",",,,C","","","","","",""
"CA001020270","1924-12","50.5833","-126.9333","59.0","ALERT BAY, BC CA","","","","","14",",C","12",",C","1",",C","","","3",",C","","","","","","","","","","","","","","","76",",,C,26,+","38.6",",,C,11,","","","","","","","152.0",",,,C","203",",,,C","","","","","",""
"CA001020270","1925-01","50.5833","-126.9333","59.0","ALERT BAY, BC CA","","","","","20",",C","14",",C","0",",C","","","1",",C","","","","","","","","","","","","","","","25",",,C,20,","21.6",",,C,09,","","","","","","","126.2",",,,C","25",",,,C","","","","","",""
"CA001020270","1925-02","50.5833","-126.9333","59.0","ALERT BAY, BC CA","","","","","17",",C","15",",C","0",",C","","","1",",C","","","","","","","","","","","","","","","25",",,C,10,","20.3",",,C,22,","","","","","","","123.5",",,,C","25",",,,C","","","","","",""
"CA001020270","1925-03","50.5833","-126.9333","59.0","ALERT BAY, BC CA","","","","","15",",C","9",",C","0",",C","","","0",",C","","","","","","","","","","","","","","","0",",,C,31,+","19.3",",,C,03,","","","","","","","88.3",",,,C","0",",,,C","","","","","",""
"CA001020270","1925-04","50.5833","-126.9333","59.0","ALERT BAY, BC CA","","","","","11",",C","8",",C","0",",C","","","0",",C","","","","","","","","","","","","","","","0",",,C,30,+","14.0",",,C,11,","","","","","","","64.9",",,,C","0",",,,C","","","","","",""
"CA001020270","1925-05","50.5833","-126.9333","59.0","ALERT BAY, BC CA","","","","","6",",C","4",",C","0",",C","","","0",",C","","","","","","","","","","","","","","","0",",,C,31,+","8.9",",,C,27,","","","","","","","21.4",",,,C","0",",,,C","","","","","",""
"CA001020270","1925-06","50.5833","-126.9333","59.0","ALERT BAY, BC CA","","","","","7",",C","4",",C","0",",C","","","0",",C","","","","","","","","","","","","","","","0",",,C,30,+","6.9",",,C,11,","","","","","","","23.0",",,,C","0",",,,C","","","","","",""
"CA001020270","1925-07","50.5833","-126.9333","59.0","ALERT BAY, BC CA","","","","","5",",C","2",",C","0",",C","","","0",",C","","","","","","","","","","","","","","","0",",,C,31,+","8.4",",,C,08,","","","","","","","18.8",",,,C","0",",,,C","","","","","",""
"CA001020270","1925-08","50.5833","-126.9333","59.0","ALERT BAY, BC CA","","","","","7",",C","5",",C","0",",C","","","0",",C","","","","","","","","","","","","","","","0",",,C,31,+","17.8",",,C,30,","","","","","","","50.8",",,,C","0",",,,C","","","","","",""
"CA001020270","1925-09","50.5833","-126.9333","59.0","ALERT BAY, BC CA","","","","","4",",C","2",",C","0",",C","","","0",",C","","","","","","","","","","","","","","","0",",,C,30,+","5.6",",,C,15,","","","","","","","12.7",",,,C","0",",,,C","","","","","",""
"CA001020270","1925-10","50.5833","-126.9333","59.0","ALERT BAY, BC CA","","","","","7",",C","4",",C","0",",C","","","0",",C","","","","","","","","","","","","","","","0",",,C,31,+","22.4",",,C,26,","","","","","","","47.3",",,,C","0",",,,C","","","","","",""
"CA001020270","1925-11","50.5833","-126.9333","59.0","ALERT BAY, BC CA","","","","","18",",C","7",",C","2",",C","","","0",",C","","","","","","","","","","","","","","","0",",,C,30,+","28.7",",,C,30,","","","","","","","107.6",",,,C","0",",,,C","","","","","",""
"CA001020270","1925-12","50.5833","-126.9333","59.0","ALERT BAY, BC CA","","","","","20",",C","16",",C","3",",C","","","0",",C","","","","","","","","","","","","","","","0",",,C,31,+","38.1",",,C,16,","","","","","","","258.1",",,,C","0",",,,C","","","","","",""
"CA001020270","1926-01","50.5833","-126.9333","59.0","ALERT BAY, BC CA","","","","","16",",C","11",",C","0",",C","","","0",",C","","","","","","","","","","","","","","","0",",,C,31,+","20.3",",,C,14,","","","","","","","89.7",",,,C","0",",,,C","","","","","",""
"CA001020270","1926-02","50.5833","-126.9333","59.0","ALERT BAY, BC CA","","","","","15",",C","13",",C","2",",C","","","0",",C","","","","","","","","","","","","","","","0",",,C,28,+","38.1",",,C,08,","","","","","","","176.6",",,,C","0",",,,C","","","","","",""
"CA001020270","1926-03","50.5833","-126.9333","59.0","ALERT BAY, BC CA","","","","","10",",C","5",",C","1",",C","","","0",",C","","","","","","","","","","","","","","","0",",,C,31,+","27.9",",,C,21,","","","","","","","75.3",",,,C","0",",,,C","","","","","",""
"CA001020270","1926-04","50.5833","-126.9333","59.0","ALERT BAY, BC CA","","","","","15",",C","7",",C","0",",C","","","0",",C","","","","","","","","","","","","","","","0",",,C,30,+","12.7",",,C,23,","","","","","","","50.3",",,,C","0",",,,C","","","","","",""
"CA001020270","1926-05","50.5833","-126.9333","59.0","ALERT BAY, BC CA","","","","","21",",C","13",",C","1",",C","","","0",",C","","","","","","","","","","","","","","","0",",,C,31,+","25.9",",,C,18,","","","","","","","108.4",",,,C","0",",,,C","","","","","",""
"CA001020270","1926-06","50.5833","-126.9333","59.0","ALERT BAY, BC CA","","","","","7",",C","2",",C","0",",C","","","0",",C","","","","","","","","","","","","","","","0",",,C,30,+","2.5",",,C,26,+","","","","","","","13.1",",,,C","0",",,,C","","","","","",""
"CA001020270","1926-07","50.5833","-126.9333","59.0","ALERT BAY, BC CA","","","","","14",",C","4",",C","0",",C","","","0",",C","","","","","","","","","","","","","","","0",",,C,31,+","8.9",",,C,23,","","","","","","","33.0",",,,C","0",",,,C","","","","","",""
"CA001020270","1926-08","50.5833","-126.9333","59.0","ALERT BAY, BC CA","","","","","8",",C","8",",C","0",",C","","","0",",C","","","","","","","","","","","","","","","0",",,C,31,+","13.7",",,C,20,","","","","","","","71.8",",,,C","0",",,,C","","","","","",""
"CA001020270","1926-09","50.5833","-126.9333","59.0","ALERT BAY, BC CA","","","","","8",",C","4",",C","0",",C","","","0",",C","","","","","","","","","","","","","","","0",",,C,30,+","14.2",",,C,14,","","","","","","","36.0",",,,C","0",",,,C","","","","","",""
"CA001020270","1926-10","50.5833","-126.9333","59.0","ALERT BAY, BC CA","","","","","15",",C","13",",C","1",",C","","","0",",C","","","","","","","","","","","","","","","0",",,C,31,+","31.0",",,C,15,","","","","","","","136.2",",,,C","0",",,,C","","","","","",""
"CA001020270","1926-11","50.5833","-126.9333","59.0","ALERT BAY, BC CA","","","","","22",",C","18",",C","0",",C","","","0",",C","","","","","","","","","","","","","","","0",",,C,30,+","18.3",",,C,29,","","","","","","","116.3",",,,C","0",",,,C","","","","","",""
"CA001020270","1926-12","50.5833","-126.9333","59.0","ALERT BAY, BC CA","","","","","22",",C","18",",C","6",",C","","","3",",C","","","","","","","","","","","","","","","102",",,C,14,","64.8",",,C,30,","","","","","","","389.5",",,,C","229",",,,C","","","","","",""
"CA001020270","1927-01","50.5833","-126.9333","59.0","ALERT BAY, BC CA","","","","","17",",C","11",",C","0",",C","","","4",",C","","","","","","","","","","","","","","","102",",,C,12,","20.3",",,C,01,","","","","","","","95.1",",,,C","229",",,,C","","","","","",""
"CA001020270","1927-02","50.5833","-126.9333","59.0","ALERT BAY, BC CA","","","","","12",",C","9",",C","1",",C","","","0",",C","","","","","","","","","","","","","","","0",",,C,28,+","25.4",",,C,25,","","","","","","","104.2",",,,C","0",",,,C","","","","","",""
"CA001020270","1927-03","50.5833","-126.9333","59.0","ALERT BAY, BC CA","","","","","21",",C","16",",C","2",",C","","","1",",C","","","","","","","","","","","","","","","25",",,C,08,","27.9",",,C,11,","","","","","","","156.0",",,,C","25",",,,C","","","","","",""
"CA001020270","1927-04","50.5833","-126.9333","59.0","ALERT BAY, BC CA","","","","","17",",C","8",",C","0",",C","","","1",",C","","","","","","","","","","","","","","","25",",,C,18,","14.0",",,C,16,","","","","","","","66.6",",,,C","25",",,,C","","","","","",""
"CA001020270","1927-05","50.5833","-126.9333","59.0","ALERT BAY, BC CA","","","","","10",",C","6",",C","0",",C","","","0",",C","","","","","","","","","","","","","","","0",",,C,31,+","11.4",",,C,24,","","","","","","","38.7",",,,C","0",",,,C","","","","","",""
"CA001020270","1927-06","50.5833","-126.9333","59.0","ALERT BAY, BC CA","","","","","14",",C","6",",C","0",",C","","","0",",C","","","","","","","","","","","","","","","0",",,C,30,+","21.8",",,C,24,","","","","","","","63.2",",,,C","0",",,,C","","","","","",""
"CA001020270","1927-07","50.5833","-126.9333","59.0","ALERT BAY, BC CA","","","","","11",",C","6",",C","0",",C","","","0",",C","","","","","","","","","","","","","","","0",",,C,31,+","8.9",",,C,07,","","","","","","","34.4",",,,C","0",",,,C","","","","","",""
"CA001020270","1927-08","50.5833","-126.9333","59.0","ALERT BAY, BC CA","","","","","5",",C","5",",C","0",",C","","","0",",C","","","","","","","","","","","","","","","0",",,C,31,+","21.6",",,C,27,","","","","","","","42.2",",,,C","0",",,,C","","","","","",""
"CA001020270","1927-09","50.5833","-126.9333","59.0","ALERT BAY, BC CA","","","","","9",",C","9",",C","1",",C","","","0",",C","","","","","","","","","","","","","","","0",",,C,30,+","27.2",",,C,26,","","","","","","","112.6",",,,C","0",",,,C","","","","","",""
"CA001020270","1927-10","50.5833","-126.9333","59.0","ALERT BAY, BC CA","","","","","21",",C","18",",C","0",",C","","","0",",C","","","","","","","","","","","","","","","0",",,C,31,+","15.7",",,C,11,","","","","","","","151.0",",,,C","0",",,,C","","","","","",""
"CA001020270","1927-11","50.5833","-126.9333","59.0","ALERT BAY, BC CA","","","","","16","5,C","12","5,C","2","5,C","","","1",",C","","","","","","","","","","","","","","","25",",,C,15,","39.4","5,,C,24,","","","","","","","195.1",",a,,C","25",",,,C","","","","","",""
"CA001020270","1927-12","50.5833","-126.9333","59.0","ALERT BAY, BC CA","","","","","12",",C","9",",C","0",",C","","","3",",C","","","","","","","","","","","","","","","203",",,C,11,","20.3",",,C,11,","","","","","","","94.2",",,,C","457",",,,C","","","","","",""
"CA001020270","1928-01","50.5833","-126.9333","59.0","ALERT BAY, BC CA","","","","","15",",C","10",",C","2",",C","","","0",",C","","","","","","","","","","","","","","","0",",,C,31,+","30.2",",,C,07,","","","","","","","136.7",",,,C","0",",,,C","","","","","",""
"CA001020270","1928-02","50.5833","-126.9333","59.0","ALERT BAY, BC CA","","","","","6",",C","6",",C","1",",C","","","0",",C","","","","","","","","","","","","","","","0",",,C,29,+","25.9",",,C,06,","","","","","","","62.5",",,,C","0",",,,C","","","","","",""
"CA001020270","1928-03","50.5833","-126.9333","59.0","ALERT BAY, BC CA","","","","","18",",C","12",",C","0",",C","","","0",",C","","","","","","","","","","","","","","","0",",,C,31,+","15.0",",,C,21,","","","","","","","91.4",",,,C","0",",,,C","","","","","",""
"CA001020270","1928-04","50.5833","-126.9333","59.0","ALERT BAY, BC CA","","","","","12",",C","9",",C","0",",C","","","0",",C","","","","","","","","","","","","","","","0",",,C,30,+","16.3",",,C,04,","","","","","","","73.9",",,,C","0",",,,C","","","","","",""
"CA001020270","1928-05","50.5833","-126.9333","59.0","ALERT BAY, BC CA","","","","","10",",C","3",",C","0",",C","","","0",",C","","","","","","","","","","","","","","","0",",,C,31,+","5.3",",,C,04,","","","","","","","24.0",",,,C","0",",,,C","","","","","",""
"CA001020270","1928-06","50.5833","-126.9333","59.0","ALERT BAY, BC CA","","","","","8",",C","4",",C","0",",C","","","0",",C","","","","","","","","","","","","","","","0",",,C,30,+","9.7",",,C,02,","","","","","","","36.3",",,,C","0",",,,C","","","","","",""
"CA001020270","1928-07","50.5833","-126.9333","59.0","ALERT BAY, BC CA","","","","","6","2,C","3","2,C","0","2,C","","","0",",C","","","","","","","","","","","","","","","0",",,C,31,+","20.8","2,,C,11,","","","","","","","49.3",",a,,C","0",",,,C","","","","","",""
"CA001020270","1928-08","50.5833","-126.9333","59.0","ALERT BAY, BC CA","","","","","9",",C","8",",C","0",",C","","","0",",C","","","","","","","","","","","","","","","0",",,C,31,+","12.7",",,C,09,","","","","","","","61.4",",,,C","0",",,,C","","","","","",""
"CA001020270","1928-09","50.5833","-126.9333","59.0","ALERT BAY, BC CA","","","","","9",",C","6",",C","1",",C","","","0",",C","","","","","","","","","","","","","","","0",",,C,30,+","27.2",",,C,13,","","","","","","","69.2",",,,C","0",",,,C","","","","","",""
"CA001020270","1928-10","50.5833","-126.9333","59.0","ALERT BAY, BC CA","","","","","20",",C","12",",C","0",",C","","","0",",C","","","","","","","","","","","","","","","0",",,C,31,+","15.7",",,C,21,+","","","","","","","117.8",",,,C","0",",,,C","","","","","",""
"CA001020270","1928-11","50.5833","-126.9333","59.0","ALERT BAY, BC CA","","","","","17",",C","10",",C","1",",C","","","0",",C","","","","","","","","","","","","","","","0",",,C,30,+","37.6",",,C,11,","","","","","","","137.0",",,,C","0",",,,C","","","","","",""
"CA001020270","1928-12","50.5833","-126.9333","59.0","ALERT BAY, BC CA","","","","","16",",C","13",",C","2",",C","","","0",",C","","","","","","","","","","","","","","","0",",,C,31,+","73.7",",,C,08,","","","","","","","234.3",",,,C","0",",,,C","","","","","",""
"CA001020270","1929-01","50.5833","-126.9333","59.0","ALERT BAY, BC CA","","","","","9","2,C","7","2,C","0","2,C","","","2",",C","","","","","","","","","","","","","","","58",",,C,23,","5.8","2,,C,25,+","","","","","","","43.2",",a,,C","167",",a,,C","","","","","",""
"CA001020270","1929-02","50.5833","-126.9333","59.0","ALERT BAY, BC CA","","","","","7",",C","2",",C","0",",C","","","0",",C","","","","","","","","","","","","","","","8",",,C,18,","13.2",",,C,28,","","","","","","","28.5",",,,C","8",",,,C","","","","","",""
"CA001020270","1929-03","50.5833","-126.9333","59.0","ALERT BAY, BC CA","","","","","16",",C","11",",C","2",",C","","","0",",C","","","","","","","","","","","","","","","0",",T,C,29,+","63.5",",,C,25,","","","","","","","176.6",",,,C","0",",T,,C","","","","","",""
"CA001020270","1929-04","50.5833","-126.9333","59.0","ALERT BAY, BC CA","","","","","11",",C","6",",C","0",",C","","","0",",C","","","","","","","","","","","","","","","13",",,C,03,","19.6",",,C,16,","","","","","","","62.7",",,,C","29",",,,C","","","","","",""
"CA001020270","1929-05","50.5833","-126.9333","59.0","ALERT BAY, BC CA","","","","","12",",C","8",",C","0",",C","","","0",",C","","","","","","","","","","","","","","","0",",,C,31,+","8.4",",,C,23,","","","","","","","49.3",",,,C","0",",,,C","","","","","",""
"CA001020270","1929-06","50.5833","-126.9333","59.0","ALERT BAY, BC CA","","","","","6",",C","3",",C","0",",C","","","0",",C","","","","","","","","","","","","","","","0",",,C,30,+","10.2",",,C,18,","","","","","","","19.7",",,,C","0",",,,C","","","","","",""
"CA001020270","1929-07","50.5833","-126.9333","59.0","ALERT BAY, BC CA","","","","","19",",C","11",",C","0",",C","","","0",",C","","","","","","","","","","","","","","","0",",,C,31,+","17.5",",,C,25,","","","","","","","88.8",",,,C","0",",,,C","","","","","",""
"CA001020270","1929-08","50.5833","-126.9333","59.0","ALERT BAY, BC CA","","","","","10",",C","5",",C","0",",C","","","0",",C","","","","","","","","","","","","","","","0",",,C,31,+","10.7",",,C,17,","","","","","","","42.7",",,,C","0",",,,C","","","","","",""
"CA001020270","1929-09","50.5833","-126.9333","59.0","ALERT BAY, BC CA","","","","","0",",C","0",",C","0",",C","","","0",",C","","","","","","","","","","","","","","","0",",,C,30,+","0.0",",,C,30,+","","","","","","","0.0",",,,C","0",",,,C","","","","","",""
"CA001020270","1929-10","50.5833","-126.9333","59.0","ALERT BAY, BC CA","","","","","17",",C","16",",C","2",",C","","","0",",C","","","","","","","","","","","","","","","0",",,C,31,+","40.6",",,C,16,","","","","","","","216.6",",,,C","0",",,,C","","","","","",""
"CA001020270","1929-11","50.5833","-126.9333","59.0","ALERT BAY, BC CA","","","","","11",",C","6",",C","0",",C","","","0",",C","","","","","","","","","","","","","","","0",",,C,30,+","24.9",",,C,14,","","","","","","","70.8",",,,C","0",",,,C","","","","","",""
"CA001020270","1929-12","50.5833","-126.9333","59.0","ALERT BAY, BC CA","","","","","24",",C","17",",C","2",",C","","","2",",C","","","","","","","","","","","","","","","51",",,C,13,","32.3",",,C,23,","","","","","","","210.8",",,,C","99",",,,C","","","","","",""
"CA001020270","1930-01","50.5833","-126.9333","59.0","ALERT BAY, BC CA","","","","","6",",C","3",",C","1",",C","","","0",",C","","","","","","","","","","","","","","","8",",,C,13,+","27.7",",,C,31,","","","","","","","45.6",",,,C","16",",,,C","","","","","",""
"CA001020270","1930-02","50.5833","-126.9333","59.0","ALERT BAY, BC CA","","","","","18",",C","16",",C","3",",C","","","0",",C","","","","","","","","","","","","","","","18",",,C,14,","48.8",",,C,17,","","","","","","","218.2",",,,C","26",",,,C","","","","","",""
"CA001020270","1930-03","50.5833","-126.9333","59.0","ALERT BAY, BC CA","","","","","8","2,C","6","2,C","1","2,C","","","0",",C","","","","","","","","","","","","","","","0",",,C,31,+","31.8","2,,C,24,","","","","","","","73.9",",a,,C","0",",,,C","","","","","",""
"CA001020270","1930-04","50.5833","-126.9333","59.0","ALERT BAY, BC CA","","","","","13","2,C","7","2,C","1","2,C","","","0",",C","","","","","","","","","","","","","","","0",",,C,30,+","27.2","2,,C,06,","","","","","","","75.2",",a,,C","0",",,,C","","","","","",""
"CA001020270","1930-05","50.5833","-126.9333","59.0","ALERT BAY, BC CA","","","","","11",",C","7",",C","0",",C","","","0",",C","","","","","","","","","","","","","","","0",",,C,31,+","16.8",",,C,19,","","","","","","","52.9",",,,C","0",",,,C","","","","","",""
"CA001020270","1930-06","50.5833","-126.9333","59.0","ALERT BAY, BC CA","","","","","16","2,C","11","2,C","1","2,C","","","0",",C","","","","","","","","","","","","","","","0",",,C,30,+","29.5","2,,C,09,","","","","","","","108.5",",a,,C","0",",,,C","","","","","",""
"CA001020270","1930-07","50.5833","-126.9333","59.0","ALERT BAY, BC CA","","","","","6",",C","3",",C","0",",C","","","0",",C","","","","","","","","","","","","","","","0",",,C,31,+","7.9",",,C,06,","","","","","","","20.6",",,,C","0",",,,C","","","","","",""
"CA001020270","1930-08","50.5833","-126.9333","59.0","ALERT BAY, BC CA","","","","","5",",C","3",",C","0",",C","","","0",",C","","","","","","","","","","","","","","","0",",,C,31,+","10.9",",,C,23,","","","","","","","22.9",",,,C","0",",,,C","","","","","",""
"CA001020270","1930-09","50.5833","-126.9333","59.0","ALERT BAY, BC CA","","","","","10",",C","7",",C","0",",C","","","0",",C","","","","","","","","","","","","","","","0",",,C,30,+","23.4",",,C,26,","","","","","","","71.2",",,,C","0",",,,C","","","","","",""
"CA001020270","1930-10","50.5833","-126.9333","59.0","ALERT BAY, BC CA","","","","","17",",C","11",",C","2",",C","","","0",",C","","","","","","","","","","","","","","","0",",,C,31,+","77.7",",,C,05,","","","","","","","194.6",",,,C","0",",,,C","","","","","",""
"CA001020270","1930-11","50.5833","-126.9333","59.0","ALERT BAY, BC CA","","","","","7",",C","4",",C","2",",C","","","0",",C","","","","","","","","","","","","","","","8",",,C,15,","33.8",",,C,08,","","","","","","","80.9",",,,C","8",",,,C","","","","","",""
"CA001020270","1930-12","50.5833","-126.9333","59.0","ALERT BAY, BC CA","","","","","19",",C","12",",C","4",",C","","","0",",C","","","","","","","","","","","","","","","0",",,C,31,+","100.3",",,C,08,","","","","","","","315.2",",,,C","0",",,,C","","","","","",""
"CA001020270","1931-01","50.5833","-126.9333","59.0","ALERT BAY, BC CA","","","","","19","1,C","13","1,C","2","1,C","","","0",",C","","","","","","","","","","","","","","","20",",,C,14,","42.9","1,,C,12,","","","","","","","195.0",",a,,C","25",",,,C","","","","","",""
"CA001020270","1931-02","50.5833","-126.9333","59.0","ALERT BAY, BC CA","","","","","15",",C","12",",C","1",",C","","","1",",C","","","","","","","","","","","","","","","51",",,C,22,","27.2",",,C,18,","","","","","","","147.6",",,,C","51",",,,C","","","","","",""
"CA001020270","1931-03","50.5833","-126.9333","59.0","ALERT BAY, BC CA","","","","","19",",C","11",",C","0",",C","","","0",",C","","","","","","","","","","","","","","","13",",,C,03,","20.6",",,C,20,","","","","","","","105.1",",,,C","16",",,,C","","","","","",""
"CA001020270","1931-04","50.5833","-126.9333","59.0","ALERT BAY, BC CA","","","","","12",",C","10",",C","0",",C","","","0",",C","","","","","","","","","","","","","","","0",",,C,30,+","18.5",",,C,16,","","","","","","","74.7",",,,C","0",",,,C","","","","","",""
"CA001020270","1931-05","50.5833","-126.9333","59.0","ALERT BAY, BC CA","","","","","12",",C","7",",C","0",",C","","","0",",C","","","","","","","","","","","","","","","0",",,C,31,+","14.5",",,C,20,","","","","","","","50.8",",,,C","0",",,,C","","","","","",""
"CA001020270","1931-06","50.5833","-126.9333","59.0","ALERT BAY, BC CA","","","","","11","2,C","7","2,C","0","2,C","","","0",",C","","","","","","","","","","","","","","","0",",,C,30,+","16.5","2,,C,25,","","","","","","","84.6",",a,,C","0",",,,C","","","","","",""
"CA001020270","1931-07","50.5833","-126.9333","59.0","ALERT BAY, BC CA","","","","","5",",C","3",",C","0",",C","","","0",",C","","","","","","","","","","","","","","","0",",,C,31,+","5.8",",,C,04,","","","","","","","17.2",",,,C","0",",,,C","","","","","",""
"CA001020270","1931-08","50.5833","-126.9333","59.0","ALERT BAY, BC CA","","","","","6","2,C","4","2,C","0","2,C","","","0",",C","","","","","","","","","","","","","","","0",",,C,31,+","23.1","2,,C,31,","","","","","","","38.6",",a,,C","0",",,,C","","","","","",""
"CA001020270","1931-09","50.5833","-126.9333","59.0","ALERT BAY, BC CA","","","","","14","2,C","9","2,C","1","2,C","","","0",",C","","","","","","","","","","","","","","","0",",,C,30,+","26.9","2,,C,12,","","","","","","","111.1",",a,,C","0",",,,C","","","","","",""
"CA001020270","1931-10","50.5833","-126.9333","59.0","ALERT BAY, BC CA","","","","","12","4,C","9","4,C","2","4,C","","","0",",C","","","","","","","","","","","","","","","0",",,C,31,+","30.2","4,,C,04,","","","","","","","182.6",",a,,C","0",",,,C","","","","","",""
"CA001020270","1931-11","50.5833","-126.9333","59.0","ALERT BAY, BC CA","","","","","15","4,C","11","4,C","0","4,C","","","2",",C","","","","","","","","","","","","","","","127",",,C,16,","22.4","4,,C,06,","","","","","","","189.3",",a,,C","207",",,,C","","","","","",""
"CA001020270","1931-12","50.5833","-126.9333","59.0","ALERT BAY, BC CA","","","","","22",",C","11",",C","0",",C","","","1",",C","","","","","","","","","","","","","","","64",",,C,12,","24.4",",,C,23,","","","","","","","120.6",",,,C","64",",,,C","","","","","",""
"CA001020270","1932-01","50.5833","-126.9333","59.0","ALERT BAY, BC CA","","","","","","","","","","","","","4",",C","","","","","","","","","","","","","","","51",",,C,27,+","","","","","","","","","145.1",",a,,C","191",",,,C","","","","","",""
"CA001020270","1932-02","50.5833","-126.9333","59.0","ALERT BAY, BC CA","","","","","18","4,C","14","4,C","1","4,C","","","1",",C","","","","","","","","","","","","","","","38",",,C,12,","26.7","4,,C,24,","","","","","","","113.2",",a,,C","87",",a,,C","","","","","",""
"CA001020270","1932-03","50.5833","-126.9333","59.0","ALERT BAY, BC CA","","","","","19","2,C","11","2,C","0","2,C","","","0",",C","","","","","","","","","","","","","","","0",",,C,31,+","11.4","2,,C,19,","","","","","","","93.6",",a,,C","58",",a,,C","","","","","",""
"CA001020270","1932-04","50.5833","-126.9333","59.0","ALERT BAY, BC CA","","","","","","","","","","","","","0",",C","","","","","","","","","","","","","","","0",",,C,30,+","","","","","","","","","57.5",",a,,C","0",",,,C","","","","","",""
"CA001020270","1932-05","50.5833","-126.9333","59.0","ALERT BAY, BC CA","","","","","14","4,C","7","4,C","0","4,C","","","0",",C","","","","","","","","","","","","","","","0",",,C,31,+","17.5","4,,C,10,","","","","","","","63.1",",a,,C","0",",,,C","","","","","",""
"CA001020270","1932-06","50.5833","-126.9333","59.0","ALERT BAY, BC CA","","","","","6","2,C","1","2,C","0","2,C","","","0",",C","","","","","","","","","","","","","","","0",",,C,30,+","3.0","2,,C,04,","","","","","","","8.0",",a,,C","0",",,,C","","","","","",""
"CA001020270","1932-07","50.5833","-126.9333","59.0","ALERT BAY, BC CA","","","","","","","","","","","","","0",",C","","","","","","","","","","","","","","","0",",,C,31,+","","","","","","","","","73.3",",a,,C","0",",,,C","","","","","",""
"CA001020270","1932-08","50.5833","-126.9333","59.0","ALERT BAY, BC CA","","","","","8","4,C","3","4,C","0","4,C","","","0",",C","","","","","","","","","","","","","","","0",",,C,31,+","18.3","4,,C,10,","","","","","","","54.6",",a,,C","0",",,,C","","","","","",""
"CA001020270","1932-09","50.5833","-126.9333","59.0","ALERT BAY, BC CA","","","","","","","","","","","","","0",",C","","","","","","","","","","","","","","","0",",,C,30,+","","","","","","","","","126.1",",a,,C","0",",,,C","","","","","",""
"CA001020270","1932-10","50.5833","-126.9333","59.0","ALERT BAY, BC CA","","","","","","","","","","","","","0",",C","","","","","","","","","","","","","","","0",",,C,31,+","","","","","","","","","256.9",",a,,C","0",",,,C","","","","","",""
"CA001020270","1932-11","50.5833","-126.9333","59.0","ALERT BAY, BC CA","","","","","","","","","","","","","0",",C","","","","","","","","","","","","","","","0",",,C,30,+","","","","","","","","","413.3",",a,,C","0",",,,C","","","","","",""
"CA001020270","1932-12","50.5833","-126.9333","59.0","ALERT BAY, BC CA","","","","","19",",C","18",",C","1",",C","","","0",",C","","","","","","","","","","","","","","","0",",,C,31,+","61.2",",,C,22,","","","","","","","241.6",",,,C","0",",,,C","","","","","",""
"CA001020270","1933-01","50.5833","-126.9333","59.0","ALERT BAY, BC CA","","","","","","","","","","","","","3",",C","","","","","","","","","","","","","","","64",",,C,26,","","","","","","","","","167.4",",a,,C","182",",,,C","","","","","",""
"CA001020270","1933-02","50.5833","-126.9333","59.0","ALERT BAY, BC CA","","","","","14","2,C","8","2,C","0","2,C","","","0",",C","","","","","","","","","","","","","","","18",",,C,14,","21.8","2,,C,25,","","","","","","","85.6",",a,,C","36",",,,C","","","","","",""
"CA001020270","1933-03","50.5833","-126.9333","59.0","ALERT BAY, BC CA","","","","","17",",C","10",",C","1",",C","","","0",",C","","","","","","","","","","","","","","","0",",,C,31,+","27.2",",,C,04,","","","","","","","108.6",",,,C","0",",,,C","","","","","",""
"CA001020270","1933-04","50.5833","-126.9333","59.0","ALERT BAY, BC CA","","","","","13","2,C","10","2,C","0","2,C","","","0",",C","","","","","","","","","","","","","","","0",",,C,30,+","11.7","2,,C,02,","","","","","","","67.1",",a,,C","0",",,,C","","","","","",""
"CA001020270","1933-05","50.5833","-126.9333","59.0","ALERT BAY, BC CA","","","","","17","2,C","9","2,C","0","2,C","","","0",",C","","","","","","","","","","","","","","","0",",,C,31,+","4.8","2,,C,29,+","","","","","","","42.8",",a,,C","0",",,,C","","","","","",""
"CA001020270","1933-06","50.5833","-126.9333","59.0","ALERT BAY, BC CA","","","","","11","5,C","5","5,C","0","5,C","","","0",",C","","","","","","","","","","","","","","","0",",,C,30,+","8.4","5,,C,09,","","","","","","","48.8","1,a,,C","0",",,,C","","","","","",""
"CA001020270","1933-07","50.5833","-126.9333","59.0","ALERT BAY, BC CA","","","","","12",",C","3",",C","0",",C","","","0",",C","","","","","","","","","","","","","","","0",",,C,31,+","11.4",",,C,02,","","","","","","","32.8",",,,C","0",",,,C","","","","","",""
"CA001020270","1933-08","50.5833","-126.9333","59.0","ALERT BAY, BC CA","","","","","2","2,C","1","2,C","0","2,C","","","0",",C","","","","","","","","","","","","","","","0",",,C,31,+","4.8","2,,C,18,","","","","","","","47.0",",a,,C","0",",,,C","","","","","",""
"CA001020270","1933-09","50.5833","-126.9333","59.0","ALERT BAY, BC CA","","","","","24",",C","19",",C","2",",C","","","0",",C","","","","","","","","","","","","","","","0",",,C,30,+","30.5",",,C,03,","","","","","","","215.4",",,,C","0",",,,C","","","","","",""
"CA001020270","1933-10","50.5833","-126.9333","59.0","ALERT BAY, BC CA","","","","","18","1,C","13","1,C","2","1,C","","","0",",C","","","","","","","","","","","","","","","0",",,C,31,+","49.5","1,,C,23,","","","","","","","181.1","1,,,C","0",",,,C","","","","","",""
"CA001020270","1933-11","50.5833","-126.9333","59.0","ALERT BAY, BC CA","","","","","19",",C","11",",C","0",",C","","","0",",C","","","","","","","","","","","","","","","0",",,C,30,+","19.3",",,C,18,","","","","","","","122.4",",,,C","0",",,,C","","","","","",""
"CA001020270","1933-12","50.5833","-126.9333","59.0","ALERT BAY, BC CA","","","","","24",",C","19",",C","4",",C","","","3",",C","","","","","","","","","","","","","","","76",",,C,20,","38.1",",,C,04,","","","","","","","264.3",",,,C","204",",,,C","","","","","",""
"CA001020270","1934-01","50.5833","-126.9333","59.0","ALERT BAY, BC CA","","","","","25",",C","18",",C","2",",C","","","2",",C","","","","","","","","","","","","","","","127",",,C,24,","29.7",",,C,31,","","","","","","","265.8",",,,C","201",",,,C","","","","","",""
"CA001020270","1934-02","50.5833","-126.9333","59.0","ALERT BAY, BC CA","","","","","9",",C","7",",C","1",",C","","","0",",C","","","","","","","","","","","","","","","0",",,C,28,+","31.2",",,C,01,","","","","","","","106.8",",,,C","0",",,,C","","","","","",""
"CA001020270","1934-03","50.5833","-126.9333","59.0","ALERT BAY, BC CA","","","","","15",",C","12",",C","0",",C","","","0",",C","","","","","","","","","","","","","","","0",",,C,31,+","15.0",",,C,01,","","","","","","","101.4",",,,C","0",",,,C","","","","","",""
"CA001020270","1934-04","50.5833","-126.9333","59.0","ALERT BAY, BC CA","","","","","6","2,C","2","2,C","0","2,C","","","0",",C","","","","","","","","","","","","","","","0",",,C,30,+","15.7","2,,C,15,","","","","","","","31.8",",a,,C","0",",,,C","","","","","",""
"CA001020270","1934-05","50.5833","-126.9333","59.0","ALERT BAY, BC CA","","","","","16",",C","10",",C","2",",C","","","0",",C","","","","","","","","","","","","","","","0",",,C,31,+","32.3",",,C,29,","","","","","","","133.2",",,,C","0",",,,C","","","","","",""
"CA001020270","1934-06","50.5833","-126.9333","59.0","ALERT BAY, BC CA","","","","","9","2,C","4","2,C","0","2,C","","","0",",C","","","","","","","","","","","","","","","0",",,C,30,+","15.0","2,,C,22,","","","","","","","54.3",",a,,C","0",",,,C","","","","","",""
"CA001020270","1934-07","50.5833","-126.9333","59.0","ALERT BAY, BC CA","","","","","12",",C","7",",C","0",",C","","","0",",C","","","","","","","","","","","","","","","0",",,C,31,+","14.7",",,C,11,","","","","","","","54.2",",,,C","0",",,,C","","","","","",""
"CA001020270","1934-08","50.5833","-126.9333","59.0","ALERT BAY, BC CA","","","","","8",",C","6",",C","0",",C","","","0",",C","","","","","","","","","","","","","","","0",",,C,31,+","17.8",",,C,05,","","","","","","","59.8",",,,C","0",",,,C","","","","","",""
"CA001020270","1934-09","50.5833","-126.9333","59.0","ALERT BAY, BC CA","","","","","14",",C","9",",C","0",",C","","","0",",C","","","","","","","","","","","","","","","0",",,C,30,+","20.8",",,C,08,","","","","","","","94.9",",,,C","0",",,,C","","","","","",""
"CA001020270","1934-10","50.5833","-126.9333","59.0","ALERT BAY, BC CA","","","","","20",",C","16",",C","2",",C","","","0",",C","","","","","","","","","","","","","","","0",",,C,31,+","30.5",",,C,30,","","","","","","","192.3",",,,C","0",",,,C","","","","","",""
"CA001020270","1934-11","50.5833","-126.9333","59.0","ALERT BAY, BC CA","","","","","24",",C","21",",C","2",",C","","","0",",C","","","","","","","","","","","","","","","0",",,C,30,+","50.0",",,C,29,","","","","","","","258.4",",,,C","0",",,,C","","","","","",""
"CA001020270","1934-12","50.5833","-126.9333","59.0","ALERT BAY, BC CA","","","","","19","2,C","16","2,C","1","2,C","","","3",",C","","","","","","","","","","","","","","","305",",,C,25,","30.5","2,,C,25,","","","","","","","189.6",",a,,C","417",",,,C","","","","","",""
"CA001020270","1935-01","50.5833","-126.9333","59.0","ALERT BAY, BC CA","","","","","21",",C","21",",C","5",",C","","","4",",C","","","","","","","","","","","","","","","457",",,C,19,","47.8",",,C,31,","","","","","","","346.7",",,,C","838",",,,C","","","","","",""
"CA001020270","1935-02","50.5833","-126.9333","59.0","ALERT BAY, BC CA","","","","","16",",C","8",",C","0",",C","","","0",",C","","","","","","","","","","","","","","","0",",,C,28,+","20.3",",,C,16,","","","","","","","91.9",",,,C","0",",,,C","","","","","",""
"CA001020270","1935-03","50.5833","-126.9333","59.0","ALERT BAY, BC CA","","","","","18",",C","14",",C","1",",C","","","4",",C","","","","","","","","","","","","","","","140",",,C,03,","30.7",",,C,11,","","","","","","","138.9",",,,C","318",",,,C","","","","","",""
"CA001020270","1935-04","50.5833","-126.9333","59.0","ALERT BAY, BC CA","","","","","10","2,C","7","2,C","0","2,C","","","0",",C","","","","","","","","","","","","","","","0",",,C,30,+","8.9","2,,C,15,","","","","","","","39.4",",a,,C","0",",,,C","","","","","",""
"CA001020270","1935-05","50.5833","-126.9333","59.0","ALERT BAY, BC CA","","","","","9",",C","5",",C","0",",C","","","0",",C","","","","","","","","","","","","","","","0",",,C,31,+","13.7",",,C,03,","","","","","","","39.5",",,,C","0",",,,C","","","","","",""
"CA001020270","1935-06","50.5833","-126.9333","59.0","ALERT BAY, BC CA","","","","","17",",C","8",",C","0",",C","","","0",",C","","","","","","","","","","","","","","","0",",,C,30,+","15.5",",,C,09,","","","","","","","54.7",",,,C","0",",,,C","","","","","",""
"CA001020270","1935-07","50.5833","-126.9333","59.0","ALERT BAY, BC CA","","","","","10",",C","4",",C","0",",C","","","0",",C","","","","","","","","","","","","","","","0",",,C,31,+","20.3",",,C,04,","","","","","","","46.8",",,,C","0",",,,C","","","","","",""
"CA001020270","1935-08","50.5833","-126.9333","59.0","ALERT BAY, BC CA","","","","","10",",C","7",",C","0",",C","","","0",",C","","","","","","","","","","","","","","","0",",,C,31,+","11.4",",,C,17,","","","","","","","34.3",",,,C","0",",,,C","","","","","",""
"CA001020270","1935-09","50.5833","-126.9333","59.0","ALERT BAY, BC CA","","","","","6",",C","5",",C","0",",C","","","0",",C","","","","","","","","","","","","","","","0",",,C,30,+","22.1",",,C,13,","","","","","","","62.7",",,,C","0",",,,C","","","","","",""
"CA001020270","1935-10","50.5833","-126.9333","59.0","ALERT BAY, BC CA","","","","","14",",C","12",",C","1",",C","","","0",",C","","","","","","","","","","","","","","","0",",,C,31,+","46.2",",,C,16,","","","","","","","146.5",",,,C","0",",,,C","","","","","",""
"CA001020270","1935-11","50.5833","-126.9333","59.0","ALERT BAY, BC CA","","","","","18",",C","9",",C","1",",C","","","0",",C","","","","","","","","","","","","","","","0",",,C,30,+","56.6",",,C,07,","","","","","","","161.2",",,,C","0",",,,C","","","","","",""
"CA001020270","1935-12","50.5833","-126.9333","59.0","ALERT BAY, BC CA","","","","","21",",C","19",",C","3",",C","","","0",",C","","","","","","","","","","","","","","","0",",,C,31,+","40.1",",,C,13,","","","","","","","248.4",",,,C","0",",,,C","","","","","",""
"CA001020270","1936-01","50.5833","-126.9333","59.0","ALERT BAY, BC CA","","","","","18",",C","11",",C","0",",C","","","0",",C","","","","","","","","","","","","","","","0",",,C,31,+","14.0",",,C,03,","","","","","","","82.2",",,,C","0",",,,C","","","","","",""
"CA001020270","1936-02","50.5833","-126.9333","59.0","ALERT BAY, BC CA","","","","","11",",C","6",",C","0",",C","","","3",",C","","","","","","","","","","","","","","","25",",,C,25,+","14.2",",,C,28,","","","","","","","37.3",",,,C","125",",,,C","","","","","",""
"CA001020270","1936-03","50.5833","-126.9333","59.0","ALERT BAY, BC CA","","","","","20",",C","15",",C","1",",C","","","2",",C","","","","","","","","","","","","","","","51",",,C,26,+","48.0",",,C,01,","","","","","","","178.3",",,,C","102",",,,C","","","","","",""
"CA001020270","1936-04","50.5833","-126.9333","59.0","ALERT BAY, BC CA","","","","","17",",C","10",",C","0",",C","","","0",",C","","","","","","","","","","","","","","","0",",,C,30,+","14.0",",,C,06,","","","","","","","83.0",",,,C","0",",,,C","","","","","",""
"CA001020270","1936-05","50.5833","-126.9333","59.0","ALERT BAY, BC CA","","","","","17",",C","10",",C","1",",C","","","0",",C","","","","","","","","","","","","","","","0",",,C,31,+","25.4",",,C,18,","","","","","","","100.4",",,,C","0",",,,C","","","","","",""
"CA001020270","1936-06","50.5833","-126.9333","59.0","ALERT BAY, BC CA","","","","","17",",C","14",",C","1",",C","","","0",",C","","","","","","","","","","","","","","","0",",,C,30,+","26.7",",,C,16,","","","","","","","133.8",",,,C","0",",,,C","","","","","",""
"CA001020270","1936-07","50.5833","-126.9333","59.0","ALERT BAY, BC CA","","","","","16",",C","12",",C","1",",C","","","0",",C","","","","","","","","","","","","","","","0",",,C,31,+","28.4",",,C,11,","","","","","","","127.4",",,,C","0",",,,C","","","","","",""
"CA001020270","1936-08","50.5833","-126.9333","59.0","ALERT BAY, BC CA","","","","","6",",C","6",",C","0",",C","","","0",",C","","","","","","","","","","","","","","","0",",,C,31,+","16.0",",,C,30,","","","","","","","46.2",",,,C","0",",,,C","","","","","",""
"CA001020270","1936-09","50.5833","-126.9333","59.0","ALERT BAY, BC CA","","","","","12",",C","10",",C","2",",C","","","0",",C","","","","","","","","","","","","","","","0",",,C,30,+","28.4",",,C,20,","","","","","","","111.5",",,,C","0",",,,C","","","","","",""
"CA001020270","1936-10","50.5833","-126.9333","59.0","ALERT BAY, BC CA","","","","","13","2,C","5","2,C","0","2,C","","","0",",C","","","","","","","","","","","","","","","0",",,C,31,+","16.3","2,,C,13,","","","","","","","45.4",",a,,C","0",",,,C","","","","","",""
"CA001020270","1936-11","50.5833","-126.9333","59.0","ALERT BAY, BC CA","","","","","16",",C","10",",C","1",",C","","","0",",C","","","","","","","","","","","","","","","0",",,C,30,+","26.2",",,C,18,","","","","","","","103.0",",,,C","0",",,,C","","","","","",""
"CA001020270","1936-12","50.5833","-126.9333","59.0","ALERT BAY, BC CA","","","","","22","4,C","17","4,C","3","4,C","","","0",",C","","","","","","","","","","","","","","","0",",,C,31,+","54.6","4,,C,05,","","","","","","","302.1",",a,,C","13",",a,,C","","","","","",""
"CA001020270","1937-01","50.5833","-126.9333","59.0","ALERT BAY, BC CA","","","","","13",",C","10",",C","0",",C","","","3",",C","","","","","","","","","","","","","","","152",",,C,08,","15.2",",,C,08,","","","","","","","68.9",",,,C","248",",,,C","","","","","",""
"CA001020270","1937-02","50.5833","-126.9333","59.0","ALERT BAY, BC CA","","","","","18",",C","12",",C","3",",C","","","8",",C","","","","","","","","","","","","","","","254",",,C,01,","38.4",",,C,16,","","","","","","","183.1",",,,C","840",",,,C","","","","","",""
"CA001020270","1937-03","50.5833","-126.9333","59.0","ALERT BAY, BC CA","","","","","11",",C","8",",C","1",",C","","","0",",C","","","","","","","","","","","","","","","0",",,C,31,+","29.5",",,C,04,","","","","","","","74.2",",,,C","0",",,,C","","","","","",""
"CA001020270","1937-04","50.5833","-126.9333","59.0","ALERT BAY, BC CA","","","","","24",",C","16",",C","1",",C","","","0",",C","","","","","","","","","","","","","","","0",",,C,30,+","46.2",",,C,14,","","","","","","","178.5",",,,C","0",",,,C","","","","","",""
"CA001020270","1937-05","50.5833","-126.9333","59.0","ALERT BAY, BC CA","","","","","16",",C","9",",C","1",",C","","","0",",C","","","","","","","","","","","","","","","0",",,C,31,+","29.5",",,C,12,","","","","","","","78.2",",,,C","0",",,,C","","","","","",""
"CA001020270","1937-06","50.5833","-126.9333","59.0","ALERT BAY, BC CA","","","","","13",",C","8",",C","0",",C","","","0",",C","","","","","","","","","","","","","","","0",",,C,30,+","17.0",",,C,21,","","","","","","","90.2",",,,C","0",",,,C","","","","","",""
"CA001020270","1937-07","50.5833","-126.9333","59.0","ALERT BAY, BC CA","","","","","12",",C","4",",C","0",",C","","","0",",C","","","","","","","","","","","","","","","0",",,C,31,+","6.4",",,C,20,","","","","","","","22.0",",,,C","0",",,,C","","","","","",""
"CA001020270","1937-08","50.5833","-126.9333","59.0","ALERT BAY, BC CA","","","","","19","1,C","14","1,C","1","1,C","","","0",",C","","","","","","","","","","","","","","","0",",,C,31,+","28.2","1,,C,20,","","","","","","","121.0","1,,,C","0",",,,C","","","","","",""
"CA001020270","1937-09","50.5833","-126.9333","59.0","ALERT BAY, BC CA","","","","","10",",C","4",",C","1",",C","","","0",",C","","","","","","","","","","","","","","","0",",,C,30,+","29.2",",,C,29,","","","","","","","52.3",",,,C","0",",,,C","","","","","",""
"CA001020270","1937-10","50.5833","-126.9333","59.0","ALERT BAY, BC CA","","","","","14",",C","13",",C","3",",C","","","0",",C","","","","","","","","","","","","","","","0",",,C,31,+","40.6",",,C,27,","","","","","","","196.7",",,,C","0",",,,C","","","","","",""
"CA001020270","1937-11","50.5833","-126.9333","59.0","ALERT BAY, BC CA","","","","","20","2,C","14","2,C","2","2,C","","","0",",C","","","","","","","","","","","","","","","8",",,C,14,","35.6","2,,C,07,","","","","","","","197.8",",a,,C","8",",,,C","","","","","",""
"CA001020270","1937-12","50.5833","-126.9333","59.0","ALERT BAY, BC CA","","","","","24",",C","19",",C","0",",C","","","4",",C","","","","","","","","","","","","","","","127",",,C,27,","20.8",",,C,29,","","","","","","","187.2",",,,C","305",",,,C","","","","","",""
"CA001020270","1938-01","50.5833","-126.9333","59.0","ALERT BAY, BC CA","","","","","21",",C","15",",C","0",",C","","","1",",C","","","","","","","","","","","","","","","25",",,C,30,","20.3",",,C,11,","","","","","","","111.4",",,,C","33",",,,C","","","","","",""
"CA001020270","1938-02","50.5833","-126.9333","59.0","ALERT BAY, BC CA","","","","","9",",C","7",",C","0",",C","","","3",",C","","","","","","","","","","","","","","","76",",,C,06,","19.6",",,C,19,","","","","","","","53.1",",,,C","173",",,,C","","","","","",""
"CA001020270","1938-03","50.5833","-126.9333","59.0","ALERT BAY, BC CA","","","","","17",",C","15",",C","1",",C","","","0",",C","","","","","","","","","","","","","","","0",",,C,31,+","47.0",",,C,26,","","","","","","","175.3",",,,C","0",",,,C","","","","","",""
"CA001020270","1938-04","50.5833","-126.9333","59.0","ALERT BAY, BC CA","","","","","11",",C","6",",C","0",",C","","","0",",C","","","","","","","","","","","","","","","0",",,C,30,+","6.1",",,C,18,","","","","","","","30.7",",,,C","0",",,,C","","","","","",""
"CA001020270","1938-05","50.5833","-126.9333","59.0","ALERT BAY, BC CA","","","","","11",",C","5",",C","0",",C","","","0",",C","","","","","","","","","","","","","","","0",",,C,31,+","20.3",",,C,07,","","","","","","","59.9",",,,C","0",",,,C","","","","","",""
"CA001020270","1938-06","50.5833","-126.9333","59.0","ALERT BAY, BC CA","","","","","9",",C","3",",C","0",",C","","","0",",C","","","","","","","","","","","","","","","0",",,C,30,+","9.1",",,C,07,","","","","","","","25.0",",,,C","0",",,,C","","","","","",""
"CA001020270","1938-07","50.5833","-126.9333","59.0","ALERT BAY, BC CA","","","","","6",",C","2",",C","0",",C","","","0",",C","","","","","","","","","","","","","","","0",",,C,31,+","7.9",",,C,10,","","","","","","","15.3",",,,C","0",",,,C","","","","","",""
"CA001020270","1938-08","50.5833","-126.9333","59.0","ALERT BAY, BC CA","","","","","7",",C","3",",C","0",",C","","","0",",C","","","","","","","","","","","","","","","0",",,C,31,+","20.1",",,C,16,","","","","","","","39.1",",,,C","0",",,,C","","","","","",""
"CA001020270","1938-09","50.5833","-126.9333","59.0","ALERT BAY, BC CA","","","","","9",",C","8",",C","1",",C","","","0",",C","","","","","","","","","","","","","","","0",",,C,30,+","39.6",",,C,19,","","","","","","","91.9",",,,C","0",",,,C","","","","","",""
"CA001020270","1938-10","50.5833","-126.9333","59.0","ALERT BAY, BC CA","","","","","20",",C","14",",C","3",",C","","","0",",C","","","","","","","","","","","","","","","0",",,C,31,+","51.8",",,C,09,","","","","","","","230.5",",,,C","0",",,,C","","","","","",""
"CA001020270","1938-11","50.5833","-126.9333","59.0","ALERT BAY, BC CA","","","","","18",",C","13",",C","2",",C","","","0",",C","","","","","","","","","","","","","","","0",",,C,30,+","38.1",",,C,15,","","","","","","","181.6",",,,C","0",",,,C","","","","","",""
"CA001020270","1938-12","50.5833","-126.9333","59.0","ALERT BAY, BC CA","","","","","22",",C","19",",C","3",",C","","","0",",C","","","","","","","","","","","","","","","0",",T,C,27,+","63.8",",,C,22,","","","","","","","337.0",",,,C","0",",T,,C","","","","","",""
"CA001020270","1939-01","50.5833","-126.9333","59.0","ALERT BAY, BC CA","","","","","24",",C","20",",C","1",",C","","","0",",C","","","","","","","","","","","","","","","5",",,C,28,","29.0",",,C,02,","","","","","","","209.8",",,,C","5",",,,C","","","","","",""
"CA001020270","1939-02","50.5833","-126.9333","59.0","ALERT BAY, BC CA","","","","","16",",C","11",",C","1",",C","","","3",",C","","","","","","","","","","","","","","","51",",,C,10,","26.7",",,C,11,","","","","","","","97.7",",,,C","112",",,,C","","","","","",""
"CA001020270","1939-03","50.5833","-126.9333","59.0","ALERT BAY, BC CA","","","","","22",",C","10",",C","0",",C","","","0",",C","","","","","","","","","","","","","","","0",",,C,31,+","12.4",",,C,31,","","","","","","","68.8",",,,C","0",",,,C","","","","","",""
"CA001020270","1939-04","50.5833","-126.9333","59.0","ALERT BAY, BC CA","","","","","16",",C","11",",C","1",",C","","","0",",C","","","","","","","","","","","","","","","0",",,C,30,+","56.6",",,C,25,","","","","","","","170.4",",,,C","0",",,,C","","","","","",""
"CA001020270","1939-05","50.5833","-126.9333","59.0","ALERT BAY, BC CA","","","","","15",",C","12",",C","0",",C","","","0",",C","","","","","","","","","","","","","","","0",",,C,31,+","11.9",",,C,05,","","","","","","","74.1",",,,C","0",",,,C","","","","","",""
"CA001020270","1939-06","50.5833","-126.9333","59.0","ALERT BAY, BC CA","","","","","14",",C","7",",C","1",",C","","","0",",C","","","","","","","","","","","","","","","0",",,C,30,+","37.1",",,C,21,","","","","","","","82.0",",,,C","0",",,,C","","","","","",""
"CA001020270","1939-07","50.5833","-126.9333","59.0","ALERT BAY, BC CA","","","","","14",",C","10",",C","0",",C","","","0",",C","","","","","","","","","","","","","","","0",",,C,31,+","19.6",",,C,02,","","","","","","","92.3",",,,C","0",",,,C","","","","","",""
"CA001020270","1939-08","50.5833","-126.9333","59.0","ALERT BAY, BC CA","","","","","9",",C","6",",C","1",",C","","","0",",C","","","","","","","","","","","","","","","0",",,C,31,+","26.4",",,C,04,","","","","","","","70.6",",,,C","0",",,,C","","","","","",""
"CA001020270","1939-09","50.5833","-126.9333","59.0","ALERT BAY, BC CA","","","","","12",",C","8",",C","2",",C","","","0",",C","","","","","","","","","","","","","","","0",",,C,30,+","51.1",",,C,16,","","","","","","","111.4",",,,C","0",",,,C","","","","","",""
"CA001020270","1939-10","50.5833","-126.9333","59.0","ALERT BAY, BC CA","","","","","20",",C","14",",C","2",",C","","","0",",C","","","","","","","","","","","","","","","0",",,C,31,+","33.8",",,C,19,","","","","","","","166.1",",,,C","0",",,,C","","","","","",""
"CA001020270","1939-11","50.5833","-126.9333","59.0","ALERT BAY, BC CA","","","","","30",",C","21",",C","7",",C","","","0",",C","","","","","","","","","","","","","","","0",",,C,30,+","51.3",",,C,13,","","","","","","","454.9",",,,C","0",",,,C","","","","","",""
"CA001020270","1939-12","50.5833","-126.9333","59.0","ALERT BAY, BC CA","","","","","27",",C","22",",C","7",",C","","","0",",C","","","","","","","","","","","","","","","0",",,C,31,+","68.1",",,C,05,","","","","","","","527.8",",,,C","0",",,,C","","","","","",""
"CA001020270","1940-01","50.5833","-126.9333","59.0","ALERT BAY, BC CA","","","","","20",",C","10",",C","2",",C","","","0",",C","","","","","","","","","","","","","","","0",",,C,31,+","41.9",",,C,27,","","","","","","","138.4",",,,C","0",",,,C","","","","","",""
"CA001020270","1940-02","50.5833","-126.9333","59.0","ALERT BAY, BC CA","","","","","20",",C","13",",C","0",",C","","","0",",C","","","","","","","","","","","","","","","0",",,C,29,+","18.5",",,C,29,","","","","","","","108.5",",,,C","0",",,,C","","","","","",""
"CA001020270","1940-03","50.5833","-126.9333","59.0","ALERT BAY, BC CA","","","","","19",",C","13",",C","0",",C","","","0",",C","","","","","","","","","","","","","","","0",",,C,31,+","17.0",",,C,03,","","","","","","","115.5",",,,C","0",",,,C","","","","","",""
"CA001020270","1940-04","50.5833","-126.9333","59.0","ALERT BAY, BC CA","","","","","18",",C","9",",C","0",",C","","","0",",C","","","","","","","","","","","","","","","0",",,C,30,+","20.3",",,C,17,","","","","","","","74.7",",,,C","0",",,,C","","","","","",""
"CA001020270","1940-05","50.5833","-126.9333","59.0","ALERT BAY, BC CA","","","","","14",",C","7",",C","0",",C","","","0",",C","","","","","","","","","","","","","","","0",",,C,31,+","14.0",",,C,18,","","","","","","","55.9",",,,C","0",",,,C","","","","","",""
"CA001020270","1940-06","50.5833","-126.9333","59.0","ALERT BAY, BC CA","","","","","9",",C","3",",C","0",",C","","","0",",C","","","","","","","","","","","","","","","0",",,C,30,+","14.0",",,C,06,","","","","","","","30.2",",,,C","0",",,,C","","","","","",""
"CA001020270","1940-07","50.5833","-126.9333","59.0","ALERT BAY, BC CA","","","","","13",",C","6",",C","0",",C","","","0",",C","","","","","","","","","","","","","","","0",",,C,31,+","8.4",",,C,12,","","","","","","","38.2",",,,C","0",",,,C","","","","","",""
"CA001020270","1940-08","50.5833","-126.9333","59.0","ALERT BAY, BC CA","","","","","17",",C","9",",C","0",",C","","","0",",C","","","","","","","","","","","","","","","0",",,C,31,+","20.3",",,C,30,","","","","","","","76.3",",,,C","0",",,,C","","","","","",""
"CA001020270","1940-09","50.5833","-126.9333","59.0","ALERT BAY, BC CA","","","","","9",",C","6",",C","0",",C","","","0",",C","","","","","","","","","","","","","","","0",",,C,30,+","20.3",",,C,12,","","","","","","","49.4",",,,C","0",",,,C","","","","","",""
"CA001020270","1940-10","50.5833","-126.9333","59.0","ALERT BAY, BC CA","","","","","25",",C","14",",C","3",",C","","","0",",C","","","","","","","","","","","","","","","0",",,C,31,+","50.5",",,C,18,","","","","","","","276.5",",,,C","0",",,,C","","","","","",""
"CA001020270","1940-11","50.5833","-126.9333","59.0","ALERT BAY, BC CA","","","","","19",",C","12",",C","1",",C","","","1",",C","","","","","","","","","","","","","","","51",",,C,10,","40.6",",,C,04,","","","","","","","151.0",",,,C","51",",,,C","","","","","",""
"CA001020270","1940-12","50.5833","-126.9333","59.0","ALERT BAY, BC CA","","","","","23",",C","18",",C","2",",C","","","0",",C","","","","","","","","","","","","","","","0",",,C,31,+","39.9",",,C,04,","","","","","","","250.3",",,,C","0",",,,C","","","","","",""
"CA001020270","1941-01","50.5833","-126.9333","59.0","ALERT BAY, BC CA","","","","","20",",C","17",",C","3",",C","","","0",",C","","","","","","","","","","","","","","","0",",,C,31,+","33.0",",,C,27,","","","","","","","256.2",",,,C","0",",,,C","","","","","",""
"CA001020270","1941-02","50.5833","-126.9333","59.0","ALERT BAY, BC CA","","","","","12",",C","4",",C","2",",C","","","0",",C","","","","","","","","","","","","","","","0",",,C,28,+","60.7",",,C,04,","","","","","","","113.6",",,,C","0",",,,C","","","","","",""
"CA001020270","1941-03","50.5833","-126.9333","59.0","ALERT BAY, BC CA","","","","","16",",C","9",",C","1",",C","","","0",",C","","","","","","","","","","","","","","","0",",,C,31,+","26.2",",,C,21,","","","","","","","76.6",",,,C","0",",,,C","","","","","",""
"CA001020270","1941-04","50.5833","-126.9333","59.0","ALERT BAY, BC CA","","","","","14",",C","6",",C","0",",C","","","0",",C","","","","","","","","","","","","","","","0",",,C,30,+","10.7",",,C,14,","","","","","","","58.8",",,,C","0",",,,C","","","","","",""
"CA001020270","1941-05","50.5833","-126.9333","59.0","ALERT BAY, BC CA","","","","","16",",C","12",",C","1",",C","","","0",",C","","","","","","","","","","","","","","","0",",,C,31,+","27.7",",,C,17,","","","","","","","105.6",",,,C","0",",,,C","","","","","",""
"CA001020270","1941-06","50.5833","-126.9333","59.0","ALERT BAY, BC CA","","","","","10",",C","7",",C","0",",C","","","0",",C","","","","","","","","","","","","","","","0",",,C,30,+","18.3",",,C,17,","","","","","","","48.2",",,,C","0",",,,C","","","","","",""
"CA001020270","1941-07","50.5833","-126.9333","59.0","ALERT BAY, BC CA","","","","","3",",C","3",",C","0",",C","","","0",",C","","","","","","","","","","","","","","","0",",,C,31,+","5.6",",,C,20,","","","","","","","12.7",",,,C","0",",,,C","","","","","",""
"CA001020270","1941-08","50.5833","-126.9333","59.0","ALERT BAY, BC CA","","","","","8",",C","5",",C","0",",C","","","0",",C","","","","","","","","","","","","","","","0",",,C,31,+","7.1",",,C,29,+","","","","","","","34.2",",,,C","0",",,,C","","","","","",""
"CA001020270","1941-09","50.5833","-126.9333","59.0","ALERT BAY, BC CA","","","","","19",",C","12",",C","1",",C","","","0",",C","","","","","","","","","","","","","","","0",",,C,30,+","40.1",",,C,28,","","","","","","","148.6",",,,C","0",",,,C","","","","","",""
"CA001020270","1941-10","50.5833","-126.9333","59.0","ALERT BAY, BC CA","","","","","16",",C","13",",C","1",",C","","","0",",C","","","","","","","","","","","","","","","0",",,C,31,+","27.7",",,C,10,","","","","","","","151.6",",,,C","0",",,,C","","","","","",""
"CA001020270","1941-11","50.5833","-126.9333","59.0","ALERT BAY, BC CA","","","","","18",",C","13",",C","5",",C","","","0",",C","","","","","","","","","","","","","","","0",",,C,30,+","59.2",",,C,29,","","","","","","","257.0",",,,C","0",",,,C","","","","","",""
"CA001020270","1941-12","50.5833","-126.9333","59.0","ALERT BAY, BC CA","","","","","18",",C","15",",C","2",",C","","","0",",C","","","","","","","","","","","","","","","0",",,C,31,+","62.5",",,C,01,","","","","","","","227.6",",,,C","0",",,,C","","","","","",""
"CA001020270","1942-01","50.5833","-126.9333","59.0","ALERT BAY, BC CA","","","","","17",",C","13",",C","1",",C","","","2",",C","","","","","","","","","","","","","","","36",",,C,08,","26.7",",,C,18,","","","","","","","148.2",",,,C","61",",,,C","","","","","",""
"CA001020270","1942-02","50.5833","-126.9333","59.0","ALERT BAY, BC CA","","","","","11",",C","4",",C","0",",C","","","0",",C","","","","","","","","","","","","","","","0",",,C,28,+","11.7",",,C,10,","","","","","","","27.1",",,,C","0",",,,C","","","","","",""
"CA001020270","1942-03","50.5833","-126.9333","59.0","ALERT BAY, BC CA","","","","","20",",C","13",",C","1",",C","","","1",",C","","","","","","","","","","","","","","","89",",,C,21,","35.6",",,C,04,","","","","","","","174.5",",,,C","102",",,,C","","","","","",""
"CA001020270","1942-04","50.5833","-126.9333","59.0","ALERT BAY, BC CA","","","","","18",",C","11",",C","0",",C","","","0",",C","","","","","","","","","","","","","","","0",",,C,30,+","13.2",",,C,23,","","","","","","","85.3",",,,C","0",",,,C","","","","","",""
"CA001020270","1942-05","50.5833","-126.9333","59.0","ALERT BAY, BC CA","","","","","8",",C","2",",C","0",",C","","","0",",C","","","","","","","","","","","","","","","0",",,C,31,+","9.1",",,C,08,","","","","","","","17.8",",,,C","0",",,,C","","","","","",""
"CA001020270","1942-06","50.5833","-126.9333","59.0","ALERT BAY, BC CA","","","","","13",",C","8",",C","0",",C","","","0",",C","","","","","","","","","","","","","","","0",",,C,30,+","11.9",",,C,13,","","","","","","","68.5",",,,C","0",",,,C","","","","","",""
"CA001020270","1942-07","50.5833","-126.9333","59.0","ALERT BAY, BC CA","","","","","9",",C","6",",C","0",",C","","","0",",C","","","","","","","","","","","","","","","0",",,C,31,+","17.3",",,C,14,","","","","","","","60.3",",,,C","0",",,,C","","","","","",""
"CA001020270","1942-08","50.5833","-126.9333","59.0","ALERT BAY, BC CA","","","","","3",",C","2",",C","0",",C","","","0",",C","","","","","","","","","","","","","","","0",",,C,31,+","3.3",",,C,20,","","","","","","","7.1",",,,C","0",",,,C","","","","","",""
"CA001020270","1942-09","50.5833","-126.9333","59.0","ALERT BAY, BC CA","","","","","10",",C","5",",C","0",",C","","","0",",C","","","","","","","","","","","","","","","0",",,C,30,+","21.3",",,C,07,","","","","","","","54.7",",,,C","0",",,,C","","","","","",""
"CA001020270","1942-10","50.5833","-126.9333","59.0","ALERT BAY, BC CA","","","","","25",",C","18",",C","0",",C","","","0",",C","","","","","","","","","","","","","","","0",",,C,31,+","22.9",",,C,05,","","","","","","","200.8",",,,C","0",",,,C","","","","","",""
"CA001020270","1942-11","50.5833","-126.9333","59.0","ALERT BAY, BC CA","","","","","20",",C","16",",C","2",",C","","","0",",C","","","","","","","","","","","","","","","0",",,C,30,+","29.7",",,C,13,","","","","","","","202.8",",,,C","0",",,,C","","","","","",""
"CA001020270","1942-12","50.5833","-126.9333","59.0","ALERT BAY, BC CA","","","","","26",",C","17",",C","0",",C","","","0",",C","","","","","","","","","","","","","","","0",",,C,31,+","24.1",",,C,15,","","","","","","","167.2",",,,C","0",",,,C","","","","","",""
"CA001020270","1943-01","50.5833","-126.9333","59.0","ALERT BAY, BC CA","","","","","15",",C","9",",C","1",",C","","","3",",C","","","","","","","","","","","","","","","381",",,C,18,","38.1",",,C,18,","","","","","","","122.8",",,,C","569",",,,C","","","","","",""
"CA001020270","1943-02","50.5833","-126.9333","59.0","ALERT BAY, BC CA","","","","","15",",C","9",",C","0",",C","","","0",",C","","","","","","","","","","","","","","","0",",,C,28,+","17.8",",,C,01,","","","","","","","80.5",",,,C","0",",,,C","","","","","",""
"CA001020270","1943-03","50.5833","-126.9333","59.0","ALERT BAY, BC CA","","","","","15",",C","8",",C","1",",C","","","0",",C","","","","","","","","","","","","","","","0",",,C,31,+","69.6",",,C,23,","","","","","","","126.3",",,,C","0",",,,C","","","","","",""
"CA001020270","1943-04","50.5833","-126.9333","59.0","ALERT BAY, BC CA","","","","","16",",C","11",",C","2",",C","","","0",",C","","","","","","","","","","","","","","","0",",,C,30,+","27.7",",,C,20,","","","","","","","137.1",",,,C","0",",,,C","","","","","",""
"CA001020270","1943-05","50.5833","-126.9333","59.0","ALERT BAY, BC CA","","","","","15",",C","8",",C","0",",C","","","0",",C","","","","","","","","","","","","","","","0",",,C,31,+","9.1",",,C,31,+","","","","","","","62.3",",,,C","0",",,,C","","","","","",""
"CA001020270","1943-06","50.5833","-126.9333","59.0","ALERT BAY, BC CA","","","","","11",",C","6",",C","0",",C","","","0",",C","","","","","","","","","","","","","","","0",",,C,30,+","7.6",",,C,22,","","","","","","","40.1",",,,C","0",",,,C","","","","","",""
"CA001020270","1943-07","50.5833","-126.9333","59.0","ALERT BAY, BC CA","","","","","13",",C","8",",C","0",",C","","","0",",C","","","","","","","","","","","","","","","0",",,C,31,+","22.4",",,C,08,","","","","","","","81.8",",,,C","0",",,,C","","","","","",""
"CA001020270","1943-08","50.5833","-126.9333","59.0","ALERT BAY, BC CA","","","","","18",",C","6",",C","1",",C","","","0",",C","","","","","","","","","","","","","","","0",",,C,31,+","37.8",",,C,28,","","","","","","","82.0",",,,C","0",",,,C","","","","","",""
"CA001020270","1943-09","50.5833","-126.9333","59.0","ALERT BAY, BC CA","","","","","10",",C","8",",C","1",",C","","","0",",C","","","","","","","","","","","","","","","0",",,C,30,+","34.0",",,C,19,","","","","","","","102.2",",,,C","0",",,,C","","","","","",""
"CA001020270","1943-10","50.5833","-126.9333","59.0","ALERT BAY, BC CA","","","","","19",",C","14",",C","1",",C","","","0",",C","","","","","","","","","","","","","","","0",",,C,31,+","32.8",",,C,21,","","","","","","","181.5",",,,C","0",",,,C","","","","","",""
"CA001020270","1943-11","50.5833","-126.9333","59.0","ALERT BAY, BC CA","","","","","18",",C","11",",C","0",",C","","","0",",C","","","","","","","","","","","","","","","0",",,C,30,+","23.6",",,C,28,","","","","","","","130.9",",,,C","0",",,,C","","","","","",""
"CA001020270","1943-12","50.5833","-126.9333","59.0","ALERT BAY, BC CA","","","","","16",",C","12",",C","0",",C","","","0",",C","","","","","","","","","","","","","","","0",",,C,31,+","13.7",",,C,26,","","","","","","","95.8",",,,C","0",",,,C","","","","","",""
"CA001020270","1944-01","50.5833","-126.9333","59.0","ALERT BAY, BC CA","","","","","22",",C","18",",C","3",",C","","","2",",C","","","","","","","","","","","","","","","41",",,C,02,","65.3",",,C,18,","","","","","","","314.8",",,,C","79",",,,C","","","","","",""
"CA001020270","1944-02","50.5833","-126.9333","59.0","ALERT BAY, BC CA","","","","","13",",C","10",",C","1",",C","","","0",",C","","","","","","","","","","","","","","","0",",,C,29,+","34.3",",,C,15,","","","","","","","91.1",",,,C","0",",,,C","","","","","",""
"CA001020270","1944-03","50.5833","-126.9333","59.0","ALERT BAY, BC CA","","","","","20",",C","11",",C","1",",C","","","0",",C","","","","","","","","","","","","","","","0",",,C,31,+","29.5",",,C,15,","","","","","","","110.2",",,,C","0",",,,C","","","","","",""
"CA001020270","1944-04","50.5833","-126.9333","59.0","ALERT BAY, BC CA","","","","","10",",C","6",",C","0",",C","","","0",",C","","","","","","","","","","","","","","","0",",,C,30,+","7.1",",,C,20,","","","","","","","35.5",",,,C","0",",,,C","","","","","",""
"CA001020270","1944-05","50.5833","-126.9333","59.0","ALERT BAY, BC CA","","","","","8",",C","5",",C","0",",C","","","0",",C","","","","","","","","","","","","","","","0",",,C,31,+","10.2",",,C,20,","","","","","","","29.1",",,,C","0",",,,C","","","","","",""
"CA001020270","1944-06","50.5833","-126.9333","59.0","ALERT BAY, BC CA","","","","","5",",C","2",",C","0",",C","","","0",",C","","","","","","","","","","","","","","","0",",,C,30,+","6.4",",,C,30,","","","","","","","13.8",",,,C","0",",,,C","","","","","",""
"CA001020270","1944-07","50.5833","-126.9333","59.0","ALERT BAY, BC CA","","","","","13",",C","3",",C","0",",C","","","0",",C","","","","","","","","","","","","","","","0",",,C,31,+","16.0",",,C,13,","","","","","","","44.1",",,,C","0",",,,C","","","","","",""
"CA001020270","1944-08","50.5833","-126.9333","59.0","ALERT BAY, BC CA","","","","","13",",C","7",",C","0",",C","","","0",",C","","","","","","","","","","","","","","","0",",,C,31,+","23.1",",,C,11,","","","","","","","58.0",",,,C","0",",,,C","","","","","",""
"CA001020270","1944-09","50.5833","-126.9333","59.0","ALERT BAY, BC CA","","","","","17",",C","12",",C","2",",C","","","0",",C","","","","","","","","","","","","","","","0",",,C,30,+","35.1",",,C,13,","","","","","","","141.7",",,,C","0",",,,C","","","","","",""
"CA001020270","1944-10","50.5833","-126.9333","59.0","ALERT BAY, BC CA","","","","","15",",C","10",",C","1",",C","","","0",",C","","","","","","","","","","","","","","","0",",,C,31,+","35.6",",,C,02,","","","","","","","125.5",",,,C","0",",,,C","","","","","",""
"CA001020270","1944-11","50.5833","-126.9333","59.0","ALERT BAY, BC CA","","","","","23",",C","15",",C","2",",C","","","0",",C","","","","","","","","","","","","","","","0",",,C,30,+","36.3",",,C,17,","","","","","","","188.4",",,,C","0",",,,C","","","","","",""
"CA001020270","1944-12","50.5833","-126.9333","59.0","ALERT BAY, BC CA","","","","","16",",C","10",",C","0",",C","","","0",",C","","","","","","","","","","","","","","","13",",,C,25,","20.8",",,C,05,","","","","","","","82.2",",,,C","13",",,,C","","","","","",""
"CA001020270","1945-01","50.5833","-126.9333","59.0","ALERT BAY, BC CA","","","","","21",",C","12",",C","1",",C","","","0",",C","","","","","","","","","","","","","","","0",",,C,31,+","29.7",",,C,07,","","","","","","","131.4",",,,C","0",",,,C","","","","","",""
"CA001020270","1945-02","50.5833","-126.9333","59.0","ALERT BAY, BC CA","","","","","15",",C","7",",C","1",",C","","","0",",C","","","","","","","","","","","","","","","0",",,C,28,+","30.5",",,C,07,","","","","","","","95.1",",,,C","0",",,,C","","","","","",""
"CA001020270","1945-03","50.5833","-126.9333","59.0","ALERT BAY, BC CA","","","","","22",",C","17",",C","1",",C","","","0",",C","","","","","","","","","","","","","","","0",",,C,31,+","39.9",",,C,19,","","","","","","","147.1",",,,C","0",",,,C","","","","","",""
"CA001020270","1945-04","50.5833","-126.9333","59.0","ALERT BAY, BC CA","","","","","21",",C","15",",C","0",",C","","","0",",C","","","","","","","","","","","","","","","0",",,C,30,+","14.7",",,C,23,","","","","","","","102.3",",,,C","0",",,,C","","","","","",""
"CA001020270","1945-05","50.5833","-126.9333","59.0","ALERT BAY, BC CA","","","","","11",",C","3",",C","0",",C","","","0",",C","","","","","","","","","","","","","","","0",",,C,31,+","5.1",",,C,03,","","","","","","","20.8",",,,C","0",",,,C","","","","","",""
"CA001020270","1945-06","50.5833","-126.9333","59.0","ALERT BAY, BC CA","","","","","13",",C","7",",C","0",",C","","","0",",C","","","","","","","","","","","","","","","0",",,C,30,+","15.0",",,C,19,","","","","","","","59.3",",,,C","0",",,,C","","","","","",""
"CA001020270","1945-07","50.5833","-126.9333","59.0","ALERT BAY, BC CA","","","","","10",",C","4",",C","0",",C","","","0",",C","","","","","","","","","","","","","","","0",",,C,31,+","20.6",",,C,21,","","","","","","","57.7",",,,C","0",",,,C","","","","","",""
"CA001020270","1945-08","50.5833","-126.9333","59.0","ALERT BAY, BC CA","","","","","12",",C","8",",C","2",",C","","","0",",C","","","","","","","","","","","","","","","0",",,C,31,+","32.3",",,C,09,","","","","","","","96.3",",,,C","0",",,,C","","","","","",""
"CA001020270","1945-09","50.5833","-126.9333","59.0","ALERT BAY, BC CA","","","","","11",",C","8",",C","0",",C","","","0",",C","","","","","","","","","","","","","","","0",",,C,30,+","22.4",",,C,03,","","","","","","","81.1",",,,C","0",",,,C","","","","","",""
"CA001020270","1945-10","50.5833","-126.9333","59.0","ALERT BAY, BC CA","","","","","17",",C","11",",C","1",",C","","","0",",C","","","","","","","","","","","","","","","0",",,C,31,+","34.8",",,C,23,","","","","","","","128.4",",,,C","0",",,,C","","","","","",""
"CA001020270","1945-11","50.5833","-126.9333","59.0","ALERT BAY, BC CA","","","","","28",",C","23",",C","2",",C","","","0",",C","","","","","","","","","","","","","","","13",",,C,04,","32.3",",,C,24,","","","","","","","252.9",",,,C","16",",,,C","","","","","",""
"CA001020270","1945-12","50.5833","-126.9333","59.0","ALERT BAY, BC CA","","","","","19",",C","11",",C","1",",C","","","0",",C","","","","","","","","","","","","","","","0",",,C,31,+","37.8",",,C,02,","","","","","","","137.2",",,,C","0",",,,C","","","","","",""
"CA001020270","1946-01","50.5833","-126.9333","59.0","ALERT BAY, BC CA","","","","","27",",C","18",",C","5",",C","","","1",",C","","","","","","","","","","","","","","","25",",,C,26,","105.2",",,C,17,","","","","","","","318.0",",,,C","25",",,,C","","","","","",""
"CA001020270","1946-02","50.5833","-126.9333","59.0","ALERT BAY, BC CA","","","","","21",",C","11",",C","0",",C","","","0",",C","","","","","","","","","","","","","","","0",",,C,28,+","17.3",",,C,13,","","","","","","","115.3",",,,C","0",",,,C","","","","","",""
"CA001020270","1946-03","50.5833","-126.9333","59.0","ALERT BAY, BC CA","","","","","23",",C","14",",C","1",",C","","","0",",C","","","","","","","","","","","","","","","0",",,C,31,+","28.2",",,C,01,","","","","","","","131.6",",,,C","0",",,,C","","","","","",""
"CA001020270","1946-04","50.5833","-126.9333","59.0","ALERT BAY, BC CA","","","","","18",",C","11",",C","2",",C","","","0",",C","","","","","","","","","","","","","","","0",",,C,30,+","33.3",",,C,28,","","","","","","","108.4",",,,C","0",",,,C","","","","","",""
"CA001020270","1946-05","50.5833","-126.9333","59.0","ALERT BAY, BC CA","","","","","7",",C","2",",C","0",",C","","","0",",C","","","","","","","","","","","","","","","0",",,C,31,+","4.1",",,C,04,","","","","","","","14.8",",,,C","0",",,,C","","","","","",""
"CA001020270","1946-06","50.5833","-126.9333","59.0","ALERT BAY, BC CA","","","","","18",",C","6",",C","0",",C","","","0",",C","","","","","","","","","","","","","","","0",",,C,30,+","13.5",",,C,11,","","","","","","","62.5",",,,C","0",",,,C","","","","","",""
"CA001020270","1946-07","50.5833","-126.9333","59.0","ALERT BAY, BC CA","","","","","19",",C","8",",C","0",",C","","","0",",C","","","","","","","","","","","","","","","0",",,C,31,+","15.7",",,C,07,","","","","","","","61.9",",,,C","0",",,,C","","","","","",""
"CA001020270","1946-08","50.5833","-126.9333","59.0","ALERT BAY, BC CA","","","","","5",",C","2",",C","0",",C","","","0",",C","","","","","","","","","","","","","","","0",",,C,31,+","10.4",",,C,05,","","","","","","","14.7",",,,C","0",",,,C","","","","","",""
"CA001020270","1946-09","50.5833","-126.9333","59.0","ALERT BAY, BC CA","","","","","17",",C","11",",C","0",",C","","","0",",C","","","","","","","","","","","","","","","0",",,C,30,+","23.6",",,C,23,","","","","","","","106.6",",,,C","0",",,,C","","","","","",""
"CA001020270","1946-10","50.5833","-126.9333","59.0","ALERT BAY, BC CA","","","","","20",",C","16",",C","2",",C","","","0",",C","","","","","","","","","","","","","","","0",",,C,31,+","36.1",",,C,23,","","","","","","","187.7",",,,C","0",",,,C","","","","","",""
"CA001020270","1946-11","50.5833","-126.9333","59.0","ALERT BAY, BC CA","","","","","19",",C","13",",C","0",",C","","","2",",C","","","","","","","","","","","","","","","69",",,C,22,","18.3",",,C,08,","","","","","","","133.8",",,,C","112",",,,C","","","","","",""
"CA001020270","1946-12","50.5833","-126.9333","59.0","ALERT BAY, BC CA","","","","","26",",C","17",",C","2",",C","","","2",",C","","","","","","","","","","","","","","","74",",,C,15,","50.8",",,C,09,","","","","","","","208.2",",,,C","134",",,,C","","","","","",""
"CA001020270","1947-01","50.5833","-126.9333","59.0","ALERT BAY, BC CA","","","","","22",",C","19",",C","1",",C","","","6",",C","","","","","","","","","","","","","","","79",",,C,26,","59.7",",,C,17,","","","","","","","220.1",",,,C","390",",,,C","","","","","",""
"CA001020270","1947-02","50.5833","-126.9333","59.0","ALERT BAY, BC CA","","","","","13",",C","9",",C","1",",C","","","1",",C","","","","","","","","","","","","","","","53",",,C,01,","27.4",",,C,12,","","","","","","","108.4",",,,C","63",",,,C","","","","","",""
"CA001020270","1947-03","50.5833","-126.9333","59.0","ALERT BAY, BC CA","","","","","16",",C","6",",C","0",",C","","","0",",C","","","","","","","","","","","","","","","0",",,C,31,+","6.9",",,C,11,","","","","","","","37.6",",,,C","0",",,,C","","","","","",""
"CA001020270","1947-04","50.5833","-126.9333","59.0","ALERT BAY, BC CA","","","","","14",",C","8",",C","0",",C","","","0",",C","","","","","","","","","","","","","","","0",",,C,30,+","13.7",",,C,07,","","","","","","","64.3",",,,C","0",",,,C","","","","","",""
"CA001020270","1947-05","50.5833","-126.9333","59.0","ALERT BAY, BC CA","","","","","11",",C","8",",C","1",",C","","","0",",C","","","","","","","","","","","","","","","0",",,C,31,+","34.3",",,C,01,","","","","","","","71.5",",,,C","0",",,,C","","","","","",""
"CA001020270","1947-06","50.5833","-126.9333","59.0","ALERT BAY, BC CA","","","","","17",",C","9",",C","0",",C","","","0",",C","","","","","","","","","","","","","","","0",",,C,30,+","18.0",",,C,08,","","","","","","","76.7",",,,C","0",",,,C","","","","","",""
"CA001020270","1947-07","50.5833","-126.9333","59.0","ALERT BAY, BC CA","","","","","17",",C","11",",C","0",",C","","","0",",C","","","","","","","","","","","","","","","0",",,C,31,+","18.5",",,C,10,","","","","","","","106.3",",,,C","0",",,,C","","","","","",""
"CA001020270","1947-08","50.5833","-126.9333","59.0","ALERT BAY, BC CA","","","","","7",",C","1",",C","0",",C","","","0",",C","","","","","","","","","","","","","","","0",",,C,31,+","8.9",",,C,06,","","","","","","","14.6",",,,C","0",",,,C","","","","","",""
"CA001020270","1947-09","50.5833","-126.9333","59.0","ALERT BAY, BC CA","","","","","14",",C","7",",C","0",",C","","","0",",C","","","","","","","","","","","","","","","0",",,C,30,+","11.4",",,C,14,","","","","","","","55.5",",,,C","0",",,,C","","","","","",""
"CA001020270","1947-10","50.5833","-126.9333","59.0","ALERT BAY, BC CA","","","","","25",",C","19",",C","4",",C","","","0",",C","","","","","","","","","","","","","","","0",",,C,31,+","86.1",",,C,24,","","","","","","","394.0",",,,C","0",",,,C","","","","","",""
"CA001020270","1947-11","50.5833","-126.9333","59.0","ALERT BAY, BC CA","","","","","23",",C","16",",C","2",",C","","","0",",C","","","","","","","","","","","","","","","0",",,C,30,+","36.1",",,C,05,","","","","","","","170.1",",,,C","0",",,,C","","","","","",""
"CA001020270","1947-12","50.5833","-126.9333","59.0","ALERT BAY, BC CA","","","","","28",",C","22",",C","2",",C","","","0",",C","","","","","","","","","","","","","","","0",",,C,31,+","47.0",",,C,16,","","","","","","","258.6",",,,C","0",",,,C","","","","","",""
"CA001020270","1948-01","50.5833","-126.9333","59.0","ALERT BAY, BC CA","","","","","19",",C","14",",C","1",",C","","","0",",C","","","","","","","","","","","","","","","0",",,C,31,+","33.0",",,C,22,","","","","","","","184.6",",,,C","0",",,,C","","","","","",""
"CA001020270","1948-02","50.5833","-126.9333","59.0","ALERT BAY, BC CA","","","","","21",",C","12",",C","1",",C","","","3",",C","","","","","","","","","","","","","","","211",",,C,07,","39.1",",,C,07,","","","","","","","115.9",",,,C","387",",,,C","","","","","",""
"CA001020270","1948-03","50.5833","-126.9333","59.0","ALERT BAY, BC CA","","","","","17",",C","11",",C","1",",C","","","2",",C","","","","","","","","","","","","","","","33",",,C,19,","56.1",",,C,26,","","","","","","","137.3",",,,C","91",",,,C","","","","","",""
"CA001020270","1948-04","50.5833","-126.9333","59.0","ALERT BAY, BC CA","","","","","14",",C","5",",C","0",",C","","","0",",C","","","","","","","","","","","","","","","0",",,C,30,+","5.3",",,C,23,","","","","","","","25.8",",,,C","0",",,,C","","","","","",""
"CA001020270","1948-05","50.5833","-126.9333","59.0","ALERT BAY, BC CA","","","","","14",",C","10",",C","0",",C","","","0",",C","","","","","","","","","","","","","","","0",",,C,31,+","9.9",",,C,28,","","","","","","","59.0",",,,C","0",",,,C","","","","","",""
"CA001020270","1948-06","50.5833","-126.9333","59.0","ALERT BAY, BC CA","","","","","7",",C","5",",C","0",",C","","","0",",C","","","","","","","","","","","","","","","0",",,C,30,+","9.1",",,C,19,","","","","","","","29.4",",,,C","0",",,,C","","","","","",""
"CA001020270","1948-07","50.5833","-126.9333","59.0","ALERT BAY, BC CA","","","","","13",",C","6",",C","0",",C","","","0",",C","","","","","","","","","","","","","","","0",",,C,31,+","13.7",",,C,25,","","","","","","","57.2",",,,C","0",",,,C","","","","","",""
"CA001020270","1948-08","50.5833","-126.9333","59.0","ALERT BAY, BC CA","","","","","21",",C","16",",C","0",",C","","","0",",C","","","","","","","","","","","","","","","0",",,C,31,+","21.6",",,C,31,","","","","","","","148.7",",,,C","0",",,,C","","","","","",""
"CA001020270","1948-09","50.5833","-126.9333","59.0","ALERT BAY, BC CA","","","","","12",",C","11",",C","0",",C","","","0",",C","","","","","","","","","","","","","","","0",",,C,30,+","21.1",",,C,27,","","","","","","","111.5",",,,C","0",",,,C","","","","","",""
"CA001020270","1948-10","50.5833","-126.9333","59.0","ALERT BAY, BC CA","","","","","19",",C","11",",C","2",",C","","","0",",C","","","","","","","","","","","","","","","0",",,C,31,+","49.3",",,C,09,","","","","","","","188.9",",,,C","0",",,,C","","","","","",""
"CA001020270","1948-11","50.5833","-126.9333","59.0","ALERT BAY, BC CA","","","","","26",",C","20",",C","3",",C","","","0",",C","","","","","","","","","","","","","","","8",",,C,25,","64.5",",,C,18,","","","","","","","327.1",",,,C","16",",,,C","","","","","",""
"CA001020270","1948-12","50.5833","-126.9333","59.0","ALERT BAY, BC CA","","","","","21",",C","12",",C","0",",C","","","2",",C","","","","","","","","","","","","","","","71",",,C,31,","24.4",",,C,01,","","","","","","","140.2",",,,C","163",",,,C","","","","","",""
"CA001020270","1949-01","50.5833","-126.9333","59.0","ALERT BAY, BC CA","","","","","18",",C","7",",C","0",",C","","","2",",C","","","","","","","","","","","","","","","38",",,C,07,","10.9",",,C,06,","","","","","","","56.5",",,,C","119",",,,C","","","","","",""
"CA001020270","1949-02","50.5833","-126.9333","59.0","ALERT BAY, BC CA","","","","","20",",C","15",",C","0",",C","","","10",",C","","","","","","","","","","","","","","","140",",,C,18,","20.3",",,C,21,","","","","","","","136.7",",,,C","726",",,,C","","","","","",""
"CA001020270","1949-03","50.5833","-126.9333","59.0","ALERT BAY, BC CA","","","","","12",",C","4",",C","0",",C","","","0",",C","","","","","","","","","","","","","","","0",",,C,31,+","8.6",",,C,26,","","","","","","","31.4",",,,C","0",",,,C","","","","","",""
"CA001020270","1949-04","50.5833","-126.9333","59.0","ALERT BAY, BC CA","","","","","21",",C","11",",C","1",",C","","","0",",C","","","","","","","","","","","","","","","0",",,C,30,+","25.9",",,C,23,","","","","","","","109.7",",,,C","0",",,,C","","","","","",""
"CA001020270","1949-05","50.5833","-126.9333","59.0","ALERT BAY, BC CA","","","","","8",",C","3",",C","0",",C","","","0",",C","","","","","","","","","","","","","","","0",",,C,31,+","12.4",",,C,02,","","","","","","","34.0",",,,C","0",",,,C","","","","","",""
"CA001020270","1949-06","50.5833","-126.9333","59.0","ALERT BAY, BC CA","","","","","11",",C","4",",C","0",",C","","","0",",C","","","","","","","","","","","","","","","0",",,C,30,+","7.9",",,C,02,","","","","","","","26.7",",,,C","0",",,,C","","","","","",""
"CA001020270","1949-07","50.5833","-126.9333","59.0","ALERT BAY, BC CA","","","","","11",",C","5",",C","0",",C","","","0",",C","","","","","","","","","","","","","","","0",",,C,31,+","19.1",",,C,22,","","","","","","","42.4",",,,C","0",",,,C","","","","","",""
"CA001020270","1949-08","50.5833","-126.9333","59.0","ALERT BAY, BC CA","","","","","16",",C","9",",C","0",",C","","","0",",C","","","","","","","","","","","","","","","0",",,C,31,+","14.7",",,C,07,","","","","","","","60.9",",,,C","0",",,,C","","","","","",""
"CA001020270","1949-09","50.5833","-126.9333","59.0","ALERT BAY, BC CA","","","","","6",",C","4",",C","1",",C","","","0",",C","","","","","","","","","","","","","","","0",",,C,30,+","27.9",",,C,15,","","","","","","","54.4",",,,C","0",",,,C","","","","","",""
"CA001020270","1949-10","50.5833","-126.9333","59.0","ALERT BAY, BC CA","","","","","21",",C","13",",C","1",",C","","","0",",C","","","","","","","","","","","","","","","0",",,C,31,+","25.9",",,C,08,","","","","","","","110.5",",,,C","0",",,,C","","","","","",""
"CA001020270","1949-11","50.5833","-126.9333","59.0","ALERT BAY, BC CA","","","","","22",",C","14",",C","3",",C","","","0",",C","","","","","","","","","","","","","","","0",",,C,30,+","33.5",",,C,11,","","","","","","","205.1",",,,C","0",",,,C","","","","","",""
"CA001020270","1949-12","50.5833","-126.9333","59.0","ALERT BAY, BC CA","","","","","26",",C","16",",C","1",",C","","","3",",C","","","","","","","","","","","","","","","259",",,C,28,","25.9",",,C,28,","","","","","","","136.6",",,,C","481",",,,C","","","","","",""
"CA001020270","1950-01","50.5833","-126.9333","59.0","ALERT BAY, BC CA","","","","","20",",C","12",",C","0",",C","","","9",",C","","","","","","","","","","","","","","","102",",,C,23,","10.7",",,C,20,","","","","","","","78.9",",,,C","571",",,,C","","","","","",""
"CA001020270","1950-02","50.5833","-126.9333","59.0","ALERT BAY, BC CA","","","","","26",",C","18",",C","2",",C","","","5",",C","","","","","","","","","","","","","","","104",",,C,07,","39.4",",,C,14,","","","","","","","231.3",",,,C","267",",,,C","","","","","",""
"CA001020270","1950-03","50.5833","-126.9333","59.0","ALERT BAY, BC CA","","","","","17",",C","12",",C","0",",C","","","0",",C","","","","","","","","","","","","","","","0",",T,C,29,","19.1",",,C,15,","","","","","","","88.0",",,,C","0",",T,,C","","","","","",""
"CA001020270","1950-04","50.5833","-126.9333","59.0","ALERT BAY, BC CA","","","","","20",",C","10",",C","1",",C","","","0",",C","","","","","","","","","","","","","","","0",",,C,30,+","45.2",",,C,11,","","","","","","","128.6",",,,C","0",",,,C","","","","","",""
"CA001020270","1950-05","50.5833","-126.9333","59.0","ALERT BAY, BC CA","","","","","19",",C","12",",C","0",",C","","","0",",C","","","","","","","","","","","","","","","0",",,C,31,+","18.3",",,C,28,","","","","","","","103.7",",,,C","0",",,,C","","","","","",""
"CA001020270","1950-06","50.5833","-126.9333","59.0","ALERT BAY, BC CA","","","","","9",",C","3",",C","0",",C","","","0",",C","","","","","","","","","","","","","","","0",",,C,30,+","12.4",",,C,21,","","","","","","","32.5",",,,C","0",",,,C","","","","","",""
"CA001020270","1950-07","50.5833","-126.9333","59.0","ALERT BAY, BC CA","","","","","12",",C","6",",C","0",",C","","","0",",C","","","","","","","","","","","","","","","0",",,C,31,+","17.5",",,C,18,","","","","","","","54.5",",,,C","0",",,,C","","","","","",""
"CA001020270","1950-08","50.5833","-126.9333","59.0","ALERT BAY, BC CA","","","","","11",",C","8",",C","0",",C","","","0",",C","","","","","","","","","","","","","","","0",",,C,31,+","22.4",",,C,31,","","","","","","","75.3",",,,C","0",",,,C","","","","","",""
"CA001020270","1950-09","50.5833","-126.9333","59.0","ALERT BAY, BC CA","","","","","12",",C","6",",C","0",",C","","","0",",C","","","","","","","","","","","","","","","0",",,C,30,+","16.5",",,C,25,","","","","","","","49.1",",,,C","0",",,,C","","","","","",""
"CA001020270","1950-10","50.5833","-126.9333","59.0","ALERT BAY, BC CA","","","","","22",",C","19",",C","3",",C","","","0",",C","","","","","","","","","","","","","","","0",",,C,31,+","53.3",",,C,24,","","","","","","","243.5",",,,C","0",",,,C","","","","","",""
"CA001020270","1950-11","50.5833","-126.9333","59.0","ALERT BAY, BC CA","","","","","23",",C","19",",C","1",",C","","","2",",C","","","","","","","","","","","","","","","64",",,C,13,","28.4",",,C,03,","","","","","","","230.0",",,,C","115",",,,C","","","","","",""
"CA001020270","1950-12","50.5833","-126.9333","59.0","ALERT BAY, BC CA","","","","","24",",C","20",",C","4",",C","","","1",",C","","","","","","","","","","","","","","","38",",,C,02,","43.7",",,C,21,","","","","","","","287.7",",,,C","38",",,,C","","","","","",""
"CA001020270","1951-01","50.5833","-126.9333","59.0","ALERT BAY, BC CA","","","","","20",",C","12",",C","0",",C","","","3",",C","","","","","","","","","","","","","","","152",",,C,15,","17.3",",,C,13,","","","","","","","127.4",",,,C","319",",,,C","","","","","",""
"CA001020270","1951-02","50.5833","-126.9333","59.0","ALERT BAY, BC CA","","","","","16",",C","11",",C","0",",C","","","1",",C","","","","","","","","","","","","","","","102",",,C,01,","21.6",",,C,02,","","","","","","","101.9",",,,C","102",",,,C","","","","","",""
"CA001020270","1951-03","50.5833","-126.9333","59.0","ALERT BAY, BC CA","","","","","21",",C","13",",C","0",",C","","","8",",C","","","","","","","","","","","","","","","89",",,C,04,","18.5",",,C,30,","","","","","","","113.6",",,,C","419",",,,C","","","","","",""
"CA001020270","1951-04","50.5833","-126.9333","59.0","ALERT BAY, BC CA","","","","","8",",C","3",",C","0",",C","","","0",",C","","","","","","","","","","","","","","","0",",,C,30,+","5.8",",,C,26,","","","","","","","21.1",",,,C","0",",,,C","","","","","",""
"CA001020270","1951-05","50.5833","-126.9333","59.0","ALERT BAY, BC CA","","","","","12",",C","7",",C","1",",C","","","0",",C","","","","","","","","","","","","","","","0",",,C,31,+","38.9",",,C,22,","","","","","","","109.0",",,,C","0",",,,C","","","","","",""
"CA001020270","1951-06","50.5833","-126.9333","59.0","ALERT BAY, BC CA","","","","","4",",C","2",",C","0",",C","","","0",",C","","","","","","","","","","","","","","","0",",,C,30,+","7.9",",,C,10,","","","","","","","15.1",",,,C","0",",,,C","","","","","",""
"CA001020270","1951-07","50.5833","-126.9333","59.0","ALERT BAY, BC CA","","","","","9",",C","4",",C","0",",C","","","0",",C","","","","","","","","","","","","","","","0",",,C,31,+","11.2",",,C,05,","","","","","","","40.0",",,,C","0",",,,C","","","","","",""
"CA001020270","1951-08","50.5833","-126.9333","59.0","ALERT BAY, BC CA","","","","","6",",C","3",",C","0",",C","","","0",",C","","","","","","","","","","","","","","","0",",,C,31,+","12.2",",,C,14,","","","","","","","22.3",",,,C","0",",,,C","","","","","",""
"CA001020270","1951-09","50.5833","-126.9333","59.0","ALERT BAY, BC CA","","","","","16",",C","7",",C","1",",C","","","0",",C","","","","","","","","","","","","","","","0",",,C,30,+","33.5",",,C,24,","","","","","","","90.6",",,,C","0",",,,C","","","","","",""
"CA001020270","1951-10","50.5833","-126.9333","59.0","ALERT BAY, BC CA","","","","","17",",C","10",",C","1",",C","","","0",",C","","","","","","","","","","","","","","","0",",,C,31,+","44.5",",,C,19,","","","","","","","137.0",",,,C","0",",,,C","","","","","",""
"CA001020270","1951-11","50.5833","-126.9333","59.0","ALERT BAY, BC CA","","","","","22",",C","16",",C","2",",C","","","0",",C","","","","","","","","","","","","","","","0",",,C,30,+","38.9",",,C,27,","","","","","","","216.1",",,,C","0",",,,C","","","","","",""
"CA001020270","1951-12","50.5833","-126.9333","59.0","ALERT BAY, BC CA","","","","","21",",C","15",",C","0",",C","","","3",",C","","","","","","","","","","","","","","","76",",,C,21,","21.6",",,C,17,","","","","","","","142.6",",,,C","157",",,,C","","","","","",""
"CA001020270","1952-01","50.5833","-126.9333","59.0","ALERT BAY, BC CA","","","","","19",",C","14",",C","1",",C","","","4",",C","","","","","","","","","","","","","","","191",",,C,13,","28.7",",,C,17,","","","","","","","210.9",",,,C","677",",,,C","","","","","",""
"CA001020270","1952-02","50.5833","-126.9333","59.0","ALERT BAY, BC CA","","","0.0",",C","15",",C","11",",C","1",",C","","","0",",C","0",",C","9",",C","0",",C","0",",C","0",",C","-3.3",",C,20,+","","","5",",,C,11,","39.4",",,C,10,","10.6",",C,01,","","","424.9",",C","101.4",",,,C","5",",,,C","3.68",",C","5.91",",,,C","1.45",",,,C"
"CA001020270","1952-03","50.5833","-126.9333","59.0","ALERT BAY, BC CA","","","0.0",",C","16",",C","14",",C","0",",C","","","0",",C","0",",C","6",",C","0",",C","0",",C","0",",C","-1.1",",C,11,","","","0",",,C,31,+","16.3",",,C,23,","12.2",",C,14,","","","419.7",",C","122.7",",,,C","0",",,,C","4.80",",C","7.45",",,,C","2.14",",,,C"
"CA001020270","1952-04","50.5833","-126.9333","59.0","ALERT BAY, BC CA","","","0.0",",C","18",",C","10",",C","0",",C","","","0",",C","0",",C","3",",C","0",",C","0",",C","0",",C","0.0",",C,22,+","","","0",",T,C,06,","19.1",",,C,30,","15.6",",C,18,","","","341.4",",C","102.4",",,,C","0",",T,,C","6.95",",C","10.46",",,,C","3.44",",,,C"
"CA001020270","1952-05","50.5833","-126.9333","59.0","ALERT BAY, BC CA","","","0.0",",C","15",",C","4",",C","0",",C","","","0",",C","0",",C","0",",C","0",",C","2",",C","0",",C","1.1",",C,07,","","","0",",,C,31,+","16.0",",,C,13,","21.7",",C,16,","","","259.9",",C","60.6",",,,C","0",",,,C","9.95",",C","13.81",",,,C","6.09",",,,C"
"CA001020270","1952-06","50.5833","-126.9333","59.0","ALERT BAY, BC CA","","","0.0",",C","15",",C","9",",C","0",",C","","","0",",C","0",",C","0",",C","0",",C","0",",C","0",",C","4.4",",C,15,","","","0",",,C,30,+","13.2",",,C,15,","20.6",",C,18,","","","199.1",",C","58.0",",,,C","0",",,,C","11.70",",C","15.38",",,,C","8.01",",,,C"
"CA001020270","1952-07","50.5833","-126.9333","59.0","ALERT BAY, BC CA","","","","","10",",C","4",",C","0",",C","","","0",",C","0",",C","0",",C","","","","","","","6.1",",C,06,","","","0",",,C,31,+","16.5",",,C,22,","","","","","","","40.2",",,,C","0",",,,C","","","","","9.88",",,,C"
"CA001020270","1952-08","50.5833","-126.9333","59.0","ALERT BAY, BC CA","","","","","6",",C","2",",C","0",",C","","","0",",C","0",",C","0",",C","","","","","","","7.8",",C,30,+","","","0",",,C,31,+","10.4",",,C,21,","","","","","","","17.0",",,,C","0",",,,C","","","","","10.24",",,,C"
"CA001020270","1952-09","50.5833","-126.9333","59.0","ALERT BAY, BC CA","","","0.0",",C","18",",C","9",",C","0",",C","","","0",",C","0",",C","0",",C","0",",C","4",",C","0",",C","5.0",",C,09,","","","0",",,C,30,+","19.6",",,C,28,","23.9",",C,23,","","","150.1",",C","101.2",",,,C","0",",,,C","13.33",",C","17.00",",,,C","9.66",",,,C"
"CA001020270","1952-10","50.5833","-126.9333","59.0","ALERT BAY, BC CA","","","0.0",",C","15",",C","9",",C","0",",C","","","0",",C","0",",C","0",",C","0",",C","0",",C","0",",C","4.4",",C,15,+","","","0",",,C,31,+","14.2",",,C,30,","20.0",",C,05,","","","220.0",",C","77.7",",,,C","0",",,,C","11.24",",C","14.59",",,,C","7.88",",,,C"
"CA001020270","1952-11","50.5833","-126.9333","59.0","ALERT BAY, BC CA","","","0.0",",C","13",",C","10",",C","1",",C","","","0",",C","0",",C","2",",C","0",",C","0",",C","0",",C","0.0",",C,28,+","","","0",",,C,30,+","30.0",",,C,10,","12.2",",C,06,","","","380.5",",C","153.7",",,,C","0",",,,C","5.65",",C","7.48",",,,C","3.82",",,,C"
"CA001020270","1952-12","50.5833","-126.9333","59.0","ALERT BAY, BC CA","","","0.0",",C","24",",C","18",",C","2",",C","","","0",",C","0",",C","1",",C","0",",C","0",",C","0",",C","0.0",",C,20,","","","0",",,C,31,+","83.1",",,C,13,","12.2",",C,14,+","","","417.7",",C","283.8",",,,C","0",",,,C","4.86",",C","6.75",",,,C","2.97",",,,C"
"CA001020270","1953-01","50.5833","-126.9333","59.0","ALERT BAY, BC CA","0.0","C","0.0",",C","25",",C","20",",C","3",",C","","","4",",C","0",",C","10",",C","2",",C","0",",C","0",",C","-5.0",",C,08,","","","279",",,C,08,","32.8",",,C,11,","11.1",",C,31,","","","468.3",",C","237.7",",,,C","533",",,,C","3.23",",C","4.88",",,,C","1.57",",,,C"
"CA001020270","1953-02","50.5833","-126.9333","59.0","ALERT BAY, BC CA","0.0","C","0.0",",C","18",",C","12",",C","0",",C","","","0",",C","0",",C","3",",C","0",",C","0",",C","0",",C","0.0",",C,23,+","","","0",",T,C,16,","18.3",",,C,16,","9.4",",C,03,","","","381.6",",C","118.1",",,,C","0",",T,,C","4.71",",C","7.11",",,,C","2.30",",,,C"
"CA001020270","1953-03","50.5833","-126.9333","59.0","ALERT BAY, BC CA","0.0","C","0.0",",C","25",",C","15",",C","0",",C","","","0",",C","0",",C","3",",C","0",",C","0",",C","0",",C","-2.2",",C,01,","","","0",",,C,31,+","14.7",",,C,26,","12.2",",C,09,","","","412.1",",C","101.8",",,,C","0",",,,C","5.04",",C","7.80",",,,C","2.27",",,,C"
"CA001020270","1953-04","50.5833","-126.9333","59.0","ALERT BAY, BC CA","0.0","C","0.0",",C","15",",C","7",",C","0",",C","","","0",",C","0",",C","1",",C","0",",C","0",",C","0",",C","0.0",",C,01,","","","0",",,C,30,+","5.1",",,C,22,","17.8",",C,17,","","","304.7",",C","36.7",",,,C","0",",,,C","8.18",",C","11.98",",,,C","4.37",",,,C"
"CA001020270","1953-05","50.5833","-126.9333","59.0","ALERT BAY, BC CA","0.0","C","0.0",",C","14",",C","7",",C","0",",C","","","0",",C","0",",C","0",",C","0",",C","2",",C","0",",C","3.3",",C,31,+","","","0",",,C,31,+","8.9",",,C,08,","23.3",",C,12,","","","223.5",",C","46.0",",,,C","0",",,,C","11.12",",C","15.32",",,,C","6.93",",,,C"
"CA001020270","1953-06","50.5833","-126.9333","59.0","ALERT BAY, BC CA","0.0","C","0.0",",C","19",",C","14",",C","0",",C","","","0",",C","0",",C","0",",C","0",",C","0",",C","0",",C","4.4",",C,01,","","","0",",,C,30,+","19.3",",,C,03,","19.4",",C,28,","","","185.8",",C","91.2",",,,C","0",",,,C","12.14",",C","15.81",",,,C","8.47",",,,C"
"CA001020270","1953-07","50.5833","-126.9333","59.0","ALERT BAY, BC CA","0.0","C","0.0",",C","13",",C","6",",C","0",",C","","","0",",C","0",",C","0",",C","0",",C","6",",C","0",",C","7.8",",C,05,","","","0",",,C,31,+","10.4",",,C,30,","24.4",",C,07,","99.4","C","99.4",",C","42.6",",,,C","0",",,,C","15.13",",C","19.36",",,,C","10.89",",,,C"
"CA001020270","1953-08","50.5833","-126.9333","59.0","ALERT BAY, BC CA","0.0","C","0.0",",C","17",",C","12",",C","0",",C","","","0",",C","0",",C","0",",C","0",",C","5",",C","0",",C","8.3",",C,14,","","","0",",,C,31,+","17.8",",,C,21,","22.2",",C,06,+","209.7","C","110.3",",C","122.8",",,,C","0",",,,C","14.78",",C","18.44",",,,C","11.11",",,,C"
"CA001020270","1953-09","50.5833","-126.9333","59.0","ALERT BAY, BC CA","0.0","C","0.0",",C","15",",C","10",",C","0",",C","","","0",",C","0",",C","0",",C","0",",C","4",",C","0",",C","5.0",",C,29,","","","0",",,C,30,+","23.6",",,C,28,","24.4",",C,05,","380.4","C","170.7",",C","124.7",",,,C","0",",,,C","12.64",",C","16.53",",,,C","8.76",",,,C"
"CA001020270","1953-10","50.5833","-126.9333","59.0","ALERT BAY, BC CA","0.0","C","0.0",",C","21",",C","18",",C","1",",C","","","0",",C","0",",C","0",",C","0",",C","0",",C","0",",C","4.4",",C,29,+","","","0",",,C,31,+","36.8",",,C,19,","19.4",",C,05,","635.6","C","255.2",",C","189.4",",,,C","0",",,,C","10.10",",C","12.45",",,,C","7.75",",,,C"
"CA001020270","1953-11","50.5833","-126.9333","59.0","ALERT BAY, BC CA","0.0","C","0.0",",C","28",",C","22",",C","3",",C","","","0",",C","0",",C","0",",C","0",",C","0",",C","0",",C","1.7",",C,26,","","","0",",,C,30,+","44.7",",,C,14,","12.2",",C,10,+","967.4","C","331.8",",C","334.6",",,,C","0",",,,C","7.27",",C","9.06",",,,C","5.48",",,,C"
"CA001020270","1953-12","50.5833","-126.9333","59.0","ALERT BAY, BC CA","0.0","C","0.0",",C","23",",C","18",",C","0",",C","","","0",",C","0",",C","0",",C","0",",C","0",",C","0",",C","0.6",",C,07,","","","0",",,C,31,+","18.0",",,C,03,","9.4",",C,27,","1384.7","C","417.3",",C","184.7",",,,C","0",",,,C","4.87",",C","6.11",",,,C","3.63",",,,C"
"CA001020270","1954-01","50.5833","-126.9333","59.0","ALERT BAY, BC CA","0.0","C","0.0",",C","20",",C","18",",C","2",",C","","","8",",C","0",",C","17",",C","11",",C","0",",C","0",",C","-10.0",",C,15,","","","157",",,C,20,","42.4",",,C,13,","7.8",",C,05,","1946.4","C","561.7",",C","239.1",",,,C","953",",,,C","0.21",",C","2.22",",,,C","-1.79",",,,C"
"CA001020270","1954-02","50.5833","-126.9333","59.0","ALERT BAY, BC CA","0.0","C","0.0",",C","20",",C","17",",C","3",",C","","","3",",C","0",",C","7",",C","0",",C","0",",C","0",",C","-3.3",",C,14,","","","114",",,C,14,","40.1",",,C,16,","13.9",",C,07,","2332.8","C","386.4",",C","249.9",",,,C","213",",,,C","4.53",",C","6.49",",,,C","2.58",",,,C"
"CA001020270","1954-03","50.5833","-126.9333","59.0","ALERT BAY, BC CA","0.0","C","0.0",",C","8",",C","4",",C","0",",C","","","0",",C","0",",C","17",",C","0",",C","0",",C","0",",C","-2.2",",C,28,+","","","3",",,C,09,","8.6",",,C,09,","14.4",",C,24,","2761.8","C","429.0",",C","27.2",",,,C","3",",,,C","4.49",",C","8.51",",,,C","0.48",",,,C"
"CA001020270","1954-04","50.5833","-126.9333","59.0","ALERT BAY, BC CA","0.0","C","0.0",",C","20",",C","15",",C","0",",C","","","0",",C","0",",C","7",",C","0",",C","0",",C","0",",C","-1.1",",C,30,+","","","3",",,C,25,","11.9",",,C,15,","12.2",",C,30,","3149.9","C","388.1",",C","97.6",",,,C","3",",,,C","5.40",",C","8.74",",,,C","2.06",",,,C"
"CA001020270","1954-05","50.5833","-126.9333","59.0","ALERT BAY, BC CA","0.0","C","0.0",",C","12",",C","3",",C","0",",C","","","0","1,C","0",",C","0",",C","0",",C","1",",C","0",",C","1.1",",C,01,","","","0","1,,C,31,+","6.9",",,C,28,","22.8",",C,08,","3385.2","C","235.3",",C","24.1",",,,C","0","1,,,C","10.74",",C","15.18",",,,C","6.30",",,,C"
"CA001020270","1954-06","50.5833","-126.9333","59.0","ALERT BAY, BC CA","0.0","C","0.0",",C","16",",C","7",",C","0",",C","","","0",",C","0",",C","0",",C","0",",C","0",",C","0",",C","5.6",",C,02,","","","0",",,C,30,+","16.5",",,C,14,","20.0",",C,28,","3577.7","C","192.5",",C","78.2",",,,C","0",",,,C","11.92",",C","15.42",",,,C","8.41",",,,C"
"CA001020270","1954-07","50.5833","-126.9333","59.0","ALERT BAY, BC CA","0.0","C","0.0",",C","19",",C","5",",C","0",",C","","","0",",C","0",",C","0",",C","0",",C","0",",C","0",",C","8.3",",C,20,+","","","0",",,C,31,+","14.5",",,C,22,","20.6",",C,16,","159.7","C","159.7",",C","46.5",",,,C","0",",,,C","13.18",",C","16.92",",,,C","9.44",",,,C"
"CA001020270","1954-08","50.5833","-126.9333","59.0","ALERT BAY, BC CA","0.0","C","0.0",",C","11",",C","6",",C","0",",C","","","0",",C","0",",C","0",",C","0",",C","2",",C","0",",C","8.3",",C,28,+","","","0",",,C,31,+","16.0",",,C,17,","25.0",",C,28,","269.1","C","109.4",",C","47.6",",,,C","0",",,,C","14.80",",C","18.56",",,,C","11.05",",,,C"
"CA001020270","1954-09","50.5833","-126.9333","59.0","ALERT BAY, BC CA","0.0","C","0.0",",C","16",",C","11",",C","0",",C","","","0",",C","0",",C","0",",C","0",",C","1",",C","0",",C","3.3",",C,30,","","","0",",,C,30,+","11.2",",,C,08,","21.7",",C,24,","420.4","C","151.3",",C","69.8",",,,C","0",",,,C","13.29",",C","16.71",",,,C","9.87",",,,C"
"CA001020270","1954-10","50.5833","-126.9333","59.0","ALERT BAY, BC CA","0.0","C","0.0",",C","23",",C","15",",C","1",",C","","","0",",C","0",",C","0",",C","0",",C","0",",C","0",",C","2.8",",C,25,+","","","0",",,C,31,+","27.7",",,C,18,","18.3",",C,16,","698.0","C","277.6",",C","175.9",",,,C","0",",,,C","9.38",",C","12.24",",,,C","6.52",",,,C"
"CA001020270","1954-11","50.5833","-126.9333","59.0","ALERT BAY, BC CA","0.0","C","0.0",",C","26",",C","19",",C","3",",C","","","0",",C","0",",C","0",",C","0",",C","0",",C","0",",C","2.2",",C,30,","","","0",",,C,30,+","49.8",",,C,24,","15.6",",C,01,","995.8","C","297.8",",C","280.9",",,,C","0",",,,C","8.41",",C","9.97",",,,C","6.84",",,,C"
"CA001020270","1954-12","50.5833","-126.9333","59.0","ALERT BAY, BC CA","0.0","C","0.0",",C","24",",C","19",",C","5",",C","","","0",",C","0",",C","2",",C","0",",C","0",",C","0",",C","-0.6",",C,26,","","","20",",,C,26,","64.5",",,C,11,","8.9",",C,21,+","1423.8","C","428.0",",C","331.8",",,,C","26",",,,C","4.53",",C","6.19",",,,C","2.86",",,,C"
"CA001020270","1955-01","50.5833","-126.9333","59.0","ALERT BAY, BC CA","0.0","C","0.0",",C","21",",C","9",",C","1",",C","0",",C","0",",C","0",",C","2",",C","0",",C","0",",C","0",",C","-1.1",",C,02,","0",",T,C,03,","3",",,C,02,","42.7",",,C,12,","10.0",",C,31,","1862.8","C","439.0",",C","113.1",",,,C","3",",,,C","4.17",",C","5.54",",,,C","2.81",",,,C"
"CA001020270","1955-02","50.5833","-126.9333","59.0","ALERT BAY, BC CA","0.0","C","0.0",",C","16",",C","11",",C","0",",C","1",",C","1",",C","0",",C","9",",C","2",",C","0",",C","0",",C","-5.6",",C,27,","130",",,C,28,","127",",,C,27,","14.7",",,C,13,","10.6",",C,20,+","2273.3","C","410.5",",C","76.4",",,,C","155",",,,C","3.67",",C","5.73",",,,C","1.61",",,,C"
"CA001020270","1955-03","50.5833","-126.9333","59.0","ALERT BAY, BC CA","0.0","C","0.0",",C","24",",C","17",",C","0",",C","12",",C","6",",C","0",",C","10",",C","1",",C","0",",C","0",",C","-7.8",",C,03,","280",",,C,06,+","142",",,C,02,","19.3",",,C,09,","11.7",",C,29,","2744.1","C","470.8",",C","138.9",",,,C","440",",,,C","3.15",",C","5.69",",,,C","0.61",",,,C"
"CA001020270","1955-04","50.5833","-126.9333","59.0","ALERT BAY, BC CA","0.0","C","0.0",",C","15",",C","6",",C","0",",C","0",",C","0",",C","0",",C","3",",C","0",",C","0",",C","0",",C","-1.1",",C,25,","0",",,C,30,+","8",",,C,24,","7.9",",,C,08,","15.6",",C,06,","3105.0","C","360.9",",C","48.1",",,,C","8",",,,C","6.30",",C","10.31",",,,C","2.29",",,,C"
"CA001020270","1955-05","50.5833","-126.9333","59.0","ALERT BAY, BC CA","0.0","C","0.0",",C","17",",C","8",",C","0",",C","0",",C","0",",C","0",",C","0",",C","0",",C","0",",C","0",",C","2.8",",C,23,+","0",",,C,31,+","0",",,C,31,+","16.8",",,C,07,","17.2",",C,18,+","3400.7","C","295.7",",C","66.8",",,,C","0",",,,C","8.79",",C","12.67",",,,C","4.92",",,,C"
"CA001020270","1955-06","50.5833","-126.9333","59.0","ALERT BAY, BC CA","1.7","C","1.7",",C","11",",C","5",",C","1",",C","0",",C","0",",C","0",",C","0",",C","0",",C","4",",C","0",",C","4.4",",C,07,+","0",",,C,30,+","0",",,C,30,+","34.0",",,C,23,","30.0",",C,09,","3586.6","C","185.9",",C","73.4",",,,C","0",",,,C","12.19",",C","16.28",",,,C","8.10",",,,C"
"CA001020270","1955-07","50.5833","-126.9333","59.0","ALERT BAY, BC CA","1.7","C","0.0",",C","14",",C","7",",C","0",",C","0",",C","0",",C","0",",C","0",",C","0",",C","4",",C","0",",C","7.2",",C,03,","0",",,C,31,+","0",",,C,31,+","17.8",",,C,28,","22.2",",C,12,","136.4","C","136.4",",C","57.8",",,,C","0",",,,C","13.93",",C","17.82",",,,C","10.05",",,,C"
"CA001020270","1955-08","50.5833","-126.9333","59.0","ALERT BAY, BC CA","1.7","C","0.0",",C","11",",C","2",",C","0",",C","0",",C","0",",C","0",",C","0",",C","0",",C","2",",C","0",",C","6.7",",C,23,","0",",,C,31,+","0",",,C,31,+","9.1",",,C,14,","26.7",",C,29,","283.7","C","147.3",",C","22.9",",,,C","0",",,,C","13.58",",C","17.45",",,,C","9.71",",,,C"
"CA001020270","1955-09","50.5833","-126.9333","59.0","ALERT BAY, BC CA","1.7","C","0.0",",C","14",",C","9",",C","0",",C","0",",C","0",",C","0",",C","0",",C","0",",C","1",",C","0",",C","4.4",",C,21,","0",",,C,30,+","0",",,C,30,+","19.8",",,C,30,","21.1",",C,01,","469.2","C","185.5",",C","85.3",",,,C","0",",,,C","12.15",",C","15.65",",,,C","8.65",",,,C"
"CA001020270","1955-10","50.5833","-126.9333","59.0","ALERT BAY, BC CA","1.7","C","0.0",",C","24",",C","18",",C","2",",C","0",",C","0",",C","0",",C","0",",C","0",",C","0",",C","0",",C","2.8",",C,30,+","0",",,C,31,+","0",",,C,31,+","30.7",",,C,08,","15.6",",C,13,","777.9","C","308.7",",C","203.0",",,,C","0",",,,C","8.38",",C","10.61",",,,C","6.15",",,,C"
"CA001020270","1955-11","50.5833","-126.9333","59.0","ALERT BAY, BC CA","1.7","C","0.0",",C","22",",C","15",",C","1",",C","4",",C","2",",C","0",",C","13",",C","6",",C","0",",C","0",",C","-7.8",",C,12,","110",",,C,26,","76",",,C,24,","35.3",",,C,03,","11.1",",C,08,","1254.8","C","476.9",",C","155.5",",,,C","140",",,,C","2.44",",C","4.24",",,,C","0.63",",,,C"
"CA001020270","1955-12","50.5833","-126.9333","59.0","ALERT BAY, BC CA","1.7","C","0.0",",C","16",",C","10",",C","1",",C","6",",C","5",",C","0",",C","16",",C","2",",C","0",",C","0",",C","-3.9",",C,19,+","80",",,C,12,","76",",,C,11,","45.7",",,C,07,","6.7",",C,09,+","1762.8","C","508.0",",C","130.4",",,,C","252",",,,C","1.95",",C","3.56",",,,C","0.33",",,,C"
"CA001020270","1956-01","50.5833","-126.9333","59.0","ALERT BAY, BC CA","0.0","C","0.0",",C","18",",C","13",",C","1",",C","1",",C","2",",C","0",",C","10",",C","0",",C","0",",C","0",",C","-6.7",",C,30,","40",",,C,25,","69",",,C,04,","27.7",",,C,05,","7.8",",C,18,+","2254.7","C","491.9",",C","131.5",",,,C","128",",,,C","2.46",",C","4.32",",,,C","0.61",",,,C"
"CA001020270","1956-02","50.5833","-126.9333","59.0","ALERT BAY, BC CA","0.0","C","0.0",",C","21",",C","14",",C","0",",C","10",",C","6",",C","0",",C","14",",C","3",",C","0",",C","0",",C","-8.9",",C,15,","130",",,C,17,","51",",,C,23,+","9.4",",,C,10,","7.8",",C,28,","2731.2","C","476.5",",C","84.5",",,,C","252",",,,C","1.90",",C","3.67",",,,C","0.13",",,,C"
"CA001020270","1956-03","50.5833","-126.9333","59.0","ALERT BAY, BC CA","0.0","C","0.0",",C","23",",C","16",",C","1",",C","5",",C","3",",C","0",",C","11",",C","0",",C","0",",C","0",",C","-2.8",",C,11,+","80",",,C,04,","76",",,C,03,","27.4",",,C,02,","13.3",",C,17,","3186.2","C","455.0",",C","150.7",",,,C","198",",,,C","3.66",",C","6.47",",,,C","0.85",",,,C"
"CA001020270","1956-04","50.5833","-126.9333","59.0","ALERT BAY, BC CA","0.0","C","0.0",",C","13",",C","5",",C","0",",C","0",",C","0",",C","0",",C","0",",C","0",",C","2",",C","0",",C","1.1",",C,06,+","0",",,C,30,+","15",",,C,05,","5.1",",,C,04,+","21.7",",C,24,","3486.1","C","299.9",",C","30.5",",,,C","15",",,,C","8.34",",C","12.68",",,,C","3.99",",,,C"
"CA001020270","1956-05","50.5833","-126.9333","59.0","ALERT BAY, BC CA","1.4","C","1.4",",C","6",",C","2",",C","0",",C","0",",C","0",",C","0",",C","0",",C","0",",C","4",",C","0",",C","1.7",",C,02,","0",",,C,31,+","0",",,C,31,+","6.4",",,C,09,","29.4",",C,19,","3695.4","C","209.3",",C","16.1",",,,C","0",",,,C","11.63",",C","17.27",",,,C","5.98",",,,C"
"CA001020270","1956-06","50.5833","-126.9333","59.0","ALERT BAY, BC CA","1.4","C","0.0",",C","16",",C","10",",C","0",",C","0",",C","0",",C","0",",C","0",",C","0",",C","1",",C","0",",C","4.4",",C,12,","0",",,C,30,+","0",",,C,30,+","11.9",",,C,08,","21.1",",C,14,","3893.7","C","198.3",",C","78.0",",,,C","0",",,,C","11.72",",C","15.25",",,,C","8.20",",,,C"
"CA001020270","1956-07","50.5833","-126.9333","59.0","ALERT BAY, BC CA","1.7","C","0.3",",C","3",",C","1",",C","0",",C","0",",C","0",",C","0",",C","0",",C","0",",C","5",",C","0",",C","6.7",",C,01,","0",",,C,31,+","0",",,C,31,+","2.8",",,C,21,","25.6",",C,19,","123.1","C","123.1",",C","5.4",",,,C","0",",,,C","14.37",",C","18.57",",,,C","10.17",",,,C"
"CA001020270","1956-08","50.5833","-126.9333","59.0","ALERT BAY, BC CA","2.9","C","1.2",",C","9",",C","4",",C","0",",C","0",",C","0",",C","0",",C","0",",C","0",",C","12",",C","0",",C","7.8",",C,13,","0",",,C,31,+","0",",,C,31,+","16.8",",,C,24,","27.8",",C,18,","213.4","C","90.3",",C","40.9",",,,C","0",",,,C","15.46",",C","20.00",",,,C","10.92",",,,C"
"CA001020270","1956-09","50.5833","-126.9333","59.0","ALERT BAY, BC CA","2.9","C","0.0",",C","13",",C","10",",C","0",",C","0",",C","0",",C","0",",C","0",",C","0",",C","3",",C","0",",C","5.0",",C,27,","0",",,C,30,+","0",",,C,30,+","24.6",",,C,28,","22.8",",C,06,","390.2","C","176.8",",C","123.4",",,,C","0",",,,C","12.44",",C","16.02",",,,C","8.85",",,,C"
"CA001020270","1956-10","50.5833","-126.9333","59.0","ALERT BAY, BC CA","2.9","C","0.0",",C","24",",C","19",",C","2",",C","0",",C","0",",C","0",",C","1",",C","0",",C","0",",C","0",",C","0.0",",C,30,","0",",,C,31,+","0",",,C,31,+","28.7",",,C,01,","17.2",",C,08,","722.1","C","331.9",",C","217.9",",,,C","0",",,,C","7.63",",C","9.90",",,,C","5.35",",,,C"
"CA001020270","1956-11","50.5833","-126.9333","59.0","ALERT BAY, BC CA","2.9","C","0.0",",C","19",",C","13",",C","0",",C","0",",C","1",",C","0",",C","1",",C","0",",C","0",",C","0",",C","0.0",",C,28,","0",",,C,30,+","33",",,C,17,","24.4",",,C,14,","10.0",",C,24,+","1112.6","C","390.5",",C","167.0",",,,C","33",",,,C","5.32",",C","7.27",",,,C","3.36",",,,C"
"CA001020270","1956-12","50.5833","-126.9333","59.0","ALERT BAY, BC CA","2.9","C","0.0",",C","26",",C","20",",C","2",",C","2",",C","1",",C","0",",C","7",",C","3",",C","0",",C","0",",C","-6.7",",C,06,","150",",,C,08,","152",",,C,07,","44.7",",,C,19,","10.0",",C,09,","1563.3","C","450.7",",C","292.6",",,,C","155",",,,C","3.80",",C","5.43",",,,C","2.16",",,,C"
"CA001020270","1957-01","50.5833","-126.9333","59.0","ALERT BAY, BC CA","0.0","C","0.0",",C","12",",C","8",",C","1",",C","5",",C","2",",C","0",",C","22",",C","4",",C","0",",C","0",",C","-8.9",",C,25,","50",",,C,31,+","99",",,C,30,","36.8",",,C,30,","5.6",",C,01,","2122.7","C","559.4",",C","88.3",",,,C","163",",,,C","0.29",",C","2.01",",,,C","-1.44",",,,C"
"CA001020270","1957-02","50.5833","-126.9333","59.0","ALERT BAY, BC CA","0.0","C","0.0",",C","13",",C","10",",C","0",",C","6",",C","3",",C","0",",C","18",",C","2",",C","0",",C","0",",C","-5.6",",C,24,","200",",,C,25,+","102",",,C,23,+","17.3",",,C,11,","8.9",",C,28,","2582.9","C","460.2",",C","98.2",",,,C","255",",,,C","1.90",",C","4.27",",,,C","-0.48",",,,C"
"CA001020270","1957-03","50.5833","-126.9333","59.0","ALERT BAY, BC CA","0.0","C","0.0",",C","19",",C","11",",C","1",",C","0",",C","0",",C","0",",C","4",",C","0",",C","0",",C","0",",C","-1.1",",C,01,","0",",,C,31,+","3",",,C,05,","27.9",",,C,23,","11.7",",C,28,","2990.0","C","407.1",",C","104.0",",,,C","3",",,,C","5.20",",C","7.94",",,,C","2.46",",,,C"
"CA001020270","1957-04","50.5833","-126.9333","59.0","ALERT BAY, BC CA","0.0","C","0.0",",C","18",",C","9",",C","0",",C","0",",C","0",",C","0",",C","0",",C","0",",C","0",",C","0",",C","1.7",",C,20,+","0",",,C,30,+","0",",,C,30,+","16.8",",,C,03,","16.1",",C,28,+","3309.4","C","319.4",",C","73.6",",,,C","0",",,,C","7.69",",C","11.13",",,,C","4.24",",,,C"
"CA001020270","1957-05","50.5833","-126.9333","59.0","ALERT BAY, BC CA","0.0","C","0.0",",C","9",",C","4",",C","0",",C","0",",C","0",",C","0",",C","0",",C","0",",C","1",",C","0",",C","3.9",",C,24,","0",",,C,31,+","0",",,C,31,+","9.9",",,C,17,","27.8",",C,30,","3520.9","C","211.5",",C","34.8",",,,C","0",",,,C","11.51",",C","15.91",",,,C","7.11",",,,C"
"CA001020270","1957-06","50.5833","-126.9333","59.0","ALERT BAY, BC CA","0.0","C","0.0",",C","19",",C","14",",C","1",",C","0",",C","0",",C","0",",C","0",",C","0",",C","0",",C","0",",C","6.1",",C,15,","0",",,C,30,+","0",",,C,30,+","26.2",",,C,10,","20.6",",C,16,","3684.6","C","163.7",",C","149.6",",,,C","0",",,,C","12.88",",C","16.72",",,,C","9.03",",,,C"
"CA001020270","1957-07","50.5833","-126.9333","59.0","ALERT BAY, BC CA","0.0","C","0.0",",C","21",",C","15",",C","0",",C","0",",C","0",",C","0",",C","0",",C","0",",C","1",",C","0",",C","7.8",",C,07,","0",",,C,31,+","0",",,C,31,+","24.1",",,C,08,","21.1",",C,24,","145.0","C","145.0",",C","132.2",",,,C","0",",,,C","13.65",",C","17.00",",,,C","10.31",",,,C"
"CA001020270","1957-08","50.5833","-126.9333","59.0","ALERT BAY, BC CA","0.0","C","0.0",",C","12",",C","8",",C","0",",C","0",",C","0",",C","0",",C","0",",C","0",",C","2",",C","0",",C","7.2",",C,27,","0",",,C,31,+","0",",,C,31,+","13.5",",,C,07,","22.2",",C,02,","261.7","C","116.7",",C","66.1",",,,C","0",",,,C","14.57",",C","18.49",",,,C","10.65",",,,C"
"CA001020270","1957-09","50.5833","-126.9333","59.0","ALERT BAY, BC CA","0.0","C","0.0",",C","9",",C","5",",C","1",",C","0",",C","0",",C","0",",C","0",",C","0",",C","3",",C","0",",C","6.1",",C,19,+","0",",,C,30,+","0",",,C,30,+","84.3",",,C,05,","22.8",",C,24,+","389.4","C","127.7",",C","123.2",",,,C","0",",,,C","14.08",",C","17.95",",,,C","10.20",",,,C"
"CA001020270","1957-10","50.5833","-126.9333","59.0","ALERT BAY, BC CA","0.0","C","0.0",",C","13",",C","9",",C","2",",C","0",",C","0",",C","0",",C","0",",C","0",",C","0",",C","0",",C","2.8",",C,22,+","0",",,C,31,+","0",",,C,31,+","29.5",",,C,24,","16.1",",C,11,+","673.9","C","284.5",",C","146.0",",,,C","0",",,,C","9.15",",C","11.97",",,,C","6.34",",,,C"
"CA001020270","1957-11","50.5833","-126.9333","59.0","ALERT BAY, BC CA","0.0","C","0.0",",C","16",",C","11",",C","0",",C","0",",C","1",",C","0",",C","1",",C","0",",C","0",",C","0",",C","0.0",",C,20,","0",",,C,30,+","25",",,C,25,","18.5",",,C,25,","11.1",",C,10,","1033.3","C","359.4",",C","107.8",",,,C","25",",,,C","6.35",",C","8.46",",,,C","4.25",",,,C"
"CA001020270","1957-12","50.5833","-126.9333","59.0","ALERT BAY, BC CA","0.0","C","0.0",",C","28",",C","23",",C","4",",C","0",",C","1",",C","0",",C","1",",C","0",",C","0",",C","0",",C","-0.6",",C,30,","0",",T,C,28,+","51",",,C,22,","49.8",",,C,22,","11.1",",C,08,","1453.8","C","420.5",",C","339.7",",,,C","62",",,,C","4.77",",C","6.45",",,,C","3.09",",,,C"
"CA001020270","1958-01","50.5833","-126.9333","59.0","ALERT BAY, BC CA","0.0","C","0.0",",C","24",",C","14",",C","2",",C","0",",C","0",",C","0",",C","0",",C","0",",C","0",",C","0",",C","1.1",",C,30,+","0",",,C,31,+","0",",,C,31,+","70.1",",,C,03,","10.0",",C,16,","1839.1","C","385.3",",C","258.9",",,,C","0",",,,C","5.90",",C","7.61",",,,C","4.20",",,,C"
"CA001020270","1958-02","50.5833","-126.9333","59.0","ALERT BAY, BC CA","0.0","C","0.0",",C","21",",C","14",",C","0",",C","0",",C","0",",C","0",",C","0",",C","0",",C","0",",C","0",",C","1.1",",C,13,","0",",,C,28,+","0",",,C,28,+","17.5",",,C,20,","12.2",",C,19,","2160.7","C","321.6",",C","125.8",",,,C","0",",,,C","6.85",",C","8.58",",,,C","5.12",",,,C"
"CA001020270","1958-03","50.5833","-126.9333","59.0","ALERT BAY, BC CA","0.0","C","0.0",",C","11",",C","7",",C","0",",C","1",",C","0",",C","0",",C","4",",C","0",",C","0",",C","0",",C","-1.1",",C,14,+","30",",,C,07,","13",",,C,06,","14.0",",,C,24,","13.3",",C,23,","2533.9","C","373.2",",C","70.9",",,,C","13",",,,C","6.29",",C","9.50",",,,C","3.08",",,,C"
"CA001020270","1958-04","50.5833","-126.9333","59.0","ALERT BAY, BC CA","0.0","C","0.0",",C","14",",C","8",",C","0",",C","0",",C","0",",C","0",",C","0",",C","0",",C","0",",C","0",",C","2.2",",C,24,+","0",",,C,30,+","0",",,C,30,+","17.8",",,C,17,","20.6",",C,28,","2830.5","C","296.6",",C","84.9",",,,C","0",",,,C","8.45",",C","12.63",",,,C","4.26",",,,C"
"CA001020270","1958-05","50.5833","-126.9333","59.0","ALERT BAY, BC CA","0.0","C","0.0",",C","7",",C","3",",C","0",",C","0",",C","0",",C","0",",C","0",",C","0",",C","4",",C","0",",C","2.2",",C,12,","0",",,C,31,+","0",",,C,31,+","19.8",",,C,28,","27.8",",C,18,","3011.8","C","181.3",",C","31.1",",,,C","0",",,,C","12.48",",C","17.28",",,,C","7.69",",,,C"
"CA001020270","1958-06","50.5833","-126.9333","59.0","ALERT BAY, BC CA","0.8","C","0.8",",C","8",",C","1",",C","0",",C","0",",C","0",",C","0",",C","0",",C","0",",C","7",",C","0",",C","8.3",",C,05,","0",",,C,30,+","0",",,C,30,+","6.6",",,C,27,","26.1",",C,19,","3109.5","C","97.7",",C","11.0",",,,C","0",",,,C","15.10",",C","19.25",",,,C","10.95",",,,C"
"CA001020270","1958-07","50.5833","-126.9333","59.0","ALERT BAY, BC CA","0.8","C","0.0",",C","1",",C","1",",C","0",",C","0",",C","0",",C","0",",C","0",",C","0",",C","9",",C","0",",C","9.4",",C,14,+","0",",,C,31,+","0",",,C,31,+","4.6",",,C,30,","22.8",",C,25,","80.2","C","80.2",",C","4.6",",,,C","0",",,,C","15.75",",C","19.98",",,,C","11.52",",,,C"
"CA001020270","1958-08","50.5833","-126.9333","59.0","ALERT BAY, BC CA","1.6","C","0.8",",C","11",",C","8",",C","1",",C","0",",C","0",",C","0",",C","0",",C","0",",C","10",",C","0",",C","8.3",",C,18,","0",",,C,31,+","0",",,C,31,+","44.2",",,C,31,","25.0",",C,14,","173.2","C","93.0",",C","122.0",",,,C","0",",,,C","15.36",",C","19.34",",,,C","11.38",",,,C"
"CA001020270","1958-09","50.5833","-126.9333","59.0","ALERT BAY, BC CA","1.6","C","0.0",",C","22",",C","16",",C","0",",C","0",",C","0",",C","0",",C","0",",C","0",",C","0",",C","0",",C","5.0",",C,22,","0",",,C,30,+","0",",,C,30,+","24.1",",,C,18,","20.0",",C,10,+","354.7","C","181.5",",C","170.5",",,,C","0",",,,C","12.28",",C","15.09",",,,C","9.47",",,,C"
"CA001020270","1958-10","50.5833","-126.9333","59.0","ALERT BAY, BC CA","1.6","C","0.0",",C","17",",C","11",",C","3",",C","0",",C","0",",C","0",",C","0",",C","0",",C","0",",C","0",",C","3.3",",C,23,","0",",,C,31,+","0",",,C,31,+","39.1",",,C,13,","17.8",",C,02,","614.6","C","259.9",",C","248.8",",,,C","0",",,,C","9.95",",C","12.30",",,,C","7.59",",,,C"
"CA001020270","1958-11","50.5833","-126.9333","59.0","ALERT BAY, BC CA","1.6","C","0.0",",C","20",",C","14",",C","2",",C","0",",C","1",",C","0",",C","8",",C","0",",C","0",",C","0",",C","-2.8",",C,26,","0",",T,C,13,","33",",,C,17,","37.1",",,C,29,","11.1",",C,01,","1035.8","C","421.2",",C","185.4",",,,C","41",",,,C","4.29",",C","6.63",",,,C","1.96",",,,C"
"CA001020270","1958-12","50.5833","-126.9333","59.0","ALERT BAY, BC CA","1.6","C","0.0",",C","25",",C","19",",C","1",",C","3",",C","2",",C","0",",C","4",",C","0",",C","0",",C","0",",C","-1.7",",C,07,","50",",,C,08,","53",",,C,07,","28.7",",,C,01,","14.4",",C,02,","1433.8","C","398.0",",C","201.9",",,,C","86",",,,C","5.49",",C","7.32",",,,C","3.67",",,,C"
"CA001020270","1959-01","50.5833","-126.9333","59.0","ALERT BAY, BC CA","0.0","C","0.0",",C","22",",C","15",",C","1",",C","2",",C","3",",C","0",",C","8",",C","4",",C","0",",C","0",",C","-7.2",",C,03,","50",",,C,07,+","109",",,C,06,","33.0",",,C,07,","8.9",",C,08,","1902.4","C","468.6",",C","191.7",",,,C","259",",,,C","3.22",",C","5.08",",,,C","1.35",",,,C"
"CA001020270","1959-02","50.5833","-126.9333","59.0","ALERT BAY, BC CA","0.0","C","0.0",",C","16",",C","7",",C","0",",C","0",",C","0",",C","0",",C","7",",C","0",",C","0",",C","0",",C","-2.8",",C,11,+","0",",,C,28,+","3",",,C,11,","19.1",",,C,28,","11.7",",C,21,","2293.6","C","391.2",",C","90.8",",,,C","3",",,,C","4.36",",C","6.65",",,,C","2.08",",,,C"
"CA001020270","1959-03","50.5833","-126.9333","59.0","ALERT BAY, BC CA","0.0","C","0.0",",C","24",",C","15",",C","0",",C","0",",C","0",",C","0",",C","5",",C","0",",C","0",",C","0",",C","-1.7",",C,23,","0",",T,C,13,","8",",,C,21,","22.4",",,C,11,","11.1",",C,30,","2704.2","C","410.6",",C","139.1",",,,C","13",",,,C","5.09",",C","7.65",",,,C","2.53",",,,C"
"CA001020270","1959-04","50.5833","-126.9333","59.0","ALERT BAY, BC CA","0.0","C","0.0",",C","16",",C","8",",C","0",",C","0",",C","0",",C","0",",C","1",",C","0",",C","0",",C","0",",C","0.0",",C,07,","0",",,C,30,+","0",",,C,30,+","13.7",",,C,04,","20.6",",C,09,","3009.1","C","304.9",",C","57.1",",,,C","0",",,,C","8.17",",C","11.95",",,,C","4.39",",,,C"
"CA001020270","1959-05","50.5833","-126.9333","59.0","ALERT BAY, BC CA","0.8","C","0.8",",C","12",",C","6",",C","0",",C","0",",C","0",",C","0",",C","0",",C","0",",C","1",",C","0",",C","2.2",",C,05,","0",",,C,31,+","0",",,C,31,+","9.4",",,C,16,","23.3",",C,13,","3242.1","C","233.0",",C","34.3",",,,C","0",",,,C","10.84",",C","14.92",",,,C","6.76",",,,C"
"CA001020270","1959-06","50.5833","-126.9333","59.0","ALERT BAY, BC CA","0.8","C","0.0",",C","19",",C","9",",C","0",",C","0",",C","0",",C","0",",C","0",",C","0",",C","2",",C","0",",C","6.7",",C,16,","0",",,C,30,+","0",",,C,30,+","12.2",",,C,04,","23.9",",C,18,","3400.0","C","157.9",",C","61.8",",,,C","0",",,,C","13.07",",C","17.00",",,,C","9.14",",,,C"
"CA001020270","1959-07","50.5833","-126.9333","59.0","ALERT BAY, BC CA","0.8","C","0.0",",C","8",",C","5",",C","0",",C","0",",C","0",",C","0",",C","0",",C","0",",C","4",",C","0",",C","7.2",",C,07,","0",",,C,31,+","0",",,C,31,+","11.2",",,C,01,","22.2",",C,09,","126.6","C","126.6",",C","41.5",",,,C","0",",,,C","14.25",",C","18.14",",,,C","10.36",",,,C"
"CA001020270","1959-08","50.5833","-126.9333","59.0","ALERT BAY, BC CA","0.8","C","0.0",",C","17",",C","8",",C","0",",C","0",",C","0",",C","0",",C","0",",C","0",",C","1",",C","0",",C","7.8",",C,09,","0",",,C,31,+","0",",,C,31,+","10.2",",,C,14,","21.1",",C,07,","260.7","C","134.1",",C","49.3",",,,C","0",",,,C","14.01",",C","17.24",",,,C","10.77",",,,C"
"CA001020270","1959-09","50.5833","-126.9333","59.0","ALERT BAY, BC CA","0.8","C","0.0",",C","16",",C","12",",C","1",",C","0",",C","0",",C","0",",C","0",",C","0",",C","1",",C","0",",C","6.7",",C,28,","0",",,C,30,+","0",",,C,30,+","27.7",",,C,24,","21.1",",C,11,","440.6","C","179.9",",C","120.2",",,,C","0",",,,C","12.34",",C","14.91",",,,C","9.76",",,,C"
"CA001020270","1959-10","50.5833","-126.9333","59.0","ALERT BAY, BC CA","0.8","C","0.0",",C","16",",C","14",",C","1",",C","0",",C","0",",C","0",",C","0",",C","0",",C","0",",C","0",",C","2.8",",C,29,","0",",,C,31,+","0",",,C,31,+","67.8",",,C,13,","15.6",",C,14,+","713.6","C","273.0",",C","171.5",",,,C","0",",,,C","9.53",",C","12.10",",,,C","6.95",",,,C"
"CA001020270","1959-11","50.5833","-126.9333","59.0","ALERT BAY, BC CA","0.8","C","0.0",",C","21",",C","17",",C","0",",C","2",",C","1",",C","0",",C","5",",C","0",",C","0",",C","0",",C","-3.9",",C,15,","50",",,C,17,","76",",,C,16,","23.9",",,C,01,","13.9",",C,24,","1094.1","C","380.5",",C","155.7",",,,C","84",",,,C","5.65",",C","7.76",",,,C","3.54",",,,C"
"CA001020270","1959-12","50.5833","-126.9333","59.0","ALERT BAY, BC CA","0.8","C","0.0",",C","22",",C","20",",C","1",",C","0",",C","0",",C","0",",C","2",",C","0",",C","0",",C","0",",C","-0.6",",C,25,","0",",,C,31,+","0",",T,C,12,","42.9",",,C,19,","9.4",",C,18,","1525.2","C","431.1",",C","232.6",",,,C","0",",T,,C","4.43",",C","6.24",",,,C","2.62",",,,C"
"CA001020270","1960-01","50.5833","-126.9333","59.0","ALERT BAY, BC CA","0.0","C","0.0",",C","17",",C","13",",C","0",",C","0",",C","1",",C","0",",C","12",",C","0",",C","0",",C","0",",C","-2.2",",C,03,+","0",",T,C,12,+","51",",,C,07,","19.1",",,C,13,","10.0",",C,30,+","1997.8","C","472.6",",C","127.5",",,,C","74",",,,C","3.09",",C","4.86",",,,C","1.31",",,,C"
"CA001020270","1960-02","50.5833","-126.9333","59.0","ALERT BAY, BC CA","0.0","C","0.0",",C","13",",C","8",",C","3",",C","0",",C","1",",C","0",",C","5",",C","0",",C","0",",C","0",",C","-2.8",",C,27,","0",",T,C,21,","28",",,C,20,","46.2",",,C,11,","10.6",",C,05,","2391.6","C","393.8",",C","173.5",",,,C","28",",,,C","4.75",",C","7.34",",,,C","2.17",",,,C"
"CA001020270","1960-03","50.5833","-126.9333","59.0","ALERT BAY, BC CA","0.0","C","0.0",",C","19",",C","15",",C","0",",C","0",",C","0",",C","0",",C","8",",C","0",",C","0",",C","0",",C","-3.3",",C,03,+","0",",T,C,05,","10",",,C,13,","13.7",",,C,25,","16.7",",C,20,","2802.9","C","411.3",",C","119.9",",,,C","13",",,,C","5.07",",C","8.12",",,,C","2.01",",,,C"
"CA001020270","1960-04","50.5833","-126.9333","59.0","ALERT BAY, BC CA","0.0","C","0.0",",C","16",",C","12",",C","0",",C","0",",C","0",",C","0",",C","0",",C","0",",C","0",",C","0",",C","1.1",",C,16,","0",",,C,30,+","0",",,C,30,+","22.1",",,C,02,","20.6",",C,27,","3105.4","C","302.5",",C","124.7",",,,C","0",",,,C","8.25",",C","11.94",",,,C","4.55",",,,C"
"CA001020270","1960-05","50.5833","-126.9333","59.0","ALERT BAY, BC CA","0.0","C","0.0",",C","25",",C","16",",C","0",",C","0",",C","0",",C","0",",C","0",",C","0",",C","0",",C","0",",C","2.8",",C,23,","0",",,C,31,+","0",",,C,31,+","16.3",",,C,31,","20.0",",C,11,","3374.5","C","269.1",",C","108.1",",,,C","0",",,,C","9.65",",C","12.79",",,,C","6.51",",,,C"
"CA001020270","1960-06","50.5833","-126.9333","59.0","ALERT BAY, BC CA","0.0","C","0.0",",C","13",",C","8",",C","0",",C","0",",C","0",",C","0",",C","0",",C","0",",C","0",",C","0",",C","4.4",",C,04,","0",",,C,30,+","0",",,C,30,+","20.6",",,C,01,","19.4",",C,27,","3584.8","C","210.3",",C","62.9",",,,C","0",",,,C","11.32",",C","14.62",",,,C","8.03",",,,C"
"CA001020270","1960-07","50.5833","-126.9333","59.0","ALERT BAY, BC CA","0.0","C","0.0",",C","7",",C","0",",C","0",",C","0",",C","0",",C","0",",C","0",",C","0",",C","4",",C","0",",C","8.3",",C,25,+","0",",,C,31,+","0",",,C,31,+","2.0",",,C,11,+","26.7",",C,29,","129.3","C","129.3",",C","7.2",",,,C","0",",,,C","14.16",",C","18.04",",,,C","10.29",",,,C"
"CA001020270","1960-08","50.5833","-126.9333","59.0","ALERT BAY, BC CA","8.3","C","8.3",",C","20",",C","14",",C","1",",C","0",",C","0",",C","0",",C","0",",C","0",",C","3",",C","1",",C","7.8",",C,31,+","0",",,C,31,+","0",",,C,31,+","27.4",",,C,15,","33.3",",C,09,","279.0","C","149.7",",C","140.1",",,,C","0",",,,C","13.77",",C","17.05",",,,C","10.50",",,,C"
"CA001020270","1960-09","50.5833","-126.9333","59.0","ALERT BAY, BC CA","8.3","C","0.0",",C","11",",C","7",",C","0",",C","0",",C","0",",C","0",",C","0",",C","0",",C","3",",C","0",",C","5.0",",C,27,","0",",,C,30,+","0",",,C,30,+","22.6",",,C,18,","21.7",",C,11,+","482.7","C","203.7",",C","93.8",",,,C","0",",,,C","11.54",",C","15.10",",,,C","7.98",",,,C"
"CA001020270","1960-10","50.5833","-126.9333","59.0","ALERT BAY, BC CA","8.3","C","0.0",",C","20",",C","19",",C","4",",C","0",",C","0",",C","0",",C","0",",C","0",",C","0",",C","0",",C","4.4",",C,29,+","0",",,C,31,+","0",",,C,31,+","54.6",",,C,25,","17.2",",C,17,+","727.7","C","245.0",",C","287.2",",,,C","0",",,,C","10.43",",C","12.78",",,,C","8.08",",,,C"
"CA001020270","1960-11","50.5833","-126.9333","59.0","ALERT BAY, BC CA","8.3","C","0.0",",C","20",",C","14",",C","3",",C","0",",C","0",",C","0",",C","0",",C","0",",C","0",",C","0",",C","0.6",",C,27,","0",",,C,30,+","0",",T,C,21,+","43.4",",,C,17,","13.3",",C,05,","1101.8","C","374.1",",C","215.3",",,,C","0",",T,,C","5.86",",C","7.95",",,,C","3.78",",,,C"
"CA001020270","1960-12","50.5833","-126.9333","59.0","ALERT BAY, BC CA","8.3","C","0.0",",C","19",",C","9",",C","1",",C","0",",C","0",",C","0",",C","3",",C","0",",C","0",",C","0",",C","-0.6",",C,16,+","0",",,C,31,+","0",",,C,31,+","25.7",",,C,12,","11.7",",C,12,","1506.1","C","404.3",",C","86.2",",,,C","0",",,,C","5.29",",C","6.92",",,,C","3.66",",,,C"
"CA001020270","1961-01","50.5833","-126.9333","59.0","ALERT BAY, BC CA","0.0","C","0.0",",C","17",",C","15",",C","4",",C","0",",C","0",",C","0",",C","3",",C","0",",C","0",",C","0",",C","-0.6",",C,28,+","0",",,C,31,+","0",",T,C,29,","35.3",",,C,11,","12.8",",C,10,","1890.9","C","384.8",",C","245.6",",,,C","0",",T,,C","5.92",",C","8.36",",,,C","3.48",",,,C"
"CA001020270","1961-02","50.5833","-126.9333","59.0","ALERT BAY, BC CA","0.0","C","0.0",",C","26",",C","17",",C","3",",C","0",",C","0",",C","0",",C","0",",C","0",",C","0",",C","0",",C","0.6",",C,10,","0",",,C,28,+","0",",T,C,16,+","43.4",",,C,05,","11.1",",C,05,","2257.2","C","366.3",",C","249.7",",,,C","0",",T,,C","5.25",",C","6.93",",,,C","3.58",",,,C"
"CA001020270","1961-03","50.5833","-126.9333","59.0","ALERT BAY, BC CA","0.0","C","0.0",",C","22",",C","17",",C","1",",C","0",",C","1",",C","0",",C","2",",C","0",",C","0",",C","0",",C","-1.7",",C,03,","0",",T,C,02,","25",",,C,02,","32.0",",,C,19,","14.4",",C,29,","2630.3","C","373.1",",C","137.0",",,,C","33",",,,C","6.30",",C","8.72",",,,C","3.87",",,,C"
"CA001020270","1961-04","50.5833","-126.9333","59.0","ALERT BAY, BC CA","0.0","C","0.0",",C","20",",C","7",",C","0",",C","0",",C","0",",C","0",",C","0",",C","0",",C","0",",C","0",",C","1.7",",C,18,+","0",",,C,30,+","0",",T,C,17,+","19.3",",,C,16,","17.2",",C,27,","2946.1","C","315.8",",C","69.6",",,,C","0",",T,,C","7.81",",C","10.44",",,,C","5.17",",,,C"
"CA001020270","1961-05","50.5833","-126.9333","59.0","ALERT BAY, BC CA","0.0","C","0.0",",C","9",",C","4",",C","0",",C","0",",C","0",",C","0",",C","0",",C","0",",C","1",",C","0",",C","4.4",",C,03,","0",",,C,31,+","0",",,C,31,+","5.1",",,C,23,","21.1",",C,28,","3179.4","C","233.3",",C","23.3",",,,C","0",",,,C","10.81",",C","14.05",",,,C","7.56",",,,C"
"CA001020270","1961-06","50.5833","-126.9333","59.0","ALERT BAY, BC CA","0.0","C","0.0",",C","8",",C","4",",C","0",",C","0",",C","0",",C","0",",C","0",",C","0",",C","4",",C","0",",C","6.1",",C,22,","0",",,C,30,+","0",",,C,30,+","6.1",",,C,06,","23.3",",C,22,+","3333.1","C","153.7",",C","23.4",",,,C","0",",,,C","13.21",",C","17.20",",,,C","9.22",",,,C"
"CA001020270","1961-07","50.5833","-126.9333","59.0","ALERT BAY, BC CA","0.9","C","0.9",",C","7",",C","4",",C","0",",C","0",",C","0",",C","0",",C","0",",C","0",",C","3",",C","0",",C","8.3",",C,08,+","0",",,C,31,+","0",",,C,31,+","10.7",",,C,01,","25.6",",C,12,","115.6","C","115.6",",C","23.5",",,,C","0",",,,C","14.63",",C","18.42",",,,C","10.84",",,,C"
"CA001020270","1961-08","50.5833","-126.9333","59.0","ALERT BAY, BC CA","0.9","C","0.0",",C","8",",C","3",",C","0",",C","0",",C","0",",C","0",",C","0",",C","0",",C","9",",C","0",",C","7.8",",C,20,","0",",,C,31,+","0",",,C,31,+","23.6",",,C,30,","25.6",",C,19,","212.7","C","97.1",",C","42.6",",,,C","0",",,,C","15.20",",C","19.49",",,,C","10.91",",,,C"
"CA001020270","1961-09","50.5833","-126.9333","59.0","ALERT BAY, BC CA","0.9","C","0.0",",C","15",",C","11",",C","0",",C","0",",C","0",",C","0",",C","0",",C","0",",C","3",",C","0",",C","2.8",",C,29,","0",",,C,30,+","0",",,C,30,+","20.3",",,C,03,","24.4",",C,13,","395.6","C","182.9",",C","112.7",",,,C","0",",,,C","12.24",",C","15.75",",,,C","8.72",",,,C"
"CA001020270","1961-10","50.5833","-126.9333","59.0","ALERT BAY, BC CA","0.9","C","0.0",",C","22",",C","20",",C","4",",C","0",",C","0",",C","0",",C","1",",C","0",",C","1",",C","0",",C","-0.6",",C,21,","0",",,C,31,+","0",",,C,31,+","33.0",",,C,09,","21.1",",C,14,","713.1","C","317.5",",C","260.1",",,,C","0",",,,C","8.09",",C","11.08",",,,C","5.10",",,,C"
"CA001020270","1961-11","50.5833","-126.9333","59.0","ALERT BAY, BC CA","0.9","C","0.0",",C","18",",C","14",",C","0",",C","1",",C","1",",C","0",",C","6",",C","0",",C","0",",C","0",",C","-0.6",",C,24,","50",",,C,18,","58",",,C,17,","24.9",",,C,10,","10.0",",C,08,+","1126.9","C","413.8",",C","131.5",",,,C","58",",,,C","4.54",",C","6.72",",,,C","2.35",",,,C"
"CA001020270","1961-12","50.5833","-126.9333","59.0","ALERT BAY, BC CA","0.9","C","0.0",",C","25",",C","21",",C","1",",C","2",",C","3",",C","0",",C","13",",C","1",",C","0",",C","0",",C","-1.7",",C,10,","50",",,C,27,+","51",",,C,12,","26.7",",,C,04,","8.9",",C,29,","1604.3","C","477.4",",C","183.4",",,,C","172",",,,C","2.93",",C","4.78",",,,C","1.08",",,,C"
"CA001020270","1962-01","50.5833","-126.9333","59.0","ALERT BAY, BC CA","0.0","C","0.0",",C","20",",C","15",",C","2",",C","0",",C","1",",C","0",",C","10",",C","0",",C","0",",C","0",",C","-5.6",",C,20,","0",",T,C,24,+","51",",,C,16,","42.4",",,C,06,","11.7",",C,30,","2049.8","C","445.5",",C","220.2",",,,C","87",",,,C","3.96",",C","6.08",",,,C","1.85",",,,C"
"CA001020270","1962-02","50.5833","-126.9333","59.0","ALERT BAY, BC CA","0.0","C","0.0",",C","12",",C","5",",C","0",",C","1",",C","1",",C","0",",C","10",",C","0",",C","0",",C","0",",C","-3.3",",C,26,+","50",",,C,28,","53",",,C,27,","14.7",",,C,01,","11.7",",C,02,","2419.4","C","369.6",",C","45.0",",,,C","53",",,,C","5.13",",C","8.22",",,,C","2.05",",,,C"
"CA001020270","1962-03","50.5833","-126.9333","59.0","ALERT BAY, BC CA","0.0","C","0.0",",C","14",",C","10",",C","1",",C","3",",C","2",",C","0",",C","12",",C","1",",C","0",",C","0",",C","-4.4",",C,02,","30",",,C,27,+","69",",,C,04,","26.7",",,C,24,","16.1",",C,30,","2862.0","C","442.6",",C","87.7",",,,C","104",",,,C","4.06",",C","7.24",",,,C","0.88",",,,C"
"CA001020270","1962-04","50.5833","-126.9333","59.0","ALERT BAY, BC CA","0.0","C","0.0",",C","18",",C","12",",C","0",",C","0",",C","0",",C","0",",C","0",",C","0",",C","0",",C","0",",C","1.7",",C,01,","0",",,C,30,+","0",",,C,30,+","19.3",",,C,18,","16.1",",C,13,","3175.1","C","313.1",",C","114.0",",,,C","0",",,,C","7.90",",C","11.17",",,,C","4.62",",,,C"
"CA001020270","1962-05","50.5833","-126.9333","59.0","ALERT BAY, BC CA","0.0","C","0.0",",C","13",",C","5",",C","0",",C","0",",C","0",",C","0",",C","0",",C","0",",C","0",",C","0",",C","1.1",",C,08,","0",",,C,31,+","0",",,C,31,+","4.3",",,C,01,","19.4",",C,24,","3459.2","C","284.1",",C","27.4",",,,C","0",",,,C","9.17",",C","12.72",",,,C","5.62",",,,C"
"CA001020270","1962-06","50.5833","-126.9333","59.0","ALERT BAY, BC CA","0.0","C","0.0",",C","11",",C","7",",C","0",",C","0",",C","0",",C","0",",C","0",",C","0",",C","3",",C","0",",C","5.0",",C,02,","0",",,C,30,+","0",",,C,30,+","24.4",",,C,02,","25.6",",C,24,","3646.5","C","187.3",",C","71.4",",,,C","0",",,,C","12.09",",C","15.85",",,,C","8.33",",,,C"
"CA001020270","1962-07","50.5833","-126.9333","59.0","ALERT BAY, BC CA","0.0","C","0.0",",C","13",",C","5",",C","0",",C","0",",C","0",",C","0",",C","0",",C","0",",C","0",",C","0",",C","7.2",",C,01,","0",",,C,31,+","0",",,C,31,+","9.7",",,C,04,","20.0",",C,22,","161.7","C","161.7",",C","38.1",",,,C","0",",,,C","13.12",",C","16.44",",,,C","9.79",",,,C"
"CA001020270","1962-08","50.5833","-126.9333","59.0","ALERT BAY, BC CA","0.0","C","0.0",",C","21",",C","13",",C","0",",C","0",",C","0",",C","0",",C","0",",C","0",",C","1",",C","0",",C","7.8",",C,30,","0",",,C,31,+","0",",,C,31,+","18.5",",,C,02,","21.7",",C,29,","295.8","C","134.1",",C","92.6",",,,C","0",",,,C","14.01",",C","16.89",",,,C","11.12",",,,C"
"CA001020270","1962-09","50.5833","-126.9333","59.0","ALERT BAY, BC CA","0.0","C","0.0",",C","10",",C","4",",C","2",",C","0",",C","0",",C","0",",C","0",",C","0",",C","1",",C","0",",C","5.6",",C,14,+","0",",,C,30,+","0",",,C,30,+","90.2",",,C,30,","21.1",",C,18,","478.5","C","182.7",",C","154.4",",,,C","0",",,,C","12.24",",C","15.92",",,,C","8.57",",,,C"
"CA001020270","1962-10","50.5833","-126.9333","59.0","ALERT BAY, BC CA","0.0","C","0.0","1,C","20",",C","17",",C","2",",C","0",",C","0",",C","0","1,C","0","1,C","0",",C","0",",C","0",",C","3.9","1,C,14,","0",",,C,31,+","0",",,C,31,+","30.2",",,C,02,","18.3",",C,29,","730.1","C","251.6",",C","221.6",",,,C","0",",,,C","9.96","1,C","12.35",",,,C","7.58","1,,,C"
"CA001020270","1962-11","50.5833","-126.9333","59.0","ALERT BAY, BC CA","0.0","C","0.0",",C","25",",C","21",",C","4",",C","1",",C","1",",C","0",",C","0",",C","0",",C","0",",C","0",",C","0.6",",C,29,+","50",",,C,30,","51",",,C,29,","44.5",",,C,19,","17.8",",C,02,","1082.8","C","352.7",",C","317.8",",,,C","51",",,,C","6.58",",C","8.78",",,,C","4.37",",,,C"
"CA001020270","1962-12","50.5833","-126.9333","59.0","ALERT BAY, BC CA","0.0","C","0.0",",C","23",",C","18",",C","6",",C","1",",C","0",",C","0",",C","5",",C","0",",C","0",",C","0",",C","-1.7",",C,24,","30",",,C,01,","0",",T,C,28,+","62.5",",,C,29,","11.1",",C,14,","1486.3","C","403.5",",C","392.1",",,,C","0",",T,,C","5.32",",C","7.13",",,,C","3.50",",,,C"
"CA001020270","1963-01","50.5833","-126.9333","59.0","ALERT BAY, BC CA","0.0","C","0.0",",C","16",",C","5",",C","1",",C","0",",C","0",",C","0",",C","9",",C","2",",C","0",",C","0",",C","-3.9",",C,10,","0",",,C,31,+","0",",T,C,08,","33.3",",,C,01,","8.9",",C,14,","1941.5","C","455.2",",C","65.8",",,,C","0",",T,,C","3.65",",C","5.58",",,,C","1.72",",,,C"
"CA001020270","1963-02","50.5833","-126.9333","59.0","ALERT BAY, BC CA","0.0","C","0.0",",C","15",",C","10",",C","2",",C","0",",C","0",",C","0",",C","1",",C","0",",C","0",",C","0",",C","-2.2",",C,01,","0",",,C,28,+","0",",,C,28,+","52.1",",,C,04,","14.4",",C,11,+","2236.8","C","295.3",",C","205.4",",,,C","0",",,,C","7.79",",C","10.21",",,,C","5.36",",,,C"
"CA001020270","1963-03","50.5833","-126.9333","59.0","ALERT BAY, BC CA","0.0","C","0.0",",C","18",",C","10",",C","1",",C","0",",C","2",",C","0",",C","4",",C","0",",C","0",",C","0",",C","0.0",",C,28,+","0",",T,C,14,","74",",,C,21,","39.9",",,C,20,","12.8",",C,26,","2636.0","C","399.2",",C","114.3",",,,C","102",",,,C","5.46",",C","8.57",",,,C","2.34",",,,C"
"CA001020270","1963-04","50.5833","-126.9333","59.0","ALERT BAY, BC CA","0.0","C","0.0",",C","17",",C","9",",C","0",",C","0",",C","0",",C","0",",C","1",",C","0",",C","0",",C","0",",C","0.0",",C,01,","0",",,C,30,+","0",",,C,30,+","18.5",",,C,30,","17.2",",C,21,","2944.0","C","308.0",",C","79.2",",,,C","0",",,,C","8.07",",C","11.70",",,,C","4.43",",,,C"
"CA001020270","1963-05","50.5833","-126.9333","59.0","ALERT BAY, BC CA","1.1","C","1.1",",C","12",",C","4",",C","1",",C","0",",C","0",",C","0",",C","0",",C","0",",C","4",",C","0",",C","2.2",",C,04,","0",",,C,31,+","0",",,C,31,+","29.5",",,C,06,","28.9",",C,21,","3181.5","C","237.5",",C","67.5",",,,C","0",",,,C","10.71",",C","15.36",",,,C","6.06",",,,C"
"CA001020270","1963-06","50.5833","-126.9333","59.0","ALERT BAY, BC CA","1.1","C","0.0",",C","14",",C","9",",C","0",",C","0",",C","0",",C","0",",C","0",",C","0",",C","1",",C","0",",C","5.6",",C,03,","0",",,C,30,+","0",",,C,30,+","16.0",",,C,04,","22.2",",C,16,","3374.7","C","193.2",",C","77.4",",,,C","0",",,,C","11.89",",C","15.33",",,,C","8.46",",,,C"
"CA001020270","1963-07","50.5833","-126.9333","59.0","ALERT BAY, BC CA","1.1","C","0.0",",C","16",",C","10",",C","1",",C","0",",C","0",",C","0",",C","0",",C","0",",C","0",",C","0",",C","8.3",",C,23,","0",",,C,31,+","0",",,C,31,+","55.4",",,C,08,","19.4",",C,19,","144.1","C","144.1",",C","145.1",",,,C","0",",,,C","13.68",",C","16.65",",,,C","10.72",",,,C"
"CA001020270","1963-08","50.5833","-126.9333","59.0","ALERT BAY, BC CA","1.1","C","0.0",",C","10",",C","4",",C","1",",C","0",",C","0",",C","0",",C","0",",C","0",",C","3",",C","0",",C","8.9",",C,23,","0",",,C,31,+","0",",,C,31,+","28.7",",,C,20,","22.8",",C,24,","251.3","C","107.2",",C","48.1",",,,C","0",",,,C","14.87",",C","18.38",",,,C","11.37",",,,C"
"CA001020270","1963-09","50.5833","-126.9333","59.0","ALERT BAY, BC CA","1.7","C","0.6",",C","19",",C","8",",C","3",",C","0",",C","0",",C","0",",C","0",",C","0",",C","5",",C","0",",C","6.1",",C,23,","0",",,C,30,+","0",",,C,30,+","70.6",",,C,25,","23.9",",C,27,+","363.3","C","112.0",",C","222.0",",,,C","0",",,,C","14.62",",C","17.86",",,,C","11.38",",,,C"
"CA001020270","1963-10","50.5833","-126.9333","59.0","ALERT BAY, BC CA","1.7","C","0.0",",C","25",",C","19",",C","4",",C","0",",C","0",",C","0",",C","0",",C","0",",C","0",",C","0",",C","2.2",",C,28,","0",",,C,31,+","0",",,C,31,+","46.2",",,C,20,","16.7",",C,15,+","624.6","C","261.3",",C","287.5",",,,C","0",",,,C","9.90",",C","12.29",",,,C","7.51",",,,C"
"CA001020270","1963-11","50.5833","-126.9333","59.0","ALERT BAY, BC CA","1.7","C","0.0",",C","25",",C","18",",C","1",",C","1",",C","1",",C","0",",C","5",",C","0",",C","0",",C","0",",C","-2.2",",C,19,","30",",,C,22,","56",",,C,20,","43.2",",,C,25,","11.7",",C,14,+","1014.1","C","389.5",",C","222.4",",,,C","92",",,,C","5.35",",C","7.66",",,,C","3.04",",,,C"
"CA001020270","1963-12","50.5833","-126.9333","59.0","ALERT BAY, BC CA","1.7","C","0.0",",C","23",",C","17",",C","3",",C","0",",C","0",",C","0",",C","4",",C","0",",C","0",",C","0",",C","-2.2",",C,10,","0",",,C,31,+","0",",T,C,17,","84.3",",,C,24,","11.1",",C,31,+","1419.0","C","404.9",",C","307.5",",,,C","0",",T,,C","5.27",",C","7.12",",,,C","3.43",",,,C"
"CA001020270","1964-01","50.5833","-126.9333","59.0","ALERT BAY, BC CA","0.0","C","0.0",",C","27",",C","22",",C","1",",C","2",",C","1",",C","0",",C","4",",C","0",",C","0",",C","0",",C","-1.7",",C,23,+","30",",,C,21,+","76",",,C,19,","25.4",",,C,09,","9.4",",C,27,","1866.7","C","447.7",",C","236.5",",,,C","94",",,,C","3.89",",C","5.66",",,,C","2.12",",,,C"
"CA001020270","1964-02","50.5833","-126.9333","59.0","ALERT BAY, BC CA","0.0","C","0.0",",C","17",",C","11",",C","0",",C","0",",C","0",",C","0",",C","4",",C","0",",C","0",",C","0",",C","-1.1",",C,06,","0",",,C,29,+","0",",T,C,28,+","10.9",",,C,10,","12.2",",C,04,","2260.7","C","394.0",",C","82.8",",,,C","0",",T,,C","4.75",",C","7.37",",,,C","2.12",",,,C"
"CA001020270","1964-03","50.5833","-126.9333","59.0","ALERT BAY, BC CA","0.0","C","0.0",",C","23",",C","13",",C","0",",C","0",",C","0",",C","0",",C","3",",C","0",",C","0",",C","0",",C","-0.6",",C,12,","0",",T,C,13,+","0",",T,C,25,+","22.4",",,C,11,","15.6",",C,30,+","2663.4","C","402.7",",C","132.8",",,,C","0",",T,,C","5.34",",C","8.21",",,,C","2.47",",,,C"
"CA001020270","1964-04","50.5833","-126.9333","59.0","ALERT BAY, BC CA","0.0","C","0.0",",C","17",",C","12",",C","1",",C","0",",C","0",",C","0",",C","0",",C","0",",C","0",",C","0",",C","1.1",",C,01,","0",",,C,30,+","0",",,C,30,+","27.9",",,C,21,","17.2",",C,06,","3017.9","C","354.5",",C","111.1",",,,C","0",",,,C","6.52",",C","9.52",",,,C","3.52",",,,C"
"CA001020270","1964-05","50.5833","-126.9333","59.0","ALERT BAY, BC CA","0.0","C","0.0",",C","15",",C","11",",C","0",",C","0",",C","0",",C","0",",C","0",",C","0",",C","1",",C","0",",C","0.6",",C,13,","0",",,C,31,+","0",",,C,31,+","15.2",",,C,23,","21.1",",C,27,","3318.2","C","300.3",",C","87.9",",,,C","0",",,,C","8.65",",C","12.74",",,,C","4.55",",,,C"
"CA001020270","1964-06","50.5833","-126.9333","59.0","ALERT BAY, BC CA","0.0","C","0.0",",C","16",",C","4",",C","0",",C","0",",C","0",",C","0",",C","0",",C","0",",C","1",",C","0",",C","6.1",",C,27,","0",",,C,30,+","0",",,C,30,+","20.8",",,C,27,","22.2",",C,09,","3500.5","C","182.3",",C","67.3",",,,C","0",",,,C","12.26",",C","15.47",",,,C","9.04",",,,C"
"CA001020270","1964-07","50.5833","-126.9333","59.0","ALERT BAY, BC CA","0.0","C","0.0",",C","19",",C","13",",C","1",",C","0",",C","0",",C","0",",C","0",",C","0",",C","0",",C","0",",C","8.3",",C,04,+","0",",,C,31,+","0",",,C,31,+","33.8",",,C,08,","20.0",",C,28,","156.2","C","156.2",",C","132.2",",,,C","0",",,,C","13.30",",C","16.55",",,,C","10.04",",,,C"
"CA001020270","1964-08","50.5833","-126.9333","59.0","ALERT BAY, BC CA","0.0","C","0.0",",C","15",",C","7",",C","0",",C","0",",C","0",",C","0",",C","0",",C","0",",C","0",",C","0",",C","7.2",",C,11,","0",",,C,31,+","0",",,C,31,+","16.0",",,C,25,","20.6",",C,24,+","301.9","C","145.7",",C","66.5",",,,C","0",",,,C","13.63",",C","16.86",",,,C","10.41",",,,C"
"CA001020270","1964-09","50.5833","-126.9333","59.0","ALERT BAY, BC CA","0.0","C","0.0",",C","15",",C","11",",C","1",",C","0",",C","0",",C","0",",C","0",",C","0",",C","0",",C","0",",C","5.0",",C,26,","0",",,C,30,+","0",",,C,30,+","31.8",",,C,21,","20.6",",C,12,+","495.7","C","193.8",",C","151.9",",,,C","0",",,,C","11.87",",C","15.19",",,,C","8.56",",,,C"
"CA001020270","1964-10","50.5833","-126.9333","59.0","ALERT BAY, BC CA","0.0","C","0.0",",C","16",",C","12",",C","2",",C","0",",C","0",",C","0",",C","0",",C","0",",C","0",",C","0",",C","0.6",",C,27,","0",",,C,31,+","0",",,C,31,+","54.6",",,C,31,","20.0",",C,07,+","761.9","C","266.2",",C","208.2",",,,C","0",",,,C","9.75",",C","13.03",",,,C","6.47",",,,C"
"CA001020270","1964-11","50.5833","-126.9333","59.0","ALERT BAY, BC CA","0.0","C","0.0",",C","17",",C","8",",C","1",",C","0",",C","1",",C","0",",C","5",",C","0",",C","0",",C","0",",C","-2.8",",C,28,","0",",T,C,29,+","76",",,C,29,","34.5",",,C,29,","10.0",",C,04,","1182.7","C","420.8",",C","105.5",",,,C","91",",,,C","4.31",",C","6.46",",,,C","2.15",",,,C"
"CA001020270","1964-12","50.5833","-126.9333","59.0","ALERT BAY, BC CA","0.0","C","0.0",",C","20",",C","12",",C","1",",C","15",",C","5",",C","0",",C","22",",C","7",",C","0",",C","0",",C","-10.0",",C,16,","130",",,C,30,+","99",",,C,27,","35.1",",,C,07,","9.4",",C,06,","1714.1","C","531.4",",C","133.2",",,,C","322",",,,C","1.19",",C","3.11",",,,C","-0.73",",,,C"
"CA001020270","1965-01","50.5833","-126.9333","59.0","ALERT BAY, BC CA","0.0","C","0.0",",C","22",",C","13",",C","1",",C","11","2,C","3","1,C","0",",C","11",",C","3",",C","0",",C","0",",C","-5.6",",C,04,","430","2,,C,06,","107","1,,C,01,","25.9",",,C,01,","9.4",",C,16,","2195.6","C","481.5",",C","165.7",",,,C","300","1,,,C","2.80",",C","4.39",",,,C","1.21",",,,C"
"CA001020270","1965-02","50.5833","-126.9333","59.0","ALERT BAY, BC CA","0.0","C","0.0",",C","24",",C","18",",C","1",",C","0",",C","2",",C","0",",C","5",",C","0",",C","0",",C","0",",C","-0.6",",C,28,+","0",",T,C,28,+","48",",,C,27,","29.2",",,C,25,","10.0",",C,18,","2607.1","C","411.5",",C","198.9",",,,C","86",",,,C","3.64",",C","5.41",",,,C","1.87",",,,C"
"CA001020270","1965-03","50.5833","-126.9333","59.0","ALERT BAY, BC CA","0.0","C","0.0",",C","7",",C","5",",C","0",",C","0",",C","0",",C","0",",C","6",",C","0",",C","0",",C","0",",C","-2.8",",C,18,","0",",,C,31,+","0",",T,C,28,+","7.1",",,C,21,","17.2",",C,12,","3006.3","C","399.2",",C","25.5",",,,C","0",",T,,C","5.46",",C","9.49",",,,C","1.42",",,,C"
"CA001020270","1965-04","50.5833","-126.9333","59.0","ALERT BAY, BC CA","0.0","C","0.0",",C","19",",C","10",",C","1",",C","0",",C","0",",C","0",",C","1",",C","0",",C","0",",C","0",",C","0.0",",C,03,","0",",,C,30,+","0",",,C,30,+","33.0",",,C,20,","18.9",",C,15,","3330.9","C","324.6",",C","136.0",",,,C","0",",,,C","7.51",",C","10.71",",,,C","4.32",",,,C"
"CA001020270","1965-05","50.5833","-126.9333","59.0","ALERT BAY, BC CA","0.0","C","0.0",",C","9",",C","5",",C","0",",C","0",",C","0",",C","0",",C","1",",C","0",",C","0",",C","0",",C","0.0",",C,14,","0",",,C,31,+","0",",,C,31,+","9.9",",,C,15,","17.8",",C,20,","3626.9","C","296.0",",C","30.5",",,,C","0",",,,C","8.78",",C","12.75",",,,C","4.82",",,,C"
"CA001020270","1965-06","50.5833","-126.9333","59.0","ALERT BAY, BC CA","0.0","C","0.0",",C","5",",C","3",",C","0",",C","0",",C","0",",C","0",",C","0",",C","0",",C","3",",C","0",",C","4.4",",C,27,+","0",",,C,30,+","0",",,C,30,+","5.1",",,C,13,","25.6",",C,07,","3813.3","C","186.4",",C","17.6",",,,C","0",",,,C","12.12",",C","16.57",",,,C","7.67",",,,C"
"CA001020270","1965-07","50.5833","-126.9333","59.0","ALERT BAY, BC CA","0.6","C","0.6",",C","5",",C","2",",C","0",",C","0",",C","0",",C","0",",C","0",",C","0",",C","4",",C","0",",C","7.2",",C,03,","0",",,C,31,+","0",",,C,31,+","14.5",",,C,19,","28.9",",C,29,","132.6","C","132.6",",C","20.6",",,,C","0",",,,C","14.07",",C","18.28",",,,C","9.86",",,,C"
"CA001020270","1965-08","50.5833","-126.9333","59.0","ALERT BAY, BC CA","0.6","C","0.0",",C","11",",C","6",",C","0",",C","0",",C","0",",C","0",",C","0",",C","0",",C","5",",C","0",",C","6.7",",C,27,","0",",,C,31,+","0",",,C,31,+","15.2",",,C,12,","26.7",",C,18,","263.1","C","130.5",",C","53.2",",,,C","0",",,,C","14.12",",C","17.76",",,,C","10.49",",,,C"
"CA001020270","1965-09","50.5833","-126.9333","59.0","ALERT BAY, BC CA","0.6","C","0.0",",C","12",",C","4",",C","0",",C","0",",C","0",",C","0",",C","0",",C","0",",C","0",",C","0",",C","4.4",",C,27,","0",",,C,30,+","0",",,C,30,+","24.6",",,C,14,","17.2",",C,20,","464.7","C","201.6",",C","47.7",",,,C","0",",,,C","11.61",",C","14.60",",,,C","8.63",",,,C"
"CA001020270","1965-10","50.5833","-126.9333","59.0","ALERT BAY, BC CA","0.6","C","0.0",",C","21",",C","18",",C","5",",C","0",",C","0",",C","0",",C","0",",C","0",",C","0",",C","0",",C","2.8",",C,18,","0",",,C,31,+","0",",,C,31,+","47.0",",,C,04,","17.8",",C,22,","717.2","C","252.5",",C","336.6",",,,C","0",",,,C","10.19",",C","12.68",",,,C","7.70",",,,C"
"CA001020270","1965-11","50.5833","-126.9333","59.0","ALERT BAY, BC CA","0.6","C","0.0",",C","18",",C","16",",C","0",",C","0",",C","0",",C","0",",C","2",",C","0",",C","0",",C","0",",C","-1.7",",C,25,","0",",,C,30,+","13",",,C,22,","24.9",",,C,28,","12.2",",C,01,","1072.0","C","354.8",",C","184.7",",,,C","13",",,,C","6.51",",C","8.45",",,,C","4.56",",,,C"
"CA001020270","1965-12","50.5833","-126.9333","59.0","ALERT BAY, BC CA","0.6","C","0.0",",C","23",",C","16",",C","4",",C","9",",C","4",",C","0",",C","14",",C","3",",C","0",",C","0",",C","-3.9",",C,31,+","230",",,C,31,","147",",,C,22,","37.1",",,C,03,","10.6",",C,02,","1545.1","C","473.1",",C","262.0",",,,C","324",",,,C","3.07",",C","4.97",",,,C","1.17",",,,C"
"CA001020270","1966-01","50.5833","-126.9333","59.0","ALERT BAY, BC CA","0.0","C","0.0",",C","24",",C","18",",C","4",",C","9",",C","2",",C","0",",C","8",",C","2",",C","0",",C","0",",C","-4.4",",C,04,","360",",,C,02,","203",",,C,05,","66.8",",,C,07,","9.4",",C,29,","2010.1","C","465.0",",C","297.3",",,,C","424",",,,C","3.33",",C","4.98",",,,C","1.68",",,,C"
"CA001020270","1966-02","50.5833","-126.9333","59.0","ALERT BAY, BC CA","0.0","C","0.0",",C","23",",C","17",",C","0",",C","0",",C","1",",C","0",",C","2",",C","0",",C","0",",C","0",",C","-0.6",",C,28,","0",",T,C,28,","71",",,C,28,","13.2",",,C,17,","12.2",",C,22,","2379.8","C","369.7",",C","114.2",",,,C","104",",,,C","5.13",",C","7.16",",,,C","3.10",",,,C"
"CA001020270","1966-03","50.5833","-126.9333","59.0","ALERT BAY, BC CA","0.0","C","0.0",",C","21",",C","13",",C","2",",C","1",",C","1",",C","0",",C","6",",C","0",",C","0",",C","0",",C","-1.7",",C,03,","50",",,C,01,","56",",,C,20,","34.5",",,C,29,","15.6",",C,25,","2772.2","C","392.4",",C","177.0",",,,C","82",",,,C","5.68",",C","8.45",",,,C","2.91",",,,C"
"CA001020270","1966-04","50.5833","-126.9333","59.0","ALERT BAY, BC CA","0.0","C","0.0","2,C","12",",C","7",",C","0",",C","0",",C","1",",C","0","2,C","2","2,C","0",",C","0",",C","0",",C","0.0","2,C,11,+","0",",T,C,11,","30",",,C,10,","15.7",",,C,01,","18.3",",C,04,","3075.2","C","303.0",",C","55.7",",,,C","33",",,,C","7.51","2,C","10.94",",,,C","4.07","2,,,C"
"CA001020270","1966-05","50.5833","-126.9333","59.0","ALERT BAY, BC CA","0.0","C","0.0",",C","17",",C","7",",C","0",",C","0",",C","0",",C","0",",C","0",",C","0",",C","1",",C","0",",C","2.2",",C,17,","0",",,C,31,+","0",",,C,31,+","19.1",",,C,26,","24.4",",C,05,","3349.5","C","274.3",",C","78.2",",,,C","0",",,,C","9.48",",C","13.19",",,,C","5.78",",,,C"
"CA001020270","1966-06","50.5833","-126.9333","59.0","ALERT BAY, BC CA","0.6","C","0.6",",C","17",",C","7",",C","0",",C","0",",C","0",",C","0",",C","0",",C","0",",C","2",",C","0",",C","5.6",",C,01,","0",",,C,30,+","0",",,C,30,+","7.1",",,C,21,","27.2",",C,15,","3533.5","C","184.0",",C","47.2",",,,C","0",",,,C","12.22",",C","15.86",",,,C","8.57",",,,C"
"CA001020270","1966-07","50.5833","-126.9333","59.0","ALERT BAY, BC CA","0.6","C","0.0",",C","10",",C","4",",C","0",",C","0",",C","0",",C","0",",C","0",",C","0",",C","3",",C","0",",C","7.2",",C,22,","0",",,C,31,+","0",",,C,31,+","24.4",",,C,18,","21.1",",C,31,+","142.2","C","142.2",",C","47.1",",,,C","0",",,,C","13.75",",C","17.35",",,,C","10.14",",,,C"
"CA001020270","1966-08","50.5833","-126.9333","59.0","ALERT BAY, BC CA","0.6","C","0.0",",C","12",",C","7",",C","0",",C","0",",C","0",",C","0",",C","0",",C","0",",C","2",",C","0",",C","7.2",",C,29,","0",",,C,31,+","0",",,C,31,+","14.0",",,C,26,","21.1",",C,19,+","270.0","C","127.8",",C","66.1",",,,C","0",",,,C","14.21",",C","17.86",",,,C","10.55",",,,C"
"CA001020270","1966-09","50.5833","-126.9333","59.0","ALERT BAY, BC CA","0.6","C","0.0",",C","13",",C","5",",C","0",",C","0",",C","0",",C","0",",C","0",",C","0",",C","2",",C","0",",C","5.0",",C,07,","0",",,C,30,+","0",",,C,30,+","25.1",",,C,09,","22.8",",C,04,","426.4","C","156.4",",C","55.5",",,,C","0",",,,C","13.12",",C","16.38",",,,C","9.86",",,,C"
"CA001020270","1966-10","50.5833","-126.9333","59.0","ALERT BAY, BC CA","0.6","C","0.0",",C","22",",C","17",",C","3",",C","0",",C","0",",C","0",",C","0",",C","0",",C","0",",C","0",",C","0.6",",C,27,","0",",,C,31,+","0",",,C,31,+","52.3",",,C,18,","20.0",",C,04,","716.0","C","289.6",",C","239.0",",,,C","0",",,,C","8.99",",C","11.81",",,,C","6.17",",,,C"
"CA001020270","1966-11","50.5833","-126.9333","59.0","ALERT BAY, BC CA","0.6","C","0.0",",C","24",",C","19",",C","2",",C","0",",C","0",",C","0",",C","4",",C","0",",C","0",",C","0",",C","-0.6",",C,28,","0",",,C,30,+","0",",,C,30,+","40.9",",,C,24,","11.7",",C,19,+","1085.6","C","369.6",",C","197.3",",,,C","0",",,,C","6.01",",C","8.00",",,,C","4.02",",,,C"
"CA001020270","1966-12","50.5833","-126.9333","59.0","ALERT BAY, BC CA","0.6","C","0.0",",C","27",",C","17",",C","2",",C","0",",C","0",",C","0",",C","4",",C","0",",C","0",",C","0",",C","-1.1",",C,08,+","0",",T,C,08,+","0",",T,C,09,+","36.1",",,C,15,","11.1",",C,13,","1490.6","C","405.0",",C","255.5",",,,C","0",",T,,C","5.27",",C","6.91",",,,C","3.63",",,,C"
"CA001020270","1967-01","50.5833","-126.9333","59.0","ALERT BAY, BC CA","0.0","C","0.0",",C","26",",C","19",",C","1",",C","2",",C","2",",C","0",",C","4",",C","0",",C","0",",C","0",",C","0.0",",C,31,+","50",",,C,06,","165",",,C,06,","31.5",",,C,19,","8.9",",C,28,+","1946.0","C","455.4",",C","268.1",",,,C","275",",,,C","3.64",",C","5.22",",,,C","2.06",",,,C"
"CA001020270","1967-02","50.5833","-126.9333","59.0","ALERT BAY, BC CA","0.0","C","0.0",",C","24",",C","17",",C","1",",C","0",",C","0",",C","0",",C","1",",C","0",",C","0",",C","0",",C","-1.1",",C,14,","0",",,C,28,+","5",",,C,14,","29.5",",,C,27,","8.9",",C,10,+","2317.8","C","371.8",",C","168.2",",,,C","5",",,,C","5.06",",C","7.05",",,,C","3.06",",,,C"
"CA001020270","1967-03","50.5833","-126.9333","59.0","ALERT BAY, BC CA","0.0","C","0.0",",C","19",",C","12",",C","1",",C","0",",C","0",",C","0",",C","5",",C","0",",C","0",",C","0",",C","-1.1",",C,13,+","0",",T,C,28,","15",",,C,27,","28.7",",,C,16,","11.1",",C,31,","2749.1","C","431.3",",C","137.9",",,,C","23",",,,C","4.42",",C","7.31",",,,C","1.53",",,,C"
"CA001020270","1967-04","50.5833","-126.9333","59.0","ALERT BAY, BC CA","0.0","C","0.0",",C","10",",C","5",",C","0",",C","0",",C","0",",C","0",",C","1",",C","0",",C","0",",C","0",",C","-1.1",",C,01,","0",",,C,30,+","15",",,C,13,","10.4",",,C,12,","16.7",",C,30,","3091.3","C","342.2",",C","28.5",",,,C","15",",,,C","6.93",",C","11.33",",,,C","2.52",",,,C"
"CA001020270","1967-05","50.5833","-126.9333","59.0","ALERT BAY, BC CA","0.0","C","0.0",",C","15",",C","7",",C","1",",C","0",",C","0",",C","0",",C","0",",C","0",",C","2",",C","0",",C","2.8",",C,10,+","0",",,C,31,+","0",",,C,31,+","41.9",",,C,07,","22.2",",C,20,","3332.1","C","240.8",",C","110.9",",,,C","0",",,,C","10.57",",C","14.29",",,,C","6.85",",,,C"
"CA001020270","1967-06","50.5833","-126.9333","59.0","ALERT BAY, BC CA","0.0","C","0.0",",C","8",",C","3",",C","0",",C","0",",C","0",",C","0",",C","0",",C","0",",C","2",",C","0",",C","6.7",",C,03,","0",",,C,30,+","0",",,C,30,+","12.2",",,C,26,","22.8",",C,04,","3482.2","C","150.1",",C","21.7",",,,C","0",",,,C","13.33",",C","17.28",",,,C","9.38",",,,C"
"CA001020270","1967-07","50.5833","-126.9333","59.0","ALERT BAY, BC CA","0.0","C","0.0",",C","9",",C","5",",C","0",",C","0",",C","0",",C","0",",C","0",",C","0",",C","5",",C","0",",C","7.8",",C,01,","0",",,C,31,+","0",",,C,31,+","23.4",",,C,07,","23.3",",C,10,","116.6","C","116.6",",C","48.3",",,,C","0",",,,C","14.57",",C","18.47",",,,C","10.67",",,,C"
"CA001020270","1967-08","50.5833","-126.9333","59.0","ALERT BAY, BC CA","2.8","C","2.8",",C","6",",C","2",",C","1",",C","0",",C","0",",C","0",",C","0",",C","0",",C","18",",C","0",",C","6.1",",C,02,","0",",,C,31,+","0",",,C,31,+","49.3",",,C,20,","28.3",",C,28,","188.6","C","72.0",",C","59.2",",,,C","0",",,,C","16.10",",C","20.93",",,,C","11.28",",,,C"
"CA001020270","1967-09","50.5833","-126.9333","59.0","ALERT BAY, BC CA","3.9","C","1.1",",C","17",",C","14",",C","2",",C","0",",C","0",",C","0",",C","0",",C","0",",C","4",",C","0",",C","6.7",",C,22,","0",",,C,30,+","0",",,C,30,+","37.3",",,C,01,","26.7",",C,15,","314.3","C","125.7",",C","175.7",",,,C","0",",,,C","14.18",",C","17.89",",,,C","10.47",",,,C"
"CA001020270","1967-10","50.5833","-126.9333","59.0","ALERT BAY, BC CA","3.9","C","0.0",",C","26",",C","24",",C","5",",C","0",",C","0",",C","0",",C","0",",C","0",",C","0",",C","0",",C","4.4",",C,26,+","0",",,C,31,+","0",",,C,31,+","37.1",",,C,30,","15.0",",C,10,+","581.3","C","267.0",",C","347.4",",,,C","0",",,,C","9.72",",C","11.89",",,,C","7.55",",,,C"
"CA001020270","1967-11","50.5833","-126.9333","59.0","ALERT BAY, BC CA","3.9","C","0.0",",C","22",",C","16",",C","0",",C","0",",C","0",",C","0",",C","1",",C","0",",C","0",",C","0",",C","0.0",",C,29,","0",",,C,30,+","10",",,C,24,","15.7",",,C,14,","12.2",",C,14,+","936.5","C","355.2",",C","137.7",",,,C","10",",,,C","6.49",",C","8.41",",,,C","4.58",",,,C"
"CA001020270","1967-12","50.5833","-126.9333","59.0","ALERT BAY, BC CA","3.9","C","0.0",",C","25",",C","18",",C","6",",C","1",",C","1",",C","0",",C","7",",C","2",",C","0",",C","0",",C","-5.0",",C,20,","130",",,C,22,","241",",,C,21,","48.0",",,C,22,","9.4",",C,27,+","1388.6","C","452.1",",C","349.1",",,,C","249",",,,C","3.75",",C","5.59",",,,C","1.91",",,,C"
"CA001020270","1968-01","50.5833","-126.9333","59.0","ALERT BAY, BC CA","0.0","C","0.0",",C","23",",C","18",",C","5",",C","7",",C","5",",C","0",",C","13",",C","3",",C","0",",C","0",",C","-4.4",",C,27,","280",",,C,11,","178",",,C,09,","58.7",",,C,18,","13.9",",C,20,","1860.2","C","471.6",",C","394.8",",,,C","652",",,,C","3.12",",C","5.03",",,,C","1.21",",,,C"
"CA001020270","1968-02","50.5833","-126.9333","59.0","ALERT BAY, BC CA","0.0","C","0.0",",C","11",",C","7",",C","1",",C","1",",C","0",",C","0",",C","7",",C","0",",C","0",",C","0",",C","-1.1",",C,16,","100",",,C,01,","15",",,C,01,","32.5",",,C,02,","16.7",",C,28,+","2206.0","C","345.8",",C","102.6",",,,C","15",",,,C","6.41",",C","9.87",",,,C","2.95",",,,C"
"CA001020270","1968-03","50.5833","-126.9333","59.0","ALERT BAY, BC CA","0.0","C","0.0",",C","23",",C","15",",C","1",",C","0",",C","0",",C","0",",C","1",",C","0",",C","0",",C","0",",C","0.0",",C,31,","0",",,C,31,+","0",",T,C,29,","29.5",",,C,22,","15.6",",C,21,","2562.4","C","356.4",",C","147.8",",,,C","0",",T,,C","6.84",",C","9.57",",,,C","4.10",",,,C"
"CA001020270","1968-04","50.5833","-126.9333","59.0","ALERT BAY, BC CA","0.0","C","0.0",",C","21",",C","10",",C","0",",C","0",",C","0",",C","0",",C","0",",C","0",",C","0",",C","0",",C","0.6",",C,12,+","0",",,C,30,+","13",",,C,11,","19.3",",,C,18,","15.6",",C,28,","2912.2","C","349.8",",C","91.6",",,,C","18",",,,C","6.67",",C","9.82",",,,C","3.52",",,,C"
"CA001020270","1968-05","50.5833","-126.9333","59.0","ALERT BAY, BC CA","0.0","C","0.0",",C","16",",C","8",",C","0",",C","0",",C","0",",C","0",",C","0",",C","0",",C","3",",C","0",",C","2.8",",C,08,+","0",",,C,31,+","0",",,C,31,+","10.9",",,C,20,","23.3",",C,17,","3146.9","C","234.7",",C","58.8",",,,C","0",",,,C","10.76",",C","15.42",",,,C","6.11",",,,C"
"CA001020270","1968-06","50.5833","-126.9333","59.0","ALERT BAY, BC CA","0.0","C","0.0",",C","17",",C","9",",C","0",",C","0",",C","0",",C","0",",C","0",",C","0",",C","0",",C","0",",C","5.6",",C,05,","0",",,C,30,+","0",",,C,30,+","15.0",",,C,27,","19.4",",C,23,+","3329.5","C","182.6",",C","80.8",",,,C","0",",,,C","12.25",",C","16.01",",,,C","8.48",",,,C"
"CA001020270","1968-07","50.5833","-126.9333","59.0","ALERT BAY, BC CA","1.1","C","1.1",",C","7",",C","5",",C","0",",C","0",",C","0",",C","0",",C","0",",C","0",",C","5",",C","0",",C","8.3",",C,06,","0",",,C,31,+","0",",,C,31,+","12.4",",,C,11,","28.9",",C,02,","104.6","C","104.6",",C","39.5",",,,C","0",",,,C","14.99",",C","19.08",",,,C","10.91",",,,C"
"CA001020270","1968-08","50.5833","-126.9333","59.0","ALERT BAY, BC CA","1.1","C","0.0",",C","14",",C","9",",C","0",",C","0",",C","0",",C","0",",C","0",",C","0",",C","3",",C","0",",C","7.2",",C,31,","0",",,C,31,+","0",",,C,31,+","10.4",",,C,13,","26.7",",C,09,","231.2","C","126.6",",C","61.6",",,,C","0",",,,C","14.25",",C","18.05",",,,C","10.45",",,,C"
"CA001020270","1968-09","50.5833","-126.9333","59.0","ALERT BAY, BC CA","1.1","C","0.0",",C","17",",C","11",",C","3",",C","0",",C","0",",C","0",",C","0",",C","0",",C","0",",C","0",",C","4.4",",C,19,","0",",,C,30,+","0",",,C,30,+","39.1",",,C,16,","19.4",",C,03,","413.5","C","182.3",",C","160.3",",,,C","0",",,,C","12.26",",C","15.20",",,,C","9.31",",,,C"
"CA001020270","1968-10","50.5833","-126.9333","59.0","ALERT BAY, BC CA","1.1","C","0.0",",C","28",",C","23",",C","6",",C","0",",C","0",",C","0",",C","0",",C","0",",C","0",",C","0",",C","2.8",",C,31,","0",",,C,31,+","0",",,C,31,+","79.2",",,C,27,","15.0",",C,03,+","710.5","C","297.0",",C","448.5",",,,C","0",",,,C","8.75",",C","11.29",",,,C","6.21",",,,C"
"CA001020270","1968-11","50.5833","-126.9333","59.0","ALERT BAY, BC CA","1.1","C","0.0",",C","26",",C","19",",C","4",",C","1",",C","1",",C","0",",C","1",",C","0",",C","0",",C","0",",C","0.0",",C,15,","80",",,C,29,","89",",,C,28,","53.1",",,C,19,","11.1",",C,08,","1076.2","C","365.7",",C","312.0",",,,C","89",",,,C","6.14",",C","8.04",",,,C","4.24",",,,C"
"CA001020270","1968-12","50.5833","-126.9333","59.0","ALERT BAY, BC CA","1.1","C","0.0",",C","24",",C","16",",C","0",",C","6",",C","6",",C","0",",C","14",",C","5",",C","0",",C","0",",C","-13.3",",C,28,","100",",,C,31,","140",",,C,31,","22.9",",,C,03,","8.3",",C,05,","1622.1","C","545.9",",C","179.5",",,,C","549",",,,C","0.72",",C","2.86",",,,C","-1.41",",,,C"
"CA001020270","1969-01","50.5833","-126.9333","59.0","ALERT BAY, BC CA","0.0","C","0.0",",C","22",",C","16",",C","0",",C","27",",C","12",",C","0",",C","27",",C","17",",C","0",",C","0",",C","-11.1",",C,28,","380",",,C,19,","168",",,C,14,","15.0",",,C,31,","7.2",",C,04,","2244.6","C","622.5",",C","122.8",",,,C","988",",,,C","-1.75",",C","0.14",",,,C","-3.64",",,,C"
"CA001020270","1969-02","50.5833","-126.9333","59.0","ALERT BAY, BC CA","0.0","C","0.0",",C","10",",C","8",",C","2",",C","12",",C","4",",C","0",",C","9",",C","0",",C","0",",C","0",",C","-2.8",",C,06,","360",",,C,01,","79",",,C,07,","28.7",",,C,08,","10.6",",C,17,","2655.1","C","410.5",",C","119.8",",,,C","207",",,,C","3.67",",C","6.37",",,,C","0.98",",,,C"
"CA001020270","1969-03","50.5833","-126.9333","59.0","ALERT BAY, BC CA","0.0","C","0.0",",C","12",",C","5",",C","0",",C","0",",C","0",",C","0",",C","9",",C","0",",C","0",",C","0",",C","-1.7",",C,09,+","0",",,C,31,+","0",",T,C,22,","13.5",",,C,15,","15.6",",C,26,","3034.8","C","379.7",",C","54.4",",,,C","0",",T,,C","6.08",",C","9.96",",,,C","2.20",",,,C"
"CA001020270","1969-04","50.5833","-126.9333","59.0","ALERT BAY, BC CA","0.0","C","0.0",",C","20",",C","14",",C","2",",C","0",",C","0",",C","0",",C","0",",C","0",",C","0",",C","0",",C","0.6",",C,22,+","0",",,C,30,+","0",",,C,30,+","34.5",",,C,04,","13.9",",C,08,","3369.2","C","334.4",",C","169.5",",,,C","0",",,,C","7.19",",C","10.15",",,,C","4.22",",,,C"
"CA001020270","1969-05","50.5833","-126.9333","59.0","ALERT BAY, BC CA","0.9","C","0.9",",C","9",",C","5",",C","0",",C","0",",C","0",",C","0",",C","0",",C","0",",C","7",",C","0",",C","2.2",",C,06,+","0",",,C,31,+","0",",,C,31,+","8.9",",,C,27,","27.8",",C,23,","3582.6","C","213.4",",C","27.5",",,,C","0",",,,C","11.48",",C","16.43",",,,C","6.53",",,,C"
"CA001020270","1969-06","50.5833","-126.9333","59.0","ALERT BAY, BC CA","0.9","C","0.0",",C","7",",C","2",",C","0",",C","0",",C","0",",C","0",",C","0",",C","0",",C","4",",C","0",",C","6.7",",C,06,","0",",,C,30,+","0",",,C,30,+","15.2",",,C,23,","22.2",",C,10,+","3708.4","C","125.8",",C","26.5",",,,C","0",",,,C","14.14",",C","18.19",",,,C","10.09",",,,C"
"CA001020270","1969-07","50.5833","-126.9333","59.0","ALERT BAY, BC CA","0.9","C","0.0",",C","7",",C","6",",C","0",",C","0",",C","0",",C","0",",C","0",",C","0",",C","1",",C","0",",C","8.3",",C,16,+","0",",,C,31,+","0",",,C,31,+","23.9",",,C,11,","21.7",",C,09,","135.6","C","135.6",",C","51.8",",,,C","0",",,,C","13.96",",C","17.63",",,,C","10.29",",,,C"
"CA001020270","1969-08","50.5833","-126.9333","59.0","ALERT BAY, BC CA","0.9","C","0.0",",C","22",",C","14",",C","0",",C","0",",C","0",",C","0",",C","0",",C","0",",C","0",",C","0",",C","6.7",",C,24,+","0",",,C,31,+","0",",,C,31,+","16.0",",,C,05,","20.6",",C,09,","302.4","C","166.8",",C","119.7",",,,C","0",",,,C","12.95",",C","16.02",",,,C","9.88",",,,C"
"CA001020270","1969-09","50.5833","-126.9333","59.0","ALERT BAY, BC CA","0.9","C","0.0",",C","19",",C","13",",C","2",",C","0",",C","0",",C","0",",C","0",",C","0",",C","0",",C","0",",C","6.1",",C,28,+","0",",,C,30,+","0",",,C,30,+","36.1",",,C,12,","20.6",",C,01,","476.8","C","174.4",",C","157.4",",,,C","0",",,,C","12.52",",C","15.49",",,,C","9.55",",,,C"
"CA001020270","1969-10","50.5833","-126.9333","59.0","ALERT BAY, BC CA","0.9","C","0.0",",C","14",",C","11",",C","2",",C","0",",C","0",",C","0",",C","0",",C","0",",C","0",",C","0",",C","2.8",",C,17,+","0",",,C,31,+","0",",,C,31,+","37.1",",,C,19,","16.7",",C,06,","750.7","C","273.9",",C","162.7",",,,C","0",",,,C","9.50",",C","12.50",",,,C","6.50",",,,C"
"CA001020270","1969-11","50.5833","-126.9333","59.0","ALERT BAY, BC CA","0.9","C","0.0",",C","20",",C","17",",C","3",",C","0",",C","0",",C","0",",C","0",",C","0",",C","0",",C","0",",C","1.7",",C,16,","0",",,C,30,+","0",",,C,30,+","57.2",",,C,19,","12.8",",C,02,+","1084.5","C","333.8",",C","258.8",",,,C","0",",,,C","7.21",",C","9.00",",,,C","5.41",",,,C"
"CA001020270","1969-12","50.5833","-126.9333","59.0","ALERT BAY, BC CA","0.9","C","0.0",",C","27",",C","12",",C","2",",C","0",",C","0",",C","0",",C","0",",C","0",",C","0",",C","0",",C","1.1",",C,15,","0",",,C,31,+","0",",,C,31,+","40.9",",,C,22,","12.2",",C,02,","1476.1","C","391.6",",C","208.1",",,,C","0",",,,C","5.70",",C","7.47",",,,C","3.93",",,,C"
"CA001020270","1970-01","50.5833","-126.9333","59.0","ALERT BAY, BC CA","0.0","C","0.0",",C","25",",C","17",",C","0",",C","1",",C","3",",C","0",",C","7",",C","0",",C","0",",C","0",",C","-2.2",",C,17,+","30",",,C,11,","46",",,C,04,","19.1",",,C,31,","9.4",",C,23,","1926.1","C","450.0",",C","117.8",",,,C","135",",,,C","3.82",",C","5.69",",,,C","1.94",",,,C"
"CA001020270","1970-02","50.5833","-126.9333","59.0","ALERT BAY, BC CA","0.0","C","0.0",",C","13",",C","7",",C","1",",C","0",",C","0",",C","0",",C","1",",C","0",",C","0",",C","0",",C","0.0",",C,28,","0",",,C,28,+","3",",,C,03,","26.4",",,C,02,","14.4",",C,24,","2245.7","C","319.6",",C","70.9",",,,C","3",",,,C","6.92",",C","9.94",",,,C","3.90",",,,C"
"CA001020270","1970-03","50.5833","-126.9333","59.0","ALERT BAY, BC CA","0.0","C","0.0",",C","17",",C","11",",C","0",",C","0",",C","0",",C","0",",C","3",",C","0",",C","0",",C","0",",C","-1.7",",C,01,","0",",,C,31,+","0",",T,C,16,","20.6",",,C,12,","13.9",",C,30,","2606.6","C","360.9",",C","112.7",",,,C","0",",T,,C","6.69",",C","10.16",",,,C","3.22",",,,C"
"CA001020270","1970-04","50.5833","-126.9333","59.0","ALERT BAY, BC CA","0.0","C","0.0",",C","19",",C","14",",C","2",",C","0",",C","0",",C","0",",C","1",",C","0",",C","0",",C","0",",C","0.0",",C,26,","0",",,C,30,+","0",",T,C,25,+","33.3",",,C,05,","15.6",",C,15,","2948.4","C","341.8",",C","141.6",",,,C","0",",T,,C","6.94",",C","10.56",",,,C","3.32",",,,C"
"CA001020270","1970-05","50.5833","-126.9333","59.0","ALERT BAY, BC CA","0.0","C","0.0",",C","17",",C","8",",C","0",",C","0",",C","0",",C","0",",C","0",",C","0",",C","1",",C","0",",C","2.8",",C,06,","0",",,C,31,+","0",",T,C,09,","13.0",",,C,16,","23.3",",C,31,","3205.3","C","256.9",",C","78.8",",,,C","0",",T,,C","10.05",",C","13.95",",,,C","6.14",",,,C"
"CA001020270","1970-06","50.5833","-126.9333","59.0","ALERT BAY, BC CA","2.7","C","2.7",",C","7",",C","3",",C","0",",C","0",",C","0",",C","0",",C","0",",C","0",",C","2",",C","0",",C","5.6",",C,05,","0",",,C,30,+","0",",,C,30,+","10.7",",,C,09,","29.4",",C,02,","3380.8","C","175.5",",C","24.2",",,,C","0",",,,C","12.58",",C","16.59",",,,C","8.56",",,,C"
"CA001020270","1970-07","50.5833","-126.9333","59.0","ALERT BAY, BC CA","2.7","C","0.0",",C","7",",C","3",",C","0",",C","0",",C","0",",C","0",",C","0",",C","0",",C","4",",C","0",",C","7.8",",C,13,","0",",,C,31,+","0",",,C,31,+","14.7",",,C,28,","24.4",",C,03,","143.3","C","143.3",",C","31.9",",,,C","0",",,,C","13.71",",C","17.34",",,,C","10.08",",,,C"
"CA001020270","1970-08","50.5833","-126.9333","59.0","ALERT BAY, BC CA","2.7","C","0.0",",C","16",",C","4",",C","0",",C","0",",C","0",",C","0",",C","0",",C","0",",C","1",",C","0",",C","7.2",",C,29,","0",",,C,31,+","0",",,C,31,+","17.5",",,C,07,","22.8",",C,10,","290.0","C","146.7",",C","43.0",",,,C","0",",,,C","13.60",",C","17.16",",,,C","10.04",",,,C"
"CA001020270","1970-09","50.5833","-126.9333","59.0","ALERT BAY, BC CA","2.7","C","0.0",",C","16",",C","11",",C","1",",C","0",",C","0",",C","0",",C","0",",C","0",",C","3",",C","0",",C","3.9",",C,13,+","0",",,C,30,+","0",",,C,30,+","27.9",",,C,21,","23.3",",C,28,","490.4","C","200.4",",C","139.1",",,,C","0",",,,C","11.65",",C","15.30",",,,C","8.01",",,,C"
"CA001020270","1970-10","50.5833","-126.9333","59.0","ALERT BAY, BC CA","2.7","C","0.0",",C","13",",C","10",",C","2",",C","0",",C","0",",C","0",",C","0",",C","0",",C","0",",C","0",",C","0.6",",C,26,","0",",,C,31,+","0",",,C,31,+","45.7",",,C,08,","14.4",",C,31,+","788.7","C","298.3",",C","158.2",",,,C","0",",,,C","8.71",",C","11.34",",,,C","6.09",",,,C"
"CA001020270","1970-11","50.5833","-126.9333","59.0","ALERT BAY, BC CA","2.7","C","0.0",",C","19",",C","11",",C","1",",C","7",",C","4",",C","0",",C","11",",C","1",",C","0",",C","0",",C","-5.6",",C,21,","80",",,C,23,","142",",,C,23,","41.4",",,C,23,","17.2",",C,02,","1167.5","C","378.8",",C","120.9",",,,C","343",",,,C","5.71",",C","8.00",",,,C","3.41",",,,C"
"CA001020270","1970-12","50.5833","-126.9333","59.0","ALERT BAY, BC CA","2.7","C","0.0",",C","26",",C","18",",C","2",",C","11",",C","6",",C","0",",C","9",",C","2",",C","0",",C","0",",C","-5.6",",C,04,","250",",,C,05,","185",",,C,03,","50.5",",,C,10,","7.2",",C,06,","1661.4","C","493.9",",C","223.2",",,,C","602",",,,C","2.40",",C","4.32",",,,C","0.48",",,,C"
"CA001020270","1971-01","50.5833","-126.9333","59.0","ALERT BAY, BC CA","0.0","C","0.0",",C","25",",C","22",",C","4",",C","11",",C","6",",C","0",",C","14",",C","4",",C","0",",C","0",",C","-10.0",",C,11,","150",",,C,22,","206",",,C,22,","62.7",",,C,30,","9.4",",C,15,","2161.7","C","500.3",",C","428.1",",,,C","629",",,,C","2.20",",C","3.99",",,,C","0.40",",,,C"
"CA001020270","1971-02","50.5833","-126.9333","59.0","ALERT BAY, BC CA","0.0","C","0.0",",C","17",",C","11",",C","0",",C","8","2,C","3","1,C","0",",C","11",",C","0",",C","0",",C","0",",C","-3.3",",C,28,","200","2,,C,28,+","137","1,,C,26,","19.3",",,C,03,","10.6",",C,10,","2565.2","C","403.5",",C","128.6",",,,C","330","1,,,C","3.92",",C","6.21",",,,C","1.64",",,,C"
"CA001020270","1971-03","50.5833","-126.9333","59.0","ALERT BAY, BC CA","0.0","C","0.0",",C","21",",C","12",",C","1",",C","9",",C","4",",C","0",",C","12",",C","0",",C","0",",C","0",",C","-3.9",",C,01,","410",",,C,04,+","376",",,C,02,","66.0",",,C,02,","11.7",",C,30,","3019.6","C","454.4",",C","194.1",",,,C","550",",,,C","3.67",",C","6.72",",,,C","0.63",",,,C"
"CA001020270","1971-04","50.5833","-126.9333","59.0","ALERT BAY, BC CA","0.0","C","0.0",",C","14",",C","8",",C","1",",C","0",",C","0",",C","0",",C","2",",C","0",",C","0",",C","0",",C","-0.6",",C,21,","0",",,C,30,+","5",",,C,15,","29.5",",,C,08,","19.4",",C,13,","3364.5","C","344.9",",C","75.0",",,,C","5",",,,C","6.84",",C","10.73",",,,C","2.94",",,,C"
"CA001020270","1971-05","50.5833","-126.9333","59.0","ALERT BAY, BC CA","0.0","C","0.0",",C","12",",C","7",",C","0",",C","0",",C","0",",C","0",",C","0",",C","0",",C","3",",C","0",",C","0.6",",C,09,","0",",,C,31,+","0",",,C,31,+","14.5",",,C,18,","24.4",",C,12,+","3645.1","C","280.6",",C","50.3",",,,C","0",",,,C","9.28",",C","13.67",",,,C","4.89",",,,C"
"CA001020270","1971-06","50.5833","-126.9333","59.0","ALERT BAY, BC CA","0.0","C","0.0",",C","16",",C","11",",C","0",",C","0",",C","0",",C","0",",C","0",",C","0",",C","0",",C","0",",C","5.0",",C,24,","0",",,C,30,+","0",",,C,30,+","24.6",",,C,22,","18.3",",C,20,+","3855.3","C","210.2",",C","119.7",",,,C","0",",,,C","11.33",",C","15.06",",,,C","7.59",",,,C"
"CA001020270","1971-07","50.5833","-126.9333","59.0","ALERT BAY, BC CA","2.0","C","2.0",",C","7",",C","4",",C","0",",C","0",",C","0",",C","0",",C","0",",C","0",",C","6",",C","0",",C","6.7",",C,01,","0",",,C,31,+","0",",,C,31,+","10.2",",,C,10,","27.8",",C,27,","128.5","C","128.5",",C","40.5",",,,C","0",",,,C","14.25",",C","18.85",",,,C","9.65",",,,C"
"CA001020270","1971-08","50.5833","-126.9333","59.0","ALERT BAY, BC CA","2.0","C","0.0",",C","14",",C","7",",C","1",",C","0",",C","0",",C","0",",C","0",",C","0",",C","8",",C","0",",C","8.3",",C,28,+","0",",,C,31,+","0",",,C,31,+","27.9",",,C,20,","26.7",",C,09,","227.5","C","99.0",",C","82.2",",,,C","0",",,,C","15.14",",C","19.26",",,,C","11.02",",,,C"
"CA001020270","1971-09","50.5833","-126.9333","59.0","ALERT BAY, BC CA","2.0","C","0.0",",C","14",",C","10",",C","2",",C","0",",C","0",",C","0",",C","0",",C","0",",C","0",",C","0",",C","3.3",",C,30,","0",",,C,30,+","0",",,C,30,+","31.5",",,C,04,","20.0",",C,17,","439.8","C","212.3",",C","132.2",",,,C","0",",,,C","11.26",",C","15.20",",,,C","7.31",",,,C"
"CA001020270","1971-10","50.5833","-126.9333","59.0","ALERT BAY, BC CA","2.0","C","0.0",",C","24",",C","17",",C","3",",C","0",",C","0",",C","0",",C","2",",C","0",",C","0",",C","0",",C","-3.9",",C,28,","0",",,C,31,+","18",",,C,26,","35.6",",,C,12,","20.6",",C,05,","770.4","C","330.6",",C","243.0",",,,C","18",",,,C","7.67",",C","10.43",",,,C","4.91",",,,C"
"CA001020270","1971-11","50.5833","-126.9333","59.0","ALERT BAY, BC CA","2.0","C","0.0",",C","27",",C","19",",C","5",",C","0",",C","0",",C","0",",C","1",",C","0",",C","0",",C","0",",C","-1.1",",C,05,","0",",,C,30,+","0",",T,C,04,","83.8",",,C,08,","10.6",",C,21,+","1162.3","C","391.9",",C","383.8",",,,C","0",",T,,C","5.27",",C","7.25",",,,C","3.29",",,,C"
"CA001020270","1971-12","50.5833","-126.9333","59.0","ALERT BAY, BC CA","2.0","C","0.0",",C","26",",C","17",",C","3",",C","26",",C","11",",C","0",",C","21",",C","5",",C","0",",C","0",",C","-5.6",",C,27,+","300",",,C,14,","218",",,C,08,","44.2",",,C,08,","7.2",",C,01,","1702.3","C","540.0",",C","220.6",",,,C","1140",",,,C","0.91",",C","2.61",",,,C","-0.78",",,,C"
"CA001020270","1972-01","50.5833","-126.9333","59.0","ALERT BAY, BC CA","0.0","C","0.0",",C","22",",C","18",",C","1",",C","31",",C","12",",C","0",",C","26",",C","6",",C","0",",C","0",",C","-8.3",",C,27,+","460",",,C,14,","340",",,C,13,","29.2",",,C,13,","6.7",",C,08,","2275.0","C","572.7",",C","178.6",",,,C","1205",",,,C","-0.14",",C","1.85",",,,C","-2.13",",,,C"
"CA001020270","1972-02","50.5833","-126.9333","59.0","ALERT BAY, BC CA","0.0","C","0.0",",C","21",",C","14",",C","0",",C","12",",C","6",",C","0",",C","10",",C","0",",C","0",",C","0",",C","-5.0",",C,01,","180",",,C,01,","89",",,C,27,","23.1",",,C,27,","8.3",",C,19,+","2724.4","C","449.4",",C","133.4",",,,C","320",",,,C","2.84",",C","5.02",",,,C","0.66",",,,C"
"CA001020270","1972-03","50.5833","-126.9333","59.0","ALERT BAY, BC CA","0.0","C","0.0",",C","27",",C","18",",C","1",",C","3",",C","3",",C","0",",C","10",",C","0",",C","0",",C","0",",C","-0.6",",C,29,+","280",",,C,24,","221",",,C,24,","31.2",",,C,23,","15.0",",C,16,","3119.6","C","395.2",",C","158.2",",,,C","423",",,,C","5.58",",C","8.24",",,,C","2.93",",,,C"
"CA001020270","1972-04","50.5833","-126.9333","59.0","ALERT BAY, BC CA","0.0","C","0.0",",C","21",",C","14",",C","0",",C","0",",C","3",",C","0",",C","3",",C","0",",C","0",",C","0",",C","-1.7",",C,22,","0",",,C,30,+","109",",,C,28,","23.4",",,C,05,","13.3",",C,27,+","3515.1","C","395.5",",C","124.0",",,,C","221",",,,C","5.15",",C","8.37",",,,C","1.93",",,,C"
"CA001020270","1972-05","50.5833","-126.9333","59.0","ALERT BAY, BC CA","0.3","C","0.3",",C","6",",C","3",",C","0",",C","0",",C","0",",C","0",",C","0",",C","0",",C","3",",C","0",",C","3.3",",C,25,+","0",",,C,31,+","0",",,C,31,+","7.9",",,C,01,","27.2",",C,28,","3754.3","C","239.2",",C","19.3",",,,C","0",",,,C","10.62",",C","15.34",",,,C","5.91",",,,C"
"CA001020270","1972-06","50.5833","-126.9333","59.0","ALERT BAY, BC CA","0.3","C","0.0",",C","14",",C","12",",C","0",",C","0",",C","0",",C","0",",C","0",",C","0",",C","0",",C","0",",C","3.9",",C,01,","0",",,C,30,+","0",",,C,30,+","15.0",",,C,10,","19.4",",C,13,","3963.0","C","208.7",",C","86.4",",,,C","0",",,,C","11.38",",C","15.22",",,,C","7.53",",,,C"
"CA001020270","1972-07","50.5833","-126.9333","59.0","ALERT BAY, BC CA","0.8","C","0.5",",C","8",",C","2",",C","0",",C","0",",C","0",",C","0",",C","0",",C","0",",C","5",",C","0",",C","6.1",",C,02,","0",",,C,31,+","0",",,C,31,+","15.0",",,C,08,","29.4",",C,03,","133.9","C","133.9",",C","27.3",",,,C","0",",,,C","14.03",",C","18.43",",,,C","9.63",",,,C"
"CA001020270","1972-08","50.5833","-126.9333","59.0","ALERT BAY, BC CA","0.8","C","0.0",",C","6",",C","3",",C","0",",C","0",",C","0",",C","0",",C","0",",C","0",",C","7",",C","0",",C","7.8",",C,31,","0",",,C,31,+","0",",,C,31,+","9.7",",,C,17,","23.3",",C,19,","244.2","C","110.3",",C","23.4",",,,C","0",",,,C","14.78",",C","18.87",",,,C","10.68",",,,C"
"CA001020270","1972-09","50.5833","-126.9333","59.0","ALERT BAY, BC CA","0.8","C","0.0",",C","15",",C","13",",C","1",",C","0",",C","0",",C","0",",C","0",",C","0",",C","1",",C","0",",C","1.1",",C,27,","0",",,C,30,+","0",",,C,30,+","35.6",",,C,20,","21.1",",C,03,","483.6","C","239.4",",C","124.5",",,,C","0",",,,C","10.35",",C","13.86",",,,C","6.85",",,,C"
"CA001020270","1972-10","50.5833","-126.9333","59.0","ALERT BAY, BC CA","0.8","C","0.0",",C","13",",C","8",",C","0",",C","0",",C","0",",C","0",",C","2",",C","0",",C","0",",C","0",",C","-1.1",",C,11,","0",",,C,31,+","0",",,C,31,+","19.6",",,C,20,","16.7",",C,07,","804.7","C","321.1",",C","77.8",",,,C","0",",,,C","7.98",",C","11.73",",,,C","4.22",",,,C"
"CA001020270","1972-11","50.5833","-126.9333","59.0","ALERT BAY, BC CA","0.8","C","0.0",",C","18",",C","10",",C","0",",C","0",",C","0",",C","0",",C","1",",C","0",",C","0",",C","0",",C","0.0",",C,16,","0",",,C,30,+","0",",,C,30,+","12.2",",,C,22,","14.4",",C,04,","1155.3","C","350.6",",C","78.6",",,,C","0",",,,C","6.65",",C","8.88",",,,C","4.41",",,,C"
"CA001020270","1972-12","50.5833","-126.9333","59.0","ALERT BAY, BC CA","0.8","C","0.0",",C","22",",C","18",",C","1",",C","5",",C","5",",C","0",",C","13",",C","1",",C","0",",C","0",",C","-8.3",",C,07,","50",",,C,14,","76",",,C,15,","40.4",",,C,16,","11.1",",C,01,","1641.8","C","486.5",",C","206.6",",,,C","215",",,,C","2.64",",C","4.83",",,,C","0.45",",,,C"
"CA001020270","1973-01","50.5833","-126.9333","59.0","ALERT BAY, BC CA","0.0","C","0.0",",C","20",",C","16",",C","4",",C","0",",C","3",",C","0",",C","11",",C","1",",C","0",",C","0",",C","-5.6",",C,06,","0",",T,C,11,+","28",",,C,11,","53.1",",,C,20,","7.8",",C,15,+","2123.8","C","482.0",",C","282.2",",,,C","89",",,,C","2.79",",C","4.69",",,,C","0.88",",,,C"
"CA001020270","1973-02","50.5833","-126.9333","59.0","ALERT BAY, BC CA","0.0","C","0.0",",C","10",",C","6",",C","1",",C","0",",C","0",",C","0",",C","8",",C","0",",C","0",",C","0",",C","-2.2",",C,12,","0",",T,C,11,","0",",T,C,11,","45.0",",,C,01,","13.9",",C,22,","2497.7","C","373.9",",C","87.9",",,,C","0",",T,,C","4.98",",C","7.93",",,,C","2.04",",,,C"
"CA001020270","1973-03","50.5833","-126.9333","59.0","ALERT BAY, BC CA","0.0","C","0.0",",C","21",",C","13",",C","0",",C","0",",C","0",",C","0",",C","1",",C","0",",C","0",",C","0",",C","0.0",",C,17,","0",",,C,31,+","3",",,C,18,","20.8",",,C,15,","12.2",",C,23,","2886.5","C","388.8",",C","109.9",",,,C","3",",,,C","5.79",",C","8.43",",,,C","3.15",",,,C"
"CA001020270","1973-04","50.5833","-126.9333","59.0","ALERT BAY, BC CA","0.0","C","0.0",",C","11",",C","5",",C","0",",C","0",",C","0",",C","0",",C","0",",C","0",",C","0",",C","0",",C","1.1",",C,06,","0",",,C,30,+","0",",T,C,27,","9.9",",,C,17,","18.3",",C,09,","3192.5","C","306.0",",C","35.0",",,,C","0",",T,,C","8.13",",C","11.85",",,,C","4.42",",,,C"
"CA001020270","1973-05","50.5833","-126.9333","59.0","ALERT BAY, BC CA","0.0","C","0.0",",C","11",",C","7",",C","1",",C","0",",C","0",",C","0",",C","0",",C","0",",C","3",",C","0",",C","2.8",",C,10,","0",",,C,31,+","0",",,C,31,+","26.4",",,C,23,","26.7",",C,13,","3440.7","C","248.2",",C","63.6",",,,C","0",",,,C","10.33",",C","14.48",",,,C","6.17",",,,C"
"CA001020270","1973-06","50.5833","-126.9333","59.0","ALERT BAY, BC CA","0.0","C","0.0",",C","16",",C","8",",C","0",",C","0",",C","0",",C","0",",C","0",",C","0",",C","1",",C","0",",C","4.4",",C,02,","0",",,C,30,+","0",",,C,30,+","8.1",",,C,16,+","21.7",",C,20,","3645.2","C","204.5",",C","49.6",",,,C","0",",,,C","11.52",",C","15.20",",,,C","7.83",",,,C"
"CA001020270","1973-07","50.5833","-126.9333","59.0","ALERT BAY, BC CA","0.0","C","0.0",",C","12",",C","6",",C","0",",C","0",",C","0",",C","0",",C","0",",C","0",",C","0",",C","0",",C","6.1",",C,23,","0",",,C,31,+","0",",,C,31,+","14.7",",,C,22,","20.0",",C,27,+","163.5","C","163.5",",C","54.3",",,,C","0",",,,C","13.06",",C","16.56",",,,C","9.55",",,,C"
"CA001020270","1973-08","50.5833","-126.9333","59.0","ALERT BAY, BC CA","0.0","C","0.0",",C","9",",C","3",",C","0",",C","0",",C","0",",C","0",",C","0",",C","0",",C","0",",C","0",",C","5.6",",C,19,","0",",,C,31,+","0",",,C,31,+","9.7",",,C,16,","20.6",",C,03,","333.6","C","170.1",",C","23.3",",,,C","0",",,,C","12.85",",C","16.62",",,,C","9.08",",,,C"
"CA001020270","1973-09","50.5833","-126.9333","59.0","ALERT BAY, BC CA","0.0","C","0.0",",C","13",",C","8",",C","0",",C","0",",C","0",",C","0",",C","0",",C","0",",C","7",",C","0",",C","5.0",",C,15,","0",",,C,30,+","0",",,C,30,+","14.5",",,C,28,","23.9",",C,04,","486.0","C","152.4",",C","69.4",",,,C","0",",,,C","13.25",",C","17.50",",,,C","9.01",",,,C"
"CA001020270","1973-10","50.5833","-126.9333","59.0","ALERT BAY, BC CA","0.0","C","0.0",",C","24",",C","16",",C","1",",C","0",",C","0",",C","0",",C","0",",C","0",",C","0",",C","0",",C","2.2",",C,14,+","0",",,C,31,+","0",",,C,31,+","49.8",",,C,27,","13.3",",C,08,+","803.3","C","317.3",",C","192.4",",,,C","0",",,,C","8.10",",C","10.65",",,,C","5.55",",,,C"
"CA001020270","1973-11","50.5833","-126.9333","59.0","ALERT BAY, BC CA","0.0","C","0.0",",C","17",",C","11",",C","1",",C","6",",C","3",",C","0",",C","13",",C","0",",C","0",",C","0",",C","-1.7",",C,17,+","130",",,C,04,","163",",,C,23,","30.5",",,C,19,","8.3",",C,11,","1264.1","C","460.8",",C","140.1",",,,C","475",",,,C","2.97",",C","5.23",",,,C","0.71",",,,C"
"CA001020270","1973-12","50.5833","-126.9333","59.0","ALERT BAY, BC CA","0.0","C","0.0",",C","23",",C","14",",C","1",",C","0",",C","1",",C","0",",C","7",",C","0",",C","0",",C","0",",C","-1.7",",C,31,","0",",,C,31,+","25",",,C,12,","85.1",",,C,15,","8.9",",C,20,+","1697.3","C","433.2",",C","254.3",",,,C","40",",,,C","4.36",",C","6.41",",,,C","2.31",",,,C"
"CA001020270","1974-01","50.5833","-126.9333","59.0","ALERT BAY, BC CA","0.0","C","0.0",",C","20",",C","19",",C","3",",C","3",",C","4",",C","0",",C","21",",C","0",",C","0",",C","0",",C","-5.0",",C,05,","80",",,C,13,","91",",,C,12,","55.4",",,C,23,","10.6",",C,15,","2207.6","C","510.3",",C","288.5",",,,C","305",",,,C","1.87",",C","4.53",",,,C","-0.78",",,,C"
"CA001020270","1974-02","50.5833","-126.9333","59.0","ALERT BAY, BC CA","0.0","C","0.0",",C","23",",C","16",",C","2",",C","0",",C","2",",C","0",",C","7",",C","0",",C","0",",C","0",",C","-0.6",",C,23,+","0",",T,C,25,+","28",",,C,02,","45.5",",,C,13,","8.9",",C,03,","2615.5","C","407.9",",C","224.4",",,,C","87",",,,C","3.77",",C","6.04",",,,C","1.50",",,,C"
"CA001020270","1974-03","50.5833","-126.9333","59.0","ALERT BAY, BC CA","0.0","C","0.0",",C","21",",C","14",",C","1",",C","2",",C","5",",C","0",",C","8",",C","0",",C","0",",C","0",",C","-2.8",",C,08,","30",",,C,07,+","89",",,C,08,","38.4",",,C,09,","13.3",",C,19,","3022.6","C","407.1",",C","125.4",",,,C","259",",,,C","5.20",",C","8.28",",,,C","2.12",",,,C"
"CA001020270","1974-04","50.5833","-126.9333","59.0","ALERT BAY, BC CA","0.0","C","0.0",",C","21",",C","9",",C","0",",C","0",",C","0",",C","0",",C","0",",C","0",",C","0",",C","0",",C","1.7",",C,13,+","0",",,C,30,+","0",",T,C,11,","17.3",",,C,11,","16.1",",C,28,+","3338.4","C","315.8",",C","92.3",",,,C","0",",T,,C","7.81",",C","11.09",",,,C","4.52",",,,C"
"CA001020270","1974-05","50.5833","-126.9333","59.0","ALERT BAY, BC CA","0.0","C","0.0",",C","18",",C","8",",C","0",",C","0",",C","0",",C","0",",C","0",",C","0",",C","0",",C","0",",C","1.7",",C,13,","0",",,C,31,+","0",",,C,31,+","9.1",",,C,09,","17.8",",C,04,","3621.6","C","283.2",",C","55.8",",,,C","0",",,,C","9.20",",C","13.06",",,,C","5.33",",,,C"
"CA001020270","1974-06","50.5833","-126.9333","59.0","ALERT BAY, BC CA","0.0","C","0.0",",C","15",",C","10",",C","0",",C","0",",C","0",",C","0",",C","0",",C","0",",C","0",",C","0",",C","6.1",",C,13,+","0",",,C,30,+","0",",,C,30,+","21.8",",,C,29,","20.0",",C,15,+","3822.5","C","200.9",",C","77.1",",,,C","0",",,,C","11.64",",C","15.26",",,,C","8.02",",,,C"
"CA001020270","1974-07","50.5833","-126.9333","59.0","ALERT BAY, BC CA","0.0","C","0.0",",C","15",",C","10",",C","0",",C","0",",C","0",",C","0",",C","0",",C","0",",C","1",",C","0",",C","6.1",",C,13,","0",",,C,31,+","0",",,C,31,+","11.4",",,C,11,","21.7",",C,31,","168.5","C","168.5",",C","72.8",",,,C","0",",,,C","12.90",",C","16.78",",,,C","9.02",",,,C"
"CA001020270","1974-08","50.5833","-126.9333","59.0","ALERT BAY, BC CA","0.3","C","0.3",",C","3",",C","3",",C","0",",C","0",",C","0",",C","0",",C","0",",C","0",",C","6",",C","0",",C","7.8",",C,12,","0",",,C,31,+","0",",,C,31,+","10.9",",,C,24,","27.2",",C,28,","277.8","C","109.3",",C","17.0",",,,C","0",",,,C","14.82",",C","19.10",",,,C","10.53",",,,C"
"CA001020270","1974-09","50.5833","-126.9333","59.0","ALERT BAY, BC CA","0.3","C","0.0",",C","14",",C","6",",C","1",",C","0",",C","0",",C","0",",C","0",",C","0",",C","9",",C","0",",C","3.3",",C,29,","0",",,C,30,+","0",",,C,30,+","26.4",",,C,09,","26.1",",C,02,","421.7","C","143.9",",C","82.2",",,,C","0",",,,C","13.54",",C","18.22",",,,C","8.85",",,,C"
"CA001020270","1974-10","50.5833","-126.9333","59.0","ALERT BAY, BC CA","0.3","C","0.0",",C","18",",C","10",",C","0",",C","0",",C","0",",C","0",",C","0",",C","0",",C","0",",C","0",",C","3.3",",C,14,+","0",",,C,31,+","0",",,C,31,+","20.3",",,C,01,","18.3",",C,18,+","675.4","C","253.7",",C","90.1",",,,C","0",",,,C","10.15",",C","13.38",",,,C","6.91",",,,C"
"CA001020270","1974-11","50.5833","-126.9333","59.0","ALERT BAY, BC CA","0.3","C","0.0",",C","21",",C","11",",C","2",",C","0",",C","0",",C","0",",C","1",",C","0",",C","0",",C","0",",C","-0.6",",C,21,","0",",T,C,22,","3",",,C,22,","57.9",",,C,24,","10.0",",C,13,+","1050.5","C","375.1",",C","217.7",",,,C","3",",,,C","5.83",",C","7.79",",,,C","3.86",",,,C"
"CA001020270","1974-12","50.5833","-126.9333","59.0","ALERT BAY, BC CA","0.3","C","0.0",",C","28",",C","26",",C","2",",C","0",",C","2",",C","0",",C","2",",C","0",",C","0",",C","0",",C","0.0",",C,27,+","0",",T,C,28,","43",",,C,27,","29.7",",,C,18,","10.6",",C,04,","1457.9","C","407.4",",C","292.7",",,,C","76",",,,C","5.19",",C","6.89",",,,C","3.50",",,,C"
"CA001020270","1975-01","50.5833","-126.9333","59.0","ALERT BAY, BC CA","0.0","C","0.0",",C","26",",C","16",",C","0",",C","12",",C","6",",C","0",",C","14",",C","2",",C","0",",C","0",",C","-3.9",",C,11,","280",",,C,12,","216",",,C,30,","22.4",",,C,02,","8.3",",C,23,","1958.5","C","500.6",",C","192.8",",,,C","672",",,,C","2.19",",C","3.91",",,,C","0.46",",,,C"
"CA001020270","1975-02","50.5833","-126.9333","59.0","ALERT BAY, BC CA","0.0","C","0.0",",C","16",",C","11",",C","1",",C","12",",C","4",",C","0",",C","16",",C","0",",C","0",",C","0",",C","-5.0",",C,11,","80",",,C,14,+","79",",,C,12,","26.9",",,C,23,","8.9",",C,26,","2411.4","C","452.9",",C","105.8",",,,C","236",",,,C","2.16",",C","4.17",",,,C","0.14",",,,C"
"CA001020270","1975-03","50.5833","-126.9333","59.0","ALERT BAY, BC CA","0.0","C","0.0",",C","18",",C","15",",C","0",",C","1",",C","3",",C","0",",C","8",",C","0",",C","0",",C","0",",C","-1.7",",C,24,+","30",",,C,24,","48",",,C,25,","10.7",",,C,29,","12.8",",C,06,","2838.4","C","427.0",",C","92.2",",,,C","145",",,,C","4.56",",C","7.78",",,,C","1.34",",,,C"
"CA001020270","1975-04","50.5833","-126.9333","59.0","ALERT BAY, BC CA","0.0","C","0.0",",C","10",",C","8",",C","0",",C","0",",C","0",",C","0",",C","3",",C","0",",C","0",",C","0",",C","-0.6",",C,05,+","0",",,C,30,+","0",",T,C,03,","12.7",",,C,18,","16.1",",C,15,","3194.1","C","355.7",",C","47.7",",,,C","0",",T,,C","6.48",",C","10.22",",,,C","2.73",",,,C"
"CA001020270","1975-05","50.5833","-126.9333","59.0","ALERT BAY, BC CA","0.0","C","0.0",",C","20",",C","10",",C","0",",C","0",",C","0",",C","0",",C","0",",C","0",",C","2",",C","0",",C","2.8",",C,25,+","0",",,C,31,+","0",",,C,31,+","13.5",",,C,21,","23.9",",C,31,","3459.0","C","264.9",",C","79.2",",,,C","0",",,,C","9.79",",C","13.96",",,,C","5.62",",,,C"
"CA001020270","1975-06","50.5833","-126.9333","59.0","ALERT BAY, BC CA","0.0","C","0.0",",C","17",",C","9",",C","0",",C","0",",C","0",",C","0",",C","0",",C","0",",C","0",",C","0",",C","5.0",",C,09,","0",",,C,30,+","0",",,C,30,+","15.7",",,C,14,","18.9",",C,09,","3677.0","C","218.0",",C","101.1",",,,C","0",",,,C","11.07",",C","14.33",",,,C","7.80",",,,C"
"CA001020270","1975-07","50.5833","-126.9333","59.0","ALERT BAY, BC CA","0.0","C","0.0",",C","12",",C","2",",C","0",",C","0",",C","0",",C","0",",C","0",",C","0",",C","4",",C","0",",C","7.2",",C,22,","0",",,C,31,+","0",",,C,31,+","3.3",",,C,27,","24.4",",C,26,","139.0","C","139.0",",C","13.7",",,,C","0",",,,C","13.85",",C","18.08",",,,C","9.62",",,,C"
"CA001020270","1975-08","50.5833","-126.9333","59.0","ALERT BAY, BC CA","0.0","C","0.0",",C","21",",C","17",",C","0",",C","0",",C","0",",C","0",",C","0",",C","0",",C","0",",C","0",",C","7.2",",C,23,+","0",",,C,31,+","0",",,C,31,+","16.0",",,C,20,","20.0",",C,13,","312.6","C","173.6",",C","151.2",",,,C","0",",,,C","12.73",",C","15.72",",,,C","9.75",",,,C"
"CA001020270","1975-09","50.5833","-126.9333","59.0","ALERT BAY, BC CA","0.0","C","0.0",",C","9",",C","4",",C","0",",C","0",",C","0",",C","0",",C","0",",C","0",",C","5",",C","0",",C","5.6",",C,19,+","0",",,C,30,+","0",",,C,30,+","10.7",",,C,27,","24.4",",C,22,","478.7","C","166.1",",C","36.8",",,,C","0",",,,C","12.80",",C","17.46",",,,C","8.13",",,,C"
"CA001020270","1975-10","50.5833","-126.9333","59.0","ALERT BAY, BC CA","0.0","C","0.0",",C","26",",C","21",",C","1",",C","0",",C","0",",C","0",",C","0",",C","0",",C","2",",C","0",",C","2.8",",C,28,","0",",,C,31,+","0",",,C,31,+","29.7",",,C,31,","22.2",",C,01,","771.8","C","293.1",",C","229.8",",,,C","0",",,,C","8.88",",C","11.36",",,,C","6.39",",,,C"
"CA001020270","1975-11","50.5833","-126.9333","59.0","ALERT BAY, BC CA","0.0","C","0.0",",C","25",",C","20",",C","10",",C","1",",C","2",",C","0",",C","4",",C","0",",C","0",",C","0",",C","-1.7",",C,29,+","130",",,C,30,","279",",,C,30,","116.1",",,C,12,","13.9",",C,03,","1178.6","C","406.8",",C","648.2",",,,C","396",",,,C","4.77",",C","6.71",",,,C","2.84",",,,C"
"CA001020270","1975-12","50.5833","-126.9333","59.0","ALERT BAY, BC CA","0.0","C","0.0",",C","21",",C","16",",C","1",",C","9",",C","2",",C","0",",C","8",",C","0",",C","0",",C","0",",C","-2.8",",C,12,+","150",",,C,01,","132",",,C,12,","26.9",",,C,26,","11.7",",C,29,","1622.5","C","443.9",",C","194.0",",,,C","206",",,,C","4.01",",C","6.00",",,,C","2.03",",,,C"
"CA001020270","1976-01","50.5833","-126.9333","59.0","ALERT BAY, BC CA","0.0","C","0.0",",C","23",",C","17",",C","1",",C","0",",C","0",",C","0",",C","1",",C","0",",C","0",",C","0",",C","-0.6",",C,01,","0",",,C,31,+","3",",,C,03,","42.4",",,C,26,","10.0",",C,20,","2053.9","C","431.4",",C","195.5",",,,C","3",",,,C","4.42",",C","6.27",",,,C","2.56",",,,C"
"CA001020270","1976-02","50.5833","-126.9333","59.0","ALERT BAY, BC CA","0.0","C","0.0",",C","20",",C","15",",C","1",",C","1",",C","2",",C","0",",C","8",",C","0",",C","0",",C","0",",C","-1.7",",C,29,+","30",",,C,28,","64",",,C,24,","27.9",",,C,10,","9.4",",C,03,","2479.4","C","425.5",",C","154.7",",,,C","102",",,,C","3.66",",C","6.02",",,,C","1.30",",,,C"
"CA001020270","1976-03","50.5833","-126.9333","59.0","ALERT BAY, BC CA","0.0","C","0.0",",C","22",",C","17",",C","1",",C","0",",C","0",",C","0",",C","7",",C","0",",C","0",",C","0",",C","-3.9",",C,02,","0",",T,C,31,","5",",,C,06,","35.3",",,C,30,","10.0",",C,17,","2932.5","C","453.1",",C","208.2",",,,C","5",",,,C","3.72",",C","6.07",",,,C","1.37",",,,C"
"CA001020270","1976-04","50.5833","-126.9333","59.0","ALERT BAY, BC CA","0.0","C","0.0",",C","17",",C","9",",C","0",",C","0",",C","0",",C","0",",C","0",",C","0",",C","2",",C","0",",C","0.6",",C,22,+","0",",,C,30,+","0",",T,C,15,","19.8",",,C,14,","21.7",",C,28,","3245.0","C","312.5",",C","89.4",",,,C","0",",T,,C","7.92",",C","11.91",",,,C","3.93",",,,C"
"CA001020270","1976-05","50.5833","-126.9333","59.0","ALERT BAY, BC CA","0.0","C","0.0",",C","25",",C","16",",C","0",",C","0",",C","0",",C","0",",C","0",",C","0",",C","0",",C","0",",C","2.8",",C,19,","0",",,C,31,+","0",",,C,31,+","17.3",",,C,26,","19.4",",C,09,","3533.6","C","288.6",",C","128.8",",,,C","0",",,,C","9.02",",C","12.37",",,,C","5.68",",,,C"
"CA001020270","1976-06","50.5833","-126.9333","59.0","ALERT BAY, BC CA","0.0","C","0.0",",C","20",",C","13",",C","1",",C","0",",C","0",",C","0",",C","0",",C","0",",C","2",",C","0",",C","4.4",",C,13,+","0",",,C,30,+","0",",,C,30,+","59.2",",,C,14,","22.2",",C,27,","3759.4","C","225.8",",C","168.4",",,,C","0",",,,C","10.81",",C","14.41",",,,C","7.20",",,,C"
"CA001020270","1976-07","50.5833","-126.9333","59.0","ALERT BAY, BC CA","0.0","C","0.0",",C","19",",C","9",",C","0",",C","0",",C","0",",C","0",",C","0",",C","0",",C","1",",C","0",",C","7.2",",C,18,+","0",",,C,31,+","0",",,C,31,+","20.1",",,C,01,","21.7",",C,05,","145.6","C","145.6",",C","70.2",",,,C","0",",,,C","13.64",",C","17.11",",,,C","10.16",",,,C"
"CA001020270","1976-08","50.5833","-126.9333","59.0","ALERT BAY, BC CA","0.0","C","0.0",",C","22",",C","11",",C","0",",C","0",",C","0",",C","0",",C","0",",C","0",",C","2",",C","0",",C","6.7",",C,23,","0",",,C,31,+","0",",,C,31,+","20.8",",,C,19,","23.3",",C,30,","306.3","C","160.7",",C","129.4",",,,C","0",",,,C","13.15",",C","16.20",",,,C","10.10",",,,C"
"CA001020270","1976-09","50.5833","-126.9333","59.0","ALERT BAY, BC CA","0.0","C","0.0",",C","13",",C","7",",C","0",",C","0",",C","0",",C","0",",C","0",",C","0",",C","5",",C","0",",C","7.2",",C,30,+","0",",,C,30,+","0",",,C,30,+","13.0",",,C,03,","25.0",",C,20,","452.8","C","146.5",",C","60.9",",,,C","0",",,,C","13.45",",C","17.14",",,,C","9.76",",,,C"
"CA001020270","1976-10","50.5833","-126.9333","59.0","ALERT BAY, BC CA","0.0","C","0.0",",C","18",",C","10",",C","1",",C","0",",C","0",",C","0",",C","0",",C","0",",C","0",",C","0",",C","2.2",",C,18,+","0",",,C,31,+","0",",,C,31,+","40.4",",,C,27,","17.8",",C,06,","729.6","C","276.8",",C","133.5",",,,C","0",",,,C","9.40",",C","12.11",",,,C","6.70",",,,C"
"CA001020270","1976-11","50.5833","-126.9333","59.0","ALERT BAY, BC CA","0.0","C","0.0",",C","13",",C","9",",C","2",",C","0",",C","0",",C","0",",C","3",",C","0",",C","0",",C","0",",C","-0.6",",C,28,+","0",",,C,30,+","0",",,C,30,+","38.6",",,C,24,","15.0",",C,03,","1062.3","C","332.7",",C","148.2",",,,C","0",",,,C","7.24",",C","9.63",",,,C","4.85",",,,C"
"CA001020270","1976-12","50.5833","-126.9333","59.0","ALERT BAY, BC CA","0.0","C","0.0",",C","23",",C","18",",C","5",",C","0",",C","0",",C","0",",C","1",",C","0",",C","0",",C","0",",C","0.0",",C,31,","0",",,C,31,+","10",",,C,08,","41.9",",,C,15,","13.9",",C,16,","1456.7","C","394.4",",C","294.1",",,,C","10",",,,C","5.61",",C","7.58",",,,C","3.64",",,,C"
"CA001020270","1977-01","50.5833","-126.9333","59.0","ALERT BAY, BC CA","0.0","C","0.0",",C","10",",C","6",",C","0",",C","0",",C","1",",C","0",",C","12",",C","0",",C","0",",C","0",",C","-2.1",",C,05,","0",",,C,31,+","30",",,C,11,","22.8",",,C,17,","10.7",",C,17,","1907.3","C","450.6",",C","68.0",",,,C","30",",,,C","3.80",",C","6.25",",,,C","1.35",",,,C"
"CA001020270","1977-02","50.5833","-126.9333","59.0","ALERT BAY, BC CA","0.0","C","0.0",",C","21",",C","18",",C","1",",C","0",",C","1",",C","0",",C","0",",C","0",",C","0",",C","0",",C","0.7",",C,25,","0",",,C,28,+","120",",,C,25,","27.2",",,C,16,","13.0",",C,12,","2223.0","C","315.7",",C","235.6",",,,C","120",",,,C","7.06",",C","9.39",",,,C","4.73",",,,C"
"CA001020270","1977-03","50.5833","-126.9333","59.0","ALERT BAY, BC CA","0.0","C","0.0",",C","24",",C","17",",C","2",",C","0",",C","3",",C","0",",C","2",",C","0",",C","0",",C","0",",C","-1.1",",C,15,","20",",,C,06,","107",",,C,05,","33.4",",,C,11,","9.2",",C,21,","2643.3","C","420.3",",C","206.2",",,,C","263",",,,C","4.78",",C","7.47",",,,C","2.08",",,,C"
"CA001020270","1977-04","50.5833","-126.9333","59.0","ALERT BAY, BC CA","0.0","C","0.0",",C","15",",C","8",",C","1",",C","0",",C","0",",C","0",",C","0",",C","0",",C","1",",C","0",",C","0.9",",C,14,","0",",,C,30,+","0",",T,C,18,+","37.2",",,C,12,","22.1",",C,23,","2938.2","C","294.9",",C","100.0",",,,C","0",",T,,C","8.50",",C","12.27",",,,C","4.73",",,,C"
"CA001020270","1977-05","50.5833","-126.9333","59.0","ALERT BAY, BC CA","0.0","C","0.0",",C","18",",C","8",",C","0",",C","0",",C","0",",C","0",",C","0",",C","0",",C","0",",C","0",",C","2.2",",C,04,","0",",,C,31,+","0",",,C,31,+","14.5",",,C,03,","16.9",",C,01,","3221.1","C","282.9",",C","58.3",",,,C","0",",,,C","9.21",",C","13.17",",,,C","5.24",",,,C"
"CA001020270","1977-06","50.5833","-126.9333","59.0","ALERT BAY, BC CA","0.0","C","0.0",",C","15",",C","9",",C","0",",C","0",",C","0",",C","0",",C","0",",C","0",",C","2",",C","0",",C","4.2",",C,03,","0",",,C,30,+","0",",,C,30,+","12.2",",,C,27,","21.8",",C,06,","3405.6","C","184.5",",C","74.1",",,,C","0",",,,C","12.18",",C","15.82",",,,C","8.55",",,,C"
"CA001020270","1977-07","50.5833","-126.9333","59.0","ALERT BAY, BC CA","0.0","C","0.0",",C","19",",C","13",",C","0",",C","0",",C","0",",C","0",",C","0",",C","0",",C","1",",C","0",",C","6.8",",C,06,","0",",,C,31,+","0",",,C,31,+","13.9",",,C,10,","21.2",",C,24,","168.5","C","168.5",",C","92.7",",,,C","0",",,,C","12.90",",C","16.27",",,,C","9.52",",,,C"
"CA001020270","1977-08","50.5833","-126.9333","59.0","ALERT BAY, BC CA","0.5","C","0.5",",C","13",",C","2",",C","0",",C","0",",C","0",",C","0",",C","0",",C","0",",C","8",",C","0",",C","8.3",",C,01,","0",",,C,31,+","0",",,C,31,+","13.9",",,C,28,","25.7",",C,15,","272.8","C","104.3",",C","27.3",",,,C","0",",,,C","14.98",",C","19.37",",,,C","10.59",",,,C"
"CA001020270","1977-09","50.5833","-126.9333","59.0","ALERT BAY, BC CA","0.5","C","0.0",",C","17",",C","8",",C","0",",C","0",",C","0",",C","0",",C","0",",C","0",",C","0",",C","0",",C","4.8",",C,26,","0",",,C,30,+","0",",,C,30,+","11.6",",,C,22,","17.3",",C,03,","476.2","C","203.4",",C","64.4",",,,C","0",",,,C","11.55",",C","14.77",",,,C","8.33",",,,C"
"CA001020270","1977-10","50.5833","-126.9333","59.0","ALERT BAY, BC CA","0.5","C","0.0",",C","21",",C","15",",C","2",",C","0",",C","0",",C","0",",C","0",",C","0",",C","0",",C","0",",C","2.6",",C,20,+","0",",,C,31,+","0",",T,C,31,","102.4",",,C,22,","14.1",",C,11,","778.1","C","301.9",",C","263.4",",,,C","0",",T,,C","8.60",",C","11.50",",,,C","5.69",",,,C"
"CA001020270","1977-11","50.5833","-126.9333","59.0","ALERT BAY, BC CA","0.5","C","0.0",",C","24",",C","21",",C","2",",C","0",",C","2",",C","0",",C","8",",C","0",",C","0",",C","0",",C","-5.0",",C,22,+","20",",,C,24,","104",",,C,23,","34.1",",,C,01,","11.6",",C,11,","1205.3","C","427.2",",C","280.9",",,,C","136",",,,C","4.09",",C","6.53",",,,C","1.66",",,,C"
"CA001020270","1977-12","50.5833","-126.9333","59.0","ALERT BAY, BC CA","0.5","C","0.0",",C","19",",C","16",",C","2",",C","4",",C","4",",C","0",",C","18",",C","1",",C","0",",C","0",",C","-5.1",",C,09,","70",",,C,10,","71",",,C,09,","29.8",",,C,11,","8.4",",C,14,","1705.8","C","500.5",",C","135.8",",,,C","220",",,,C","2.19",",C","4.52",",,,C","-0.15",",,,C"
"CA001020270","1978-01","50.5833","-126.9333","59.0","ALERT BAY, BC CA","0.0","C","0.0",",C","17",",C","8",",C","0",",C","5",",C","3",",C","0",",C","7",",C","1",",C","0",",C","0",",C","-4.0",",C,06,","200",",,C,06,","206",",,C,05,","22.6",",,C,07,","10.0",",C,19,","2158.9","C","453.1",",C","88.1",",,,C","399",",,,C","3.72",",C","5.58",",,,C","1.85",",,,C"
"CA001020270","1978-02","50.5833","-126.9333","59.0","ALERT BAY, BC CA","0.0","C","0.0",",C","15",",C","10",",C","0",",C","0",",C","0",",C","0",",C","5",",C","0",",C","0",",C","0",",C","-2.1",",C,25,","0",",,C,28,+","4",",,C,02,","14.3",",,C,18,","10.3",",C,24,+","2527.0","C","368.1",",C","83.0",",,,C","4",",,,C","5.19",",C","7.90",",,,C","2.47",",,,C"
"CA001020270","1978-03","50.5833","-126.9333","59.0","ALERT BAY, BC CA","0.0","C","0.0",",C","24",",C","12",",C","1",",C","0",",C","0",",C","0",",C","6",",C","0",",C","0",",C","0",",C","-3.2",",C,03,","0",",,C,31,+","0",",,C,31,+","28.7",",,C,07,","15.9",",C,22,","2907.9","C","380.9",",C","137.7",",,,C","0",",,,C","6.05",",C","9.12",",,,C","2.97",",,,C"
"CA001020270","1978-04","50.5833","-126.9333","59.0","ALERT BAY, BC CA","0.0","C","0.0",",C","17",",C","6",",C","0",",C","0",",C","0",",C","0",",C","0",",C","0",",C","0",",C","0",",C","0.8",",C,18,","0",",,C,30,+","0",",,C,30,+","11.3",",,C,10,","19.1",",C,25,","3223.5","C","315.6",",C","53.3",",,,C","0",",,,C","7.81",",C","11.48",",,,C","4.15",",,,C"
"CA001020270","1978-05","50.5833","-126.9333","59.0","ALERT BAY, BC CA","0.0","C","0.0",",C","17",",C","8",",C","0",",C","0",",C","0",",C","0",",C","0",",C","0",",C","1",",C","0",",C","2.6",",C,06,","0",",,C,31,+","0",",,C,31,+","11.0",",,C,03,","23.8",",C,31,","3500.5","C","277.0",",C","57.7",",,,C","0",",,,C","9.40",",C","13.62",",,,C","5.18",",,,C"
"CA001020270","1978-06","50.5833","-126.9333","59.0","ALERT BAY, BC CA","0.0","C","0.0",",C","8",",C","5",",C","0",",C","0",",C","0",",C","0",",C","0",",C","0",",C","7",",C","0",",C","6.0",",C,06,","0",",,C,30,+","0",",,C,30,+","8.2",",,C,09,","27.5",",C,02,","3651.6","C","151.1",",C","31.8",",,,C","0",",,,C","13.30",",C","17.89",",,,C","8.70",",,,C"
"CA001020270","1978-07","50.5833","-126.9333","59.0","ALERT BAY, BC CA","0.0","C","0.0",",C","5",",C","1",",C","0",",C","0",",C","0",",C","0",",C","0",",C","0",",C","0",",C","0",",C","5.6",",C,01,","0",",,C,31,+","0",",,C,31,+","13.2",",,C,10,","20.4",",C,14,","145.6","C","145.6",",C","16.6",",,,C","0",",,,C","13.64",",C","17.79",",,,C","9.48",",,,C"
"CA001020270","1978-08","50.5833","-126.9333","59.0","ALERT BAY, BC CA","1.0","C","1.0",",C","20",",C","12",",C","1",",C","0",",C","0",",C","0",",C","0",",C","0",",C","5",",C","0",",C","7.7",",C,21,+","0",",,C,31,+","0",",,C,31,+","25.8",",,C,25,","24.6",",C,06,","281.1","C","135.5",",C","130.6",",,,C","0",",,,C","14.00",",C","17.81",",,,C","10.18",",,,C"
"CA001020270","1978-09","50.5833","-126.9333","59.0","ALERT BAY, BC CA","1.0","C","0.0",",C","23",",C","18",",C","1",",C","0",",C","0",",C","0",",C","0",",C","0",",C","0",",C","0",",C","5.2",",C,17,","0",",,C,30,+","0",",,C,30,+","26.6",",,C,21,","20.5",",C,26,","479.1","C","198.0",",C","213.9",",,,C","0",",,,C","11.73",",C","15.25",",,,C","8.22",",,,C"
"CA001020270","1978-10","50.5833","-126.9333","59.0","ALERT BAY, BC CA","1.0","C","0.0",",C","13",",C","11",",C","2",",C","0",",C","0",",C","0",",C","0",",C","0",",C","0",",C","0",",C","1.8",",C,25,","0",",,C,31,+","0",",,C,31,+","49.4",",,C,23,","19.1",",C,06,","750.5","C","271.4",",C","171.4",",,,C","0",",,,C","9.58",",C","13.25",",,,C","5.91",",,,C"
"CA001020270","1978-11","50.5833","-126.9333","59.0","ALERT BAY, BC CA","1.0","C","0.0",",C","18",",C","16",",C","2",",C","0",",C","0",",C","0",",C","8",",C","0",",C","0",",C","0",",C","-3.7",",C,19,","0",",,C,30,+","0",",T,C,22,","30.6",",,C,06,","12.2",",C,01,","1181.3","C","430.8",",C","163.7",",,,C","0",",T,,C","3.97",",C","6.70",",,,C","1.24",",,,C"
"CA001020270","1978-12","50.5833","-126.9333","59.0","ALERT BAY, BC CA","1.0","C","0.0",",C","21",",C","17",",C","1",",C","0",",C","1",",C","0",",C","9",",C","4",",C","0",",C","0",",C","-8.3",",C,29,","10",",,C,31,+","27",",,C,26,","25.8",",,C,23,","8.6",",C,10,","1687.1","C","505.8",",C","175.4",",,,C","36",",,,C","2.02",",C","4.20",",,,C","-0.16",",,,C"
"CA001020270","1979-01","50.5833","-126.9333","59.0","ALERT BAY, BC CA","0.0","C","0.0",",C","18",",C","13",",C","0",",C","8",",C","2",",C","0",",C","24",",C","1",",C","0",",C","0",",C","-5.0",",C,01,","170",",,C,02,","181",",,C,01,","20.3",",,C,20,","7.3",",C,23,+","2219.3","C","532.2",",C","110.0",",,,C","312",",,,C","1.16",",C","3.73",",,,C","-1.40",",,,C"
"CA001020270","1979-02","50.5833","-126.9333","59.0","ALERT BAY, BC CA","0.0","C","0.0",",C","22",",C","18",",C","1",",C","0",",C","3",",C","0",",C","14",",C","0",",C","0",",C","0",",C","-4.2",",C,14,","20",",,C,15,+","93",",,C,17,","60.7",",,C,08,","7.2",",C,19,","2667.3","C","448.0",",C","219.8",",,,C","221",",,,C","2.33",",C","4.98",",,,C","-0.31",",,,C"
"CA001020270","1979-03","50.5833","-126.9333","59.0","ALERT BAY, BC CA","0.0","C","0.0",",C","16",",C","7",",C","0",",C","0",",C","0",",C","0",",C","2",",C","0",",C","0",",C","0",",C","-1.2",",C,01,","0",",,C,31,+","16",",,C,28,","19.2",",,C,06,","18.7",",C,22,","3041.4","C","374.1",",C","66.8",",,,C","16",",,,C","6.27",",C","10.19",",,,C","2.34",",,,C"
"CA001020270","1979-04","50.5833","-126.9333","59.0","ALERT BAY, BC CA","0.0","C","0.0",",C","18",",C","11",",C","0",",C","0",",C","0",",C","0",",C","0",",C","0",",C","1",",C","0",",C","0.6",",C,19,","0",",,C,30,+","0",",,C,30,+","14.7",",,C,03,","22.0",",C,27,","3365.0","C","323.6",",C","90.9",",,,C","0",",,,C","7.55",",C","11.84",",,,C","3.25",",,,C"
"CA001020270","1979-05","50.5833","-126.9333","59.0","ALERT BAY, BC CA","0.0","C","0.0",",C","22",",C","11",",C","0",",C","0",",C","0",",C","0",",C","0",",C","0",",C","0",",C","0",",C","4.6",",C,09,","0",",,C,31,+","0",",,C,31,+","21.0",",,C,25,","20.3",",C,22,","3611.0","C","246.0",",C","120.1",",,,C","0",",,,C","10.40",",C","14.15",",,,C","6.64",",,,C"
"CA001020270","1979-06","50.5833","-126.9333","59.0","ALERT BAY, BC CA","0.0","C","0.0",",C","14",",C","10",",C","0",",C","0",",C","0",",C","0",",C","0",",C","0",",C","0",",C","0",",C","5.8",",C,12,","0",",,C,30,+","0",",,C,30,+","14.0",",,C,30,","19.3",",C,14,","3806.6","C","195.6",",C","74.7",",,,C","0",",,,C","11.81",",C","15.41",",,,C","8.22",",,,C"
"CA001020270","1979-07","50.5833","-126.9333","59.0","ALERT BAY, BC CA","0.0","C","0.0",",C","15",",C","10",",C","0",",C","0",",C","0",",C","0",",C","0",",C","0",",C","4",",C","0",",C","7.1",",C,01,","0",",,C,31,+","0",",,C,31,+","12.2",",,C,11,","22.5",",C,16,","108.9","C","108.9",",C","72.5",",,,C","0",",,,C","14.82",",C","18.60",",,,C","11.05",",,,C"
"CA001020270","1979-08","50.5833","-126.9333","59.0","ALERT BAY, BC CA","0.4","C","0.4",",C","10",",C","2",",C","0",",C","0",",C","0",",C","0",",C","0",",C","0",",C","7",",C","0",",C","9.3",",C,12,","0",",,C,31,+","0",",,C,31,+","13.7",",,C,17,","24.3",",C,24,","204.0","C","95.1",",C","34.6",",,,C","0",",,,C","15.28",",C","19.43",",,,C","11.13",",,,C"
"CA001020270","1979-09","50.5833","-126.9333","59.0","ALERT BAY, BC CA","0.6","C","0.2",",C","16",",C","12",",C","1",",C","0",",C","0",",C","0",",C","0",",C","0",",C","2",",C","0",",C","5.8",",C,28,","0",",,C,30,+","0",",,C,30,+","27.0",",,C,01,","26.0",",C,14,","360.1","C","156.1",",C","166.4",",,,C","0",",,,C","13.14",",C","16.64",",,,C","9.63",",,,C"
"CA001020270","1979-12","50.5833","-126.9333","59.0","ALERT BAY, BC CA","","","0.0",",C","26",",C","23",",C","2",",C","0",",C","0",",C","0",",C","2",",C","0",",C","0",",C","0",",C","-3.0",",C,15,","0",",T,C,10,","8",",,C,09,","36.2",",,C,17,","10.2",",C,19,+","","","412.0",",C","298.2",",,,C","8",",,,C","5.04",",C","7.05",",,,C","3.03",",,,C"
"CA001020270","1980-01","50.5833","-126.9333","59.0","ALERT BAY, BC CA","0.0","C","0.0",",C","19",",C","14",",C","0",",C","6",",C","6",",C","0",",C","16",",C","3",",C","0",",C","0",",C","-7.0",",C,10,","240",",,C,11,","114",",,C,07,","24.3",",,C,12,","8.6",",C,02,","","","521.4",",C","167.0",",,,C","465",",,,C","1.51",",C","3.62",",,,C","-0.60",",,,C"
"CA001020270","1980-02","50.5833","-126.9333","59.0","ALERT BAY, BC CA","0.0","C","0.0",",C","15",",C","11",",C","0",",C","0",",C","0",",C","0",",C","3",",C","0",",C","0",",C","0",",C","-1.0",",C,15,","0",",,C,29,+","10",",,C,16,","13.4",",,C,02,","14.5",",C,26,","","","360.5",",C","77.6",",,,C","10",",,,C","5.90",",C","8.40",",,,C","3.41",",,,C"
"CA001020270","1980-03","50.5833","-126.9333","59.0","ALERT BAY, BC CA","0.0","C","0.0",",C","23",",C","17",",C","0",",C","0",",C","0",",C","0",",C","3",",C","0",",C","0",",C","0",",C","-1.0",",C,14,+","0",",T,C,29,+","8",",,C,13,","22.4",",,C,17,","11.3",",C,21,","","","409.3",",C","164.9",",,,C","8",",,,C","5.13",",C","8.07",",,,C","2.19",",,,C"
"CA001020270","1980-04","50.5833","-126.9333","59.0","ALERT BAY, BC CA","0.0","C","0.0",",C","17",",C","10",",C","1",",C","0",",C","0",",C","0",",C","0",",C","0",",C","0",",C","0",",C","0.7",",C,02,+","0",",,C,30,+","0",",,C,30,+","39.8",",,C,18,","18.6",",C,12,","","","288.4",",C","122.7",",,,C","0",",,,C","8.72",",C","12.93",",,,C","4.51",",,,C"
"CA001020270","1980-05","50.5833","-126.9333","59.0","ALERT BAY, BC CA","0.0","C","0.0",",C","16",",C","6",",C","0",",C","0",",C","0",",C","0",",C","0",",C","0",",C","1",",C","0",",C","4.3",",C,02,","0",",,C,31,+","0",",,C,31,+","9.7",",,C,08,","22.2",",C,04,","","","243.5",",C","48.1",",,,C","0",",,,C","10.48",",C","14.39",",,,C","6.57",",,,C"
"CA001020270","1980-06","50.5833","-126.9333","59.0","ALERT BAY, BC CA","0.0","C","0.0",",C","17",",C","6",",C","0",",C","0",",C","0",",C","0",",C","0",",C","0",",C","2",",C","0",",C","6.1",",C,19,","0",",,C,30,+","0",",,C,30,+","13.0",",,C,09,","23.6",",C,24,","","","170.2",",C","51.0",",,,C","0",",,,C","12.66",",C","16.72",",,,C","8.60",",,,C"
"CA001020270","1980-07","50.5833","-126.9333","59.0","ALERT BAY, BC CA","3.0","C","3.0",",C","15",",C","9",",C","0",",C","0",",C","0",",C","0",",C","0",",C","0",",C","3",",C","0",",C","8.4",",C,31,","0",",,C,31,+","0",",,C,31,+","24.0",",,C,10,","27.4",",C,21,","131.4","C","131.4",",C","111.2",",,,C","0",",,,C","14.19",",C","18.20",",,,C","10.18",",,,C"
"CA001020270","1980-08","50.5833","-126.9333","59.0","ALERT BAY, BC CA","3.0","C","0.0",",C","16",",C","6",",C","0",",C","0",",C","0",",C","0",",C","0",",C","0",",C","1",",C","0",",C","6.8",",C,28,","0",",,C,31,+","0",",,C,31,+","21.0",",,C,17,","24.7",",C,10,","284.3","C","152.9",",C","75.8",",,,C","0",",,,C","13.40",",C","17.24",",,,C","9.56",",,,C"
"CA001020270","1980-09","50.5833","-126.9333","59.0","ALERT BAY, BC CA","3.0","C","0.0",",C","16",",C","12",",C","2",",C","0",",C","0",",C","0",",C","0",",C","0",",C","2",",C","0",",C","6.0",",C,08,","0",",,C,30,+","0",",,C,30,+","32.4",",,C,06,","21.3",",C,15,","467.4","C","183.1",",C","150.2",",,,C","0",",,,C","12.23",",C","16.12",",,,C","8.33",",,,C"
"CA001020270","1980-10","50.5833","-126.9333","59.0","ALERT BAY, BC CA","3.0","C","0.0",",C","17",",C","12",",C","0",",C","0",",C","0",",C","0",",C","0",",C","0",",C","2",",C","0",",C","2.1",",C,15,","0",",,C,31,+","0",",,C,31,+","18.0",",,C,31,","23.1",",C,03,","707.3","C","239.9",",C","99.2",",,,C","0",",,,C","10.59",",C","13.95",",,,C","7.24",",,,C"
"CA001020270","1980-11","50.5833","-126.9333","59.0","ALERT BAY, BC CA","3.0","C","0.0",",C","23",",C","18",",C","1",",C","0",",C","0",",C","0",",C","0",",C","0",",C","0",",C","0",",C","0.6",",C,30,","0",",,C,30,+","0",",,C,30,+","36.0",",,C,26,","15.0",",C,05,","1053.8","C","346.5",",C","226.1",",,,C","0",",,,C","6.78",",C","8.92",",,,C","4.64",",,,C"
"CA001020270","1980-12","50.5833","-126.9333","59.0","ALERT BAY, BC CA","3.0","C","0.0",",C","20",",C","14",",C","3",",C","0",",C","0",",C","0",",C","7",",C","4",",C","0",",C","0",",C","-5.5",",C,06,","10",",,C,08,+","12",",,C,03,","72.7",",,C,10,","15.6",",C,26,","1475.0","C","421.2",",C","220.9",",,,C","19",",,,C","4.75",",C","6.88",",,,C","2.61",",,,C"
"CA001020270","1981-01","50.5833","-126.9333","59.0","ALERT BAY, BC CA","0.0","C","0.0",",C","11",",C","8",",C","2",",C","0",",C","0",",C","0",",C","3",",C","0",",C","0",",C","0",",C","-1.7",",C,30,","0",",,C,31,+","0",",,C,31,+","43.0",",,C,19,","13.3",",C,21,","1825.0","C","350.0",",C","160.5",",,,C","0",",,,C","7.04",",C","9.38",",,,C","4.71",",,,C"
"CA001020270","1981-02","50.5833","-126.9333","59.0","ALERT BAY, BC CA","0.0","C","0.0",",C","15",",C","11",",C","3",",C","0",",C","0",",C","0",",C","3",",C","0",",C","0",",C","0",",C","-1.4",",C,11,","0",",,C,28,+","6",",,C,11,","47.3",",,C,19,","10.8",",C,14,","2192.1","C","367.1",",C","179.5",",,,C","6",",,,C","5.22",",C","7.56",",,,C","2.88",",,,C"
"CA001020270","1981-03","50.5833","-126.9333","59.0","ALERT BAY, BC CA","0.0","C","0.0",",C","18",",C","12",",C","0",",C","0",",C","0",",C","0",",C","1",",C","0",",C","0",",C","0",",C","-0.6",",C,05,","0",",,C,31,+","0",",,C,31,+","14.8",",,C,23,","17.1",",C,12,","2529.4","C","337.3",",C","79.3",",,,C","0",",,,C","7.45",",C","11.27",",,,C","3.63",",,,C"
"CA001020270","1981-04","50.5833","-126.9333","59.0","ALERT BAY, BC CA","0.0","C","0.0",",C","23",",C","17",",C","0",",C","0",",C","0",",C","0",",C","0",",C","0",",C","0",",C","0",",C","0.4",",C,11,","0",",,C,30,+","0",",T,C,11,+","23.1",",,C,05,","16.5",",C,18,","2863.5","C","334.1",",C","146.1",",,,C","0",",T,,C","7.20",",C","10.83",",,,C","3.57",",,,C"
"CA001020270","1981-05","50.5833","-126.9333","59.0","ALERT BAY, BC CA","0.0","C","0.0",",C","25",",C","16",",C","0",",C","0",",C","0",",C","0",",C","0",",C","0",",C","1",",C","0",",C","3.5",",C,09,","0",",,C,31,+","0",",,C,31,+","16.2",",,C,01,","22.7",",C,28,","3100.5","C","237.0",",C","106.3",",,,C","0",",,,C","10.69",",C","14.47",",,,C","6.90",",,,C"
"CA001020270","1981-06","50.5833","-126.9333","59.0","ALERT BAY, BC CA","0.0","C","0.0",",C","20",",C","14",",C","0",",C","0",",C","0",",C","0",",C","0",",C","0",",C","1",",C","0",",C","5.5",",C,08,","0",",,C,30,+","0",",,C,30,+","12.3",",,C,15,","21.2",",C,24,","3290.1","C","189.6",",C","100.8",",,,C","0",",,,C","12.01",",C","15.73",",,,C","8.30",",,,C"
"CA001020270","1981-07","50.5833","-126.9333","59.0","ALERT BAY, BC CA","0.0","C","0.0",",C","7",",C","3",",C","0",",C","0",",C","0",",C","0",",C","0",",C","0",",C","1",",C","0",",C","6.9",",C,06,","0",",,C,31,+","0",",,C,31,+","10.2",",,C,07,","21.2",",C,25,","135.8","C","135.8",",C","29.8",",,,C","0",",,,C","13.95",",C","17.79",",,,C","10.11",",,,C"
"CA001020270","1981-08","50.5833","-126.9333","59.0","ALERT BAY, BC CA","0.0","C","0.0",",C","13",",C","8",",C","0",",C","0",",C","0",",C","0",",C","0",",C","0",",C","6",",C","0",",C","7.1",",C,18,+","0",",,C,31,+","0",",,C,31,+","23.9",",,C,31,","22.9",",C,05,","264.4","C","128.6",",C","67.2",",,,C","0",",,,C","14.18",",C","18.41",",,,C","9.95",",,,C"
"CA001020270","1981-09","50.5833","-126.9333","59.0","ALERT BAY, BC CA","0.0","C","0.0",",C","18",",C","12",",C","2",",C","0",",C","0",",C","0",",C","0",",C","0",",C","6",",C","0",",C","4.0",",C,25,","0",",,C,30,+","0",",,C,30,+","34.9",",,C,30,","26.2",",C,08,","437.4","C","173.0",",C","150.4",",,,C","0",",,,C","12.57",",C","16.96",",,,C","8.18",",,,C"
"CA001020270","1981-10","50.5833","-126.9333","59.0","ALERT BAY, BC CA","0.0","C","0.0",",C","19",",C","14",",C","2",",C","0",",C","0",",C","0",",C","0",",C","0",",C","0",",C","0",",C","0.5",",C,21,","0",",,C,31,+","0",",,C,31,+","63.2",",,C,27,","16.2",",C,24,","752.9","C","315.5",",C","246.4",",,,C","0",",,,C","8.15",",C","11.29",",,,C","5.02",",,,C"
"CA001020270","1981-11","50.5833","-126.9333","59.0","ALERT BAY, BC CA","0.0","C","0.0",",C","23",",C","16",",C","2",",C","0",",C","0",",C","0",",C","1",",C","0",",C","0",",C","0",",C","0.0",",C,27,","0",",,C,30,+","0",",,C,30,+","31.1",",,C,11,","13.7",",C,02,","1101.0","C","348.1",",C","207.5",",,,C","0",",,,C","6.73",",C","9.04",",,,C","4.42",",,,C"
"CA001020270","1981-12","50.5833","-126.9333","59.0","ALERT BAY, BC CA","0.0","C","0.0",",C","22",",C","17",",C","0",",C","1",",C","2",",C","0",",C","8",",C","0",",C","0",",C","0",",C","-3.3",",C,30,","30",",,C,31,","62",",,C,31,","20.4",",,C,19,","10.1",",C,19,","1569.4","C","468.4",",C","135.9",",,,C","125",",,,C","3.22",",C","5.50",",,,C","0.94",",,,C"
"CA001020270","1982-01","50.5833","-126.9333","59.0","ALERT BAY, BC CA","0.0","C","0.0",",C","25",",C","20",",C","1",",C","13",",C","4",",C","0",",C","15",",C","7",",C","0",",C","0",",C","-7.9",",C,05,","150",",,C,23,","144",",,C,22,","26.5",",,C,23,","8.0",",C,14,","2096.6","C","527.2",",C","217.6",",,,C","325",",,,C","1.33",",C","3.43",",,,C","-0.78",",,,C"
"CA001020270","1982-02","50.5833","-126.9333","59.0","ALERT BAY, BC CA","0.0","C","0.0",",C","23",",C","16",",C","2",",C","1",",C","3",",C","0",",C","11",",C","0",",C","0",",C","0",",C","-4.1",",C,23,","70",",,C,11,","341",",,C,10,","31.0",",,C,25,","9.1",",C,19,","2526.3","C","429.7",",C","233.2",",,,C","453",",,,C","2.99",",C","5.53",",,,C","0.44",",,,C"
"CA001020270","1982-03","50.5833","-126.9333","59.0","ALERT BAY, BC CA","0.0","C","0.0",",C","11",",C","5",",C","0",",C","0",",C","0",",C","0",",C","14",",C","0",",C","0",",C","0",",C","-2.6",",C,18,","0",",,C,31,+","4",",,C,11,","8.9",",,C,01,","10.8",",C,17,","2955.4","C","429.1",",C","38.7",",,,C","4",",,,C","4.49",",C","8.47",",,,C","0.51",",,,C"
"CA001020270","1982-04","50.5833","-126.9333","59.0","ALERT BAY, BC CA","0.0","C","0.0",",C","15",",C","8",",C","0",",C","0",",C","0",",C","0",",C","5",",C","0",",C","0",",C","0",",C","-1.4",",C,11,","0",",,C,30,+","2",",,C,18,","21.0",",,C,12,","18.4",",C,21,","3333.8","C","378.4",",C","77.2",",,,C","2",",,,C","5.72",",C","10.20",",,,C","1.24",",,,C"
"CA001020270","1982-05","50.5833","-126.9333","59.0","ALERT BAY, BC CA","0.0","C","0.0","1,C","16","1,C","5","1,C","0","1,C","0","1,C","0","1,C","0","1,C","0","1,C","0","1,C","1","1,C","0","1,C","1.2","1,C,03,","0","1,,C,31,+","0","1,,C,31,+","13.6","1,,C,23,","22.2","1,C,28,","3613.1","C","279.3","1,C","48.8","1,,,C","0","1,,,C","9.02","1,C","13.13","1,,,C","4.91","1,,,C"
"CA001020270","1982-06","50.5833","-126.9333","59.0","ALERT BAY, BC CA","0.0","C","0.0",",C","7",",C","2",",C","0",",C","0",",C","0",",C","0",",C","0",",C","0",",C","3",",C","0",",C","5.3",",C,24,","0",",,C,30,+","0",",,C,30,+","9.2",",,C,26,","25.0",",C,25,","3787.8","C","174.7",",C","21.3",",,,C","0",",,,C","12.51",",C","17.07",",,,C","7.95",",,,C"
"CA001020270","1982-07","50.5833","-126.9333","59.0","ALERT BAY, BC CA","0.4","C","0.4",",C","19",",C","10",",C","0",",C","0",",C","0",",C","0",",C","0",",C","0",",C","4",",C","0",",C","6.8",",C,25,","0",",,C,31,+","0",",,C,31,+","15.2",",,C,13,","28.0",",C,26,","143.1","C","143.1",",C","85.3",",,,C","0",",,,C","13.73",",C","18.25",",,,C","9.21",",,,C"
"CA001020270","1982-08","50.5833","-126.9333","59.0","ALERT BAY, BC CA","0.4","C","0.0",",C","11",",C","7",",C","0",",C","0",",C","0",",C","0",",C","0",",C","0",",C","2",",C","0",",C","6.5",",C,31,","0",",,C,31,+","0",",,C,31,+","14.4",",,C,05,","22.4",",C,07,","312.7","C","169.6",",C","56.6",",,,C","0",",,,C","12.86",",C","16.96",",,,C","8.76",",,,C"
"CA001020270","1982-09","50.5833","-126.9333","59.0","ALERT BAY, BC CA","0.4","C","0.0",",C","15",",C","11",",C","1",",C","0",",C","0",",C","0",",C","0",",C","0",",C","1",",C","0",",C","3.6",",C,30,","0",",,C,30,+","0",",,C,30,+","30.3",",,C,08,","21.4",",C,16,","496.3","C","183.6",",C","97.4",",,,C","0",",,,C","12.21",",C","16.31",",,,C","8.12",",,,C"
"CA001020270","1982-10","50.5833","-126.9333","59.0","ALERT BAY, BC CA","0.4","C","0.0",",C","20",",C","14",",C","4",",C","0",",C","0",",C","0",",C","0",",C","0",",C","0",",C","0",",C","0.1",",C,19,+","0",",,C,31,+","0",",,C,31,+","42.2",",,C,24,","16.9",",C,13,","802.3","C","306.0",",C","288.8",",,,C","0",",,,C","8.46",",C","11.77",",,,C","5.15",",,,C"
"CA001020270","1982-11","50.5833","-126.9333","59.0","ALERT BAY, BC CA","0.4","C","0.0",",C","16",",C","11",",C","0",",C","0",",C","0",",C","0",",C","6",",C","0",",C","0",",C","0",",C","-3.1",",C,22,","0",",,C,30,+","0",",,C,30,+","19.3",",,C,07,","9.5",",C,04,","1228.7","C","426.4",",C","114.5",",,,C","0",",,,C","4.12",",C","6.59",",,,C","1.65",",,,C"
"CA001020270","1982-12","50.5833","-126.9333","59.0","ALERT BAY, BC CA","0.4","C","0.0",",C","16",",C","14",",C","1",",C","0",",C","0",",C","0",",C","10",",C","0",",C","0",",C","0",",C","-2.6",",C,28,","0",",,C,31,+","0",",,C,31,+","61.5",",,C,24,","9.7",",C,16,","1689.2","C","460.5",",C","181.0",",,,C","0",",,,C","3.48",",C","5.90",",,,C","1.06",",,,C"
"CA001020270","1983-01","50.5833","-126.9333","59.0","ALERT BAY, BC CA","0.0","C","0.0",",C","23",",C","15",",C","1",",C","0",",C","0",",C","0",",C","3",",C","0",",C","0",",C","0",",C","-2.0",",C,22,","0",",,C,31,+","0",",T,C,08,","52.5",",,C,09,","11.0",",C,11,","2093.2","C","404.0",",C","232.9",",,,C","0",",T,,C","5.30",",C","7.60",",,,C","3.00",",,,C"
"CA001020270","1983-02","50.5833","-126.9333","59.0","ALERT BAY, BC CA","0.0","C","0.0",",C","20",",C","15",",C","2",",C","0",",C","0",",C","0",",C","1",",C","0",",C","0",",C","0",",C","-0.4",",C,04,","0",",,C,28,+","0",",,C,28,+","94.0",",,C,11,","11.1",",C,23,","2447.3","C","354.1",",C","227.3",",,,C","0",",,,C","5.69",",C","8.41",",,,C","2.96",",,,C"
"CA001020270","1983-03","50.5833","-126.9333","59.0","ALERT BAY, BC CA","0.0","C","0.0",",C","15",",C","7",",C","2",",C","0",",C","0",",C","0",",C","6",",C","0",",C","0",",C","0",",C","-2.6",",C,05,","0",",,C,31,+","0",",,C,31,+","41.4",",,C,08,","15.2",",C,17,","2814.8","C","367.5",",C","122.0",",,,C","0",",,,C","6.48",",C","10.53",",,,C","2.43",",,,C"
"CA001020270","1983-04","50.5833","-126.9333","59.0","ALERT BAY, BC CA","0.0","C","0.0",",C","12",",C","8",",C","0",",C","0",",C","0",",C","0",",C","1",",C","0",",C","0",",C","0",",C","-0.4",",C,13,","0",",,C,30,+","0",",T,C,10,","9.0",",,C,20,","19.5",",C,28,","3128.1","C","313.3",",C","44.9",",,,C","0",",T,,C","7.89",",C","12.62",",,,C","3.16",",,,C"
"CA001020270","1983-05","50.5833","-126.9333","59.0","ALERT BAY, BC CA","0.0","C","0.0","1,C","8",",C","3",",C","0",",C","0",",C","0",",C","0",",C","0",",C","0","1,C","2","1,C","0","1,C","2.1",",C,08,","0",",,C,31,+","0",",,C,31,+","12.5",",,C,17,","30.1","1,C,28,","3350.1","C","222.0","1,C","29.7",",,,C","0",",,,C","11.03","1,C","15.78","1,,,C","6.28",",,,C"
"CA001020270","1983-06","50.5833","-126.9333","59.0","ALERT BAY, BC CA","0.0","C","0.0",",C","20",",C","9",",C","1",",C","0",",C","0",",C","0",",C","0",",C","0",",C","0",",C","0",",C","6.2",",C,18,","0",",,C,30,+","0",",,C,30,+","29.7",",,C,09,","20.5",",C,27,","3540.2","C","190.1",",C","124.5",",,,C","0",",,,C","12.00",",C","15.56",",,,C","8.43",",,,C"
"CA001020270","1983-07","50.5833","-126.9333","59.0","ALERT BAY, BC CA","0.0","C","0.0",",C","17",",C","11",",C","1",",C","0",",C","0",",C","0",",C","0",",C","0",",C","2",",C","0",",C","7.0",",C,07,","0",",,C,31,+","0",",,C,31,+","28.7",",,C,11,","24.7",",C,30,","149.0","C","149.0",",C","130.2",",,,C","0",",,,C","13.53",",C","17.75",",,,C","9.30",",,,C"
"CA001020270","1983-08","50.5833","-126.9333","59.0","ALERT BAY, BC CA","0.0","C","0.0","1,C","10",",C","5",",C","0",",C","0",",C","0",",C","0",",C","0",",C","0","1,C","5","1,C","0","1,C","7.0",",C,21,","0",",,C,31,+","0",",,C,31,+","14.0",",,C,08,","24.8","1,C,31,","268.5","C","119.5","1,C","42.4",",,,C","0",",,,C","14.38","1,C","19.20","1,,,C","9.57",",,,C"
"CA001020270","1983-09","50.5833","-126.9333","59.0","ALERT BAY, BC CA","0.0","C","0.0",",C","17",",C","11",",C","0",",C","0",",C","0",",C","0",",C","0",",C","0",",C","0",",C","0",",C","1.6",",C,29,","0",",,C,30,+","0",",,C,30,+","19.9",",,C,06,","19.8",",C,22,+","489.6","C","221.1",",C","102.5",",,,C","0",",,,C","10.96",",C","15.03",",,,C","6.89",",,,C"
"CA001020270","1983-10","50.5833","-126.9333","59.0","ALERT BAY, BC CA","0.0","C","0.0","2,C","15","2,C","10","2,C","2","2,C","0","2,C","0","2,C","0","2,C","0","2,C","0","2,C","0","2,C","0","2,C","0.4","2,C,15,","0","2,,C,31,+","0","2,,C,31,+","40.9","2,,C,26,","14.2","2,C,09,","789.3","C","299.7","2,C","142.3","2,,,C","0","2,,,C","8.00","2,C","11.47","2,,,C","4.53","2,,,C"
"CA001020270","1983-11","50.5833","-126.9333","59.0","ALERT BAY, BC CA","0.0","C","0.0",",C","22",",C","19",",C","2",",C","0",",C","0",",C","0",",C","2",",C","0",",C","0",",C","0",",C","-0.2",",C,29,","0",",,C,30,+","0",",,C,30,+","49.1",",,C,15,","11.3",",C,02,+","1159.2","C","369.9",",C","244.9",",,,C","0",",,,C","6.00",",C","8.41",",,,C","3.60",",,,C"
"CA001020270","1983-12","50.5833","-126.9333","59.0","ALERT BAY, BC CA","0.0","C","0.0",",C","14",",C","6",",C","2",",C","0",",C","0",",C","0",",C","13",",C","4",",C","0",",C","0",",C","-8.3",",C,23,","0",",T,C,29,","20",",,C,02,","35.7",",,C,30,","9.5",",C,13,","1676.9","C","517.7",",C","108.3",",,,C","24",",,,C","1.63",",C","3.59",",,,C","-0.33",",,,C"
"CA001020270","1984-01","50.5833","-126.9333","59.0","ALERT BAY, BC CA","0.0","C","0.0",",C","20",",C","17",",C","1",",C","0",",C","1",",C","0",",C","6",",C","0",",C","0",",C","0",",C","-2.5",",C,15,","0",",,C,31,+","31",",,C,20,","41.7",",,C,27,","12.2",",C,04,","2096.7","C","419.8",",C","247.4",",,,C","31",",,,C","4.79",",C","6.79",",,,C","2.79",",,,C"
"CA001020270","1984-02","50.5833","-126.9333","59.0","ALERT BAY, BC CA","0.0","C","0.0",",C","24",",C","17",",C","0",",C","0",",C","0",",C","0",",C","1",",C","0",",C","0",",C","0",",C","-0.5",",C,16,","0",",,C,29,+","10",",,C,22,","21.7",",,C,19,","11.3",",C,05,","2461.3","C","364.6",",C","160.0",",,,C","18",",,,C","5.76",",C","7.71",",,,C","3.81",",,,C"
"CA001020270","1984-03","50.5833","-126.9333","59.0","ALERT BAY, BC CA","0.0","C","0.0",",C","19",",C","10",",C","0",",C","0",",C","0",",C","0",",C","0",",C","0",",C","0",",C","0",",C","0.3",",C,03,","0",",,C,31,+","0",",,C,31,+","13.9",",,C,22,","16.6",",C,08,","2796.3","C","335.0",",C","81.0",",,,C","0",",,,C","7.53",",C","10.86",",,,C","4.19",",,,C"
"CA001020270","1984-04","50.5833","-126.9333","59.0","ALERT BAY, BC CA","0.0","C","0.0",",C","22",",C","11",",C","1",",C","0",",C","0",",C","0",",C","0",",C","0",",C","0",",C","0",",C","1.3",",C,24,+","0",",,C,30,+","10",",,C,23,","27.8",",,C,14,","15.7",",C,28,","3126.6","C","330.3",",C","117.6",",,,C","10",",,,C","7.32",",C","10.89",",,,C","3.76",",,,C"
"CA001020270","1984-05","50.5833","-126.9333","59.0","ALERT BAY, BC CA","0.0","C","0.0",",C","25",",C","15",",C","0",",C","0",",C","0",",C","0",",C","0",",C","0",",C","0",",C","0",",C","2.9",",C,03,","0",",,C,31,+","0",",,C,31,+","15.7",",,C,30,","18.2",",C,27,","3414.8","C","288.2",",C","120.4",",,,C","0",",,,C","9.04",",C","12.24",",,,C","5.84",",,,C"
"CA001020270","1984-06","50.5833","-126.9333","59.0","ALERT BAY, BC CA","0.0","C","0.0",",C","12",",C","6",",C","0",",C","0",",C","0",",C","0",",C","0",",C","0",",C","0",",C","0",",C","5.2",",C,19,+","0",",,C,30,+","0",",,C,30,+","18.8",",,C,30,","19.4",",C,10,","3618.2","C","203.4",",C","52.3",",,,C","0",",,,C","11.55",",C","15.02",",,,C","8.08",",,,C"
"CA001020270","1984-07","50.5833","-126.9333","59.0","ALERT BAY, BC CA","0.0","C","0.0",",C","10",",C","5",",C","0",",C","0",",C","0",",C","0",",C","0",",C","0",",C","4",",C","0",",C","7.5",",C,14,","0",",,C,31,+","0",",,C,31,+","19.9",",,C,06,","22.7",",C,29,","138.7","C","138.7",",C","59.5",",,,C","0",",,,C","13.86",",C","17.82",",,,C","9.89",",,,C"
"CA001020270","1984-08","50.5833","-126.9333","59.0","ALERT BAY, BC CA","0.0","C","0.0",",C","23",",C","15",",C","0",",C","0",",C","0",",C","0",",C","0",",C","0",",C","2",",C","0",",C","6.8",",C,20,","0",",,C,31,+","0",",,C,31,+","12.5",",,C,05,","21.2",",C,21,","272.5","C","133.8",",C","113.7",",,,C","0",",,,C","14.02",",C","17.45",",,,C","10.58",",,,C"
"CA001020270","1984-09","50.5833","-126.9333","59.0","ALERT BAY, BC CA","0.0","C","0.0",",C","16",",C","13",",C","0",",C","0",",C","0",",C","0",",C","0",",C","0",",C","0",",C","0",",C","3.2",",C,23,","0",",,C,30,+","0",",,C,30,+","19.0",",,C,17,","19.8",",C,14,","471.6","C","199.1",",C","118.9",",,,C","0",",,,C","11.70",",C","15.41",",,,C","7.99",",,,C"
"CA001020270","1984-10","50.5833","-126.9333","59.0","ALERT BAY, BC CA","0.0","C","0.0",",C","19",",C","14",",C","4",",C","0",",C","0",",C","0",",C","3",",C","0",",C","0",",C","0",",C","-2.9",",C,31,","0",",,C,31,+","0",",T,C,31,+","32.9",",,C,08,","17.8",",C,03,","795.5","C","323.9",",C","262.1",",,,C","0",",T,,C","7.89",",C","10.48",",,,C","5.29",",,,C"
"CA001020270","1984-11","50.5833","-126.9333","59.0","ALERT BAY, BC CA","0.0","C","0.0",",C","25",",C","18",",C","1",",C","0",",C","1",",C","0",",C","2",",C","0",",C","0",",C","0",",C","-1.0",",C,01,","20",",,C,01,","144",",,C,01,","38.4",",,C,22,","9.6",",C,18,","1212.0","C","416.5",",C","201.5",",,,C","144",",,,C","4.45",",C","6.38",",,,C","2.52",",,,C"
"CA001020270","1984-12","50.5833","-126.9333","59.0","ALERT BAY, BC CA","0.0","C","0.0",",C","20",",C","11",",C","2",",C","0",",C","1",",C","0",",C","10",",C","3",",C","0",",C","0",",C","-7.2",",C,29,","10",",,C,29,+","78",",,C,20,","32.5",",,C,14,","6.3",",C,23,","1728.4","C","516.4",",C","185.4",",,,C","134",",,,C","1.67",",C","3.38",",,,C","-0.03",",,,C"
"CA001020270","1985-01","50.5833","-126.9333","59.0","ALERT BAY, BC CA","0.0","C","0.0",",C","16",",C","9",",C","1",",C","0",",C","0",",C","0",",C","1",",C","0",",C","0",",C","0",",C","-1.5",",C,01,","0",",T,C,01,","10",",,C,27,","32.4",",,C,17,","8.8",",C,18,","2151.2","C","422.8",",C","95.0",",,,C","10",",,,C","4.70",",C","6.25",",,,C","3.14",",,,C"
"CA001020270","1985-02","50.5833","-126.9333","59.0","ALERT BAY, BC CA","0.0","C","0.0",",C","22",",C","15",",C","0",",C","0",",C","3",",C","0",",C","7",",C","0",",C","0",",C","0",",C","-3.2",",C,07,","10",",,C,10,+","60",",,C,06,","24.3",",,C,11,","9.3",",C,14,","2564.4","C","413.2",",C","158.7",",,,C","145",",,,C","3.58",",C","5.64",",,,C","1.52",",,,C"
"CA001020270","1985-03","50.5833","-126.9333","59.0","ALERT BAY, BC CA","0.0","C","0.0",",C","17",",C","10",",C","0",",C","0",",C","1",",C","0",",C","2",",C","0",",C","0",",C","0",",C","-0.3",",C,09,","0",",,C,31,+","42",",,C,23,","21.5",",,C,23,","13.4",",C,16,","2978.3","C","413.9",",C","92.6",",,,C","47",",,,C","4.98",",C","8.10",",,,C","1.87",",,,C"
"CA001020270","1985-04","50.5833","-126.9333","59.0","ALERT BAY, BC CA","0.0","C","0.0",",C","20",",C","12",",C","1",",C","0",",C","0",",C","0",",C","1",",C","0",",C","0",",C","0",",C","-0.8",",C,21,","0",",,C,30,+","22",",,C,03,","29.9",",,C,01,","18.5",",C,07,","3333.8","C","355.5",",C","125.3",",,,C","22",",,,C","6.48",",C","9.86",",,,C","3.11",",,,C"
"CA001020270","1985-05","50.5833","-126.9333","59.0","ALERT BAY, BC CA","0.0","C","0.0",",C","18",",C","7",",C","0",",C","0",",C","0",",C","0",",C","0",",C","0",",C","1",",C","0",",C","0.9",",C,05,","0",",,C,31,+","0",",,C,31,+","7.4",",,C,04,","22.2",",C,17,","3593.8","C","260.0",",C","45.5",",,,C","0",",,,C","9.95",",C","14.09",",,,C","5.81",",,,C"
"CA001020270","1985-06","50.5833","-126.9333","59.0","ALERT BAY, BC CA","0.0","C","0.0",",C","15",",C","6",",C","0",",C","0",",C","0",",C","0",",C","0",",C","0",",C","1",",C","0",",C","4.9",",C,16,","0",",,C,30,+","0",",,C,30,+","21.2",",,C,14,","26.9",",C,17,","3788.9","C","195.1",",C","56.1",",,,C","0",",,,C","11.83",",C","15.65",",,,C","8.01",",,,C"
"CA001020270","1985-07","50.5833","-126.9333","59.0","ALERT BAY, BC CA","0.0","C","0.0",",C","2",",C","2",",C","0",",C","0",",C","0",",C","0",",C","0",",C","0",",C","6",",C","0",",C","5.9",",C,01,","0",",,C,31,+","0",",,C,31,+","3.7",",,C,10,","26.8",",C,02,","110.7","C","110.7",",C","7.1",",,,C","0",",,,C","14.76",",C","19.47",",,,C","10.05",",,,C"
"CA001020270","1985-08","50.5833","-126.9333","59.0","ALERT BAY, BC CA","0.0","C","0.0",",C","7",",C","4",",C","0",",C","0",",C","0",",C","0",",C","0",",C","0",",C","4",",C","0",",C","6.8",",C,26,","0",",,C,31,+","0",",,C,31,+","7.3",",,C,03,","23.9",",C,16,","253.6","C","142.9",",C","20.6",",,,C","0",",,,C","13.72",",C","17.75",",,,C","9.70",",,,C"
"CA001020270","1985-09","50.5833","-126.9333","59.0","ALERT BAY, BC CA","0.0","C","0.0",",C","8",",C","6",",C","0",",C","0",",C","0",",C","0",",C","0",",C","0",",C","0",",C","0",",C","4.1",",C,29,","0",",,C,30,+","0",",,C,30,+","16.0",",,C,04,","20.2",",C,27,","466.0","C","212.4",",C","46.0",",,,C","0",",,,C","11.25",",C","15.17",",,,C","7.34",",,,C"
"CA001020270","1985-10","50.5833","-126.9333","59.0","ALERT BAY, BC CA","0.0","C","0.0",",C","26",",C","22",",C","0",",C","0",",C","0",",C","0",",C","1",",C","0",",C","0",",C","0",",C","-0.7",",C,08,","0",",,C,31,+","0",",,C,31,+","18.3",",,C,11,","15.0",",C,04,","791.0","C","325.0",",C","235.5",",,,C","0",",,,C","7.85",",C","10.29",",,,C","5.41",",,,C"
"CA001020270","1985-11","50.5833","-126.9333","59.0","ALERT BAY, BC CA","0.0","C","0.0","1,C","15",",C","10",",C","0",",C","0","2,C","1","1,C","0",",C","15",",C","9","1,C","0","1,C","0","1,C","-12.6",",C,26,","20","2,,C,26,","32","1,,C,16,","14.7",",,C,01,","8.2","1,C,01,","1304.9","C","513.9","1,C","76.4",",,,C","72","1,,,C","0.43","1,C","2.86","1,,,C","-2.00",",,,C"
"CA001020270","1985-12","50.5833","-126.9333","59.0","ALERT BAY, BC CA","0.0","C","0.0",",C","15",",C","8",",C","1",",C","0",",C","0",",C","0",",C","9",",C","1",",C","0",",C","0",",C","-4.7",",C,01,","0",",T,C,03,+","19",",,C,03,","33.1",",,C,04,","8.4",",C,17,","1769.1","C","464.2",",C","92.0",",,,C","31",",,,C","3.36",",C","5.04",",,,C","1.68",",,,C"
"CA001020270","1986-01","50.5833","-126.9333","59.0","ALERT BAY, BC CA","0.0","C","0.0",",C","23",",C","19",",C","4",",C","0",",C","0",",C","0",",C","1",",C","0",",C","0",",C","0",",C","-1.0",",C,03,","0",",,C,31,+","0",",T,C,26,+","62.4",",,C,10,","11.8",",C,13,","2170.8","C","401.7",",C","369.0",",,,C","0",",T,,C","5.38",",C","7.11",",,,C","3.65",",,,C"
"CA001020270","1986-02","50.5833","-126.9333","59.0","ALERT BAY, BC CA","0.0","C","0.0",",C","11",",C","7",",C","1",",C","2",",C","1",",C","0",",C","11",",C","5",",C","0",",C","0",",C","-7.8",",C,19,","240",",,C,21,","288",",,C,20,","28.8",",,C,20,","13.6",",C,25,","2593.4","C","422.6",",C","85.5",",,,C","325",",,,C","3.24",",C","5.89",",,,C","0.59",",,,C"
"CA001020270","1986-03","50.5833","-126.9333","59.0","ALERT BAY, BC CA","0.0","C","0.0",",C","23",",C","15",",C","1",",C","0",",C","0",",C","0",",C","0",",C","0",",C","0",",C","0",",C","1.0",",C,15,","0",",,C,31,+","0",",,C,31,+","54.2",",,C,26,","13.2",",C,07,","2937.1","C","343.7",",C","170.5",",,,C","0",",,,C","7.25",",C","9.88",",,,C","4.61",",,,C"
"CA001020270","1986-04","50.5833","-126.9333","59.0","ALERT BAY, BC CA","0.0","C","0.0","1,C","22",",C","11",",C","1",",C","0",",C","0",",C","0","1,C","1","1,C","0","1,C","0","1,C","0","1,C","-0.8","1,C,29,","0",",,C,30,+","0",",T,C,28,","51.5",",,C,19,","17.4","1,C,07,","3269.9","C","332.8","1,C","114.5",",,,C","0",",T,,C","6.86","1,C","9.97","1,,,C","3.74","1,,,C"
"CA001020270","1986-05","50.5833","-126.9333","59.0","ALERT BAY, BC CA","0.0","C","0.0",",C","19",",C","12",",C","2",",C","0",",C","0",",C","0",",C","0",",C","0",",C","1",",C","0",",C","3.2",",C,13,+","0",",,C,31,+","0",",,C,31,+","33.8",",,C,25,","21.6",",C,28,","3532.9","C","263.0",",C","142.8",",,,C","0",",,,C","9.85",",C","13.49",",,,C","6.21",",,,C"
"CA001020270","1986-06","50.5833","-126.9333","59.0","ALERT BAY, BC CA","0.0","C","0.0",",C","17",",C","11",",C","0",",C","0",",C","0",",C","0",",C","0",",C","0",",C","1",",C","0",",C","5.0",",C,26,","0",",,C,30,+","0",",,C,30,+","16.6",",,C,21,","27.0",",C,13,","3723.8","C","190.9",",C","92.8",",,,C","0",",,,C","11.97",",C","15.44",",,,C","8.50",",,,C"
"CA001020270","1986-07","50.5833","-126.9333","59.0","ALERT BAY, BC CA","0.0","C","0.0",",C","14",",C","5",",C","0",",C","0",",C","0",",C","0",",C","0",",C","0",",C","1",",C","0",",C","6.5",",C,02,","0",",,C,31,+","0",",,C,31,+","12.8",",,C,01,","22.0",",C,31,","150.6","C","150.6",",C","42.1",",,,C","0",",,,C","13.47",",C","16.72",",,,C","10.23",",,,C"
"CA001020270","1986-08","50.5833","-126.9333","59.0","ALERT BAY, BC CA","0.0","C","0.0",",C","1",",C","0",",C","0",",C","0",",C","0",",C","0",",C","0",",C","0",",C","5",",C","0",",C","6.3",",C,20,","0",",,C,31,+","0",",,C,31,+","1.0",",,C,31,","22.2",",C,26,","262.6","C","112.0",",C","1.2",",,,C","0",",,,C","14.72",",C","18.93",",,,C","10.51",",,,C"
"CA001020270","1986-09","50.5833","-126.9333","59.0","ALERT BAY, BC CA","0.0","C","0.0",",C","17",",C","8",",C","1",",C","0",",C","0",",C","0",",C","0",",C","0",",C","1",",C","0",",C","4.4",",C,12,","0",",,C,30,+","0",",,C,30,+","35.8",",,C,23,","21.8",",C,05,","451.8","C","189.2",",C","98.8",",,,C","0",",,,C","12.03",",C","15.47",",,,C","8.59",",,,C"
"CA001020270","1986-10","50.5833","-126.9333","59.0","ALERT BAY, BC CA","0.0","C","0.0",",C","13",",C","7",",C","1",",C","0",",C","0",",C","0",",C","0",",C","0",",C","0",",C","0",",C","3.2",",C,11,","0",",,C,31,+","0",",,C,31,+","27.3",",,C,26,","18.3",",C,05,","666.9","C","215.1",",C","99.4",",,,C","0",",,,C","11.39",",C","14.29",",,,C","8.50",",,,C"
"CA001020270","1986-11","50.5833","-126.9333","59.0","ALERT BAY, BC CA","0.0","C","0.0",",C","23",",C","23",",C","4",",C","0",",C","0",",C","0",",C","0",",C","0",",C","0",",C","0",",C","0.7",",C,10,","0",",,C,30,+","0",",,C,30,+","65.1",",,C,25,","12.2",",C,01,","1040.2","C","373.3",",C","375.3",",,,C","0",",,,C","5.89",",C","7.52",",,,C","4.25",",,,C"
"CA001020270","1986-12","50.5833","-126.9333","59.0","ALERT BAY, BC CA","0.0","C","0.0",",C","17",",C","16",",C","3",",C","0",",C","0",",C","0",",C","4",",C","0",",C","0",",C","0",",C","-1.1",",C,09,","0",",,C,31,+","0",",,C,31,+","36.0",",,C,26,","9.7",",C,22,","1455.1","C","414.9",",C","213.4",",,,C","0",",,,C","4.95",",C","6.53",",,,C","3.37",",,,C"
"CA001020270","1987-01","50.5833","-126.9333","59.0","ALERT BAY, BC CA","0.0","C","0.0",",C","25",",C","18",",C","3",",C","0",",C","0",",C","0",",C","2",",C","0",",C","0",",C","0",",C","-0.8",",C,14,","0",",T,C,13,","22",",,C,13,","59.3",",,C,29,","9.3",",C,11,","1889.9","C","434.8",",C","268.4",",,,C","30",",,,C","4.31",",C","5.88",",,,C","2.73",",,,C"
"CA001020270","1987-02","50.5833","-126.9333","59.0","ALERT BAY, BC CA","0.0","C","0.0",",C","22",",C","17",",C","2",",C","0",",C","1",",C","0",",C","4",",C","0",",C","0",",C","0",",C","-1.8",",C,25,","20",",,C,28,","80",",,C,27,","39.7",",,C,04,","11.9",",C,06,","2229.7","C","339.8",",C","193.6",",,,C","93",",,,C","6.20",",C","8.36",",,,C","4.03",",,,C"
"CA001020270","1987-03","50.5833","-126.9333","59.0","ALERT BAY, BC CA","0.0","C","0.0",",C","17",",C","9",",C","1",",C","0",",C","0",",C","0",",C","1",",C","0",",C","0",",C","0",",C","-1.2",",C,01,","0",",,C,31,+","0",",T,C,01,","59.6",",,C,04,","16.7",",C,31,","2573.8","C","344.1",",C","146.7",",,,C","0",",T,,C","7.23",",C","10.29",",,,C","4.17",",,,C"
"CA001020270","1987-04","50.5833","-126.9333","59.0","ALERT BAY, BC CA","0.0","C","0.0",",C","21",",C","11",",C","0",",C","0",",C","0",",C","0",",C","0",",C","0",",C","1",",C","0",",C","1.1",",C,23,","0",",,C,30,+","0",",,C,30,+","21.3",",,C,09,","23.5",",C,27,","2872.3","C","298.5",",C","111.7",",,,C","0",",,,C","8.38",",C","11.97",",,,C","4.79",",,,C"
"CA001020270","1987-05","50.5833","-126.9333","59.0","ALERT BAY, BC CA","0.0","C","0.0",",C","13",",C","7",",C","0",",C","0",",C","0",",C","0",",C","0",",C","0",",C","0",",C","0",",C","3.2",",C,05,","0",",,C,31,+","0",",,C,31,+","21.2",",,C,03,","20.0",",C,06,","3128.3","C","256.0",",C","74.4",",,,C","0",",,,C","10.07",",C","13.69",",,,C","6.45",",,,C"
"CA001020270","1987-06","50.5833","-126.9333","59.0","ALERT BAY, BC CA","0.0","C","0.0",",C","9",",C","5",",C","1",",C","0",",C","0",",C","0",",C","0",",C","0",",C","0",",C","0",",C","4.6",",C,07,","0",",,C,30,+","0",",,C,30,+","46.9",",,C,12,","21.0",",C,29,","3316.9","C","188.6",",C","89.2",",,,C","0",",,,C","12.05",",C","15.85",",,,C","8.24",",,,C"
"CA001020270","1987-07","50.5833","-126.9333","59.0","ALERT BAY, BC CA","0.0","C","0.0",",C","12",",C","5",",C","0",",C","0",",C","0",",C","0",",C","0",",C","0",",C","2",",C","0",",C","9.0",",C,10,+","0",",,C,31,+","0",",,C,31,+","19.8",",,C,07,","25.8",",C,18,","126.4","C","126.4",",C","42.8",",,,C","0",",,,C","14.26",",C","18.04",",,,C","10.47",",,,C"
"CA001020270","1987-08","50.5833","-126.9333","59.0","ALERT BAY, BC CA","0.4","C","0.4",",C","6",",C","4",",C","0",",C","0",",C","0",",C","0",",C","0",",C","0",",C","3",",C","0",",C","8.2",",C,22,+","0",",,C,31,+","0",",,C,31,+","14.8",",,C,19,","26.6",",C,31,","249.9","C","123.5",",C","32.5",",,,C","0",",,,C","14.36",",C","18.28",",,,C","10.44",",,,C"
"CA001020270","1987-09","50.5833","-126.9333","59.0","ALERT BAY, BC CA","0.4","C","0.0",",C","17",",C","7",",C","1",",C","0",",C","0",",C","0",",C","0",",C","0",",C","0",",C","0",",C","4.6",",C,13,","0",",,C,30,+","0",",,C,30,+","33.3",",,C,19,","21.0",",C,21,","415.5","C","165.6",",C","117.2",",,,C","0",",,,C","12.81",",C","16.36",",,,C","9.26",",,,C"
"CA001020270","1987-10","50.5833","-126.9333","59.0","ALERT BAY, BC CA","0.4","C","0.0",",C","16",",C","8",",C","0",",C","0",",C","0",",C","0",",C","0",",C","0",",C","1",",C","0",",C","3.3",",C,09,","0",",,C,31,+","0",",,C,31,+","11.4",",,C,28,","23.9",",C,01,","685.7","C","270.2",",C","66.3",",,,C","0",",,,C","9.62",",C","12.94",",,,C","6.30",",,,C"
"CA001020270","1987-11","50.5833","-126.9333","59.0","ALERT BAY, BC CA","0.4","C","0.0",",C","25",",C","20",",C","2",",C","0",",C","0",",C","0",",C","0",",C","0",",C","0",",C","0",",C","0.9",",C,16,","0",",,C,30,+","0",",,C,30,+","47.7",",,C,10,","12.5",",C,08,","1015.5","C","329.8",",C","266.0",",,,C","0",",,,C","7.34",",C","8.97",",,,C","5.71",",,,C"
"CA001020270","1987-12","50.5833","-126.9333","59.0","ALERT BAY, BC CA","0.4","C","0.0",",C","24",",C","20",",C","2",",C","0",",C","2",",C","0",",C","7",",C","0",",C","0",",C","0",",C","-1.3",",C,31,","10",",,C,14,+","70",",,C,15,","36.2",",,C,01,","9.4",",C,06,","1471.4","C","455.9",",C","246.9",",,,C","166",",,,C","3.63",",C","5.51",",,,C","1.74",",,,C"
"CA001020270","1988-01","50.5833","-126.9333","59.0","ALERT BAY, BC CA","0.0","C","0.0",",C","21",",C","16",",C","1",",C","1",",C","1",",C","0",",C","6",",C","0",",C","0",",C","0",",C","-4.2",",C,31,","30",",,C,30,","40",",,C,29,","26.0",",,C,14,","9.4",",C,14,","1919.0","C","447.6",",C","170.0",",,,C","46",",,,C","3.89",",C","5.65",",,,C","2.14",",,,C"
"CA001020270","1988-02","50.5833","-126.9333","59.0","ALERT BAY, BC CA","0.0","C","0.0","1,C","20","1,C","14","1,C","3","1,C","1","1,C","1","1,C","0","1,C","3","1,C","0","1,C","0","1,C","0","1,C","-4.9","1,C,01,","30","1,,C,03,","39","1,,C,02,","36.4","1,,C,10,","11.2","1,C,24,","2289.9","C","370.9","1,C","172.6","1,,,C","45","1,,,C","5.09","1,C","7.10","1,,,C","3.08","1,,,C"
"CA001020270","1988-03","50.5833","-126.9333","59.0","ALERT BAY, BC CA","0.0","C","0.0",",C","21",",C","17",",C","1",",C","0",",C","0",",C","0",",C","1",",C","0",",C","0",",C","0",",C","0.0",",C,10,","0",",,C,31,+","0",",T,C,05,","37.4",",,C,19,","14.2",",C,17,+","2672.7","C","382.8",",C","223.2",",,,C","0",",T,,C","5.99",",C","8.95",",,,C","3.02",",,,C"
"CA001020270","1988-04","50.5833","-126.9333","59.0","ALERT BAY, BC CA","0.0","C","0.0",",C","14",",C","10",",C","1",",C","0",",C","1",",C","0",",C","1",",C","0",",C","0",",C","0",",C","-0.8",",C,07,","10",",,C,07,","30",",,C,07,","26.6",",,C,05,","17.9",",C,12,","2997.5","C","324.8",",C","118.2",",,,C","30",",,,C","7.51",",C","11.42",",,,C","3.60",",,,C"
"CA001020270","1988-05","50.5833","-126.9333","59.0","ALERT BAY, BC CA","0.0","C","0.0",",C","18",",C","11",",C","0",",C","0",",C","0",",C","0",",C","0",",C","0",",C","1",",C","0",",C","2.2",",C,01,","0",",,C,31,+","0",",,C,31,+","9.2",",,C,16,","22.6",",C,11,","3248.5","C","251.0",",C","62.8",",,,C","0",",,,C","10.24",",C","14.00",",,,C","6.47",",,,C"
"CA001020270","1988-06","50.5833","-126.9333","59.0","ALERT BAY, BC CA","0.0","C","0.0",",C","17",",C","7",",C","0",",C","0",",C","0",",C","0",",C","0",",C","0",",C","1",",C","0",",C","3.2",",C,03,","0",",,C,30,+","0",",,C,30,+","17.0",",,C,03,","21.2",",C,13,","3454.0","C","205.5",",C","55.8",",,,C","0",",,,C","11.48",",C","15.47",",,,C","7.49",",,,C"
"CA001020270","1988-07","50.5833","-126.9333","59.0","ALERT BAY, BC CA","1.7","C","1.7",",C","7",",C","2",",C","0",",C","0",",C","0",",C","0",",C","0",",C","0",",C","3",",C","0",",C","5.5",",C,03,","0",",,C,31,+","0",",,C,31,+","9.6",",,C,12,","26.7",",C,25,","150.6","C","150.6",",C","19.7",",,,C","0",",,,C","13.53",",C","17.72",",,,C","9.34",",,,C"
"CA001020270","1988-08","50.5833","-126.9333","59.0","ALERT BAY, BC CA","1.7","C","0.0",",C","12",",C","9",",C","0",",C","0",",C","0",",C","0",",C","0",",C","0",",C","3",",C","0",",C","8.6",",C,22,","0",",,C,31,+","0",",,C,31,+","15.2",",,C,07,","24.9",",C,27,","276.7","C","126.1",",C","87.3",",,,C","0",",,,C","14.27",",C","17.85",",,,C","10.69",",,,C"
"CA001020270","1988-09","50.5833","-126.9333","59.0","ALERT BAY, BC CA","2.5","C","0.8",",C","15",",C","8",",C","0",",C","0",",C","0",",C","0",",C","0",",C","0",",C","2",",C","0",",C","3.7",",C,25,","0",",,C,30,+","0",",,C,30,+","19.4",",,C,28,","27.4",",C,03,","470.1","C","193.4",",C","68.4",",,,C","0",",,,C","11.91",",C","15.52",",,,C","8.31",",,,C"
"CA001020270","1988-10","50.5833","-126.9333","59.0","ALERT BAY, BC CA","2.5","C","0.0",",C","17",",C","14",",C","0",",C","0",",C","0",",C","0",",C","0",",C","0",",C","1",",C","0",",C","1.6",",C,28,+","0",",,C,31,+","0",",,C,31,+","25.3",",,C,22,","22.5",",C,02,","726.4","C","256.3",",C","190.8",",,,C","0",",,,C","10.06",",C","12.75",",,,C","7.38",",,,C"
"CA001020270","1988-11","50.5833","-126.9333","59.0","ALERT BAY, BC CA","2.5","C","0.0",",C","27",",C","20",",C","3",",C","0",",C","0",",C","0",",C","3",",C","0",",C","0",",C","0",",C","-0.8",",C,25,","0",",,C,30,+","10",",,C,24,","35.0",",,C,05,","11.1",",C,01,","1095.0","C","368.6",",C","283.6",",,,C","10",",,,C","6.05",",C","7.66",",,,C","4.43",",,,C"
"CA001020270","1988-12","50.5833","-126.9333","59.0","ALERT BAY, BC CA","2.5","C","0.0",",C","20",",C","17",",C","0",",C","0",",C","1",",C","0",",C","7",",C","0",",C","0",",C","0",",C","-1.3",",C,15,","20",",,C,23,+","184",",,C,22,","25.2",",,C,22,","12.1",",C,04,","1528.2","C","433.2",",C","175.1",",,,C","184",",,,C","4.36",",C","6.17",",,,C","2.54",",,,C"
"CA001020270","1989-01","50.5833","-126.9333","59.0","ALERT BAY, BC CA","0.0","C","0.0",",C","27",",C","22",",C","1",",C","0",",C","2",",C","0",",C","9",",C","1",",C","0",",C","0",",C","-8.7",",C,31,","10",",,C,24,+","38",",,C,08,","35.5",",,C,12,","12.9",",C,30,","2005.4","C","477.2",",C","220.0",",,,C","118",",,,C","2.94",",C","4.82",",,,C","1.06",",,,C"
"CA001020270","1989-02","50.5833","-126.9333","59.0","ALERT BAY, BC CA","0.0","C","0.0",",C","11",",C","5",",C","0",",C","1",",C","0",",C","0",",C","14",",C","3",",C","0",",C","0",",C","-13.6",",C,01,","60",",,C,01,","2",",,C,28,","20.5",",,C,22,","7.8",",C,21,","2488.7","C","483.3",",C","43.4",",,,C","2",",,,C","1.07",",C","3.89",",,,C","-1.74",",,,C"
"CA001020270","1989-03","50.5833","-126.9333","59.0","ALERT BAY, BC CA","0.0","C","0.0",",C","19",",C","11",",C","0",",C","0",",C","1",",C","0",",C","5",",C","0",",C","0",",C","0",",C","-5.3",",C,02,","0",",T,C,01,","25",",,C,06,","21.8",",,C,11,","12.3",",C,24,","2898.7","C","410.0",",C","104.3",",,,C","29",",,,C","5.11",",C","8.14",",,,C","2.08",",,,C"
"CA001020270","1989-04","50.5833","-126.9333","59.0","ALERT BAY, BC CA","0.0","C","0.0",",C","11",",C","9",",C","0",",C","0",",C","0",",C","0",",C","0",",C","0",",C","2",",C","0",",C","0.5",",C,08,","0",",,C,30,+","0",",,C,30,+","19.4",",,C,06,","22.9",",C,30,","3179.4","C","280.7",",C","78.2",",,,C","0",",,,C","8.98",",C","13.49",",,,C","4.46",",,,C"
"CA001020270","1989-05","50.5833","-126.9333","59.0","ALERT BAY, BC CA","0.0","C","0.0",",C","17",",C","6",",C","0",",C","0",",C","0",",C","0",",C","0",",C","0",",C","3",",C","0",",C","2.8",",C,20,","0",",,C,31,+","0",",,C,31,+","8.1",",,C,26,","21.7",",C,01,","3411.9","C","232.5",",C","38.6",",,,C","0",",,,C","10.83",",C","15.48",",,,C","6.18",",,,C"
"CA001020270","1989-06","50.5833","-126.9333","59.0","ALERT BAY, BC CA","0.0","C","0.0",",C","14",",C","6",",C","0",",C","0",",C","0",",C","0",",C","0",",C","0",",C","1",",C","0",",C","6.4",",C,28,","0",",,C,30,+","0",",,C,30,+","13.0",",,C,13,","21.2",",C,03,","3585.0","C","173.1",",C","59.9",",,,C","0",",,,C","12.56",",C","16.40",",,,C","8.73",",,,C"
"CA001020270","1989-07","50.5833","-126.9333","59.0","ALERT BAY, BC CA","0.0","C","0.0",",C","11",",C","6",",C","0",",C","0",",C","0",",C","0",",C","0",",C","0",",C","3",",C","0",",C","8.1",",C,20,","0",",,C,31,+","0",",,C,31,+","8.1",",,C,16,","22.0",",C,29,","115.6","C","115.6",",C","34.9",",,,C","0",",,,C","14.60",",C","18.58",",,,C","10.63",",,,C"
"CA001020270","1989-08","50.5833","-126.9333","59.0","ALERT BAY, BC CA","0.0","C","0.0",",C","10",",C","6",",C","0",",C","0",",C","0",",C","0",",C","0",",C","0",",C","2",",C","0",",C","7.8",",C,26,","0",",,C,31,+","0",",,C,31,+","19.8",",,C,20,","22.1",",C,12,","235.1","C","119.5",",C","47.5",",,,C","0",",,,C","14.48",",C","18.24",",,,C","10.71",",,,C"
"CA001020270","1989-09","50.5833","-126.9333","59.0","ALERT BAY, BC CA","0.8","C","0.8",",C","6",",C","1",",C","0",",C","0",",C","0",",C","0",",C","0",",C","0",",C","3",",C","0",",C","5.7",",C,22,","0",",,C,30,+","0",",,C,30,+","10.3",",,C,26,","27.9",",C,08,","397.6","C","162.5",",C","17.1",",,,C","0",",,,C","12.94",",C","17.42",",,,C","8.47",",,,C"
"CA001020270","1989-10","50.5833","-126.9333","59.0","ALERT BAY, BC CA","0.8","C","0.0",",C","21",",C","18",",C","2",",C","0",",C","0",",C","0",",C","0",",C","0",",C","0",",C","0",",C","1.9",",C,28,","0",",,C,31,+","0",",,C,31,+","42.8",",,C,17,","18.0",",C,08,","684.1","C","286.5",",C","232.6",",,,C","0",",,,C","9.09",",C","11.84",",,,C","6.35",",,,C"
"CA001020270","1989-11","50.5833","-126.9333","59.0","ALERT BAY, BC CA","0.8","C","0.0",",C","23",",C","19",",C","4",",C","0",",C","1",",C","0",",C","1",",C","0",",C","0",",C","0",",C","-0.4",",C,22,","10",",,C,13,","45",",,C,13,","54.0",",,C,08,","12.2",",C,09,","1055.8","C","371.7",",C","316.4",",,,C","45",",,,C","5.94",",C","7.93",",,,C","3.95",",,,C"
"CA001020270","1989-12","50.5833","-126.9333","59.0","ALERT BAY, BC CA","0.8","C","0.0",",C","25",",C","16",",C","3",",C","0",",C","0",",C","0",",C","0",",C","0",",C","0",",C","0",",C","0.7",",C,11,","0",",,C,31,+","0",",,C,31,+","36.4",",,C,02,","12.2",",C,04,","1426.8","C","371.0",",C","215.1",",,,C","0",",,,C","6.37",",C","7.61",",,,C","5.13",",,,C"
"CA001020270","1990-01","50.5833","-126.9333","59.0","ALERT BAY, BC CA","0.0","C","0.0",",C","25",",C","22",",C","1",",C","0",",C","3",",C","0",",C","3",",C","1",",C","0",",C","0",",C","-3.3",",C,31,","20",",,C,26,","54",",,C,26,","32.4",",,C,05,","7.6",",C,04,","1875.6","C","448.8",",C","244.9",",,,C","127",",,,C","3.86",",C","5.50",",,,C","2.22",",,,C"
"CA001020270","1990-02","50.5833","-126.9333","59.0","ALERT BAY, BC CA","0.0","C","0.0",",C","16",",C","14",",C","1",",C","7",",C","6",",C","0",",C","13",",C","2",",C","0",",C","0",",C","-5.5",",C,17,","100",",,C,16,+","121",",,C,07,","28.6",",,C,02,","13.1",",C,27,","2314.4","C","438.8",",C","146.0",",,,C","410",",,,C","2.66",",C","5.04",",,,C","0.28",",,,C"
"CA001020270","1990-03","50.5833","-126.9333","59.0","ALERT BAY, BC CA","0.0","C","0.0",",C","14",",C","7",",C","0",",C","0",",C","0",",C","0",",C","4",",C","0",",C","0",",C","0",",C","-1.4",",C,08,","0",",,C,31,+","0",",T,C,22,+","15.2",",,C,09,","14.8",",C,19,","2674.1","C","359.7",",C","50.9",",,,C","0",",T,,C","6.73",",C","9.93",",,,C","3.53",",,,C"
"CA001020270","1990-04","50.5833","-126.9333","59.0","ALERT BAY, BC CA","0.0","C","0.0",",C","15",",C","11",",C","0",",C","0",",C","0",",C","0",",C","0",",C","0",",C","0",",C","0",",C","1.5",",C,29,","0",",,C,30,+","0",",,C,30,+","23.2",",,C,17,","19.4",",C,16,","2960.3","C","286.2",",C","78.5",",,,C","0",",,,C","8.79",",C","12.29",",,,C","5.30",",,,C"
"CA001020270","1990-05","50.5833","-126.9333","59.0","ALERT BAY, BC CA","0.0","C","0.0",",C","11",",C","3",",C","1",",C","0",",C","0",",C","0",",C","0",",C","0",",C","0",",C","0",",C","3.8",",C,23,","0",",,C,31,+","0",",,C,31,+","32.4",",,C,01,","18.6",",C,30,+","3196.9","C","236.6",",C","61.2",",,,C","0",",,,C","10.70",",C","14.12",",,,C","7.28",",,,C"
"CA001020270","1990-06","50.5833","-126.9333","59.0","ALERT BAY, BC CA","0.0","C","0.0",",C","19",",C","8",",C","1",",C","0",",C","0",",C","0",",C","0",",C","0",",C","0",",C","0",",C","5.6",",C,05,","0",",,C,30,+","0",",,C,30,+","47.4",",,C,10,","20.5",",C,13,","3366.8","C","169.9",",C","119.9",",,,C","0",",,,C","12.67",",C","15.88",",,,C","9.46",",,,C"
"CA001020270","1990-07","50.5833","-126.9333","59.0","ALERT BAY, BC CA","0.0","C","0.0","1,C","7",",C","3",",C","0",",C","0",",C","0",",C","0","1,C","0","1,C","0",",C","6",",C","0",",C","8.0","1,C,04,","0",",,C,31,+","0",",,C,31,+","9.8",",,C,05,","25.2",",C,21,+","99.1","C","99.1",",C","21.7",",,,C","0",",,,C","15.06","1,C","19.02",",,,C","11.10","1,,,C"
"CA001020270","1990-08","50.5833","-126.9333","59.0","ALERT BAY, BC CA","1.6","C","1.6",",C","11",",C","5",",C","0",",C","0",",C","0",",C","0",",C","0",",C","0",",C","12",",C","0",",C","7.3",",C,27,","0",",,C,31,+","0",",,C,31,+","19.0",",,C,16,","28.0",",C,12,","169.6","C","70.5",",C","61.4",",,,C","0",",,,C","16.11",",C","20.60",",,,C","11.61",",,,C"
"CA001020270","1990-09","50.5833","-126.9333","59.0","ALERT BAY, BC CA","1.8","C","0.2",",C","8",",C","2",",C","0",",C","0",",C","0",",C","0",",C","0",",C","0",",C","1",",C","0",",C","6.0",",C,26,","0",",,C,30,+","0",",,C,30,+","15.0",",,C,18,","26.8",",C,22,","338.5","C","168.9",",C","26.2",",,,C","0",",,,C","12.71",",C","16.73",",,,C","8.69",",,,C"
"CA001020270","1990-10","50.5833","-126.9333","59.0","ALERT BAY, BC CA","1.8","C","0.0",",C","31",",C","27",",C","3",",C","0",",C","0",",C","0",",C","0",",C","0",",C","0",",C","0",",C","3.5",",C,15,","0",",,C,31,+","0",",,C,31,+","83.5",",,C,27,","14.3",",C,04,","657.8","C","319.3",",C","382.0",",,,C","0",",,,C","8.03",",C","10.16",",,,C","5.90",",,,C"
"CA001020270","1990-11","50.5833","-126.9333","59.0","ALERT BAY, BC CA","1.8","C","0.0",",C","25",",C","23",",C","3",",C","1",",C","2",",C","0",",C","1",",C","0",",C","0",",C","0",",C","-0.2",",C,26,","30",",,C,30,","44",",,C,30,","41.2",",,C,11,","13.6",",C,12,","1048.8","C","391.0",",C","331.9",",,,C","82",",,,C","5.30",",C","7.22",",,,C","3.38",",,,C"
"CA001020270","1990-12","50.5833","-126.9333","59.0","ALERT BAY, BC CA","1.8","C","0.0",",C","21","1,C","16","1,C","2","1,C","2",",C","4","1,C","0",",C","11",",C","6",",C","0",",C","0",",C","-8.5",",C,19,","30",",,C,31,+","57","1,,C,18,","68.7","1,,C,03,","9.1",",C,03,","1568.8","C","520.0",",C","277.3","1,,,C","242","1,,,C","1.56",",C","3.65",",,,C","-0.53",",,,C"
"CA001020270","1991-01","50.5833","-126.9333","59.0","ALERT BAY, BC CA","0.0","C","0.0",",C","14",",C","10",",C","0",",C","1",",C","2",",C","0",",C","15",",C","2",",C","0",",C","0",",C","-3.4",",C,26,","30",",,C,09,","68",",,C,09,","20.4",",,C,11,","8.2",",C,14,","2051.8","C","483.0",",C","110.9",",,,C","98",",,,C","2.75",",C","4.52",",,,C","0.98",",,,C"
"CA001020270","1991-02","50.5833","-126.9333","59.0","ALERT BAY, BC CA","0.0","C","0.0",",C","20",",C","12",",C","1",",C","0",",C","0",",C","0",",C","0",",C","0",",C","0",",C","0",",C","0.8",",C,28,","0",",,C,28,+","0",",,C,28,+","45.3",",,C,01,","14.1",",C,26,","2387.2","C","335.4",",C","173.6",",,,C","0",",,,C","6.36",",C","8.70",",,,C","4.01",",,,C"
"CA001020270","1991-03","50.5833","-126.9333","59.0","ALERT BAY, BC CA","0.0","C","0.0",",C","18",",C","11",",C","0",",C","0",",C","1",",C","0",",C","12",",C","0",",C","0",",C","0",",C","-3.4",",C,01,","10",",,C,03,+","41",",,C,02,","11.2",",,C,09,","13.2",",C,18,","2825.3","C","438.1",",C","67.4",",,,C","97",",,,C","4.20",",C","7.35",",,,C","1.05",",,,C"
"CA001020270","1991-04","50.5833","-126.9333","59.0","ALERT BAY, BC CA","0.0","C","0.0",",C","19",",C","10",",C","0",",C","0",",C","0",",C","0",",C","1",",C","0",",C","0",",C","0",",C","-0.2",",C,11,","0",",,C,30,+","0",",T,C,09,","15.1",",,C,09,","17.8",",C,16,","3154.4","C","329.1",",C","81.7",",,,C","0",",T,,C","7.36",",C","11.02",",,,C","3.70",",,,C"
"CA001020270","1991-05","50.5833","-126.9333","59.0","ALERT BAY, BC CA","0.0","C","0.0",",C","14",",C","10",",C","0",",C","0",",C","0",",C","0",",C","0",",C","0",",C","0",",C","0",",C","3.5",",C,01,","0",",,C,31,+","0",",,C,31,+","17.9",",,C,08,","19.2",",C,02,","3404.0","C","249.6",",C","71.5",",,,C","0",",,,C","10.28",",C","13.74",",,,C","6.83",",,,C"
"CA001020270","1991-06","50.5833","-126.9333","59.0","ALERT BAY, BC CA","0.0","C","0.0",",C","17",",C","9",",C","0",",C","0",",C","0",",C","0",",C","0",",C","0",",C","2",",C","0",",C","5.2",",C,01,","0",",,C,30,+","0",",,C,30,+","10.4",",,C,09,","23.0",",C,20,","3594.6","C","190.6",",C","57.5",",,,C","0",",,,C","11.98",",C","15.37",",,,C","8.58",",,,C"
"CA001020270","1991-07","50.5833","-126.9333","59.0","ALERT BAY, BC CA","0.5","C","0.5",",C","15",",C","8",",C","0",",C","0",",C","0",",C","0",",C","0",",C","0",",C","3",",C","0",",C","7.8",",C,30,","0",",,C,31,+","0",",,C,31,+","19.8",",,C,14,","28.5",",C,23,","123.4","C","123.4",",C","81.0",",,,C","0",",,,C","14.37",",C","18.04",",,,C","10.70",",,,C"
"CA001020270","1991-08","50.5833","-126.9333","59.0","ALERT BAY, BC CA","0.5","C","0.0",",C","12",",C","8",",C","2",",C","0",",C","0",",C","0",",C","0",",C","0",",C","4",",C","0",",C","7.0",",C,06,","0",",,C,31,+","0",",,C,31,+","38.8",",,C,08,","25.2",",C,03,","241.1","C","117.7",",C","132.3",",,,C","0",",,,C","14.54",",C","18.41",",,,C","10.66",",,,C"
"CA001020270","1991-09","50.5833","-126.9333","59.0","ALERT BAY, BC CA","0.5","C","0.0",",C","8",",C","3",",C","0",",C","0",",C","0",",C","0",",C","0",",C","0",",C","3",",C","0",",C","5.7",",C,29,","0",",,C,30,+","0",",,C,30,+","10.4",",,C,12,","22.8",",C,26,","401.0","C","159.9",",C","27.1",",,,C","0",",,,C","13.00",",C","16.63",",,,C","9.37",",,,C"
"CA001020270","1991-10","50.5833","-126.9333","59.0","ALERT BAY, BC CA","0.5","C","0.0",",C","16",",C","10",",C","1",",C","0",",C","1",",C","0",",C","1",",C","0",",C","1",",C","0",",C","-0.8",",C,27,","0",",,C,31,+","60",",,C,28,","30.5",",,C,16,","21.2",",C,10,","713.7","C","312.7",",C","124.2",",,,C","60",",,,C","8.25",",C","11.43",",,,C","5.06",",,,C"
"CA001020270","1991-11","50.5833","-126.9333","59.0","ALERT BAY, BC CA","0.5","C","0.0",",C","26",",C","22",",C","2",",C","0",",C","0",",C","0",",C","0",",C","0",",C","0",",C","0",",C","1.9",",C,21,","0",",,C,30,+","0",",,C,30,+","48.8",",,C,16,","13.8",",C,11,","1058.5","C","344.8",",C","326.0",",,,C","0",",,,C","6.84",",C","8.58",",,,C","5.10",",,,C"
"CA001020270","1991-12","50.5833","-126.9333","59.0","ALERT BAY, BC CA","0.5","C","0.0",",C","24",",C","22",",C","2",",C","0",",C","0",",C","0",",C","1",",C","0",",C","0",",C","0",",C","-0.1",",C,13,","0",",,C,31,+","5",",,C,13,","50.6",",,C,26,","10.2",",C,28,","1455.9","C","397.4",",C","346.7",",,,C","5",",,,C","5.51",",C","7.03",",,,C","3.99",",,,C"
"CA001020270","1992-01","50.5833","-126.9333","59.0","ALERT BAY, BC CA","0.0","C","0.0",",C","25",",C","20",",C","6",",C","0",",C","0",",C","0",",C","3",",C","0",",C","0",",C","0",",C","-1.7",",C,07,","0",",,C,31,+","0",",T,C,03,","73.2",",,C,01,","12.2",",C,30,","1858.0","C","402.1",",C","435.7",",,,C","0",",T,,C","5.36",",C","7.13",",,,C","3.60",",,,C"
"CA001020270","1992-02","50.5833","-126.9333","59.0","ALERT BAY, BC CA","0.0","C","0.0",",C","20",",C","11",",C","2",",C","0",",C","0",",C","0",",C","2",",C","0",",C","0",",C","0",",C","-0.3",",C,19,","0",",,C,29,+","0",",,C,29,+","38.2",",,C,03,","15.8",",C,26,","2189.2","C","331.2",",C","181.2",",,,C","0",",,,C","6.91",",C","9.31",",,,C","4.52",",,,C"
"CA001020270","1992-03","50.5833","-126.9333","59.0","ALERT BAY, BC CA","0.0","C","0.0",",C","16",",C","8",",C","0",",C","0",",C","0",",C","0",",C","1",",C","0",",C","0",",C","0",",C","-0.6",",C,28,","0",",,C,31,+","0",",T,C,27,","8.4",",,C,26,","17.4",",C,13,","2507.7","C","318.5",",C","48.8",",,,C","0",",T,,C","8.06",",C","11.42",",,,C","4.70",",,,C"
"CA001020270","1992-04","50.5833","-126.9333","59.0","ALERT BAY, BC CA","0.0","C","0.0",",C","22",",C","14",",C","0",",C","0",",C","0",",C","0",",C","0",",C","0",",C","0",",C","0",",C","0.2",",C,11,","0",",,C,30,+","0",",,C,30,+","18.8",",,C,17,","17.2",",C,01,","2795.6","C","287.9",",C","127.8",",,,C","0",",,,C","8.74",",C","12.20",",,,C","5.27",",,,C"
"CA001020270","1992-05","50.5833","-126.9333","59.0","ALERT BAY, BC CA","0.2","C","0.2",",C","12",",C","9",",C","0",",C","0",",C","0",",C","0",",C","0",",C","0",",C","3",",C","0",",C","2.2",",C,21,","0",",,C,31,+","0",",,C,31,+","19.2",",,C,09,","26.2",",C,24,","3027.4","C","231.8",",C","68.8",",,,C","0",",,,C","10.86",",C","15.18",",,,C","6.55",",,,C"
"CA001020270","1992-06","50.5833","-126.9333","59.0","ALERT BAY, BC CA","0.2","C","0.0",",C","13",",C","7",",C","1",",C","0",",C","0",",C","0",",C","0",",C","0",",C","2",",C","0",",C","5.6",",C,03,","0",",,C,30,+","0",",,C,30,+","28.1",",,C,29,","23.3",",C,20,","3184.1","C","156.7",",C","81.9",",,,C","0",",,,C","13.11",",C","16.70",",,,C","9.52",",,,C"
"CA001020270","1992-07","50.5833","-126.9333","59.0","ALERT BAY, BC CA","0.2","C","0.0",",C","6",",C","1",",C","0",",C","0",",C","0",",C","0",",C","0",",C","0",",C","2",",C","0",",C","8.8",",C,27,+","0",",,C,31,+","0",",,C,31,+","5.3",",,C,10,","21.4",",C,19,+","123.1","C","123.1",",C","9.1",",,,C","0",",,,C","14.36",",C","17.97",",,,C","10.75",",,,C"
"CA001020270","1992-08","50.5833","-126.9333","59.0","ALERT BAY, BC CA","0.4","C","0.2",",C","11",",C","7",",C","1",",C","0",",C","0",",C","0",",C","0",",C","0",",C","3",",C","0",",C","7.0",",C,23,","0",",,C,31,+","0",",,C,31,+","30.2",",,C,06,","24.7",",C,10,","238.3","C","115.2",",C","70.0",",,,C","0",",,,C","14.62",",C","18.40",",,,C","10.85",",,,C"
"CA001020270","1992-09","50.5833","-126.9333","59.0","ALERT BAY, BC CA","0.4","C","0.0",",C","20",",C","8",",C","0",",C","0",",C","0",",C","0",",C","0",",C","0",",C","1",",C","0",",C","2.4",",C,15,","0",",,C,30,+","0",",,C,30,+","17.9",",,C,23,","22.3",",C,29,","432.5","C","194.2",",C","111.1",",,,C","0",",,,C","11.86",",C","15.10",",,,C","8.62",",,,C"
"CA001020270","1992-10","50.5833","-126.9333","59.0","ALERT BAY, BC CA","0.4","C","0.0",",C","22",",C","15",",C","5",",C","0",",C","0",",C","0",",C","0",",C","0",",C","0",",C","0",",C","1.0",",C,15,","0",",,C,31,+","0",",,C,31,+","65.4",",,C,23,","19.4",",C,01,","710.0","C","277.5",",C","272.2",",,,C","0",",,,C","9.38",",C","11.75",",,,C","7.01",",,,C"
"CA001020270","1992-11","50.5833","-126.9333","59.0","ALERT BAY, BC CA","0.4","C","0.0",",C","23",",C","16",",C","4",",C","0",",C","0",",C","0",",C","1",",C","0",",C","0",",C","0",",C","0.0",",C,23,","0",",,C,30,+","0",",,C,30,+","40.0",",,C,06,","10.5",",C,16,","1063.0","C","353.0",",C","250.6",",,,C","0",",,,C","6.57",",C","8.35",",,,C","4.79",",,,C"
"CA001020270","1992-12","50.5833","-126.9333","59.0","ALERT BAY, BC CA","0.4","C","0.0",",C","22",",C","15",",C","0",",C","1",",C","2",",C","0",",C","15",",C","3",",C","0",",C","0",",C","-5.0",",C,28,","50",",,C,19,","54",",,C,18,","16.2",",,C,22,","9.5",",C,23,","1558.6","C","495.6",",C","137.4",",,,C","106",",,,C","2.35",",C","4.36",",,,C","0.34",",,,C"
"CA001020270","1993-01","50.5833","-126.9333","59.0","ALERT BAY, BC CA","0.0","C","0.0",",C","12",",C","7",",C","3",",C","1",",C","1",",C","0",",C","21",",C","2",",C","0",",C","0",",C","-5.5",",C,06,","30",",,C,04,","66",",,C,03,","27.5",",,C,19,","9.6",",C,31,+","2070.1","C","511.5",",C","117.0",",,,C","83",",,,C","1.83",",C","4.00",",,,C","-0.33",",,,C"
"CA001020270","1993-02","50.5833","-126.9333","59.0","ALERT BAY, BC CA","0.0","C","0.0",",C","7",",C","2",",C","0",",C","0",",C","0",",C","0",",C","13",",C","0",",C","0",",C","0",",C","-4.4",",C,24,","0",",T,C,23,","2",",,C,22,","6.6",",,C,04,","13.2",",C,07,","2446.1","C","376.0",",C","17.1",",,,C","2",",,,C","4.90",",C","7.87",",,,C","1.94",",,,C"
"CA001020270","1993-03","50.5833","-126.9333","59.0","ALERT BAY, BC CA","0.0","C","0.0",",C","17",",C","10",",C","3",",C","0",",C","0",",C","0",",C","3",",C","0",",C","0",",C","0",",C","-1.4",",C,10,","0",",,C,31,+","0",",,C,31,+","52.0",",,C,22,","13.6",",C,12,","2819.9","C","373.8",",C","200.4",",,,C","0",",,,C","6.28",",C","9.60",",,,C","2.95",",,,C"
"CA001020270","1993-04","50.5833","-126.9333","59.0","ALERT BAY, BC CA","0.0","C","0.0",",C","25",",C","14",",C","0",",C","0",",C","0",",C","0",",C","0",",C","0",",C","0",",C","0",",C","1.2",",C,12,","0",",,C,30,+","0",",,C,30,+","14.5",",,C,25,","14.8",",C,20,","3112.8","C","292.9",",C","122.3",",,,C","0",",,,C","8.57",",C","11.45",",,,C","5.69",",,,C"
"CA001020270","1993-05","50.5833","-126.9333","59.0","ALERT BAY, BC CA","0.0","C","0.0",",C","19",",C","12",",C","0",",C","0",",C","0",",C","0",",C","0",",C","0",",C","4",",C","0",",C","3.8",",C,02,","0",",,C,31,+","0",",,C,31,+","22.6",",,C,10,","26.3",",C,24,","3311.4","C","198.6",",C","117.8",",,,C","0",",,,C","11.93",",C","15.84",",,,C","8.02",",,,C"
"CA001020270","1993-06","50.5833","-126.9333","59.0","ALERT BAY, BC CA","0.0","C","0.0",",C","20",",C","13",",C","0",",C","0",",C","0",",C","0",",C","0",",C","0",",C","0",",C","0",",C","6.1",",C,13,+","0",",,C,30,+","0",",,C,30,+","16.2",",,C,14,","20.5",",C,25,","3484.7","C","173.3",",C","116.3",",,,C","0",",,,C","12.56",",C","15.65",",,,C","9.47",",,,C"
"CA001020270","1993-07","50.5833","-126.9333","59.0","ALERT BAY, BC CA","0.0","C","0.0",",C","12",",C","3",",C","0",",C","0",",C","0",",C","0",",C","0",",C","0",",C","0",",C","0",",C","7.6",",C,11,","0",",,C,31,+","0",",,C,31,+","8.7",",,C,27,","20.0",",C,31,","132.1","C","132.1",",C","26.6",",,,C","0",",,,C","14.07",",C","16.98",",,,C","11.16",",,,C"
"CA001020270","1993-08","50.5833","-126.9333","59.0","ALERT BAY, BC CA","2.5","C","2.5",",C","9",",C","5",",C","1",",C","0",",C","0",",C","0",",C","0",",C","0",",C","5",",C","0",",C","7.7",",C,26,","0",",,C,31,+","0",",,C,31,+","49.1",",,C,22,","29.0",",C,04,","245.4","C","113.3",",C","77.2",",,,C","0",",,,C","14.76",",C","18.22",",,,C","11.30",",,,C"
"CA001020270","1993-09","50.5833","-126.9333","59.0","ALERT BAY, BC CA","2.5","C","0.0",",C","9",",C","1",",C","0",",C","0",",C","0",",C","0",",C","0",",C","0",",C","0",",C","0",",C","5.2",",C,23,+","0",",,C,30,+","0",",,C,30,+","11.4",",,C,24,","20.7",",C,02,","435.3","C","189.9",",C","17.3",",,,C","0",",,,C","12.00",",C","15.91",",,,C","8.10",",,,C"
"CA001020270","1993-10","50.5833","-126.9333","59.0","ALERT BAY, BC CA","2.5","C","0.0",",C","15",",C","12",",C","0",",C","0",",C","0",",C","0",",C","0",",C","0",",C","0",",C","0",",C","3.5",",C,19,","0",",,C,31,+","0",",,C,31,+","23.7",",,C,27,","19.6",",C,03,","690.0","C","254.7",",C","118.2",",,,C","0",",,,C","10.12",",C","12.99",",,,C","7.25",",,,C"
"CA001020270","1993-11","50.5833","-126.9333","59.0","ALERT BAY, BC CA","2.5","C","0.0",",C","18","1,C","12","1,C","2","1,C","0",",C","0",",C","0",",C","4",",C","0",",C","0",",C","0",",C","-5.1",",C,23,","0",",,C,30,+","20",",,C,21,","45.0","1,,C,02,","12.3",",C,02,","1078.6","C","388.6",",C","190.0","1,,,C","20",",,,C","5.38",",C","7.49",",,,C","3.27",",,,C"
"CA001020270","1993-12","50.5833","-126.9333","59.0","ALERT BAY, BC CA","2.5","C","0.0",",C","23",",C","16",",C","4",",C","0",",C","0",",C","0",",C","0",",C","0",",C","0",",C","0",",C","0.5",",C,21,","0",",,C,31,+","0",",,C,31,+","66.1",",,C,03,","8.4",",C,30,","1492.7","C","414.1",",C","281.9",",,,C","0",",,,C","4.97",",C","6.40",",,,C","3.55",",,,C"
"CA001020270","1994-01","50.5833","-126.9333","59.0","ALERT BAY, BC CA","0.0","","0.0",",C","21",",C","14",",C","1",",C","0",",C","0",",C","0",",C","0",",C","0",",C","0",",C","0",",C","0.4",",C,31,","0",",,C,31,+","0",",,C,31,+","25.8",",,C,04,","10.6",",C,14,","1863.7","","371.0",",C","133.3",",,,C","0",",,,C","6.37",",C","7.85",",,,C","4.88",",,,C"
