"STATION","DATE","LATITUDE","LONGITUDE","ELEVATION","NAME","CDSD","CDSD_ATTRIBUTES","CLDD","CLDD_ATTRIBUTES","DP01","DP01_ATTRIBUTES","DP10","DP10_ATTRIBUTES","DP1X","DP1X_ATTRIBUTES","DSND","DSND_ATTRIBUTES","DSNW","DSNW_ATTRIBUTES","DT00","DT00_ATTRIBUTES","DT32","DT32_ATTRIBUTES","DX32","DX32_ATTRIBUTES","DX70","DX70_ATTRIBUTES","DX90","DX90_ATTRIBUTES","EMNT","EMNT_ATTRIBUTES","EMSD","EMSD_ATTRIBUTES","EMSN","EMSN_ATTRIBUTES","EMXP","EMXP_ATTRIBUTES","EMXT","EMXT_ATTRIBUTES","HDSD","HDSD_ATTRIBUTES","HTDD","HTDD_ATTRIBUTES","PRCP","PRCP_ATTRIBUTES","SNOW","SNOW_ATTRIBUTES","TAVG","TAVG_ATTRIBUTES","TMAX","TMAX_ATTRIBUTES","TMIN","TMIN_ATTRIBUTES"
"CA001036208","1987-03","49.2","-124.75","163.0","PORT ALBERNI COX LAKE, BC CA","","","","","","","","","","","","","0","2,C","","","","","","","","","","","","","","","0","2,,C,31,+","","","","","","","","","","","0","2,,,C","","","","","",""
"CA001036208","1987-05","49.2","-124.75","163.0","PORT ALBERNI COX LAKE, BC CA","","","0.0",",C","10",",C","9",",C","2",",C","0",",C","0",",C","0",",C","1",",C","0",",C","8",",C","0",",C","-0.5",",C,15,","0",",,C,31,+","0",",,C,31,+","66.5",",,C,29,","30.0",",C,08,+","","","197.6",",C","181.5",",,,C","0",",,,C","11.96",",C","18.52",",,,C","5.40",",,,C"
"CA001036208","1987-06","49.2","-124.75","163.0","PORT ALBERNI COX LAKE, BC CA","","","14.3",",C","4",",C","4",",C","2",",C","0",",C","0",",C","0",",C","0",",C","0",",C","16",",C","2",",C","2.5",",C,02,","0",",,C,30,+","0",",,C,30,+","49.0",",,C,11,","34.0",",C,28,","","","112.5",",C","92.5",",,,C","0",",,,C","15.06",",C","21.70",",,,C","8.42",",,,C"
"CA001036208","1987-07","49.2","-124.75","163.0","PORT ALBERNI COX LAKE, BC CA","","","5.7",",C","5",",C","4",",C","0",",C","0",",C","0",",C","0",",C","0",",C","0",",C","18",",C","0",",C","5.5",",C,28,+","0",",,C,31,+","0",",,C,31,+","6.0",",,C,07,","30.0",",C,17,","73.7","C","73.7",",C","18.0",",,,C","0",",,,C","16.14",",C","22.31",",,,C","9.97",",,,C"
"CA001036208","1987-08","49.2","-124.75","163.0","PORT ALBERNI COX LAKE, BC CA","","","25.0",",C","1",",C","1",",C","0",",C","0",",C","0",",C","0",",C","0",",C","0",",C","27",",C","5",",C","4.5",",C,22,+","0",",,C,31,+","0",",,C,31,+","7.0",",,C,12,","36.0",",C,31,","111.5","C","37.8",",C","7.0",",,,C","0",",,,C","17.92",",C","26.66",",,,C","9.18",",,,C"
"CA001036208","1987-09","49.2","-124.75","163.0","PORT ALBERNI COX LAKE, BC CA","","","6.6",",C","5",",C","5",",C","0",",C","0",",C","0",",C","0",",C","0",",C","0",",C","18",",C","0",",C","3.0",",C,28,","0",",,C,30,+","0",",,C,30,+","18.2",",,C,14,","32.0",",C,06,","191.1","C","79.6",",C","59.7",",,,C","0",",,,C","15.90",",C","23.70",",,,C","8.10",",,,C"
"CA001036208","1987-10","49.2","-124.75","163.0","PORT ALBERNI COX LAKE, BC CA","","","0.0",",C","6",",C","2",",C","0",",C","0",",C","0",",C","0",",C","11",",C","0",",C","10",",C","0",",C","-2.0",",C,18,","0",",,C,31,+","0",",,C,31,+","21.6",",,C,30,","28.0",",C,01,","418.7","C","227.6",",C","30.6",",,,C","0",",,,C","10.99",",C","18.52",",,,C","3.47",",,,C"
"CA001036208","1987-11","49.2","-124.75","163.0","PORT ALBERNI COX LAKE, BC CA","","","0.0",",C","20",",C","16",",C","4",",C","0",",C","0",",C","0",",C","2",",C","0",",C","0",",C","0",",C","-2.0",",C,17,","0",",,C,30,+","0",",T,C,15,+","86.2",",,C,23,","15.0",",C,01,","750.2","C","331.5",",C","322.3",",,,C","0",",T,,C","7.28",",C","9.78",",,,C","4.78",",,,C"
"CA001036208","1987-12","49.2","-124.75","163.0","PORT ALBERNI COX LAKE, BC CA","","","0.0",",C","13","5,C","11","5,C","4","5,C","3","4,C","2","5,C","0",",C","21",",C","5",",C","0",",C","0",",C","-3.0",",C,24,","40","4,,C,20,","30","5,,C,19,+","65.0","5,,C,05,","10.5",",C,03,","1261.8","C","511.6",",C","248.0","5,,,C","70","5,,,C","1.83",",C","3.45",",,,C","0.21",",,,C"
"CA001036208","1988-01","49.2","-124.75","163.0","PORT ALBERNI COX LAKE, BC CA","0.0","C","0.0","1,C","13","1,C","10","1,C","3","1,C","0","3,C","0",",C","0","1,C","16","1,C","1",",C","0",",C","0",",C","-5.5","1,C,03,","0","3,,C,31,+","20",",,C,08,","67.6","1,,C,13,","12.0",",C,14,","1736.5","C","474.7",",C","275.4","1,,,C","25",",,,C","2.48","1,C","4.92",",,,C","0.03","1,,,C"
"CA001036208","1988-02","49.2","-124.75","163.0","PORT ALBERNI COX LAKE, BC CA","0.0","C","0.0","1,C","13",",C","9",",C","0",",C","0",",C","0",",C","0","1,C","11","1,C","0",",C","0",",C","0",",C","-7.0","1,C,01,","0",",,C,29,+","0",",T,C,02,","22.0",",,C,16,","16.5",",C,28,+","2111.6","C","375.1",",C","118.0",",,,C","0",",T,,C","4.95","1,C","8.55",",,,C","1.34","1,,,C"
"CA001036208","1988-03","49.2","-124.75","163.0","PORT ALBERNI COX LAKE, BC CA","0.0","C","0.0",",C","17",",C","15",",C","4",",C","0","1,C","0",",C","0",",C","14",",C","0",",C","0",",C","0",",C","-2.5",",C,27,+","0","1,,C,31,+","20",",,C,03,","36.4",",,C,19,","17.0",",C,16,","2497.2","C","385.6",",C","252.5",",,,C","30",",,,C","5.90",",C","10.58",",,,C","1.21",",,,C"
"CA001036208","1988-04","49.2","-124.75","163.0","PORT ALBERNI COX LAKE, BC CA","0.0","C","0.0",",C","9","2,C","8","2,C","1","2,C","0","2,C","1","2,C","0",",C","4",",C","0",",C","3",",C","0",",C","-0.5",",C,26,+","20","2,,C,06,","26","2,,C,04,","44.0","2,,C,02,","23.0",",C,20,","2780.2","C","283.0",",C","123.9","2,,,C","26","2,,,C","8.90",",C","13.87",",,,C","3.93",",,,C"
"CA001036208","1988-05","49.2","-124.75","163.0","PORT ALBERNI COX LAKE, BC CA","0.0","C","0.0",",C","15","2,C","13","2,C","1","2,C","0",",C","0",",C","0",",C","0",",C","0",",C","3",",C","0",",C","1.0",",C,05,","0",",,C,31,+","0",",,C,31,+","25.5","2,,C,16,","27.0",",C,21,","3010.8","C","230.6",",C","167.3",",a,,C","0",",,,C","10.90",",C","15.79",",,,C","6.00",",,,C"
"CA001036208","1988-06","49.2","-124.75","163.0","PORT ALBERNI COX LAKE, BC CA","0.0","C","0.0",",C","8",",C","6",",C","1",",C","0",",C","0",",C","0",",C","0",",C","0",",C","8",",C","0",",C","2.0",",C,05,","0",",,C,30,+","0",",,C,30,+","32.8",",,C,02,","29.5",",C,14,","3165.8","C","155.0",",C","62.5",",,,C","0",",,,C","13.17",",C","19.03",",,,C","7.30",",,,C"
"CA001036208","1988-07","49.2","-124.75","163.0","PORT ALBERNI COX LAKE, BC CA","12.6","C","12.6",",C","7",",C","4",",C","0",",C","0",",C","0",",C","0",",C","0",",C","0",",C","20",",C","1",",C","5.0",",C,07,","0",",,C,31,+","0",",,C,31,+","12.4",",,C,12,","35.0",",C,19,","76.9","C","76.9",",C","32.6",",,,C","0",",,,C","16.26",",C","22.87",",,,C","9.65",",,,C"
"CA001036208","1988-08","49.2","-124.75","163.0","PORT ALBERNI COX LAKE, BC CA","22.8","C","10.2","1,C","6",",C","3",",C","0",",C","0",",C","0",",C","0","1,C","0","1,C","0","1,C","24","1,C","1","1,C","5.5","1,C,31,","0",",,C,31,+","0",",,C,31,+","7.3",",,C,15,","33.5","1,C,23,","118.1","C","41.2","1,C","18.1",",,,C","0",",,,C","17.30","1,C","24.48","1,,,C","10.12","1,,,C"
"CA001036208","1988-09","49.2","-124.75","163.0","PORT ALBERNI COX LAKE, BC CA","35.3","C","12.5",",C","9",",C","5",",C","1",",C","0",",C","0",",C","0",",C","0",",C","0",",C","12",",C","2",",C","2.5",",C,11,","0",",,C,30,+","0",",,C,30,+","36.2",",,C,26,","36.0",",C,02,","244.3","C","126.2",",C","87.5",",,,C","0",",,,C","14.54",",C","21.45",",,,C","7.63",",,,C"
"CA001036208","1988-10","49.2","-124.75","163.0","PORT ALBERNI COX LAKE, BC CA","35.3","C","0.0","1,C","12","1,C","9","1,C","2","1,C","0",",C","0",",C","0","1,C","2","1,C","0",",C","3",",C","0",",C","-2.0","1,C,27,","0",",,C,31,+","0",",,C,31,+","36.0","1,,C,31,","25.0",",C,01,","455.0","C","210.7",",C","144.2","1,,,C","0",",,,C","11.33","1,C","15.52",",,,C","7.15","1,,,C"
"CA001036208","1988-11","49.2","-124.75","163.0","PORT ALBERNI COX LAKE, BC CA","35.3","C","0.0",",C","22","5,C","15","5,C","6","5,C","","","0","3,C","0",",C","6",",C","0",",C","0",",C","0",",C","-0.5",",C,24,+","","","10","3,,C,26,+","64.0","5,,C,05,","13.5",",C,05,+","834.7","C","379.7",",C","415.5","3,a,,C","20","3,,,C","5.68",",C","8.00",",,,C","3.35",",,,C"
"CA001036208","1988-12","49.2","-124.75","163.0","PORT ALBERNI COX LAKE, BC CA","35.3","C","0.0","1,C","","","","","","","0","4,C","1","5,C","0","1,C","16","1,C","1",",C","0",",C","0",",C","-4.0","1,C,15,","20","4,,C,23,","30","5,,C,26,","","","11.0",",C,12,","1285.7","C","451.0",",C","150.5","5,a,,C","52","5,,,C","3.35","1,C","5.39",",,,C","1.32","1,,,C"
"CA001036208","1989-01","49.2","-124.75","163.0","PORT ALBERNI COX LAKE, BC CA","0.0","C","0.0","2,C","21","5,C","14","5,C","1","5,C","","","2","2,","0","2,C","13","2,C","0",",C","0",",C","0",",C","-3.0","2,C,07,","","","40","2,,,08,+","40.4","5,,C,12,","11.0",",C,29,","1741.1","C","455.4",",C","226.3","3,a,,C","272","2,a,,","2.74","2,C","4.92",",,,C","0.55","2,,,C"
"CA001036208","1989-02","49.2","-124.75","163.0","PORT ALBERNI COX LAKE, BC CA","0.0","C","0.0",",C","10","2,C","7","2,C","2","2,C","","","2","2,C","0",",C","22",",C","3",",C","0",",C","0",",C","-13.5",",C,03,","","","110","2,,C,17,","36.0","2,,C,21,","9.0",",C,25,+","2259.4","C","518.3",",C","120.7","2,,,C","195","2,,,C","-0.18",",C","4.52",",,,C","-4.88",",,,C"
"CA001036208","1989-03","49.2","-124.75","163.0","PORT ALBERNI COX LAKE, BC CA","0.0","C","0.0",",C","17","4,C","16","4,C","0","4,C","","","0","4,C","0",",C","8",",C","0",",C","0",",C","0",",C","-7.0",",C,03,","","","0","4,,C,31,+","24.4","4,,C,30,","12.0",",C,19,","2688.5","C","429.1",",C","183.7","4,,,C","0","4,,,C","4.49",",C","7.60",",,,C","1.39",",,,C"
"CA001036208","1989-04","49.2","-124.75","163.0","PORT ALBERNI COX LAKE, BC CA","0.0","C","0.0",",C","9","2,C","8","2,C","0","2,C","0","1,C","0",",C","0",",C","2",",C","0",",C","6",",C","0",",C","-0.5",",C,17,","0","1,,C,30,+","6",",,C,01,","25.2","2,,C,01,","26.0",",C,30,","2942.7","C","254.2",",C","123.0",",a,,C","10",",,,C","9.86",",C","16.42",",,,C","3.30",",,,C"
"CA001036208","1989-05","49.2","-124.75","163.0","PORT ALBERNI COX LAKE, BC CA","0.0","C","0.0","1,C","10",",C","3",",C","0",",C","0",",C","0",",C","0","1,C","0","1,C","0","1,C","9","1,C","0","1,C","0.5","1,C,20,+","0",",,C,31,+","0",",,C,31,+","9.6",",,C,25,","26.5","1,C,31,","3140.4","C","197.7","1,C","25.2",",,,C","0",",,,C","11.74","1,C","17.95","1,,,C","5.53","1,,,C"
"CA001036208","1989-06","49.2","-124.75","163.0","PORT ALBERNI COX LAKE, BC CA","15.7","C","15.7","1,C","13",",C","7",",C","0",",C","0",",C","0",",C","0",",C","0",",C","0","1,C","13","1,C","3","1,C","4.5",",C,17,","0",",,C,30,+","0",",,C,30,+","17.0",",,C,30,","34.0","1,C,04,","3235.5","C","95.1","1,C","77.7",",,,C","0",",,,C","15.60","1,C","22.28","1,,,C","8.92",",,,C"
"CA001036208","1989-07","49.2","-124.75","163.0","PORT ALBERNI COX LAKE, BC CA","16.0","C","0.3","3,C","11","1,C","4","1,C","0","1,C","0",",C","0",",C","0","2,C","0","2,C","0","1,C","13","1,C","0","1,C","5.5","2,C,06,","0",",,C,31,+","0",",,C,31,+","21.4","1,,C,31,","29.5","1,C,25,","81.7","C","81.7","1,C","49.8","1,,,C","0",",,,C","15.55","3,C","21.38","1,,,C","9.71","2,,,C"
"CA001036208","1989-08","49.2","-124.75","163.0","PORT ALBERNI COX LAKE, BC CA","19.1","C","3.1","2,C","5",",C","3",",C","0",",C","0",",C","0",",C","0","1,C","0","1,C","0","1,C","19","1,C","0","1,C","5.5","1,C,12,","0",",,C,31,+","0",",,C,31,+","10.6",",,C,13,","28.5","1,C,25,","132.9","C","51.2","1,C","24.0",",,,C","0",",,,C","16.63","2,C","22.50","1,,,C","10.77","1,,,C"
"CA001036208","1989-09","49.2","-124.75","163.0","PORT ALBERNI COX LAKE, BC CA","20.6","C","1.5",",C","4",",C","2",",C","0",",C","0",",C","0",",C","0",",C","0",",C","0",",C","24",",C","0",",C","1.0",",C,18,","0",",,C,30,+","0",",,C,30,+","9.0",",,C,25,","31.5",",C,13,","209.1","C","76.2",",C","14.8",",,,C","0",",,,C","15.84",",C","25.27",",,,C","6.42",",,,C"
"CA001036208","1989-10","49.2","-124.75","163.0","PORT ALBERNI COX LAKE, BC CA","20.6","C","0.0","2,C","16","2,C","11","2,C","5","2,C","0",",C","0",",C","0","1,C","3","1,C","0","1,C","1","1,C","0","1,C","-1.0","1,C,16,","0",",,C,31,+","0",",,C,31,+","46.3","2,,C,20,","22.5","1,C,02,","452.3","C","243.2","1,C","251.9",",a,,C","0",",,,C","9.99","2,C","14.25","1,,,C","5.73","1,,,C"
"CA001036208","1989-11","49.2","-124.75","163.0","PORT ALBERNI COX LAKE, BC CA","20.6","C","0.0",",C","24","2,C","16","2,C","1","2,C","0",",C","0","2,C","0",",C","4",",C","0",",C","0",",C","0",",C","-1.0",",C,22,","0",",,C,30,+","0","2,T,C,24,+","39.6","2,,C,09,","14.5",",C,09,","814.0","C","361.7",",C","193.4","2,,,C","0","2,T,,C","6.28",",C","8.83",",,,C","3.72",",,,C"
"CA001036208","1989-12","49.2","-124.75","163.0","PORT ALBERNI COX LAKE, BC CA","20.6","C","0.0","3,C","13","2,C","10","2,C","3","2,C","0",",C","0",",C","0","3,C","1","3,C","0","1,C","0","1,C","0","1,C","0.0","3,C,12,","0",",,C,31,+","0",",,C,31,+","81.8","2,,C,03,","13.5","1,C,03,","1165.8","C","351.8","1,C","233.3","2,,,C","0",",,,C","5.72","3,C","7.25","1,,,C","4.20","3,,,C"
"CA001036208","1990-01","49.2","-124.75","163.0","PORT ALBERNI COX LAKE, BC CA","0.0","C","0.0",",C","21","4,C","18","4,C","3","4,C","0","3,C","2","4,C","0",",C","9",",C","0",",C","0",",C","0",",C","-3.0",",C,29,","0","3,,C,31,+","180","4,,C,31,","45.4","4,,C,05,","12.0",",C,05,","1624.6","C","458.8",",C","322.7","4,,,C","250","4,,,C","3.53",",C","5.69",",,,C","1.37",",,,C"
"CA001036208","1990-02","49.2","-124.75","163.0","PORT ALBERNI COX LAKE, BC CA","0.0","C","0.0","3,C","12","3,C","9","3,C","1","3,C","","","3","1,C","0","2,C","19","2,C","0","1,C","0","1,C","0","1,C","-10.0","2,C,17,","","","110","1,,C,19,+","67.4","3,,C,02,","15.0","1,C,27,","2030.7","C","406.1","1,C","199.8","1,a,,C","295","1,,,C","2.20","3,C","6.43","1,,,C","-2.02","2,,,C"
"CA001036208","1990-04","49.2","-124.75","163.0","PORT ALBERNI COX LAKE, BC CA","","","0.0",",C","14",",C","8",",C","0",",C","0",",C","0",",C","0",",C","5",",C","0",",C","2",",C","0",",C","-1.5",",C,04,","0",",,C,30,+","0",",,C,30,+","13.8",",,C,24,","23.0",",C,16,","","","246.7",",C","58.2",",,,C","0",",,,C","10.11",",C","15.33",",,,C","4.88",",,,C"
"CA001036208","1990-05","49.2","-124.75","163.0","PORT ALBERNI COX LAKE, BC CA","","","0.0",",C","16",",C","7",",C","0",",C","0",",C","0",",C","0",",C","0",",C","0",",C","2",",C","0",",C","0.5",",C,08,","0",",,C,31,+","0",",,C,31,+","14.0",",,C,19,","27.0",",C,04,","","","194.1",",C","61.5",",,,C","0",",,,C","12.07",",C","17.32",",,,C","6.82",",,,C"
"CA001036208","1990-06","49.2","-124.75","163.0","PORT ALBERNI COX LAKE, BC CA","","","3.5",",C","14",",C","12",",C","1",",C","0",",C","0",",C","0",",C","0",",C","0",",C","9",",C","0",",C","5.0",",C,26,+","0",",,C,30,+","0",",,C,30,+","41.8",",,C,02,","31.0",",C,21,","","","126.2",",C","130.8",",,,C","0",",,,C","14.24",",C","19.30",",,,C","9.18",",,,C"
"CA001036208","1990-07","49.2","-124.75","163.0","PORT ALBERNI COX LAKE, BC CA","","","31.8","1,C","1",",C","1",",C","0",",C","0",",C","0",",C","0",",C","0",",C","0","1,C","24","1,C","7","1,C","7.5",",C,17,+","0",",,C,31,+","0",",,C,31,+","11.4",",,C,05,","35.5","1,C,29,","28.6","C","28.6","1,C","11.4",",,,C","0",",,,C","18.50","1,C","26.55","1,,,C","10.45",",,,C"
"CA001036208","1990-08","49.2","-124.75","163.0","PORT ALBERNI COX LAKE, BC CA","","","28.5","3,C","5",",C","4",",C","0",",C","0",",C","0",",C","0","2,C","0","2,C","0","1,C","26","1,C","4","1,C","5.0","2,C,27,","0",",,C,31,+","0",",,C,31,+","15.8",",,C,29,","36.5","1,C,10,","62.2","C","33.6","1,C","44.6",",,,C","0",",,,C","18.34","3,C","25.82","1,,,C","10.86","2,,,C"
"CA001036208","1990-09","49.2","-124.75","163.0","PORT ALBERNI COX LAKE, BC CA","","","5.1","1,C","3",",C","2",",C","0",",C","0",",C","0",",C","0","1,C","0","1,C","0",",C","24",",C","1",",C","4.0","1,C,20,+","0",",,C,30,+","0",",,C,30,+","7.0",",,C,30,","32.5",",C,22,","117.7","C","55.5",",C","10.6",",,,C","0",",,,C","16.51","1,C","24.42",",,,C","8.60","1,,,C"
"CA001036208","1990-10","49.2","-124.75","163.0","PORT ALBERNI COX LAKE, BC CA","","","0.0",",C","22",",C","18",",C","7",",C","0",",C","0",",C","0",",C","1",",C","0",",C","0",",C","0",",C","0.0",",C,20,","0",",,C,31,+","0",",,C,31,+","72.2",",,C,24,","16.0",",C,08,+","427.5","C","309.8",",C","384.1",",,,C","0",",,,C","8.34",",C","12.16",",,,C","4.52",",,,C"
"CA001036208","1990-11","49.2","-124.75","163.0","PORT ALBERNI COX LAKE, BC CA","","","0.0",",C","24","1,C","20","1,C","7","1,C","0",",C","0","1,C","0",",C","5",",C","0",",C","0",",C","0",",C","-2.5",",C,26,","0",",,C,30,+","0","1,T,C,29,+","113.2","1,,C,22,","14.5",",C,10,","807.0","C","379.5",",C","644.5","1,,,C","0","1,T,,C","5.68",",C","8.40",",,,C","2.97",",,,C"
"CA001036208","1990-12","49.2","-124.75","163.0","PORT ALBERNI COX LAKE, BC CA","","","","","","","","","","","","","","","0","4,C","17","4,C","6","4,C","0","4,C","0","4,C","-12.5","4,C,21,","","","","","","","11.5","4,C,03,","","","","","","","","","0.92","6,C","3.17","4,,,C","-1.33","4,,,C"
"CA001036208","1991-01","49.2","-124.75","163.0","PORT ALBERNI COX LAKE, BC CA","0.0","C","0.0","1,C","11","3,C","9","3,C","3","3,C","","","6","1,C","0","1,C","23","1,C","6",",C","0",",C","0",",C","-7.5","1,C,28,","","","205","1,,C,08,","79.4","3,,C,31,","9.0",",C,31,","","","524.5",",C","275.3","1,a,,C","775","1,,,C","0.93","1,C","3.84",",,,C","-1.98","1,,,C"
"CA001036208","1991-02","49.2","-124.75","163.0","PORT ALBERNI COX LAKE, BC CA","0.0","C","0.0","1,C","16","1,C","13","1,C","4","1,C","0","1,C","0",",C","0",",C","7",",C","0","1,C","0","1,C","0","1,C","-1.0",",C,25,","0","1,,C,28,+","10",",,C,28,","134.0","1,,C,01,","18.5","1,C,27,","","","319.0","1,C","354.7","1,,,C","10",",,,C","6.48","1,C","10.28","1,,,C","2.68",",,,C"
"CA001036208","1991-03","49.2","-124.75","163.0","PORT ALBERNI COX LAKE, BC CA","0.0","C","0.0",",C","12","1,C","7","1,C","1","1,C","","","2","1,C","0",",C","19",",C","0",",C","0",",C","0",",C","-6.0",",C,05,","","","350","1,,C,01,","35.0","1,,C,01,","17.0",",C,31,","","","421.6",",C","73.7","1,,,C","395","1,,,C","4.73",",C","9.63",",,,C","-0.16",",,,C"
"CA001036208","1991-04","49.2","-124.75","163.0","PORT ALBERNI COX LAKE, BC CA","0.0","C","0.0","1,C","15","1,C","10","1,C","0","1,C","0","2,C","0","1,C","0",",C","3",",C","0","1,C","6","1,C","0","1,C","-3.0",",C,11,","0","2,,C,30,+","0","1,T,C,02,","25.2","1,,C,04,","25.5","1,C,20,","","","278.9","1,C","117.0","1,,,C","0","1,T,,C","8.70","1,C","14.81","1,,,C","2.58",",,,C"
"CA001036208","1991-05","49.2","-124.75","163.0","PORT ALBERNI COX LAKE, BC CA","0.0","C","0.0","1,C","9","2,C","5","2,C","0","2,C","0",",C","0",",C","0","1,C","0","1,C","0","1,C","4","1,C","0","1,C","1.5","1,C,01,","0",",,C,31,+","0",",,C,31,+","15.6","2,,C,06,","25.5","1,C,02,","","","203.2","1,C","77.8",",a,,C","0",",,,C","11.56","1,C","17.10","1,,,C","6.02","1,,,C"
"CA001036208","1991-06","49.2","-124.75","163.0","PORT ALBERNI COX LAKE, BC CA","0.0","C","0.0",",C","16",",C","5",",C","0",",C","0",",C","0",",C","0",",C","0",",C","0",",C","8",",C","0",",C","2.5",",C,05,","0",",,C,30,+","0",",,C,30,+","6.4",",,C,21,","29.5",",C,19,","","","122.0",",C","36.0",",,,C","0",",,,C","14.27",",C","19.55",",,,C","8.98",",,,C"
"CA001036208","1991-07","49.2","-124.75","163.0","PORT ALBERNI COX LAKE, BC CA","10.3","C","10.3",",C","9",",C","4",",C","0",",C","0",",C","0",",C","0",",C","0",",C","0",",C","20",",C","1",",C","6.0",",C,30,+","0",",,C,31,+","0",",,C,31,+","9.8",",,C,20,","36.0",",C,23,","52.1","C","52.1",",C","31.7",",,,C","0",",,,C","16.98",",C","23.63",",,,C","10.34",",,,C"
"CA001036208","1991-08","49.2","-124.75","163.0","PORT ALBERNI COX LAKE, BC CA","32.2","C","21.9","2,C","13",",C","7",",C","5",",C","0",",C","0",",C","0","2,C","0","2,C","0","1,C","19","1,C","0","1,C","6.5","2,C,24,","0",",,C,31,+","0",",,C,31,+","98.8",",,C,29,","32.0","1,C,15,","97.2","C","45.1","1,C","265.0",",,,C","0",",,,C","17.53","2,C","23.55","1,,,C","11.50","2,,,C"
"CA001036208","1991-09","49.2","-124.75","163.0","PORT ALBERNI COX LAKE, BC CA","35.4","C","3.2",",C","3",",C","0",",C","0",",C","0",",C","0",",C","0",",C","0",",C","0",",C","23",",C","0",",C","1.5",",C,21,","0",",,C,30,+","0",",,C,30,+","2.2",",,C,12,","30.5",",C,04,","175.6","C","78.4",",C","4.8",",,,C","0",",,,C","15.83",",C","23.60",",,,C","8.05",",,,C"
"CA001036208","1991-10","49.2","-124.75","163.0","PORT ALBERNI COX LAKE, BC CA","","","","","8","1,C","2","1,C","0","1,C","0","3,C","1",",C","","","","","0","3,C","8","3,C","0","3,C","","","0","3,,C,31,+","25",",,C,28,","16.6","1,,C,21,","25.5","3,C,10,","","","","","28.3","1,,,C","25",",,,C","","","15.61","3,,,C","",""
"CA001036208","1991-11","49.2","-124.75","163.0","PORT ALBERNI COX LAKE, BC CA","","","0.0","5,C","23","3,C","16","3,C","5","3,C","0",",C","0",",C","0","2,C","2","2,C","0","3,C","0","3,C","0","3,C","-3.0","2,C,29,","0",",,C,30,+","0",",,C,30,+","87.4","3,,C,18,","14.0","3,C,08,","","","299.3","3,C","438.7",",a,,C","0",",,,C","6.47","5,C","9.04","3,,,C","3.91","2,,,C"
"CA001036208","1991-12","49.2","-124.75","163.0","PORT ALBERNI COX LAKE, BC CA","","","0.0","4,C","22","3,C","16","3,C","5","3,C","0",",C","0","1,C","0","3,C","8","3,C","1","1,C","0","1,C","0","1,C","-3.5","3,C,15,","0",",,C,31,+","0","1,T,C,18,","80.6","3,,C,31,","11.5","1,C,05,+","","","381.0","1,C","432.8","1,a,,C","0","1,T,,C","4.46","4,C","6.63","1,,,C","2.29","3,,,C"
"CA001036208","1992-01","49.2","-124.75","163.0","PORT ALBERNI COX LAKE, BC CA","0.0","C","0.0",",C","22",",C","21",",C","10",",C","0",",C","0",",C","0",",C","8",",C","1",",C","0",",C","0",",C","-2.5",",C,07,+","0",",,C,31,+","20",",,C,08,","110.6",",,C,29,","13.0",",C,29,","","","429.6",",C","701.5",",,,C","30",",,,C","4.48",",C","6.65",",,,C","2.31",",,,C"
"CA001036208","1992-02","49.2","-124.75","163.0","PORT ALBERNI COX LAKE, BC CA","0.0","C","0.0",",C","17","4,C","12","4,C","1","4,C","0","3,C","1",",C","0",",C","4",",C","0",",C","0",",C","0",",C","-0.5",",C,19,","0","3,,C,29,+","25",",,C,17,","29.2","4,,C,21,","17.0",",C,27,","","","356.9",",C","248.8",",a,,C","50",",,,C","6.03",",C","8.74",",,,C","3.31",",,,C"
"CA001036208","1992-03","49.2","-124.75","163.0","PORT ALBERNI COX LAKE, BC CA","0.0","C","0.0","3,C","9","2,C","6","2,C","0","2,C","0",",C","0",",C","0","2,C","9","2,C","0","3,C","0","3,C","0","3,C","-1.5","2,C,29,+","0",",,C,31,+","0",",,C,31,+","12.1","2,,C,01,","20.0","3,C,25,","","","256.6","3,C","43.3",",a,,C","0",",,,C","9.18","3,C","15.16","3,,,C","3.21","2,,,C"
"CA001036208","1992-04","49.2","-124.75","163.0","PORT ALBERNI COX LAKE, BC CA","0.0","C","0.0","2,C","19","2,C","14","2,C","2","2,C","0",",C","0",",C","0",",C","6",",C","0","2,C","2","2,C","0","2,C","-2.0",",C,08,","0",",,C,30,+","5",",,C,04,","36.4","2,,C,04,","24.0","2,C,01,","","","254.6","2,C","236.6",",a,,C","5",",,,C","9.44","2,C","14.63","2,,,C","4.25",",,,C"
"CA001036208","1992-05","49.2","-124.75","163.0","PORT ALBERNI COX LAKE, BC CA","0.7","C","0.7",",C","4",",C","3",",C","0",",C","0",",C","0",",C","0",",C","0",",C","0",",C","15",",C","0",",C","0.5",",C,20,","0",",,C,31,+","0",",,C,31,+","4.8",",,C,27,","31.0",",C,24,","","","153.5",",C","12.2",",,,C","0",",,,C","13.40",",C","21.19",",,,C","5.61",",,,C"
"CA001036208","1992-06","49.2","-124.75","163.0","PORT ALBERNI COX LAKE, BC CA","22.0","C","21.3",",C","9",",C","7",",C","0",",C","0",",C","0",",C","0",",C","0",",C","0",",C","18",",C","5",",C","4.0",",C,02,","0",",,C,30,+","0",",,C,30,+","10.8",",,C,13,+","35.5",",C,22,","","","71.7",",C","57.6",",,,C","0",",,,C","16.65",",C","23.67",",,,C","9.63",",,,C"
"CA001036208","1992-07","49.2","-124.75","163.0","PORT ALBERNI COX LAKE, BC CA","52.8","C","30.8","2,C","2",",C","1",",C","0",",C","0",",C","0",",C","0","1,C","0","1,C","0","1,C","23","1,C","5","1,C","7.0","1,C,15,","0",",,C,31,+","0",",,C,31,+","8.2",",,C,09,","36.0","1,C,30,","18.5","C","18.5","1,C","8.8",",,,C","0",",,,C","18.78","2,C","25.95","1,,,C","11.62","1,,,C"
"CA001036208","1992-08","49.2","-124.75","163.0","PORT ALBERNI COX LAKE, BC CA","77.5","C","24.7","2,C","6","2,C","3","2,C","0","2,C","0",",C","0",",C","0","2,C","0","2,C","0","2,C","26","2,C","2","2,C","4.5","2,C,24,","0",",,C,31,+","0",",,C,31,+","10.2","2,,C,05,","36.0","2,C,12,","49.8","C","31.3","2,C","22.7","2,,,C","0",",,,C","18.10","2,C","26.17","2,,,C","10.03","2,,,C"
"CA001036208","1992-09","49.2","-124.75","163.0","PORT ALBERNI COX LAKE, BC CA","78.2","C","0.7",",C","10","1,C","2","1,C","1","1,C","0",",C","0",",C","0",",C","2",",C","0",",C","11",",C","0",",C","-0.5",",C,16,+","0",",,C,30,+","0",",,C,30,+","32.6","1,,C,23,","28.0",",C,22,","191.2","C","141.4",",C","51.7","1,,,C","0",",,,C","13.64",",C","20.45",",,,C","6.83",",,,C"
"CA001036208","1992-10","49.2","-124.75","163.0","PORT ALBERNI COX LAKE, BC CA","78.2","C","0.0",",C","15",",C","9",",C","4",",C","0",",C","0",",C","0",",C","5",",C","0",",C","0",",C","0",",C","-4.0",",C,15,","0",",,C,31,+","0",",,C,31,+","63.2",",,C,17,","21.0",",C,01,","428.0","C","236.8",",C","291.6",",,,C","0",",,,C","10.69",",C","14.79",",,,C","6.60",",,,C"
"CA001036208","1992-11","49.2","-124.75","163.0","PORT ALBERNI COX LAKE, BC CA","78.2","C","0.0",",C","18",",C","10",",C","3",",C","0",",C","0",",C","0",",C","7",",C","0",",C","0",",C","0",",C","-2.5",",C,23,","0",",,C,30,+","0",",,C,30,+","45.2",",,C,06,","12.5",",C,16,","796.0","C","368.0",",C","236.6",",,,C","0",",,,C","6.07",",C","9.05",",,,C","3.08",",,,C"
"CA001036208","1992-12","49.2","-124.75","163.0","PORT ALBERNI COX LAKE, BC CA","78.2","C","0.0","2,C","17","1,C","11","1,C","1","1,C","","","5","1,C","0","1,C","19","1,C","3","1,C","0","1,C","0","1,C","-5.0","1,C,31,","","","130","1,,C,19,","49.6","1,,C,19,","9.5","1,C,22,","1286.7","C","490.7","1,C","157.7","1,,,C","460","1,,,C","1.38","2,C","3.55","1,,,C","-0.80","1,,,C"
"CA001036208","1993-01","49.2","-124.75","163.0","PORT ALBERNI COX LAKE, BC CA","0.0","C","0.0",",C","11",",C","10",",C","3",",C","29","2,C","5",",C","0",",C","22",",C","10",",C","0",",C","0",",C","-11.5",",C,13,+","160","2,,C,24,","100",",,C,02,","49.6",",,C,24,","7.5",",C,28,+","1895.3","C","608.6",",C","204.7",",,,C","335",",,,C","-1.30",",C","2.18",",,,C","-4.77",",,,C"
"CA001036208","1993-02","49.2","-124.75","163.0","PORT ALBERNI COX LAKE, BC CA","0.0","C","0.0","2,C","4","3,C","2","3,C","0","3,C","","","0",",C","0","1,C","16","1,C","0","1,C","0","1,C","0","1,C","-9.0","1,C,24,","","","0",",T,C,20,","10.6","3,,C,28,","12.5","1,C,08,","2296.2","C","400.9","1,C","17.8","3,,,C","0",",T,,C","3.04","2,C","8.06","1,,,C","-1.98","1,,,C"
"CA001036208","1993-03","49.2","-124.75","163.0","PORT ALBERNI COX LAKE, BC CA","0.0","C","0.0",",C","13","5,C","12","5,C","4","5,C","0","2,C","0",",C","0",",C","13",",C","0",",C","0",",C","0",",C","-5.0",",C,28,","20","2,,C,17,","15",",,C,16,","64.4","5,,C,03,","16.0",",C,10,","2661.3","C","365.1",",C","309.2","3,a,,C","15",",,,C","6.56",",C","11.60",",,,C","1.52",",,,C"
"CA001036208","1993-04","49.2","-124.75","163.0","PORT ALBERNI COX LAKE, BC CA","0.0","C","0.0","5,C","","","","","","","0",",C","0",",C","0","3,C","1","3,C","0","4,C","0","4,C","0","4,C","-1.5","3,C,04,","0",",,C,30,+","0",",,C,30,+","","","15.5","4,C,19,+","2904.4","C","243.1","4,C","219.5","3,a,,C","0",",,,C","8.59","5,C","12.63","4,,,C","4.54","3,,,C"
"CA001036208","1993-05","49.2","-124.75","163.0","PORT ALBERNI COX LAKE, BC CA","1.0","C","1.0",",C","18","2,C","13","2,C","0","2,C","0",",C","0",",C","0",",C","0",",C","0",",C","11",",C","0",",C","2.0",",C,02,","0",",,C,31,+","0",",,C,31,+","17.4","2,,C,20,","31.5",",C,12,","3052.2","C","147.8",",C","151.0",",a,,C","0",",,,C","13.60",",C","19.26",",,,C","7.94",",,,C"
"CA001036208","1993-06","49.2","-124.75","163.0","PORT ALBERNI COX LAKE, BC CA","2.8","C","1.8","2,C","13",",C","6",",C","0",",C","0",",C","0",",C","0","2,C","0","2,C","0",",C","6",",C","0",",C","5.5","2,C,13,","0",",,C,30,+","0",",,C,30,+","21.0",",,C,08,","28.5",",C,05,","3151.9","C","99.7",",C","86.1",",,,C","0",",,,C","14.84","2,C","19.28",",,,C","10.39","2,,,C"
"CA001036208","1993-07","49.2","-124.75","163.0","PORT ALBERNI COX LAKE, BC CA","3.7","C","0.9","1,C","6","1,C","3","1,C","0","1,C","0",",C","0",",C","0","1,C","0","1,C","0","1,C","15","1,C","0","1,C","6.0","1,C,07,","0",",,C,31,+","0",",,C,31,+","15.6","1,,C,29,","26.5","1,C,25,","75.7","C","75.7","1,C","31.8","1,,,C","0",",,,C","15.84","1,C","21.17","1,,,C","10.52","1,,,C"
"CA001036208","1993-08","49.2","-124.75","163.0","PORT ALBERNI COX LAKE, BC CA","26.1","C","22.4","1,C","6","2,C","3","2,C","1","2,C","0",",C","0",",C","0",",C","0",",C","0","1,C","23","1,C","3","1,C","5.0",",C,30,+","0",",,C,31,+","0",",,C,31,+","26.4","2,,C,22,","36.0","1,C,04,","121.1","C","45.4","1,C","59.4",",a,,C","0",",,,C","17.60","1,C","24.55","1,,,C","10.65",",,,C"
"CA001036208","1993-09","49.2","-124.75","163.0","PORT ALBERNI COX LAKE, BC CA","31.4","C","5.3","2,C","2",",C","1",",C","0",",C","0",",C","0",",C","0","2,C","0","2,C","0",",C","25",",C","0",",C","0.5","2,C,23,+","0",",,C,30,+","0",",,C,30,+","4.0",",,C,19,","32.0",",C,06,","210.2","C","89.1",",C","5.6",",,,C","0",",,,C","15.47","2,C","24.73",",,,C","6.21","2,,,C"
"CA001036208","1993-10","49.2","-124.75","163.0","PORT ALBERNI COX LAKE, BC CA","31.4","C","0.0",",C","10",",C","7",",C","2",",C","0",",C","0",",C","0",",C","0",",C","0",",C","6",",C","0",",C","0.5",",C,20,+","0",",,C,31,+","0",",,C,31,+","48.2",",,C,21,","29.0",",C,02,","410.0","C","199.8",",C","115.2",",,,C","0",",,,C","11.89",",C","17.65",",,,C","6.13",",,,C"
"CA001036208","1993-11","49.2","-124.75","163.0","PORT ALBERNI COX LAKE, BC CA","31.4","C","0.0","2,C","8","3,C","7","3,C","1","3,C","0",",C","0",",C","0","1,C","12","1,C","0","1,C","0","1,C","0","1,C","-10.0","1,C,24,+","0",",,C,30,+","0",",T,C,21,","39.7","3,,C,28,","15.0","1,C,03,","811.1","C","401.1","1,C","135.5","1,a,,C","0",",T,,C","4.09","2,C","8.03","1,,,C","0.14","1,,,C"
"CA001036208","1993-12","49.2","-124.75","163.0","PORT ALBERNI COX LAKE, BC CA","31.4","C","0.0","1,C","","","","","","","3",",C","0","3,C","0",",C","9",",C","0","1,C","0","1,C","0","1,C","-4.5",",C,06,","90",",,C,07,","0","3,T,C,11,","","","13.0","1,C,02,","1265.1","C","454.0","1,C","313.8","4,a,,C","0","3,T,,C","3.18","1,C","5.15","1,,,C","1.21",",,,C"
"CA001036208","1994-01","49.2","-124.75","163.0","PORT ALBERNI COX LAKE, BC CA","0.0","C","0.0","1,C","15","2,C","13","2,C","3","2,C","0",",C","0",",C","0",",C","3",",C","0","1,C","0","1,C","0","1,C","-4.0",",C,31,","0",",,C,31,+","0",",,C,31,+","81.4","2,,C,03,","11.0","1,C,26,+","1649.6","C","384.5","1,C","250.2",",a,,C","0",",,,C","5.51","1,C","7.70","1,,,C","3.32",",,,C"
"CA001036208","1994-02","49.2","-124.75","163.0","PORT ALBERNI COX LAKE, BC CA","0.0","C","0.0","3,C","15","2,C","14","2,C","7","2,C","4","1,C","3","1,C","0","2,C","18","2,C","0","2,C","0","2,C","0","2,C","-7.0","2,C,08,","120","1,,C,25,+","120","1,,C,24,+","90.2","2,,C,28,","12.0","2,C,28,","2043.4","C","393.8","2,C","481.9","2,,,C","270","1,,,C","2.52","3,C","6.04","2,,,C","-1.00","2,,,C"
"CA001036208","1994-03","49.2","-124.75","163.0","PORT ALBERNI COX LAKE, BC CA","","","","","13","4,C","6","4,C","2","4,C","2","3,C","1",",C","","","","","","","","","","","","","70","3,,C,22,","70",",,C,21,","75.6","4,,C,01,","","","","","","","207.4","2,a,,C","90",",,,C","","","","","",""
"CA001036208","1994-04","49.2","-124.75","163.0","PORT ALBERNI COX LAKE, BC CA","","","0.0","2,C","17","2,C","12","2,C","0","2,C","0",",C","0",",C","0","1,C","2","1,C","0","1,C","1","1,C","0","1,C","-0.5","1,C,25,+","0",",,C,30,+","0",",,C,30,+","20.0","2,,C,11,","23.0","1,C,17,","","","232.6","1,C","88.0",",a,,C","0",",,,C","10.03","2,C","15.02","1,,,C","5.03","1,,,C"
"CA001036208","1994-05","49.2","-124.75","163.0","PORT ALBERNI COX LAKE, BC CA","","","0.0",",C","11","2,C","4","2,C","0","2,C","0",",C","0",",C","0",",C","0",",C","0",",C","8",",C","0",",C","0.5",",C,03,+","0",",,C,31,+","0",",,C,31,+","10.2","2,,C,29,+","29.5",",C,07,","","","178.1",",C","74.0",",a,,C","0",",,,C","12.59",",C","19.52",",,,C","5.66",",,,C"
"CA001036208","1994-06","49.2","-124.75","163.0","PORT ALBERNI COX LAKE, BC CA","","","1.2","4,C","12","4,C","8","4,C","0","4,C","0",",C","0",",C","0","2,C","0","2,C","0","3,C","7","3,C","0","3,C","3.5","2,C,08,+","0",",,C,30,+","0",",,C,30,+","13.2","4,,C,13,","29.0","3,C,22,","","","126.6","3,C","95.4","2,a,,C","0",",,,C","13.57","4,C","19.28","3,,,C","7.86","2,,,C"
"CA001036208","1994-07","49.2","-124.75","163.0","PORT ALBERNI COX LAKE, BC CA","","","24.5","3,C","3",",C","1",",C","0",",C","0",",C","0",",C","0","3,C","0","3,C","0",",C","25",",C","4",",C","5.5","3,C,09,","0",",,C,31,+","0",",,C,31,+","8.6",",,C,04,","35.5",",C,22,","45.3","C","45.3",",C","10.8",",,,C","0",",,,C","17.83","3,C","25.37",",,,C","10.29","3,,,C"
"CA001036208","1994-08","49.2","-124.75","163.0","PORT ALBERNI COX LAKE, BC CA","","","4.2",",C","6",",C","5",",C","0",",C","0",",C","0",",C","0",",C","0",",C","0",",C","30",",C","0",",C","5.0",",C,27,+","0",",,C,31,+","0",",,C,31,+","14.6",",,C,08,","31.0",",C,27,","92.3","C","47.0",",C","29.4",",,,C","0",",,,C","16.95",",C","24.85",",,,C","9.05",",,,C"
"CA001036208","1994-09","49.2","-124.75","163.0","PORT ALBERNI COX LAKE, BC CA","","","1.2",",C","9",",C","5",",C","1",",C","0",",C","0",",C","0",",C","0",",C","0",",C","20",",C","0",",C","3.5",",C,02,","0",",,C,30,+","0",",,C,30,+","26.6",",,C,07,","31.0",",C,22,","180.2","C","87.9",",C","79.4",",,,C","0",",,,C","15.44",",C","23.22",",,,C","7.67",",,,C"
"CA001036208","1994-10","49.2","-124.75","163.0","PORT ALBERNI COX LAKE, BC CA","","","0.0",",C","17",",C","11",",C","4",",C","0",",C","0",",C","0",",C","2",",C","0",",C","3",",C","0",",C","-1.0",",C,03,","0",",,C,31,+","0",",,C,31,+","37.6",",,C,26,","21.5",",C,05,+","460.8","C","280.6",",C","227.0",",,,C","0",",,,C","9.28",",C","14.79",",,,C","3.77",",,,C"
"CA001036208","1994-11","49.2","-124.75","163.0","PORT ALBERNI COX LAKE, BC CA","","","0.0","1,C","24",",C","18",",C","7",",C","0","4,C","4",",C","0",",C","12",",C","0","1,C","0","1,C","0","1,C","-5.0",",C,18,","20","4,,C,23,","150",",,C,22,","44.0",",,C,22,","12.0","1,C,29,","886.2","C","425.4","1,C","368.2",",,,C","335",",,,C","3.60","1,C","6.71","1,,,C","0.50",",,,C"
"CA001036208","1994-12","49.2","-124.75","163.0","PORT ALBERNI COX LAKE, BC CA","","","0.0",",C","21",",C","19",",C","7",",C","3","3,C","3",",C","0",",C","18",",C","2",",C","0",",C","0",",C","-6.0",",C,04,","150","3,,C,07,","130",",,C,05,","62.4",",,C,19,","11.5",",C,19,","1375.5","C","489.3",",C","411.9",",,,C","305",",,,C","2.55",",C","4.77",",,,C","0.32",",,,C"
"CA001036208","1995-01","49.2","-124.75","163.0","PORT ALBERNI COX LAKE, BC CA","0.0","C","0.0","1,C","17","2,C","13","2,C","3","2,C","0",",C","0",",C","0","1,C","16","1,C","0","1,C","0","1,C","0","1,C","-8.5","1,C,04,","0",",,C,31,+","0",",,C,31,+","57.8","2,,C,17,","12.0","1,C,28,","1846.7","C","471.2","1,C","380.3",",a,,C","0",",,,C","2.63","1,C","6.18","1,,,C","-0.93","1,,,C"
"CA001036208","1995-02","49.2","-124.75","163.0","PORT ALBERNI COX LAKE, BC CA","0.0","C","0.0","3,C","12","3,C","10","3,C","2","3,C","3","4,C","2",",C","0","2,C","13","2,C","1","1,C","0","1,C","0","1,C","-7.0","2,C,13,","320","4,,C,15,","340",",,C,14,","43.0","3,,C,16,","13.5","1,C,08,","2193.3","C","346.6","1,C","293.3",",a,,C","411",",,,C","4.60","3,C","8.74","1,,,C","0.46","2,,,C"
"CA001036208","1995-03","49.2","-124.75","163.0","PORT ALBERNI COX LAKE, BC CA","0.0","C","0.0","2,C","15","5,C","13","5,C","2","5,C","","","2",",C","0","2,C","14","2,C","0","2,C","0","2,C","0","2,C","-6.0","2,C,03,","","","76",",,C,08,","35.6","5,,C,08,","20.0","2,C,30,+","2553.0","C","359.7","2,C","260.8",",a,,C","146",",,,C","5.93","2,C","11.02","2,,,C","0.84","2,,,C"
"CA001036208","1995-04","49.2","-124.75","163.0","PORT ALBERNI COX LAKE, BC CA","0.0","C","0.0","2,C","11","2,C","7","2,C","0","2,C","0",",C","0",",C","0",",C","7",",C","0","2,C","7","2,C","0","2,C","-2.5",",C,16,","0",",,C,30,+","0",",,C,30,+","19.4","2,,C,07,","23.5","2,C,27,+","2815.8","C","262.8","2,C","67.6","2,,,C","0",",,,C","8.90","2,C","15.14","2,,,C","2.65",",,,C"
"CA001036208","1995-05","49.2","-124.75","163.0","PORT ALBERNI COX LAKE, BC CA","0.0","C","0.0","1,C","5",",C","5",",C","0",",C","0",",C","0",",C","0","1,C","1","1,C","0",",C","18",",C","0",",C","0.0","1,C,12,","0",",,C,31,+","0",",,C,31,+","10.6",",,C,09,","30.5",",C,25,","2951.3","C","135.5",",C","30.8",",,,C","0",",,,C","13.76","1,C","21.97",",,,C","5.55","1,,,C"
"CA001036208","1995-06","49.2","-124.75","163.0","PORT ALBERNI COX LAKE, BC CA","12.8","C","12.8","1,C","10",",C","8",",C","0",",C","0",",C","0",",C","0",",C","0",",C","0","1,C","16","1,C","3","1,C","3.0",",C,03,","0",",,C,30,+","0",",,C,30,+","17.4",",,C,12,","35.5","1,C,30,","3048.3","C","97.0","1,C","73.8",",,,C","0",",,,C","15.46","1,C","22.47","1,,,C","8.45",",,,C"
"CA001036208","1995-07","49.2","-124.75","163.0","PORT ALBERNI COX LAKE, BC CA","36.7","C","23.9",",C","6",",C","3",",C","0",",C","0",",C","0",",C","0",",C","0",",C","0",",C","23",",C","4",",C","5.0",",C,30,","0",",,C,31,+","0",",,C,31,+","11.2",",,C,25,","35.5",",C,18,","38.2","C","38.2",",C","28.9",",,,C","0",",,,C","17.87",",C","24.68",",,,C","11.06",",,,C"
"CA001036208","1995-08","49.2","-124.75","163.0","PORT ALBERNI COX LAKE, BC CA","","","","","5","2,C","3","2,C","1","2,C","0",",C","0",",C","","","","","","","","","","","","","0",",,C,31,+","0",",,C,31,+","29.4","2,,C,06,","","","","","","","54.6","2,,,C","0",",,,C","","","","","",""
"CA001036208","1995-09","49.2","-124.75","163.0","PORT ALBERNI COX LAKE, BC CA","","","8.7",",C","11",",C","3",",C","0",",C","0",",C","0",",C","0",",C","0",",C","0",",C","21",",C","0",",C","1.0",",C,23,","0",",,C,30,+","0",",,C,30,+","12.8",",,C,29,","32.0",",C,14,+","","","57.7",",C","34.2",",,,C","0",",,,C","16.70",",C","25.17",",,,C","8.23",",,,C"
"CA001036208","1995-10","49.2","-124.75","163.0","PORT ALBERNI COX LAKE, BC CA","","","0.0",",C","21",",C","19",",C","3",",C","0",",C","0",",C","0",",C","3",",C","0",",C","0",",C","0",",C","-4.5",",C,31,","0",",,C,31,+","0",",,C,31,+","50.4",",,C,16,","18.5",",C,04,","","","273.6",",C","298.8",",,,C","0",",,,C","9.51",",C","13.81",",,,C","5.21",",,,C"
"CA001036208","1995-11","49.2","-124.75","163.0","PORT ALBERNI COX LAKE, BC CA","","","0.0","2,C","19","4,C","18","4,C","7","4,C","0",",C","0",",C","0","2,C","5","2,C","0",",C","0",",C","0",",C","-5.0","2,C,01,","0",",,C,30,+","0",",T,C,07,+","103.9","4,,C,07,","15.5",",C,14,","","","309.3",",C","646.5",",a,,C","0",",T,,C","7.14","2,C","10.70",",,,C","3.57","2,,,C"
"CA001036208","1995-12","49.2","-124.75","163.0","PORT ALBERNI COX LAKE, BC CA","","","0.0","1,C","17","4,C","16","4,C","4","4,C","0",",C","1",",C","0","1,C","9","1,C","0","1,C","0","1,C","0","1,C","-6.5","1,C,09,","0",",,C,31,+","70",",,C,09,","127.8","4,,C,09,","13.0","1,C,10,","","","431.5","1,C","458.0",",a,,C","70",",,,C","3.95","1,C","6.30","1,,,C","1.60","1,,,C"
"CA001036208","1996-01","49.2","-124.75","163.0","PORT ALBERNI COX LAKE, BC CA","0.0","","0.0","2,C","21",",C","15",",C","5",",C","","","1",",C","0","1,C","18","1,C","2","1,C","0","1,C","0","1,C","-11.0","1,C,30,","","","210",",,C,05,","71.0",",,C,14,","12.0","1,C,02,+","","","434.7","1,C","318.9",",,,C","263",",,,C","3.22","2,C","5.87","1,,,C","0.57","1,,,C"
"CA001036208","1996-02","49.2","-124.75","163.0","PORT ALBERNI COX LAKE, BC CA","","","","","","","","","","","","","3",",C","0","5,C","19","5,C","0","4,C","0","4,C","0","4,C","-10.5","5,C,03,","","","100",",,C,26,","","","17.5","4,C,15,","","","","","333.0",",a,,C","190",",,,C","3.72","7,C","8.96","4,,,C","-1.52","5,,,C"
"CA001036208","1996-03","49.2","-124.75","163.0","PORT ALBERNI COX LAKE, BC CA","","","0.0","2,C","14",",C","10",",C","1",",C","5",",C","1",",C","0","2,C","10","2,C","0","2,C","0","2,C","0","2,C","-5.0","2,C,25,+","140",",,C,04,","200",",,C,03,","31.0",",,C,19,","17.0","2,C,18,+","","","354.4","2,C","143.0",",,,C","200",",,,C","6.11","2,C","11.17","2,,,C","1.05","2,,,C"
"CA001036208","1996-04","49.2","-124.75","163.0","PORT ALBERNI COX LAKE, BC CA","","","0.0",",C","26",",C","20",",C","4",",C","0",",C","0",",C","0",",C","1",",C","0",",C","0",",C","0",",C","-2.0",",C,02,","0",",,C,30,+","0",",T,C,03,","50.2",",,C,05,","20.0",",C,07,","","","282.7",",C","315.2",",,,C","0",",T,,C","8.91",",C","12.72",",,,C","5.10",",,,C"
"CA001036208","1996-05","49.2","-124.75","163.0","PORT ALBERNI COX LAKE, BC CA","","","0.0",",C","16",",C","13",",C","0",",C","0",",C","0",",C","0",",C","2",",C","0",",C","3",",C","0",",C","-1.0",",C,09,+","0",",,C,31,+","0",",T,C,06,","25.0",",,C,17,","22.5",",C,24,","","","249.3",",C","119.8",",,,C","0",",T,,C","10.29",",C","15.73",",,,C","4.85",",,,C"
"CA001036208","1996-06","49.2","-124.75","163.0","PORT ALBERNI COX LAKE, BC CA","","","0.0","5,C","11","5,C","5","5,C","0","5,C","0",",C","0",",C","0","5,C","0","5,C","0","1,C","8","1,C","0","1,C","2.0","5,C,16,","0",",,C,30,+","0",",,C,30,+","9.0","5,,C,10,","24.5","1,C,20,+","","","135.1","1,C","53.8",",a,,C","0",",,,C","12.97","5,C","19.33","1,,,C","6.62","5,,,C"
"CA001036208","1996-07","49.2","-124.75","163.0","PORT ALBERNI COX LAKE, BC CA","","","43.4","3,C","4",",C","1",",C","0",",C","0",",C","0",",C","0","3,C","0","3,C","0","1,C","25","1,C","8","1,C","4.0","3,C,06,","0",",,C,31,+","0",",,C,31,+","12.8",",,C,18,","35.5","1,C,26,+","34.7","","34.7","1,C","17.0",",,,C","0",",,,C","18.50","3,C","27.48","1,,,C","9.52","3,,,C"
"CA001036208","1996-08","49.2","-124.75","163.0","PORT ALBERNI COX LAKE, BC CA","","","21.8","1,C","7",",C","2",",C","0",",C","0",",C","0",",C","0","1,C","0","1,C","0","1,C","23","1,C","3","1,C","4.5","1,C,21,","0",",,C,31,+","0",",,C,31,+","11.2",",,C,29,","35.5","1,C,25,","80.5","","45.8","1,C","23.8",",,,C","0",",,,C","17.53","1,C","25.73","1,,,C","9.33","1,,,C"
"CA001036208","1996-09","49.2","-124.75","163.0","PORT ALBERNI COX LAKE, BC CA","","","0.0","3,C","8","4,C","4","4,C","0","4,C","0",",C","0",",C","0","2,C","1","2,C","0","2,C","10","2,C","0","2,C","-0.5","2,C,23,","0",",,C,30,+","0",",,C,30,+","7.2","4,,C,02,","26.5","2,C,10,","220.5","","140.0","2,C","75.8",",a,,C","0",",,,C","13.21","3,C","19.63","2,,,C","6.79","2,,,C"
"CA001036208","1996-10","49.2","-124.75","163.0","PORT ALBERNI COX LAKE, BC CA","","","0.0",",C","20",",C","15",",C","5",",C","0",",C","1",",C","0",",C","6",",C","0",",C","2",",C","0",",C","-2.0",",C,31,+","20",",,C,18,","70",",,C,17,","59.2",",,C,17,","25.0",",C,09,","518.8","","298.3",",C","317.0",",,,C","70",",,,C","8.71",",C","13.19",",,,C","4.23",",,,C"
"CA001036208","1996-11","49.2","-124.75","163.0","PORT ALBERNI COX LAKE, BC CA","","","0.0",",C","20",",C","17",",C","2",",C","10","1,C","4",",C","0",",C","12",",C","0",",C","0",",C","0",",C","-9.5",",C,23,+","140","1,,C,21,+","120",",,C,23,","41.6",",,C,07,","14.0",",C,08,","948.3","","429.5",",C","262.0",",,,C","330",",,,C","4.02",",C","6.97",",,,C","1.07",",,,C"
"CA001036208","1997-01","49.2","-124.75","163.0","PORT ALBERNI COX LAKE, BC CA","0.0","C","0.0","1,C","18","2,C","16","2,C","4","2,C","10",",C","2",",C","0",",C","14",",C","2","1,C","0","1,C","0","1,C","-9.0",",C,26,","160",",,C,01,","130",",,C,27,","82.2","2,,C,29,","10.0","1,C,01,","","","477.0","1,C","435.4",",a,,C","260",",,,C","2.46","1,C","4.77","1,,,C","0.16",",,,C"
"CA001036208","1997-02","49.2","-124.75","163.0","PORT ALBERNI COX LAKE, BC CA","0.0","C","0.0","3,C","10","2,C","10","2,C","0","2,C","0","1,C","0",",C","0","2,C","15","2,C","0","1,C","0","1,C","0","1,C","-4.5","2,C,05,","10","1,,C,19,+","20",",,C,11,","22.1","2,,C,28,","13.0","1,C,24,","","","352.3","1,C","93.4",",a,,C","50",",,,C","4.29","3,C","8.52","1,,,C","0.06","2,,,C"
"CA001036208","1997-03","49.2","-124.75","163.0","PORT ALBERNI COX LAKE, BC CA","0.0","C","0.0","3,C","22","4,C","17","4,C","4","4,C","2","2,C","1",",C","0","3,C","12","3,C","0","2,C","0","2,C","0","2,C","-3.0","3,C,14,","130","2,,C,16,","140",",,C,15,","122.9","4,,C,17,","13.5","2,C,23,","","","373.8","2,C","447.4",",a,,C","165",",,,C","4.99","3,C","8.50","2,,,C","1.48","3,,,C"
"CA001036208","1997-04","49.2","-124.75","163.0","PORT ALBERNI COX LAKE, BC CA","0.0","C","0.0","1,C","13","2,C","13","2,C","1","2,C","0",",C","0",",C","0","1,C","9","1,C","0",",C","0",",C","0",",C","-4.0","1,C,05,","0",",,C,30,+","0",",,C,30,+","68.0","2,,C,15,","17.5",",C,06,","","","305.7",",C","206.2",",a,,C","0",",,,C","7.77","1,C","13.85",",,,C","1.69","1,,,C"
"CA001036208","1997-05","49.2","-124.75","163.0","PORT ALBERNI COX LAKE, BC CA","0.0","C","0.0",",C","12","1,C","10","1,C","2","1,C","0",",C","0",",C","0",",C","1",",C","0",",C","11",",C","0",",C","0.0",",C,02,","0",",,C,31,+","0",",,C,31,+","43.8","1,,C,04,","29.0",",C,11,","","","159.3",",C","168.0","1,,,C","0",",,,C","13.19",",C","19.55",",,,C","6.84",",,,C"
"CA001036208","1997-06","49.2","-124.75","163.0","PORT ALBERNI COX LAKE, BC CA","0.0","C","0.0",",C","18",",C","12",",C","1",",C","0",",C","0",",C","0",",C","0",",C","0",",C","8",",C","0",",C","4.0",",C,09,+","0",",,C,30,+","0",",,C,30,+","47.8",",,C,16,","27.0",",C,14,","","","129.2",",C","138.2",",,,C","0",",,,C","14.03",",C","19.08",",,,C","8.97",",,,C"
"CA001036208","1997-07","49.2","-124.75","163.0","PORT ALBERNI COX LAKE, BC CA","5.4","C","5.4",",C","4",",C","4",",C","1",",C","0",",C","0",",C","0",",C","0",",C","0",",C","24",",C","0",",C","6.5",",C,26,","0",",,C,31,+","0",",,C,31,+","59.4",",,C,07,","31.5",",C,20,","45.0","C","45.0",",C","77.2",",,,C","0",",,,C","17.06",",C","23.71",",,,C","10.40",",,,C"
"CA001036208","1997-08","49.2","-124.75","163.0","PORT ALBERNI COX LAKE, BC CA","30.8","C","25.4",",C","9",",C","8",",C","1",",C","0",",C","0",",C","0",",C","0",",C","0",",C","24",",C","1",",C","7.0",",C,01,","0",",,C,31,+","0",",,C,31,+","27.8",",,C,25,","33.0",",C,10,","72.5","C","27.5",",C","90.8",",,,C","0",",,,C","18.27",",C","25.89",",,,C","10.65",",,,C"
"CA001036208","1997-09","49.2","-124.75","163.0","PORT ALBERNI COX LAKE, BC CA","30.8","C","0.0",",C","13",",C","12",",C","3",",C","0",",C","0",",C","0",",C","0",",C","0",",C","14",",C","0",",C","4.0",",C,20,","0",",,C,30,+","0",",,C,30,+","45.0",",,C,29,","29.5",",C,09,","165.2","C","92.7",",C","235.2",",,,C","0",",,,C","15.24",",C","21.43",",,,C","9.05",",,,C"
"CA001036208","1997-10","49.2","-124.75","163.0","PORT ALBERNI COX LAKE, BC CA","30.8","C","0.0",",C","24",",C","19",",C","4",",C","0",",C","0",",C","0",",C","0",",C","0",",C","0",",C","0",",C","1.0",",C,24,+","0",",,C,31,+","0",",,C,31,+","82.4",",,C,01,","17.0",",C,16,","438.3","C","273.1",",C","407.0",",,,C","0",",,,C","9.52",",C","13.06",",,,C","5.98",",,,C"
"CA001036208","1997-11","49.2","-124.75","163.0","PORT ALBERNI COX LAKE, BC CA","30.8","C","0.0","1,C","16","2,C","13","2,C","5","2,C","0",",C","0",",C","0","1,C","2","1,C","0",",C","0",",C","0",",C","-0.5","1,C,16,","0",",,C,30,+","0",",,C,30,+","59.6","2,,C,27,","14.0",",C,06,+","775.2","C","336.9",",C","331.0",",a,,C","0",",,,C","6.75","1,C","9.73",",,,C","3.78","1,,,C"
"CA001036208","1997-12","49.2","-124.75","163.0","PORT ALBERNI COX LAKE, BC CA","30.8","C","0.0",",C","18","2,C","13","2,C","6","2,C","0","2,C","0",",C","0",",C","10",",C","0",",C","0",",C","0",",C","-1.5",",C,13,","0","2,,C,31,+","0",",T,C,21,+","65.0","2,,C,15,","14.0",",C,13,","1213.5","C","438.3",",C","333.8",",a,,C","0",",T,,C","4.19",",C","6.63",",,,C","1.76",",,,C"
"CA001036208","1998-01","49.2","-124.75","163.0","PORT ALBERNI COX LAKE, BC CA","0.0","C","0.0","2,C","22","2,C","19","2,C","5","2,C","4","1,C","2",",C","0","1,C","15","1,C","2","1,C","0","1,C","0","1,C","-11.5","1,C,11,","130","1,,C,13,","130",",,C,12,","89.0","2,,C,22,","12.0","1,C,29,","1672.4","C","458.9","1,C","484.4",",a,,C","204",",,,C","2.68","2,C","5.47","1,,,C","-0.12","1,,,C"
"CA001036208","1998-02","49.2","-124.75","163.0","PORT ALBERNI COX LAKE, BC CA","0.0","C","0.0","2,C","22","4,C","18","4,C","2","4,C","0",",C","0",",C","0","1,C","6","1,C","0","1,C","0","1,C","0","1,C","-3.0","1,C,27,","20",",,C,28,","20",",,C,27,","42.0","4,,C,12,","12.0","1,C,19,","2022.3","C","349.9","1,C","293.4",",a,,C","20",",,,C","4.99","2,C","8.00","1,,,C","1.98","1,,,C"
"CA001036208","1998-03","49.2","-124.75","163.0","PORT ALBERNI COX LAKE, BC CA","0.0","C","0.0","2,C","18","2,C","9","2,C","1","2,C","0",",C","0",",C","0","1,C","7","1,C","0","1,C","0","1,C","0","1,C","-3.0","1,C,29,+","0",",,C,31,+","0",",,C,31,+","28.4","2,,C,23,","16.0","1,C,20,+","2360.0","C","337.7","1,C","135.8",",a,,C","0",",,,C","6.78","2,C","11.40","1,,,C","2.17","1,,,C"
"CA001036208","1998-04","49.2","-124.75","163.0","PORT ALBERNI COX LAKE, BC CA","0.0","C","0.0",",C","16",",C","6",",C","0",",C","0",",C","0",",C","0",",C","11",",C","0",",C","5",",C","0",",C","-2.5",",C,15,+","0",",,C,30,+","0",",,C,30,+","13.0",",,C,10,","29.5",",C,30,","2661.2","C","301.2",",C","48.2",",,,C","0",",,,C","8.29",",C","15.23",",,,C","1.35",",,,C"
"CA001036208","1998-05","49.2","-124.75","163.0","PORT ALBERNI COX LAKE, BC CA","0.7","C","0.7","2,C","10","2,C","7","2,C","0","2,C","0",",C","0","2,C","0","2,C","0","2,C","0","1,C","8","1,C","0","1,C","2.0","2,C,17,","0",",,C,31,+","0","2,,C,31,+","20.6","2,,C,26,","32.0","1,C,01,","2812.0","C","150.8","1,C","59.4","2,,,C","0","2,,,C","13.14","2,C","18.82","1,,,C","7.47","2,,,C"
"CA001036208","1998-06","49.2","-124.75","163.0","PORT ALBERNI COX LAKE, BC CA","3.9","C","3.2",",C","6",",C","2",",C","0",",C","0",",C","0",",C","0",",C","0",",C","0",",C","18",",C","0",",C","6.0",",C,28,+","0",",,C,30,+","0",",,C,30,+","14.0",",,C,09,","30.5",",C,07,","2881.2","C","69.2",",C","32.1",",,,C","0",",,,C","16.13",",C","22.28",",,,C","9.98",",,,C"
"CA001036208","1998-07","49.2","-124.75","163.0","PORT ALBERNI COX LAKE, BC CA","46.6","C","42.7",",C","7","2,C","5","2,C","0","2,C","0",",C","0",",C","0",",C","0",",C","0",",C","23",",C","4",",C","7.0",",C,10,","0",",,C,31,+","0",",,C,31,+","21.0","2,,C,17,","36.5",",C,26,","30.0","C","30.0",",C","74.2",",a,,C","0",",,,C","18.74",",C","25.19",",,,C","12.29",",,,C"
"CA001036208","1998-08","49.2","-124.75","163.0","PORT ALBERNI COX LAKE, BC CA","70.4","C","23.8","3,C","4",",C","1",",C","0",",C","0",",C","0",",C","0","2,C","0","2,C","0","3,C","26","3,C","4","3,C","5.5","2,C,19,","0",",,C,31,+","0",",,C,31,+","3.8",",,C,16,","35.5","3,C,13,","57.3","C","27.3","3,C","6.4",",,,C","0",",,,C","18.17","3,C","26.25","3,,,C","10.09","2,,,C"
"CA001036208","1998-09","49.2","-124.75","163.0","PORT ALBERNI COX LAKE, BC CA","73.2","C","2.8",",C","5",",C","2",",C","0",",C","0",",C","0",",C","0",",C","0",",C","0",",C","24",",C","0",",C","2.5",",C,28,","0",",,C,30,+","0",",,C,30,+","4.0",",,C,17,","28.5",",C,15,","127.9","C","70.6",",C","10.0",",,,C","0",",,,C","16.08",",C","24.37",",,,C","7.78",",,,C"
"CA001036208","1998-10","49.2","-124.75","163.0","PORT ALBERNI COX LAKE, BC CA","73.2","C","0.0",",C","22",",C","14",",C","1",",C","0",",C","0",",C","0",",C","2",",C","0",",C","1",",C","0",",C","-1.0",",C,19,+","0",",,C,31,+","0",",,C,31,+","31.4",",,C,12,","21.5",",C,06,","372.2","C","244.3",",C","205.0",",,,C","0",",,,C","10.45",",C","14.77",",,,C","6.13",",,,C"
"CA001036208","1998-11","49.2","-124.75","163.0","PORT ALBERNI COX LAKE, BC CA","73.2","C","0.0",",C","25",",C","21",",C","8",",C","0",",C","0",",C","0",",C","2",",C","0",",C","0",",C","0",",C","-1.0",",C,08,","0",",,C,30,+","0",",,C,30,+","93.0",",,C,14,","14.0",",C,12,","725.7","C","353.5",",C","563.6",",,,C","0",",,,C","6.55",",C","9.28",",,,C","3.82",",,,C"
"CA001036208","1998-12","49.2","-124.75","163.0","PORT ALBERNI COX LAKE, BC CA","73.2","C","0.0",",C","26",",C","24",",C","9",",C","6","2,C","5",",C","0",",C","10",",C","4",",C","0",",C","0",",C","-13.0",",C,22,","270","2,,C,24,","220",",,C,23,","92.4",",,C,12,","12.0",",C,12,","1215.0","C","489.3",",C","540.0",",,,C","660",",,,C","2.55",",C","5.40",",,,C","-0.31",",,,C"
"CA001036208","1999-01","49.2","-124.75","163.0","PORT ALBERNI COX LAKE, BC CA","0.0","C","0.0",",C","26",",C","21",",C","5",",C","1","3,C","2",",C","0",",C","14",",C","0",",C","0",",C","0",",C","-3.0",",C,30,","30","3,,C,31,","70",",,C,28,","89.0",",,C,28,","10.5",",C,14,+","1675.8","C","460.8",",C","402.6",",,,C","115",",,,C","3.47",",C","5.87",",,,C","1.06",",,,C"
"CA001036208","1999-02","49.2","-124.75","163.0","PORT ALBERNI COX LAKE, BC CA","0.0","C","0.0","2,C","26","2,C","23","2,C","5","2,C","","","7",",C","0","2,C","16","2,C","0","1,C","0","1,C","0","1,C","-2.5","2,C,09,","","","120",",,C,09,","40.8","2,,C,01,","10.5","1,C,20,","2064.0","C","388.2","1,C","390.7",",a,,C","465",",a,,C","3.36","2,C","6.24","1,,,C","0.48","2,,,C"
"CA001036208","1999-03","49.2","-124.75","163.0","PORT ALBERNI COX LAKE, BC CA","0.0","C","0.0",",C","26",",C","20",",C","1",",C","2","2,C","1",",C","0",",C","18",",C","0",",C","0",",C","0",",C","-3.0",",C,06,","60","2,,C,28,","55",",,C,27,","27.6",",,C,12,","19.0",",C,20,","2496.1","C","432.1",",C","237.2",",,,C","80",",,,C","4.40",",C","8.21",",,,C","0.58",",,,C"
"CA001036208","1999-04","49.2","-124.75","163.0","PORT ALBERNI COX LAKE, BC CA","0.0","C","0.0","1,C","12",",C","8",",C","0",",C","0",",C","0",",C","0",",C","16",",C","0","1,C","5","1,C","0","1,C","-3.0",",C,04,","0",",,C,30,+","0",",,C,30,+","8.6",",,C,07,","23.0","1,C,15,","2809.5","C","313.4","1,C","48.9",",,,C","0",",,,C","7.49","1,C","14.26","1,,,C","0.72",",,,C"
"CA001036208","1999-05","49.2","-124.75","163.0","PORT ALBERNI COX LAKE, BC CA","0.0","C","0.0",",C","14",",C","5",",C","0",",C","0",",C","0",",C","0",",C","4",",C","0",",C","5",",C","0",",C","-1.5",",C,10,+","0",",,C,31,+","0",",,C,31,+","20.4",",,C,17,","30.0",",C,23,","3083.1","C","273.6",",C","71.4",",,,C","0",",,,C","9.51",",C","15.65",",,,C","3.37",",,,C"
"CA001036208","1999-06","49.2","-124.75","163.0","PORT ALBERNI COX LAKE, BC CA","1.2","C","1.2",",C","17",",C","8",",C","0",",C","0",",C","0",",C","0",",C","0",",C","0",",C","6",",C","0",",C","3.0",",C,11,","0",",,C,30,+","0",",,C,30,+","8.4",",,C,04,","30.5",",C,14,","3234.5","C","151.4",",C","41.1",",,,C","0",",,,C","13.33",",C","18.13",",,,C","8.52",",,,C"
"CA001036208","1999-07","49.2","-124.75","163.0","PORT ALBERNI COX LAKE, BC CA","1.5","C","0.3",",C","5",",C","3",",C","0",",C","0",",C","0",",C","0",",C","0",",C","0",",C","20",",C","0",",C","3.5",",C,05,","0",",,C,31,+","0",",,C,31,+","8.0",",,C,02,","30.0",",C,09,","64.7","C","64.7",",C","18.8",",,,C","0",",,,C","16.26",",C","23.21",",,,C","9.31",",,,C"
"CA001036208","1999-08","49.2","-124.75","163.0","PORT ALBERNI COX LAKE, BC CA","14.8","C","13.3",",C","9",",C","4",",C","0",",C","0",",C","0",",C","0",",C","0",",C","0",",C","22",",C","0",",C","5.5",",C,22,","0",",,C,31,+","0",",,C,31,+","23.8",",,C,24,","32.0",",C,05,","100.9","C","36.2",",C","41.6",",,,C","0",",,,C","17.60",",C","23.97",",,,C","11.23",",,,C"
"CA001036208","1999-09","49.2","-124.75","163.0","PORT ALBERNI COX LAKE, BC CA","14.8","C","0.0",",C","7",",C","3",",C","1",",C","0",",C","0",",C","0",",C","0",",C","0",",C","18",",C","0",",C","0.5",",C,30,","0",",,C,30,+","0",",,C,30,+","29.4",",,C,24,","32.0",",C,13,","222.4","C","121.5",",C","55.8",",,,C","0",",,,C","14.28",",C","22.78",",,,C","5.78",",,,C"
"CA001036208","1999-10","49.2","-124.75","163.0","PORT ALBERNI COX LAKE, BC CA","14.8","C","0.0",",C","14",",C","11",",C","3",",C","0",",C","0",",C","0",",C","7",",C","0",",C","0",",C","0",",C","-1.5",",C,27,","0",",,C,31,+","0",",,C,31,+","55.2",",,C,29,","21.0",",C,04,","515.7","C","293.3",",C","193.4",",,,C","0",",,,C","8.87",",C","14.71",",,,C","3.03",",,,C"
"CA001036208","1999-11","49.2","-124.75","163.0","PORT ALBERNI COX LAKE, BC CA","14.8","C","0.0",",C","25","2,C","17","2,C","9","2,C","0",",C","0",",C","0",",C","6",",C","0",",C","0",",C","0",",C","-2.0",",C,02,","0",",,C,30,+","18",",,C,26,","57.4","2,,C,05,","12.0",",C,15,","895.4","C","379.7",",C","528.6",",a,,C","18",",,,C","5.68",",C","8.22",",,,C","3.13",",,,C"
"CA001036208","1999-12","49.2","-124.75","163.0","PORT ALBERNI COX LAKE, BC CA","14.8","C","0.0","1,C","17",",C","16",",C","5",",C","0",",C","1",",C","0","1,C","12","1,C","0","1,C","0","1,C","0","1,C","-3.0","1,C,28,+","20",",,C,14,","27",",,C,13,","70.0",",,C,01,","10.5","1,C,15,","1346.1","C","450.7","1,C","307.3",",,,C","37",",,,C","3.31","1,C","5.65","1,,,C","0.97","1,,,C"
"CA001036208","2000-01","49.2","-124.75","163.0","PORT ALBERNI COX LAKE, BC CA","0.0","C","0.0",",C","20","2,C","18","2,C","5","2,C","23","3,C","9",",C","0",",C","25",",C","1",",C","0",",C","0",",C","-4.5",",C,30,","500","3,,C,13,","320",",,C,11,","38.5","2,,C,03,","8.0",",C,31,","1864.7","C","518.6",",C","291.6",",a,,C","1075",",a,,C","1.60",",C","3.95",",,,C","-0.74",",,,C"
"CA001036208","2000-02","49.2","-124.75","163.0","PORT ALBERNI COX LAKE, BC CA","0.0","C","0.0",",C","15",",C","14",",C","1",",C","1","5,C","1",",C","0",",C","21",",C","0",",C","0",",C","0",",C","-5.0",",C,17,","80","5,,C,01,","75",",,C,25,","27.2",",,C,08,","12.0",",C,20,","2300.6","C","435.9",",C","182.5",",,,C","85",",,,C","3.30",",C","7.36",",,,C","-0.76",",,,C"
"CA001036208","2000-03","49.2","-124.75","163.0","PORT ALBERNI COX LAKE, BC CA","0.0","C","0.0",",C","19",",C","16",",C","2",",C","0",",C","0",",C","0",",C","9",",C","0",",C","0",",C","0",",C","-3.5",",C,06,","0",",,C,31,+","0",",,C,31,+","30.2",",,C,01,","17.5",",C,31,","2704.7","C","404.1",",C","210.4",",,,C","0",",,,C","5.30",",C","9.39",",,,C","1.21",",,,C"
"CA001036208","2000-04","49.2","-124.75","163.0","PORT ALBERNI COX LAKE, BC CA","0.0","C","0.0",",C","12",",C","9",",C","0",",C","0",",C","0",",C","0",",C","5",",C","0",",C","2",",C","0",",C","-3.0",",C,07,","0",",,C,30,+","0",",,C,30,+","24.8",",,C,30,","22.5",",C,11,","2999.4","C","294.7",",C","131.8",",,,C","0",",,,C","8.51",",C","14.13",",,,C","2.88",",,,C"
"CA001036208","2000-05","49.2","-124.75","163.0","PORT ALBERNI COX LAKE, BC CA","0.0","C","0.0",",C","12",",C","9",",C","1",",C","0",",C","0",",C","0",",C","4",",C","0",",C","2",",C","0",",C","-1.5",",C,08,","0",",,C,31,+","0",",,C,31,+","26.2",",,C,03,","23.0",",C,15,","3252.2","C","252.8",",C","106.2",",,,C","0",",,,C","10.18",",C","15.53",",,,C","4.82",",,,C"
"CA001036208","2000-06","49.2","-124.75","163.0","PORT ALBERNI COX LAKE, BC CA","4.3","C","4.3",",C","9",",C","6",",C","1",",C","0",",C","0",",C","0",",C","0",",C","0",",C","14",",C","1",",C","3.0",",C,11,","0",",,C,30,+","0",",,C,30,+","33.6",",,C,11,","32.5",",C,27,","3371.2","C","119.0",",C","74.9",",,,C","0",",,,C","14.51",",C","21.02",",,,C","8.00",",,,C"
"CA001036208","2000-07","49.2","-124.75","163.0","PORT ALBERNI COX LAKE, BC CA","15.7","C","11.4","3,C","7","3,C","4","3,C","1","3,C","0",",C","0",",C","0","3,C","0","3,C","0",",C","22",",C","0",",C","5.5","3,C,14,","0",",,C,31,+","0",",,C,31,+","40.8","3,,C,27,","31.5",",C,21,","60.5","C","60.5",",C","77.8",",a,,C","0",",,,C","16.70","3,C","22.77",",,,C","10.63","3,,,C"
"CA001036208","2000-08","49.2","-124.75","163.0","PORT ALBERNI COX LAKE, BC CA","23.4","C","7.7",",C","8",",C","4",",C","0",",C","0",",C","0",",C","0",",C","0",",C","0",",C","18",",C","0",",C","2.5",",C,28,","0",",,C,31,+","0",",,C,31,+","11.0",",,C,18,","30.5",",C,23,","138.2","C","77.7",",C","31.8",",,,C","0",",,,C","16.07",",C","22.56",",,,C","9.58",",,,C"
"CA001036208","2000-09","49.2","-124.75","163.0","PORT ALBERNI COX LAKE, BC CA","24.1","C","0.7",",C","9",",C","4",",C","0",",C","0",",C","0",",C","0",",C","3",",C","0",",C","13",",C","0",",C","-1.5",",C,23,","0",",,C,30,+","0",",,C,30,+","22.2",",,C,28,","28.5",",C,14,","252.6","C","114.4",",C","40.8",",,,C","0",",,,C","14.54",",C","20.80",",,,C","8.28",",,,C"
"CA001036208","2000-10","49.2","-124.75","163.0","PORT ALBERNI COX LAKE, BC CA","24.1","C","0.0",",C","13",",C","9",",C","4",",C","0",",C","0",",C","0",",C","3",",C","0",",C","0",",C","0",",C","-0.5",",C,06,","0",",,C,31,+","0",",,C,31,+","93.2",",,C,19,","21.0",",C,07,","530.4","C","277.8",",C","279.4",",,,C","0",",,,C","9.37",",C","14.61",",,,C","4.13",",,,C"
"CA001036208","2000-11","49.2","-124.75","163.0","PORT ALBERNI COX LAKE, BC CA","24.1","C","0.0",",C","17",",C","13",",C","3",",C","0",",C","0",",C","0",",C","9",",C","0",",C","0",",C","0",",C","-5.0",",C,11,","0",",,C,30,+","0",",,C,30,+","43.8",",,C,24,","14.5",",C,04,","956.6","C","426.2",",C","207.7",",,,C","0",",,,C","4.13",",C","6.88",",,,C","1.37",",,,C"
"CA001036208","2000-12","49.2","-124.75","163.0","PORT ALBERNI COX LAKE, BC CA","24.1","C","0.0",",C","17",",C","13",",C","2",",C","16",",C","4",",C","0",",C","23",",C","1",",C","0",",C","0",",C","-7.5",",C,12,","300",",,C,16,","180",",,C,14,","46.6",",,C,01,","9.5",",C,02,","1489.9","C","533.3",",C","206.6",",,,C","440",",,,C","1.13",",C","3.52",",,,C","-1.26",",,,C"
"CA001036208","2001-01","49.2","-124.75","163.0","PORT ALBERNI COX LAKE, BC CA","0.0","","0.0",",C","19",",C","15",",C","2",",C","0",",C","0",",C","0",",C","15",",C","0",",C","0",",C","0",",C","-2.5",",C,27,+","20",",,C,29,","15",",,C,28,","65.2",",,C,04,","10.0",",C,04,","1961.2","","471.3",",C","231.1",",,,C","15",",,,C","3.13",",C","5.47",",,,C","0.79",",,,C"
"CA001036208","2001-02","49.2","-124.75","163.0","PORT ALBERNI COX LAKE, BC CA","0.0","","0.0",",C","11",",C","8",",C","0",",C","2","1,C","1",",C","0",",C","21",",C","0",",C","0",",C","0",",C","-5.5",",C,07,","90","1,,C,08,","90",",,C,07,","21.4",",,C,01,","12.5",",C,27,","2388.0","","426.8",",C","79.0",",,,C","90",",,,C","3.09",",C","7.32",",,,C","-1.14",",,,C"
"CA001036208","2001-03","49.2","-124.75","163.0","PORT ALBERNI COX LAKE, BC CA","0.0","","0.0",",C","21",",C","16",",C","1",",C","0",",C","1",",C","0",",C","16",",C","0",",C","0",",C","0",",C","-2.0",",C,23,+","20",",,C,28,","40",",,C,27,","37.8",",,C,18,","16.0",",C,23,+","2785.3","","397.3",",C","180.9",",,,C","40",",,,C","5.52",",C","9.98",",,,C","1.05",",,,C"
"CA001036208","2001-04","49.2","-124.75","163.0","PORT ALBERNI COX LAKE, BC CA","0.0","","0.0","2,C","22","2,C","13","2,C","1","2,C","0",",C","0",",C","0","1,C","9","1,C","0","2,C","0","2,C","0","2,C","-3.0","1,C,15,+","0",",,C,30,+","0",",T,C,01,","30.4","2,,C,17,","20.5","2,C,25,","3092.4","","307.1","2,C","195.2",",a,,C","0",",T,,C","7.39","2,C","12.55","2,,,C","2.22","1,,,C"
"CA001036208","2001-05","49.2","-124.75","163.0","PORT ALBERNI COX LAKE, BC CA","0.0","","0.0",",C","16",",C","10",",C","0",",C","0",",C","0",",C","0",",C","4",",C","0",",C","7",",C","0",",C","-1.0",",C,10,","0",",,C,31,+","0",",,C,31,+","20.1",",,C,15,","29.0",",C,22,","3329.2","","236.8",",C","115.0",",,,C","0",",,,C","10.69",",C","16.58",",,,C","4.81",",,,C"
"CA001036208","2001-06","49.2","-124.75","163.0","PORT ALBERNI COX LAKE, BC CA","0.0","","0.0",",C","13",",C","7",",C","0",",C","0",",C","0",",C","0",",C","0",",C","0",",C","4",",C","0",",C","2.5",",C,17,+","0",",,C,30,+","0",",,C,30,+","11.8",",,C,26,","25.0",",C,19,","3500.9","","171.7",",C","49.6",",,,C","0",",,,C","12.61",",C","18.20",",,,C","7.02",",,,C"
"CA001036208","2001-07","49.2","-124.75","163.0","PORT ALBERNI COX LAKE, BC CA","","","","","1",",C","1",",C","0",",C","0",",C","0",",C","0","3,C","0","3,C","0","2,C","18","2,C","0","2,C","5.5","3,C,30,","0",",,C,31,+","0",",,C,31,+","2.8",",,C,15,","30.0","2,C,03,","","","","","2.8",",,,C","0",",,,C","16.19","4,C","23.02","2,,,C","9.36","3,,,C"
"CA001036208","2001-08","49.2","-124.75","163.0","PORT ALBERNI COX LAKE, BC CA","","","8.3","4,C","15",",C","11",",C","1",",C","0",",C","0",",C","0","3,C","0","3,C","0","2,C","12","2,C","0","2,C","7.0","3,C,08,","0",",,C,31,+","0",",,C,31,+","45.2",",,C,21,","31.5","2,C,09,","","","63.3","2,C","180.0",",,,C","0",",,,C","16.14","4,C","21.45","2,,,C","10.84","3,,,C"
"CA001036208","2001-09","49.2","-124.75","163.0","PORT ALBERNI COX LAKE, BC CA","","","0.0",",C","9",",C","7",",C","0",",C","0",",C","0",",C","0",",C","0",",C","0",",C","12",",C","0",",C","3.5",",C,09,","0",",,C,30,+","0",",,C,30,+","16.8",",,C,28,","28.0",",C,12,","","","115.5",",C","61.4",",,,C","0",",,,C","14.48",",C","20.35",",,,C","8.62",",,,C"
"CA001036208","2001-10","49.2","-124.75","163.0","PORT ALBERNI COX LAKE, BC CA","","","0.0","1,C","18",",C","13",",C","2",",C","0",",C","0",",C","0",",C","1",",C","0","1,C","2","1,C","0","1,C","-1.0",",C,05,","0",",,C,31,+","0",",,C,31,+","37.6",",,C,25,","22.0","1,C,04,+","","","280.2","1,C","180.0",",,,C","0",",,,C","9.02","1,C","13.50","1,,,C","4.53",",,,C"
"CA001036208","2001-11","49.2","-124.75","163.0","PORT ALBERNI COX LAKE, BC CA","","","0.0",",C","25",",C","19",",C","5",",C","2",",C","3",",C","0",",C","7",",C","0",",C","0",",C","0",",C","-1.0",",C,18,","140",",,C,30,","130",",,C,28,","60.2",",,C,14,","14.0",",C,14,","","","368.7",",C","413.4",",,,C","218",",,,C","6.04",",C","8.62",",,,C","3.47",",,,C"
"CA001036208","2002-01","49.2","-124.75","163.0","PORT ALBERNI COX LAKE, BC CA","0.0","C","0.0",",C","23",",C","18",",C","4",",C","","","3",",C","0",",C","17",",C","0",",C","0",",C","0",",C","-5.5",",C,28,","","","95",",,C,25,","110.4",",,C,06,","12.5",",C,06,","","","471.3",",C","407.0",",,,C","210",",,,C","3.13",",C","4.98",",,,C","1.27",",,,C"
"CA001036208","2002-02","49.2","-124.75","163.0","PORT ALBERNI COX LAKE, BC CA","0.0","C","0.0","2,C","15","1,C","12","1,C","3","1,C","","","2",",C","0","2,C","12","2,C","0","1,C","0","1,C","0","1,C","-4.5","2,C,25,","","","50",",,C,20,","44.6","1,,C,21,","11.0","1,C,26,","","","396.2","1,C","195.8","1,,,C","110",",,,C","3.14","2,C","6.30","1,,,C","-0.02","2,,,C"
"CA001036208","2002-03","49.2","-124.75","163.0","PORT ALBERNI COX LAKE, BC CA","0.0","C","0.0",",C","19",",C","13",",C","3",",C","4","3,C","4",",C","0",",C","17",",C","0",",C","0",",C","0",",C","-5.5",",C,08,","60","3,,C,08,","90",",,C,06,","43.4",",,C,10,","14.0",",C,23,","","","446.1",",C","193.0",",,,C","240",",,,C","3.94",",C","7.63",",,,C","0.26",",,,C"
"CA001036208","2002-04","49.2","-124.75","163.0","PORT ALBERNI COX LAKE, BC CA","0.0","C","0.0","1,C","14",",C","11",",C","2",",C","0","1,C","0",",C","0","1,C","5","1,C","0",",C","2",",C","0",",C","-2.0","1,C,23,","0","1,,C,30,+","0",",T,C,13,","30.4",",,C,12,","26.5",",C,30,","","","282.7",",C","128.6",",,,C","0",",T,,C","8.61","1,C","13.98",",,,C","3.24","1,,,C"
"CA001036208","2002-05","49.2","-124.75","163.0","PORT ALBERNI COX LAKE, BC CA","0.0","C","0.0",",C","19",",C","8",",C","0",",C","0",",C","0",",C","0",",C","4",",C","0",",C","1",",C","0",",C","-1.5",",C,07,","0",",,C,31,+","0",",,C,31,+","14.0",",,C,28,","25.5",",C,12,","","","251.8",",C","66.9",",,,C","0",",,,C","10.21",",C","15.52",",,,C","4.90",",,,C"
"CA001036208","2002-07","49.2","-124.75","163.0","PORT ALBERNI COX LAKE, BC CA","","","19.1",",C","7",",C","2",",C","0",",C","0",",C","0",",C","0",",C","0",",C","0",",C","22",",C","1",",C","5.0",",C,06,+","0",",,C,31,+","0",",,C,31,+","8.4",",,C,07,","35.0",",C,22,","55.2","C","55.2",",C","15.0",",,,C","0",",,,C","17.17",",C","23.82",",,,C","10.52",",,,C"
"CA001036208","2002-08","49.2","-124.75","163.0","PORT ALBERNI COX LAKE, BC CA","","","28.2","3,C","3",",C","2",",C","0",",C","0",",C","0",",C","0","1,C","0","1,C","0","2,C","25","2,C","3","2,C","7.0","1,C,02,","0",",,C,31,+","0",",,C,31,+","17.0",",,C,03,","37.5","2,C,13,","89.9","C","34.7","2,C","25.2",",,,C","0",",,,C","18.08","3,C","26.07","2,,,C","10.08","1,,,C"
"CA001036208","2002-09","49.2","-124.75","163.0","PORT ALBERNI COX LAKE, BC CA","","","","","12",",C","5",",C","0",",C","0",",C","0",",C","0",",C","0",",C","","","","","","","1.0",",C,20,","0",",,C,30,+","0",",,C,30,+","13.2",",,C,08,","","","","","","","52.4",",,,C","0",",,,C","","","","","7.32",",,,C"
"CA001036208","2002-10","49.2","-124.75","163.0","PORT ALBERNI COX LAKE, BC CA","","","0.0","1,C","7",",C","3",",C","0",",C","0",",C","0",",C","0","1,C","7","1,C","0",",C","3",",C","0",",C","-5.5","1,C,31,","0",",,C,31,+","0",",,C,31,+","6.2",",,C,18,","24.5",",C,16,","","","246.7",",C","23.2",",,,C","0",",,,C","10.22","1,C","15.98",",,,C","4.45","1,,,C"
"CA001036208","2002-11","49.2","-124.75","163.0","PORT ALBERNI COX LAKE, BC CA","","","0.0",",C","15","2,C","13","2,C","8","2,C","0",",C","0",",C","0",",C","7",",C","0",",C","0",",C","0",",C","-6.0",",C,03,+","0",",,C,30,+","0",",,C,30,+","65.6","2,,C,15,","14.0",",C,21,+","","","335.5",",C","500.7",",a,,C","0",",,,C","7.15",",C","10.53",",,,C","3.77",",,,C"
"CA001036208","2002-12","49.2","-124.75","163.0","PORT ALBERNI COX LAKE, BC CA","","","0.0",",C","26",",C","19",",C","6",",C","3","3,C","3",",C","0",",C","9",",C","0",",C","0",",C","0",",C","-2.0",",C,29,","70","3,,C,27,","85",",,C,25,","62.4",",,C,11,","13.0",",C,11,","","","443.6",",C","407.3",",,,C","185",",,,C","4.02",",C","5.95",",,,C","2.10",",,,C"
"CA001036208","2003-01","49.2","-124.75","163.0","PORT ALBERNI COX LAKE, BC CA","0.0","C","0.0",",C","24",",C","17",",C","6",",C","1",",C","0",",C","0",",C","7",",C","0",",C","0",",C","0",",C","-3.5",",C,10,","60",",,C,01,","0",",,C,31,+","78.4",",,C,01,","12.5",",C,25,","","","410.8",",C","492.6",",,,C","0",",,,C","5.08",",C","7.66",",,,C","2.50",",,,C"
"CA001036208","2003-02","49.2","-124.75","163.0","PORT ALBERNI COX LAKE, BC CA","0.0","C","0.0",",C","11",",C","7",",C","0",",C","0",",C","0",",C","0",",C","13",",C","0",",C","0",",C","0",",C","-6.0",",C,25,","0",",,C,28,+","0",",,C,28,+","10.8",",,C,19,","12.0",",C,27,+","","","389.3",",C","51.4",",,,C","0",",,,C","4.43",",C","8.43",",,,C","0.43",",,,C"
"CA001036208","2003-03","49.2","-124.75","163.0","PORT ALBERNI COX LAKE, BC CA","0.0","C","0.0",",C","28",",C","22",",C","4",",C","2",",C","1",",C","0",",C","5",",C","0",",C","0",",C","0",",C","-3.0",",C,07,","250",",,C,09,","250",",,C,08,","130.8",",,C,12,","12.5",",C,27,","","","381.3",",C","507.6",",,,C","256",",,,C","6.03",",C","9.55",",,,C","2.52",",,,C"
"CA001036208","2003-05","49.2","-124.75","163.0","PORT ALBERNI COX LAKE, BC CA","","","0.0",",C","16",",C","8",",C","0",",C","0",",C","0",",C","0",",C","3",",C","0",",C","1",",C","0",",C","-1.5",",C,06,","0",",,C,31,+","0",",,C,31,+","12.6",",,C,23,","24.0",",C,29,","","","238.6",",C","68.8",",,,C","0",",,,C","10.64",",C","16.05",",,,C","5.23",",,,C"
"CA001036208","2003-06","49.2","-124.75","163.0","PORT ALBERNI COX LAKE, BC CA","","","13.5",",C","7",",C","5",",C","0",",C","0",",C","0",",C","0",",C","0",",C","0",",C","16",",C","2",",C","4.5",",C,03,","0",",,C,30,+","0",",,C,30,+","13.4",",,C,12,","35.0",",C,06,","","","85.0",",C","38.6",",,,C","0",",,,C","15.95",",C","22.60",",,,C","9.30",",,,C"
"CA001036208","2003-07","49.2","-124.75","163.0","PORT ALBERNI COX LAKE, BC CA","","","21.9",",C","4",",C","3",",C","0",",C","0",",C","0",",C","0",",C","0",",C","0",",C","23",",C","2",",C","5.0",",C,01,","0",",,C,31,+","0",",,C,31,+","18.8",",,C,13,","35.0",",C,29,","44.5","C","44.5",",C","31.8",",,,C","0",",,,C","17.60",",C","24.60",",,,C","10.61",",,,C"
"CA001036208","2003-08","49.2","-124.75","163.0","PORT ALBERNI COX LAKE, BC CA","","","6.9",",C","3",",C","0",",C","0",",C","0",",C","0",",C","0",",C","0",",C","0",",C","27",",C","0",",C","5.5",",C,24,+","0",",,C,31,+","0",",,C,31,+","1.2",",,C,25,+","30.5",",C,14,","76.2","C","31.7",",C","3.6",",,,C","0",",,,C","17.53",",C","25.21",",,,C","9.85",",,,C"
"CA001036208","2003-09","49.2","-124.75","163.0","PORT ALBERNI COX LAKE, BC CA","","","8.8",",C","9",",C","3",",C","0",",C","0",",C","0",",C","0",",C","0",",C","0",",C","19",",C","1",",C","2.5",",C,17,","0",",,C,30,+","0",",,C,30,+","19.6",",,C,17,","34.5",",C,02,","162.9","C","86.7",",C","61.6",",,,C","0",",,,C","15.73",",C","23.15",",,,C","8.32",",,,C"
"CA001036208","2003-11","49.2","-124.75","163.0","PORT ALBERNI COX LAKE, BC CA","","","0.0",",C","11",",C","9",",C","2",",C","0",",C","0",",C","0",",C","16",",C","0",",C","0",",C","0",",C","-8.0",",C,07,+","0",",,C,30,+","0",",T,C,24,+","45.0",",,C,27,","12.5",",C,11,+","","","443.5",",C","209.2",",,,C","0",",T,,C","3.55",",C","8.08",",,,C","-0.98",",,,C"
"CA001036208","2003-12","49.2","-124.75","163.0","PORT ALBERNI COX LAKE, BC CA","","","0.0",",C","24",",C","17",",C","6",",C","5",",C","3",",C","0",",C","14",",C","1",",C","0",",C","0",",C","-3.5",",C,29,+","160",",,C,31,","120",",,C,30,","58.0",",,C,15,","10.5",",C,02,","","","480.6",",C","390.1",",,,C","265",",,,C","2.83",",C","5.18",",,,C","0.48",",,,C"
"CA001036208","2004-01","49.2","-124.75","163.0","PORT ALBERNI COX LAKE, BC CA","0.0","","0.0",",C","24",",C","19",",C","6",",C","16",",C","3",",C","0",",C","13",",C","3",",C","0",",C","0",",C","-11.5",",C,05,+","540",",,C,07,","350",",,C,06,","78.4",",,C,13,","10.0",",C,14,+","","","490.3",",C","415.4",",,,C","525",",,,C","2.52",",C","4.84",",,,C","0.19",",,,C"
"CA001036208","2004-02","49.2","-124.75","163.0","PORT ALBERNI COX LAKE, BC CA","0.0","","0.0",",C","16",",C","11",",C","1",",C","2",",C","0",",C","0",",C","7",",C","0",",C","0",",C","0",",C","-2.0",",C,13,+","40",",,C,01,","0",",,C,29,+","34.6",",,C,05,","13.0",",C,27,","","","391.2",",C","138.7",",,,C","0",",,,C","4.84",",C","8.36",",,,C","1.33",",,,C"
"CA001036208","2004-03","49.2","-124.75","163.0","PORT ALBERNI COX LAKE, BC CA","0.0","","0.0",",C","17",",C","12",",C","1",",C","0",",C","0",",C","0",",C","9",",C","0",",C","0",",C","0",",C","-3.0",",C,02,","0",",,C,31,+","0",",T,C,18,","27.5",",,C,18,","20.5",",C,29,","","","347.3",",C","157.9",",,,C","0",",T,,C","7.13",",C","11.68",",,,C","2.58",",,,C"
"CA001036208","2004-04","49.2","-124.75","163.0","PORT ALBERNI COX LAKE, BC CA","0.0","","0.0",",C","9",",C","6",",C","0",",C","0",",C","0",",C","0",",C","7",",C","0",",C","8",",C","0",",C","-2.5",",C,02,+","0",",,C,30,+","0",",,C,30,+","9.8",",,C,19,","27.5",",C,30,","","","240.0",",C","40.4",",,,C","0",",,,C","10.33",",C","17.97",",,,C","2.70",",,,C"
"CA001036208","2004-05","49.2","-124.75","163.0","PORT ALBERNI COX LAKE, BC CA","0.0","","0.0",",C","12",",C","3",",C","0",",C","0",",C","0",",C","0",",C","0",",C","0",",C","7",",C","0",",C","0.5",",C,06,","0",",,C,31,+","0",",,C,31,+","3.4",",,C,03,","27.0",",C,17,","","","178.3",",C","19.8",",,,C","0",",,,C","12.58",",C","18.90",",,,C","6.26",",,,C"
"CA001036208","2004-06","49.2","-124.75","163.0","PORT ALBERNI COX LAKE, BC CA","7.8","","7.8",",C","8",",C","6",",C","0",",C","0",",C","0",",C","0",",C","0",",C","0",",C","18",",C","1",",C","3.5",",C,16,+","0",",,C,30,+","0",",,C,30,+","22.4",",,C,12,","33.0",",C,19,","","","88.6",",C","49.1",",,,C","0",",,,C","15.64",",C","22.97",",,,C","8.32",",,,C"
"CA001036208","2004-07","49.2","-124.75","163.0","PORT ALBERNI COX LAKE, BC CA","48.6","","40.8",",C","6",",C","4",",C","0",",C","0",",C","0",",C","0",",C","0",",C","0",",C","26",",C","4",",C","7.0",",C,07,+","0",",,C,31,+","0",",,C,31,+","7.6",",,C,19,","37.0",",C,23,","26.7","","26.7",",C","21.2",",,,C","0",",,,C","18.79",",C","26.10",",,,C","11.48",",,,C"
"CA001036208","2004-08","49.2","-124.75","163.0","PORT ALBERNI COX LAKE, BC CA","80.4","","31.8",",C","7",",C","5",",C","1",",C","0",",C","0",",C","0",",C","0",",C","0",",C","24",",C","3",",C","7.5",",C,05,","0",",,C,31,+","0",",,C,31,+","26.0",",,C,21,","34.5",",C,09,","43.1","","16.4",",C","66.2",",,,C","0",",,,C","18.83",",C","25.42",",,,C","12.24",",,,C"
"CA001036208","2004-09","49.2","-124.75","163.0","PORT ALBERNI COX LAKE, BC CA","80.4","","0.0",",C","12",",C","8",",C","1",",C","0",",C","0",",C","0",",C","0",",C","0",",C","11",",C","0",",C","3.0",",C,20,+","0",",,C,30,+","0",",,C,30,+","49.2",",,C,10,","24.5",",C,28,+","177.6","","134.5",",C","119.2",",,,C","0",",,,C","13.85",",C","19.73",",,,C","7.97",",,,C"
"CA001036208","2004-10","49.2","-124.75","163.0","PORT ALBERNI COX LAKE, BC CA","80.4","","0.0",",C","21",",C","12",",C","4",",C","0",",C","0",",C","0",",C","2",",C","0",",C","2",",C","0",",C","-1.0",",C,31,","0",",,C,31,+","0",",,C,31,+","41.0",",,C,07,","25.0",",C,02,","434.7","","257.1",",C","252.8",",,,C","0",",,,C","10.04",",C","14.35",",,,C","5.73",",,,C"
"CA001036208","2004-11","49.2","-124.75","163.0","PORT ALBERNI COX LAKE, BC CA","80.4","","0.0",",C","19",",C","13",",C","3",",C","0",",C","0",",C","0",",C","6",",C","0",",C","0",",C","0",",C","-1.0",",C,28,+","0",",,C,30,+","0",",T,C,29,","53.8",",,C,14,","14.5",",C,08,","790.9","","356.2",",C","246.6",",,,C","0",",T,,C","6.46",",C","9.18",",,,C","3.73",",,,C"
"CA001036208","2007-10","49.2","-124.75","163.0","PORT ALBERNI COX LAKE, BC CA","","","0.0","2,C","23","2,C","15","2,C","1","2,C","0","2,C","0","2,C","0","2,C","3","2,C","0","2,C","0","2,C","0","2,C","-0.5","2,C,26,","0","2,,C,31,+","0","2,,C,31,+","64.9","2,,C,06,","18.5","2,C,14,","","","273.9","2,C","231.5","2,,,C","0","2,,,C","8.89","2,C","12.53","2,,,C","5.24","2,,,C"
"CA001036208","2008-11","49.2","-124.75","163.0","PORT ALBERNI COX LAKE, BC CA","","","0.0",",C","22",",C","17",",C","4",",C","0",",C","0",",C","0",",C","6",",C","0",",C","0",",C","0",",C","-1.5",",C,27,+","0",",,C,30,+","0",",,C,30,+","95.6",",,C,07,","14.0",",C,16,+","","","331.7",",C","337.2",",,,C","0",",,,C","7.28",",C","10.15",",,,C","4.40",",,,C"
"CA001036208","2008-12","49.2","-124.75","163.0","PORT ALBERNI COX LAKE, BC CA","","","0.0","1,C","22","1,C","16","1,C","0","1,C","18","1,C","9","1,C","0","1,C","19","1,C","8","1,C","0","1,C","0","1,C","-15.5","1,C,20,+","480","1,,C,30,","230","1,,C,20,","23.0","1,,C,20,","11.0","1,C,07,","","","523.7","1,C","177.3","1,,,C","1095","1,,,C","0.88","1,C","3.40","1,,,C","-1.65","1,,,C"
"CA001036208","2009-01","49.2","-124.75","163.0","PORT ALBERNI COX LAKE, BC CA","0.0","C","0.0","4,C","12","4,C","10","4,C","1","4,C","27","4,C","4","4,C","0","4,C","18","4,C","0","4,C","0","4,C","0","4,C","-7.5","4,C,03,","560","4,,C,05,","135","4,,C,04,","35.2","4,,C,09,","8.0","4,C,29,+","","","462.7","4,C","121.4","4,,,C","330","4,,,C","1.19","4,C","4.74","4,,,C","-2.35","4,,,C"
"CA001036208","2009-02","49.2","-124.75","163.0","PORT ALBERNI COX LAKE, BC CA","0.0","C","0.0","1,C","12","1,C","8","1,C","1","1,C","7","1,C","2","1,C","0","1,C","19","1,C","0","1,C","0","1,C","0","1,C","-6.5","1,C,16,","200","1,,C,01,","40","1,,C,25,+","26.8","1,,C,28,","11.5","1,C,20,","","","427.0","1,C","92.2","1,,,C","80","1,,,C","2.52","1,C","6.54","1,,,C","-1.50","1,,,C"
"CA001036208","2009-05","49.2","-124.75","163.0","PORT ALBERNI COX LAKE, BC CA","","","0.0",",C","10",",C","9",",C","1",",C","0",",C","0",",C","0",",C","0",",C","0",",C","9",",C","0",",C","2.5",",C,14,+","0",",,C,31,+","0",",,C,31,+","35.6",",,C,04,","26.5",",C,31,","","","212.1",",C","105.4",",,,C","0",",,,C","11.49",",C","17.19",",,,C","5.79",",,,C"
"CA001036208","2009-06","49.2","-124.75","163.0","PORT ALBERNI COX LAKE, BC CA","","","13.6","1,C","4","1,C","3","1,C","0","1,C","0","1,C","0","1,C","0","1,C","0","1,C","0","1,C","16","1,C","2","1,C","6.0","1,C,29,","0","1,,C,30,+","0","1,,C,30,+","21.4","1,,C,24,","35.0","1,C,04,","","","69.5","1,C","33.6","1,,,C","0","1,,,C","16.41","1,C","22.40","1,,,C","10.41","1,,,C"
"CA001036208","2009-07","49.2","-124.75","163.0","PORT ALBERNI COX LAKE, BC CA","","","77.2",",C","4",",C","2",",C","0",",C","0",",C","0",",C","0",",C","0",",C","0",",C","26",",C","3",",C","7.0",",C,01,","0",",,C,31,+","0",",,C,31,+","9.8",",,C,07,","39.5",",C,29,+","25.5","C","25.5",",C","16.6",",,,C","0",",,,C","20.00",",C","27.26",",,,C","12.74",",,,C"
"CA001036208","2009-08","49.2","-124.75","163.0","PORT ALBERNI COX LAKE, BC CA","","","22.6",",C","7",",C","3",",C","0",",C","0",",C","0",",C","0",",C","0",",C","0",",C","21",",C","1",",C","7.5",",C,24,","0",",,C,31,+","0",",,C,31,+","20.6",",,C,10,","33.0",",C,19,","66.4","C","40.9",",C","35.2",",,,C","0",",,,C","17.74",",C","23.61",",,,C","11.87",",,,C"
"CA001036208","2009-09","49.2","-124.75","163.0","PORT ALBERNI COX LAKE, BC CA","","","","","13","3,C","8","3,C","1","3,C","0","3,C","0","3,C","","","","","0","3,C","8","3,C","0","3,C","","","0","3,,C,30,+","0","3,,C,30,+","45.0","3,,C,08,","28.0","3,C,22,","","","","","132.2","3,,,C","0","3,,,C","","","19.81","3,,,C","",""
"CA001036208","2009-10","49.2","-124.75","163.0","PORT ALBERNI COX LAKE, BC CA","","","0.0","1,C","15","1,C","13","1,C","3","1,C","0","1,C","0","1,C","0","1,C","1","1,C","0","1,C","0","1,C","0","1,C","-0.5","1,C,27,","0","1,,C,31,+","0","1,,C,31,+","52.4","1,,C,30,","20.0","1,C,04,","","","250.2","1,C","201.3","1,,,C","0","1,,,C","9.99","1,C","14.13","1,,,C","5.85","1,,,C"
"CA001036208","2009-11","49.2","-124.75","163.0","PORT ALBERNI COX LAKE, BC CA","","","0.0","3,C","26","3,C","21","3,C","9","3,C","0","3,C","0","3,C","0","3,C","2","3,C","0","3,C","0","3,C","0","3,C","-2.0","3,C,14,","0","3,,C,30,+","10","3,,C,21,","122.0","3,,C,15,","13.5","3,C,05,","","","335.0","3,C","659.2","3,,,C","16","3,,,C","5.93","3,C","8.78","3,,,C","3.07","3,,,C"
"CA001036208","2009-12","49.2","-124.75","163.0","PORT ALBERNI COX LAKE, BC CA","","","0.0",",C","13",",C","8",",C","5",",C","1",",C","1",",C","0",",C","22",",C","3",",C","0",",C","0",",C","-8.5",",C,08,","100",",,C,15,","100",",,C,14,","42.8",",,C,20,","10.0",",C,16,","","","537.3",",C","208.4",",,,C","104",",,,C","1.00",",C","3.31",",,,C","-1.31",",,,C"
"CA001036208","2010-01","49.2","-124.75","163.0","PORT ALBERNI COX LAKE, BC CA","0.0","C","0.0","1,C","28","1,C","22","1,C","4","1,C","0","1,C","0","1,C","0","1,C","2","1,C","0","1,C","0","1,C","0","1,C","-1.0","1,C,07,","0","1,,C,31,+","0","1,,C,31,+","127.2","1,,C,14,","13.0","1,C,10,","","","373.7","1,C","484.8","1,,,C","0","1,,,C","5.88","1,C","8.03","1,,,C","3.72","1,,,C"
"CA001036208","2010-02","49.2","-124.75","163.0","PORT ALBERNI COX LAKE, BC CA","0.0","C","0.0",",C","21",",C","12",",C","3",",C","0",",C","0",",C","0",",C","6",",C","0",",C","0",",C","0",",C","-1.5",",C,22,","0",",,C,28,+","0",",,C,28,+","48.6",",,C,13,","13.5",",C,20,+","","","342.6",",C","250.0",",,,C","0",",,,C","6.10",",C","9.21",",,,C","2.98",",,,C"
"CA001036208","2010-03","49.2","-124.75","163.0","PORT ALBERNI COX LAKE, BC CA","0.0","C","0.0",",C","24",",C","17",",C","3",",C","0",",C","0",",C","0",",C","7",",C","0",",C","0",",C","0",",C","-2.0",",C,09,","0",",,C,31,+","24",",,C,10,","45.2",",,C,28,","16.0",",C,24,","","","376.3",",C","236.5",",,,C","24",",,,C","6.19",",C","9.79",",,,C","2.60",",,,C"
"CA001036208","2010-04","49.2","-124.75","163.0","PORT ALBERNI COX LAKE, BC CA","0.0","C","0.0","1,C","20","1,C","14","1,C","1","1,C","0","1,C","0","1,C","0","1,C","3","1,C","0","1,C","0","1,C","0","1,C","-1.5","1,C,10,","0","1,,C,30,+","0","1,T,C,07,","57.8","1,,C,07,","18.5","1,C,16,","","","294.2","1,C","198.6","1,,,C","0","1,T,,C","8.19","1,C","12.83","1,,,C","3.55","1,,,C"
"CA001036208","2010-05","49.2","-124.75","163.0","PORT ALBERNI COX LAKE, BC CA","","","","","","","","","","","0","5,C","","","","","","","","","","","","","","","0","5,,C,31,+","","","","","","","","","","","","","","","","","","","",""
"CA001036208","2010-06","49.2","-124.75","163.0","PORT ALBERNI COX LAKE, BC CA","","","0.2","1,C","9","1,C","4","1,C","1","1,C","0","1,C","0","1,C","0","1,C","0","1,C","0","1,C","6","1,C","0","1,C","5.0","1,C,14,","0","1,,C,30,+","0","1,,C,30,+","27.2","1,,C,01,","24.5","1,C,23,+","","","126.1","1,C","63.8","1,,,C","0","1,,,C","13.99","1,C","18.91","1,,,C","9.07","1,,,C"
"CA001036208","2010-07","49.2","-124.75","163.0","PORT ALBERNI COX LAKE, BC CA","","","30.5","4,C","1","4,C","0","4,C","0","4,C","0","4,C","0","4,C","0","4,C","0","4,C","0","4,C","23","4,C","3","4,C","7.5","4,C,13,","0","4,,C,31,+","0","4,,C,31,+","1.0","4,,C,01,","35.5","4,C,08,","29.7","C","29.7","4,C","1.0","4,,,C","0","4,,,C","18.36","4,C","25.81","4,,,C","10.91","4,,,C"
"CA001036208","2010-08","49.2","-124.75","163.0","PORT ALBERNI COX LAKE, BC CA","","","37.0",",C","4",",C","3",",C","0",",C","0",",C","0",",C","0",",C","0",",C","0",",C","23",",C","4",",C","5.5",",C,30,","0",",,C,31,+","0",",,C,31,+","8.2",",,C,06,","36.5",",C,15,","69.8","C","40.1",",C","19.8",",,,C","0",",,,C","18.23",",C","25.27",",,,C","11.19",",,,C"
"CA001036208","2010-09","49.2","-124.75","163.0","PORT ALBERNI COX LAKE, BC CA","","","0.9",",C","22",",C","11",",C","2",",C","0",",C","0",",C","0",",C","0",",C","0",",C","8",",C","0",",C","5.0",",C,22,+","0",",,C,30,+","0",",,C,30,+","31.0",",,C,25,","26.5",",C,03,","171.7","C","101.9",",C","159.2",",,,C","0",",,,C","14.97",",C","19.48",",,,C","10.45",",,,C"
"CA001036208","2010-10","49.2","-124.75","163.0","PORT ALBERNI COX LAKE, BC CA","","","0.0",",C","20",",C","13",",C","3",",C","0",",C","0",",C","0",",C","0",",C","0",",C","1",",C","0",",C","1.5",",C,17,+","0",",,C,31,+","0",",,C,31,+","64.4",",,C,31,","21.5",",C,06,","415.3","C","243.6",",C","302.6",",,,C","0",",,,C","10.48",",C","14.16",",,,C","6.79",",,,C"
"CA001036208","2010-11","49.2","-124.75","163.0","PORT ALBERNI COX LAKE, BC CA","","","0.0",",C","26",",C","17",",C","2",",C","4",",C","2",",C","0",",C","8",",C","3",",C","0",",C","0",",C","-11.0",",C,23,","90",",,C,25,","120",",,C,22,","69.2",",,C,29,","15.5",",C,03,","842.3","C","427.0",",C","263.4",",,,C","206",",,,C","4.10",",C","6.45",",,,C","1.75",",,,C"
"CA001036208","2010-12","49.2","-124.75","163.0","PORT ALBERNI COX LAKE, BC CA","","","0.0",",C","25",",C","20",",C","7",",C","0",",C","0",",C","0",",C","9",",C","0",",C","0",",C","0",",C","-6.0",",C,31,","0",",,C,31,+","0",",T,C,27,+","79.4",",,C,23,","10.5",",C,13,+","1315.9","C","473.6",",C","451.4",",,,C","0",",T,,C","3.06",",C","5.21",",,,C","0.90",",,,C"
"CA001036208","2011-01","49.2","-124.75","163.0","PORT ALBERNI COX LAKE, BC CA","0.0","C","0.0","1,C","22","1,C","16","1,C","3","1,C","3","1,C","1","1,C","0","1,C","13","1,C","4","1,C","0","1,C","0","1,C","-6.5","1,C,10,+","280","1,,C,12,","34","1,,C,12,","56.6","1,,C,06,","10.5","1,C,26,+","1774.6","C","458.7","1,C","243.4","1,,,C","44","1,,,C","3.04","1,C","5.35","1,,,C","0.73","1,,,C"
"CA001036208","2011-02","49.2","-124.75","163.0","PORT ALBERNI COX LAKE, BC CA","0.0","C","0.0",",C","18",",C","14",",C","2",",C","3","2,C","4","1,C","0",",C","17",",C","2",",C","0",",C","0",",C","-9.0",",C,25,","60","2,,C,28,","80","1,,C,17,","48.8",",,C,11,","11.5",",C,04,","2215.7","C","441.1",",C","233.6",",,,C","272","1,,,C","2.58",",C","5.80",",,,C","-0.64",",,,C"
"CA001036208","2011-03","49.2","-124.75","163.0","PORT ALBERNI COX LAKE, BC CA","0.0","C","0.0",",C","28",",C","18",",C","5",",C","6",",C","2",",C","0",",C","7",",C","0",",C","0",",C","0",",C","-1.5",",C,07,","150",",,C,01,","72",",,C,04,","55.2",",,C,13,","14.0",",C,24,","2630.3","C","414.6",",C","365.2",",,,C","144",",,,C","4.96",",C","8.26",",,,C","1.66",",,,C"
"CA001036208","2011-04","49.2","-124.75","163.0","PORT ALBERNI COX LAKE, BC CA","0.0","C","0.0",",C","21",",C","17",",C","1",",C","0",",C","1",",C","0",",C","9",",C","0",",C","0",",C","0",",C","-1.5",",C,18,+","0",",,C,30,+","40",",,C,20,","32.2",",,C,10,","17.5",",C,23,","2996.5","C","366.2",",C","166.4",",,,C","40",",,,C","6.13",",C","10.43",",,,C","1.82",",,,C"
"CA001036208","2011-05","49.2","-124.75","163.0","PORT ALBERNI COX LAKE, BC CA","0.0","C","0.0",",C","15",",C","9",",C","0",",C","0",",C","0",",C","0",",C","1",",C","0",",C","1",",C","0",",C","0.0",",C,01,","0",",,C,31,+","0",",,C,31,+","18.2",",,C,14,","22.0",",C,19,","3244.8","C","248.3",",C","91.0",",,,C","0",",,,C","10.32",",C","15.05",",,,C","5.60",",,,C"
"CA001036208","2011-06","49.2","-124.75","163.0","PORT ALBERNI COX LAKE, BC CA","0.0","C","0.0",",C","12",",C","4",",C","0",",C","0",",C","0",",C","0",",C","0",",C","0",",C","5",",C","0",",C","6.0",",C,05,+","0",",,C,30,+","0",",,C,30,+","6.8",",,C,01,","27.0",",C,05,","3365.8","C","121.0",",C","27.8",",,,C","0",",,,C","14.30",",C","18.93",",,,C","9.67",",,,C"
"CA001036208","2011-07","49.2","-124.75","163.0","PORT ALBERNI COX LAKE, BC CA","4.4","C","4.4","1,C","8","1,C","3","1,C","0","1,C","0","1,C","0","1,C","0","1,C","0","1,C","0","1,C","14","1,C","0","1,C","6.0","1,C,09,","0","1,,C,31,+","0","1,,C,31,+","10.6","1,,C,12,","30.0","1,C,24,","64.9","C","64.9","1,C","26.6","1,,,C","0","1,,,C","16.32","1,C","21.42","1,,,C","11.22","1,,,C"
"CA001036208","2011-08","49.2","-124.75","163.0","PORT ALBERNI COX LAKE, BC CA","16.7","C","12.3",",C","3",",C","2",",C","0",",C","0",",C","0",",C","0",",C","0",",C","0",",C","25",",C","0",",C","7.0",",C,31,","0",",,C,31,+","0",",,C,31,+","16.2",",,C,21,","30.5",",C,20,","98.6","C","33.7",",C","20.0",",,,C","0",",,,C","17.65",",C","23.81",",,,C","11.48",",,,C"
"CA001036208","2011-09","49.2","-124.75","163.0","PORT ALBERNI COX LAKE, BC CA","36.9","C","20.2",",C","11",",C","9",",C","4",",C","0",",C","0",",C","0",",C","0",",C","0",",C","13",",C","2",",C","5.0",",C,29,","0",",,C,30,+","0",",,C,30,+","43.8",",,C,22,","33.5",",C,11,","179.8","C","81.2",",C","198.0",",,,C","0",",,,C","16.30",",C","22.08",",,,C","10.52",",,,C"
"CA001036208","2011-10","49.2","-124.75","163.0","PORT ALBERNI COX LAKE, BC CA","36.9","C","0.0",",C","21",",C","16",",C","1",",C","0",",C","0",",C","0",",C","0",",C","0",",C","0",",C","0",",C","0.5",",C,15,","0",",,C,31,+","0",",,C,31,+","28.0",",,C,11,","17.0",",C,07,+","455.1","C","275.3",",C","183.2",",,,C","0",",,,C","9.45",",C","13.26",",,,C","5.65",",,,C"
"CA001036208","2011-11","49.2","-124.75","163.0","PORT ALBERNI COX LAKE, BC CA","36.9","C","0.0","3,C","19","3,C","15","3,C","3","3,C","3","5,C","3","4,C","0","3,C","12","3,C","0","3,C","0","3,C","0","3,C","-3.0","3,C,20,","100","5,,C,18,","85","4,,C,17,","107.4","3,,C,26,","15.0","3,C,10,","833.6","C","378.5","3,C","358.5","3,,,C","161","4,,,C","4.31","3,C","7.35","3,,,C","1.28","3,,,C"
"CA001036208","2011-12","49.2","-124.75","163.0","PORT ALBERNI COX LAKE, BC CA","36.9","C","0.0","1,C","16","1,C","10","1,C","3","1,C","0","1,C","0","1,C","0","1,C","16","1,C","3","1,C","0","1,C","0","1,C","-3.0","1,C,12,","10","1,,C,13,","10","1,,C,31,+","44.6","1,,C,27,","10.5","1,C,28,","1316.8","C","483.2","1,C","176.8","1,,,C","20","1,,,C","2.23","1,C","4.07","1,,,C","0.38","1,,,C"
"CA001036208","2012-01","49.2","-124.75","163.0","PORT ALBERNI COX LAKE, BC CA","0.0","C","0.0","2,C","24","2,C","14","2,C","7","2,C","4","2,C","3","2,C","0","2,C","14","2,C","3","2,C","0","2,C","0","2,C","-8.0","2,C,19,","50","2,,C,24,+","52","2,,C,23,","135.8","2,,C,03,","11.0","2,C,04,+","1775.7","C","458.9","2,C","515.0","2,,,C","226","2,,,C","2.51","2,C","5.34","2,,,C","-0.33","2,,,C"
"CA001036208","2012-02","49.2","-124.75","163.0","PORT ALBERNI COX LAKE, BC CA","0.0","C","0.0",",C","20",",C","11",",C","2",",C","1",",C","1",",C","0",",C","10",",C","0",",C","0",",C","0",",C","-5.0",",C,27,","40",",,C,29,","35",",,C,28,","40.0",",,C,09,","11.0",",C,07,","2185.9","C","410.2",",C","172.4",",,,C","35",",,,C","4.19",",C","7.33",",,,C","1.05",",,,C"
"CA001036208","2012-03","49.2","-124.75","163.0","PORT ALBERNI COX LAKE, BC CA","0.0","C","0.0",",C","25",",C","21",",C","3",",C","3",",C","5",",C","0",",C","17",",C","0",",C","0",",C","0",",C","-3.5",",C,07,+","70",",,C,12,","100",",,C,31,","36.6",",,C,04,","16.5",",C,25,","2616.7","C","430.8",",C","284.4",",,,C","319",",,,C","4.44",",C","8.02",",,,C","0.85",",,,C"
"CA001036208","2012-04","49.2","-124.75","163.0","PORT ALBERNI COX LAKE, BC CA","0.0","C","0.0",",C","21",",C","12",",C","2",",C","1",",C","0",",C","0",",C","2",",C","0",",C","0",",C","0",",C","-1.0",",C,06,","100",",,C,01,","22",",,C,02,","46.6",",,C,02,","18.0",",C,22,","2915.7","C","299.0",",C","189.6",",,,C","22",",,,C","8.37",",C","12.88",",,,C","3.85",",,,C"
"CA001036208","2012-05","49.2","-124.75","163.0","PORT ALBERNI COX LAKE, BC CA","0.4","C","0.4","1,C","8",",C","6",",C","0",",C","0",",C","0",",C","0",",C","1",",C","0","1,C","7","1,C","0","1,C","0.0",",C,10,","0",",,C,31,+","0",",,C,31,+","17.2",",,C,20,","29.0","1,C,15,","3120.4","C","204.7","1,C","61.2",",,,C","0",",,,C","11.54","1,C","17.67","1,,,C","5.42",",,,C"
"CA001036208","2012-06","49.2","-124.75","163.0","PORT ALBERNI COX LAKE, BC CA","0.4","C","0.0","1,C","13","1,C","9","1,C","0","1,C","0","1,C","0","1,C","0","1,C","0","1,C","0","1,C","2","1,C","0","1,C","3.0","1,C,06,","0","1,,C,30,+","0","1,,C,30,+","18.4","1,,C,22,","22.5","1,C,25,","3277.8","C","157.4","1,C","85.2","1,,,C","0","1,,,C","12.91","1,C","17.17","1,,,C","8.64","1,,,C"
"CA001036208","2012-07","49.2","-124.75","163.0","PORT ALBERNI COX LAKE, BC CA","","","","","6","5,C","2","5,C","0","5,C","0","5,C","0","5,C","","","","","","","","","","","","","0","5,,C,31,+","0","5,,C,31,+","5.0","5,,C,02,","","","","","","","13.6","5,,,C","0","5,,,C","","","","","",""
"CA001036208","2012-08","49.2","-124.75","163.0","PORT ALBERNI COX LAKE, BC CA","","","37.3","3,C","3","2,C","0","2,C","0","2,C","0","2,C","0","2,C","0","3,C","0","3,C","0","3,C","20","3,C","5","3,C","7.0","3,C,24,","0","2,,C,31,+","0","2,,C,31,+","1.6","2,,C,26,","35.5","3,C,04,","","","33.8","3,C","3.4","2,,,C","0","2,,,C","18.46","3,C","25.30","3,,,C","11.61","3,,,C"
"CA001036208","2012-09","49.2","-124.75","163.0","PORT ALBERNI COX LAKE, BC CA","","","10.0",",C","2",",C","1",",C","0",",C","0",",C","0",",C","0",",C","0",",C","0",",C","21",",C","1",",C","4.0",",C,11,","0",",,C,30,+","0",",,C,30,+","5.0",",,C,09,","33.0",",C,07,","","","70.7",",C","6.6",",,,C","0",",,,C","16.31",",C","24.22",",,,C","8.40",",,,C"
"CA001036208","2012-10","49.2","-124.75","163.0","PORT ALBERNI COX LAKE, BC CA","","","0.0",",C","18",",C","14",",C","4",",C","0",",C","0",",C","0",",C","0",",C","0",",C","5",",C","0",",C","1.0",",C,25,","0",",,C,31,+","0",",,C,31,+","93.2",",,C,13,","26.0",",C,07,","","","248.3",",C","317.0",",,,C","0",",,,C","10.32",",C","14.50",",,,C","6.15",",,,C"
"CA001036208","2012-11","49.2","-124.75","163.0","PORT ALBERNI COX LAKE, BC CA","","","0.0",",C","22",",C","17",",C","5",",C","1",",C","1",",C","0",",C","5",",C","0",",C","0",",C","0",",C","-2.5",",C,10,","30",",,C,12,","90",",,C,11,","50.2",",,C,28,","14.5",",C,04,","","","384.7",",C","354.0",",,,C","104",",,,C","5.51",",C","7.65",",,,C","3.37",",,,C"
"CA001036208","2012-12","49.2","-124.75","163.0","PORT ALBERNI COX LAKE, BC CA","","","0.0","1,C","27","1,C","22","1,C","2","1,C","12","1,C","5","1,C","0","1,C","15","1,C","0","1,C","0","1,C","0","1,C","-1.0","1,C,18,","140","1,,C,20,","80","1,,C,18,","37.2","1,,C,01,","9.0","1,C,03,","","","480.1","1,C","250.0","1,,,C","292","1,,,C","2.33","1,C","3.75","1,,,C","0.91","1,,,C"
"CA001036208","2013-01","49.2","-124.75","163.0","PORT ALBERNI COX LAKE, BC CA","0.0","C","0.0",",C","14",",C","9",",C","1",",C","0",",C","1",",C","0",",C","19",",C","1",",C","0",",C","0",",C","-5.5",",C,12,","10",",,C,04,","66",",,C,08,","58.6",",,C,08,","10.5",",C,31,","","","521.6",",C","135.2",",,,C","78",",,,C","1.51",",C","3.63",",,,C","-0.61",",,,C"
"CA001036208","2013-02","49.2","-124.75","163.0","PORT ALBERNI COX LAKE, BC CA","0.0","C","0.0","1,C","23","1,C","13","1,C","2","1,C","0","1,C","0","1,C","0","1,C","2","1,C","0","1,C","0","1,C","0","1,C","0.0","1,C,27,+","0","1,,C,28,+","0","1,T,C,28,+","65.4","1,,C,28,","10.0","1,C,25,","","","367.2","1,C","227.2","1,,,C","0","1,T,,C","4.73","1,C","7.07","1,,,C","2.39","1,,,C"
"CA001036208","2013-03","49.2","-124.75","163.0","PORT ALBERNI COX LAKE, BC CA","0.0","C","0.0",",C","15",",C","10",",C","4",",C","0",",C","0",",C","0",",C","10",",C","0",",C","1",",C","0",",C","-2.0",",C,09,+","10",",,C,22,+","12",",,C,19,","51.8",",,C,01,","23.5",",C,31,","","","368.1",",C","200.8",",,,C","22",",,,C","6.46",",C","10.95",",,,C","1.97",",,,C"
"CA001036208","2013-04","49.2","-124.75","163.0","PORT ALBERNI COX LAKE, BC CA","0.0","C","0.0","2,C","12","1,C","8","1,C","1","1,C","0","1,C","0","1,C","0","1,C","2","1,C","0","2,C","0","2,C","0","2,C","-1.0","1,C,30,","0","1,,C,30,+","0","1,,C,30,+","28.0","1,,C,09,","20.5","2,C,24,","","","265.3","2,C","92.2","1,,,C","0","1,,,C","8.93","2,C","13.96","2,,,C","3.90","1,,,C"
"CA001036208","2013-05","49.2","-124.75","163.0","PORT ALBERNI COX LAKE, BC CA","3.6","C","3.6",",C","17",",C","13",",C","1",",C","0",",C","0",",C","0",",C","1",",C","0",",C","6",",C","1",",C","-1.0",",C,01,","0",",,C,31,+","0",",,C,31,+","44.4",",,C,11,","32.5",",C,05,","","","176.4",",C","145.7",",,,C","0",",,,C","12.76",",C","17.71",",,,C","7.81",",,,C"
"CA001036208","2013-06","49.2","-124.75","163.0","PORT ALBERNI COX LAKE, BC CA","9.2","C","5.6",",C","13",",C","10",",C","1",",C","0",",C","0",",C","0",",C","0",",C","0",",C","8",",C","0",",C","5.0",",C,10,","0",",,C,30,+","0",",,C,30,+","28.0",",,C,27,","31.5",",C,30,","","","98.6",",C","107.4",",,,C","0",",,,C","15.23",",C","19.97",",,,C","10.50",",,,C"
"CA001036208","2013-07","49.2","-124.75","163.0","PORT ALBERNI COX LAKE, BC CA","29.1","C","19.9","3,C","2","3,C","0","3,C","0","3,C","0","3,C","0","3,C","0","3,C","0","3,C","0","3,C","26","3,C","0","3,C","7.5","3,C,12,","0","3,,C,31,+","0","3,,C,31,+","1.0","3,,C,16,","32.0","3,C,16,","15.7","C","15.7","3,C","1.6","3,,,C","0","3,,,C","18.48","3,C","25.55","3,,,C","11.41","3,,,C"
"CA001036208","2013-09","49.2","-124.75","163.0","PORT ALBERNI COX LAKE, BC CA","","","12.9","1,C","15","1,C","13","1,C","3","1,C","0","1,C","0","1,C","0","1,C","0","1,C","0","1,C","13","1,C","0","1,C","5.5","1,C,25,","0","1,,C,30,+","0","1,,C,30,+","52.5","1,,C,28,","30.0","1,C,10,","","","84.8","1,C","274.0","1,,,C","0","1,,,C","15.85","1,C","20.64","1,,,C","11.07","1,,,C"
"CA001036208","2013-12","49.2","-124.75","163.0","PORT ALBERNI COX LAKE, BC CA","","","0.0","1,C","17","1,C","7","1,C","0","1,C","1","1,C","1","1,C","0","1,C","15","1,C","2","1,C","0","1,C","0","1,C","-10.0","1,C,08,","40","1,,C,20,","40","1,,C,19,","13.4","1,,C,12,","10.0","1,C,27,+","","","478.0","1,C","57.9","1,,,C","81","1,,,C","2.40","1,C","5.00","1,,,C","-0.20","1,,,C"
"CA001036208","2014-02","49.2","-124.75","163.0","PORT ALBERNI COX LAKE, BC CA","","","0.0","2,C","15","2,C","14","2,C","1","2,C","9","2,C","7","2,C","0","2,C","18","2,C","0","2,C","0","2,C","0","2,C","-11.5","2,C,07,","200","2,,C,25,","160","2,,C,23,","54.8","2,,C,11,","11.0","2,C,28,","","","430.7","2,C","195.4","2,,,C","530","2,,,C","1.77","2,C","5.19","2,,,C","-1.65","2,,,C"
"CA001036208","2014-03","49.2","-124.75","163.0","PORT ALBERNI COX LAKE, BC CA","","","0.0","2,C","22","2,C","17","2,C","3","2,C","1","2,C","1","2,C","0","2,C","8","2,C","0","2,C","0","2,C","0","2,C","-1.0","2,C,20,","40","2,,C,02,","40","2,,C,01,","42.8","2,,C,08,","14.0","2,C,31,+","","","349.7","2,C","280.6","2,,,C","80","2,,,C","6.28","2,C","9.93","2,,,C","2.62","2,,,C"
"CA001036208","2014-04","49.2","-124.75","163.0","PORT ALBERNI COX LAKE, BC CA","","","0.0","3,C","18","1,C","14","1,C","0","1,C","0","1,C","0","1,C","0","3,C","2","3,C","0","1,C","1","1,C","0","1,C","0.0","3,C,02,+","0","1,,C,30,+","0","1,,C,30,+","18.4","1,,C,17,","25.5","1,C,30,","","","255.2","1,C","134.3","1,,,C","0","1,,,C","8.75","3,C","13.62","1,,,C","3.89","3,,,C"
"CA001036208","2014-05","49.2","-124.75","163.0","PORT ALBERNI COX LAKE, BC CA","","","4.0","2,C","11","2,C","6","2,C","0","2,C","0","2,C","0","2,C","0","2,C","0","2,C","0","2,C","7","2,C","0","2,C","4.5","2,C,28,+","0","2,,C,31,+","0","2,,C,31,+","20.8","2,,C,08,","30.0","2,C,01,","","","139.9","2,C","54.1","2,,,C","0","2,,,C","13.65","2,C","18.83","2,,,C","8.47","2,,,C"
"CA001036208","2014-06","49.2","-124.75","163.0","PORT ALBERNI COX LAKE, BC CA","","","0.7",",C","13",",C","6",",C","0",",C","0",",C","0",",C","0",",C","0",",C","0",",C","13",",C","0",",C","6.0",",C,21,+","0",",,C,30,+","0",",,C,30,+","17.0",",,C,12,","26.0",",C,30,+","","","93.9",",C","57.5",",,,C","0",",,,C","15.23",",C","20.65",",,,C","9.80",",,,C"
"CA001036208","2014-07","49.2","-124.75","163.0","PORT ALBERNI COX LAKE, BC CA","","","39.7","2,C","5","2,C","3","2,C","0","2,C","0","2,C","0","2,C","0","2,C","0","2,C","0","2,C","21","2,C","2","2,C","7.0","2,C,04,","0","2,,C,31,+","0","2,,C,31,+","15.6","2,,C,23,","36.0","2,C,13,","25.6","C","25.6","2,C","34.9","2,,,C","0","2,,,C","18.82","2,C","25.19","2,,,C","12.45","2,,,C"
"CA001036208","2014-08","49.2","-124.75","163.0","PORT ALBERNI COX LAKE, BC CA","","","","","4","5,C","2","5,C","0","5,C","0","5,C","0","5,C","","","","","","","","","","","","","0","5,,C,31,+","0","5,,C,31,+","4.8","5,,C,15,","","","","","","","10.7","5,,,C","0","5,,,C","","","","","",""
"CA001036208","2014-10","49.2","-124.75","163.0","PORT ALBERNI COX LAKE, BC CA","","","0.0","4,C","22","4,C","19","4,C","5","4,C","0","4,C","0","4,C","0","4,C","0","4,C","0","4,C","5","4,C","0","4,C","3.0","4,C,27,","0","4,,C,31,+","0","4,,C,31,+","85.2","4,,C,21,","23.5","4,C,06,+","","","155.5","4,C","398.1","4,,,C","0","4,,,C","12.57","4,C","15.94","4,,,C","9.20","4,,,C"
"CA001036208","2014-11","49.2","-124.75","163.0","PORT ALBERNI COX LAKE, BC CA","","","0.0",",C","18",",C","15",",C","6",",C","0",",C","0",",C","0",",C","10",",C","0",",C","0",",C","0",",C","-7.0",",C,30,","0",",,C,30,+","14",",,C,28,","38.8",",,C,05,","15.0",",C,06,","","","369.0",",C","328.0",",,,C","14",",,,C","6.03",",C","9.62",",,,C","2.45",",,,C"
"CA001036208","2014-12","49.2","-124.75","163.0","PORT ALBERNI COX LAKE, BC CA","","","0.0",",C","22",",C","17",",C","4",",C","0",",C","0",",C","0",",C","9",",C","0",",C","0",",C","0",",C","-6.0",",C,01,","0",",,C,31,+","0",",,C,31,+","109.2",",,C,08,","15.0",",C,08,","","","438.3",",C","414.9",",,,C","0",",,,C","4.19",",C","6.63",",,,C","1.76",",,,C"
"CA001036208","2015-01","49.2","-124.75","163.0","PORT ALBERNI COX LAKE, BC CA","0.0","C","0.0","4,C","21","4,C","12","4,C","3","4,C","0","4,C","0","4,C","0","4,C","4","4,C","0","4,C","0","4,C","0","4,C","-4.5","4,C,01,","0","4,,C,31,+","6","4,,C,04,","45.4","4,,C,04,","13.0","4,C,25,","","","350.5","4,C","219.8","4,,,C","6","4,,,C","5.35","4,C","7.46","4,,,C","3.24","4,,,C"
"CA001036208","2015-02","49.2","-124.75","163.0","PORT ALBERNI COX LAKE, BC CA","0.0","C","0.0",",C","19",",C","12",",C","4",",C","0",",C","0",",C","0",",C","7",",C","0",",C","0",",C","0",",C","-2.0",",C,25,+","0",",,C,28,+","0",",,C,28,+","97.6",",,C,05,","14.5",",C,21,+","","","291.3",",C","311.3",",,,C","0",",,,C","7.93",",C","11.59",",,,C","4.27",",,,C"
"CA001036208","2015-03","49.2","-124.75","163.0","PORT ALBERNI COX LAKE, BC CA","0.0","C","0.0","2,C","21","2,C","16","2,C","6","2,C","0","2,C","0","2,C","0","2,C","3","2,C","0","2,C","0","2,C","0","2,C","-5.0","2,C,04,","0","2,,C,31,+","0","2,,C,31,+","67.8","2,,C,28,","18.5","2,C,08,","","","290.7","2,C","367.8","2,,,C","0","2,,,C","8.31","2,C","12.43","2,,,C","4.19","2,,,C"
"CA001036208","2015-04","49.2","-124.75","163.0","PORT ALBERNI COX LAKE, BC CA","0.0","C","0.0","1,C","18",",C","12",",C","0",",C","0","1,C","0",",C","0","1,C","3","1,C","0",",C","2",",C","0",",C","-0.5","1,C,09,","0","1,,C,30,+","0",",,C,30,+","21.2",",,C,10,","23.0",",C,20,+","","","280.7",",C","106.0",",,,C","0",",,,C","8.59","1,C","13.93",",,,C","3.24","1,,,C"
"CA001036208","2015-06","49.2","-124.75","163.0","PORT ALBERNI COX LAKE, BC CA","","","31.3","2,C","2","2,C","0","2,C","0","2,C","0","2,C","0","2,C","0","2,C","0","2,C","0","2,C","23","2,C","2","2,C","6.5","2,C,20,","0","2,,C,30,+","0","2,,C,30,+","0.6","2,,C,24,+","35.5","2,C,27,","","","37.4","2,C","1.2","2,,,C","0","2,,,C","18.12","2,C","25.63","2,,,C","10.61","2,,,C"
"CA001036208","2016-01","49.2","-124.75","163.0","PORT ALBERNI COX LAKE, BC CA","","","","","17","3,C","12","3,C","4","3,C","","","1","4,C","","","","","2","3,C","0","3,C","0","3,C","","","","","56","4,,C,05,","103.6","3,,C,27,","12.0","3,C,27,","","","","","300.6","3,,,C","56","4,,,C","","","4.21","3,,,C","",""
"CA001036208","2016-06","49.2","-124.75","163.0","PORT ALBERNI COX LAKE, BC CA","","","11.1",",C","11",",C","3",",C","1",",C","0","1,C","0",",C","0",",C","0",",C","0",",C","13",",C","1",",C","4.0",",C,19,+","0","1,,C,30,+","0",",,C,30,+","27.6",",,C,22,","33.5",",C,05,","","","95.8",",C","45.4",",,,C","0",",,,C","15.51",",C","21.10",",,,C","9.92",",,,C"
"CA001036208","2016-07","49.2","-124.75","163.0","PORT ALBERNI COX LAKE, BC CA","","","19.4",",C","11",",C","4",",C","0",",C","0",",C","0",",C","0",",C","0",",C","0",",C","17",",C","1",",C","8.0",",C,13,","0",",,C,31,+","0",",,C,31,+","4.0",",,C,11,","33.0",",C,28,","48.0","C","48.0",",C","23.8",",,,C","0",",,,C","17.41",",C","22.74",",,,C","12.08",",,,C"
"CA001036208","2016-08","49.2","-124.75","163.0","PORT ALBERNI COX LAKE, BC CA","","","58.1","3,C","7","2,C","3","2,C","0","2,C","0","5,C","0","2,C","0","3,C","0","3,C","0","2,C","23","2,C","7","2,C","9.0","3,C,23,+","0","5,,C,31,+","0","2,,C,31,+","12.6","2,,C,07,","36.5","2,C,19,","66.7","C","18.7","2,C","37.6","2,,,C","0","2,,,C","19.74","3,C","26.60","2,,,C","12.88","3,,,C"
"CA001036208","2016-10","49.2","-124.75","163.0","PORT ALBERNI COX LAKE, BC CA","","","0.0","3,C","25","2,C","23","2,C","8","2,C","0","3,C","0","2,C","0","3,C","2","3,C","0","2,C","0","2,C","0","2,C","0.0","3,C,12,+","0","3,,C,31,+","0","2,,C,31,+","51.8","2,,C,12,","18.0","2,C,13,","","","241.6","2,C","452.6","2,,,C","0","2,,,C","9.67","3,C","12.66","2,,,C","6.68","3,,,C"
"CA001036208","2017-08","49.2","-124.75","163.0","PORT ALBERNI COX LAKE, BC CA","","","","","3","4,C","1","4,C","0","4,C","0","5,C","0","4,C","","","","","","","","","","","","","0","5,,C,31,+","0","4,,C,31,+","2.6","4,,C,12,","","","","","","","4.6","4,,,C","0","4,,,C","","","","","",""
"CA001036208","2017-10","49.2","-124.75","163.0","PORT ALBERNI COX LAKE, BC CA","","","","","18","5,C","10","5,C","3","5,C","","","0","5,C","","","","","","","","","","","","","","","0","5,,C,31,+","74.6","5,,C,18,","","","","","","","230.4","5,,,C","0","5,,,C","","","","","",""
"CA001036208","2017-11","49.2","-124.75","163.0","PORT ALBERNI COX LAKE, BC CA","","","0.0","3,C","22","2,C","21","2,C","10","2,C","1","4,C","1","2,C","0","3,C","7","3,C","0","2,C","0","2,C","0","2,C","-4.5","3,C,06,","30","4,,C,05,","40","2,,C,04,","81.6","2,,C,21,+","15.0","2,C,22,","","","352.7","2,C","594.0","2,,,C","40","2,,,C","5.29","3,C","7.86","2,,,C","2.72","3,,,C"
"CA001036208","2018-02","49.2","-124.75","163.0","PORT ALBERNI COX LAKE, BC CA","","","0.0",",C","18",",C","11",",C","0",",C","7",",C","3",",C","0",",C","15",",C","0",",C","0",",C","0",",C","-8.5",",C,19,","160",",,C,18,","160",",,C,17,","17.4",",,C,17,","11.5",",C,04,","","","421.6",",C","104.2",",,,C","286",",,,C","3.28",",C","6.73",",,,C","-0.18",",,,C"
"CA001036208","2018-07","49.2","-124.75","163.0","PORT ALBERNI COX LAKE, BC CA","","","53.4","1,C","4",",C","2",",C","0",",C","0","2,C","0",",C","0","1,C","0","1,C","0",",C","26",",C","4",",C","7.0","1,C,03,","0","2,,C,31,+","0",",,C,31,+","3.8",",,C,06,","36.5",",C,29,","21.2","C","21.2",",C","9.8",",,,C","0",",,,C","19.36","1,C","26.87",",,,C","11.85","1,,,C"
"CA001036208","2018-11","49.2","-124.75","163.0","PORT ALBERNI COX LAKE, BC CA","","","0.0",",C","19",",C","10",",C","4",",C","0",",C","0",",C","0",",C","2",",C","0",",C","0",",C","0",",C","-1.0",",C,19,+","0",",,C,30,+","0",",,C,30,+","72.4",",,C,25,","15.5",",C,04,","","","328.7",",C","316.4",",,,C","0",",,,C","7.38",",C","10.37",",,,C","4.38",",,,C"
"CA001036208","2019-02","49.2","-124.75","163.0","PORT ALBERNI COX LAKE, BC CA","","","0.0","1,C","11",",C","8",",C","0",",C","13","1,C","5",",C","0","1,C","23","1,C","4",",C","0",",C","0",",C","-10.0","1,C,10,","270","1,,C,15,","130",",,C,11,","15.0",",,C,01,","8.5",",C,22,+","","","479.7",",C","84.7",",,,C","542",",,,C","0.56","1,C","4.46",",,,C","-3.35","1,,,C"
"CA001036208","2020-02","49.2","-124.75","163.0","PORT ALBERNI COX LAKE, BC CA","","","0.0",",C","19",",C","13",",C","1",",C","2","1,C","3",",C","0",",C","14",",C","0",",C","0",",C","0",",C","-4.0",",C,19,","50","1,,C,05,+","96",",,C,04,","30.4",",,C,28,","11.5",",C,01,","","","412.2",",C","129.9",",,,C","188",",,,C","4.12",",C","7.74",",,,C","0.50",",,,C"
"CA001036208","2020-03","49.2","-124.75","163.0","PORT ALBERNI COX LAKE, BC CA","","","0.0","1,C","17",",C","14",",C","0",",C","0","1,C","1",",C","0","1,C","14","1,C","0",",C","0",",C","0",",C","-4.0","1,C,16,+","10","1,,C,07,","26",",,C,06,","24.8",",,C,28,","17.0",",C,21,+","","","392.7",",C","128.2",",,,C","26",",,,C","5.26","1,C","10.00",",,,C","0.52","1,,,C"
"CA001036208","2020-04","49.2","-124.75","163.0","PORT ALBERNI COX LAKE, BC CA","","","0.0",",C","11",",C","7",",C","0",",C","0",",C","0",",C","0",",C","7",",C","0",",C","2",",C","0",",C","-1.5",",C,13,+","0",",,C,30,+","0",",,C,30,+","18.8",",,C,26,","22.5",",C,16,","","","274.2",",C","79.0",",,,C","0",",,,C","9.19",",C","15.47",",,,C","2.92",",,,C"
