"STATION","DATE","LATITUDE","LONGITUDE","ELEVATION","NAME","DP01","DP01_ATTRIBUTES","DP10","DP10_ATTRIBUTES","DP1X","DP1X_ATTRIBUTES","DSND","DSND_ATTRIBUTES","DSNW","DSNW_ATTRIBUTES","EMSD","EMSD_ATTRIBUTES","EMSN","EMSN_ATTRIBUTES","EMXP","EMXP_ATTRIBUTES","PRCP","PRCP_ATTRIBUTES","SNOW","SNOW_ATTRIBUTES"
"CA001043048","1962-08","49.45","-123.4333","53.0","GAMBIER HARBOUR, BC CA","15",",C","14",",C","1",",C","","","0",",C","","","0",",,C,31,+","33.5",",,C,04,","136.5",",,,C","0",",,,C"
"CA001043048","1962-09","49.45","-123.4333","53.0","GAMBIER HARBOUR, BC CA","9",",C","7",",C","1",",C","","","0",",C","","","0",",,C,30,+","34.3",",,C,13,","97.9",",,,C","0",",,,C"
"CA001043048","1962-10","49.45","-123.4333","53.0","GAMBIER HARBOUR, BC CA","17",",C","14",",C","2",",C","","","0",",C","","","0",",,C,31,+","33.8",",,C,12,","196.7",",,,C","0",",,,C"
"CA001043048","1962-11","49.45","-123.4333","53.0","GAMBIER HARBOUR, BC CA","23",",C","20",",C","5",",C","","","0",",C","","","0",",T,C,29,","43.9",",,C,18,","385.1",",,,C","0",",T,,C"
"CA001043048","1962-12","49.45","-123.4333","53.0","GAMBIER HARBOUR, BC CA","22",",C","19",",C","6",",C","","","0",",C","","","18",",,C,26,","97.5",",,C,29,","402.4",",,,C","18",",,,C"
"CA001043048","1963-01","49.45","-123.4333","53.0","GAMBIER HARBOUR, BC CA","6",",C","2",",C","0",",C","","","0",",C","","","8",",,C,21,","18.8",",,C,02,","35.1",",,,C","8",",,,C"
"CA001043048","1963-02","49.45","-123.4333","53.0","GAMBIER HARBOUR, BC CA","17",",C","14",",C","3",",C","","","0",",C","","","0",",,C,28,+","68.8",",,C,25,","248.2",",,,C","0",",,,C"
"CA001043048","1963-03","49.45","-123.4333","53.0","GAMBIER HARBOUR, BC CA","17",",C","14",",C","0",",C","","","0",",C","","","0",",,C,31,+","21.6",",,C,29,","134.5",",,,C","0",",,,C"
"CA001043048","1963-04","49.45","-123.4333","53.0","GAMBIER HARBOUR, BC CA","16","2,C","13","2,C","1","2,C","","","0",",C","","","0",",,C,30,+","26.7","2,,C,03,","115.5",",a,,C","0",",,,C"
"CA001043048","1963-05","49.45","-123.4333","53.0","GAMBIER HARBOUR, BC CA","9",",C","6",",C","0",",C","","","0",",C","","","0",",,C,31,+","19.3",",,C,04,","56.5",",,,C","0",",,,C"
"CA001043048","1963-06","49.45","-123.4333","53.0","GAMBIER HARBOUR, BC CA","8","2,C","4","2,C","1","2,C","","","0",",C","","","0",",,C,30,+","27.9","2,,C,20,","61.6",",a,,C","0",",,,C"
"CA001043048","1963-07","49.45","-123.4333","53.0","GAMBIER HARBOUR, BC CA","9",",C","6",",C","1",",C","","","0",",C","","","0",",,C,31,+","34.3",",,C,20,","86.3",",,,C","0",",,,C"
"CA001043048","1963-08","49.45","-123.4333","53.0","GAMBIER HARBOUR, BC CA","7",",C","3",",C","0",",C","","","0",",C","","","0",",,C,31,+","4.6",",,C,23,","15.8",",,,C","0",",,,C"
"CA001043048","1963-09","49.45","-123.4333","53.0","GAMBIER HARBOUR, BC CA","7",",C","5",",C","0",",C","","","0",",C","","","0",",,C,30,+","19.8",",,C,12,","53.4",",,,C","0",",,,C"
"CA001043048","1963-10","49.45","-123.4333","53.0","GAMBIER HARBOUR, BC CA","21",",C","16",",C","5",",C","","","0",",C","","","0",",,C,31,+","58.2",",,C,12,","289.2",",,,C","0",",,,C"
"CA001043048","1963-11","49.45","-123.4333","53.0","GAMBIER HARBOUR, BC CA","23","1,C","18","1,C","4","1,C","","","0",",C","","","0",",T,C,21,+","44.5","1,,C,25,","298.0","1,,,C","0",",T,,C"
"CA001043048","1963-12","49.45","-123.4333","53.0","GAMBIER HARBOUR, BC CA","18",",C","16",",C","4",",C","","","0",",C","","","0",",T,C,16,","57.9",",,C,22,","314.9",",,,C","0",",T,,C"
"CA001043048","1964-01","49.45","-123.4333","53.0","GAMBIER HARBOUR, BC CA","24",",C","23",",C","2",",C","","","0",",C","","","20",",,C,07,","58.9",",,C,15,","342.6",",,,C","35",",,,C"
"CA001043048","1964-02","49.45","-123.4333","53.0","GAMBIER HARBOUR, BC CA","18",",C","12",",C","2",",C","","","0",",C","","","0",",T,C,12,","32.8",",,C,14,","123.5",",,,C","0",",T,,C"
"CA001043048","1964-03","49.45","-123.4333","53.0","GAMBIER HARBOUR, BC CA","18",",C","17",",C","2",",C","","","0",",C","","","0",",,C,31,+","37.8",",,C,10,","191.8",",,,C","0",",,,C"
"CA001043048","1964-04","49.45","-123.4333","53.0","GAMBIER HARBOUR, BC CA","15",",C","9",",C","0",",C","","","0",",C","","","0",",,C,30,+","22.9",",,C,21,","86.3",",,,C","0",",,,C"
"CA001043048","1964-05","49.45","-123.4333","53.0","GAMBIER HARBOUR, BC CA","10",",C","9",",C","0",",C","","","0",",C","","","0",",,C,31,+","16.0",",,C,23,","79.5",",,,C","0",",,,C"
"CA001043048","1964-06","49.45","-123.4333","53.0","GAMBIER HARBOUR, BC CA","14",",C","8",",C","1",",C","","","0",",C","","","0",",,C,30,+","26.2",",,C,01,","80.5",",,,C","0",",,,C"
"CA001043048","1964-07","49.45","-123.4333","53.0","GAMBIER HARBOUR, BC CA","14",",C","9",",C","1",",C","","","0",",C","","","0",",,C,31,+","33.5",",,C,14,","140.9",",,,C","0",",,,C"
"CA001043048","1964-08","49.45","-123.4333","53.0","GAMBIER HARBOUR, BC CA","11",",C","11",",C","0",",C","","","0",",C","","","0",",,C,31,+","17.0",",,C,02,","79.5",",,,C","0",",,,C"
"CA001043048","1964-09","49.45","-123.4333","53.0","GAMBIER HARBOUR, BC CA","13",",C","10",",C","3",",C","","","0",",C","","","0",",,C,30,+","40.4",",,C,29,","168.5",",,,C","0",",,,C"
"CA001043048","1964-10","49.45","-123.4333","53.0","GAMBIER HARBOUR, BC CA","8",",C","6",",C","1",",C","","","0",",C","","","0",",,C,31,+","33.3",",,C,01,","85.9",",,,C","0",",,,C"
"CA001043048","1964-11","49.45","-123.4333","53.0","GAMBIER HARBOUR, BC CA","16",",C","13",",C","2",",C","","","0",",C","","","23",",,C,28,","86.9",",,C,29,","240.9",",,,C","26",",,,C"
"CA001043048","1964-12","49.45","-123.4333","53.0","GAMBIER HARBOUR, BC CA","24",",C","16",",C","0",",C","","","10",",C","","","229",",,C,30,","22.9",",,C,30,","194.1",",,,C","1345",",,,C"
"CA001043048","1965-01","49.45","-123.4333","53.0","GAMBIER HARBOUR, BC CA","16",",C","16",",C","3",",C","","","5",",C","","","99",",,C,07,","35.1",",,C,29,","236.5",",,,C","290",",,,C"
"CA001043048","1965-02","49.45","-123.4333","53.0","GAMBIER HARBOUR, BC CA","20",",C","16",",C","6",",C","","","0",",C","","","8",",,C,10,","47.8",",,C,03,","294.3",",,,C","8",",,,C"
"CA001043048","1965-03","49.45","-123.4333","53.0","GAMBIER HARBOUR, BC CA","5",",C","4",",C","2",",C","","","0",",C","","","13",",,C,26,","38.6",",,C,28,","79.8",",,,C","13",",,,C"
"CA001043048","1965-04","49.45","-123.4333","53.0","GAMBIER HARBOUR, BC CA","14",",C","6",",C","0",",C","","","0",",C","","","0",",,C,30,+","14.5",",,C,23,","67.6",",,,C","0",",,,C"
"CA001043048","1965-05","49.45","-123.4333","53.0","GAMBIER HARBOUR, BC CA","10",",C","5",",C","1",",C","","","0",",C","","","0",",,C,31,+","28.7",",,C,15,","61.5",",,,C","0",",,,C"
"CA001043048","1965-06","49.45","-123.4333","53.0","GAMBIER HARBOUR, BC CA","4",",C","2",",C","0",",C","","","0",",C","","","0",",,C,30,+","19.1",",,C,10,","23.8",",,,C","0",",,,C"
"CA001043048","1965-07","49.45","-123.4333","53.0","GAMBIER HARBOUR, BC CA","6",",C","2",",C","0",",C","","","0",",C","","","0",",,C,31,+","6.9",",,C,19,","14.9",",,,C","0",",,,C"
"CA001043048","1965-08","49.45","-123.4333","53.0","GAMBIER HARBOUR, BC CA","12",",C","10",",C","0",",C","","","0",",C","","","0",",,C,31,+","16.0",",,C,23,","83.0",",,,C","0",",,,C"
"CA001043048","1965-09","49.45","-123.4333","53.0","GAMBIER HARBOUR, BC CA","5",",C","2",",C","0",",C","","","0",",C","","","0",",,C,30,+","12.7",",,C,13,","18.5",",,,C","0",",,,C"
"CA001043048","1965-10","49.45","-123.4333","53.0","GAMBIER HARBOUR, BC CA","19",",C","19",",C","3",",C","","","0",",C","","","0",",,C,31,+","61.2",",,C,28,","364.9",",,,C","0",",,,C"
"CA001043048","1965-11","49.45","-123.4333","53.0","GAMBIER HARBOUR, BC CA","22",",C","18",",C","2",",C","","","0",",C","","","0",",,C,30,+","25.4",",,C,10,+","218.7",",,,C","0",",,,C"
"CA001043048","1965-12","49.45","-123.4333","53.0","GAMBIER HARBOUR, BC CA","26",",C","21",",C","2",",C","","","5",",C","","","127",",,C,27,","42.2",",,C,18,","268.0",",,,C","497",",,,C"
"CA001043048","1966-01","49.45","-123.4333","53.0","GAMBIER HARBOUR, BC CA","22",",C","19",",C","4",",C","","","5",",C","","","297",",,C,02,","64.3",",,C,12,","332.3",",,,C","867",",,,C"
"CA001043048","1966-02","49.45","-123.4333","53.0","GAMBIER HARBOUR, BC CA","16",",C","13",",C","0",",C","","","0",",C","","","0",",T,C,28,+","17.3",",,C,10,","108.9",",,,C","0",",T,,C"
"CA001043048","1966-03","49.45","-123.4333","53.0","GAMBIER HARBOUR, BC CA","17",",C","14",",C","0",",C","","","0",",C","","","0",",T,C,16,+","22.1",",,C,17,","143.1",",,,C","0",",T,,C"
"CA001043048","1966-04","49.45","-123.4333","53.0","GAMBIER HARBOUR, BC CA","9",",C","6",",C","0",",C","","","0",",C","","","0",",,C,30,+","17.0",",,C,13,","45.0",",,,C","0",",,,C"
"CA001043048","1966-05","49.45","-123.4333","53.0","GAMBIER HARBOUR, BC CA","8",",C","6",",C","0",",C","","","0",",C","","","0",",,C,31,+","21.6",",,C,06,","69.8",",,,C","0",",,,C"
"CA001043048","1966-06","49.45","-123.4333","53.0","GAMBIER HARBOUR, BC CA","15",",C","12",",C","0",",C","","","0",",C","","","0",",,C,30,+","10.7",",,C,27,","68.2",",,,C","0",",,,C"
"CA001043048","1966-07","49.45","-123.4333","53.0","GAMBIER HARBOUR, BC CA","8",",C","7",",C","0",",C","","","0",",C","","","0",",,C,31,+","13.7",",,C,23,","59.1",",,,C","0",",,,C"
"CA001043048","1966-08","49.45","-123.4333","53.0","GAMBIER HARBOUR, BC CA","4",",C","2",",C","1",",C","","","0",",C","","","0",",,C,31,+","30.5",",,C,26,","52.1",",,,C","0",",,,C"
"CA001043048","1966-09","49.45","-123.4333","53.0","GAMBIER HARBOUR, BC CA","12",",C","8",",C","1",",C","","","0",",C","","","0",",,C,30,+","27.9",",,C,17,","91.0",",,,C","0",",,,C"
"CA001043048","1966-10","49.45","-123.4333","53.0","GAMBIER HARBOUR, BC CA","18",",C","14",",C","3",",C","","","0",",C","","","0",",,C,31,+","43.4",",,C,18,","241.4",",,,C","0",",,,C"
"CA001043048","1966-11","49.45","-123.4333","53.0","GAMBIER HARBOUR, BC CA","22",",C","17",",C","2",",C","","","0",",C","","","8",",,C,08,","48.0",",,C,24,","270.8",",,,C","8",",,,C"
"CA001043048","1966-12","49.45","-123.4333","53.0","GAMBIER HARBOUR, BC CA","24",",C","19",",C","8",",C","","","0",",C","","","13",",,C,07,","47.8",",,C,15,","452.4",",,,C","13",",,,C"
"CA001043048","1967-01","49.45","-123.4333","53.0","GAMBIER HARBOUR, BC CA","25",",C","22",",C","6",",C","","","1",",C","","","46",",,C,05,","53.1",",,C,27,","394.2",",,,C","124",",,,C"
"CA001043048","1967-02","49.45","-123.4333","53.0","GAMBIER HARBOUR, BC CA","13",",C","13",",C","3",",C","","","0",",C","","","10",",,C,14,","39.4",",,C,03,","201.7",",,,C","10",",,,C"
"CA001043048","1967-03","49.45","-123.4333","53.0","GAMBIER HARBOUR, BC CA","17",",C","13",",C","1",",C","","","1",",C","","","46",",,C,10,","55.4",",,C,22,","184.7",",,,C","51",",,,C"
"CA001043048","1967-04","49.45","-123.4333","53.0","GAMBIER HARBOUR, BC CA","14",",C","11",",C","0",",C","","","0",",C","","","0",",T,C,13,","17.0",",,C,15,","77.7",",,,C","0",",T,,C"
"CA001043048","1967-05","49.45","-123.4333","53.0","GAMBIER HARBOUR, BC CA","9",",C","6",",C","0",",C","","","0",",C","","","0",",,C,31,+","14.0",",,C,07,","57.0",",,,C","0",",,,C"
"CA001043048","1967-06","49.45","-123.4333","53.0","GAMBIER HARBOUR, BC CA","2",",C","1",",C","0",",C","","","0",",C","","","0",",,C,30,+","13.0",",,C,21,","14.0",",,,C","0",",,,C"
"CA001043048","1967-07","49.45","-123.4333","53.0","GAMBIER HARBOUR, BC CA","6",",C","4",",C","0",",C","","","0",",C","","","0",",,C,31,+","10.9",",,C,20,","35.6",",,,C","0",",,,C"
"CA001043048","1967-08","49.45","-123.4333","53.0","GAMBIER HARBOUR, BC CA","2",",C","2",",C","0",",C","","","0",",C","","","0",",,C,31,+","4.6",",,C,06,","7.6",",,,C","0",",,,C"
"CA001043048","1967-09","49.45","-123.4333","53.0","GAMBIER HARBOUR, BC CA","9",",C","9",",C","0",",C","","","0",",C","","","0",",,C,30,+","24.1",",,C,05,","130.8",",,,C","0",",,,C"
"CA001043048","1967-10","49.45","-123.4333","53.0","GAMBIER HARBOUR, BC CA","25",",C","25",",C","7",",C","","","0",",C","","","0",",,C,31,+","53.3",",,C,07,","499.7",",,,C","0",",,,C"
"CA001043048","1967-11","49.45","-123.4333","53.0","GAMBIER HARBOUR, BC CA","17",",C","12",",C","1",",C","","","0",",C","","","0",",,C,30,+","38.1",",,C,28,","161.1",",,,C","0",",,,C"
"CA001043048","1967-12","49.45","-123.4333","53.0","GAMBIER HARBOUR, BC CA","21",",C","15",",C","4",",C","","","2",",C","","","257",",,C,21,","83.8",",,C,21,","321.1",",,,C","305",",,,C"
"CA001043048","1968-01","49.45","-123.4333","53.0","GAMBIER HARBOUR, BC CA","19",",C","16",",C","6",",C","","","1",",C","","","71",",,C,06,","126.5",",,C,18,","459.2",",,,C","120",",,,C"
"CA001043048","1968-02","49.45","-123.4333","53.0","GAMBIER HARBOUR, BC CA","12",",C","9",",C","2",",C","","","0",",C","","","0",",,C,29,+","58.4",",,C,18,","157.8",",,,C","0",",,,C"
"CA001043048","1968-03","49.45","-123.4333","53.0","GAMBIER HARBOUR, BC CA","23",",C","18",",C","2",",C","","","0",",C","","","0",",,C,31,+","56.9",",,C,04,","229.5",",,,C","0",",,,C"
"CA001043048","1968-04","49.45","-123.4333","53.0","GAMBIER HARBOUR, BC CA","15",",C","7",",C","1",",C","","","0",",C","","","0",",T,C,13,+","25.7",",,C,13,","84.7",",,,C","0",",T,,C"
"CA001043048","1968-05","49.45","-123.4333","53.0","GAMBIER HARBOUR, BC CA","11",",C","7",",C","0",",C","","","0",",C","","","0",",,C,31,+","21.8",",,C,19,","61.8",",,,C","0",",,,C"
"CA001043048","1968-06","49.45","-123.4333","53.0","GAMBIER HARBOUR, BC CA","10",",C","7",",C","1",",C","","","0",",C","","","0",",,C,30,+","27.7",",,C,25,","87.1",",,,C","0",",,,C"
"CA001043048","1968-07","49.45","-123.4333","53.0","GAMBIER HARBOUR, BC CA","7",",C","5",",C","1",",C","","","0",",C","","","0",",,C,31,+","26.4",",,C,11,","64.3",",,,C","0",",,,C"
"CA001043048","1968-08","49.45","-123.4333","53.0","GAMBIER HARBOUR, BC CA","12",",C","10",",C","2",",C","","","0",",C","","","0",",,C,31,+","27.2",",,C,26,","113.9",",,,C","0",",,,C"
"CA001043048","1968-09","49.45","-123.4333","53.0","GAMBIER HARBOUR, BC CA","8",",C","8",",C","1",",C","","","0",",C","","","0",",,C,30,+","93.0",",,C,16,","161.8",",,,C","0",",,,C"
"CA001043048","1968-10","49.45","-123.4333","53.0","GAMBIER HARBOUR, BC CA","23",",C","21",",C","3",",C","","","0",",C","","","0",",,C,31,+","51.6",",,C,23,","309.6",",,,C","0",",,,C"
"CA001043048","1968-11","49.45","-123.4333","53.0","GAMBIER HARBOUR, BC CA","19",",C","17",",C","2",",C","","","0",",C","","","0",",,C,30,+","30.5",",,C,28,","225.0",",,,C","0",",,,C"
"CA001043048","1968-12","49.45","-123.4333","53.0","GAMBIER HARBOUR, BC CA","20",",C","19",",C","5",",C","","","7",",C","","","295",",,C,30,","43.4",",,C,23,","312.7",",,,C","743",",,,C"
"CA001043048","1969-01","49.45","-123.4333","53.0","GAMBIER HARBOUR, BC CA","17",",C","16",",C","2",",C","","","9",",C","","","254",",,C,16,","53.3",",,C,03,","204.1",",,,C","996",",,,C"
"CA001043048","1969-02","49.45","-123.4333","53.0","GAMBIER HARBOUR, BC CA","11",",C","7",",C","1",",C","","","2",",C","","","51",",,C,02,","41.4",",,C,07,","109.2",",,,C","99",",,,C"
"CA001043048","1969-03","49.45","-123.4333","53.0","GAMBIER HARBOUR, BC CA","13",",C","10",",C","3",",C","","","0",",C","","","0",",T,C,04,","36.1",",,C,14,","171.7",",,,C","0",",T,,C"
"CA001043048","1969-04","49.45","-123.4333","53.0","GAMBIER HARBOUR, BC CA","19",",C","13",",C","2",",C","","","0",",C","","","0",",,C,30,+","27.9",",,C,01,","190.3",",,,C","0",",,,C"
"CA001043048","1969-05","49.45","-123.4333","53.0","GAMBIER HARBOUR, BC CA","8",",C","4",",C","1",",C","","","0",",C","","","0",",,C,31,+","32.3",",,C,28,","63.7",",,,C","0",",,,C"
"CA001043048","1969-06","49.45","-123.4333","53.0","GAMBIER HARBOUR, BC CA","6",",C","4",",C","0",",C","","","0",",C","","","0",",,C,30,+","22.9",",,C,27,","42.0",",,,C","0",",,,C"
"CA001043048","1969-07","49.45","-123.4333","53.0","GAMBIER HARBOUR, BC CA","6",",C","5",",C","0",",C","","","0",",C","","","0",",,C,31,+","24.6",",,C,03,","50.8",",,,C","0",",,,C"
"CA001043048","1969-08","49.45","-123.4333","53.0","GAMBIER HARBOUR, BC CA","12",",C","7",",C","0",",C","","","0",",C","","","0",",,C,31,+","21.3",",,C,27,","67.9",",,,C","0",",,,C"
"CA001043048","1969-09","49.45","-123.4333","53.0","GAMBIER HARBOUR, BC CA","13",",C","12",",C","6",",C","","","0",",C","","","0",",,C,30,+","50.0",",,C,22,","283.0",",,,C","0",",,,C"
"CA001043048","1969-10","49.45","-123.4333","53.0","GAMBIER HARBOUR, BC CA","14",",C","12",",C","2",",C","","","0",",C","","","0",",,C,31,+","28.4",",,C,20,","159.7",",,,C","0",",,,C"
"CA001043048","1969-11","49.45","-123.4333","53.0","GAMBIER HARBOUR, BC CA","16",",C","14",",C","1",",C","","","0",",C","","","0",",,C,30,+","32.3",",,C,22,","156.3",",,,C","0",",,,C"
"CA001043048","1969-12","49.45","-123.4333","53.0","GAMBIER HARBOUR, BC CA","20",",C","16",",C","2",",C","","","0",",C","","","0",",T,C,27,","47.8",",,C,22,","268.7",",,,C","0",",T,,C"
"CA001043048","1970-01","49.45","-123.4333","53.0","GAMBIER HARBOUR, BC CA","15",",C","12",",C","0",",C","","","1",",C","","","112",",,C,17,","20.3",",,C,08,","153.1",",,,C","115",",,,C"
"CA001043048","1970-02","49.45","-123.4333","53.0","GAMBIER HARBOUR, BC CA","11",",C","9",",C","0",",C","","","0",",C","","","0",",T,C,05,","13.7",",,C,15,","63.5",",,,C","0",",T,,C"
"CA001043048","1970-03","49.45","-123.4333","53.0","GAMBIER HARBOUR, BC CA","9",",C","8",",C","1",",C","","","0",",C","","","0",",,C,31,+","26.9",",,C,06,","101.5",",,,C","0",",,,C"
"CA001043048","1970-04","49.45","-123.4333","53.0","GAMBIER HARBOUR, BC CA","13",",C","9",",C","2",",C","","","0",",C","","","0",",,C,30,+","30.7",",,C,08,","131.6",",,,C","0",",,,C"
"CA001043048","1970-05","49.45","-123.4333","53.0","GAMBIER HARBOUR, BC CA","7",",C","4",",C","0",",C","","","0",",C","","","0",",,C,31,+","18.5",",,C,08,","37.9",",,,C","0",",,,C"
"CA001043048","1970-06","49.45","-123.4333","53.0","GAMBIER HARBOUR, BC CA","7",",C","3",",C","0",",C","","","0",",C","","","0",",,C,30,+","11.2",",,C,26,","20.8",",,,C","0",",,,C"
"CA001043048","1970-07","49.45","-123.4333","53.0","GAMBIER HARBOUR, BC CA","6",",C","5",",C","0",",C","","","0",",C","","","0",",,C,31,+","21.6",",,C,25,","55.8",",,,C","0",",,,C"
"CA001043048","1970-08","49.45","-123.4333","53.0","GAMBIER HARBOUR, BC CA","3","1,C","2","1,C","0","1,C","","","0",",C","","","0",",,C,31,+","5.3","1,,C,06,","10.7","1,,,C","0",",,,C"
"CA001043048","1970-09","49.45","-123.4333","53.0","GAMBIER HARBOUR, BC CA","9","2,C","7","2,C","1","2,C","","","0",",C","","","0",",,C,30,+","41.9","2,,C,02,","144.8",",a,,C","0",",,,C"
"CA001043048","1970-10","49.45","-123.4333","53.0","GAMBIER HARBOUR, BC CA","13",",C","7",",C","2",",C","","","0",",C","","","0",",,C,31,+","27.7",",,C,22,","121.6",",,,C","0",",,,C"
"CA001043048","1970-11","49.45","-123.4333","53.0","GAMBIER HARBOUR, BC CA","14","2,C","9","2,C","3","2,C","","","0","2,C","","","15","2,,C,22,","40.6","2,,C,10,","191.3","2,,,C","30","2,,,C"
"CA001043048","1970-12","49.45","-123.4333","53.0","GAMBIER HARBOUR, BC CA","","","","","","","","","1",",C","","","41",",,C,19,","","","","","41",",,,C"
"CA001043048","1971-01","49.45","-123.4333","53.0","GAMBIER HARBOUR, BC CA","22","2,C","20","2,C","2","2,C","","","6",",C","","","345",",,C,21,","63.2","2,,C,29,","323.3",",a,,C","857",",,,C"
"CA001043048","1971-02","49.45","-123.4333","53.0","GAMBIER HARBOUR, BC CA","17",",C","15",",C","2",",C","","","3",",C","","","475",",,C,26,","47.5",",,C,26,","234.7",",,,C","619",",,,C"
"CA001043048","1971-03","49.45","-123.4333","53.0","GAMBIER HARBOUR, BC CA","18","2,C","15","2,C","2","2,C","","","2",",C","","","91",",,C,01,","41.4","2,,C,06,","228.6",",a,,C","170",",,,C"
"CA001043048","1971-04","49.45","-123.4333","53.0","GAMBIER HARBOUR, BC CA","12","2,C","8","2,C","0","2,C","","","0",",C","","","0",",T,C,10,","13.0","2,,C,10,","74.9",",a,,C","0",",T,,C"
"CA001043048","1971-05","49.45","-123.4333","53.0","GAMBIER HARBOUR, BC CA","7",",C","6",",C","0",",C","","","0",",C","","","0",",,C,31,+","19.6",",,C,18,","62.1",",,,C","0",",,,C"
"CA001043048","1971-06","49.45","-123.4333","53.0","GAMBIER HARBOUR, BC CA","17",",C","10",",C","1",",C","","","0",",C","","","0",",,C,30,+","37.8",",,C,24,","105.2",",,,C","0",",,,C"
"CA001043048","1971-07","49.45","-123.4333","53.0","GAMBIER HARBOUR, BC CA","6",",C","4",",C","0",",C","","","0",",C","","","0",",,C,31,+","21.6",",,C,10,","36.7",",,,C","0",",,,C"
"CA001043048","1971-08","49.45","-123.4333","53.0","GAMBIER HARBOUR, BC CA","7",",C","6",",C","0",",C","","","0",",C","","","0",",,C,31,+","11.2",",,C,21,","42.8",",,,C","0",",,,C"
"CA001043048","1971-09","49.45","-123.4333","53.0","GAMBIER HARBOUR, BC CA","13",",C","11",",C","1",",C","","","0",",C","","","0",",,C,30,+","30.5",",,C,28,","121.7",",,,C","0",",,,C"
"CA001043048","1971-10","49.45","-123.4333","53.0","GAMBIER HARBOUR, BC CA","14",",C","11",",C","5",",C","","","0",",C","","","20",",,C,29,","74.2",",,C,25,","320.8",",,,C","20",",,,C"
"CA001043048","1971-11","49.45","-123.4333","53.0","GAMBIER HARBOUR, BC CA","20",",C","18",",C","3",",C","","","0",",C","","","0",",,C,30,+","41.9",",,C,02,","280.7",",,,C","0",",,,C"
"CA001043048","1971-12","49.45","-123.4333","53.0","GAMBIER HARBOUR, BC CA","19",",C","16",",C","3",",C","","","9",",C","","","391",",,C,07,","39.1",",,C,07,","235.1",",,,C","1258",",,,C"
"CA001043048","1972-01","49.45","-123.4333","53.0","GAMBIER HARBOUR, BC CA","16",",C","13",",C","2",",C","","","4",",C","","","196",",,C,10,","42.4",",,C,20,","179.4",",,,C","449",",,,C"
"CA001043048","1972-02","49.45","-123.4333","53.0","GAMBIER HARBOUR, BC CA","17",",C","16",",C","4",",C","","","1",",C","","","25",",,C,14,","33.0",",,C,26,","214.0",",,,C","28",",,,C"
"CA001043048","1972-03","49.45","-123.4333","53.0","GAMBIER HARBOUR, BC CA","20",",C","18",",C","2",",C","","","0",",C","","","13",",,C,01,","39.4",",,C,09,","279.8",",,,C","13",",,,C"
"CA001043048","1972-04","49.45","-123.4333","53.0","GAMBIER HARBOUR, BC CA","17",",C","14",",C","1",",C","","","0",",C","","","5",",,C,07,","25.4",",,C,04,","133.9",",,,C","5",",,,C"
"CA001043048","1972-05","49.45","-123.4333","53.0","GAMBIER HARBOUR, BC CA","5",",C","5",",C","0",",C","","","0",",C","","","0",",,C,31,+","10.2",",,C,01,","33.3",",,,C","0",",,,C"
"CA001043048","1972-06","49.45","-123.4333","53.0","GAMBIER HARBOUR, BC CA","12",",C","8",",C","0",",C","","","0",",C","","","0",",,C,30,+","23.4",",,C,10,","73.5",",,,C","0",",,,C"
"CA001043048","1972-07","49.45","-123.4333","53.0","GAMBIER HARBOUR, BC CA","6",",C","6",",C","2",",C","","","0",",C","","","0",",,C,31,+","82.0",",,C,11,","139.2",",,,C","0",",,,C"
"CA001043048","1972-08","49.45","-123.4333","53.0","GAMBIER HARBOUR, BC CA","5",",C","3",",C","0",",C","","","0",",C","","","0",",,C,31,+","16.5",",,C,15,","44.9",",,,C","0",",,,C"
"CA001043048","1972-09","49.45","-123.4333","53.0","GAMBIER HARBOUR, BC CA","10",",C","7",",C","1",",C","","","0",",C","","","0",",,C,30,+","30.0",",,C,20,","90.7",",,,C","0",",,,C"
"CA001043048","1972-10","49.45","-123.4333","53.0","GAMBIER HARBOUR, BC CA","7",",C","6",",C","0",",C","","","0",",C","","","0",",,C,31,+","19.3",",,C,27,","46.2",",,,C","0",",,,C"
"CA001043048","1972-11","49.45","-123.4333","53.0","GAMBIER HARBOUR, BC CA","17",",C","13",",C","2",",C","","","0",",C","","","0",",,C,30,+","38.6",",,C,01,","251.8",",,,C","0",",,,C"
"CA001043048","1972-12","49.45","-123.4333","53.0","GAMBIER HARBOUR, BC CA","21",",C","18",",C","7",",C","","","4",",C","","","97",",,C,13,","83.3",",,C,25,","434.4",",,,C","309",",,,C"
"CA001043048","1973-01","49.45","-123.4333","53.0","GAMBIER HARBOUR, BC CA","18",",C","17",",C","4",",C","","","1",",C","","","64",",,C,10,","54.9",",,C,14,","318.8",",,,C","64",",,,C"
"CA001043048","1973-02","49.45","-123.4333","53.0","GAMBIER HARBOUR, BC CA","12",",C","11",",C","0",",C","","","0",",C","","","0",",T,C,03,","23.9",",,C,26,","132.4",",,,C","0",",T,,C"
"CA001043048","1973-03","49.45","-123.4333","53.0","GAMBIER HARBOUR, BC CA","17",",C","14",",C","1",",C","","","0",",C","","","0",",T,C,17,","28.4",",,C,09,","109.9",",,,C","0",",T,,C"
"CA001043048","1973-04","49.45","-123.4333","53.0","GAMBIER HARBOUR, BC CA","7",",C","5",",C","0",",C","","","0",",C","","","0",",,C,30,+","14.2",",,C,15,","37.0",",,,C","0",",,,C"
"CA001043048","1973-05","49.45","-123.4333","53.0","GAMBIER HARBOUR, BC CA","11",",C","8",",C","1",",C","","","0",",C","","","0",",,C,31,+","26.2",",,C,23,","92.3",",,,C","0",",,,C"
"CA001043048","1973-06","49.45","-123.4333","53.0","GAMBIER HARBOUR, BC CA","11",",C","9",",C","1",",C","","","0",",C","","","0",",,C,30,+","27.4",",,C,11,","121.0",",,,C","0",",,,C"
"CA001043048","1973-07","49.45","-123.4333","53.0","GAMBIER HARBOUR, BC CA","8",",C","4",",C","0",",C","","","0",",C","","","0",",,C,31,+","10.4",",,C,03,","35.2",",,,C","0",",,,C"
"CA001043048","1973-08","49.45","-123.4333","53.0","GAMBIER HARBOUR, BC CA","5",",C","3",",C","0",",C","","","0",",C","","","0",",,C,31,+","14.0",",,C,16,","30.8",",,,C","0",",,,C"
"CA001043048","1973-09","49.45","-123.4333","53.0","GAMBIER HARBOUR, BC CA","10",",C","9",",C","0",",C","","","0",",C","","","0",",,C,30,+","14.7",",,C,06,","78.3",",,,C","0",",,,C"
"CA001043048","1973-10","49.45","-123.4333","53.0","GAMBIER HARBOUR, BC CA","19",",C","16",",C","2",",C","","","0",",C","","","0",",,C,31,+","33.0",",,C,12,","196.8",",,,C","0",",,,C"
"CA001043048","1973-11","49.45","-123.4333","53.0","GAMBIER HARBOUR, BC CA","19",",C","17",",C","3",",C","","","3",",C","","","89",",,C,06,","53.1",",,C,27,","292.0",",,,C","178",",,,C"
"CA001043048","1973-12","49.45","-123.4333","53.0","GAMBIER HARBOUR, BC CA","18",",C","17",",C","3",",C","","","0",",C","","","0",",,C,31,+","61.7",",,C,10,","334.4",",,,C","0",",,,C"
"CA001043048","1974-01","49.45","-123.4333","53.0","GAMBIER HARBOUR, BC CA","20",",C","17",",C","4",",C","","","3",",C","","","99",",,C,12,","37.8",",,C,24,","290.9",",,,C","215",",,,C"
"CA001043048","1974-02","49.45","-123.4333","53.0","GAMBIER HARBOUR, BC CA","18",",C","17",",C","2",",C","","","0",",C","","","5",",,C,26,","46.5",",,C,02,","244.0",",,,C","5",",,,C"
"CA001043048","1974-03","49.45","-123.4333","53.0","GAMBIER HARBOUR, BC CA","23",",C","17",",C","3",",C","","","4",",C","","","244",",,C,07,","62.5",",,C,15,","328.9",",,,C","427",",,,C"
"CA001043048","1974-04","49.45","-123.4333","53.0","GAMBIER HARBOUR, BC CA","15",",C","10",",C","1",",C","","","0",",C","","","0",",,C,30,+","36.1",",,C,10,","145.8",",,,C","0",",,,C"
"CA001043048","1974-05","49.45","-123.4333","53.0","GAMBIER HARBOUR, BC CA","20",",C","16",",C","3",",C","","","0",",C","","","0",",,C,31,+","67.3",",,C,24,","231.4",",,,C","0",",,,C"
"CA001043048","1974-06","49.45","-123.4333","53.0","GAMBIER HARBOUR, BC CA","7",",C","4",",C","1",",C","","","0",",C","","","0",",,C,30,+","25.9",",,C,03,","50.0",",,,C","0",",,,C"
"CA001043048","1974-07","49.45","-123.4333","53.0","GAMBIER HARBOUR, BC CA","10",",C","8",",C","2",",C","","","0",",C","","","0",",,C,31,+","35.6",",,C,09,","159.4",",,,C","0",",,,C"
"CA001043048","1974-08","49.45","-123.4333","53.0","GAMBIER HARBOUR, BC CA","4",",C","2",",C","0",",C","","","0",",C","","","0",",,C,31,+","4.8",",,C,12,","9.4",",,,C","0",",,,C"
"CA001043048","1974-09","49.45","-123.4333","53.0","GAMBIER HARBOUR, BC CA","3",",C","3",",C","0",",C","","","0",",C","","","0",",,C,30,+","23.1",",,C,08,","40.6",",,,C","0",",,,C"
"CA001043048","1974-10","49.45","-123.4333","53.0","GAMBIER HARBOUR, BC CA","10",",C","7",",C","0",",C","","","0",",C","","","0",",,C,31,+","19.6",",,C,27,","75.2",",,,C","0",",,,C"
"CA001043048","1974-11","49.45","-123.4333","53.0","GAMBIER HARBOUR, BC CA","19",",C","17",",C","4",",C","","","0",",C","","","0",",T,C,22,","57.2",",,C,11,","288.2",",,,C","0",",T,,C"
"CA001043048","1974-12","49.45","-123.4333","53.0","GAMBIER HARBOUR, BC CA","24",",C","23",",C","5",",C","","","1",",C","","","25",",,C,31,","37.1",",,C,10,","353.9",",,,C","50",",,,C"
"CA001043048","1975-01","49.45","-123.4333","53.0","GAMBIER HARBOUR, BC CA","22",",C","13",",C","2",",C","","","4",",C","","","229",",,C,11,","43.4",",,C,22,","216.5",",,,C","590",",,,C"
"CA001043048","1975-02","49.45","-123.4333","53.0","GAMBIER HARBOUR, BC CA","18",",C","16",",C","0",",C","","","6",",C","","","102",",,C,11,","19.3",",,C,28,","127.1",",,,C","428",",,,C"
"CA001043048","1975-03","49.45","-123.4333","53.0","GAMBIER HARBOUR, BC CA","17",",C","12",",C","0",",C","","","0",",C","","","0",",,C,31,+","24.9",",,C,01,","125.0",",,,C","0",",,,C"
"CA001043048","1975-04","49.45","-123.4333","53.0","GAMBIER HARBOUR, BC CA","10",",C","5",",C","0",",C","","","0",",C","","","0",",T,C,02,","24.9",",,C,23,","64.9",",,,C","0",",T,,C"
"CA001043048","1975-05","49.45","-123.4333","53.0","GAMBIER HARBOUR, BC CA","12",",C","9",",C","0",",C","","","0",",C","","","0",",,C,31,+","20.3",",,C,10,","73.8",",,,C","0",",,,C"
"CA001043048","1975-06","49.45","-123.4333","53.0","GAMBIER HARBOUR, BC CA","","","","","","","","","0",",C","","","0",",,C,30,+","","","45.5",",a,,C","0",",,,C"
"CA001043048","1975-07","49.45","-123.4333","53.0","GAMBIER HARBOUR, BC CA","7",",C","4",",C","0",",C","","","0",",C","","","0",",,C,31,+","12.2",",,C,14,","28.5",",,,C","0",",,,C"
"CA001043048","1975-08","49.45","-123.4333","53.0","GAMBIER HARBOUR, BC CA","16",",C","10",",C","2",",C","","","0",",C","","","0",",,C,31,+","30.5",",,C,25,","154.2",",,,C","0",",,,C"
"CA001043048","1975-09","49.45","-123.4333","53.0","GAMBIER HARBOUR, BC CA","1",",C","1",",C","0",",C","","","0",",C","","","0",",,C,30,+","2.8",",,C,27,","2.8",",,,C","0",",,,C"
"CA001043048","1975-10","49.45","-123.4333","53.0","GAMBIER HARBOUR, BC CA","22","3,C","20","3,C","8","3,C","","","0",",C","","","0",",,C,31,+","120.9","3,,C,16,","532.6",",a,,C","0",",,,C"
"CA001043048","1975-11","49.45","-123.4333","53.0","GAMBIER HARBOUR, BC CA","21",",C","19",",C","5",",C","","","2",",C","","","198",",,C,30,","53.1",",,C,13,","360.9",",,,C","330",",,,C"
"CA001043048","1975-12","49.45","-123.4333","53.0","GAMBIER HARBOUR, BC CA","17",",C","17",",C","7",",C","","","2",",C","","","229",",,C,12,","48.3",",,C,25,","326.2",",,,C","254",",,,C"
"CA001043048","1976-01","49.45","-123.4333","53.0","GAMBIER HARBOUR, BC CA","16","3,C","14","3,C","1","3,C","","","2",",C","","","56",",,C,02,","40.4","3,,C,03,","263.3",",a,,C","81",",,,C"
"CA001043048","1976-02","49.45","-123.4333","53.0","GAMBIER HARBOUR, BC CA","21",",C","17",",C","1",",C","","","4",",C","","","201",",,C,28,","37.6",",,C,11,","198.8",",,,C","481",",,,C"
"CA001043048","1976-03","49.45","-123.4333","53.0","GAMBIER HARBOUR, BC CA","","","","","","","","","0",",C","","","0",",,C,31,+","","","","","0",",,,C"
"CA001043048","1976-04","49.45","-123.4333","53.0","GAMBIER HARBOUR, BC CA","","","","","","","","","0",",C","","","0",",,C,30,+","","","","","0",",,,C"
"CA001043048","1976-05","49.45","-123.4333","53.0","GAMBIER HARBOUR, BC CA","11","3,C","10","3,C","0","3,C","","","0",",C","","","0",",,C,31,+","23.4","3,,C,25,","159.7",",a,,C","0",",,,C"
"CA001043048","1976-06","49.45","-123.4333","53.0","GAMBIER HARBOUR, BC CA","","","","","","","","","0",",C","","","0",",,C,30,+","","","","","0",",,,C"
"CA001043048","1976-07","49.45","-123.4333","53.0","GAMBIER HARBOUR, BC CA","9","4,C","5","4,C","0","4,C","","","0",",C","","","0",",,C,31,+","22.1","4,,C,07,","41.2","4,,,C","0",",,,C"
"CA001043048","1976-08","49.45","-123.4333","53.0","GAMBIER HARBOUR, BC CA","11","2,C","7","2,C","1","2,C","","","0",",C","","","0",",,C,31,+","30.7","2,,C,19,","136.7",",a,,C","0",",,,C"
"CA001043048","1976-09","49.45","-123.4333","53.0","GAMBIER HARBOUR, BC CA","4","2,C","1","2,C","0","2,C","","","0",",C","","","0",",,C,30,+","17.5","2,,C,13,","60.9",",a,,C","0",",,,C"
"CA001043048","1976-10","49.45","-123.4333","53.0","GAMBIER HARBOUR, BC CA","","","","","","","","","0",",C","","","0",",,C,31,+","","","146.4",",a,,C","0",",,,C"
"CA001043048","1976-11","49.45","-123.4333","53.0","GAMBIER HARBOUR, BC CA","13",",C","10",",C","1",",C","","","0",",C","","","0",",,C,30,+","26.2",",,C,24,","109.5",",,,C","0",",,,C"
"CA001043048","1976-12","49.45","-123.4333","53.0","GAMBIER HARBOUR, BC CA","","","","","","","","","0",",C","","","0",",,C,31,+","","","229.1",",a,,C","0",",,,C"
"CA001043048","1977-01","49.45","-123.4333","53.0","GAMBIER HARBOUR, BC CA","10",",C","8",",C","2",",C","","","1",",C","","","102",",,C,11,","42.7",",,C,17,","124.8",",,,C","102",",,,C"
"CA001043048","1977-02","49.45","-123.4333","53.0","GAMBIER HARBOUR, BC CA","18","2,C","12","2,C","1","2,C","","","0",",C","","","0",",,C,28,+","38.6","2,,C,11,","166.7",",a,,C","0",",,,C"
"CA001043048","1977-03","49.45","-123.4333","53.0","GAMBIER HARBOUR, BC CA","15","2,C","12","2,C","1","2,C","","","0",",C","","","0",",T,C,14,+","32.0","2,,C,08,","156.2",",a,,C","0",",T,,C"
"CA001043048","1977-04","49.45","-123.4333","53.0","GAMBIER HARBOUR, BC CA","8","3,C","6","3,C","0","3,C","","","0",",C","","","0",",,C,30,+","15.7","3,,C,08,","93.8",",a,,C","0",",,,C"
"CA001043048","1977-05","49.45","-123.4333","53.0","GAMBIER HARBOUR, BC CA","18",",C","13",",C","0",",C","","","0",",C","","","0",",,C,31,+","19.1",",,C,25,","120.0",",,,C","0",",,,C"
"CA001043048","1977-06","49.45","-123.4333","53.0","GAMBIER HARBOUR, BC CA","6","2,C","3","2,C","0","2,C","","","0",",C","","","0",",,C,30,+","16.3","2,,C,03,","48.7",",a,,C","0",",,,C"
"CA001043048","1977-07","49.45","-123.4333","53.0","GAMBIER HARBOUR, BC CA","","","","","","","","","0",",C","","","0",",,C,31,+","","","","","0",",,,C"
"CA001043048","1977-08","49.45","-123.4333","53.0","GAMBIER HARBOUR, BC CA","6","2,C","6","2,C","1","2,C","","","0",",C","","","0",",,C,31,+","30.0","2,,C,24,","91.8",",a,,C","0",",,,C"
"CA001043048","1977-09","49.45","-123.4333","53.0","GAMBIER HARBOUR, BC CA","","","","","","","","","0",",C","","","0",",,C,30,+","","","","","0",",,,C"
"CA001043048","1977-11","49.45","-123.4333","53.0","GAMBIER HARBOUR, BC CA","16","3,C","16","3,C","4","3,C","","","1",",C","","","99",",,C,23,","36.8","3,,C,25,","309.6",",a,,C","99",",,,C"
"CA001043048","1977-12","49.45","-123.4333","53.0","GAMBIER HARBOUR, BC CA","12","3,C","10","3,C","1","3,C","","","2",",C","","","114",",,C,09,","34.5","3,,C,13,","206.3",",a,,C","183",",,,C"
"CA001043048","1978-01","49.45","-123.4333","53.0","GAMBIER HARBOUR, BC CA","19","3,C","9","3,C","1","3,C","","","2",",C","","","236",",,C,03,","35.6","3,,C,07,","175.7",",a,,C","305",",,,C"
"CA001043048","1978-02","49.45","-123.4333","53.0","GAMBIER HARBOUR, BC CA","14","2,C","11","2,C","1","2,C","","","1",",C","","","25",",,C,01,","34.3","2,,C,07,","174.9",",a,,C","35",",,,C"
"CA001043048","1978-03","49.45","-123.4333","53.0","GAMBIER HARBOUR, BC CA","12","2,C","10","2,C","1","2,C","","","0",",C","","","0",",,C,31,+","45.5","2,,C,06,","162.1",",a,,C","0",",,,C"
"CA001043048","1978-04","49.45","-123.4333","53.0","GAMBIER HARBOUR, BC CA","16","2,C","13","2,C","1","2,C","","","0",",C","","","0",",,C,30,+","26.2","2,,C,19,","157.8",",a,,C","0",",,,C"
"CA001043048","1978-05","49.45","-123.4333","53.0","GAMBIER HARBOUR, BC CA","14",",C","11",",C","2",",C","","","0",",C","","","0",",,C,31,+","43.7",",,C,13,","200.9",",,,C","0",",,,C"
"CA001043048","1978-06","49.45","-123.4333","53.0","GAMBIER HARBOUR, BC CA","6",",C","4",",C","0",",C","","","0",",C","","","0",",,C,30,+","19.8",",,C,12,","38.9",",,,C","0",",,,C"
"CA001043048","1978-07","49.45","-123.4333","53.0","GAMBIER HARBOUR, BC CA","1","2,C","1","2,C","0","2,C","","","0",",C","","","0",",,C,31,+","11.7","2,,C,26,","17.8",",a,,C","0",",,,C"
"CA001043048","1978-08","49.45","-123.4333","53.0","GAMBIER HARBOUR, BC CA","17",",C","10",",C","5",",C","","","0",",C","","","0",",,C,31,+","38.4",",,C,14,","212.8",",,,C","0",",,,C"
"CA001043048","1978-09","49.45","-123.4333","53.0","GAMBIER HARBOUR, BC CA","14","5,C","10","5,C","0","5,C","","","0",",C","","","0",",,C,30,+","19.8","5,,C,03,","145.7",",a,,C","0",",,,C"
"CA001043048","1978-10","49.45","-123.4333","53.0","GAMBIER HARBOUR, BC CA","10",",C","8",",C","1",",C","","","0",",C","","","0",",,C,31,+","25.7",",,C,23,","79.6",",,,C","0",",,,C"
"CA001043048","1978-11","49.45","-123.4333","53.0","GAMBIER HARBOUR, BC CA","11","2,C","9","2,C","1","2,C","","","0",",C","","","0",",,C,30,+","48.0","2,,C,07,","184.2",",a,,C","0",",,,C"
"CA001043048","1978-12","49.45","-123.4333","53.0","GAMBIER HARBOUR, BC CA","15",",C","13",",C","2",",C","","","1",",C","","","76",",,C,08,","34.8",",,C,10,","197.8",",,,C","112",",,,C"
"CA001043048","1979-01","49.45","-123.4333","53.0","GAMBIER HARBOUR, BC CA","9","2,C","8","2,C","0","2,C","","","1",",C","","","155",",,C,26,","18.8","2,,C,18,","74.0","2,,,C","155",",,,C"
"CA001043048","1979-02","49.45","-123.4333","53.0","GAMBIER HARBOUR, BC CA","20",",C","18",",C","2",",C","","","2",",C","","","38",",,C,02,","60.5",",,C,24,","280.3",",,,C","81",",,,C"
"CA001043048","1979-03","49.45","-123.4333","53.0","GAMBIER HARBOUR, BC CA","9",",C","7",",C","2",",C","","","1",",C","","","25",",,C,01,","37.6",",,C,05,","115.5",",,,C","25",",,,C"
"CA001043048","1979-04","49.45","-123.4333","53.0","GAMBIER HARBOUR, BC CA","12",",C","6",",C","1",",C","","","0",",C","","","0",",,C,30,+","25.4",",,C,12,","72.1",",,,C","0",",,,C"
"CA001043048","1979-05","49.45","-123.4333","53.0","GAMBIER HARBOUR, BC CA","14",",C","8",",C","0",",C","","","0",",C","","","0",",,C,31,+","18.8",",,C,03,","67.6",",,,C","0",",,,C"
"CA001043048","1979-06","49.45","-123.4333","53.0","GAMBIER HARBOUR, BC CA","10",",C","6",",C","0",",C","","","0",",C","","","0",",,C,30,+","16.5",",,C,04,","57.4",",,,C","0",",,,C"
"CA001043048","1979-07","49.45","-123.4333","53.0","GAMBIER HARBOUR, BC CA","8",",C","3",",C","0",",C","","","0",",C","","","0",",,C,31,+","21.1",",,C,09,","42.3",",,,C","0",",,,C"
"CA001043048","1979-08","49.45","-123.4333","53.0","GAMBIER HARBOUR, BC CA","","","","","","","","","0",",C","","","0",",,C,31,+","","","","","0",",,,C"
"CA001043048","1979-09","49.45","-123.4333","53.0","GAMBIER HARBOUR, BC CA","13",",C","10",",C","0",",C","","","0",",C","","","0",",,C,30,+","21.8",",,C,08,","140.1",",,,C","0",",,,C"
"CA001043048","1979-10","49.45","-123.4333","53.0","GAMBIER HARBOUR, BC CA","14",",C","12",",C","1",",C","","","0",",C","","","0",",,C,31,+","25.7",",,C,24,","120.4",",,,C","0",",,,C"
"CA001043048","1979-11","49.45","-123.4333","53.0","GAMBIER HARBOUR, BC CA","14",",C","9",",C","1",",C","","","0",",C","","","0",",,C,30,+","27.9",",,C,22,","123.5",",,,C","0",",,,C"
"CA001043048","1979-12","49.45","-123.4333","53.0","GAMBIER HARBOUR, BC CA","","","","","","","","","0",",C","","","0",",,C,31,+","","","464.7",",a,,C","0",",,,C"
"CA001043048","1980-01","49.45","-123.4333","53.0","GAMBIER HARBOUR, BC CA","10",",C","8",",C","2",",C","","","2",",C","","","109",",,C,10,","48.8",",,C,11,","134.1",",,,C","228",",,,C"
"CA001043048","1980-02","49.45","-123.4333","53.0","GAMBIER HARBOUR, BC CA","13","3,C","10","3,C","2","3,C","","","0",",C","","","0",",T,C,15,","36.6","3,,C,18,","271.9",",a,,C","0",",T,,C"
"CA001043048","1980-03","49.45","-123.4333","53.0","GAMBIER HARBOUR, BC CA","20",",C","15",",C","1",",C","","","0",",C","","","0",",T,C,14,","49.3",",,C,09,","184.5",",,,C","0",",T,,C"
"CA001043048","1980-04","49.45","-123.4333","53.0","GAMBIER HARBOUR, BC CA","13",",C","10",",C","0",",C","","","0",",C","","","0",",,C,30,+","21.8",",,C,08,","117.5",",,,C","0",",,,C"
"CA001043048","1980-05","49.45","-123.4333","53.0","GAMBIER HARBOUR, BC CA","8","5,C","5","5,C","1","5,C","","","0",",C","","","0",",,C,31,+","31.5","5,,C,19,","80.0",",a,,C","0",",,,C"
"CA001043048","1980-06","49.45","-123.4333","53.0","GAMBIER HARBOUR, BC CA","8","5,C","5","5,C","1","5,C","","","0",",C","","","0",",,C,30,+","50.0","5,,C,08,","136.0",",a,,C","0",",,,C"
"CA001043048","1980-07","49.45","-123.4333","53.0","GAMBIER HARBOUR, BC CA","9",",C","7",",C","1",",C","","","0",",C","","","0",",,C,31,+","38.6",",,C,10,","95.9",",,,C","0",",,,C"
"CA001043048","1980-08","49.45","-123.4333","53.0","GAMBIER HARBOUR, BC CA","8",",C","6",",C","0",",C","0",",C","0",",C","0",",,C,31,+","0",",,C,31,+","25.1",",,C,31,","67.6",",,,C","0",",,,C"
"CA001043048","1980-09","49.45","-123.4333","53.0","GAMBIER HARBOUR, BC CA","","","","","","","","","0",",C","","","0",",,C,30,+","","","","","0",",,,C"
"CA001043048","1980-10","49.45","-123.4333","53.0","GAMBIER HARBOUR, BC CA","5","4,C","3","4,C","1","4,C","","","0",",C","","","0",",,C,31,+","31.2","4,,C,12,","83.5","2,a,,C","0",",,,C"
"CA001043048","1980-11","49.45","-123.4333","53.0","GAMBIER HARBOUR, BC CA","17","5,C","13","5,C","5","5,C","0",",C","0",",C","0",",,C,30,+","0",",,C,30,+","71.1","5,,C,20,","433.4",",a,,C","0",",,,C"
"CA001043048","1980-12","49.45","-123.4333","53.0","GAMBIER HARBOUR, BC CA","23",",C","21",",C","4",",C","5","2,C","4",",C","130","2,,C,05,","94",",,C,02,","70.1",",,C,25,","401.3",",,,C","278",",,,C"
"CA001043048","1981-01","49.45","-123.4333","53.0","GAMBIER HARBOUR, BC CA","13",",C","12",",C","0",",C","0",",C","0",",C","0",",,C,31,+","0",",,C,31,+","13.5",",,C,28,","97.2",",,,C","0",",,,C"
"CA001043048","1981-02","49.45","-123.4333","53.0","GAMBIER HARBOUR, BC CA","13","3,C","10","3,C","2","3,C","0",",C","1",",C","0",",T,C,12,","26",",,C,11,","35.0","3,,C,15,","177.0",",a,,C","26",",,,C"
"CA001043048","1981-03","49.45","-123.4333","53.0","GAMBIER HARBOUR, BC CA","11",",C","11",",C","2",",C","0",",C","0",",C","0",",,C,31,+","0",",,C,31,+","35.6",",,C,28,","185.1",",,,C","0",",,,C"
"CA001043048","1981-04","49.45","-123.4333","53.0","GAMBIER HARBOUR, BC CA","17","5,C","11","5,C","0","5,C","1",",C","2",",C","70",",,C,12,","120",",,C,11,","24.2","5,,C,27,","215.0",",a,,C","150",",,,C"
"CA001043048","1981-05","49.45","-123.4333","53.0","GAMBIER HARBOUR, BC CA","17","2,C","10","2,C","2","2,C","0",",C","0",",C","0",",,C,31,+","0",",,C,31,+","36.0","2,,C,03,","144.2",",a,,C","0",",,,C"
"CA001043048","1981-06","49.45","-123.4333","53.0","GAMBIER HARBOUR, BC CA","","","","","","","0",",C","0",",C","0",",,C,30,+","0",",,C,30,+","","","","","0",",,,C"
"CA001043048","1981-07","49.45","-123.4333","53.0","GAMBIER HARBOUR, BC CA","3","2,C","1","2,C","0","2,C","0",",C","0",",C","0",",,C,31,+","0",",,C,31,+","2.8","2,,C,06,","13.7",",a,,C","0",",,,C"
"CA001043048","1981-08","49.45","-123.4333","53.0","GAMBIER HARBOUR, BC CA","6",",C","1",",C","1",",C","0",",C","0",",C","0",",,C,31,+","0",",,C,31,+","46.6",",,C,31,","55.0",",,,C","0",",,,C"
"CA001043048","1981-09","49.45","-123.4333","53.0","GAMBIER HARBOUR, BC CA","8","2,C","6","2,C","2","2,C","0",",C","0",",C","0",",,C,30,+","0",",,C,30,+","42.6","2,,C,29,","157.8",",a,,C","0",",,,C"
"CA001043048","1981-10","49.45","-123.4333","53.0","GAMBIER HARBOUR, BC CA","11","5,C","7","5,C","2","5,C","0",",C","0",",C","0",",,C,31,+","0",",,C,31,+","40.8","5,,C,01,","284.2",",a,,C","0",",,,C"
"CA001043048","1981-11","49.45","-123.4333","53.0","GAMBIER HARBOUR, BC CA","13","5,C","13","5,C","3","5,C","0",",C","0",",C","0",",,C,30,+","0",",,C,30,+","38.0","5,,C,30,","261.6",",a,,C","0",",,,C"
"CA001043048","1981-12","49.45","-123.4333","53.0","GAMBIER HARBOUR, BC CA","20","4,C","15","4,C","4","4,C","0","5,C","3",",C","0","5,,C,31,+","194",",,C,31,","38.2","4,,C,04,","277.6",",a,,C","350",",,,C"
"CA001043048","1982-01","49.45","-123.4333","53.0","GAMBIER HARBOUR, BC CA","","","","","","","","","7",",C","","","210",",,C,22,","","","324.0",",a,,C","558",",,,C"
"CA001043048","1982-02","49.45","-123.4333","53.0","GAMBIER HARBOUR, BC CA","","","","","","","0","3,C","2",",C","0","3,,C,28,+","90",",,C,10,","","","311.4",",a,,C","188",",,,C"
"CA001043048","1982-03","49.45","-123.4333","53.0","GAMBIER HARBOUR, BC CA","12",",C","10",",C","0",",C","0",",C","0",",C","0",",,C,31,+","0",",,C,31,+","14.2",",,C,02,","83.6",",,,C","0",",,,C"
"CA001043048","1982-04","49.45","-123.4333","53.0","GAMBIER HARBOUR, BC CA","11","2,C","9","2,C","0","2,C","0",",C","0",",C","0",",,C,30,+","0",",,C,30,+","24.8","2,,C,02,","131.4",",a,,C","0",",,,C"
"CA001043048","1982-05","49.45","-123.4333","53.0","GAMBIER HARBOUR, BC CA","3","4,C","1","4,C","0","4,C","0",",C","0",",C","0",",,C,31,+","0",",,C,31,+","5.4","4,,C,02,","8.1","4,,,C","0",",,,C"
"CA001043048","1982-06","49.45","-123.4333","53.0","GAMBIER HARBOUR, BC CA","7",",C","5",",C","0",",C","0",",C","0",",C","0",",,C,30,+","0",",,C,30,+","17.0",",,C,26,","39.2",",,,C","0",",,,C"
"CA001043048","1982-07","49.45","-123.4333","53.0","GAMBIER HARBOUR, BC CA","7","3,C","3","3,C","1","3,C","0",",C","0",",C","0",",,C,31,+","0",",,C,31,+","43.6","3,,C,03,","90.6",",a,,C","0",",,,C"
"CA001043048","1982-08","49.45","-123.4333","53.0","GAMBIER HARBOUR, BC CA","8",",C","5",",C","0",",C","0",",C","0",",C","0",",,C,31,+","0",",,C,31,+","18.0",",,C,12,","43.6",",,,C","0",",,,C"
"CA001043048","1982-09","49.45","-123.4333","53.0","GAMBIER HARBOUR, BC CA","9","2,C","7","2,C","0","2,C","0",",C","0",",C","0",",,C,30,+","0",",,C,30,+","25.0","2,,C,10,","73.8",",a,,C","0",",,,C"
"CA001043048","1982-10","49.45","-123.4333","53.0","GAMBIER HARBOUR, BC CA","","","","","","","0",",C","0",",C","0",",,C,31,+","0",",,C,31,+","","","","","0",",,,C"
"CA001043048","1982-11","49.45","-123.4333","53.0","GAMBIER HARBOUR, BC CA","14","5,C","13","5,C","1","5,C","0",",C","0",",C","0",",,C,30,+","10",",,C,20,","39.0","5,,C,15,","266.0",",a,,C","10",",,,C"
"CA001043048","1982-12","49.45","-123.4333","53.0","GAMBIER HARBOUR, BC CA","14","2,C","14","2,C","2","2,C","0",",C","0",",C","0",",,C,31,+","0",",T,C,20,","71.4","2,,C,02,","266.4",",a,,C","0",",T,,C"
"CA001043048","1983-01","49.45","-123.4333","53.0","GAMBIER HARBOUR, BC CA","19","3,C","17","3,C","2","3,C","0",",C","0",",C","0",",,C,31,+","0",",,C,31,+","51.2","3,,C,09,","283.2","1,a,,C","0",",,,C"
"CA001043048","1983-02","49.45","-123.4333","53.0","GAMBIER HARBOUR, BC CA","17","4,C","15","4,C","6","4,C","0",",C","0",",C","0",",,C,28,+","0",",,C,28,+","67.4","4,,C,10,","358.4",",a,,C","0",",,,C"
"CA001043048","1983-03","49.45","-123.4333","53.0","GAMBIER HARBOUR, BC CA","16","2,C","14","2,C","1","2,C","0",",C","0",",C","0",",,C,31,+","0",",,C,31,+","35.2","2,,C,08,","202.2",",a,,C","0",",,,C"
"CA001043048","1983-04","49.45","-123.4333","53.0","GAMBIER HARBOUR, BC CA","11",",C","8",",C","0",",C","0","2,C","1",",C","0","2,,C,30,+","100",",,C,09,","25.0",",,C,09,","95.8",",,,C","120",",,,C"
"CA001043048","1983-05","49.45","-123.4333","53.0","GAMBIER HARBOUR, BC CA","4","2,C","3","2,C","1","2,C","0",",C","0",",C","0",",,C,31,+","0",",,C,31,+","49.6","2,,C,06,","66.2",",a,,C","0",",,,C"
"CA001043048","1983-07","49.45","-123.4333","53.0","GAMBIER HARBOUR, BC CA","9",",C","8",",C","2",",C","0",",C","0",",C","0",",,C,31,+","0",",,C,31,+","30.8",",,C,01,","161.0",",,,C","0",",,,C"
"CA001043048","1983-08","49.45","-123.4333","53.0","GAMBIER HARBOUR, BC CA","6",",C","4",",C","1",",C","0",",C","0",",C","0",",,C,31,+","0",",,C,31,+","26.6",",,C,28,","57.6",",,,C","0",",,,C"
"CA001043048","1983-09","49.45","-123.4333","53.0","GAMBIER HARBOUR, BC CA","12",",C","7",",C","1",",C","0",",C","0",",C","0",",,C,30,+","0",",,C,30,+","51.6",",,C,01,","132.2",",,,C","0",",,,C"
"CA001043048","1983-10","49.45","-123.4333","53.0","GAMBIER HARBOUR, BC CA","15",",C","14",",C","2",",C","0",",C","0",",C","0",",,C,31,+","0",",,C,31,+","31.0",",,C,21,","154.2",",,,C","0",",,,C"
"CA001043048","1983-11","49.45","-123.4333","53.0","GAMBIER HARBOUR, BC CA","24",",C","24",",C","7",",C","0",",C","0",",C","0",",,C,30,+","0",",,C,30,+","68.2",",,C,14,","489.0",",,,C","0",",,,C"
"CA001043048","1983-12","49.45","-123.4333","53.0","GAMBIER HARBOUR, BC CA","12",",C","8",",C","0",",C","","","1",",C","","","36",",,C,07,","22.2",",,C,29,","98.6",",,,C","56",",,,C"
"CA001043048","1984-01","49.45","-123.4333","53.0","GAMBIER HARBOUR, BC CA","14","5,C","12","5,C","2","5,C","0",",C","1",",C","0",",,C,31,+","30",",,C,20,","40.6","5,,C,21,","334.1","1,a,,C","30",",,,C"
"CA001043048","1984-02","49.45","-123.4333","53.0","GAMBIER HARBOUR, BC CA","19","2,C","16","2,C","2","2,C","0",",C","0",",C","0",",,C,29,+","0",",,C,29,+","38.4","2,,C,19,","272.6",",a,,C","0",",,,C"
"CA001043048","1984-03","49.45","-123.4333","53.0","GAMBIER HARBOUR, BC CA","17",",C","16",",C","1",",C","0",",C","0",",C","0",",,C,31,+","0",",,C,31,+","40.2",",,C,20,","192.6",",,,C","0",",,,C"
"CA001043048","1984-04","49.45","-123.4333","53.0","GAMBIER HARBOUR, BC CA","","","","","","","0",",C","0",",C","0",",,C,30,+","0",",,C,30,+","","","171.4",",a,,C","0",",,,C"
"CA001043048","1984-05","49.45","-123.4333","53.0","GAMBIER HARBOUR, BC CA","19",",C","15",",C","0",",C","0",",C","0",",C","0",",,C,31,+","0",",,C,31,+","25.0",",,C,01,","139.4",",,,C","0",",,,C"
"CA001043048","1984-06","49.45","-123.4333","53.0","GAMBIER HARBOUR, BC CA","12",",C","7",",C","1",",C","0",",C","0",",C","0",",,C,30,+","0",",,C,30,+","34.0",",,C,28,","117.3",",,,C","0",",,,C"
"CA001043048","1984-07","49.45","-123.4333","53.0","GAMBIER HARBOUR, BC CA","3",",C","2",",C","0",",C","0",",C","0",",C","0",",,C,31,+","0",",,C,31,+","3.5",",,C,25,","8.9",",,,C","0",",,,C"
"CA001043048","1984-08","49.45","-123.4333","53.0","GAMBIER HARBOUR, BC CA","8",",C","5",",C","0",",C","0",",C","0",",C","0",",,C,31,+","0",",,C,31,+","8.2",",,C,05,","32.2",",,,C","0",",,,C"
"CA001043048","1984-09","49.45","-123.4333","53.0","GAMBIER HARBOUR, BC CA","8","2,C","8","2,C","0","2,C","0",",C","0",",C","0",",,C,30,+","0",",,C,30,+","15.2","2,,C,05,","76.4","2,,,C","0",",,,C"
"CA001043048","1984-10","49.45","-123.4333","53.0","GAMBIER HARBOUR, BC CA","15","3,C","14","3,C","4","3,C","0",",C","1",",C","0",",,C,31,+","50",",,C,31,","58.8","3,,C,07,","271.4",",a,,C","50",",,,C"
"CA001043048","1984-11","49.45","-123.4333","53.0","GAMBIER HARBOUR, BC CA","17","5,C","15","5,C","3","5,C","0","3,C","1","1,C","0","3,,C,30,+","26","1,,C,01,","40.2","5,,C,01,","348.4","1,a,,C","26","1,,,C"
"CA001043048","1984-12","49.45","-123.4333","53.0","GAMBIER HARBOUR, BC CA","10","3,C","8","3,C","2","3,C","","","4",",C","","","82",",,C,29,","85.8","3,,C,07,","221.0","1,a,,C","254",",,,C"
"CA001043048","1985-01","49.45","-123.4333","53.0","GAMBIER HARBOUR, BC CA","8",",C","5",",C","0",",C","","","1",",C","","","60",",,C,31,","15.0",",,C,19,","45.6",",,,C","60",",,,C"
"CA001043048","1985-02","49.45","-123.4333","53.0","GAMBIER HARBOUR, BC CA","","","","","","","","","4","3,C","","","208","3,,C,09,","","","","","426","3,,,C"
"CA001043048","1985-03","49.45","-123.4333","53.0","GAMBIER HARBOUR, BC CA","","","","","","","0",",C","0","3,C","0",",,C,31,+","0","3,T,C,03,","","","","","0","3,T,,C"
"CA001043048","1985-04","49.45","-123.4333","53.0","GAMBIER HARBOUR, BC CA","13","2,C","11","2,C","1","2,C","0",",C","0",",C","0",",,C,30,+","0",",,C,30,+","26.2","2,,C,26,","126.8",",a,,C","0",",,,C"
"CA001043048","1985-05","49.45","-123.4333","53.0","GAMBIER HARBOUR, BC CA","15",",C","11",",C","0",",C","0",",C","0",",C","0",",,C,31,+","0",",,C,31,+","15.0",",,C,02,","77.6",",,,C","0",",,,C"
"CA001043048","1985-06","49.45","-123.4333","53.0","GAMBIER HARBOUR, BC CA","9","1,C","6","1,C","0","1,C","0",",C","0",",C","0",",,C,30,+","0",",,C,30,+","10.4","1,,C,13,","40.0","1,,,C","0",",,,C"
"CA001043048","1985-07","49.45","-123.4333","53.0","GAMBIER HARBOUR, BC CA","1",",C","1",",C","0",",C","0",",C","0",",C","0",",,C,31,+","0",",,C,31,+","4.2",",,C,31,","4.2",",,,C","0",",,,C"
"CA001043048","1985-08","49.45","-123.4333","53.0","GAMBIER HARBOUR, BC CA","8",",C","2",",C","0",",C","0",",C","0",",C","0",",,C,31,+","0",",,C,31,+","15.0",",,C,06,","26.0",",,,C","0",",,,C"
"CA001043048","1985-09","49.45","-123.4333","53.0","GAMBIER HARBOUR, BC CA","13",",C","9",",C","1",",C","0",",C","0",",C","0",",,C,30,+","0",",,C,30,+","30.2",",,C,05,","107.4",",,,C","0",",,,C"
"CA001043048","1985-10","49.45","-123.4333","53.0","GAMBIER HARBOUR, BC CA","23",",C","19",",C","7",",C","0",",C","0",",C","0",",,C,31,+","0",",,C,31,+","74.6",",,C,13,","435.4",",,,C","0",",,,C"
"CA001043048","1985-11","49.45","-123.4333","53.0","GAMBIER HARBOUR, BC CA","10","4,C","7","4,C","0","4,C","","","0","4,C","","","14","4,,C,26,","21.0","4,,C,01,","68.4","4,,,C","28","4,,,C"
"CA001043048","1985-12","49.45","-123.4333","53.0","GAMBIER HARBOUR, BC CA","8","3,C","6","3,C","0","3,C","","","1","3,C","","","166","3,,C,02,","21.2","3,,C,04,","85.6","3,,,C","166","3,,,C"
"CA001043048","1986-01","49.45","-123.4333","53.0","GAMBIER HARBOUR, BC CA","17","4,C","15","4,C","2","4,C","0",",C","0",",C","0",",,C,31,+","0",",T,C,02,","40.2","4,,C,17,","262.6",",a,,C","0",",T,,C"
"CA001043048","1986-02","49.45","-123.4333","53.0","GAMBIER HARBOUR, BC CA","13",",C","10",",C","1",",C","8","1,C","4",",C","230","1,,C,16,","198",",,C,15,","85.0",",,C,23,","212.6",",,,C","384",",,,C"
"CA001043048","1986-03","49.45","-123.4333","53.0","GAMBIER HARBOUR, BC CA","15","4,C","13","4,C","1","4,C","0",",C","0",",C","0",",,C,31,+","0",",,C,31,+","44.8","4,,C,26,","236.0",",a,,C","0",",,,C"
"CA001043048","1986-04","49.45","-123.4333","53.0","GAMBIER HARBOUR, BC CA","18",",C","14",",C","0",",C","0",",C","0",",C","0",",,C,30,+","0",",T,C,29,","23.0",",,C,19,","154.6",",,,C","0",",T,,C"
"CA001043048","1986-05","49.45","-123.4333","53.0","GAMBIER HARBOUR, BC CA","12","3,C","9","3,C","0","3,C","0",",C","0",",C","0",",,C,31,+","0",",,C,31,+","23.6","3,,C,19,","156.4",",a,,C","0",",,,C"
"CA001043048","1986-06","49.45","-123.4333","53.0","GAMBIER HARBOUR, BC CA","6","3,C","5","3,C","0","3,C","0",",C","0",",C","0",",,C,30,+","0",",,C,30,+","20.0","3,,C,14,","50.0",",a,,C","0",",,,C"
"CA001043048","1986-07","49.45","-123.4333","53.0","GAMBIER HARBOUR, BC CA","5","4,C","4","4,C","0","4,C","0",",C","0",",C","0",",,C,31,+","0",",,C,31,+","17.6","4,,C,01,","73.4",",a,,C","0",",,,C"
"CA001043048","1986-08","49.45","-123.4333","53.0","GAMBIER HARBOUR, BC CA","3",",C","1",",C","0",",C","0",",C","0",",C","0",",,C,31,+","0",",,C,31,+","3.0",",,C,31,","6.0",",,,C","0",",,,C"
"CA001043048","1986-09","49.45","-123.4333","53.0","GAMBIER HARBOUR, BC CA","7",",C","4",",C","3",",C","0",",C","0",",C","0",",,C,30,+","0",",,C,30,+","43.0",",,C,22,","120.2",",,,C","0",",,,C"
"CA001043048","1986-10","49.45","-123.4333","53.0","GAMBIER HARBOUR, BC CA","6","2,C","3","2,C","1","2,C","0",",C","0",",C","0",",,C,31,+","0",",,C,31,+","27.8","2,,C,26,","82.6",",a,,C","0",",,,C"
"CA001043048","1986-11","49.45","-123.4333","53.0","GAMBIER HARBOUR, BC CA","","","","","","","0","1,C","0",",C","0","1,,C,30,+","10",",,C,10,","","","226.2",",a,,C","10",",,,C"
"CA001043048","1986-12","49.45","-123.4333","53.0","GAMBIER HARBOUR, BC CA","15","4,C","12","4,C","6","4,C","0",",C","0",",C","0",",,C,31,+","0",",,C,31,+","51.2","4,,C,21,","358.8",",a,,C","0",",,,C"
"CA001043048","1987-01","49.45","-123.4333","53.0","GAMBIER HARBOUR, BC CA","16","3,C","15","3,C","2","3,C","0","1,C","0",",C","0","1,,C,31,+","6",",,C,17,","42.4","3,,C,02,","219.3",",a,,C","6",",,,C"
"CA001043048","1987-03","49.45","-123.4333","53.0","GAMBIER HARBOUR, BC CA","","","","","","","0",",C","0","1,C","0",",,C,31,+","0","1,,C,31,+","","","","","0","1,,,C"
"CA001043048","1987-04","49.45","-123.4333","53.0","GAMBIER HARBOUR, BC CA","16",",C","13",",C","0",",C","0",",C","0",",C","0",",,C,30,+","0",",,C,30,+","20.4",",,C,30,","128.2",",,,C","0",",,,C"
"CA001043048","1987-05","49.45","-123.4333","53.0","GAMBIER HARBOUR, BC CA","9","2,C","8","2,C","0","2,C","0",",C","0",",C","0",",,C,31,+","0",",,C,31,+","22.8","2,,C,29,","109.0",",a,,C","0",",,,C"
"CA001043048","1987-06","49.45","-123.4333","53.0","GAMBIER HARBOUR, BC CA","0","4,C","0","4,C","0","4,C","0",",C","0",",C","0",",,C,30,+","0",",,C,30,+","0.0","4,T,C,22,+","24.8",",a,,C","0",",,,C"
"CA001043048","1987-07","49.45","-123.4333","53.0","GAMBIER HARBOUR, BC CA","6","2,C","4","2,C","1","2,C","0",",C","0",",C","0",",,C,31,+","0",",,C,31,+","38.2","2,,C,04,","64.4",",a,,C","0",",,,C"
"CA001043048","1987-08","49.45","-123.4333","53.0","GAMBIER HARBOUR, BC CA","5",",C","2",",C","0",",C","0",",C","0",",C","0",",,C,31,+","0",",,C,31,+","4.4",",,C,12,","13.0",",,,C","0",",,,C"
"CA001043048","1987-09","49.45","-123.4333","53.0","GAMBIER HARBOUR, BC CA","5",",C","3",",C","0",",C","0",",C","0",",C","0",",,C,30,+","0",",,C,30,+","8.2",",,C,01,","21.0",",,,C","0",",,,C"
"CA001043048","1987-10","49.45","-123.4333","53.0","GAMBIER HARBOUR, BC CA","5","2,C","2","2,C","0","2,C","0",",C","0",",C","0",",,C,31,+","0",",,C,31,+","8.4","2,,C,25,","49.8",",a,,C","0",",,,C"
"CA001043048","1987-11","49.45","-123.4333","53.0","GAMBIER HARBOUR, BC CA","14","4,C","10","4,C","2","4,C","0",",C","0",",C","0",",,C,30,+","0",",,C,30,+","44.2","4,,C,12,","239.4",",a,,C","0",",,,C"
"CA001043048","1987-12","49.45","-123.4333","53.0","GAMBIER HARBOUR, BC CA","14","2,C","14","2,C","1","2,C","11","1,C","4",",C","50","1,,C,19,","60",",,C,20,","39.0","2,,C,05,","193.8",",a,,C","202",",,,C"
"CA001043048","1988-01","49.45","-123.4333","53.0","GAMBIER HARBOUR, BC CA","9","4,C","8","4,C","1","4,C","","","0","2,C","","","0","2,T,C,29,+","42.0","4,,C,13,","118.8","2,a,,C","0","2,T,,C"
"CA001043048","1988-02","49.45","-123.4333","53.0","GAMBIER HARBOUR, BC CA","15",",C","13",",C","2",",C","3","2,C","1",",C","100","2,,C,03,","150",",,C,02,","34.4",",,C,06,","181.0",",,,C","150",",,,C"
"CA001043048","1988-03","49.45","-123.4333","53.0","GAMBIER HARBOUR, BC CA","16",",C","15",",C","0",",C","0",",C","0",",C","0",",,C,31,+","0",",,C,31,+","24.0",",,C,25,","193.6",",,,C","0",",,,C"
"CA001043048","1988-04","49.45","-123.4333","53.0","GAMBIER HARBOUR, BC CA","13","2,C","9","2,C","1","2,C","0",",C","0",",C","0",",,C,30,+","0",",,C,30,+","37.0","2,,C,05,","140.2",",a,,C","0",",,,C"
"CA001043048","1988-05","49.45","-123.4333","53.0","GAMBIER HARBOUR, BC CA","16","2,C","15","2,C","2","2,C","0",",C","0",",C","0",",,C,31,+","0",",,C,31,+","55.6","2,,C,27,","226.2",",a,,C","0",",,,C"
"CA001043048","1988-06","49.45","-123.4333","53.0","GAMBIER HARBOUR, BC CA","11",",C","8",",C","0",",C","0",",C","0",",C","0",",,C,30,+","0",",,C,30,+","17.8",",,C,02,","84.6",",,,C","0",",,,C"
"CA001043048","1988-07","49.45","-123.4333","53.0","GAMBIER HARBOUR, BC CA","6",",C","4",",C","0",",C","0",",C","0",",C","0",",,C,31,+","0",",,C,31,+","13.0",",,C,05,","39.0",",,,C","0",",,,C"
"CA001043048","1988-08","49.45","-123.4333","53.0","GAMBIER HARBOUR, BC CA","4",",C","2",",C","0",",C","0",",C","0",",C","0",",,C,31,+","0",",,C,31,+","24.6",",,C,15,","44.4",",,,C","0",",,,C"
"CA001043048","1988-09","49.45","-123.4333","53.0","GAMBIER HARBOUR, BC CA","8","2,C","4","2,C","1","2,C","0",",C","0",",C","0",",,C,30,+","0",",,C,30,+","35.8","2,,C,18,","116.0",",a,,C","0",",,,C"
"CA001043048","1988-10","49.45","-123.4333","53.0","GAMBIER HARBOUR, BC CA","","","","","","","0",",C","0",",C","0",",,C,31,+","0",",,C,31,+","","","157.8","1,a,,C","0",",,,C"
"CA001043048","1988-11","49.45","-123.4333","53.0","GAMBIER HARBOUR, BC CA","19","3,C","17","3,C","6","3,C","0","1,C","0","1,C","0","1,,C,30,+","6","1,,C,24,","36.4","3,,C,03,","340.4","1,a,,C","6","1,,,C"
"CA001043048","1988-12","49.45","-123.4333","53.0","GAMBIER HARBOUR, BC CA","","","","","","","0","5,C","1","4,C","0","5,,C,31,+","26","4,,C,26,","","","","","26","4,,,C"
"CA001043048","1989-01","49.45","-123.4333","53.0","GAMBIER HARBOUR, BC CA","22","2,C","16","2,C","1","2,C","","","5",",C","","","136",",,C,08,","27.6","2,,C,15,","210.8",",a,,C","366",",,,C"
"CA001043048","1989-02","49.45","-123.4333","53.0","GAMBIER HARBOUR, BC CA","","","","","","","0","2,C","0","4,C","0","2,T,C,18,+","0","4,,C,28,+","","","74.0","4,a,,C","0","4,,,C"
"CA001043048","1989-03","49.45","-123.4333","53.0","GAMBIER HARBOUR, BC CA","","","","","","","0","2,C","0",",C","0","2,,C,31,+","0",",,C,31,+","","","180.6",",a,,C","0",",,,C"
"CA001043048","1989-04","49.45","-123.4333","53.0","GAMBIER HARBOUR, BC CA","9","2,C","7","2,C","0","2,C","0",",C","0",",C","0",",,C,30,+","0",",,C,30,+","19.8","2,,C,03,","95.8",",a,,C","0",",,,C"
"CA001043048","1989-05","49.45","-123.4333","53.0","GAMBIER HARBOUR, BC CA","9","4,C","6","4,C","0","4,C","0",",C","0",",C","0",",,C,31,+","0",",,C,31,+","23.0","4,,C,26,+","108.2",",a,,C","0",",,,C"
"CA001043048","1989-06","49.45","-123.4333","53.0","GAMBIER HARBOUR, BC CA","7","3,C","5","3,C","0","3,C","0",",C","0",",C","0",",,C,30,+","0",",,C,30,+","19.6","3,,C,13,","79.6",",a,,C","0",",,,C"
"CA001043048","1989-07","49.45","-123.4333","53.0","GAMBIER HARBOUR, BC CA","10",",C","7",",C","0",",C","0",",C","0",",C","0",",,C,31,+","0",",,C,31,+","16.2",",,C,31,","59.2",",,,C","0",",,,C"
"CA001043048","1989-08","49.45","-123.4333","53.0","GAMBIER HARBOUR, BC CA","5","1,C","4","1,C","1","1,C","0",",C","0",",C","0",",,C,31,+","0",",,C,31,+","27.6","1,,C,20,","59.0","1,,,C","0",",,,C"
"CA001043048","1989-09","49.45","-123.4333","53.0","GAMBIER HARBOUR, BC CA","3",",C","3",",C","0",",C","0",",C","0",",C","0",",,C,30,+","0",",,C,30,+","11.0",",,C,25,","17.4",",,,C","0",",,,C"
"CA001043048","1989-10","49.45","-123.4333","53.0","GAMBIER HARBOUR, BC CA","15","2,C","10","2,C","2","2,C","0",",C","0",",C","0",",,C,31,+","0",",,C,31,+","28.6","2,,C,11,","202.6",",a,,C","0",",,,C"
"CA001043048","1989-11","49.45","-123.4333","53.0","GAMBIER HARBOUR, BC CA","21",",C","21",",C","5",",C","0",",C","0",",C","0",",,C,30,+","0",",,C,30,+","56.8",",,C,09,","346.4",",,,C","0",",,,C"
"CA001043048","1989-12","49.45","-123.4333","53.0","GAMBIER HARBOUR, BC CA","14","4,C","12","4,C","2","4,C","0",",C","0",",C","0",",,C,31,+","0",",,C,31,+","37.6","4,,C,03,","159.2","2,a,,C","0",",,,C"
"CA001043048","1990-01","49.45","-123.4333","53.0","GAMBIER HARBOUR, BC CA","","","","","","","","","3","1,C","","","180","1,,C,31,","","","304.6","2,a,,C","356","1,,,C"
"CA001043048","1990-02","49.45","-123.4333","53.0","GAMBIER HARBOUR, BC CA","13","2,C","11","2,C","1","2,C","14","2,C","4","2,C","240","2,,C,16,","236","2,,C,14,","50.2","2,,C,09,","189.6","2,,,C","436","2,,,C"
"CA001043048","1990-03","49.45","-123.4333","53.0","GAMBIER HARBOUR, BC CA","9","3,C","5","3,C","2","3,C","0",",C","0","1,C","0",",T,C,09,","0","1,T,C,07,","31.8","3,,C,09,","124.4","1,a,,C","0","1,T,,C"
"CA001043048","1990-04","49.45","-123.4333","53.0","GAMBIER HARBOUR, BC CA","","","","","","","0",",C","0",",C","0",",,C,30,+","0",",,C,30,+","","","","","0",",,,C"
"CA001043048","1990-05","49.45","-123.4333","53.0","GAMBIER HARBOUR, BC CA","6","4,C","5","4,C","1","4,C","0",",C","0",",C","0",",,C,31,+","0",",,C,31,+","26.6","4,,C,31,","72.4","4,,,C","0",",,,C"
"CA001043048","1990-06","49.45","-123.4333","53.0","GAMBIER HARBOUR, BC CA","14",",C","11",",C","1",",C","0",",C","0",",C","0",",,C,30,+","0",",,C,30,+","25.8",",,C,06,","129.4",",,,C","0",",,,C"
"CA001043048","1990-07","49.45","-123.4333","53.0","GAMBIER HARBOUR, BC CA","3",",C","3",",C","0",",C","0",",C","0",",C","0",",,C,31,+","0",",,C,31,+","11.8",",,C,05,","19.4",",,,C","0",",,,C"
"CA001043048","1990-08","49.45","-123.4333","53.0","GAMBIER HARBOUR, BC CA","8",",C","4",",C","0",",C","0",",C","0",",C","0",",,C,31,+","0",",,C,31,+","20.6",",,C,30,","45.6",",,,C","0",",,,C"
"CA001043048","1990-09","49.45","-123.4333","53.0","GAMBIER HARBOUR, BC CA","3",",C","2",",C","1",",C","0",",C","0",",C","0",",,C,30,+","0",",,C,30,+","37.2",",,C,15,","44.4",",,,C","0",",,,C"
"CA001043048","1990-10","49.45","-123.4333","53.0","GAMBIER HARBOUR, BC CA","16","4,C","12","4,C","3","4,C","0",",C","0",",C","0",",,C,31,+","0",",,C,31,+","28.2","4,,C,20,","209.6",",a,,C","0",",,,C"
"CA001043048","1990-11","49.45","-123.4333","53.0","GAMBIER HARBOUR, BC CA","23","2,C","22","2,C","6","2,C","0",",C","1",",C","0",",,C,30,+","34",",,C,30,","55.2","2,,C,08,","483.7",",a,,C","34",",,,C"
"CA001043048","1990-12","49.45","-123.4333","53.0","GAMBIER HARBOUR, BC CA","","","","","","","8",",C","4","4,C","330",",,C,31,","230","4,,C,29,","","","228.6","4,a,,C","458","4,,,C"
"CA001043048","1991-01","49.45","-123.4333","53.0","GAMBIER HARBOUR, BC CA","12","2,C","12","2,C","2","2,C","15","1,C","3","2,C","510","1,,C,09,","126","2,,C,07,","43.8","2,,C,11,","197.5","2,,,C","354","2,,,C"
"CA001043048","1991-02","49.45","-123.4333","53.0","GAMBIER HARBOUR, BC CA","16",",C","12",",C","4",",C","0",",C","0",",C","0",",,C,28,+","0",",T,C,28,","60.8",",,C,01,","224.6",",,,C","0",",T,,C"
"CA001043048","1991-03","49.45","-123.4333","53.0","GAMBIER HARBOUR, BC CA","13","4,C","7","4,C","0","4,C","3","1,C","1","2,C","180","1,,C,02,","200","2,,C,01,","20.0","4,,C,01,","91.6","2,a,,C","200","2,,,C"
"CA001043048","1991-04","49.45","-123.4333","53.0","GAMBIER HARBOUR, BC CA","8","5,C","7","5,C","0","5,C","0",",C","0",",C","0",",,C,30,+","0",",,C,30,+","17.4","5,,C,08,","76.2","3,a,,C","0",",,,C"
"CA001043048","1991-05","49.45","-123.4333","53.0","GAMBIER HARBOUR, BC CA","11","2,C","6","2,C","0","2,C","0",",C","0",",C","0",",,C,31,+","0",",,C,31,+","20.2","2,,C,07,","108.4",",a,,C","0",",,,C"
"CA001043048","1991-06","49.45","-123.4333","53.0","GAMBIER HARBOUR, BC CA","15",",C","11",",C","0",",C","0",",C","0",",C","0",",,C,30,+","0",",,C,30,+","19.6",",,C,15,","110.6",",,,C","0",",,,C"
"CA001043048","1991-07","49.45","-123.4333","53.0","GAMBIER HARBOUR, BC CA","8",",C","6",",C","1",",C","0",",C","0",",C","0",",,C,31,+","0",",,C,31,+","27.2",",,C,14,","86.2",",,,C","0",",,,C"
"CA001043048","1991-08","49.45","-123.4333","53.0","GAMBIER HARBOUR, BC CA","10","2,C","9","2,C","2","2,C","0",",C","0",",C","0",",,C,31,+","0",",,C,31,+","96.4","2,,C,26,","311.0",",a,,C","0",",,,C"
"CA001043048","1991-09","49.45","-123.4333","53.0","GAMBIER HARBOUR, BC CA","1",",C","1",",C","0",",C","0",",C","0",",C","0",",,C,30,+","0",",,C,30,+","10.4",",,C,12,","10.4",",,,C","0",",,,C"
"CA001043048","1991-10","49.45","-123.4333","53.0","GAMBIER HARBOUR, BC CA","8",",C","2",",C","0",",C","0","2,C","0",",C","0","2,,C,31,+","0",",T,C,28,","7.6",",,C,15,","19.4",",,,C","0",",T,,C"
"CA001043048","1991-11","49.45","-123.4333","53.0","GAMBIER HARBOUR, BC CA","15","5,C","13","5,C","4","5,C","0",",C","0",",C","0",",,C,30,+","0",",,C,30,+","39.2","5,,C,19,","392.0",",a,,C","0",",,,C"
"CA001043048","1991-12","49.45","-123.4333","53.0","GAMBIER HARBOUR, BC CA","20","3,C","16","3,C","2","3,C","0",",C","0",",C","0",",,C,31,+","0",",,C,31,+","42.0","3,,C,08,","226.6","1,a,,C","0",",,,C"
"CA001043048","1992-01","49.45","-123.4333","53.0","GAMBIER HARBOUR, BC CA","17","3,C","15","3,C","7","3,C","0",",C","0",",C","0",",,C,31,+","0",",,C,31,+","59.6","3,,C,22,","488.2",",a,,C","0",",,,C"
"CA001043048","1992-02","49.45","-123.4333","53.0","GAMBIER HARBOUR, BC CA","15","1,C","12","1,C","0","1,C","0",",C","0",",C","0",",,C,29,+","0",",,C,29,+","21.8","1,,C,02,","134.2","1,,,C","0",",,,C"
"CA001043048","1992-03","49.45","-123.4333","53.0","GAMBIER HARBOUR, BC CA","6","1,C","4","1,C","0","1,C","0",",C","0",",C","0",",,C,31,+","0",",,C,31,+","12.6","1,,C,01,","25.2","1,,,C","0",",,,C"
"CA001043048","1992-04","49.45","-123.4333","53.0","GAMBIER HARBOUR, BC CA","19",",C","14",",C","2",",C","0",",C","0",",C","0",",,C,30,+","0",",,C,30,+","39.4",",,C,28,","159.0",",,,C","0",",,,C"
"CA001043048","1992-05","49.45","-123.4333","53.0","GAMBIER HARBOUR, BC CA","5",",C","2",",C","1",",C","0",",C","0",",C","0",",,C,31,+","0",",,C,31,+","34.6",",,C,09,","45.6",",,,C","0",",,,C"
"CA001043048","1992-06","49.45","-123.4333","53.0","GAMBIER HARBOUR, BC CA","8",",C","7",",C","0",",C","0",",C","0",",C","0",",,C,30,+","0",",,C,30,+","20.0",",,C,28,","83.6",",,,C","0",",,,C"
"CA001043048","1992-07","49.45","-123.4333","53.0","GAMBIER HARBOUR, BC CA","10",",C","6",",C","0",",C","0",",C","0",",C","0",",,C,31,+","0",",,C,31,+","17.0",",,C,09,","53.2",",,,C","0",",,,C"
"CA001043048","1992-08","49.45","-123.4333","53.0","GAMBIER HARBOUR, BC CA","5",",C","4",",C","0",",C","0",",C","0",",C","0",",,C,31,+","0",",,C,31,+","14.0",",,C,08,","42.2",",,,C","0",",,,C"
"CA001043048","1992-09","49.45","-123.4333","53.0","GAMBIER HARBOUR, BC CA","8",",C","8",",C","1",",C","0",",C","0",",C","0",",,C,30,+","0",",,C,30,+","52.0",",,C,07,","114.6",",,,C","0",",,,C"
"CA001043048","1992-10","49.45","-123.4333","53.0","GAMBIER HARBOUR, BC CA","14",",C","11",",C","2",",C","0",",C","0",",C","0",",,C,31,+","0",",,C,31,+","70.8",",,C,22,","230.4",",,,C","0",",,,C"
"CA001043048","1992-11","49.45","-123.4333","53.0","GAMBIER HARBOUR, BC CA","16",",C","12",",C","4",",C","0",",C","0",",C","0",",,C,30,+","0",",,C,30,+","69.2",",,C,06,","328.0",",,,C","0",",,,C"
"CA001043048","1992-12","49.45","-123.4333","53.0","GAMBIER HARBOUR, BC CA","16",",C","11",",C","1",",C","12","5,C","4",",C","300","5,,C,20,","204",",,C,18,","28.6",",,C,19,","146.4",",,,C","412",",,,C"
"CA001043048","1993-01","49.45","-123.4333","53.0","GAMBIER HARBOUR, BC CA","10",",C","10",",C","2",",C","22","2,C","3",",C","310","2,,C,04,","176",",,C,03,","66.6",",,C,24,","206.7",",,,C","354",",,,C"
"CA001043048","1993-02","49.45","-123.4333","53.0","GAMBIER HARBOUR, BC CA","3",",C","2",",C","0",",C","0","4,C","0",",C","0","4,,C,28,+","0",",T,C,20,","3.8",",,C,09,","7.6",",,,C","0",",T,,C"
"CA001043048","1993-03","49.45","-123.4333","53.0","GAMBIER HARBOUR, BC CA","14",",C","13",",C","2",",C","0",",C","0",",C","0",",,C,31,+","0",",,C,31,+","32.8",",,C,03,","193.0",",,,C","0",",,,C"
"CA001043048","1993-04","49.45","-123.4333","53.0","GAMBIER HARBOUR, BC CA","20","5,C","18","5,C","1","5,C","0",",C","0",",C","0",",,C,30,+","0",",,C,30,+","32.4","5,,C,28,","233.2",",a,,C","0",",,,C"
"CA001043048","1993-05","49.45","-123.4333","53.0","GAMBIER HARBOUR, BC CA","13","2,C","12","2,C","0","2,C","0",",C","0",",C","0",",,C,31,+","0",",,C,31,+","18.4","2,,C,01,","128.2",",a,,C","0",",,,C"
"CA001043048","1993-06","49.45","-123.4333","53.0","GAMBIER HARBOUR, BC CA","11","2,C","7","2,C","1","2,C","0",",C","0",",C","0",",,C,30,+","0",",,C,30,+","26.4","2,,C,09,","85.8",",a,,C","0",",,,C"
"CA001043048","1993-07","49.45","-123.4333","53.0","GAMBIER HARBOUR, BC CA","13",",C","6",",C","0",",C","0",",C","0",",C","0",",,C,31,+","0",",,C,31,+","19.2",",,C,10,","70.2",",,,C","0",",,,C"
"CA001043048","1993-08","49.45","-123.4333","53.0","GAMBIER HARBOUR, BC CA","5",",C","4",",C","0",",C","0",",C","0",",C","0",",,C,31,+","0",",,C,31,+","18.8",",,C,22,","36.4",",,,C","0",",,,C"
"CA001043048","1993-09","49.45","-123.4333","53.0","GAMBIER HARBOUR, BC CA","2",",C","1",",C","0",",C","0",",C","0",",C","0",",,C,30,+","0",",,C,30,+","3.6",",,C,19,","5.2",",,,C","0",",,,C"
"CA001043048","1993-10","49.45","-123.4333","53.0","GAMBIER HARBOUR, BC CA","9",",C","7",",C","1",",C","0",",C","0",",C","0",",,C,31,+","0",",,C,31,+","29.2",",,C,22,","101.0",",,,C","0",",,,C"
"CA001043048","1993-11","49.45","-123.4333","53.0","GAMBIER HARBOUR, BC CA","12",",C","8",",C","1",",C","0",",C","0",",C","0",",,C,30,+","0",",,C,30,+","31.8",",,C,14,","150.8",",,,C","0",",,,C"
"CA001043048","1993-12","49.45","-123.4333","53.0","GAMBIER HARBOUR, BC CA","10","5,C","9","5,C","2","5,C","0",",C","0",",C","0",",,C,31,+","0",",,C,31,+","32.2","5,,C,02,","278.9",",a,,C","0",",,,C"
"CA001043048","1994-01","49.45","-123.4333","53.0","GAMBIER HARBOUR, BC CA","14","1,C","12","1,C","1","1,C","0",",C","0",",C","0",",,C,31,+","0",",,C,31,+","30.4","1,,C,03,","201.8","1,,,C","0",",,,C"
"CA001043048","1994-02","49.45","-123.4333","53.0","GAMBIER HARBOUR, BC CA","14","3,C","13","3,C","2","3,C","0",",C","1",",C","0",",,C,28,+","76",",,C,08,","46.6","3,,C,16,","230.8",",a,,C","108",",,,C"
"CA001043048","1994-03","49.45","-123.4333","53.0","GAMBIER HARBOUR, BC CA","13",",C","9",",C","2",",C","0","5,C","1",",C","0","5,,C,31,+","100",",,C,21,","40.6",",,C,01,","144.4",",,,C","100",",,,C"
"CA001043048","1994-04","49.45","-123.4333","53.0","GAMBIER HARBOUR, BC CA","15",",C","11",",C","2",",C","0",",C","0",",C","0",",,C,30,+","0",",,C,30,+","32.2",",,C,06,","132.4",",,,C","0",",,,C"
"CA001043048","1994-05","49.45","-123.4333","53.0","GAMBIER HARBOUR, BC CA","10",",C","7",",C","0",",C","0",",C","0",",C","0",",,C,31,+","0",",,C,31,+","11.2",",,C,01,","53.0",",,,C","0",",,,C"
"CA001043048","1994-06","49.45","-123.4333","53.0","GAMBIER HARBOUR, BC CA","12",",C","10",",C","1",",C","0",",C","0",",C","0",",,C,30,+","0",",,C,30,+","55.4",",,C,30,","141.8",",,,C","0",",,,C"
"CA001043048","1994-07","49.45","-123.4333","53.0","GAMBIER HARBOUR, BC CA","2","1,C","1","1,C","0","1,C","0",",C","0",",C","0",",,C,31,+","0",",,C,31,+","8.2","1,,C,17,","10.6","1,,,C","0",",,,C"
"CA001043048","1994-08","49.45","-123.4333","53.0","GAMBIER HARBOUR, BC CA","8",",C","3",",C","0",",C","0",",C","0",",C","0",",,C,31,+","0",",,C,31,+","21.0",",,C,07,","41.4",",,,C","0",",,,C"
"CA001043048","1994-09","49.45","-123.4333","53.0","GAMBIER HARBOUR, BC CA","4","3,C","4","3,C","0","3,C","0",",C","0",",C","0",",,C,30,+","0",",,C,30,+","12.6","3,,C,30,","65.8",",a,,C","0",",,,C"
"CA001043048","1994-10","49.45","-123.4333","53.0","GAMBIER HARBOUR, BC CA","12","2,C","9","2,C","1","2,C","0",",C","0",",C","0",",,C,31,+","0",",,C,31,+","25.6","2,,C,30,","152.6",",a,,C","0",",,,C"
"CA001043048","1994-11","49.45","-123.4333","53.0","GAMBIER HARBOUR, BC CA","20",",C","19",",C","3",",C","0","1,C","1",",C","0","1,,C,30,+","30",",,C,18,","39.6",",,C,29,","283.8",",,,C","60",",,,C"
"CA001043048","1994-12","49.45","-123.4333","53.0","GAMBIER HARBOUR, BC CA","18","3,C","16","3,C","4","3,C","1",",C","2",",C","30",",,C,07,","36",",,C,06,","61.6","3,,C,25,","302.0",",a,,C","70",",,,C"
"CA001043048","1995-01","49.45","-123.4333","53.0","GAMBIER HARBOUR, BC CA","17","2,C","15","2,C","1","2,C","0",",C","0",",C","0",",,C,31,+","0",",,C,31,+","44.0","2,,C,14,","239.6",",a,,C","0",",,,C"
"CA001043048","1995-02","49.45","-123.4333","53.0","GAMBIER HARBOUR, BC CA","11",",C","11",",C","3",",C","2","2,C","1",",C","110","2,,C,16,","200",",,C,14,","47.0",",,C,18,","230.8",",,,C","200",",,,C"
"CA001043048","1995-03","49.45","-123.4333","53.0","GAMBIER HARBOUR, BC CA","18",",C","17",",C","2",",C","0","4,C","1",",C","0","4,,C,31,+","80",",,C,05,","36.4",",,C,08,","199.6",",,,C","100",",,,C"
"CA001043048","1995-04","49.45","-123.4333","53.0","GAMBIER HARBOUR, BC CA","11",",C","8",",C","0",",C","0",",C","0",",C","0",",,C,30,+","0",",,C,30,+","15.4",",,C,10,+","83.8",",,,C","0",",,,C"
"CA001043048","1995-05","49.45","-123.4333","53.0","GAMBIER HARBOUR, BC CA","7",",C","7",",C","0",",C","0",",C","0",",C","0",",,C,31,+","0",",,C,31,+","13.4",",,C,02,","49.4",",,,C","0",",,,C"
"CA001043048","1995-06","49.45","-123.4333","53.0","GAMBIER HARBOUR, BC CA","10",",C","6",",C","0",",C","0",",C","0",",C","0",",,C,30,+","0",",,C,30,+","13.6",",,C,17,","46.2",",,,C","0",",,,C"
"CA001043048","1995-07","49.45","-123.4333","53.0","GAMBIER HARBOUR, BC CA","3","2,C","2","2,C","0","2,C","0",",C","0",",C","0",",,C,31,+","0",",,C,31,+","8.6","2,,C,09,","78.0",",a,,C","0",",,,C"
"CA001043048","1995-08","49.45","-123.4333","53.0","GAMBIER HARBOUR, BC CA","9",",C","7",",C","1",",C","0",",C","0",",C","0",",,C,31,+","0",",,C,31,+","42.2",",,C,06,","95.0",",,,C","0",",,,C"
"CA001043048","1995-09","49.45","-123.4333","53.0","GAMBIER HARBOUR, BC CA","8",",C","6",",C","0",",C","0",",C","0",",C","0",",,C,30,+","0",",,C,30,+","15.4",",,C,27,","47.4",",,,C","0",",,,C"
"CA001043048","1995-10","49.45","-123.4333","53.0","GAMBIER HARBOUR, BC CA","","","","","","","0",",C","0",",C","0",",,C,31,+","0",",,C,31,+","","","","","0",",,,C"
"CA001043048","1995-11","49.45","-123.4333","53.0","GAMBIER HARBOUR, BC CA","22",",C","18",",C","9",",C","0",",C","0",",C","0",",,C,30,+","0",",T,C,10,","69.4",",,C,07,","468.2",",,,C","0",",T,,C"
"CA001043048","1995-12","49.45","-123.4333","53.0","GAMBIER HARBOUR, BC CA","20",",C","16",",C","5",",C","0",",C","0",",C","0",",,C,31,+","10",",,C,09,","52.2",",,C,09,","347.2",",,,C","10",",,,C"
"CA001043048","1996-01","49.45","-123.4333","53.0","GAMBIER HARBOUR, BC CA","14","1,C","13","1,C","3","1,C","8","3,C","3",",C","150","3,,C,23,","180",",,C,22,","62.6","1,,C,14,","270.0","1,,,C","288",",,,C"
"CA001043048","1996-02","49.45","-123.4333","53.0","GAMBIER HARBOUR, BC CA","11","3,C","11","3,C","1","3,C","3","1,C","0",",C","40","1,,C,03,+","20",",,C,23,","27.2","3,,C,07,","150.4",",a,,C","20",",,,C"
"CA001043048","1996-03","49.45","-123.4333","53.0","GAMBIER HARBOUR, BC CA","11","3,C","8","3,C","1","3,C","0","2,C","0",",C","0","2,,C,31,+","10",",,C,03,","26.4","3,,C,09,","92.6","1,a,,C","10",",,,C"
"CA001043048","1996-04","49.45","-123.4333","53.0","GAMBIER HARBOUR, BC CA","23","2,C","18","2,C","3","2,C","0",",C","0",",C","0",",,C,30,+","0",",,C,30,+","53.2","2,,C,22,","289.6",",a,,C","0",",,,C"
"CA001043048","1996-05","49.45","-123.4333","53.0","GAMBIER HARBOUR, BC CA","17",",C","11",",C","1",",C","0",",C","0",",C","0",",,C,31,+","0",",,C,31,+","29.8",",,C,12,","129.0",",,,C","0",",,,C"
"CA001043048","1996-06","49.45","-123.4333","53.0","GAMBIER HARBOUR, BC CA","7",",C","3",",C","0",",C","0",",C","0",",C","0",",,C,30,+","0",",,C,30,+","20.6",",,C,23,","34.6",",,,C","0",",,,C"
"CA001043048","1996-07","49.45","-123.4333","53.0","GAMBIER HARBOUR, BC CA","6",",C","6",",C","0",",C","0",",C","0",",C","0",",,C,31,+","0",",,C,31,+","11.8",",,C,16,","41.8",",,,C","0",",,,C"
"CA001043048","1996-08","49.45","-123.4333","53.0","GAMBIER HARBOUR, BC CA","8",",C","3",",C","0",",C","0",",C","0",",C","0",",,C,31,+","0",",,C,31,+","5.0",",,C,29,","20.0",",,,C","0",",,,C"
"CA001043048","1996-09","49.45","-123.4333","53.0","GAMBIER HARBOUR, BC CA","13",",C","10",",C","1",",C","0",",C","0",",C","0",",,C,30,+","0",",,C,30,+","33.8",",,C,06,","111.8",",,,C","0",",,,C"
"CA001043048","1996-10","49.45","-123.4333","53.0","GAMBIER HARBOUR, BC CA","18",",C","17",",C","4",",C","0",",C","0",",C","0",",,C,31,+","0",",,C,31,+","70.8",",,C,27,","317.2",",,,C","0",",,,C"
"CA001043048","1996-11","49.45","-123.4333","53.0","GAMBIER HARBOUR, BC CA","21",",C","19",",C","3",",C","7","2,C","4",",C","100","2,,C,20,","84",",,C,15,","65.0",",,C,26,","307.2",",,,C","248",",,,C"
"CA001043048","1996-12","49.45","-123.4333","53.0","GAMBIER HARBOUR, BC CA","23",",C","22",",C","4",",C","11","1,C","4",",C","90","1,,C,25,+","126",",,C,29,","32.0",",,C,04,","310.8",",,,C","442",",,,C"
"CA001043048","1997-01","49.45","-123.4333","53.0","GAMBIER HARBOUR, BC CA","20",",C","18",",C","4",",C","","","1",",C","","","40",",,C,06,","72.0",",,C,29,","337.4",",,,C","40",",,,C"
"CA001043048","1997-02","49.45","-123.4333","53.0","GAMBIER HARBOUR, BC CA","12",",C","9",",C","2",",C","0",",C","0",",C","0",",,C,28,+","0",",,C,28,+","32.4",",,C,11,","144.8",",,,C","0",",,,C"
"CA001043048","1997-03","49.45","-123.4333","53.0","GAMBIER HARBOUR, BC CA","21",",C","14",",C","2",",C","1",",C","1",",C","60",",,C,15,","80",",,C,15,","65.4",",,C,18,","286.6",",,,C","90",",,,C"
"CA001043048","1997-04","49.45","-123.4333","53.0","GAMBIER HARBOUR, BC CA","13",",C","10",",C","1",",C","0",",C","0",",C","0",",,C,30,+","0",",,C,30,+","40.8",",,C,19,","127.2",",,,C","0",",,,C"
"CA001043048","1997-05","49.45","-123.4333","53.0","GAMBIER HARBOUR, BC CA","13",",C","12",",C","0",",C","0",",C","0",",C","0",",,C,31,+","0",",,C,31,+","24.4",",,C,30,+","152.4",",,,C","0",",,,C"
"CA001043048","1997-06","49.45","-123.4333","53.0","GAMBIER HARBOUR, BC CA","16",",C","12",",C","1",",C","0",",C","0",",C","0",",,C,30,+","0",",,C,30,+","36.2",",,C,17,","130.8",",,,C","0",",,,C"
"CA001043048","1997-07","49.45","-123.4333","53.0","GAMBIER HARBOUR, BC CA","5",",C","4",",C","2",",C","0",",C","0",",C","0",",,C,31,+","0",",,C,31,+","32.8",",,C,07,","80.8",",,,C","0",",,,C"
"CA001043048","1997-08","49.45","-123.4333","53.0","GAMBIER HARBOUR, BC CA","8",",C","6",",C","0",",C","0",",C","0",",C","0",",,C,31,+","0",",,C,31,+","23.6",",,C,26,","54.8",",,,C","0",",,,C"
"CA001043048","1997-09","49.45","-123.4333","53.0","GAMBIER HARBOUR, BC CA","13",",C","9",",C","4",",C","0",",C","0",",C","0",",,C,30,+","0",",,C,30,+","46.6",",,C,16,","222.2",",,,C","0",",,,C"
"CA001043048","1997-10","49.45","-123.4333","53.0","GAMBIER HARBOUR, BC CA","23",",C","19",",C","3",",C","0",",C","0",",C","0",",,C,31,+","0",",,C,31,+","38.2",",,C,29,","312.4",",,,C","0",",,,C"
"CA001043048","1997-11","49.45","-123.4333","53.0","GAMBIER HARBOUR, BC CA","18",",C","17",",C","2",",C","0",",C","0",",C","0",",,C,30,+","0",",,C,30,+","39.4",",,C,02,","257.4",",,,C","0",",,,C"
"CA001043048","1997-12","49.45","-123.4333","53.0","GAMBIER HARBOUR, BC CA","18",",C","15",",C","3",",C","0",",C","0",",C","0",",,C,31,+","0",",,C,31,+","45.0",",,C,15,","233.6",",,,C","0",",,,C"
"CA001043048","1998-01","49.45","-123.4333","53.0","GAMBIER HARBOUR, BC CA","23",",C","18",",C","4",",C","2",",C","2",",C","70",",,C,13,","80",",,C,12,","37.2",",,C,14,","299.5",",,,C","120",",,,C"
"CA001043048","1998-02","49.45","-123.4333","53.0","GAMBIER HARBOUR, BC CA","20",",C","18",",C","0",",C","0",",C","0",",C","0",",,C,28,+","0",",,C,28,+","23.0",",,C,28,","204.4",",,,C","0",",,,C"
"CA001043048","1998-03","49.45","-123.4333","53.0","GAMBIER HARBOUR, BC CA","15",",C","11",",C","0",",C","0",",C","0",",C","0",",,C,31,+","0",",,C,31,+","20.2",",,C,30,","124.8",",,,C","0",",,,C"
"CA001043048","1998-04","49.45","-123.4333","53.0","GAMBIER HARBOUR, BC CA","13",",C","9",",C","0",",C","0",",C","0",",C","0",",,C,30,+","0",",,C,30,+","11.6",",,C,10,","58.6",",,,C","0",",,,C"
"CA001043048","1998-05","49.45","-123.4333","53.0","GAMBIER HARBOUR, BC CA","10",",C","9",",C","1",",C","0",",C","0",",C","0",",,C,31,+","0",",,C,31,+","32.2",",,C,24,","108.0",",,,C","0",",,,C"
"CA001043048","1998-06","49.45","-123.4333","53.0","GAMBIER HARBOUR, BC CA","6",",C","3",",C","0",",C","0",",C","0",",C","0",",,C,30,+","0",",,C,30,+","22.0",",,C,23,","50.0",",,,C","0",",,,C"
"CA001043048","1998-07","49.45","-123.4333","53.0","GAMBIER HARBOUR, BC CA","7",",C","6",",C","0",",C","0",",C","0",",C","0",",,C,31,+","0",",,C,31,+","19.8",",,C,15,","67.0",",,,C","0",",,,C"
"CA001043048","1998-08","49.45","-123.4333","53.0","GAMBIER HARBOUR, BC CA","4",",C","2",",C","0",",C","0",",C","0",",C","0",",,C,31,+","0",",,C,31,+","2.6",",,C,16,+","9.2",",,,C","0",",,,C"
"CA001043048","1998-09","49.45","-123.4333","53.0","GAMBIER HARBOUR, BC CA","4",",C","2",",C","0",",C","0",",C","0",",C","0",",,C,30,+","0",",,C,30,+","6.0",",,C,17,","13.0",",,,C","0",",,,C"
"CA001043048","1998-10","49.45","-123.4333","53.0","GAMBIER HARBOUR, BC CA","17",",C","15",",C","4",",C","0",",C","0",",C","0",",,C,31,+","0",",,C,31,+","39.8",",,C,12,","265.0",",,,C","0",",,,C"
"CA001043048","1998-11","49.45","-123.4333","53.0","GAMBIER HARBOUR, BC CA","24","2,C","22","2,C","6","2,C","0",",C","0",",C","0",",,C,30,+","0",",,C,30,+","68.0","2,,C,12,","472.0",",a,,C","0",",,,C"
"CA001043048","1998-12","49.45","-123.4333","53.0","GAMBIER HARBOUR, BC CA","21",",C","18",",C","5",",C","","","2",",C","","","300",",,C,23,","42.8",",,C,12,","357.6",",,,C","390",",,,C"
"CA001043048","1999-01","49.45","-123.4333","53.0","GAMBIER HARBOUR, BC CA","24",",C","21",",C","2",",C","0",",C","0",",C","0",",,C,31,+","0",",,C,31,+","78.6",",,C,13,","366.5",",,,C","0",",,,C"
"CA001043048","1999-02","49.45","-123.4333","53.0","GAMBIER HARBOUR, BC CA","25",",C","22",",C","5",",C","0","1,C","1",",C","20","1,,C,11,","60",",,C,09,","34.4",",,C,05,","331.0",",,,C","60",",,,C"
"CA001043048","1999-03","49.45","-123.4333","53.0","GAMBIER HARBOUR, BC CA","23",",C","15",",C","2",",C","0",",C","0",",C","0",",,C,31,+","0",",T,C,15,","29.6",",,C,03,","180.6",",,,C","0",",T,,C"
"CA001043048","1999-04","49.45","-123.4333","53.0","GAMBIER HARBOUR, BC CA","10",",C","7",",C","0",",C","0",",C","0",",C","0",",,C,30,+","0",",,C,30,+","16.6",",,C,06,","70.6",",,,C","0",",,,C"
"CA001043048","1999-05","49.45","-123.4333","53.0","GAMBIER HARBOUR, BC CA","14",",C","9",",C","1",",C","0",",C","0",",C","0",",,C,31,+","0",",,C,31,+","30.6",",,C,16,","92.4",",,,C","0",",,,C"
"CA001043048","1999-06","49.45","-123.4333","53.0","GAMBIER HARBOUR, BC CA","21",",C","15",",C","1",",C","0",",C","0",",C","0",",,C,30,+","0",",,C,30,+","30.8",",,C,04,","124.8",",,,C","0",",,,C"
"CA001043048","1999-07","49.45","-123.4333","53.0","GAMBIER HARBOUR, BC CA","7",",C","6",",C","0",",C","0",",C","0",",C","0",",,C,31,+","0",",,C,31,+","17.6",",,C,02,","58.0",",,,C","0",",,,C"
"CA001043048","1999-08","49.45","-123.4333","53.0","GAMBIER HARBOUR, BC CA","8",",C","6",",C","0",",C","0",",C","0",",C","0",",,C,31,+","0",",,C,31,+","23.2",",,C,15,","56.3",",,,C","0",",,,C"
"CA001043048","1999-09","49.45","-123.4333","53.0","GAMBIER HARBOUR, BC CA","5",",C","3",",C","0",",C","0",",C","0",",C","0",",,C,30,+","0",",,C,30,+","9.1",",,C,24,","22.1",",,,C","0",",,,C"
"CA001043048","1999-10","49.45","-123.4333","53.0","GAMBIER HARBOUR, BC CA","10",",C","9",",C","3",",C","0",",C","0",",C","0",",,C,31,+","0",",,C,31,+","71.6",",,C,29,","241.0",",,,C","0",",,,C"
"CA001043048","1999-11","49.45","-123.4333","53.0","GAMBIER HARBOUR, BC CA","22",",C","19",",C","5",",C","0",",C","0",",C","0",",,C,30,+","0",",,C,30,+","40.6",",,C,08,","381.7",",,,C","0",",,,C"
"CA001043048","1999-12","49.45","-123.4333","53.0","GAMBIER HARBOUR, BC CA","19",",C","14",",C","6",",C","0",",C","0",",C","0",",,C,31,+","0",",T,C,31,+","75.0",",,C,14,","349.0",",,,C","0",",T,,C"
"CA001043048","2000-01","49.45","-123.4333","53.0","GAMBIER HARBOUR, BC CA","21",",C","17",",C","1",",C","","","4",",C","","","120",",,C,10,","26.2",",,C,06,","205.2",",,,C","370",",,,C"
"CA001043048","2000-02","49.45","-123.4333","53.0","GAMBIER HARBOUR, BC CA","14",",C","10",",C","0",",C","0",",C","0",",C","0",",,C,29,+","0",",,C,29,+","23.8",",,C,28,","110.8",",,,C","0",",,,C"
"CA001043048","2000-03","49.45","-123.4333","53.0","GAMBIER HARBOUR, BC CA","18",",C","14",",C","3",",C","0",",C","0",",C","0",",,C,31,+","0",",,C,31,+","40.4",",,C,03,","230.4",",,,C","0",",,,C"
"CA001043048","2000-04","49.45","-123.4333","53.0","GAMBIER HARBOUR, BC CA","13",",C","9",",C","1",",C","0",",C","0",",C","0",",,C,30,+","0",",,C,30,+","30.4",",,C,21,","97.8",",,,C","0",",,,C"
"CA001043048","2000-05","49.45","-123.4333","53.0","GAMBIER HARBOUR, BC CA","14",",C","11",",C","1",",C","0",",C","0",",C","0",",,C,31,+","0",",,C,31,+","35.2",",,C,26,","141.4",",,,C","0",",,,C"
"CA001043048","2000-06","49.45","-123.4333","53.0","GAMBIER HARBOUR, BC CA","10",",C","7",",C","2",",C","0",",C","0",",C","0",",,C,30,+","0",",,C,30,+","39.0",",,C,11,","114.6",",,,C","0",",,,C"
"CA001043048","2000-07","49.45","-123.4333","53.0","GAMBIER HARBOUR, BC CA","9",",C","9",",C","2",",C","0",",C","0",",C","0",",,C,31,+","0",",,C,31,+","49.2",",,C,27,","113.6",",,,C","0",",,,C"
"CA001043048","2000-08","49.45","-123.4333","53.0","GAMBIER HARBOUR, BC CA","7",",C","3",",C","0",",C","0",",C","0",",C","0",",,C,31,+","0",",,C,31,+","8.0",",,C,31,","21.4",",,,C","0",",,,C"
"CA001043048","2000-09","49.45","-123.4333","53.0","GAMBIER HARBOUR, BC CA","8",",C","5",",C","2",",C","0",",C","0",",C","0",",,C,30,+","0",",,C,30,+","58.2",",,C,28,","127.6",",,,C","0",",,,C"
"CA001043048","2000-10","49.45","-123.4333","53.0","GAMBIER HARBOUR, BC CA","16",",C","11",",C","3",",C","0",",C","0",",C","0",",,C,31,+","0",",,C,31,+","62.0",",,C,19,","231.0",",,,C","0",",,,C"
"CA001043048","2000-11","49.45","-123.4333","53.0","GAMBIER HARBOUR, BC CA","10","2,C","9","2,C","0","2,C","0",",C","0",",C","0",",,C,30,+","0",",,C,30,+","15.4","2,,C,26,","130.0",",a,,C","0",",,,C"
"CA001043048","2000-12","49.45","-123.4333","53.0","GAMBIER HARBOUR, BC CA","15",",C","12",",C","3",",C","5","1,C","2",",C","130","1,,C,16,","90",",,C,15,","44.6",",,C,16,","207.8",",,,C","170",",,,C"
"CA001043048","2001-01","49.45","-123.4333","53.0","GAMBIER HARBOUR, BC CA","15","2,C","12","2,C","1","2,C","0",",C","0",",C","0",",,C,31,+","0",",,C,31,+","69.0","2,,C,04,","192.5",",a,,C","0",",,,C"
"CA001043048","2001-02","49.45","-123.4333","53.0","GAMBIER HARBOUR, BC CA","9",",C","5",",C","0",",C","1","1,C","2",",C","50","1,,C,09,","70",",,C,07,","13.0",",,C,01,","42.6",",,,C","110",",,,C"
"CA001043048","2001-03","49.45","-123.4333","53.0","GAMBIER HARBOUR, BC CA","17","1,C","13","1,C","0","1,C","0",",C","0",",C","0",",,C,31,+","0",",,C,31,+","23.6","1,,C,17,","153.8","1,,,C","0",",,,C"
"CA001043048","2001-04","49.45","-123.4333","53.0","GAMBIER HARBOUR, BC CA","13",",C","11",",C","1",",C","0",",C","0",",C","0",",,C,30,+","0",",T,C,04,","30.2",",,C,22,","122.2",",,,C","0",",T,,C"
"CA001043048","2001-05","49.45","-123.4333","53.0","GAMBIER HARBOUR, BC CA","13",",C","8",",C","1",",C","0",",C","0",",C","0",",,C,31,+","0",",,C,31,+","26.4",",,C,15,","96.4",",,,C","0",",,,C"
"CA001043048","2001-06","49.45","-123.4333","53.0","GAMBIER HARBOUR, BC CA","11",",C","8",",C","1",",C","0",",C","0",",C","0",",,C,30,+","0",",,C,30,+","27.2",",,C,27,","97.6",",,,C","0",",,,C"
"CA001043048","2001-07","49.45","-123.4333","53.0","GAMBIER HARBOUR, BC CA","5",",C","2",",C","1",",C","0",",C","0",",C","0",",,C,31,+","0",",,C,31,+","27.0",",,C,27,","35.0",",,,C","0",",,,C"
"CA001043048","2001-08","49.45","-123.4333","53.0","GAMBIER HARBOUR, BC CA","11",",C","10",",C","2",",C","0",",C","0",",C","0",",,C,31,+","0",",,C,31,+","44.8",",,C,21,","184.8",",,,C","0",",,,C"
"CA001043048","2001-09","49.45","-123.4333","53.0","GAMBIER HARBOUR, BC CA","6",",C","6",",C","1",",C","0",",C","0",",C","0",",,C,30,+","0",",,C,30,+","30.2",",,C,20,","68.6",",,,C","0",",,,C"
"CA001043048","2001-10","49.45","-123.4333","53.0","GAMBIER HARBOUR, BC CA","21","2,C","18","2,C","2","2,C","0",",C","0",",C","0",",,C,31,+","0",",,C,31,+","33.0","2,,C,11,","266.6",",a,,C","0",",,,C"
"CA001043048","2001-11","49.45","-123.4333","53.0","GAMBIER HARBOUR, BC CA","23",",C","20",",C","5",",C","0",",C","0",",C","0",",,C,30,+","0",",T,C,29,","39.2",",,C,13,","269.8",",,,C","0",",T,,C"
"CA001043048","2001-12","49.45","-123.4333","53.0","GAMBIER HARBOUR, BC CA","19",",C","18",",C","3",",C","","","1",",C","","","50",",,C,03,","43.6",",,C,12,","301.0",",,,C","50",",,,C"
"CA001043048","2002-01","49.45","-123.4333","53.0","GAMBIER HARBOUR, BC CA","21","2,C","15","2,C","1","2,C","","","5",",C","","","180",",,C,26,","25.6","2,,C,06,","186.8",",a,,C","330",",,,C"
"CA001043048","2002-02","49.45","-123.4333","53.0","GAMBIER HARBOUR, BC CA","13","2,C","11","2,C","2","2,C","0","2,C","0",",C","0","2,,C,28,+","0",",,C,28,+","50.0","2,,C,21,","191.6",",a,,C","0",",,,C"
"CA001043048","2002-03","49.45","-123.4333","53.0","GAMBIER HARBOUR, BC CA","14",",C","10",",C","0",",C","","","2",",C","","","140",",,C,18,","21.2",",,C,09,","109.8",",,,C","182",",,,C"
"CA001043048","2002-04","49.45","-123.4333","53.0","GAMBIER HARBOUR, BC CA","12",",C","11",",C","0",",C","0",",C","0",",C","0",",,C,30,+","0",",,C,30,+","22.8",",,C,12,","126.0",",,,C","0",",,,C"
"CA001043048","2002-05","49.45","-123.4333","53.0","GAMBIER HARBOUR, BC CA","15",",C","12",",C","1",",C","0",",C","0",",C","0",",,C,31,+","0",",,C,31,+","25.4",",,C,13,","111.0",",,,C","0",",,,C"
"CA001043048","2002-06","49.45","-123.4333","53.0","GAMBIER HARBOUR, BC CA","7",",C","4",",C","0",",C","0",",C","0",",C","0",",,C,30,+","0",",,C,30,+","14.4",",,C,28,","46.8",",,,C","0",",,,C"
"CA001043048","2002-07","49.45","-123.4333","53.0","GAMBIER HARBOUR, BC CA","4","1,C","1","1,C","0","1,C","0",",C","0",",C","0",",,C,31,+","0",",,C,31,+","5.4","1,,C,04,","11.2","1,,,C","0",",,,C"
"CA001043048","2002-08","49.45","-123.4333","53.0","GAMBIER HARBOUR, BC CA","2",",C","2",",C","0",",C","0",",C","0",",C","0",",,C,31,+","0",",,C,31,+","11.0",",,C,03,","20.2",",,,C","0",",,,C"
"CA001043048","2002-09","49.45","-123.4333","53.0","GAMBIER HARBOUR, BC CA","10",",C","5",",C","1",",C","0",",C","0",",C","0",",,C,30,+","0",",,C,30,+","52.2",",,C,08,","93.2",",,,C","0",",,,C"
"CA001043048","2002-10","49.45","-123.4333","53.0","GAMBIER HARBOUR, BC CA","10",",C","5",",C","0",",C","0",",C","0",",C","0",",,C,31,+","0",",,C,31,+","16.0",",,C,02,","37.4",",,,C","0",",,,C"
"CA001043048","2002-11","49.45","-123.4333","53.0","GAMBIER HARBOUR, BC CA","15",",C","15",",C","3",",C","0",",C","0",",C","0",",,C,30,+","0",",,C,30,+","82.0",",,C,18,","336.8",",,,C","0",",,,C"
"CA001043048","2002-12","49.45","-123.4333","53.0","GAMBIER HARBOUR, BC CA","17",",C","15",",C","2",",C","0",",C","0",",C","0",",,C,31,+","0",",T,C,29,","33.8",",,C,24,","230.4",",,,C","0",",T,,C"
"CA001043048","2003-01","49.45","-123.4333","53.0","GAMBIER HARBOUR, BC CA","17",",C","15",",C","3",",C","0",",C","0",",C","0",",,C,31,+","0",",,C,31,+","47.8",",,C,01,","243.5",",,,C","0",",,,C"
"CA001043048","2003-02","49.45","-123.4333","53.0","GAMBIER HARBOUR, BC CA","8",",C","6",",C","0",",C","0",",C","0",",C","0",",,C,28,+","0",",,C,28,+","15.8",",,C,20,","63.6",",,,C","0",",,,C"
"CA001043048","2003-03","49.45","-123.4333","53.0","GAMBIER HARBOUR, BC CA","23",",C","18",",C","1",",C","0",",C","0",",C","0",",,C,31,+","0",",T,C,08,+","32.6",",,C,12,","222.2",",,,C","0",",T,,C"
"CA001043048","2003-04","49.45","-123.4333","53.0","GAMBIER HARBOUR, BC CA","19","2,C","14","2,C","2","2,C","0",",C","0",",C","0",",,C,30,+","0",",,C,30,+","26.0","2,,C,08,","167.0",",a,,C","0",",,,C"
"CA001043048","2003-05","49.45","-123.4333","53.0","GAMBIER HARBOUR, BC CA","12",",C","7",",C","0",",C","0",",C","0",",C","0",",,C,31,+","0",",,C,31,+","14.4",",,C,22,","64.6",",,,C","0",",,,C"
"CA001043048","2003-06","49.45","-123.4333","53.0","GAMBIER HARBOUR, BC CA","8",",C","5",",C","0",",C","0",",C","0",",C","0",",,C,30,+","0",",,C,30,+","10.8",",,C,12,","32.1",",,,C","0",",,,C"
"CA001043048","2003-07","49.45","-123.4333","53.0","GAMBIER HARBOUR, BC CA","4",",C","4",",C","0",",C","0",",C","0",",C","0",",,C,31,+","0",",,C,31,+","17.2",",,C,13,","42.4",",,,C","0",",,,C"
"CA001043048","2003-08","49.45","-123.4333","53.0","GAMBIER HARBOUR, BC CA","2",",C","2",",C","0",",C","0",",C","0",",C","0",",,C,31,+","0",",,C,31,+","5.0",",,C,11,+","10.0",",,,C","0",",,,C"
"CA001043048","2003-09","49.45","-123.4333","53.0","GAMBIER HARBOUR, BC CA","5",",C","5",",C","0",",C","0",",C","0",",C","0",",,C,30,+","0",",,C,30,+","20.6",",,C,10,","65.0",",,,C","0",",,,C"
"CA001043048","2003-10","49.45","-123.4333","53.0","GAMBIER HARBOUR, BC CA","17",",C","14",",C","6",",C","0",",C","0",",C","0",",,C,31,+","0",",,C,31,+","97.0",",,C,16,","394.8",",,,C","0",",,,C"
"CA001043048","2003-11","49.45","-123.4333","53.0","GAMBIER HARBOUR, BC CA","12",",C","10",",C","4",",C","0",",C","0",",C","0",",,C,30,+","0",",T,C,22,+","40.0",",,C,27,","232.0",",,,C","0",",T,,C"
