"STATION","DATE","LATITUDE","LONGITUDE","ELEVATION","NAME","CDSD","CDSD_ATTRIBUTES","CLDD","CLDD_ATTRIBUTES","DP01","DP01_ATTRIBUTES","DP10","DP10_ATTRIBUTES","DP1X","DP1X_ATTRIBUTES","DSND","DSND_ATTRIBUTES","DSNW","DSNW_ATTRIBUTES","DT00","DT00_ATTRIBUTES","DT32","DT32_ATTRIBUTES","DX32","DX32_ATTRIBUTES","DX70","DX70_ATTRIBUTES","DX90","DX90_ATTRIBUTES","EMNT","EMNT_ATTRIBUTES","EMSD","EMSD_ATTRIBUTES","EMSN","EMSN_ATTRIBUTES","EMXP","EMXP_ATTRIBUTES","EMXT","EMXT_ATTRIBUTES","HDSD","HDSD_ATTRIBUTES","HTDD","HTDD_ATTRIBUTES","PRCP","PRCP_ATTRIBUTES","SNOW","SNOW_ATTRIBUTES","TAVG","TAVG_ATTRIBUTES","TMAX","TMAX_ATTRIBUTES","TMIN","TMIN_ATTRIBUTES"
"CA004035200","1954-07","49.1667","-104.5833","695.0","MINTON, SK CA","","","46.0",",C","11",",C","6",",C","1",",C","","","0",",C","0",",C","0",",C","0",",C","26",",C","0",",C","4.4",",C,01,","","","0",",,C,31,+","26.4",",,C,21,","31.7",",C,20,","42.5","C","42.5",",C","66.4",",,,C","0",",,,C","18.45",",C","24.94",",,,C","11.96",",,,C"
"CA004035200","1954-08","49.1667","-104.5833","695.0","MINTON, SK CA","","","10.6",",C","14",",C","9",",C","0",",C","","","0",",C","0",",C","0",",C","0",",C","24",",C","0",",C","5.6",",C,29,","","","0",",,C,31,+","14.2",",,C,14,","31.7",",C,30,","104.1","C","61.6",",C","74.7",",,,C","0",",,,C","16.69",",C","22.67",",,,C","10.70",",,,C"
"CA004035200","1954-09","49.1667","-104.5833","695.0","MINTON, SK CA","","","0.0",",C","14",",C","7",",C","2",",C","","","0",",C","0",",C","4",",C","0",",C","10",",C","0",",C","-5.0",",C,21,","","","0",",T,C,30,","40.9",",,C,13,","26.1",",C,03,","354.9","C","250.8",",C","125.8",",,,C","0",",T,,C","9.97",",C","15.35",",,,C","4.59",",,,C"
"CA004035200","1954-10","49.1667","-104.5833","695.0","MINTON, SK CA","","","0.0",",C","2",",C","2",",C","0",",C","","","1",",C","0",",C","24",",C","0",",C","2",",C","0",",C","-8.9",",C,05,","","","25",",,C,23,","18.3",",,C,23,","21.1",",C,08,+","772.3","C","417.4",",C","21.6",",,,C","25",",,,C","4.87",",C","11.64",",,,C","-1.90",",,,C"
"CA004035200","1954-11","49.1667","-104.5833","695.0","MINTON, SK CA","","","0.0",",C","5",",C","2",",C","0",",C","","","1",",C","0",",C","24",",C","6",",C","0",",C","0",",C","-16.1",",C,01,","","","25",",,C,28,","3.8",",,C,25,","17.2",",C,06,","1272.3","C","500.0",",C","9.9",",,,C","38",",,,C","1.67",",C","7.61",",,,C","-4.28",",,,C"
"CA004035200","1954-12","49.1667","-104.5833","695.0","MINTON, SK CA","","","0.0",",C","0",",C","0",",C","0",",C","","","0",",C","5",",C","30",",C","13",",C","0",",C","0",",C","-28.9",",C,30,","","","0",",T,C,29,+","0.0",",T,C,29,+","10.0",",C,19,","2004.6","C","732.3",",C","0.0",",T,,C","0",",T,,C","-5.29",",C","0.43",",,,C","-11.01",",,,C"
"CA004035200","1955-01","49.1667","-104.5833","695.0","MINTON, SK CA","0.0","C","0.0",",C","12",",C","4",",C","0",",C","","","4",",C","8",",C","31",",C","30",",C","0",",C","0",",C","-32.2",",C,26,","","","51",",,C,23,","5.1",",,C,23,","1.7",",C,13,","2939.7","C","935.1",",C","23.5",",,,C","228",",,,C","-11.83",",C","-7.27",",,,C","-16.39",",,,C"
"CA004035200","1955-02","49.1667","-104.5833","695.0","MINTON, SK CA","0.0","C","0.0",",C","10",",C","0",",C","0",",C","","","0",",C","15",",C","28",",C","25",",C","0",",C","0",",C","-32.8",",C,10,","","","18",",,C,04,","1.8",",,C,04,","1.7",",C,16,+","3869.3","C","929.6",",C","8.8",",,,C","88",",,,C","-14.87",",C","-9.66",",,,C","-20.08",",,,C"
"CA004035200","1955-03","49.1667","-104.5833","695.0","MINTON, SK CA","0.0","C","0.0",",C","8",",C","3",",C","0",",C","","","3",",C","14",",C","31",",C","21",",C","0",",C","0",",C","-31.1",",C,05,","","","64",",,C,02,","6.4",",,C,02,","9.4",",C,29,","4759.3","C","890.0",",C","18.4",",,,C","184",",,,C","-10.38",",C","-5.27",",,,C","-15.48",",,,C"
"CA004035200","1955-04","49.1667","-104.5833","695.0","MINTON, SK CA","0.0","C","0.0",",C","8",",C","3",",C","1",",C","","","0",",C","0",",C","16",",C","0",",C","1",",C","0",",C","-5.0",",C,06,","","","0",",T,C,28,+","44.7",",,C,19,","21.1",",C,10,","5132.9","C","373.6",",C","65.4",",,,C","0",",T,,C","5.88",",C","11.84",",,,C","-0.08",",,,C"
"CA004035200","1955-05","49.1667","-104.5833","695.0","MINTON, SK CA","0.0","C","0.0","1,C","7",",C","3",",C","0",",C","","","0",",C","0","1,C","5","1,C","0",",C","9",",C","0",",C","-1.1","1,C,05,","","","0",",T,C,06,+","24.4",",,C,02,","26.7",",C,01,","5384.8","C","251.9",",C","41.9",",,,C","0",",T,,C","9.93","1,C","15.72",",,,C","4.14","1,,,C"
"CA004035200","1955-06","49.1667","-104.5833","695.0","MINTON, SK CA","10.8","C","10.8",",C","11",",C","5",",C","0",",C","","","0",",C","0",",C","0",",C","0",",C","14",",C","0",",C","3.3",",C,01,","","","0",",,C,30,+","10.9",",,C,16,","31.1",",C,29,","5497.7","C","112.9",",C","34.9",",,,C","0",",,,C","14.93",",C","21.45",",,,C","8.41",",,,C"
"CA004035200","1955-07","49.1667","-104.5833","695.0","MINTON, SK CA","64.9","C","54.1",",C","11",",C","4",",C","1",",C","","","0",",C","0",",C","0",",C","0",",C","27",",C","3",",C","2.2",",C,09,","","","0",",,C,31,+","30.2",",,C,06,","35.0",",C,19,","35.8","C","35.8",",C","58.9",",,,C","0",",,,C","18.92",",C","25.66",",,,C","12.18",",,,C"
"CA004035200","1955-08","49.1667","-104.5833","695.0","MINTON, SK CA","119.5","C","54.6",",C","4",",C","2",",C","0",",C","","","0",",C","0",",C","0",",C","0",",C","29",",C","6",",C","0.6",",C,30,","","","0",",,C,31,+","4.1",",,C,13,","33.9",",C,08,","75.5","C","39.7",",C","8.7",",,,C","0",",,,C","18.81",",C","27.48",",,,C","10.15",",,,C"
"CA004035200","1955-09","49.1667","-104.5833","695.0","MINTON, SK CA","119.5","C","0.0",",C","5",",C","4",",C","0",",C","","","0",",C","0",",C","9",",C","0",",C","12",",C","0",",C","-8.3",",C,11,","","","0",",T,C,29,","18.3",",,C,22,","29.4",",C,14,","320.4","C","244.9",",C","38.3",",,,C","0",",T,,C","10.17",",C","18.11",",,,C","2.23",",,,C"
"CA004035200","1955-10","49.1667","-104.5833","695.0","MINTON, SK CA","119.5","C","0.0",",C","6",",C","2",",C","0",",C","","","0",",C","0",",C","22",",C","0",",C","5",",C","0",",C","-9.4",",C,16,","","","13",",,C,19,","2.8",",,C,30,","28.9",",C,10,","696.5","C","376.1",",C","8.9",",,,C","18",",,,C","6.20",",C","14.25",",,,C","-1.85",",,,C"
"CA004035200","1955-11","49.1667","-104.5833","695.0","MINTON, SK CA","119.5","C","0.0",",C","7","4,C","1","4,C","0","4,C","","","1",",C","17",",C","29",",C","22",",C","0",",C","0",",C","-28.3",",C,30,","","","38",",,C,01,","3.8","4,,C,01,","10.6",",C,04,","1625.5","C","929.0",",C","31.6",",a,,C","296",",a,,C","-12.63",",C","-7.69",",,,C","-17.58",",,,C"
"CA004035200","1955-12","49.1667","-104.5833","695.0","MINTON, SK CA","119.5","C","0.0",",C","6",",C","3",",C","0",",C","","","1",",C","26",",C","31",",C","27",",C","0",",C","0",",C","-35.6",",C,18,","","","25",",,C,13,","6.9",",,C,11,","6.7",",C,22,","2683.5","C","1058.0",",C","16.3",",,,C","43",",,,C","-15.80",",C","-10.29",",,,C","-21.30",",,,C"
"CA004035200","1956-01","49.1667","-104.5833","695.0","MINTON, SK CA","0.0","C","0.0",",C","6",",C","3",",C","0",",C","","","3",",C","26",",C","31",",C","29",",C","0",",C","0",",C","-35.6",",C,31,","","","25",",,C,27,+","2.5",",,C,27,+","3.3",",C,04,","3780.3","C","1096.8",",C","10.6",",,,C","106",",,,C","-17.05",",C","-12.10",",,,C","-22.00",",,,C"
"CA004035200","1956-02","49.1667","-104.5833","695.0","MINTON, SK CA","0.0","C","0.0",",C","10",",C","1",",C","0",",C","","","1",",C","15",",C","29",",C","28",",C","0",",C","0",",C","-34.4",",C,16,","","","25",",,C,12,","2.5",",,C,12,","2.8",",C,29,","4730.8","C","950.5",",C","11.5",",,,C","115",",,,C","-14.44",",C","-8.88",",,,C","-20.01",",,,C"
"CA004035200","1956-03","49.1667","-104.5833","695.0","MINTON, SK CA","0.0","C","0.0",",C","8",",C","2",",C","0",",C","","","2",",C","10",",C","31",",C","15",",C","0",",C","0",",C","-29.4",",C,11,","","","64",",,C,22,","6.4",",,C,22,","12.2",",C,19,","5510.6","C","779.8",",C","18.1",",,,C","181",",,,C","-6.82",",C","-1.39",",,,C","-12.25",",,,C"
"CA004035200","1956-04","49.1667","-104.5833","695.0","MINTON, SK CA","0.0","C","0.0",",C","6",",C","5",",C","0",",C","","","3",",C","0",",C","30",",C","3",",C","0",",C","0",",C","-15.0",",C,07,","","","76",",,C,05,","7.6",",,C,05,","18.3",",C,19,+","6047.0","C","536.4",",C","23.8",",,,C","144",",,,C","0.45",",C","7.08",",,,C","-6.17",",,,C"
"CA004035200","1956-05","49.1667","-104.5833","695.0","MINTON, SK CA","0.8","C","0.8",",C","10",",C","6",",C","0",",C","","","0",",C","0",",C","5",",C","0",",C","13",",C","0",",C","-7.2",",C,03,","","","0",",,C,31,+","9.9",",,C,10,","28.3",",C,21,","6296.4","C","249.4",",C","32.3",",,,C","0",",,,C","10.31",",C","16.77",",,,C","3.85",",,,C"
"CA004035200","1956-06","49.1667","-104.5833","695.0","MINTON, SK CA","26.7","C","25.9",",C","13",",C","9",",C","0",",C","","","0",",C","0",",C","0",",C","0",",C","22",",C","2",",C","3.9",",C,07,","","","0",",,C,30,+","12.4",",,C,21,","35.6",",C,10,","6354.6","C","58.2",",C","58.9",",,,C","0",",,,C","17.26",",C","24.76",",,,C","9.75",",,,C"
"CA004035200","1956-07","49.1667","-104.5833","695.0","MINTON, SK CA","49.2","C","22.5",",C","9",",C","5",",C","0",",C","","","0",",C","0",",C","0",",C","0",",C","23",",C","2",",C","3.9",",C,02,","","","0",",,C,31,+","15.5",",,C,31,","33.3",",C,22,","63.8","C","63.8",",C","44.0",",,,C","0",",,,C","17.00",",C","23.92",",,,C","10.08",",,,C"
"CA004035200","1956-08","49.1667","-104.5833","695.0","MINTON, SK CA","86.5","C","37.3",",C","8",",C","5",",C","0",",C","","","0",",C","0",",C","1",",C","0",",C","25",",C","2",",C","0.0",",C,19,","","","0",",,C,31,+","9.9",",,C,30,","32.8",",C,24,+","123.5","C","59.7",",C","24.9",",,,C","0",",,,C","17.61",",C","25.45",",,,C","9.77",",,,C"
"CA004035200","1956-09","49.1667","-104.5833","695.0","MINTON, SK CA","86.5","C","0.0",",C","6",",C","1",",C","0",",C","","","0",",C","0",",C","6",",C","0",",C","13",",C","0",",C","-3.9",",C,23,","","","0",",,C,30,+","2.8",",,C,02,","30.6",",C,26,","341.2","C","217.7",",C","5.5",",,,C","0",",,,C","11.08",",C","19.27",",,,C","2.88",",,,C"
"CA004035200","1956-10","49.1667","-104.5833","695.0","MINTON, SK CA","86.5","C","0.0","1,C","4",",C","0",",C","0",",C","","","0",",C","0","1,C","20","1,C","0",",C","5",",C","0",",C","-12.8","1,C,30,","","","3",",,C,21,","0.8",",,C,13,","25.6",",C,12,","722.0","C","380.8",",C","2.1",",,,C","3",",,,C","5.53","1,C","13.19",",,,C","-2.13","1,,,C"
"CA004035200","1956-11","49.1667","-104.5833","695.0","MINTON, SK CA","86.5","C","0.0",",C","6",",C","0",",C","0",",C","","","0",",C","3",",C","28",",C","7",",C","0",",C","0",",C","-21.7",",C,22,+","","","13",",,C,19,","1.8",",,C,03,","14.4",",C,10,","1338.3","C","616.3",",C","4.9",",,,C","18",",,,C","-2.21",",C","4.28",",,,C","-8.70",",,,C"
"CA004035200","1956-12","49.1667","-104.5833","695.0","MINTON, SK CA","86.5","C","0.0",",C","6","3,C","1","3,C","0","3,C","","","1",",C","13",",C","31",",C","16",",C","0",",C","0",",C","-35.0",",C,06,","","","64",",,C,15,","6.4","3,,C,15,","10.6",",C,01,","2202.7","C","864.4",",C","18.9",",a,,C","184",",a,,C","-9.55",",C","-4.21",",,,C","-14.89",",,,C"
"CA004035200","1957-01","49.1667","-104.5833","695.0","MINTON, SK CA","0.0","C","0.0","1,C","8",",C","1",",C","0",",C","","","1",",C","23",",C","31",",C","30","1,C","0","1,C","0","1,C","-34.4",",C,29,+","","","25",",,C,02,","2.5",",,C,02,","-0.6","1,C,07,","3321.3","C","1118.6","1,C","10.0",",,,C","100",",,,C","-18.76","1,C","-13.99","1,,,C","-23.53",",,,C"
"CA004035200","1957-02","49.1667","-104.5833","695.0","MINTON, SK CA","0.0","C","0.0",",C","5",",C","1",",C","0",",C","","","1",",C","15",",C","28",",C","20",",C","0",",C","0",",C","-30.6",",C,22,","","","25",",,C,05,","2.5",",,C,05,","5.6",",C,24,+","4177.8","C","856.5",",C","7.2",",,,C","72",",,,C","-12.26",",C","-6.98",",,,C","-17.54",",,,C"
"CA004035200","1957-03","49.1667","-104.5833","695.0","MINTON, SK CA","0.0","C","0.0",",C","6",",C","4",",C","0",",C","","","3",",C","5",",C","31",",C","12",",C","0",",C","0",",C","-19.4",",C,07,","","","51",",,C,22,","5.1",",,C,22,","15.6",",C,21,","4892.2","C","714.4",",C","15.1",",,,C","139",",,,C","-4.71",",C","1.03",",,,C","-10.45",",,,C"
"CA004035200","1957-04","49.1667","-104.5833","695.0","MINTON, SK CA","0.0","C","0.0",",C","8",",C","5",",C","0",",C","","","0",",C","1",",C","22",",C","3",",C","4",",C","0",",C","-20.6",",C,11,","","","5",",,C,03,","19.1",",,C,22,","26.7",",C,30,","5360.5","C","468.3",",C","50.6",",,,C","5",",,,C","2.72",",C","9.17",",,,C","-3.73",",,,C"
"CA004035200","1957-05","49.1667","-104.5833","695.0","MINTON, SK CA","0.3","C","0.3",",C","7",",C","3",",C","0",",C","","","0",",C","0",",C","5",",C","0",",C","15",",C","0",",C","-3.9",",C,10,","","","0",",,C,31,+","14.2",",,C,20,","28.9",",C,30,","5578.1","C","217.6",",C","31.8",",,,C","0",",,,C","11.32",",C","19.05",",,,C","3.59",",,,C"
"CA004035200","1957-06","49.1667","-104.5833","695.0","MINTON, SK CA","3.9","C","3.6",",C","11",",C","3",",C","0",",C","","","0",",C","0",",C","2",",C","0",",C","20",",C","0",",C","0.0",",C,26,+","","","0",",,C,30,+","9.4",",,C,19,","31.7",",C,30,","5684.6","C","106.5",",C","30.5",",,,C","0",",,,C","14.91",",C","22.30",",,,C","7.51",",,,C"
"CA004035200","1957-07","49.1667","-104.5833","695.0","MINTON, SK CA","88.6","C","84.7",",C","10",",C","8",",C","1",",C","","","0",",C","0",",C","0",",C","0",",C","31",",C","8",",C","5.0",",C,03,","","","0",",,C,31,+","27.7",",,C,14,","37.2",",C,11,","10.5","C","10.5",",C","82.2",",,,C","0",",,,C","20.73",",C","29.14",",,,C","12.31",",,,C"
"CA004035200","1957-08","49.1667","-104.5833","695.0","MINTON, SK CA","118.2","C","29.6","1,C","8",",C","3",",C","0",",C","","","0",",C","0","1,C","1","1,C","0",",C","24",",C","3",",C","0.0","1,C,26,","","","0",",,C,31,+","18.3",",,C,30,","33.9",",C,21,","80.5","C","70.0",",C","32.6",",,,C","0",",,,C","16.82","1,C","24.29",",,,C","9.35","1,,,C"
"CA004035200","1957-09","49.1667","-104.5833","695.0","MINTON, SK CA","118.2","C","0.0",",C","3",",C","1",",C","0",",C","","","0",",C","0",",C","5",",C","0",",C","12",",C","0",",C","-10.0",",C,19,","","","0",",,C,30,+","5.3",",,C,11,","29.4",",C,07,","287.8","C","207.3",",C","7.6",",,,C","0",",,,C","11.42",",C","18.73",",,,C","4.11",",,,C"
"CA004035200","1957-10","49.1667","-104.5833","695.0","MINTON, SK CA","119.6","C","1.4",",C","6",",C","2",",C","0",",C","","","2",",C","1",",C","22",",C","5",",C","4",",C","0",",C","-20.0",",C,25,","","","140",",,C,22,","14.0",",,C,22,","28.9",",C,02,","759.2","C","471.4",",C","22.7",",,,C","178",",,,C","3.17",",C","9.10",",,,C","-2.76",",,,C"
"CA004035200","1957-11","49.1667","-104.5833","695.0","MINTON, SK CA","119.6","C","0.0",",C","4",",C","2",",C","0",",C","","","2",",C","2",",C","30",",C","15",",C","0",",C","0",",C","-18.9",",C,29,","","","51",",,C,15,","5.1",",,C,15,","7.2",",C,25,","1427.1","C","667.9",",C","11.5",",,,C","115",",,,C","-3.93",",C","0.41",",,,C","-8.27",",,,C"
"CA004035200","1957-12","49.1667","-104.5833","695.0","MINTON, SK CA","119.6","C","0.0",",C","1",",C","1",",C","0",",C","","","1",",C","6",",C","31",",C","14",",C","0",",C","0",",C","-27.2",",C,30,","","","51",",,C,29,","5.1",",,C,29,","7.2",",C,08,","2188.2","C","761.1",",C","5.1",",,,C","51",",,,C","-6.22",",C","-0.81",",,,C","-11.63",",,,C"
"CA004035200","1958-01","49.1667","-104.5833","695.0","MINTON, SK CA","0.0","C","0.0",",C","2",",C","0",",C","0",",C","","","0",",C","4",",C","31",",C","21",",C","0",",C","0",",C","-22.2",",C,02,","","","5",",,C,13,","1.8",",,C,23,","5.6",",C,11,+","2989.8","C","801.6",",C","2.3",",,,C","5",",,,C","-7.52",",C","-2.83",",,,C","-12.22",",,,C"
"CA004035200","1958-02","49.1667","-104.5833","695.0","MINTON, SK CA","0.0","C","0.0",",C","4",",C","2",",C","0",",C","","","2",",C","16",",C","28",",C","21",",C","0",",C","0",",C","-35.0",",C,15,","","","127",",,C,27,","12.7",",,C,27,","12.8",",C,22,","3849.0","C","859.2",",C","24.7",",,,C","247",",,,C","-12.35",",C","-7.55",",,,C","-17.16",",,,C"
"CA004035200","1958-03","49.1667","-104.5833","695.0","MINTON, SK CA","0.0","C","0.0",",C","9",",C","1",",C","0",",C","","","1",",C","5",",C","31",",C","22",",C","0",",C","0",",C","-25.6",",C,05,","","","25",",,C,09,","2.5",",,C,09,","11.7",",C,30,","4612.3","C","763.3",",C","11.0",",,,C","110",",,,C","-6.29",",C","-2.25",",,,C","-10.32",",,,C"
"CA004035200","1958-04","49.1667","-104.5833","695.0","MINTON, SK CA","0.0","C","0.0",",C","9",",C","1",",C","0",",C","","","0",",C","0",",C","20",",C","0",",C","2",",C","0",",C","-11.7",",C,28,","","","8",",,C,25,","3.0",",,C,09,","22.2",",C,14,+","5000.9","C","388.6",",C","14.7",",,,C","8",",,,C","5.38",",C","11.61",",,,C","-0.85",",,,C"
"CA004035200","1958-05","49.1667","-104.5833","695.0","MINTON, SK CA","10.8","C","10.8",",C","2",",C","0",",C","0",",C","","","0",",C","0",",C","4",",C","0",",C","17",",C","1",",C","-5.6",",C,03,","","","0",",,C,31,+","0.5",",,C,11,+","33.3",",C,29,","5170.0","C","169.1",",C","1.0",",,,C","0",",,,C","13.22",",C","21.81",",,,C","4.64",",,,C"
"CA004035200","1958-06","49.1667","-104.5833","695.0","MINTON, SK CA","18.1","C","7.3",",C","9",",C","4",",C","0",",C","","","0",",C","0",",C","3",",C","0",",C","12",",C","1",",C","0.0",",C,13,+","","","0",",,C,30,+","11.7",",,C,15,+","32.8",",C,27,","5323.8","C","153.8",",C","41.7",",,,C","0",",,,C","13.45",",C","20.88",",,,C","6.02",",,,C"
"CA004035200","1958-07","49.1667","-104.5833","695.0","MINTON, SK CA","47.0","C","28.9",",C","8",",C","2",",C","0",",C","","","0",",C","0",",C","0",",C","0",",C","24",",C","5",",C","1.7",",C,07,","","","0",",,C,31,+","10.7",",,C,13,","36.7",",C,22,","73.4","C","73.4",",C","19.9",",,,C","0",",,,C","16.90",",C","24.82",",,,C","8.98",",,,C"
"CA004035200","1958-08","49.1667","-104.5833","695.0","MINTON, SK CA","134.2","C","87.2",",C","5",",C","2",",C","0",",C","","","0",",C","0",",C","1",",C","0",",C","27",",C","9",",C","0.0",",C,24,","","","0",",,C,31,+","10.9",",,C,19,","38.9",",C,08,","113.3","C","39.9",",C","18.3",",,,C","0",",,,C","19.86",",C","28.07",",,,C","11.65",",,,C"
"CA004035200","1958-09","49.1667","-104.5833","695.0","MINTON, SK CA","140.9","C","6.7",",C","5",",C","1",",C","0",",C","","","0",",C","0",",C","8",",C","0",",C","14",",C","1",",C","-3.9",",C,27,","","","5",",,C,29,","4.8",",,C,28,","32.2",",C,12,","317.6","C","204.3",",C","8.3",",,,C","5",",,,C","11.74",",C","19.91",",,,C","3.58",",,,C"
"CA004035200","1958-10","49.1667","-104.5833","695.0","MINTON, SK CA","140.9","C","0.0",",C","1",",C","0",",C","0",",C","","","0",",C","0",",C","22",",C","0",",C","6",",C","0",",C","-12.2",",C,28,+","","","0",",T,C,09,+","0.3",",,C,19,","25.6",",C,03,","717.9","C","400.3",",C","0.3",",,,C","0",",T,,C","5.42",",C","14.15",",,,C","-3.31",",,,C"
"CA004035200","1958-11","49.1667","-104.5833","695.0","MINTON, SK CA","140.9","C","0.0",",C","8",",C","4",",C","0",",C","","","4",",C","5",",C","30",",C","12",",C","0",",C","0",",C","-27.2",",C,26,","","","203",",,C,16,","20.3",",,C,16,","17.8",",C,01,","1413.2","C","695.3",",C","64.6",",,,C","623",",,,C","-4.85",",C","1.00",",,,C","-10.69",",,,C"
"CA004035200","1958-12","49.1667","-104.5833","695.0","MINTON, SK CA","140.9","C","0.0",",C","2",",C","1",",C","0",",C","","","1",",C","15",",C","31",",C","22",",C","0",",C","0",",C","-28.9",",C,14,+","","","33",",,C,18,","3.3",",,C,18,","7.2",",C,02,","2322.2","C","909.0",",C","4.1",",,,C","41",",,,C","-10.99",",C","-5.80",",,,C","-16.18",",,,C"
"CA004035200","1959-01","49.1667","-104.5833","695.0","MINTON, SK CA","0.0","C","0.0",",C","6",",C","1",",C","0",",C","","","1",",C","24",",C","31",",C","27",",C","0",",C","0",",C","-37.2",",C,31,","","","51",",,C,23,","5.1",",,C,23,","3.9",",C,10,","3425.9","C","1103.7",",C","9.6",",,,C","96",",,,C","-17.27",",C","-12.69",",,,C","-21.85",",,,C"
"CA004035200","1959-02","49.1667","-104.5833","695.0","MINTON, SK CA","0.0","C","0.0",",C","5","2,C","1","2,C","0","2,C","","","1",",C","20",",C","28",",C","23",",C","0",",C","0",",C","-35.6",",C,01,","","","69",",,C,03,","6.9","2,,C,03,","3.9",",C,28,+","4356.4","C","930.5",",C","12.9",",a,,C","129",",a,,C","-14.90",",C","-8.05",",,,C","-21.75",",,,C"
"CA004035200","1959-03","49.1667","-104.5833","695.0","MINTON, SK CA","0.0","C","0.0",",C","3",",C","1",",C","0",",C","","","1",",C","0",",C","30",",C","4",",C","0",",C","0",",C","-15.0",",C,06,","","","64",",,C,03,","6.4",",,C,03,","13.3",",C,28,","4937.7","C","581.3",",C","9.2",",,,C","72",",,,C","-0.42",",C","4.99",",,,C","-5.83",",,,C"
"CA004035200","1959-04","49.1667","-104.5833","695.0","MINTON, SK CA","0.0","C","0.0",",C","4",",C","2",",C","0",",C","","","1",",C","0",",C","23",",C","2",",C","3",",C","0",",C","-13.3",",C,11,","","","33",",,C,23,","7.6",",,C,01,","25.6",",C,30,","5393.4","C","455.7",",C","16.3",",,,C","41",",,,C","3.14",",C","10.57",",,,C","-4.28",",,,C"
"CA004035200","1959-05","49.1667","-104.5833","695.0","MINTON, SK CA","0.0","C","0.0",",C","7",",C","3",",C","0",",C","","","0",",C","0",",C","11",",C","0",",C","7",",C","0",",C","-5.0",",C,15,","","","0",",T,C,05,","10.7",",,C,25,+","26.7",",C,16,","5686.9","C","293.5",",C","28.0",",,,C","0",",T,,C","8.87",",C","15.93",",,,C","1.80",",,,C"
"CA004035200","1959-06","49.1667","-104.5833","695.0","MINTON, SK CA","26.3","C","26.3",",C","10",",C","7",",C","2",",C","","","0",",C","0",",C","0",",C","0",",C","21",",C","2",",C","1.7",",C,22,","","","0",",,C,30,+","37.3",",,C,27,","34.4",",C,14,","5763.9","C","77.0",",C","113.8",",,,C","0",",,,C","16.64",",C","23.64",",,,C","9.65",",,,C"
"CA004035200","1959-07","49.1667","-104.5833","695.0","MINTON, SK CA","83.3","C","57.0",",C","9",",C","2",",C","0",",C","","","0",",C","0",",C","0",",C","0",",C","28",",C","7",",C","5.6",",C,31,+","","","0",",,C,31,+","3.0",",,C,20,+","36.1",",C,26,","26.2","C","26.2",",C","12.2",",,,C","0",",,,C","19.33",",C","27.35",",,,C","11.30",",,,C"
"CA004035200","1959-08","49.1667","-104.5833","695.0","MINTON, SK CA","125.0","C","41.7",",C","6",",C","1",",C","0",",C","","","0",",C","0",",C","0",",C","0",",C","27",",C","4",",C","0.6",",C,30,","","","0",",,C,31,+","16.3",",,C,13,","35.0",",C,01,","78.7","C","52.5",",C","23.0",",,,C","0",",,,C","17.99",",C","26.31",",,,C","9.66",",,,C"
"CA004035200","1959-09","49.1667","-104.5833","695.0","MINTON, SK CA","126.4","C","1.4",",C","11",",C","8",",C","1",",C","","","0",",C","0",",C","4",",C","0",",C","9",",C","0",",C","-2.8",",C,16,","","","0",",T,C,28,","62.5",",,C,25,","27.2",",C,10,","309.1","C","230.4",",C","115.1",",,,C","0",",T,,C","10.70",",C","16.27",",,,C","5.13",",,,C"
"CA004035200","1959-10","49.1667","-104.5833","695.0","MINTON, SK CA","126.4","C","0.0","1,C","8","2,C","5","2,C","0","2,C","","","3",",C","0",",C","27",",C","6","1,C","0","1,C","0","1,C","-16.1",",C,09,","","","64",",,C,07,","6.4","2,,C,07,","17.2","1,C,18,","816.9","C","507.8","1,C","39.3",",a,,C","315",",a,,C","1.45","1,C","5.85","1,,,C","-2.95",",,,C"
"CA004035200","1959-11","49.1667","-104.5833","695.0","MINTON, SK CA","126.4","C","0.0",",C","10",",C","2",",C","0",",C","","","2",",C","7",",C","30",",C","15",",C","0",",C","0",",C","-26.1",",C,16,","","","89",",,C,24,","8.9",",,C,24,","16.1",",C,02,","1577.3","C","760.4",",C","24.1",",,,C","218",",,,C","-7.02",",C","-2.97",",,,C","-11.06",",,,C"
"CA004035200","1959-12","49.1667","-104.5833","695.0","MINTON, SK CA","126.4","C","0.0",",C","7",",C","2",",C","0",",C","","","2",",C","0",",C","31",",C","21",",C","0",",C","0",",C","-15.0",",C,24,+","","","51",",,C,31,","5.1",",,C,31,","6.1",",C,02,","2317.1","C","739.8",",C","11.1",",,,C","111",",,,C","-5.53",",C","-1.69",",,,C","-9.37",",,,C"
"CA004035200","1960-01","49.1667","-104.5833","695.0","MINTON, SK CA","0.0","C","0.0",",C","6",",C","2",",C","0",",C","","","2",",C","21",",C","31",",C","28",",C","0",",C","0",",C","-30.0",",C,05,","","","25",",,C,16,+","2.5",",,C,16,+","5.0",",C,29,","3320.5","C","1003.4",",C","9.4",",,,C","94",",,,C","-14.03",",C","-8.78",",,,C","-19.29",",,,C"
"CA004035200","1960-02","49.1667","-104.5833","695.0","MINTON, SK CA","0.0","C","0.0",",C","10",",C","0",",C","0",",C","","","0",",C","14",",C","29",",C","25",",C","0",",C","0",",C","-28.9",",C,27,","","","8",",,C,10,","1.3",",,C,07,","6.1",",C,07,","4225.0","C","904.5",",C","4.7",",,,C","34",",,,C","-12.86",",C","-8.35",",,,C","-17.36",",,,C"
"CA004035200","1960-03","49.1667","-104.5833","695.0","MINTON, SK CA","0.0","C","0.0",",C","5",",C","2",",C","0",",C","","","2",",C","9",",C","31",",C","18",",C","0",",C","0",",C","-31.7",",C,04,","","","30",",,C,07,","3.0",",,C,07,","16.7",",C,26,","5045.0","C","820.0",",C","6.4",",,,C","64",",,,C","-8.12",",C","-3.10",",,,C","-13.14",",,,C"
"CA004035200","1960-04","49.1667","-104.5833","695.0","MINTON, SK CA","0.0","C","0.0","1,C","5",",C","2",",C","0",",C","","","2",",C","0","1,C","18","1,C","2","1,C","0","1,C","0","1,C","-7.8","1,C,26,","","","38",",,C,25,","3.8",",,C,25,","16.1","1,C,11,","5458.6","C","413.6","1,C","9.9",",,,C","63",",,,C","4.07","1,C","9.65","1,,,C","-1.50","1,,,C"
"CA004035200","1960-05","49.1667","-104.5833","695.0","MINTON, SK CA","3.6","C","3.6",",C","8",",C","3",",C","0",",C","","","0",",C","0",",C","9",",C","0",",C","8",",C","1",",C","-3.3",",C,07,+","","","5",",,C,01,","19.1",",,C,23,","33.9",",C,12,","5672.7","C","214.1",",C","36.1",",,,C","5",",,,C","11.54",",C","18.37",",,,C","4.71",",,,C"
"CA004035200","1960-06","49.1667","-104.5833","695.0","MINTON, SK CA","6.9","C","3.3","1,C","11",",C","5",",C","1",",C","","","0",",C","0",",C","2",",C","0","1,C","18","1,C","0","1,C","-2.2",",C,05,","","","5",",,C,01,","47.8",",,C,20,","27.2","1,C,25,+","5810.6","C","137.9","1,C","97.2",",,,C","5",",,,C","13.68","1,C","20.86","1,,,C","6.49",",,,C"
"CA004035200","1960-07","49.1667","-104.5833","695.0","MINTON, SK CA","82.8","C","75.9",",C","8",",C","5",",C","1",",C","","","0",",C","0",",C","0",",C","0",",C","29",",C","5",",C","6.7",",C,30,","","","0",",,C,31,+","36.3",",,C,01,","36.7",",C,19,","22.5","C","22.5",",C","69.3",",,,C","0",",,,C","20.05",",C","27.78",",,,C","12.33",",,,C"
"CA004035200","1960-08","49.1667","-104.5833","695.0","MINTON, SK CA","108.9","C","26.1","1,C","11",",C","5",",C","1",",C","","","0",",C","0","1,C","0","1,C","0",",C","26",",C","2",",C","4.4","1,C,31,","","","0",",,C,31,+","27.7",",,C,27,","34.4",",C,19,","77.0","C","54.5",",C","101.4",",,,C","0",",,,C","17.42","1,C","24.66",",,,C","10.18","1,,,C"
"CA004035200","1960-09","49.1667","-104.5833","695.0","MINTON, SK CA","123.9","C","15.0",",C","3",",C","0",",C","0",",C","","","0",",C","0",",C","6",",C","0",",C","18",",C","0",",C","-4.4",",C,30,+","","","0",",,C,30,+","1.3",",,C,04,","31.1",",C,04,+","249.8","C","172.8",",C","2.1",",,,C","0",",,,C","13.07",",C","21.20",",,,C","4.94",",,,C"
"CA004035200","1960-10","49.1667","-104.5833","695.0","MINTON, SK CA","123.9","C","0.0","2,C","1",",C","0",",C","0",",C","","","0",",C","1","1,C","18","1,C","1","1,C","4","1,C","0","1,C","-18.3","1,C,19,","","","0",",T,C,29,+","0.3",",,C,09,","25.6","1,C,06,","611.8","C","362.0","1,C","0.3",",,,C","0",",T,,C","5.80","2,C","13.83","1,,,C","-2.23","1,,,C"
"CA004035200","1960-11","49.1667","-104.5833","695.0","MINTON, SK CA","123.9","C","0.0",",C","5",",C","3",",C","0",",C","","","3",",C","3",",C","30",",C","11",",C","0",",C","0",",C","-31.1",",C,29,","","","94",",,C,26,","9.4",",,C,26,","15.6",",C,25,","1310.7","C","698.9",",C","20.4",",,,C","204",",,,C","-4.97",",C","0.59",",,,C","-10.52",",,,C"
"CA004035200","1960-12","49.1667","-104.5833","695.0","MINTON, SK CA","","","","","7",",C","2",",C","0",",C","","","2",",C","5","1,C","30","1,C","","","","","","","-27.8","1,C,21,","","","58",",,C,19,","5.8",",,C,19,","","","","","","","12.6",",,,C","126",",,,C","","","","","-13.29","1,,,C"
"CA004035200","1961-01","49.1667","-104.5833","695.0","MINTON, SK CA","","","","","3",",C","1",",C","0",",C","","","1",",C","12",",C","31",",C","","","","","","","-28.9",",C,24,","","","51",",,C,31,","5.1",",,C,31,","","","","","","","6.2",",,,C","54",",,,C","","","","","-13.90",",,,C"
"CA004035200","1961-02","49.1667","-104.5833","695.0","MINTON, SK CA","","","0.0",",C","8",",C","2",",C","0",",C","","","2",",C","12",",C","28",",C","16",",C","0",",C","0",",C","-26.7",",C,02,","","","102",",,C,22,","10.2",",,C,22,","7.8",",C,10,","","","755.2",",C","18.3",",,,C","183",",,,C","-8.64",",C","-2.58",",,,C","-14.70",",,,C"
"CA004035200","1961-03","49.1667","-104.5833","695.0","MINTON, SK CA","","","0.0","1,C","2",",C","1",",C","0",",C","","","1",",C","2",",C","31",",C","9","1,C","0","1,C","0","1,C","-20.6",",C,06,+","","","41",",,C,03,","4.1",",,C,03,","15.6","1,C,24,","","","600.7","1,C","5.1",",,,C","41",",,,C","-1.78","1,C","3.70","1,,,C","-7.26",",,,C"
"CA004035200","1961-04","49.1667","-104.5833","695.0","MINTON, SK CA","","","0.0",",C","6",",C","3",",C","0",",C","","","3",",C","0",",C","28",",C","3",",C","0",",C","0",",C","-13.3",",C,16,+","","","102",",,C,03,","23.4",",,C,03,","20.0",",C,18,","","","507.5",",C","35.6",",,,C","221",",,,C","1.42",",C","8.01",",,,C","-5.18",",,,C"
"CA004035200","1961-05","49.1667","-104.5833","695.0","MINTON, SK CA","","","7.0",",C","10",",C","3",",C","1",",C","","","0",",C","0",",C","11",",C","0",",C","13",",C","0",",C","-6.1",",C,01,","","","15",",,C,09,","32.3",",,C,30,","31.1",",C,29,","","","237.5",",C","46.8",",,,C","15",",,,C","10.90",",C","18.23",",,,C","3.56",",,,C"
"CA004035200","1961-06","49.1667","-104.5833","695.0","MINTON, SK CA","","","42.4",",C","6",",C","3",",C","0",",C","","","0",",C","0",",C","0",",C","0",",C","29",",C","3",",C","3.3",",C,23,","","","0",",,C,30,+","17.8",",,C,29,","35.6",",C,17,","","","27.7",",C","30.3",",,,C","0",",,,C","18.82",",C","27.77",",,,C","9.88",",,,C"
"CA004035200","1961-07","49.1667","-104.5833","695.0","MINTON, SK CA","","","59.4","1,C","7",",C","4",",C","0",",C","","","0",",C","0","1,C","0","1,C","0",",C","28",",C","7",",C","3.9","1,C,02,","","","0",",,C,31,+","19.3",",,C,27,","35.6",",C,08,","30.3","C","30.3",",C","34.8",",,,C","0",",,,C","19.16","1,C","27.49",",,,C","10.83","1,,,C"
"CA004035200","1961-08","49.1667","-104.5833","695.0","MINTON, SK CA","","","82.1","1,C","3",",C","1",",C","0",",C","","","0",",C","0",",C","0",",C","0","1,C","30","1,C","14","1,C","4.4",",C,28,+","","","0",",,C,31,+","4.3",",,C,01,","37.2","1,C,23,","41.2","C","10.9","1,C","5.9",",,,C","0",",,,C","20.63","1,C","30.86","1,,,C","10.40",",,,C"
"CA004035200","1961-09","49.1667","-104.5833","695.0","MINTON, SK CA","","","0.6",",C","9",",C","5",",C","0",",C","","","0",",C","0",",C","9",",C","1",",C","6",",C","0",",C","-12.2",",C,30,","","","0",",T,C,26,+","21.1",",,C,01,","28.9",",C,17,","335.5","C","294.3",",C","43.3",",,,C","0",",T,,C","8.54",",C","14.83",",,,C","2.25",",,,C"
"CA004035200","1961-10","49.1667","-104.5833","695.0","MINTON, SK CA","","","0.0",",C","2",",C","2",",C","0",",C","","","2",",C","0",",C","22",",C","1",",C","6",",C","0",",C","-8.9",",C,25,+","","","127",",,C,22,","12.7",",,C,22,","28.9",",C,15,","739.8","C","404.3",",C","15.2",",,,C","152",",,,C","5.29",",C","12.26",",,,C","-1.68",",,,C"
"CA004035200","1961-11","49.1667","-104.5833","695.0","MINTON, SK CA","","","0.0",",C","3",",C","2",",C","0",",C","","","2",",C","2",",C","29",",C","11",",C","0",",C","0",",C","-19.4",",C,29,","","","25",",,C,29,+","2.5",",,C,29,+","18.9",",C,10,","1396.6","C","656.8",",C","6.3",",,,C","63",",,,C","-3.56",",C","2.36",",,,C","-9.48",",,,C"
"CA004035200","1961-12","49.1667","-104.5833","695.0","MINTON, SK CA","","","0.0",",C","7",",C","4",",C","0",",C","","","4",",C","21",",C","31",",C","28",",C","0",",C","0",",C","-36.1",",C,19,","","","64",",,C,21,+","6.4",",,C,21,+","3.3",",C,24,","2451.5","C","1054.9",",C","21.3",",,,C","213",",,,C","-15.70",",C","-9.85",",,,C","-21.54",",,,C"
"CA004035200","1962-01","49.1667","-104.5833","695.0","MINTON, SK CA","0.0","C","0.0",",C","10",",C","3",",C","0",",C","","","3",",C","16",",C","30",",C","21",",C","0",",C","0",",C","-34.4",",C,17,","","","64",",,C,26,","6.4",",,C,26,","5.6",",C,02,","3421.8","C","970.3",",C","17.2",",,,C","164",",,,C","-12.97",",C","-7.53",",,,C","-18.40",",,,C"
"CA004035200","1962-02","49.1667","-104.5833","695.0","MINTON, SK CA","0.0","C","0.0",",C","8",",C","1",",C","0",",C","","","1",",C","16",",C","28",",C","24",",C","0",",C","0",",C","-39.4",",C,28,+","","","51",",,C,14,","5.1",",,C,14,","5.6",",C,03,+","4367.4","C","945.6",",C","11.1",",,,C","103",",,,C","-15.44",",C","-11.25",",,,C","-19.63",",,,C"
"CA004035200","1962-03","49.1667","-104.5833","695.0","MINTON, SK CA","0.0","C","0.0",",C","7",",C","4",",C","0",",C","","","4",",C","9",",C","29",",C","16",",C","0",",C","0",",C","-34.4",",C,01,","","","46",",,C,10,","4.6",",,C,10,","12.8",",C,26,","5181.6","C","814.2",",C","15.7",",,,C","144",",,,C","-7.93",",C","-3.00",",,,C","-12.86",",,,C"
"CA004035200","1962-04","49.1667","-104.5833","695.0","MINTON, SK CA","0.0","C","0.0",",C","7",",C","2",",C","0",",C","","","1",",C","0",",C","19",",C","1",",C","5",",C","0",",C","-10.6",",C,12,","","","30",",,C,08,","4.1",",,C,28,","27.2",",C,24,","5560.2","C","378.6",",C","11.3",",,,C","61",",,,C","5.71",",C","12.93",",,,C","-1.50",",,,C"
"CA004035200","1962-05","49.1667","-104.5833","695.0","MINTON, SK CA","0.0","C","0.0","1,C","13",",C","10",",C","0",",C","","","0",",C","0",",C","5",",C","0","1,C","3","1,C","0","1,C","-3.9",",C,06,","","","5",",,C,06,","15.7",",,C,21,","22.8","1,C,19,+","5822.7","C","262.5","1,C","77.4",",,,C","5",",,,C","9.55","1,C","15.31","1,,,C","3.80",",,,C"
"CA004035200","1962-06","49.1667","-104.5833","695.0","MINTON, SK CA","9.2","C","9.2",",C","11",",C","8",",C","1",",C","","","0",",C","0",",C","0",",C","0",",C","23",",C","0",",C","3.9",",C,01,","","","0",",,C,30,+","32.0",",,C,06,","30.6",",C,27,","5886.9","C","64.2",",C","90.3",",,,C","0",",,,C","16.50",",C","22.82",",,,C","10.18",",,,C"
"CA004035200","1962-07","49.1667","-104.5833","695.0","MINTON, SK CA","20.4","C","11.2","1,C","10",",C","6",",C","0",",C","","","0",",C","0","1,C","0","1,C","0",",C","24",",C","0",",C","5.0","1,C,25,+","","","0",",,C,31,+","19.1",",,C,18,","28.3",",C,12,","46.9","C","46.9",",C","56.2",",,,C","0",",,,C","17.16","1,C","24.18",",,,C","10.13","1,,,C"
"CA004035200","1962-08","49.1667","-104.5833","695.0","MINTON, SK CA","54.3","C","33.9",",C","4",",C","4",",C","0",",C","","","0",",C","0",",C","0",",C","0",",C","26",",C","3",",C","0.6",",C,30,","","","0",",,C,31,+","15.0",",,C,04,","33.9",",C,21,","98.0","C","51.1",",C","33.8",",,,C","0",",,,C","17.78",",C","25.95",",,,C","9.61",",,,C"
"CA004035200","1962-09","49.1667","-104.5833","695.0","MINTON, SK CA","54.3","C","0.0","1,C","4",",C","1",",C","0",",C","","","0",",C","0",",C","12",",C","0","1,C","15","1,C","0","1,C","-6.1",",C,09,","","","0",",T,C,07,","2.5",",,C,29,","28.3","1,C,27,","306.9","C","208.9","1,C","6.1",",,,C","0",",T,,C","11.12","1,C","20.40","1,,,C","1.83",",,,C"
"CA004035200","1962-10","49.1667","-104.5833","695.0","MINTON, SK CA","54.3","C","0.0",",C","7",",C","4",",C","0",",C","","","1",",C","0",",C","14",",C","0",",C","4",",C","0",",C","-10.0",",C,25,","","","25",",,C,15,","16.0",",,C,06,","23.3",",C,04,+","638.5","C","331.6",",C","27.8",",,,C","25",",,,C","7.64",",C","14.64",",,,C","0.63",",,,C"
"CA004035200","1962-11","49.1667","-104.5833","695.0","MINTON, SK CA","54.3","C","0.0",",C","9",",C","2",",C","0",",C","","","2",",C","0",",C","27",",C","5",",C","0",",C","0",",C","-12.8",",C,30,","","","28",",,C,16,","8.1",",,C,27,","16.7",",C,08,","1162.0","C","523.5",",C","15.6",",,,C","89",",,,C","0.88",",C","6.49",",,,C","-4.73",",,,C"
"CA004035200","1962-12","49.1667","-104.5833","695.0","MINTON, SK CA","54.3","C","0.0",",C","10",",C","3",",C","0",",C","","","3",",C","11",",C","30",",C","20",",C","0",",C","0",",C","-28.9",",C,11,","","","43",",,C,25,","4.3",",,C,25,","8.9",",C,16,","1991.8","C","829.8",",C","15.4",",,,C","136",",,,C","-8.43",",C","-2.88",",,,C","-13.99",",,,C"
"CA004035200","1963-01","49.1667","-104.5833","695.0","MINTON, SK CA","0.0","C","0.0",",C","10",",C","2",",C","0",",C","","","2",",C","24",",C","31",",C","24",",C","0",",C","0",",C","-35.0",",C,22,","","","97",",,C,31,","9.7",",,C,31,","7.2",",C,07,","3116.5","C","1124.7",",C","17.2",",,,C","167",",,,C","-17.95",",C","-12.25",",,,C","-23.65",",,,C"
"CA004035200","1963-02","49.1667","-104.5833","695.0","MINTON, SK CA","0.0","C","0.0",",C","13",",C","3",",C","0",",C","","","1",",C","10",",C","28",",C","23",",C","0",",C","0",",C","-32.8",",C,02,","","","25",",,C,21,","5.3",",,C,07,","10.0",",C,04,","3910.6","C","794.1",",C","20.4",",,,C","131",",,,C","-10.03",",C","-4.80",",,,C","-15.25",",,,C"
"CA004035200","1963-03","49.1667","-104.5833","695.0","MINTON, SK CA","0.0","C","0.0",",C","5",",C","0",",C","0",",C","","","0",",C","2",",C","25",",C","7",",C","0",",C","0",",C","-21.1",",C,13,","","","13",",,C,11,+","2.0",",,C,24,","18.3",",C,28,+","4513.2","C","602.6",",C","7.7",",,,C","39",",,,C","-1.10",",C","4.81",",,,C","-7.02",",,,C"
"CA004035200","1963-04","49.1667","-104.5833","695.0","MINTON, SK CA","0.0","C","0.0",",C","12",",C","5",",C","0",",C","","","3",",C","0",",C","22",",C","3",",C","3",",C","0",",C","-9.4",",C,02,","","","81",",,C,08,","22.1",",,C,16,","25.6",",C,14,","4933.3","C","420.1",",C","50.1",",,,C","178",",,,C","4.33",",C","10.38",",,,C","-1.72",",,,C"
"CA004035200","1963-05","49.1667","-104.5833","695.0","MINTON, SK CA","2.8","C","2.8",",C","13",",C","7",",C","0",",C","","","0",",C","0",",C","7",",C","0",",C","7",",C","0",",C","-6.7",",C,03,","","","0",",T,C,20,+","17.5",",,C,11,","30.0",",C,30,","5211.6","C","278.3",",C","48.2",",,,C","0",",T,,C","9.45",",C","15.94",",,,C","2.95",",,,C"
"CA004035200","1963-06","49.1667","-104.5833","695.0","MINTON, SK CA","7.5","C","4.7",",C","13",",C","9",",C","1",",C","","","0",",C","0",",C","0",",C","0",",C","19",",C","0",",C","5.0",",C,24,+","","","0",",,C,30,+","27.4",",,C,03,","28.3",",C,28,","5304.1","C","92.5",",C","118.1",",,,C","0",",,,C","15.41",",C","21.22",",,,C","9.60",",,,C"
"CA004035200","1963-07","49.1667","-104.5833","695.0","MINTON, SK CA","66.9","C","59.4",",C","7",",C","4",",C","0",",C","","","0",",C","0",",C","0",",C","0",",C","31",",C","2",",C","7.2",",C,31,","","","0",",,C,31,+","14.0",",,C,10,+","38.3",",C,22,","9.7","C","9.7",",C","41.0",",,,C","0",",,,C","19.94",",C","27.47",",,,C","12.40",",,,C"
"CA004035200","1963-08","49.1667","-104.5833","695.0","MINTON, SK CA","111.1","C","44.2",",C","10",",C","5",",C","1",",C","","","0",",C","0",",C","0",",C","0",",C","29",",C","3",",C","3.3",",C,31,","","","0",",,C,31,+","25.4",",,C,11,","35.0",",C,05,","40.6","C","30.9",",C","63.4",",,,C","0",",,,C","18.76",",C","27.02",",,,C","10.50",",,,C"
"CA004035200","1963-09","49.1667","-104.5833","695.0","MINTON, SK CA","120.8","C","9.7","1,C","5",",C","3",",C","0",",C","","","0",",C","0","1,C","1","1,C","0",",C","18",",C","0",",C","-1.1","1,C,29,","","","0",",,C,30,+","13.7",",,C,15,","31.7",",C,30,+","146.1","C","105.5",",C","31.7",",,,C","0",",,,C","15.18","1,C","23.23",",,,C","7.12","1,,,C"
"CA004035200","1963-10","49.1667","-104.5833","695.0","MINTON, SK CA","122.5","C","1.7",",C","2","2,C","0","2,C","0","2,C","","","0",",C","0",",C","8",",C","0",",C","16",",C","0",",C","-12.2",",C,28,","","","0",",,C,31,+","2.0","2,,C,05,","28.9",",C,03,","380.8","C","234.7",",C","5.3",",a,,C","0",",,,C","10.81",",C","18.96",",,,C","2.67",",,,C"
"CA004035200","1963-11","49.1667","-104.5833","695.0","MINTON, SK CA","122.5","C","0.0",",C","5",",C","2",",C","0",",C","","","2",",C","3",",C","29",",C","6",",C","0",",C","0",",C","-23.3",",C,22,","","","38",",,C,20,","4.3",",,C,23,","14.4",",C,04,","998.8","C","618.0",",C","10.7",",,,C","76",",,,C","-2.27",",C","4.85",",,,C","-9.39",",,,C"
"CA004035200","1963-12","49.1667","-104.5833","695.0","MINTON, SK CA","122.5","C","0.0",",C","8",",C","1",",C","0",",C","","","1",",C","18",",C","31",",C","19",",C","0",",C","0",",C","-36.1",",C,15,","","","114",",,C,06,","11.4",",,C,06,","10.0",",C,04,","1941.3","C","942.5",",C","15.1",",,,C","151",",,,C","-12.07",",C","-6.96",",,,C","-17.18",",,,C"
"CA004035200","1964-01","49.1667","-104.5833","695.0","MINTON, SK CA","0.0","C","0.0","1,C","6",",C","0",",C","0",",C","","","0",",C","10","1,C","30","1,C","19",",C","0",",C","0",",C","-28.9","1,C,27,","","","15",",,C,23,","1.5",",,C,23,","5.6",",C,01,","2782.3","C","841.0",",C","4.3",",,,C","43",",,,C","-9.67","1,C","-3.71",",,,C","-15.62","1,,,C"
"CA004035200","1964-02","49.1667","-104.5833","695.0","MINTON, SK CA","0.0","C","0.0",",C","9",",C","0",",C","0",",C","","","0",",C","5",",C","29",",C","15",",C","0",",C","0",",C","-30.0",",C,26,","","","20",",,C,16,","2.0",",,C,16,","7.2",",C,28,","3485.8","C","703.5",",C","7.1",",,,C","71",",,,C","-5.93",",C","-0.04",",,,C","-11.81",",,,C"
"CA004035200","1964-03","49.1667","-104.5833","695.0","MINTON, SK CA","0.0","C","0.0",",C","10",",C","2",",C","0",",C","","","2",",C","12",",C","31",",C","20",",C","0",",C","0",",C","-31.7",",C,29,","","","145",",,C,18,","14.5",",,C,18,","10.6",",C,31,+","4340.7","C","854.9",",C","32.7",",,,C","281",",,,C","-9.25",",C","-3.17",",,,C","-15.32",",,,C"
"CA004035200","1964-04","49.1667","-104.5833","695.0","MINTON, SK CA","0.0","C","0.0",",C","3",",C","1",",C","0",",C","","","1",",C","0",",C","22",",C","2",",C","0",",C","0",",C","-10.6",",C,07,","","","76",",,C,05,","7.6",",,C,05,","20.6",",C,26,+","4729.6","C","388.9",",C","9.9",",,,C","99",",,,C","5.37",",C","12.41",",,,C","-1.67",",,,C"
"CA004035200","1964-05","49.1667","-104.5833","695.0","MINTON, SK CA","8.9","C","8.9","1,C","9",",C","6",",C","0",",C","","","0",",C","0",",C","4",",C","0","1,C","9","1,C","1","1,C","-2.8",",C,31,+","","","0",",,C,31,+","18.8",",,C,03,+","32.8","1,C,20,","4926.7","C","197.1","1,C","61.0",",,,C","0",",,,C","12.06","1,C","18.91","1,,,C","5.22",",,,C"
"CA004035200","1964-06","49.1667","-104.5833","695.0","MINTON, SK CA","17.6","C","8.7",",C","13",",C","9",",C","1",",C","","","0",",C","0",",C","2",",C","0",",C","16",",C","1",",C","-2.8",",C,01,","","","0",",,C,30,+","32.5",",,C,18,","32.8",",C,27,","5050.2","C","123.5",",C","99.3",",,,C","0",",,,C","14.50",",C","21.34",",,,C","7.67",",,,C"
"CA004035200","1964-07","49.1667","-104.5833","695.0","MINTON, SK CA","81.5","C","63.9","1,C","10",",C","6",",C","0",",C","","","0",",C","0",",C","0",",C","0","1,C","30","1,C","5","1,C","5.6",",C,07,","","","0",",,C,31,+","14.0",",,C,03,","33.3","1,C,15,+","9.9","C","9.9","1,C","46.8",",,,C","0",",,,C","20.03","1,C","28.08","1,,,C","11.98",",,,C"
"CA004035200","1964-08","49.1667","-104.5833","695.0","MINTON, SK CA","122.9","C","41.4","1,C","7",",C","1",",C","0",",C","","","0",",C","0","1,C","2","1,C","0","1,C","25","1,C","4","1,C","-2.8","1,C,25,","","","0",",,C,31,+","7.9",",,C,21,","36.7","1,C,04,","79.1","C","69.2","1,C","14.9",",,,C","0",",,,C","17.41","1,C","25.65","1,,,C","9.16","1,,,C"
"CA004035200","1964-09","49.1667","-104.5833","695.0","MINTON, SK CA","125.4","C","2.5",",C","8",",C","3",",C","1",",C","","","0",",C","0",",C","7",",C","0",",C","8",",C","0",",C","-8.3",",C,11,","","","0",",T,C,25,","36.8",",,C,25,","31.1",",C,17,","319.8","C","240.7",",C","47.6",",,,C","0",",T,,C","10.40",",C","17.91",",,,C","2.88",",,,C"
"CA004035200","1964-10","49.1667","-104.5833","695.0","MINTON, SK CA","125.4","C","0.0",",C","0",",C","0",",C","0",",C","","","0",",C","0",",C","22",",C","0",",C","4",",C","0",",C","-12.2",",C,22,","","","0",",T,C,27,","0.0",",T,C,27,+","29.4",",C,13,","677.7","C","357.9",",C","0.0",",T,,C","0",",T,,C","6.79",",C","15.37",",,,C","-1.79",",,,C"
"CA004035200","1964-11","49.1667","-104.5833","695.0","MINTON, SK CA","125.4","C","0.0",",C","7",",C","3",",C","0",",C","","","3",",C","8",",C","30",",C","14",",C","0",",C","0",",C","-33.3",",C,29,","","","33",",,C,14,","3.3",",,C,14,","16.7",",C,07,","1406.2","C","728.5",",C","13.5",",,,C","135",",,,C","-5.95",",C","0.49",",,,C","-12.39",",,,C"
"CA004035200","1964-12","49.1667","-104.5833","695.0","MINTON, SK CA","125.4","C","0.0",",C","13",",C","3",",C","0",",C","","","3",",C","25",",C","31",",C","30",",C","0",",C","0",",C","-33.9",",C,30,","","","38",",,C,23,+","3.8",",,C,23,+","0.6",",C,08,","2555.6","C","1149.4",",C","18.1",",,,C","181",",,,C","-18.74",",C","-14.10",",,,C","-23.39",",,,C"
"CA004035200","1965-01","49.1667","-104.5833","695.0","MINTON, SK CA","0.0","","0.0",",C","13",",C","3",",C","0",",C","","","3",",C","22",",C","31",",C","29",",C","0",",C","0",",C","-40.6",",C,13,","","","56",",,C,30,","5.6",",,C,30,","3.3",",C,16,","3678.7","","1123.1",",C","20.7",",,,C","207",",,,C","-17.90",",C","-12.99",",,,C","-22.80",",,,C"
"CA004035200","1965-02","49.1667","-104.5833","695.0","MINTON, SK CA","0.0","","0.0",",C","8",",C","1",",C","0",",C","","","0",",C","18",",C","28",",C","21",",C","0",",C","0",",C","-33.3",",C,23,","","","13",",,C,27,+","2.5",",,C,27,","6.1",",C,26,+","4579.8","","901.1",",C","5.8",",,,C","46",",,,C","-13.85",",C","-7.56",",,,C","-20.14",",,,C"
"CA004035200","1965-03","49.1667","-104.5833","695.0","MINTON, SK CA","0.0","","0.0","1,C","11",",C","1",",C","0",",C","","","1",",C","16","1,C","30","1,C","27",",C","0",",C","0",",C","-29.4","1,C,23,","","","25",",,C,09,","2.5",",,C,09,","3.3",",C,04,","5513.9","","934.1",",C","11.4",",,,C","114",",,,C","-12.73","1,C","-7.43",",,,C","-18.03","1,,,C"
"CA004035200","1965-04","49.1667","-104.5833","695.0","MINTON, SK CA","0.0","","0.0","1,C","3",",C","1",",C","0",",C","","","1",",C","0",",C","25",",C","2","1,C","2","1,C","0","1,C","-7.2",",C,17,","","","76",",,C,10,","12.7",",,C,10,","26.1","1,C,28,","5940.4","","426.5","1,C","14.0",",,,C","76",",,,C","3.65","1,C","8.62","1,,,C","-1.32",",,,C"
"CA004035200","1965-05","49.1667","-104.5833","695.0","MINTON, SK CA","0.0","","0.0",",C","12",",C","9",",C","1",",C","","","1",",C","0",",C","7",",C","0",",C","9",",C","0",",C","-3.9",",C,03,","","","51",",,C,25,","70.9",",,C,05,","25.6",",C,13,","6203.0","","262.6",",C","173.9",",,,C","51",",,,C","9.86",",C","16.88",",,,C","2.85",",,,C"
"CA004035200","1967-06","49.1667","-104.5833","695.0","MINTON, SK CA","","","8.6","1,C","9",",C","7",",C","0",",C","","","0",",C","0",",C","2",",C","0","1,C","17","1,C","1","1,C","-1.7",",C,05,","","","0",",,C,30,+","13.2",",,C,09,","32.2","1,C,27,","","","109.2","1,C","44.5",",,,C","0",",,,C","14.89","1,C","22.64","1,,,C","7.15",",,,C"
"CA004035200","1967-07","49.1667","-104.5833","695.0","MINTON, SK CA","","","","","4",",C","4",",C","0",",C","","","0",",C","0","5,C","2","5,C","","","","","","","-1.7","5,C,03,","","","0",",,C,31,+","9.9",",,C,05,","","","","","","","21.9",",,,C","0",",,,C","","","","","9.83","5,,,C"
"CA004035200","1967-08","49.1667","-104.5833","695.0","MINTON, SK CA","","","36.6","1,C","3",",C","1",",C","0",",C","","","0",",C","0",",C","0",",C","0","1,C","29","1,C","7","1,C","0.6",",C,26,","","","0",",,C,31,+","10.4",",,C,17,","36.1","1,C,12,","","","32.0","1,C","12.7",",,,C","0",",,,C","18.54","1,C","28.37","1,,,C","8.71",",,,C"
"CA004035200","1967-09","49.1667","-104.5833","695.0","MINTON, SK CA","","","10.5",",C","6",",C","4",",C","0",",C","","","0",",C","0",",C","2",",C","0",",C","19",",C","4",",C","-2.2",",C,27,","","","0",",,C,30,+","20.8",",,C,14,","33.3",",C,05,","","","108.0",",C","45.8",",,,C","0",",,,C","15.08",",C","23.27",",,,C","6.90",",,,C"
"CA004035200","1967-10","49.1667","-104.5833","695.0","MINTON, SK CA","","","0.0",",C","9",",C","5",",C","1",",C","","","0",",C","0",",C","18",",C","0",",C","2",",C","0",",C","-8.9",",C,25,","","","0",",T,C,26,+","28.7",",,C,05,","23.3",",C,11,","","","397.4",",C","56.6",",,,C","0",",T,,C","5.51",",C","11.39",",,,C","-0.36",",,,C"
"CA004035200","1967-11","49.1667","-104.5833","695.0","MINTON, SK CA","","","0.0",",C","9",",C","1",",C","0",",C","","","1",",C","2",",C","28",",C","10",",C","0",",C","0",",C","-20.0",",C,28,","","","51",",,C,22,","10.2",",,C,22,","12.2",",C,07,","","","637.8",",C","18.7",",,,C","95",",,,C","-2.93",",C","1.65",",,,C","-7.51",",,,C"
"CA004035200","1967-12","49.1667","-104.5833","695.0","MINTON, SK CA","","","0.0","3,C","7",",C","3",",C","0",",C","","","3",",C","14","2,C","29","2,C","23","2,C","0","2,C","0","2,C","-36.7","2,C,31,","","","56",",,C,16,","5.6",",,C,16,","6.7","2,C,10,+","","","866.3","2,C","15.8",",,,C","158",",,,C","-12.28","3,C","-7.01","2,,,C","-17.56","2,,,C"
"CA004035200","1968-01","49.1667","-104.5833","695.0","MINTON, SK CA","0.0","C","0.0",",C","9",",C","3",",C","0",",C","","","3",",C","19",",C","31",",C","22",",C","0",",C","0",",C","-37.2",",C,04,","","","51",",,C,04,","5.1",",,C,04,","8.9",",C,24,","","","1041.7",",C","16.5",",,,C","165",",,,C","-15.27",",C","-9.86",",,,C","-20.68",",,,C"
"CA004035200","1968-02","49.1667","-104.5833","695.0","MINTON, SK CA","0.0","C","0.0","1,C","5",",C","1",",C","0",",C","","","0",",C","12",",C","29",",C","20","1,C","0","1,C","0","1,C","-27.8",",C,18,","","","15",",,C,15,","4.1",",,C,23,","11.1","1,C,29,","","","807.4","1,C","7.0",",,,C","39",",,,C","-10.53","1,C","-4.93","1,,,C","-16.13",",,,C"
"CA004035200","1968-03","49.1667","-104.5833","695.0","MINTON, SK CA","0.0","C","0.0",",C","2",",C","0",",C","0",",C","","","0",",C","0",",C","29",",C","7",",C","1",",C","0",",C","-17.2",",C,22,+","","","5",",,C,20,","0.5",",,C,20,","21.1",",C,23,","","","549.5",",C","0.8",",,,C","8",",,,C","0.61",",C","6.77",",,,C","-5.55",",,,C"
"CA004035200","1968-04","49.1667","-104.5833","695.0","MINTON, SK CA","0.0","C","0.0","2,C","1","2,C","1","2,C","0","2,C","","","0",",C","0","1,C","23","1,C","1","2,C","4","2,C","0","2,C","-14.4","1,C,03,","","","0",",T,C,24,","3.6","2,,C,06,","28.9","2,C,30,","","","411.1","2,C","8.9",",a,,C","53",",a,,C","3.80","2,C","11.57","2,,,C","-3.97","1,,,C"
"CA004035200","1968-05","49.1667","-104.5833","695.0","MINTON, SK CA","0.0","C","0.0","1,C","4",",C","3",",C","0",",C","","","0",",C","0",",C","10",",C","0","1,C","7","1,C","0","1,C","-7.2",",C,04,","","","0",",,C,31,+","10.2",",,C,07,","26.7","1,C,29,","","","254.1","1,C","20.1",",,,C","0",",,,C","9.72","1,C","17.30","1,,,C","2.15",",,,C"
"CA004035200","1968-06","49.1667","-104.5833","695.0","MINTON, SK CA","9.2","C","9.2",",C","9",",C","3",",C","0",",C","","","0",",C","0",",C","2",",C","0",",C","17",",C","1",",C","-1.1",",C,15,","","","0",",,C,30,+","7.4",",,C,30,","32.8",",C,02,","","","122.1",",C","18.8",",,,C","0",",,,C","14.57",",C","21.66",",,,C","7.48",",,,C"
"CA004035200","1968-07","49.1667","-104.5833","695.0","MINTON, SK CA","54.9","C","45.7","5,C","5",",C","2",",C","1",",C","","","0",",C","0","2,C","0","2,C","0","3,C","25","3,C","6","3,C","1.1","2,C,02,","","","0",",,C,31,+","29.0",",,C,15,","36.7","3,C,12,","36.4","C","36.4","3,C","35.8",",,,C","0",",,,C","18.65","5,C","27.85","3,,,C","9.46","2,,,C"
"CA004035200","1968-08","49.1667","-104.5833","695.0","MINTON, SK CA","73.5","C","18.6","1,C","14",",C","10",",C","3",",C","","","0",",C","0",",C","0",",C","0","1,C","16","1,C","1","1,C","2.2",",C,10,","","","0",",,C,31,+","47.8",",,C,20,","32.2","1,C,06,","137.9","C","101.5","1,C","183.8",",,,C","0",",,,C","15.57","1,C","21.96","1,,,C","9.18",",,,C"
"CA004035200","1968-09","49.1667","-104.5833","695.0","MINTON, SK CA","76.9","C","3.4",",C","6",",C","3",",C","0",",C","","","0",",C","0",",C","2",",C","0",",C","12",",C","0",",C","-1.1",",C,06,","","","0",",,C,30,+","14.2",",,C,07,","29.4",",C,11,","316.8","C","178.9",",C","29.5",",,,C","0",",,,C","12.48",",C","19.50",",,,C","5.46",",,,C"
"CA004035200","1968-10","49.1667","-104.5833","695.0","MINTON, SK CA","","","","","4",",C","1",",C","0",",C","","","0",",C","0","4,C","19","4,C","0","3,C","2","3,C","0","3,C","-8.3","4,C,18,+","","","0",",,C,31,+","2.8",",,C,20,","23.3","3,C,29,","","","","","6.6",",,,C","0",",,,C","5.67","7,C","13.08","3,,,C","-1.73","4,,,C"
"CA004035200","1968-11","49.1667","-104.5833","695.0","MINTON, SK CA","","","0.0",",C","3",",C","2",",C","0",",C","","","2",",C","0",",C","30",",C","8",",C","0",",C","0",",C","-14.4",",C,07,","","","102",",,C,15,","10.2",",,C,15,","13.3",",C,03,","","","620.4",",C","16.9",",,,C","169",",,,C","-2.35",",C","2.97",",,,C","-7.67",",,,C"
"CA004035200","1968-12","49.1667","-104.5833","695.0","MINTON, SK CA","","","0.0",",C","11",",C","5",",C","0",",C","","","5",",C","16",",C","31",",C","27",",C","0",",C","0",",C","-36.7",",C,30,+","","","38",",,C,28,+","3.8",",,C,28,+","6.7",",C,03,","","","1022.4",",C","20.3",",,,C","203",",,,C","-14.65",",C","-10.00",",,,C","-19.30",",,,C"
"CA004035200","1969-01","49.1667","-104.5833","695.0","MINTON, SK CA","0.0","C","0.0",",C","13",",C","9",",C","0",",C","","","8",",C","29",",C","31",",C","30",",C","0",",C","0",",C","-42.8",",C,25,","","","79",",,C,20,","7.9",",,C,20,","2.2",",C,04,","","","1273.8",",C","47.4",",,,C","449",",,,C","-22.76",",C","-17.97",",,,C","-27.55",",,,C"
"CA004035200","1969-02","49.1667","-104.5833","695.0","MINTON, SK CA","0.0","C","0.0",",C","8",",C","3",",C","0",",C","","","3",",C","18",",C","28",",C","27",",C","0",",C","0",",C","-33.9",",C,02,","","","64",",,C,25,","6.4",",,C,25,","2.2",",C,09,","","","898.8",",C","14.6",",,,C","146",",,,C","-13.77",",C","-8.34",",,,C","-19.20",",,,C"
"CA004035200","1969-03","49.1667","-104.5833","695.0","MINTON, SK CA","0.0","C","0.0",",C","8",",C","1",",C","0",",C","","","1",",C","11",",C","31",",C","20",",C","0",",C","0",",C","-25.0",",C,30,","","","38",",,C,08,","3.8",",,C,08,","7.2",",C,31,","","","834.1",",C","7.7",",,,C","77",",,,C","-8.57",",C","-3.40",",,,C","-13.75",",,,C"
"CA004035200","1969-04","49.1667","-104.5833","695.0","MINTON, SK CA","0.0","C","0.0","2,C","5",",C","3",",C","1",",C","","","0",",C","0","1,C","13","1,C","2","1,C","3","1,C","0","1,C","-7.2","1,C,27,","","","13",",,C,26,","26.2",",,C,25,","22.8","1,C,24,","","","337.3","1,C","43.2",",,,C","13",",,,C","6.49","2,C","12.55","1,,,C","0.44","1,,,C"
"CA004035200","1969-05","49.1667","-104.5833","695.0","MINTON, SK CA","3.3","C","3.3","1,C","8",",C","2",",C","0",",C","","","0",",C","0",",C","6",",C","0","1,C","11","1,C","1","1,C","-2.2",",C,11,","","","0",",,C,31,+","3.3",",,C,27,","32.8","1,C,26,","","","220.6","1,C","10.2",",,,C","0",",,,C","11.18","1,C","18.33","1,,,C","4.03",",,,C"
"CA004035200","1969-06","49.1667","-104.5833","695.0","MINTON, SK CA","5.0","C","1.7","3,C","9",",C","5",",C","1",",C","","","0",",C","0","1,C","3","1,C","0","2,C","12","2,C","1","2,C","-4.4","1,C,12,","","","0",",,C,30,+","26.4",",,C,25,","32.2","2,C,04,","","","155.9","2,C","63.2",",,,C","0",",,,C","12.62","3,C","19.36","2,,,C","5.88","1,,,C"
"CA004035200","1969-07","49.1667","-104.5833","695.0","MINTON, SK CA","24.4","C","19.4","1,C","15",",C","10",",C","0",",C","","","0",",C","0",",C","0",",C","0","1,C","24","1,C","1","1,C","4.4",",C,31,","","","0",",,C,31,+","15.7",",,C,06,","32.8","1,C,11,","40.1","C","40.1","1,C","98.3",",,,C","0",",,,C","17.53","1,C","23.80","1,,,C","11.26",",,,C"
"CA004035200","1969-08","49.1667","-104.5833","695.0","MINTON, SK CA","97.0","C","72.6",",C","4",",C","1",",C","0",",C","","","0",",C","0",",C","0",",C","0",",C","30",",C","8",",C","1.1",",C,18,","","","0",",,C,31,+","6.4",",,C,13,","37.2",",C,25,","67.9","C","27.8",",C","9.5",",,,C","0",",,,C","19.78",",C","29.43",",,,C","10.12",",,,C"
"CA004035200","1969-09","49.1667","-104.5833","695.0","MINTON, SK CA","100.6","C","3.6","3,C","7",",C","3",",C","0",",C","","","0",",C","0","2,C","4","2,C","0","2,C","14","2,C","2","2,C","-2.8","2,C,16,+","","","0",",,C,30,+","15.5",",,C,20,","32.8","2,C,03,","227.7","C","159.8","2,C","27.0",",,,C","0",",,,C","12.69","3,C","20.98","2,,,C","4.40","2,,,C"
"CA004035200","1969-10","49.1667","-104.5833","695.0","MINTON, SK CA","100.6","C","0.0","1,C","11",",C","3",",C","0",",C","","","0",",C","0",",C","23",",C","4","1,C","0","1,C","0","1,C","-10.0",",C,30,","","","18",",,C,24,","8.4",",,C,02,","17.2","1,C,01,","722.8","C","495.1","1,C","23.9",",,,C","48",",,,C","1.88","1,C","6.24","1,,,C","-2.48",",,,C"
"CA004035200","1969-11","49.1667","-104.5833","695.0","MINTON, SK CA","100.6","C","0.0","1,C","1",",C","0",",C","0",",C","","","0",",C","2",",C","30",",C","6","1,C","0","1,C","0","1,C","-22.2",",C,18,","","","0",",T,C,26,+","0.8",",,C,01,","18.3","1,C,05,","1283.9","C","561.1","1,C","0.8",",,,C","0",",T,,C","-1.23","1,C","5.62","1,,,C","-8.09",",,,C"
"CA004035200","1969-12","49.1667","-104.5833","695.0","MINTON, SK CA","100.6","C","0.0",",C","12",",C","4",",C","0",",C","","","4",",C","6",",C","31",",C","21",",C","0",",C","0",",C","-25.6",",C,26,","","","79",",,C,21,","7.9",",,C,21,","11.7",",C,01,","2122.2","C","838.3",",C","19.2",",,,C","192",",,,C","-8.71",",C","-3.44",",,,C","-13.98",",,,C"
"CA004035200","1970-01","49.1667","-104.5833","695.0","MINTON, SK CA","0.0","C","0.0",",C","13",",C","3",",C","0",",C","","","3",",C","19",",C","31",",C","30",",C","0",",C","0",",C","-40.6",",C,18,","","","64",",,C,21,","6.4",",,C,21,","5.0",",C,23,","3229.0","C","1106.8",",C","22.6",",,,C","226",",,,C","-17.37",",C","-12.67",",,,C","-22.07",",,,C"
"CA004035200","1970-02","49.1667","-104.5833","695.0","MINTON, SK CA","0.0","C","0.0",",C","7",",C","0",",C","0",",C","","","0",",C","10",",C","28",",C","20",",C","0",",C","0",",C","-33.3",",C,18,","","","20",",,C,03,","2.0",",,C,03,","7.2",",C,20,","4027.9","C","798.9",",C","4.4",",,,C","44",",,,C","-10.20",",C","-3.86",",,,C","-16.54",",,,C"
"CA004035200","1970-03","49.1667","-104.5833","695.0","MINTON, SK CA","0.0","C","0.0","2,C","13",",C","4",",C","0",",C","","","4",",C","14","2,C","29","2,C","22",",C","0",",C","0",",C","-24.4","2,C,27,+","","","51",",,C,23,","5.1",",,C,23,","7.2",",C,20,","4834.7","C","806.8",",C","22.6",",,,C","226",",,,C","-9.52","2,C","-3.66",",,,C","-15.39","2,,,C"
"CA004035200","1970-04","49.1667","-104.5833","695.0","MINTON, SK CA","0.0","C","0.0",",C","13",",C","9",",C","0",",C","","","9",",C","0",",C","24",",C","7",",C","0",",C","0",",C","-16.1",",C,01,","","","229",",,C,28,","22.9",",,C,28,","19.4",",C,06,","5338.2","C","503.5",",C","67.2",",,,C","672",",,,C","1.55",",C","5.72",",,,C","-2.63",",,,C"
"CA004035200","1970-05","49.1667","-104.5833","695.0","MINTON, SK CA","0.5","C","0.5",",C","12",",C","6",",C","1",",C","","","2",",C","0",",C","7",",C","0",",C","4",",C","0",",C","-5.6",",C,01,","","","140",",,C,11,","28.2",",,C,27,","28.3",",C,17,","5633.7","C","295.5",",C","69.3",",,,C","224",",,,C","8.82",",C","14.80",",,,C","2.84",",,,C"
"CA004035200","1970-06","49.1667","-104.5833","695.0","MINTON, SK CA","35.2","C","34.7","1,C","11",",C","10",",C","0",",C","","","0",",C","0",",C","0",",C","0","1,C","22","1,C","1","1,C","3.3",",C,18,","","","0",",,C,30,+","21.3",",,C,10,","35.0","1,C,27,","5678.7","C","45.0","1,C","85.6",",,,C","0",",,,C","17.96","1,C","24.64","1,,,C","11.28",",,,C"
"CA004035200","1970-07","49.1667","-104.5833","695.0","MINTON, SK CA","95.8","C","60.6","2,C","9",",C","5",",C","1",",C","","","0",",C","0","1,C","0","1,C","0","1,C","29","1,C","7","1,C","4.4","1,C,04,","","","0",",,C,31,+","33.8",",,C,23,","35.0","1,C,09,","12.2","C","12.2","1,C","70.2",",,,C","0",",,,C","20.04","2,C","28.35","1,,,C","11.73","1,,,C"
"CA004035200","1970-08","49.1667","-104.5833","695.0","MINTON, SK CA","143.0","C","47.2",",C","2",",C","1",",C","0",",C","","","0",",C","0",",C","0",",C","0",",C","31",",C","7",",C","1.7",",C,20,","","","0",",,C,31,+","9.7",",,C,08,","35.6",",C,07,","53.6","C","41.4",",C","10.5",",,,C","0",",,,C","18.52",",C","27.87",",,,C","9.17",",,,C"
"CA004035200","1970-09","49.1667","-104.5833","695.0","MINTON, SK CA","147.2","C","4.2",",C","9",",C","6",",C","0",",C","","","1",",C","0",",C","8",",C","0",",C","15",",C","1",",C","-6.7",",C,13,","","","28",",,C,12,","17.3",",,C,20,","32.2",",C,04,","261.1","C","207.5",",C","52.1",",,,C","38",",,,C","11.56",",C","18.91",",,,C","4.20",",,,C"
"CA004035200","1970-10","49.1667","-104.5833","695.0","MINTON, SK CA","147.2","C","0.0","2,C","10",",C","4",",C","0",",C","","","3",",C","0","1,C","24","1,C","6","2,C","2","2,C","0","2,C","-12.2","1,C,09,","","","117",",,C,28,","21.8",",,C,05,","27.8","2,C,04,","688.7","C","427.6","2,C","48.5",",,,C","267",",,,C","3.67","2,C","10.30","2,,,C","-2.96","1,,,C"
"CA004035200","1970-11","49.1667","-104.5833","695.0","MINTON, SK CA","147.2","C","0.0",",C","9",",C","4",",C","0",",C","","","4",",C","6",",C","30",",C","19",",C","0",",C","0",",C","-24.4",",C,24,+","","","36",",,C,12,","3.6",",,C,12,","9.4",",C,09,","1422.9","C","734.2",",C","14.7",",,,C","147",",,,C","-6.14",",C","-2.23",",,,C","-10.05",",,,C"
"CA004035200","1970-12","49.1667","-104.5833","695.0","MINTON, SK CA","147.2","C","0.0",",C","9",",C","2",",C","0",",C","","","2",",C","19",",C","31",",C","26",",C","0",",C","0",",C","-34.4",",C,20,","","","38",",,C,15,","3.8",",,C,15,","3.9",",C,07,","2424.4","C","1001.5",",C","12.1",",,,C","121",",,,C","-13.97",",C","-8.26",",,,C","-19.68",",,,C"
"CA004035200","1971-01","49.1667","-104.5833","695.0","MINTON, SK CA","0.0","C","0.0","2,C","13",",C","3",",C","0",",C","","","2",",C","24","1,C","30","1,C","29","1,C","0","1,C","0","1,C","-34.4","1,C,15,","","","36",",,C,08,","3.6",",,C,08,","5.6","1,C,19,","3501.8","C","1077.4","1,C","17.1",",,,C","143",",,,C","-18.54","2,C","-14.42","1,,,C","-22.67","1,,,C"
"CA004035200","1971-02","49.1667","-104.5833","695.0","MINTON, SK CA","0.0","C","0.0","1,C","7",",C","0",",C","0",",C","","","0",",C","11",",C","28",",C","18","1,C","0","1,C","0","1,C","-30.0",",C,07,","","","13",",,C,18,","1.3",",,C,18,","5.0","1,C,15,","4290.5","C","788.7","1,C","4.8",",,,C","40",",,,C","-10.73","1,C","-5.19","1,,,C","-16.27",",,,C"
"CA004035200","1971-03","49.1667","-104.5833","695.0","MINTON, SK CA","0.0","C","0.0","1,C","9",",C","1",",C","0",",C","","","1",",C","6",",C","31",",C","19","1,C","0","1,C","0","1,C","-22.2",",C,23,","","","25",",,C,26,","2.5",",,C,26,","10.6","1,C,30,","5018.6","C","728.1","1,C","7.4",",,,C","74",",,,C","-5.95","1,C","-0.78","1,,,C","-11.11",",,,C"
"CA004035200","1971-04","49.1667","-104.5833","695.0","MINTON, SK CA","0.0","C","0.0",",C","7",",C","4",",C","0",",C","","","1",",C","0",",C","21",",C","3",",C","2",",C","0",",C","-12.2",",C,02,","","","25",",,C,02,","10.4",",,C,20,","21.7",",C,10,","5441.5","C","422.9",",C","27.9",",,,C","35",",,,C","4.24",",C","10.50",",,,C","-2.03",",,,C"
"CA004035200","1971-05","49.1667","-104.5833","695.0","MINTON, SK CA","0.0","C","0.0",",C","3",",C","2",",C","0",",C","","","0",",C","0",",C","9",",C","0",",C","10",",C","0",",C","-3.9",",C,19,","","","0",",T,C,17,","7.9",",,C,30,","28.3",",C,13,","5652.4","C","210.9",",C","11.2",",,,C","0",",T,,C","11.53",",C","19.74",",,,C","3.32",",,,C"
"CA004035200","1971-06","49.1667","-104.5833","695.0","MINTON, SK CA","10.0","C","10.0","1,C","12",",C","7",",C","0",",C","","","0",",C","0","1,C","0","1,C","0","1,C","23","1,C","0","1,C","0.6","1,C,01,","","","0",",,C,30,+","19.1",",,C,06,","30.0","1,C,22,","5720.3","C","67.9","1,C","79.7",",,,C","0",",,,C","16.33","1,C","23.34","1,,,C","9.33","1,,,C"
"CA004035200","1971-07","49.1667","-104.5833","695.0","MINTON, SK CA","26.6","C","16.6",",C","7",",C","4",",C","0",",C","","","0",",C","0",",C","0",",C","0",",C","26",",C","2",",C","3.9",",C,28,","","","0",",,C,31,+","10.2",",,C,13,","32.8",",C,20,","55.3","C","55.3",",C","36.4",",,,C","0",",,,C","17.09",",C","24.46",",,,C","9.71",",,,C"
"CA004035200","1971-08","49.1667","-104.5833","695.0","MINTON, SK CA","101.7","C","75.1","3,C","5",",C","1",",C","0",",C","","","0",",C","0","1,C","0","1,C","0","3,C","28","3,C","12","3,C","3.3","1,C,01,","","","0",",,C,31,+","3.6",",,C,12,","37.8","3,C,22,+","67.7","C","12.4","3,C","5.5",",,,C","0",",,,C","20.62","3,C","30.30","3,,,C","10.94","1,,,C"
"CA004035200","1971-09","49.1667","-104.5833","695.0","MINTON, SK CA","110.3","C","8.6","2,C","6",",C","1",",C","0",",C","","","0",",C","0",",C","5",",C","0","2,C","11","2,C","2","2,C","-5.0",",C,18,","","","0",",,C,30,+","2.5",",,C,15,","34.4","2,C,11,","250.9","C","183.2","2,C","6.7",",,,C","0",",,,C","12.01","2,C","19.45","2,,,C","4.58",",,,C"
"CA004035200","1971-10","49.1667","-104.5833","695.0","MINTON, SK CA","110.3","C","0.0","2,C","6",",C","3",",C","0",",C","","","1",",C","0","1,C","19","1,C","5","2,C","3","2,C","0","2,C","-13.9","1,C,29,","","","36",",,C,16,","4.1",",,C,17,","25.0","2,C,09,","657.1","C","406.2","2,C","14.3",",,,C","52",",,,C","4.34","2,C","10.30","2,,,C","-1.63","1,,,C"
"CA004035200","1971-11","49.1667","-104.5833","695.0","MINTON, SK CA","","","","","9",",C","1",",C","0",",C","","","0",",C","","","","","","","","","","","","","","","18",",,C,16,","3.6",",,C,19,","","","","","","","9.3",",,,C","34",",,,C","","","","","",""
"CA004035200","1971-12","49.1667","-104.5833","695.0","MINTON, SK CA","","","0.0",",C","2","1,C","0","1,C","0","1,C","","","0","1,C","18",",C","31",",C","31",",C","0",",C","0",",C","-29.4",",C,26,+","","","18","1,,C,22,","1.8","1,,C,22,","0.0",",C,01,","","","1023.3",",C","2.1","1,,,C","21","1,,,C","-14.68",",C","-9.44",",,,C","-19.91",",,,C"
"CA004035200","1972-01","49.1667","-104.5833","695.0","MINTON, SK CA","0.0","C","0.0",",C","8",",C","1",",C","0",",C","","","1",",C","23",",C","31",",C","25",",C","0",",C","0",",C","-39.4",",C,14,","","","30",",,C,19,","3.0",",,C,19,","6.1",",C,16,","","","1130.8",",C","8.1",",,,C","81",",,,C","-18.15",",C","-11.86",",,,C","-24.43",",,,C"
"CA004035200","1972-02","49.1667","-104.5833","695.0","MINTON, SK CA","0.0","C","0.0",",C","11",",C","5",",C","0",",C","","","5",",C","20",",C","29",",C","26",",C","0",",C","0",",C","-31.1",",C,08,","","","102",",,C,06,","10.2",",,C,06,","5.0",",C,12,","","","996.9",",C","36.5",",,,C","365",",,,C","-16.04",",C","-11.17",",,,C","-20.92",",,,C"
"CA004035200","1972-03","49.1667","-104.5833","695.0","MINTON, SK CA","0.0","C","0.0",",C","","","","","","","","","","","8",",C","28",",C","12",",C","0",",C","0",",C","-35.6",",C,02,","","","","","","","12.8",",C,18,","","","736.3",",C","","","","","-5.42",",C","-0.02",",,,C","-10.82",",,,C"
"CA004035200","1972-04","49.1667","-104.5833","695.0","MINTON, SK CA","0.0","C","0.0",",C","7",",C","4",",C","0",",C","","","1",",C","0",",C","22",",C","2",",C","0",",C","0",",C","-13.3",",C,04,","","","38",",,C,16,","10.4",",,C,30,","18.3",",C,27,+","","","433.6",",C","23.2",",,,C","44",",,,C","3.88",",C","9.94",",,,C","-2.19",",,,C"
"CA004035200","1972-05","49.1667","-104.5833","695.0","MINTON, SK CA","8.6","C","8.6",",C","11",",C","7",",C","1",",C","","","0",",C","0",",C","6",",C","0",",C","13",",C","0",",C","-6.1",",C,06,","","","0",",,C,31,+","40.6",",,C,25,","31.7",",C,17,","","","198.7",",C","90.4",",,,C","0",",,,C","12.20",",C","18.00",",,,C","6.41",",,,C"
"CA004035200","1972-06","49.1667","-104.5833","695.0","MINTON, SK CA","18.6","C","10.0","2,C","6",",C","5",",C","1",",C","","","0",",C","0","2,C","0","2,C","0","1,C","23","1,C","0","1,C","1.1","2,C,20,","","","0",",,C,30,+","25.4",",,C,23,","30.6","1,C,07,","","","55.4","1,C","74.6",",,,C","0",",,,C","16.76","2,C","23.41","1,,,C","10.11","2,,,C"
"CA004035200","1972-07","49.1667","-104.5833","695.0","MINTON, SK CA","31.2","C","12.6",",C","12",",C","6",",C","0",",C","","","0",",C","0",",C","0",",C","0",",C","22",",C","0",",C","1.7",",C,04,","","","0",",,C,31,+","10.7",",,C,14,","31.7",",C,29,+","96.8","C","96.8",",C","46.2",",,,C","0",",,,C","15.61",",C","22.27",",,,C","8.96",",,,C"
"CA004035200","1972-08","49.1667","-104.5833","695.0","MINTON, SK CA","78.7","C","47.5",",C","9",",C","8",",C","1",",C","","","0",",C","0",",C","0",",C","0",",C","27",",C","5",",C","2.2",",C,03,","","","0",",,C,31,+","29.2",",,C,16,","35.0",",C,29,","129.9","C","33.1",",C","90.6",",,,C","0",",,,C","18.80",",C","26.41",",,,C","11.19",",,,C"
"CA004035200","1972-09","49.1667","-104.5833","695.0","MINTON, SK CA","78.7","C","0.0",",C","9",",C","3",",C","0",",C","","","0",",C","0",",C","10",",C","0",",C","9",",C","0",",C","-3.9",",C,29,","","","18",",,C,25,+","12.7",",,C,23,","28.3",",C,19,+","399.8","C","269.9",",C","23.5",",,,C","36",",,,C","9.34",",C","16.20",",,,C","2.47",",,,C"
"CA004035200","1972-10","49.1667","-104.5833","695.0","MINTON, SK CA","78.7","C","0.0",",C","4",",C","1",",C","0",",C","","","1",",C","1",",C","21",",C","4",",C","2",",C","0",",C","-18.9",",C,18,","","","28",",,C,26,","3.3",",,C,26,","22.8",",C,09,+","876.0","C","476.2",",C","5.9",",,,C","54",",,,C","2.97",",C","9.67",",,,C","-3.73",",,,C"
"CA004035200","1972-11","49.1667","-104.5833","695.0","MINTON, SK CA","78.7","C","0.0","2,C","6",",C","1",",C","0",",C","","","1",",C","2","1,C","29","1,C","12","1,C","0","1,C","0","1,C","-18.3","1,C,29,","","","38",",,C,25,","3.8",",,C,25,","10.0","1,C,23,","1486.8","C","610.8","1,C","7.9",",,,C","74",",,,C","-3.39","2,C","1.00","1,,,C","-7.78","1,,,C"
"CA004035200","1972-12","49.1667","-104.5833","695.0","MINTON, SK CA","78.7","C","0.0",",C","4",",C","0",",C","0",",C","","","0",",C","21",",C","31",",C","25",",C","0",",C","0",",C","-35.0",",C,06,","","","23",",,C,01,","2.3",",,C,01,","5.6",",C,26,","2536.4","C","1049.6",",C","3.6",",,,C","36",",,,C","-15.53",",C","-9.85",",,,C","-21.20",",,,C"
"CA004035200","1973-01","49.1667","-104.5833","695.0","MINTON, SK CA","0.0","","0.0",",C","0",",C","0",",C","0",",C","","","0",",C","10",",C","31",",C","18",",C","0",",C","0",",C","-34.4",",C,08,","","","0",",T,C,10,+","0.0",",T,C,13,+","10.0",",C,24,","3378.0","","841.6",",C","0.0",",T,,C","0",",T,,C","-8.81",",C","-3.34",",,,C","-14.29",",,,C"
"CA004035200","1973-02","49.1667","-104.5833","695.0","MINTON, SK CA","0.0","","0.0","2,C","1","2,C","0","2,C","0","2,C","","","0","2,C","10","1,C","27","1,C","17","1,C","0","1,C","0","1,C","-25.6","1,C,14,+","","","3","2,,C,14,","0.3","2,,C,14,","12.8","1,C,22,","4057.6","","679.6","1,C","0.3","2,,,C","3","2,,,C","-7.95","2,C","-2.66","1,,,C","-13.24","1,,,C"
"CA004035200","1973-03","49.1667","-104.5833","695.0","MINTON, SK CA","0.0","","0.0",",C","1",",C","1",",C","0",",C","","","0",",C","0",",C","31",",C","4",",C","0",",C","0",",C","-12.2",",C,29,","","","0",",T,C,27,+","3.8",",,C,22,","12.8",",C,25,","4590.5","","532.9",",C","3.8",",,,C","0",",T,,C","1.14",",C","7.53",",,,C","-5.25",",,,C"
"CA004035200","1973-04","49.1667","-104.5833","695.0","MINTON, SK CA","0.0","","0.0","2,C","12",",C","5",",C","0",",C","","","3",",C","0","1,C","22","1,C","1","1,C","0","1,C","0","1,C","-15.0","1,C,09,","","","53",",,C,29,","19.6",",,C,18,","20.6","1,C,13,","5027.9","","437.4","1,C","52.9",",,,C","147",",,,C","2.72","2,C","8.63","1,,,C","-3.18","1,,,C"
"CA004035200","1973-05","49.1667","-104.5833","695.0","MINTON, SK CA","0.3","","0.3","1,C","11",",C","7",",C","0",",C","","","0",",C","0",",C","7",",C","0","1,C","8","1,C","0","1,C","-6.7",",C,01,","","","0",",T,C,02,+","10.9",",,C,21,","27.8","1,C,31,","5259.3","","231.4","1,C","45.9",",,,C","0",",T,,C","10.66","1,C","17.72","1,,,C","3.60",",,,C"
"CA004035200","1973-06","49.1667","-104.5833","695.0","MINTON, SK CA","","","","","5","3,C","5","3,C","1","3,C","","","0",",C","","","","","","","","","","","","","","","0",",,C,30,+","29.5","3,,C,03,","","","","","","","79.0","3,,,C","0",",,,C","","","","","",""
"CA004035200","1973-07","49.1667","-104.5833","695.0","MINTON, SK CA","","","","","6",",C","2",",C","0",",C","","","0",",C","","","","","","","","","","","","","","","0",",,C,31,+","11.4",",,C,22,","","","","","","","20.4",",,,C","0",",,,C","","","","","",""
"CA004035200","1973-08","49.1667","-104.5833","695.0","MINTON, SK CA","","","","","5",",C","2",",C","0",",C","","","0",",C","0","4,","0","4,C","","","","","","","2.8","4,C,04,","","","0",",,C,31,+","11.4",",,C,22,","","","","","","","18.1",",,,C","0",",,,C","","","","","10.42","4,,,C"
"CA004035200","1973-09","49.1667","-104.5833","695.0","MINTON, SK CA","","","1.7","2,C","9",",C","4",",C","0",",C","","","0",",C","0",",C","7",",C","0","2,C","11","2,C","0","2,C","-8.9",",C,16,","","","0",",,C,30,+","23.9",",,C,01,","26.7","2,C,29,+","","","218.1","2,C","68.7",",,,C","0",",,,C","10.50","2,C","16.94","2,,,C","4.05",",,,C"
"CA004035200","1973-10","49.1667","-104.5833","695.0","MINTON, SK CA","","","0.0",",C","3",",C","1",",C","0",",C","","","0",",C","0",",C","19",",C","0",",C","6",",C","0",",C","-10.6",",C,27,","","","0",",T,C,31,+","5.6",",,C,02,","23.9",",C,18,","","","364.2",",C","8.7",",,,C","0",",T,,C","6.58",",C","14.55",",,,C","-1.38",",,,C"
"CA004035200","1973-11","49.1667","-104.5833","695.0","MINTON, SK CA","","","0.0",",C","4",",C","3",",C","0",",C","","","2",",C","9",",C","30",",C","25",",C","0",",C","0",",C","-24.4",",C,08,","","","102",",,C,02,","10.2",",,C,02,","7.8",",C,13,","","","837.5",",C","22.4",",,,C","191",",,,C","-9.59",",C","-4.78",",,,C","-14.39",",,,C"
"CA004035200","1974-05","49.1667","-104.5833","695.0","MINTON, SK CA","","","0.0",",C","18",",C","7",",C","1",",C","","","0",",C","0",",C","7",",C","0",",C","2",",C","0",",C","-5.0",",C,03,","","","18",",,C,13,","31.5",",,C,20,","22.2",",C,26,","","","321.5",",C","94.6",",,,C","18",",,,C","7.96",",C","13.57",",,,C","2.35",",,,C"
"CA004035200","1974-06","49.1667","-104.5833","695.0","MINTON, SK CA","","","25.6",",C","5",",C","0",",C","0",",C","","","0","1,C","0",",C","0",",C","0",",C","21",",C","2",",C","1.1",",C,11,","","","0","1,,C,30,+","2.3",",,C,08,","35.6",",C,25,","","","76.6",",C","6.9",",,,C","0","1,,,C","16.63",",C","25.02",",,,C","8.24",",,,C"
"CA004035200","1974-07","49.1667","-104.5833","695.0","MINTON, SK CA","","","80.0",",C","4",",C","2",",C","1",",C","","","0",",C","0",",C","0",",C","0",",C","31",",C","6",",C","3.3",",C,29,","","","0",",,C,31,+","33.5",",,C,07,","36.1",",C,19,","18.7","C","18.7",",C","41.4",",,,C","0",",,,C","20.31",",C","28.65",",,,C","11.97",",,,C"
"CA004035200","1974-08","49.1667","-104.5833","695.0","MINTON, SK CA","","","6.9",",C","16",",C","7",",C","2",",C","","","0",",C","0",",C","0",",C","0",",C","15",",C","1",",C","1.1",",C,31,","","","0",",,C,31,+","35.8",",,C,07,","34.4",",C,06,","134.5","C","115.8",",C","113.9",",,,C","0",",,,C","14.82",",C","21.28",",,,C","8.36",",,,C"
"CA004035200","1974-09","49.1667","-104.5833","695.0","MINTON, SK CA","","","0.0",",C","8",",C","2",",C","0",",C","","","0",",C","0",",C","10",",C","0",",C","8",",C","0",",C","-10.0",",C,30,","","","0",",,C,30,+","4.1",",,C,11,","26.7",",C,17,+","404.9","C","270.4",",C","12.0",",,,C","0",",,,C","9.32",",C","17.08",",,,C","1.55",",,,C"
"CA004035200","1974-10","49.1667","-104.5833","695.0","MINTON, SK CA","","","0.0",",C","1","2,C","0","2,C","0","2,C","","","0","2,C","0",",C","17",",C","1",",C","6",",C","0",",C","-15.0",",C,06,","","","0","2,T,C,31,","1.3","2,,C,13,","25.6",",C,02,","768.3","C","363.4",",C","1.3","2,,,C","0","2,T,,C","6.61",",C","15.43",",,,C","-2.20",",,,C"
"CA004035200","1974-11","49.1667","-104.5833","695.0","MINTON, SK CA","","","0.0",",C","2",",C","1",",C","0",",C","","","1",",C","3",",C","29",",C","13",",C","0",",C","0",",C","-21.1",",C,29,","","","89",",,C,12,","8.9",",,C,12,","13.9",",C,05,","1420.5","C","652.2",",C","9.4",",,,C","89",",,,C","-3.41",",C","2.84",",,,C","-9.66",",,,C"
"CA004035200","1974-12","49.1667","-104.5833","695.0","MINTON, SK CA","","","0.0",",C","3",",C","2",",C","0",",C","","","2",",C","2",",C","31",",C","18",",C","0",",C","0",",C","-22.8",",C,24,","","","76",",,C,21,","7.6",",,C,21,","7.2",",C,09,","2182.2","C","761.7",",C","16.0",",,,C","160",",,,C","-6.24",",C","-0.68",",,,C","-11.80",",,,C"
"CA004035200","1975-01","49.1667","-104.5833","695.0","MINTON, SK CA","0.0","","0.0",",C","8",",C","3",",C","0",",C","","","2",",C","18",",C","31",",C","27",",C","0",",C","0",",C","-31.7",",C,11,","","","38",",,C,16,","3.8",",,C,16,","3.3",",C,23,+","3156.1","","973.9",",C","15.4",",,,C","129",",,,C","-13.08",",C","-6.65",",,,C","-19.51",",,,C"
"CA004035200","1975-02","49.1667","-104.5833","695.0","MINTON, SK CA","0.0","","0.0",",C","3",",C","1",",C","0",",C","","","1",",C","18",",C","28",",C","24",",C","0",",C","0",",C","-30.6",",C,08,+","","","46",",,C,12,","4.6",",,C,12,","5.6",",C,23,","4062.9","","906.8",",C","7.4",",,,C","74",",,,C","-14.05",",C","-8.55",",,,C","-19.55",",,,C"
"CA004035200","1980-06","49.1667","-104.5833","695.0","MINTON, SK CA","","","24.0","3,C","12","2,C","4","2,C","0","2,C","","","0",",C","0","3,C","0","3,C","0","3,C","21","3,C","1","3,C","2.5","3,C,29,","","","0",",,C,30,+","6.2","2,,C,10,","32.5","3,C,23,","","","63.7","3,C","27.6","2,,,C","0",",,,C","16.86","3,C","24.93","3,,,C","8.80","3,,,C"
"CA004035200","1980-07","49.1667","-104.5833","695.0","MINTON, SK CA","","","54.0",",C","9",",C","5",",C","1",",C","","","0",",C","0",",C","0",",C","0",",C","30",",C","4",",C","5.0",",C,25,+","","","0",",,C,31,+","39.8",",,C,05,","35.5",",C,10,","17.8","C","17.8",",C","82.6",",,,C","0",",,,C","19.50",",C","27.74",",,,C","11.26",",,,C"
"CA004035200","1980-08","49.1667","-104.5833","695.0","MINTON, SK CA","","","7.6",",C","11",",C","6",",C","0",",C","","","0",",C","0",",C","1",",C","0",",C","20",",C","0",",C","-0.5",",C,26,","","","0",",,C,31,+","18.4",",,C,03,","30.5",",C,02,","110.7","C","92.9",",C","59.0",",,,C","0",",,,C","15.58",",C","22.23",",,,C","8.94",",,,C"
"CA004035200","1980-09","49.1667","-104.5833","695.0","MINTON, SK CA","","","4.1","1,C","13",",C","4",",C","0",",C","","","0",",C","0",",C","4",",C","0","1,C","11","1,C","2","1,C","-1.0",",C,27,","","","0",",,C,30,+","12.0",",,C,18,","34.0","1,C,06,","306.9","C","196.2","1,C","33.2",",,,C","0",",,,C","11.79","1,C","19.36","1,,,C","4.22",",,,C"
"CA004035200","1980-10","49.1667","-104.5833","695.0","MINTON, SK CA","","","0.0",",C","2",",C","2",",C","0",",C","","","1",",C","0",",C","19",",C","2",",C","6",",C","0",",C","-8.0",",C,25,","","","102",",,C,16,","15.3",",,C,16,","28.5",",C,06,","703.7","C","396.8",",C","20.7",",,,C","102",",,,C","5.53",",C","12.00",",,,C","-0.94",",,,C"
"CA004035200","1980-11","49.1667","-104.5833","695.0","MINTON, SK CA","","","0.0",",C","3",",C","2",",C","0",",C","","","1",",C","0",",C","28",",C","8",",C","0",",C","0",",C","-14.0",",C,27,","","","124",",,C,19,","12.4",",,C,19,","19.0",",C,05,","1273.4","C","569.7",",C","16.6",",,,C","124",",,,C","-0.66",",C","4.62",",,,C","-5.93",",,,C"
"CA004035200","1980-12","49.1667","-104.5833","695.0","MINTON, SK CA","","","0.0",",C","8",",C","2",",C","0",",C","","","2",",C","18",",C","30",",C","19",",C","0",",C","0",",C","-37.5",",C,25,+","","","43",",,C,20,","4.3",",,C,20,","10.5",",C,27,","2217.2","C","943.8",",C","13.6",",,,C","114",",,,C","-12.11",",C","-6.27",",,,C","-17.95",",,,C"
"CA004035200","1981-01","49.1667","-104.5833","695.0","MINTON, SK CA","0.0","","0.0",",C","6",",C","1",",C","0",",C","","","1",",C","6",",C","31",",C","23",",C","0",",C","0",",C","-20.0",",C,09,","","","30",",,C,27,","3.0",",,C,27,","9.0",",C,23,","3019.5","","802.3",",C","9.7",",,,C","84",",,,C","-7.55",",C","-2.63",",,,C","-12.47",",,,C"
"CA004035200","1981-02","49.1667","-104.5833","695.0","MINTON, SK CA","0.0","","0.0",",C","3",",C","2",",C","0",",C","","","2",",C","10",",C","26",",C","13",",C","0",",C","0",",C","-32.5",",C,10,","","","51",",,C,07,+","5.1",",,C,07,+","10.0",",C,17,","3738.1","","718.6",",C","11.5",",,,C","115",",,,C","-7.33",",C","-2.39",",,,C","-12.27",",,,C"
"CA004035200","1981-03","49.1667","-104.5833","695.0","MINTON, SK CA","0.0","","0.0",",C","3",",C","2",",C","0",",C","","","0",",C","0",",C","30",",C","2",",C","0",",C","0",",C","-16.0",",C,21,","","","18",",,C,20,","16.0",",,C,27,","17.5",",C,16,","4278.7","","540.6",",C","24.8",",,,C","18",",,,C","0.90",",C","8.03",",,,C","-6.24",",,,C"
"CA004035200","1992-07","49.1667","-104.5833","695.0","MINTON, SK CA","","","3.0","3,C","10","2,C","6","2,C","0","2,C","0",",C","0",",C","0","3,C","0","3,C","0","2,C","19","2,C","0","2,C","3.0","3,C,03,","0",",,C,31,+","0",",,C,31,+","14.8","2,,C,29,","29.0","2,C,26,","84.3","C","84.3","2,C","65.6","2,,,C","0",",,,C","15.45","3,C","22.07","2,,,C","8.82","3,,,C"
"CA004035200","1992-08","49.1667","-104.5833","695.0","MINTON, SK CA","","","21.3",",C","9",",C","4",",C","0",",C","0",",C","0",",C","0",",C","1",",C","0",",C","22",",C","2",",C","-1.0",",C,25,","0",",,C,31,+","0",",,C,31,+","18.0",",,C,23,","35.0",",C,19,","193.2","C","108.9",",C","41.1",",,,C","0",",,,C","15.51",",C","23.27",",,,C","7.74",",,,C"
"CA004035200","1992-09","49.1667","-104.5833","695.0","MINTON, SK CA","","","3.8",",C","12",",C","1",",C","0",",C","0",",C","0",",C","0",",C","4",",C","0",",C","10",",C","1",",C","-7.0",",C,28,","0",",,C,30,+","0",",,C,30,+","2.6",",,C,26,","32.5",",C,23,","400.5","C","207.3",",C","14.3",",,,C","0",",,,C","11.55",",C","19.07",",,,C","4.03",",,,C"
"CA004035200","1992-10","49.1667","-104.5833","695.0","MINTON, SK CA","","","2.7","1,C","3","4,C","0","4,C","0","4,C","3",",C","0","4,C","0",",C","19",",C","3","1,C","6","1,C","1","1,C","-12.0",",C,16,","40",",,C,15,","2","4,,C,31,","1.0","4,,C,30,","33.5","1,C,01,","775.4","C","374.9","1,C","2.2","4,,,C","2","4,,,C","5.88","1,C","12.67","1,,,C","-0.90",",,,C"
"CA004035200","1992-11","49.1667","-104.5833","695.0","MINTON, SK CA","","","0.0",",C","3",",C","1",",C","0",",C","2",",C","1",",C","0",",C","30",",C","12",",C","0",",C","0",",C","-15.5",",C,25,","30",",,C,19,+","30",",,C,17,","3.0",",,C,17,","6.0",",C,07,","1401.4","C","626.0",",C","6.0",",,,C","60",",,,C","-2.53",",C","0.77",",,,C","-5.83",",,,C"
"CA004035200","1992-12","49.1667","-104.5833","695.0","MINTON, SK CA","","","0.0","1,C","3","1,C","2","1,C","0","1,C","5",",C","2","1,C","14","1,C","30","1,C","24",",C","0",",C","0",",C","-34.0","1,C,31,","100",",,C,31,","70","1,,C,29,","7.0","1,,C,29,","4.0",",C,09,+","2350.6","C","949.2",",C","11.0","1,,,C","110","1,,,C","-13.33","1,C","-8.16",",,,C","-18.50","1,,,C"
"CA004035200","1993-01","49.1667","-104.5833","695.0","MINTON, SK CA","0.0","C","0.0",",C","1",",C","0",",C","0",",C","29",",C","0",",C","21",",C","31",",C","24",",C","0",",C","0",",C","-38.0",",C,09,","120",",,C,14,+","20",",,C,12,","2.0",",,C,12,","8.5",",C,31,","3390.2","C","1039.6",",C","2.0",",,,C","20",",,,C","-15.20",",C","-9.26",",,,C","-21.15",",,,C"
"CA004035200","1993-02","49.1667","-104.5833","695.0","MINTON, SK CA","0.0","C","0.0",",C","3",",C","1",",C","0",",C","17",",C","1",",C","11",",C","28",",C","19",",C","0",",C","0",",C","-31.0",",C,24,","80",",,C,25,+","40",",,C,11,","4.0",",,C,11,","9.0",",C,28,","4235.8","C","845.6",",C","7.0",",,,C","70",",,,C","-11.87",",C","-6.07",",,,C","-17.66",",,,C"
"CA004035200","1993-04","49.1667","-104.5833","695.0","MINTON, SK CA","","","0.0","2,C","7",",C","0",",C","0",",C","1",",C","0",",C","0","2,C","25","2,C","0",",C","0",",C","0",",C","-7.0","2,C,25,+","30",",,C,01,","0",",T,C,28,","2.0",",,C,13,+","21.0",",C,26,","","","380.8",",C","9.4",",,,C","0",",T,,C","4.73","2,C","12.25",",,,C","-2.79","2,,,C"
"CA004035200","1993-05","49.1667","-104.5833","695.0","MINTON, SK CA","","","0.6","4,C","7",",C","4",",C","0",",C","0",",C","0",",C","0","2,C","6","2,C","0","2,C","9","2,C","0","2,C","-5.0","2,C,16,","0",",,C,31,+","0",",,C,31,+","8.6",",,C,07,","30.0","2,C,13,","","","173.6","2,C","24.6",",,,C","0",",,,C","11.69","4,C","19.40","2,,,C","3.98","2,,,C"
"CA004035200","1993-06","49.1667","-104.5833","695.0","MINTON, SK CA","","","8.8",",C","13",",C","7",",C","1",",C","0",",C","0",",C","0",",C","0",",C","0",",C","10",",C","0",",C","1.5",",C,06,","0",",,C,30,+","0",",,C,30,+","32.8",",,C,28,","32.0",",C,21,+","","","142.3",",C","92.2",",,,C","0",",,,C","13.88",",C","20.30",",,,C","7.47",",,,C"
"CA004035200","1993-08","49.1667","-104.5833","695.0","MINTON, SK CA","","","18.8","1,C","14",",C","5",",C","0",",C","0",",C","0",",C","0",",C","0",",C","0","1,C","18","1,C","0","1,C","4.0",",C,27,","0",",,C,31,+","0",",,C,31,+","10.4",",,C,21,","32.0","1,C,10,","","","79.0","1,C","38.6",",,,C","0",",,,C","16.33","1,C","22.73","1,,,C","9.92",",,,C"
"CA004035200","1993-09","49.1667","-104.5833","695.0","MINTON, SK CA","","","0.2",",C","5",",C","3",",C","0",",C","0",",C","0",",C","0",",C","10",",C","0",",C","7",",C","0",",C","-6.0",",C,14,","0",",,C,30,+","0",",,C,30,+","4.0",",,C,20,","29.5",",C,11,","","","239.9",",C","11.6",",,,C","0",",,,C","10.34",",C","17.70",",,,C","2.98",",,,C"
"CA004035200","1993-10","49.1667","-104.5833","695.0","MINTON, SK CA","","","0.0","1,C","6",",C","2",",C","0",",C","0",",C","0",",C","0","1,C","24","1,C","1",",C","2",",C","0",",C","-14.5","1,C,30,","0",",,C,31,+","0",",T,C,31,+","5.4",",,C,06,","25.5",",C,05,","","","426.5",",C","13.4",",,,C","0",",T,,C","4.24","1,C","11.73",",,,C","-3.25","1,,,C"
"CA004035200","1993-11","49.1667","-104.5833","695.0","MINTON, SK CA","","","0.0",",C","8",",C","4",",C","0",",C","16","1,C","4",",C","6",",C","29",",C","12",",C","0",",C","0",",C","-22.0",",C,25,","220","1,,C,26,+","80",",,C,23,+","8.0",",,C,23,+","14.0",",C,03,","","","717.5",",C","31.0",",,,C","310",",,,C","-5.58",",C","-0.77",",,,C","-10.40",",,,C"
"CA004035200","1993-12","49.1667","-104.5833","695.0","MINTON, SK CA","","","0.0","2,C","5","1,C","3","1,C","0","1,C","29","2,C","3","1,C","6","2,C","29","2,C","21",",C","0",",C","0",",C","-32.5","2,C,27,","180","2,,C,03,+","30","1,,C,23,+","3.0","1,,C,23,+","5.0",",C,12,","","","750.4",",C","12.0","1,,,C","120","1,,,C","-7.51","2,C","-2.84",",,,C","-12.17","2,,,C"
"CA004035200","1994-01","49.1667","-104.5833","695.0","MINTON, SK CA","0.0","C","0.0","3,C","9",",C","7",",C","0",",C","30","1,C","7",",C","24",",C","31",",C","27","3,C","0","3,C","0","3,C","-35.0",",C,07,","380","1,,C,31,+","50",",,C,12,+","5.0",",,C,12,+","3.5","3,C,22,","","","1033.1","3,C","30.0",",,,C","300",",,,C","-18.31","3,C","-14.23","3,,,C","-22.39",",,,C"
"CA004035200","1994-02","49.1667","-104.5833","695.0","MINTON, SK CA","0.0","C","0.0",",C","4",",C","2",",C","0",",C","28",",C","2",",C","21",",C","28",",C","25",",C","0",",C","0",",C","-40.0",",C,08,","440",",,C,25,","50",",,C,23,","5.0",",,C,23,","3.0",",C,28,","","","1000.3",",C","11.0",",,,C","110",",,,C","-17.39",",C","-12.21",",,,C","-22.57",",,,C"
"CA004035200","1994-03","49.1667","-104.5833","695.0","MINTON, SK CA","0.0","C","0.0","4,C","0",",C","0",",C","0",",C","13",",C","0",",C","1","2,C","27","2,C","6","2,C","0","2,C","0","2,C","-19.0","2,C,08,","430",",,C,01,","0",",T,C,28,+","0.0",",T,C,28,+","18.0","2,C,31,","","","504.2","2,C","0.0",",T,,C","0",",T,,C","-0.25","4,C","5.00","2,,,C","-5.50","2,,,C"
"CA004035200","1994-04","49.1667","-104.5833","695.0","MINTON, SK CA","0.0","C","0.0",",C","3","2,C","1","2,C","0","2,C","0",",C","1",",C","0",",C","20",",C","0",",C","3",",C","0",",C","-9.0",",C,05,","0",",,C,30,+","30",",,C,07,","5.6","2,,C,24,","27.0",",C,17,","","","395.0",",C","7.5","2,,,C","30",",,,C","5.17",",C","11.95",",,,C","-1.62",",,,C"
"CA004035200","1994-05","49.1667","-104.5833","695.0","MINTON, SK CA","1.2","C","1.2",",C","11",",C","4",",C","0",",C","0",",C","0",",C","0",",C","5",",C","0",",C","14",",C","0",",C","-2.0",",C,05,+","0",",,C,31,+","0",",,C,31,+","10.6",",,C,19,","29.0",",C,27,","","","180.0",",C","41.8",",,,C","0",",,,C","12.56",",C","19.77",",,,C","5.35",",,,C"
"CA004035200","1994-06","49.1667","-104.5833","695.0","MINTON, SK CA","10.3","C","9.1","1,C","15",",C","10",",C","1",",C","0",",C","0",",C","0","1,C","0","1,C","0","1,C","17","1,C","0","1,C","4.0","1,C,16,","0",",,C,30,+","0",",,C,30,+","36.0",",,C,07,","30.0","1,C,23,","","","81.2","1,C","122.2",",,,C","0",",,,C","15.84","1,C","21.62","1,,,C","10.07","1,,,C"
"CA004035200","1994-07","49.1667","-104.5833","695.0","MINTON, SK CA","","","","","7",",C","5",",C","0",",C","0",",C","0",",C","0","2,C","0","2,C","0","2,C","26","2,C","2","2,C","4.0","2,C,26,","0",",,C,31,+","0",",,C,31,+","23.0",",,C,02,","34.5","2,C,28,","","","","","45.0",",,,C","0",",,,C","17.77","4,C","25.83","2,,,C","9.71","2,,,C"
"CA004035200","1994-08","49.1667","-104.5833","695.0","MINTON, SK CA","","","52.0",",C","6",",C","4",",C","0",",C","0",",C","0",",C","0",",C","1",",C","0",",C","25",",C","5",",C","0.0",",C,31,","0",",,C,31,+","0",",,C,31,+","11.2",",,C,26,","37.0",",C,15,","","","52.8",",C","39.0",",,,C","0",",,,C","18.31",",C","25.90",",,,C","10.71",",,,C"
"CA004035200","1994-09","49.1667","-104.5833","695.0","MINTON, SK CA","","","7.9",",C","3",",C","1",",C","0",",C","0",",C","0",",C","0",",C","2",",C","0",",C","18",",C","2",",C","-2.0",",C,22,","0",",,C,30,+","0",",,C,30,+","5.4",",,C,03,","34.5",",C,09,","","","113.4",",C","7.2",",,,C","0",",,,C","14.82",",C","23.15",",,,C","6.48",",,,C"
"CA004035200","1994-10","49.1667","-104.5833","695.0","MINTON, SK CA","","","0.0","1,C","12",",C","3",",C","0",",C","0",",C","0",",C","0","1,C","13","1,C","0","1,C","1","1,C","0","1,C","-10.0","1,C,31,","0",",,C,31,+","0",",T,C,31,+","21.6",",,C,02,","22.0","1,C,10,","","","350.2","1,C","55.0",",,,C","0",",T,,C","6.66","1,C","12.23","1,,,C","1.08","1,,,C"
"CA004035200","1994-11","49.1667","-104.5833","695.0","MINTON, SK CA","","","0.0","3,C","1",",C","1",",C","0",",C","4",",C","1",",C","0","2,C","27","2,C","10","1,C","0","1,C","0","1,C","-17.0","2,C,29,","60",",,C,27,","60",",,C,26,","6.0",",,C,26,","10.0","1,C,16,","","","573.0","1,C","6.0",",,,C","60",",,,C","-2.71","3,C","2.33","1,,,C","-7.75","2,,,C"
"CA004035200","1994-12","49.1667","-104.5833","695.0","MINTON, SK CA","","","0.0","4,C","4","1,C","1","1,C","0","1,C","18",",C","1","1,C","9","2,C","29","2,C","17","3,C","0","3,C","0","3,C","-32.0","2,C,05,","90",",,C,18,+","40","1,,C,02,","4.0","1,,C,02,","9.0","3,C,01,","","","725.2","3,C","10.0","1,,,C","100","1,,,C","-8.64","4,C","-2.64","3,,,C","-14.64","2,,,C"
"CA004035200","1995-01","49.1667","-104.5833","695.0","MINTON, SK CA","0.0","","0.0",",C","3",",C","0",",C","0",",C","28","2,C","0","1,C","12",",C","31",",C","27",",C","0",",C","0",",C","-31.0",",C,04,","80","2,,C,30,+","10","1,,C,16,+","1.0",",,C,16,+","5.0",",C,31,","","","945.6",",C","3.0",",,,C","30","1,,,C","-12.17",",C","-7.27",",,,C","-17.06",",,,C"
"CA004035200","1995-02","49.1667","-104.5833","695.0","MINTON, SK CA","0.0","","0.0","2,C","1",",C","0",",C","0",",C","0",",C","0",",C","9","2,C","25","2,C","13",",C","0",",C","0",",C","-27.0","2,C,15,","20",",,C,17,+","20",",,C,15,","2.0",",,C,15,","11.0",",C,19,","","","658.4",",C","2.0",",,,C","20",",,,C","-7.03","2,C","-2.02",",,,C","-12.04","2,,,C"
"CA004035200","1995-03","49.1667","-104.5833","695.0","MINTON, SK CA","0.0","","0.0","2,C","12",",C","6",",C","0",",C","2",",C","2",",C","6","2,C","24","2,C","10",",C","0",",C","0",",C","-30.5","2,C,07,","30",",,C,29,+","40",",,C,27,","25.0",",,C,12,","17.0",",C,10,","","","625.2",",C","55.4",",,,C","100",",,,C","-2.97","2,C","2.61",",,,C","-8.55","2,,,C"
"CA004035200","1995-04","49.1667","-104.5833","695.0","MINTON, SK CA","0.0","","0.0","2,C","5",",C","3",",C","0",",C","0",",C","0",",C","0","1,C","25","1,C","2","2,C","0","2,C","0","2,C","-15.0","1,C,04,","0",",,C,30,+","0",",T,C,27,+","14.0",",,C,14,","16.0","2,C,13,","","","459.1","2,C","26.2",",,,C","0",",T,,C","1.76","2,C","7.80","2,,,C","-4.29","1,,,C"
"CA004035200","1995-05","49.1667","-104.5833","695.0","MINTON, SK CA","1.4","","1.4","3,C","14",",C","10",",C","0",",C","0",",C","0",",C","0","2,C","7","2,C","0","1,C","6","1,C","0","1,C","-3.5","2,C,01,","0",",,C,31,+","0",",,C,31,+","10.0",",,C,26,","31.5","1,C,31,","","","235.7","1,C","50.4",",,,C","0",",,,C","9.90","3,C","16.73","1,,,C","3.07","2,,,C"
"CA004035200","1995-06","49.1667","-104.5833","695.0","MINTON, SK CA","","","","","10",",C","5",",C","0",",C","0",",C","0",",C","","","","","","","","","","","","","0",",,C,30,+","0",",,C,30,+","11.0",",,C,14,","","","","","","","36.5",",,,C","0",",,,C","","","","","",""
"CA004035200","1995-07","49.1667","-104.5833","695.0","MINTON, SK CA","","","36.7","2,C","15",",C","8",",C","1",",C","0",",C","0",",C","0","1,C","0","1,C","0","1,C","25","1,C","3","1,C","3.5","1,C,31,","0",",,C,31,+","0",",,C,31,+","27.2",",,C,03,","34.0","1,C,26,","26.8","","26.8","1,C","84.4",",,,C","0",",,,C","18.48","2,C","25.40","1,,,C","11.57","1,,,C"
"CA004035200","1995-08","49.1667","-104.5833","695.0","MINTON, SK CA","","","38.0","4,C","10",",C","7",",C","0",",C","0",",C","0",",C","0","3,C","0","3,C","0","4,C","23","4,C","3","4,C","3.0","3,C,03,","0",",,C,31,+","0",",,C,31,+","18.6",",,C,12,","39.0","4,C,07,","65.8","","39.0","4,C","82.6",",,,C","0",",,,C","18.34","4,C","25.70","4,,,C","10.98","3,,,C"
"CA004035200","1995-09","49.1667","-104.5833","695.0","MINTON, SK CA","","","1.2","3,C","6",",C","2",",C","0",",C","0",",C","0",",C","0","1,C","9","1,C","0","2,C","14","2,C","0","2,C","-10.0","1,C,21,","0",",,C,30,+","0",",T,C,20,+","11.8",",,C,05,","30.5","2,C,03,","251.5","","185.7","2,C","20.2",",,,C","0",",T,,C","11.51","3,C","19.80","2,,,C","3.22","1,,,C"
"CA004035200","1995-10","49.1667","-104.5833","695.0","MINTON, SK CA","","","0.0","1,C","9",",C","2",",C","0",",C","0",",C","0",",C","0","1,C","18","1,C","2",",C","1",",C","0",",C","-12.0","1,C,30,","0",",T,C,31,+","20",",,C,31,","5.4",",,C,12,","25.0",",C,11,","657.7","","406.2",",C","19.2",",,,C","20",",,,C","5.02","1,C","11.29",",,,C","-1.25","1,,,C"
