"STATION","DATE","LATITUDE","LONGITUDE","ELEVATION","NAME","CDSD","CDSD_ATTRIBUTES","CLDD","CLDD_ATTRIBUTES","DP01","DP01_ATTRIBUTES","DP10","DP10_ATTRIBUTES","DP1X","DP1X_ATTRIBUTES","DT00","DT00_ATTRIBUTES","DT32","DT32_ATTRIBUTES","DX32","DX32_ATTRIBUTES","DX70","DX70_ATTRIBUTES","DX90","DX90_ATTRIBUTES","EMNT","EMNT_ATTRIBUTES","EMXP","EMXP_ATTRIBUTES","EMXT","EMXT_ATTRIBUTES","HDSD","HDSD_ATTRIBUTES","HTDD","HTDD_ATTRIBUTES","PRCP","PRCP_ATTRIBUTES","TAVG","TAVG_ATTRIBUTES","TMAX","TMAX_ATTRIBUTES","TMIN","TMIN_ATTRIBUTES"
"FIE00145562","1997-11","64.2975","30.17","197.0","KUHMO KALLIOJOKI, FI","","","","","17",",E","4",",E","0",",E","","","","","","","","","","","","","11.8",",,E,13,","","","","","","","33.7",",,,E","","","","","",""
"FIE00145562","1997-12","64.2975","30.17","197.0","KUHMO KALLIOJOKI, FI","","","","","18",",E","1",",E","0",",E","","","","","","","","","","","","","4.2",",,E,06,","","","","","","","16.5",",,,E","","","","","",""
"FIE00145562","1998-01","64.2975","30.17","197.0","KUHMO KALLIOJOKI, FI","","","","","19",",E","5",",E","0",",E","","","","","","","","","","","","","7.5",",,E,10,","","","","","","","40.4",",,,E","","","","","",""
"FIE00145562","1998-02","64.2975","30.17","197.0","KUHMO KALLIOJOKI, FI","","","","","17",",E","8",",E","0",",E","","","","","","","","","","","","","11.3",",,E,10,","","","","","","","57.1",",,,E","","","","","",""
"FIE00145562","1998-03","64.2975","30.17","197.0","KUHMO KALLIOJOKI, FI","","","","","12",",E","5",",E","0",",E","","","","","","","","","","","","","8.2",",,E,29,","","","","","","","36.9",",,,E","","","","","",""
"FIE00145562","1998-04","64.2975","30.17","197.0","KUHMO KALLIOJOKI, FI","","","","","5",",E","0",",E","0",",E","","","","","","","","","","","","","2.3",",,E,21,","","","","","","","5.9",",,,E","","","","","",""
"FIE00145562","1998-05","64.2975","30.17","197.0","KUHMO KALLIOJOKI, FI","","","","","14",",E","8",",E","0",",E","","","","","","","","","","","","","8.0",",,E,24,","","","","","","","51.7",",,,E","","","","","",""
"FIE00145562","1998-06","64.2975","30.17","197.0","KUHMO KALLIOJOKI, FI","","","","","14",",E","7",",E","0",",E","","","","","","","","","","","","","19.0",",,E,15,","","","","","","","67.0",",,,E","","","","","",""
"FIE00145562","1998-07","64.2975","30.17","197.0","KUHMO KALLIOJOKI, FI","","","","","16",",E","11",",E","0",",E","","","","","","","","","","","","","16.2",",,E,26,","","","","","","","81.5",",,,E","","","","","",""
"FIE00145562","1998-08","64.2975","30.17","197.0","KUHMO KALLIOJOKI, FI","","","","","20",",E","8",",E","1",",E","","","","","","","","","","","","","25.5",",,E,23,","","","","","","","80.1",",,,E","","","","","",""
"FIE00145562","1998-09","64.2975","30.17","197.0","KUHMO KALLIOJOKI, FI","","","","","16",",E","8",",E","0",",E","","","","","","","","","","","","","19.3",",,E,16,","","","","","","","64.5",",,,E","","","","","",""
"FIE00145562","1998-10","64.2975","30.17","197.0","KUHMO KALLIOJOKI, FI","","","","","21",",E","15",",E","0",",E","","","","","","","","","","","","","17.0",",,E,18,","","","","","","","106.8",",,,E","","","","","",""
"FIE00145562","1998-11","64.2975","30.17","197.0","KUHMO KALLIOJOKI, FI","","","","","20",",E","1",",E","0",",E","","","","","","","","","","","","","3.2",",,E,12,","","","","","","","19.2",",,,E","","","","","",""
"FIE00145562","1998-12","64.2975","30.17","197.0","KUHMO KALLIOJOKI, FI","","","","","20",",E","6",",E","0",",E","","","","","","","","","","","","","9.0",",,E,16,","","","","","","","42.4",",,,E","","","","","",""
"FIE00145562","1999-01","64.2975","30.17","197.0","KUHMO KALLIOJOKI, FI","","","","","16",",E","2",",E","0",",E","","","","","","","","","","","","","5.0",",,E,13,","","","","","","","24.6",",,,E","","","","","",""
"FIE00145562","1999-02","64.2975","30.17","197.0","KUHMO KALLIOJOKI, FI","","","","","20",",E","6",",E","0",",E","","","","","","","","","","","","","5.5",",,E,16,","","","","","","","34.8",",,,E","","","","","",""
"FIE00145562","1999-03","64.2975","30.17","197.0","KUHMO KALLIOJOKI, FI","","","","","12",",E","1",",E","0",",E","","","","","","","","","","","","","4.3",",,E,17,","","","","","","","16.6",",,,E","","","","","",""
"FIE00145562","1999-04","64.2975","30.17","197.0","KUHMO KALLIOJOKI, FI","","","","","11",",E","4",",E","0",",E","","","","","","","","","","","","","9.9",",,E,09,","","","","","","","29.9",",,,E","","","","","",""
"FIE00145562","1999-05","64.2975","30.17","197.0","KUHMO KALLIOJOKI, FI","","","","","16",",E","1",",E","0",",E","","","","","","","","","","","","","4.4",",,E,29,","","","","","","","18.5",",,,E","","","","","",""
"FIE00145562","1999-06","64.2975","30.17","197.0","KUHMO KALLIOJOKI, FI","","","","","16",",E","2",",E","0",",E","","","","","","","","","","","","","9.5",",,E,22,","","","","","","","24.3",",,,E","","","","","",""
"FIE00145562","1999-07","64.2975","30.17","197.0","KUHMO KALLIOJOKI, FI","","","","","14",",E","8",",E","1",",E","","","","","","","","","","","","","32.0",",,E,17,","","","","","","","65.4",",,,E","","","","","",""
"FIE00145562","1999-08","64.2975","30.17","197.0","KUHMO KALLIOJOKI, FI","","","","","10",",E","4",",E","1",",E","","","","","","","","","","","","","40.0",",,E,12,","","","","","","","60.8",",,,E","","","","","",""
"FIE00145562","1999-09","64.2975","30.17","197.0","KUHMO KALLIOJOKI, FI","","","","","8",",E","4",",E","0",",E","","","","","","","","","","","","","3.9",",,E,29,","","","","","","","15.1",",,,E","","","","","",""
"FIE00145562","1999-10","64.2975","30.17","197.0","KUHMO KALLIOJOKI, FI","","","","","14",",E","5",",E","0",",E","","","","","","","","","","","","","5.5",",,E,01,","","","","","","","33.4",",,,E","","","","","",""
"FIE00145562","1999-11","64.2975","30.17","197.0","KUHMO KALLIOJOKI, FI","","","","","19",",E","10",",E","0",",E","","","","","","","","","","","","","14.0",",,E,29,","","","","","","","64.4",",,,E","","","","","",""
"FIE00145562","1999-12","64.2975","30.17","197.0","KUHMO KALLIOJOKI, FI","","","","","20",",E","9",",E","0",",E","","","","","","","","","","","","","12.0",",,E,13,","","","","","","","63.7",",,,E","","","","","",""
"FIE00145562","2000-01","64.2975","30.17","197.0","KUHMO KALLIOJOKI, FI","","","","","18",",E","10",",E","0",",E","","","","","","","","","","","","","5.7",",,E,29,","","","","","","","46.6",",,,E","","","","","",""
"FIE00145562","2000-02","64.2975","30.17","197.0","KUHMO KALLIOJOKI, FI","","","","","17",",E","7",",E","0",",E","","","","","","","","","","","","","11.5",",,E,27,","","","","","","","48.7",",,,E","","","","","",""
"FIE00145562","2000-03","64.2975","30.17","197.0","KUHMO KALLIOJOKI, FI","","","","","13",",E","6",",E","0",",E","","","","","","","","","","","","","7.0",",,E,13,","","","","","","","35.1",",,,E","","","","","",""
"FIE00145562","2000-04","64.2975","30.17","197.0","KUHMO KALLIOJOKI, FI","","","","","13",",E","3",",E","0",",E","","","","","","","","","","","","","6.2",",,E,14,","","","","","","","26.1",",,,E","","","","","",""
"FIE00145562","2000-05","64.2975","30.17","197.0","KUHMO KALLIOJOKI, FI","","","","","4",",E","3",",E","0",",E","","","","","","","","","","","","","11.0",",,E,11,","","","","","","","28.5",",,,E","","","","","",""
"FIE00145562","2000-06","64.2975","30.17","197.0","KUHMO KALLIOJOKI, FI","","","","","19",",E","10",",E","0",",E","","","","","","","","","","","","","15.3",",,E,27,","","","","","","","70.3",",,,E","","","","","",""
"FIE00145562","2000-07","64.2975","30.17","197.0","KUHMO KALLIOJOKI, FI","","","","","11",",E","6",",E","1",",E","","","","","","","","","","","","","32.0",",,E,22,","","","","","","","74.9",",,,E","","","","","",""
"FIE00145562","2000-08","64.2975","30.17","197.0","KUHMO KALLIOJOKI, FI","","","","","18",",E","13",",E","0",",E","","","","","","","","","","","","","20.2",",,E,12,","","","","","","","133.6",",,,E","","","","","",""
"FIE00145562","2000-09","64.2975","30.17","197.0","KUHMO KALLIOJOKI, FI","","","","","11",",E","6",",E","1",",E","","","","","","","","","","","","","26.0",",,E,01,","","","","","","","74.0",",,,E","","","","","",""
"FIE00145562","2000-10","64.2975","30.17","197.0","KUHMO KALLIOJOKI, FI","","","","","11",",E","3",",E","0",",E","","","","","","","","","","","","","11.3",",,E,24,","","","","","","","31.9",",,,E","","","","","",""
"FIE00145562","2000-11","64.2975","30.17","197.0","KUHMO KALLIOJOKI, FI","","","","","18",",E","8",",E","0",",E","","","","","","","","","","","","","10.3",",,E,01,","","","","","","","50.9",",,,E","","","","","",""
"FIE00145562","2000-12","64.2975","30.17","197.0","KUHMO KALLIOJOKI, FI","","","","","16",",E","7",",E","0",",E","","","","","","","","","","","","","10.0",",,E,02,","","","","","","","49.4",",,,E","","","","","",""
"FIE00145562","2001-01","64.2975","30.17","197.0","KUHMO KALLIOJOKI, FI","","","","","11",",E","5",",E","0",",E","","","","","","","","","","","","","3.9",",,E,10,","","","","","","","20.8",",,,E","","","","","",""
"FIE00145562","2001-02","64.2975","30.17","197.0","KUHMO KALLIOJOKI, FI","","","","","14",",E","7",",E","0",",E","","","","","","","","","","","","","17.0",",,E,08,","","","","","","","63.8",",,,E","","","","","",""
"FIE00145562","2001-03","64.2975","30.17","197.0","KUHMO KALLIOJOKI, FI","","","","","19",",E","10",",E","0",",E","","","","","","","","","","","","","8.0",",,E,02,","","","","","","","49.0",",,,E","","","","","",""
"FIE00145562","2001-04","64.2975","30.17","197.0","KUHMO KALLIOJOKI, FI","","","","","16",",E","5",",E","0",",E","","","","","","","","","","","","","6.0",",,E,04,","","","","","","","34.4",",,,E","","","","","",""
"FIE00145562","2001-05","64.2975","30.17","197.0","KUHMO KALLIOJOKI, FI","","","","","12",",E","5",",E","0",",E","","","","","","","","","","","","","9.0",",,E,04,","","","","","","","41.7",",,,E","","","","","",""
"FIE00145562","2001-06","64.2975","30.17","197.0","KUHMO KALLIOJOKI, FI","","","","","9",",E","5",",E","0",",E","","","","","","","","","","","","","16.4",",,E,10,","","","","","","","50.0",",,,E","","","","","",""
"FIE00145562","2001-07","64.2975","30.17","197.0","KUHMO KALLIOJOKI, FI","","","","","19",",E","11",",E","0",",E","","","","","","","","","","","","","15.0",",,E,26,","","","","","","","87.5",",,,E","","","","","",""
"FIE00145562","2001-08","64.2975","30.17","197.0","KUHMO KALLIOJOKI, FI","","","","","11",",E","6",",E","0",",E","","","","","","","","","","","","","15.5",",,E,06,","","","","","","","47.6",",,,E","","","","","",""
"FIE00145562","2001-09","64.2975","30.17","197.0","KUHMO KALLIOJOKI, FI","","","","","14",",E","9",",E","0",",E","","","","","","","","","","","","","11.3",",,E,05,","","","","","","","58.6",",,,E","","","","","",""
"FIE00145562","2001-10","64.2975","30.17","197.0","KUHMO KALLIOJOKI, FI","","","","","21",",E","11",",E","0",",E","","","","","","","","","","","","","9.5",",,E,05,","","","","","","","68.0",",,,E","","","","","",""
"FIE00145562","2001-11","64.2975","30.17","197.0","KUHMO KALLIOJOKI, FI","","","","","18",",E","5",",E","0",",E","","","","","","","","","","","","","11.9",",,E,15,","","","","","","","35.1",",,,E","","","","","",""
"FIE00145562","2001-12","64.2975","30.17","197.0","KUHMO KALLIOJOKI, FI","","","","","16",",E","0",",E","0",",E","","","","","","","","","","","","","2.1",",,E,09,","","","","","","","12.2",",,,E","","","","","",""
"FIE00145562","2002-01","64.2975","30.17","197.0","KUHMO KALLIOJOKI, FI","","","","","19",",E","5",",E","0",",E","","","","","","","","","","","","","17.5",",,E,26,+","","","","","","","72.6",",,,E","","","","","",""
"FIE00145562","2002-02","64.2975","30.17","197.0","KUHMO KALLIOJOKI, FI","","","","","18",",E","3",",E","0",",E","","","","","","","","","","","","","7.0",",,E,02,","","","","","","","30.8",",,,E","","","","","",""
"FIE00145562","2002-03","64.2975","30.17","197.0","KUHMO KALLIOJOKI, FI","","","","","12",",E","5",",E","0",",E","","","","","","","","","","","","","7.8",",,E,09,","","","","","","","30.5",",,,E","","","","","",""
"FIE00145562","2002-04","64.2975","30.17","197.0","KUHMO KALLIOJOKI, FI","","","","","9",",E","2",",E","0",",E","","","","","","","","","","","","","3.9",",,E,16,","","","","","","","15.0",",,,E","","","","","",""
"FIE00145562","2002-05","64.2975","30.17","197.0","KUHMO KALLIOJOKI, FI","","","","","7",",E","2",",E","0",",E","","","","","","","","","","","","","11.6",",,E,16,","","","","","","","19.2",",,,E","","","","","",""
"FIE00145562","2002-06","64.2975","30.17","197.0","KUHMO KALLIOJOKI, FI","","","","","16",",E","7",",E","0",",E","","","","","","","","","","","","","21.0",",,E,13,","","","","","","","78.8",",,,E","","","","","",""
"FIE00145562","2002-07","64.2975","30.17","197.0","KUHMO KALLIOJOKI, FI","","","","","15",",E","11",",E","0",",E","","","","","","","","","","","","","17.0",",,E,13,","","","","","","","73.9",",,,E","","","","","",""
"FIE00145562","2002-08","64.2975","30.17","197.0","KUHMO KALLIOJOKI, FI","","","","","11",",E","6",",E","0",",E","","","","","","","","","","","","","14.0",",,E,10,","","","","","","","51.5",",,,E","","","","","",""
"FIE00145562","2002-09","64.2975","30.17","197.0","KUHMO KALLIOJOKI, FI","","","","","12",",E","5",",E","0",",E","","","","","","","","","","","","","10.5",",,E,22,","","","","","","","37.6",",,,E","","","","","",""
"FIE00145562","2002-10","64.2975","30.17","197.0","KUHMO KALLIOJOKI, FI","","","","","8",",E","0",",E","0",",E","","","","","","","","","","","","","1.2",",,E,30,","","","","","","","4.5",",,,E","","","","","",""
"FIE00145562","2002-11","64.2975","30.17","197.0","KUHMO KALLIOJOKI, FI","","","","","11",",E","1",",E","0",",E","","","","","","","","","","","","","21.8",",,E,26,","","","","","","","31.2",",,,E","","","","","",""
"FIE00145562","2002-12","64.2975","30.17","197.0","KUHMO KALLIOJOKI, FI","","","","","11",",E","4",",E","0",",E","","","","","","","","","","","","","16.0",",,E,20,","","","","","","","32.4",",,,E","","","","","",""
"FIE00145562","2003-01","64.2975","30.17","197.0","KUHMO KALLIOJOKI, FI","","","","","14",",E","6",",E","0",",E","","","","","","","","","","","","","6.5",",,E,08,","","","","","","","37.2",",,,E","","","","","",""
"FIE00145562","2003-02","64.2975","30.17","197.0","KUHMO KALLIOJOKI, FI","","","","","11",",E","4",",E","0",",E","","","","","","","","","","","","","4.0",",,E,13,","","","","","","","19.1",",,,E","","","","","",""
"FIE00145562","2003-03","64.2975","30.17","197.0","KUHMO KALLIOJOKI, FI","","","","","10",",E","3",",E","0",",E","","","","","","","","","","","","","6.5",",,E,10,","","","","","","","21.6",",,,E","","","","","",""
"FIE00145562","2003-04","64.2975","30.17","197.0","KUHMO KALLIOJOKI, FI","","","","","7",",E","1",",E","0",",E","","","","","","","","","","","","","4.9",",,E,30,","","","","","","","11.7",",,,E","","","","","",""
"FIE00145562","2003-05","64.2975","30.17","197.0","KUHMO KALLIOJOKI, FI","","","","","19",",E","11",",E","0",",E","","","","","","","","","","","","","11.5",",,E,02,","","","","","","","81.6",",,,E","","","","","",""
"FIE00145562","2003-06","64.2975","30.17","197.0","KUHMO KALLIOJOKI, FI","","","","","11",",E","6",",E","0",",E","","","","","","","","","","","","","15.2",",,E,09,","","","","","","","43.0",",,,E","","","","","",""
"FIE00145562","2003-07","64.2975","30.17","197.0","KUHMO KALLIOJOKI, FI","","","","","12",",E","7",",E","0",",E","","","","","","","","","","","","","11.7",",,E,30,","","","","","","","43.5",",,,E","","","","","",""
"FIE00145562","2003-08","64.2975","30.17","197.0","KUHMO KALLIOJOKI, FI","","","","","16",",E","9",",E","0",",E","","","","","","","","","","","","","16.2",",,E,07,","","","","","","","80.2",",,,E","","","","","",""
"FIE00145562","2003-09","64.2975","30.17","197.0","KUHMO KALLIOJOKI, FI","","","","","15",",E","6",",E","0",",E","","","","","","","","","","","","","6.4",",,E,25,","","","","","","","34.2",",,,E","","","","","",""
"FIE00145562","2003-10","64.2975","30.17","197.0","KUHMO KALLIOJOKI, FI","","","","","15",",E","8",",E","0",",E","","","","","","","","","","","","","16.3",",,E,07,","","","","","","","72.7",",,,E","","","","","",""
"FIE00145562","2003-11","64.2975","30.17","197.0","KUHMO KALLIOJOKI, FI","","","","","18",",E","4",",E","0",",E","","","","","","","","","","","","","12.5",",,E,24,","","","","","","","40.2",",,,E","","","","","",""
"FIE00145562","2003-12","64.2975","30.17","197.0","KUHMO KALLIOJOKI, FI","","","","","16",",E","7",",E","0",",E","","","","","","","","","","","","","13.0",",,E,29,","","","","","","","45.2",",,,E","","","","","",""
"FIE00145562","2004-01","64.2975","30.17","197.0","KUHMO KALLIOJOKI, FI","","","","","16","1,E","4","1,E","0","1,E","","","","","","","","","","","","","4.5","1,,E,15,","","","","","","","22.5","1,,,E","","","","","",""
"FIE00145562","2004-02","64.2975","30.17","197.0","KUHMO KALLIOJOKI, FI","","","","","16","2,E","5","2,E","0","2,E","","","","","","","","","","","","","10.3","2,,E,04,","","","","","","","34.8","2,,,E","","","","","",""
"FIE00145562","2004-03","64.2975","30.17","197.0","KUHMO KALLIOJOKI, FI","","","","","11",",E","2",",E","0",",E","","","","","","","","","","","","","6.0",",,E,01,","","","","","","","20.8",",,,E","","","","","",""
"FIE00145562","2004-04","64.2975","30.17","197.0","KUHMO KALLIOJOKI, FI","","","","","4",",E","2",",E","0",",E","","","","","","","","","","","","","5.7",",,E,10,","","","","","","","10.4",",,,E","","","","","",""
"FIE00145562","2004-05","64.2975","30.17","197.0","KUHMO KALLIOJOKI, FI","","","","","16","2,E","9","2,E","0","2,E","","","","","","","","","","","","","16.2","2,,E,23,","","","","","","","82.9","2,,,E","","","","","",""
"FIE00145562","2004-06","64.2975","30.17","197.0","KUHMO KALLIOJOKI, FI","","","","","16","1,E","7","1,E","0","1,E","","","","","","","","","","","","","12.4","1,,E,22,","","","","","","","55.9","1,,,E","","","","","",""
"FIE00145562","2004-07","64.2975","30.17","197.0","KUHMO KALLIOJOKI, FI","","","0.7",",E","13",",E","9",",E","2",",E","0",",E","0",",E","0",",E","16",",E","0",",E","6.3",",E,22,","33.8",",,E,16,","24.0",",E,19,","72.0","","72.0",",E","132.4",",,,E","16.04",",E","20.86",",,,E","11.21",",,,E"
"FIE00145562","2004-08","64.2975","30.17","197.0","KUHMO KALLIOJOKI, FI","","","5.3",",E","21",",E","15",",E","1",",E","0",",E","0",",E","0",",E","7",",E","0",",E","1.4",",E,15,","30.7",",,E,20,","26.0",",E,07,","224.2","","152.2",",E","139.1",",,,E","13.60",",E","17.65",",,,E","9.54",",,,E"
"FIE00145562","2004-09","64.2975","30.17","197.0","KUHMO KALLIOJOKI, FI","","","0.0",",E","21",",E","12",",E","0",",E","0",",E","2",",E","0",",E","2",",E","0",",E","-1.1",",E,09,","20.2",",,E,21,","23.5",",E,01,","483.7","","259.5",",E","97.7",",,,E","9.68",",E","13.04",",,,E","6.33",",,,E"
"FIE00145562","2004-10","64.2975","30.17","197.0","KUHMO KALLIOJOKI, FI","","","0.0",",E","12",",E","4",",E","0",",E","0",",E","13",",E","2",",E","0",",E","0",",E","-9.1",",E,30,","9.6",",,E,07,","11.3",",E,06,","988.4","","504.7",",E","32.2",",,,E","2.05",",E","4.55",",,,E","-0.44",",,,E"
"FIE00145562","2004-11","64.2975","30.17","197.0","KUHMO KALLIOJOKI, FI","","","0.0",",E","11",",E","5",",E","0",",E","5",",E","25",",E","16",",E","0",",E","0",",E","-26.2",",E,29,","15.3",",,E,12,","8.5",",E,03,","1697.7","","709.3",",E","39.4",",,,E","-5.31",",E","-2.21",",,,E","-8.41",",,,E"
"FIE00145562","2004-12","64.2975","30.17","197.0","KUHMO KALLIOJOKI, FI","","","0.0",",E","16",",E","9",",E","0",",E","7",",E","31",",E","25",",E","0",",E","0",",E","-26.5",",E,03,","5.8",",,E,14,","1.4",",E,17,","2483.9","","786.2",",E","41.9",",,,E","-7.03",",E","-3.59",",,,E","-10.46",",,,E"
"FIE00145562","2005-01","64.2975","30.17","197.0","KUHMO KALLIOJOKI, FI","0.0","E","0.0",",E","22",",E","7",",E","0",",E","3",",E","31",",E","26",",E","0",",E","0",",E","-26.3",",E,28,","8.9",",,E,30,","1.2",",E,13,","3256.9","E","773.0",",E","56.6",",,,E","-6.60",",E","-3.70",",,,E","-9.50",",,,E"
"FIE00145562","2005-02","64.2975","30.17","197.0","KUHMO KALLIOJOKI, FI","0.0","E","0.0",",E","12",",E","2",",E","0",",E","8",",E","28",",E","26",",E","0",",E","0",",E","-30.5",",E,28,","3.9",",,E,05,","1.0",",E,06,","4071.4","E","814.5",",E","14.0",",,,E","-10.76",",E","-6.43",",,,E","-15.08",",,,E"
"FIE00145562","2005-03","64.2975","30.17","197.0","KUHMO KALLIOJOKI, FI","0.0","E","0.0",",E","13",",E","1",",E","0",",E","12",",E","30",",E","26",",E","0",",E","0",",E","-34.4",",E,01,","6.5",",,E,24,","6.3",",E,31,","4969.7","E","898.3",",E","13.3",",,,E","-10.64",",E","-3.78",",,,E","-17.51",",,,E"
"FIE00145562","2005-04","64.2975","30.17","197.0","KUHMO KALLIOJOKI, FI","","","","","12",",E","4",",E","0",",E","","","","","","","","","","","","","4.7",",,E,22,","","","","","","","18.7",",,,E","","","","","",""
"FIE00145562","2005-05","64.2975","30.17","197.0","KUHMO KALLIOJOKI, FI","","","0.0",",E","18",",E","11",",E","0",",E","0",",E","10",",E","0",",E","2",",E","0",",E","-6.7",",E,03,","20.0",",,E,18,","24.7",",E,24,","","","353.2",",E","79.1",",,,E","6.94",",E","11.90",",,,E","1.98",",,,E"
"FIE00145562","2005-06","64.2975","30.17","197.0","KUHMO KALLIOJOKI, FI","","","0.6",",E","11",",E","6",",E","0",",E","0",",E","0",",E","0",",E","9",",E","0",",E","0.5",",E,03,","12.0",",,E,25,","25.4",",E,13,","","","172.1",",E","42.0",",,,E","12.62",",E","18.33",",,,E","6.90",",,,E"
"FIE00145562","2005-07","64.2975","30.17","197.0","KUHMO KALLIOJOKI, FI","","","16.9",",E","10",",E","7",",E","0",",E","0",",E","0",",E","0",",E","23",",E","0",",E","2.8",",E,30,","9.2",",,E,19,","28.6",",E,10,","56.4","E","56.4",",E","45.6",",,,E","17.06",",E","23.32",",,,E","10.80",",,,E"
"FIE00145562","2005-08","64.2975","30.17","197.0","KUHMO KALLIOJOKI, FI","","","","","13",",E","6",",E","0",",E","","","","","","","","","","","","","16.1",",,E,05,","","","","","","","61.7",",,,E","","","","","",""
"FIE00145562","2005-09","64.2975","30.17","197.0","KUHMO KALLIOJOKI, FI","","","0.0",",E","13",",E","11",",E","0",",E","0",",E","3",",E","0",",E","0",",E","0",",E","-2.3",",E,16,","21.3",",,E,14,","20.7",",E,03,","","","266.2",",E","96.2",",,,E","9.46",",E","13.94",",,,E","4.98",",,,E"
"FIE00145562","2005-10","64.2975","30.17","197.0","KUHMO KALLIOJOKI, FI","","","0.0",",E","7",",E","2",",E","0",",E","0",",E","12",",E","6",",E","0",",E","0",",E","-12.4",",E,28,","8.3",",,E,21,","14.8",",E,02,","","","434.1",",E","17.2",",,,E","4.33",",E","7.17",",,,E","1.49",",,,E"
"FIE00145562","2005-11","64.2975","30.17","197.0","KUHMO KALLIOJOKI, FI","","","0.0",",E","18",",E","13",",E","0",",E","0",",E","16",",E","8",",E","0",",E","0",",E","-6.0",",E,18,","20.3",",,E,15,","9.8",",E,05,","","","497.7",",E","90.3",",,,E","1.74",",E","3.28",",,,E","0.20",",,,E"
"FIE00145562","2005-12","64.2975","30.17","197.0","KUHMO KALLIOJOKI, FI","","","0.0","1,E","18",",E","9",",E","0",",E","4","1,E","30","1,E","28","1,E","0","1,E","0","1,E","-28.5","1,E,29,","8.6",",,E,16,","0.2","1,E,31,","","","817.8","1,E","53.4",",,,E","-8.93","1,E","-5.50","1,,,E","-12.36","1,,,E"
"FIE00145562","2006-01","64.2975","30.17","197.0","KUHMO KALLIOJOKI, FI","0.0","E","0.0",",E","14",",E","6",",E","0",",E","8",",E","30",",E","27",",E","0",",E","0",",E","-37.6",",E,22,","9.9",",,E,24,","1.2",",E,13,","","","885.7",",E","43.6",",,,E","-10.24",",E","-7.27",",,,E","-13.20",",,,E"
"FIE00145562","2006-02","64.2975","30.17","197.0","KUHMO KALLIOJOKI, FI","0.0","E","0.0",",E","14",",E","1",",E","0",",E","21",",E","28",",E","28",",E","0",",E","0",",E","-36.0",",E,06,","3.1",",,E,19,","-0.1",",E,24,","","","968.8",",E","15.1",",,,E","-16.27",",E","-10.80",",,,E","-21.73",",,,E"
"FIE00145562","2006-03","64.2975","30.17","197.0","KUHMO KALLIOJOKI, FI","0.0","E","0.0",",E","12",",E","4",",E","0",",E","19",",E","31",",E","26",",E","0",",E","0",",E","-32.1",",E,08,","10.2",",,E,18,","3.5",",E,17,","","","948.2",",E","29.0",",,,E","-12.25",",E","-4.67",",,,E","-19.84",",,,E"
"FIE00145562","2006-04","64.2975","30.17","197.0","KUHMO KALLIOJOKI, FI","0.0","E","0.0",",E","15",",E","3",",E","0",",E","0",",E","26",",E","1",",E","0",",E","0",",E","-8.7",",E,23,","22.0",",,E,21,","12.8",",E,30,","","","494.9",",E","45.0",",,,E","1.84",",E","5.58",",,,E","-1.90",",,,E"
"FIE00145562","2006-05","64.2975","30.17","197.0","KUHMO KALLIOJOKI, FI","0.0","E","0.0",",E","13",",E","6",",E","0",",E","0",",E","13",",E","0",",E","2",",E","0",",E","-5.1",",E,01,","17.6",",,E,23,","23.3",",E,08,","","","322.6",",E","70.7",",,,E","7.93",",E","14.15",",,,E","1.71",",,,E"
"FIE00145562","2006-06","64.2975","30.17","197.0","KUHMO KALLIOJOKI, FI","13.4","E","13.4",",E","10",",E","7",",E","0",",E","0",",E","0",",E","0",",E","12",",E","0",",E","2.1",",E,05,","20.1",",,E,28,","27.8",",E,13,","","","139.3",",E","63.0",",,,E","14.13",",E","19.71",",,,E","8.56",",,,E"
"FIE00145562","2006-07","64.2975","30.17","197.0","KUHMO KALLIOJOKI, FI","25.3","E","11.9",",E","9",",E","6",",E","0",",E","0",",E","0",",E","0",",E","16",",E","0",",E","0.9",",E,30,","15.4",",,E,10,","28.5",",E,08,","106.6","E","106.6",",E","49.7",",,,E","15.28",",E","21.05",",,,E","9.50",",,,E"
"FIE00145562","2006-08","64.2975","30.17","197.0","KUHMO KALLIOJOKI, FI","26.4","E","1.1",",E","5",",E","4",",E","0",",E","0",",E","0",",E","0",",E","13",",E","0",",E","2.4",",E,21,","15.0",",,E,17,","24.9",",E,08,","223.4","E","116.8",",E","31.6",",,,E","14.60",",E","20.16",",,,E","9.04",",,,E"
"FIE00145562","2006-09","64.2975","30.17","197.0","KUHMO KALLIOJOKI, FI","26.4","E","0.0",",E","15",",E","9",",E","2",",E","0",",E","4",",E","0",",E","0",",E","0",",E","-3.7",",E,26,","31.7",",,E,28,","18.4",",E,04,","496.7","E","273.3",",E","102.3",",,,E","9.22",",E","12.62",",,,E","5.82",",,,E"
"FIE00145562","2006-10","64.2975","30.17","197.0","KUHMO KALLIOJOKI, FI","26.4","E","0.0",",E","18",",E","10",",E","0",",E","0",",E","15",",E","8",",E","0",",E","0",",E","-13.1",",E,21,","19.6",",,E,27,","12.3",",E,04,","1015.0","E","518.3",",E","86.8",",,,E","1.61",",E","3.84",",,,E","-0.62",",,,E"
"FIE00145562","2006-11","64.2975","30.17","197.0","KUHMO KALLIOJOKI, FI","26.4","E","0.0",",E","16",",E","7",",E","0",",E","3",",E","21",",E","18",",E","0",",E","0",",E","-23.0",",E,06,","9.4",",,E,24,","5.7",",E,27,","1682.2","E","667.2",",E","38.9",",,,E","-3.91",",E","-1.72",",,,E","-6.10",",,,E"
"FIE00145562","2006-12","64.2975","30.17","197.0","KUHMO KALLIOJOKI, FI","26.4","E","0.0",",E","20",",E","9",",E","0",",E","0",",E","22",",E","9",",E","0",",E","0",",E","-17.6",",E,26,","11.7",",,E,14,+","6.5",",E,10,","2312.3","E","630.1",",E","91.6",",,,E","-1.99",",E","0.65",",,,E","-4.64",",,,E"
"FIE00145562","2007-01","64.2975","30.17","197.0","KUHMO KALLIOJOKI, FI","0.0","E","0.0",",E","15",",E","8",",E","0",",E","10",",E","30",",E","23",",E","0",",E","0",",E","-33.5",",E,30,","10.9",",,E,25,","3.6",",E,10,","3176.8","E","864.5",",E","58.8",",,,E","-9.55",",E","-5.79",",,,E","-13.32",",,,E"
"FIE00145562","2007-02","64.2975","30.17","197.0","KUHMO KALLIOJOKI, FI","0.0","E","0.0",",E","9",",E","3",",E","0",",E","22",",E","28",",E","28",",E","0",",E","0",",E","-39.5",",E,06,","5.2",",,E,02,","-2.1",",E,17,","4204.6","E","1027.8",",E","20.6",",,,E","-18.38",",E","-12.56",",,,E","-24.19",",,,E"
"FIE00145562","2007-03","64.2975","30.17","197.0","KUHMO KALLIOJOKI, FI","0.0","E","0.0",",E","17",",E","4",",E","0",",E","1",",E","28",",E","5",",E","0",",E","0",",E","-19.4",",E,04,","7.4",",,E,12,","11.8",",E,26,","4785.7","E","581.1",",E","40.6",",,,E","-0.41",",E","3.77",",,,E","-4.59",",,,E"
"FIE00145562","2007-04","64.2975","30.17","197.0","KUHMO KALLIOJOKI, FI","0.0","E","0.0",",E","14",",E","5",",E","0",",E","1",",E","24",",E","3",",E","0",",E","0",",E","-19.2",",E,09,","9.9",",,E,04,","15.3",",E,16,","5303.3","E","517.6",",E","34.7",",,,E","1.08",",E","6.29",",,,E","-4.14",",,,E"
"FIE00145562","2007-05","64.2975","30.17","197.0","KUHMO KALLIOJOKI, FI","0.0","E","0.0",",E","19",",E","12",",E","0",",E","0",",E","7",",E","0",",E","0",",E","0",",E","-9.7",",E,01,","13.1",",,E,09,","20.0",",E,27,","5637.2","E","333.9",",E","65.8",",,,E","7.56",",E","12.03",",,,E","3.10",",,,E"
"FIE00145562","2007-06","64.2975","30.17","197.0","KUHMO KALLIOJOKI, FI","0.0","E","0.0",",E","16",",E","6",",E","0",",E","0",",E","0",",E","0",",E","7",",E","0",",E","0.7",",E,17,","24.0",",,E,15,","25.8",",E,05,","5828.2","E","191.0",",E","71.1",",,,E","11.97",",E","17.98",",,,E","5.95",",,,E"
"FIE00145562","2007-07","64.2975","30.17","197.0","KUHMO KALLIOJOKI, FI","1.6","E","1.6",",E","23",",E","16",",E","0",",E","0",",E","0",",E","0",",E","13",",E","0",",E","6.4",",E,23,","20.0",",,E,07,","25.2",",E,14,","108.5","E","108.5",",E","115.4",",,,E","14.88",",E","19.52",",,,E","10.25",",,,E"
"FIE00145562","2007-08","64.2975","30.17","197.0","KUHMO KALLIOJOKI, FI","12.1","E","10.5",",E","12",",E","9",",E","0",",E","0",",E","0",",E","0",",E","18",",E","0",",E","0.1",",E,31,","15.9",",,E,01,","27.8",",E,08,","216.6","E","108.1",",E","61.1",",,,E","15.19",",E","20.19",",,,E","10.18",",,,E"
"FIE00145562","2007-09","64.2975","30.17","197.0","KUHMO KALLIOJOKI, FI","12.1","E","0.0",",E","20",",E","12",",E","1",",E","0",",E","6",",E","0",",E","0",",E","0",",E","-1.9",",E,10,","26.1",",,E,19,","17.2",",E,26,","539.1","E","322.5",",E","98.4",",,,E","7.58",",E","11.23",",,,E","3.93",",,,E"
"FIE00145562","2007-10","64.2975","30.17","197.0","KUHMO KALLIOJOKI, FI","12.1","E","0.0",",E","11",",E","5",",E","0",",E","0",",E","9",",E","0",",E","0",",E","0",",E","-7.1",",E,12,","8.1",",,E,30,","14.4",",E,01,","985.9","E","446.8",",E","30.2",",,,E","3.92",",E","6.42",",,,E","1.42",",,,E"
"FIE00145562","2007-11","64.2975","30.17","197.0","KUHMO KALLIOJOKI, FI","12.1","E","0.0","1,E","21",",E","6",",E","0",",E","2","1,E","28","1,E","19","1,E","0","1,E","0","1,E","-24.5","1,E,18,","6.8",",,E,23,","3.9","1,E,01,","1641.7","E","655.8","1,E","47.6",",,,E","-4.28","1,E","-1.86","1,,,E","-6.70","1,,,E"
"FIE00145562","2007-12","64.2975","30.17","197.0","KUHMO KALLIOJOKI, FI","12.1","E","0.0",",E","18",",E","7",",E","0",",E","0",",E","28",",E","10",",E","0",",E","0",",E","-16.0",",E,13,","10.4",",,E,29,","4.2",",E,18,","2285.4","E","643.7",",E","53.1",",,,E","-2.43",",E","0.04",",,,E","-4.90",",,,E"
"FIE00145562","2008-01","64.2975","30.17","197.0","KUHMO KALLIOJOKI, FI","0.0","E","0.0",",E","19",",E","8",",E","0",",E","8",",E","30",",E","23",",E","0",",E","0",",E","-25.6",",E,24,","11.3",",,E,12,","1.3",",E,18,","3083.0","E","797.6",",E","58.6",",,,E","-7.40",",E","-4.38",",,,E","-10.41",",,,E"
"FIE00145562","2008-02","64.2975","30.17","197.0","KUHMO KALLIOJOKI, FI","0.0","E","0.0",",E","20",",E","7",",E","0",",E","6",",E","29",",E","23",",E","0",",E","0",",E","-27.0",",E,16,","13.5",",,E,22,","0.9",",E,13,","3806.3","E","723.3",",E","48.1",",,,E","-6.61",",E","-2.82",",,,E","-10.40",",,,E"
"FIE00145562","2008-03","64.2975","30.17","197.0","KUHMO KALLIOJOKI, FI","0.0","E","0.0",",E","15",",E","6",",E","0",",E","4",",E","29",",E","23",",E","0",",E","0",",E","-24.9",",E,06,","10.9",",,E,26,","8.3",",E,31,","4575.7","E","769.4",",E","47.4",",,,E","-6.49",",E","-2.52",",,,E","-10.45",",,,E"
"FIE00145562","2008-04","64.2975","30.17","197.0","KUHMO KALLIOJOKI, FI","0.0","E","0.0",",E","11",",E","7",",E","0",",E","0",",E","26",",E","7",",E","0",",E","0",",E","-11.5",",E,26,","14.2",",,E,07,","17.4",",E,30,","5119.5","E","543.8",",E","56.4",",,,E","0.21",",E","4.70",",,,E","-4.29",",,,E"
"FIE00145562","2008-05","64.2975","30.17","197.0","KUHMO KALLIOJOKI, FI","0.0","E","0.0",",E","14",",E","5",",E","0",",E","0",",E","18",",E","0",",E","0",",E","0",",E","-4.8",",E,15,","8.5",",,E,12,","21.0",",E,04,","5517.7","E","398.2",",E","34.8",",,,E","5.49",",E","11.10",",,,E","-0.12",",,,E"
"FIE00145562","2008-06","64.2975","30.17","197.0","KUHMO KALLIOJOKI, FI","0.0","E","0.0",",E","10",",E","6",",E","0",",E","0",",E","1",",E","0",",E","6",",E","0",",E","-1.5",",E,07,","7.9",",,E,10,","22.5",",E,18,","5721.9","E","204.2",",E","35.5",",,,E","11.53",",E","17.25",",,,E","5.80",",,,E"
"FIE00145562","2008-07","64.2975","30.17","197.0","KUHMO KALLIOJOKI, FI","0.6","E","0.6","1,E","16",",E","7",",E","1",",E","0","1,E","0","1,E","0","1,E","13","1,E","0","1,E","3.0","1,E,28,","28.6",",,E,12,","24.5","1,E,03,","115.8","E","115.8","1,E","98.9",",,,E","14.49","1,E","19.36","1,,,E","9.63","1,,,E"
"FIE00145562","2008-08","64.2975","30.17","197.0","KUHMO KALLIOJOKI, FI","0.6","E","0.0",",E","18",",E","12",",E","0",",E","0",",E","0",",E","0",",E","0",",E","0",",E","0.7",",E,04,","15.1",",,E,16,","19.5",",E,21,","325.3","E","209.5",",E","111.1",",,,E","11.57",",E","15.20",",,,E","7.95",",,,E"
"FIE00145562","2008-09","64.2975","30.17","197.0","KUHMO KALLIOJOKI, FI","0.6","E","0.0",",E","12",",E","5",",E","0",",E","0",",E","6",",E","0",",E","0",",E","0",",E","-5.1",",E,26,","11.6",",,E,04,","16.3",",E,07,","682.3","E","357.0",",E","41.0",",,,E","6.43",",E","9.98",",,,E","2.88",",,,E"
"FIE00145562","2008-10","64.2975","30.17","197.0","KUHMO KALLIOJOKI, FI","0.6","E","0.0",",E","22",",E","13",",E","0",",E","0",",E","5",",E","0",",E","0",",E","0",",E","-5.6",",E,09,","21.6",",,E,31,","10.0",",E,21,","1124.6","E","442.3",",E","119.7",",,,E","4.06",",E","6.05",",,,E","2.08",",,,E"
"FIE00145562","2008-11","64.2975","30.17","197.0","KUHMO KALLIOJOKI, FI","0.6","E","0.0",",E","24",",E","7",",E","0",",E","0",",E","26",",E","10",",E","0",",E","0",",E","-8.0",",E,21,","19.1",",,E,23,","5.2",",E,10,","1720.3","E","595.7",",E","73.7",",,,E","-1.53",",E","0.21",",,,E","-3.26",",,,E"
"FIE00145562","2008-12","64.2975","30.17","197.0","KUHMO KALLIOJOKI, FI","0.6","E","0.0",",E","16",",E","7",",E","0",",E","0",",E","30",",E","20",",E","0",",E","0",",E","-15.7",",E,24,","11.5",",,E,04,","2.1",",E,03,","2398.8","E","678.5",",E","46.2",",,,E","-3.55",",E","-1.54",",,,E","-5.57",",,,E"
"FIE00145562","2009-01","64.2975","30.17","197.0","KUHMO KALLIOJOKI, FI","0.0","E","0.0",",E","18",",E","8",",E","0",",E","12",",E","29",",E","27",",E","0",",E","0",",E","-31.3",",E,31,","6.4",",,E,13,","2.9",",E,13,","3329.9","E","931.1",",E","39.6",",,,E","-11.70",",E","-7.28",",,,E","-16.12",",,,E"
"FIE00145562","2009-02","64.2975","30.17","197.0","KUHMO KALLIOJOKI, FI","0.0","E","0.0",",E","14",",E","5",",E","0",",E","10",",E","28",",E","27",",E","0",",E","0",",E","-30.9",",E,17,","7.9",",,E,08,","0.4",",E,09,","4173.9","E","844.0",",E","27.5",",,,E","-11.81",",E","-7.58",",,,E","-16.04",",,,E"
"FIE00145562","2009-03","64.2975","30.17","197.0","KUHMO KALLIOJOKI, FI","0.0","E","0.0",",E","11",",E","2",",E","0",",E","6",",E","31",",E","22",",E","0",",E","0",",E","-27.6",",E,12,","5.0",",,E,31,","3.7",",E,20,","4941.8","E","767.9",",E","19.5",",,,E","-6.44",",E","-1.64",",,,E","-11.24",",,,E"
"FIE00145562","2009-04","64.2975","30.17","197.0","KUHMO KALLIOJOKI, FI","0.0","E","0.0",",E","8",",E","4",",E","0",",E","3",",E","28",",E","2",",E","0",",E","0",",E","-22.2",",E,04,","7.6",",,E,17,","14.5",",E,26,","5526.7","E","584.9",",E","26.3",",,,E","-1.16",",E","4.25",",,,E","-6.58",",,,E"
"FIE00145562","2009-05","64.2975","30.17","197.0","KUHMO KALLIOJOKI, FI","0.0","E","0.0",",E","11",",E","1",",E","0",",E","0",",E","12",",E","0",",E","2",",E","0",",E","-2.9",",E,02,","5.4",",,E,04,","27.6",",E,31,","5824.4","E","297.7",",E","17.8",",,,E","8.73",",E","15.45",",,,E","2.01",",,,E"
"FIE00145562","2009-06","64.2975","30.17","197.0","KUHMO KALLIOJOKI, FI","1.0","E","1.0",",E","16",",E","4",",E","0",",E","0",",E","1",",E","0",",E","9",",E","0",",E","-1.3",",E,08,","12.7",",,E,17,","27.7",",E,27,","6020.1","E","195.7",",E","44.3",",,,E","11.84",",E","16.99",",,,E","6.70",",,,E"
"FIE00145562","2009-07","64.2975","30.17","197.0","KUHMO KALLIOJOKI, FI","3.4","E","2.4",",E","21",",E","11",",E","0",",E","0",",E","0",",E","0",",E","14",",E","0",",E","4.1",",E,05,","22.0",",,E,21,","25.6",",E,01,","105.1","E","105.1",",E","112.5",",,,E","15.02",",E","19.83",",,,E","10.21",",,,E"
"FIE00145562","2009-08","64.2975","30.17","197.0","KUHMO KALLIOJOKI, FI","4.4","E","1.0",",E","9",",E","6",",E","0",",E","0",",E","0",",E","0",",E","11",",E","0",",E","2.3",",E,19,","7.7",",,E,30,","25.8",",E,08,","230.8","E","125.7",",E","31.0",",,,E","14.31",",E","19.72",",,,E","8.91",",,,E"
"FIE00145562","2009-09","64.2975","30.17","197.0","KUHMO KALLIOJOKI, FI","4.4","E","0.0",",E","18",",E","9",",E","1",",E","0",",E","3",",E","0",",E","1",",E","0",",E","-1.0",",E,19,","31.2",",,E,06,","21.5",",E,02,","470.7","E","239.9",",E","83.5",",,,E","10.34",",E","14.52",",,,E","6.15",",,,E"
"FIE00145562","2009-10","64.2975","30.17","197.0","KUHMO KALLIOJOKI, FI","4.4","E","0.0",",E","10",",E","5",",E","0",",E","0",",E","25",",E","6",",E","0",",E","0",",E","-12.3",",E,31,","11.4",",,E,05,","6.1",",E,08,","1045.0","E","574.3",",E","43.1",",,,E","-0.19",",E","2.10",",,,E","-2.48",",,,E"
"FIE00145562","2009-11","64.2975","30.17","197.0","KUHMO KALLIOJOKI, FI","4.4","E","0.0",",E","18",",E","7",",E","0",",E","0",",E","24",",E","14",",E","0",",E","0",",E","-10.3",",E,14,","8.5",",,E,10,","3.5",",E,27,","1637.0","E","592.0",",E","44.1",",,,E","-1.40",",E","0.18",",,,E","-2.98",",,,E"
"FIE00145562","2009-12","64.2975","30.17","197.0","KUHMO KALLIOJOKI, FI","4.4","E","0.0",",E","15",",E","4",",E","0",",E","10",",E","30",",E","29",",E","0",",E","0",",E","-30.4",",E,26,","7.0",",,E,21,","3.4",",E,01,","2556.4","E","919.4",",E","32.0",",,,E","-11.33",",E","-7.84",",,,E","-14.81",",,,E"
"FIE00145562","2010-01","64.2975","30.17","197.0","KUHMO KALLIOJOKI, FI","0.0","E","0.0",",E","11",",E","2",",E","0",",E","22",",E","31",",E","31",",E","0",",E","0",",E","-34.6",",E,07,","4.8",",,E,05,","-3.6",",E,12,","3677.7","E","1121.3",",E","15.0",",,,E","-17.84",",E","-13.96",",,,E","-21.71",",,,E"
"FIE00145562","2010-02","64.2975","30.17","197.0","KUHMO KALLIOJOKI, FI","0.0","E","0.0",",E","17",",E","7",",E","0",",E","16",",E","28",",E","27",",E","0",",E","0",",E","-41.3",",E,20,","6.2",",,E,01,","0.5",",E,28,","4606.6","E","928.9",",E","45.6",",,,E","-14.84",",E","-9.74",",,,E","-19.94",",,,E"
"FIE00145562","2010-03","64.2975","30.17","197.0","KUHMO KALLIOJOKI, FI","0.0","E","0.0",",E","20",",E","8",",E","0",",E","13",",E","31",",E","25",",E","0",",E","0",",E","-31.2",",E,16,","10.0",",,E,26,","5.2",",E,31,","5439.7","E","833.1",",E","55.2",",,,E","-8.54",",E","-2.58",",,,E","-14.50",",,,E"
"FIE00145562","2010-04","64.2975","30.17","197.0","KUHMO KALLIOJOKI, FI","0.0","E","0.0",",E","15",",E","4",",E","0",",E","0",",E","19",",E","0",",E","0",",E","0",",E","-8.1",",E,26,","7.1",",,E,22,","12.2",",E,01,","5910.1","E","470.4",",E","31.2",",,,E","2.65",",E","6.48",",,,E","-1.18",",,,E"
"FIE00145562","2010-05","64.2975","30.17","197.0","KUHMO KALLIOJOKI, FI","0.3","E","0.3",",E","15",",E","6",",E","0",",E","0",",E","5",",E","0",",E","8",",E","0",",E","-5.3",",E,04,","18.2",",,E,24,","27.3",",E,15,","6173.4","E","263.3",",E","76.0",",,,E","9.85",",E","15.63",",,,E","4.07",",,,E"
"FIE00145562","2010-06","64.2975","30.17","197.0","KUHMO KALLIOJOKI, FI","0.7","E","0.4",",E","11",",E","4",",E","1",",E","0",",E","2",",E","0",",E","5",",E","0",",E","-0.1",",E,14,","52.6",",,E,12,","25.3",",E,25,","6390.1","E","216.7",",E","78.4",",,,E","11.12",",E","16.74",",,,E","5.51",",,,E"
"FIE00145562","2010-07","64.2975","30.17","197.0","KUHMO KALLIOJOKI, FI","80.9","E","80.2",",E","8",",E","5",",E","0",",E","0",",E","0",",E","0",",E","27",",E","1",",E","3.3",",E,24,","15.7",",,E,04,","35.4",",E,29,","28.0","E","28.0",",E","46.2",",,,E","20.02",",E","25.64",",,,E","14.40",",,,E"
"FIE00145562","2010-08","64.2975","30.17","197.0","KUHMO KALLIOJOKI, FI","106.9","E","26.0",",E","8",",E","6",",E","0",",E","0",",E","3",",E","0",",E","14",",E","1",",E","-0.6",",E,31,","16.7",",,E,10,","32.2",",E,08,","191.8","E","163.8",",E","52.9",",,,E","13.89",",E","18.78",",,,E","8.99",",,,E"
"FIE00145562","2010-09","64.2975","30.17","197.0","KUHMO KALLIOJOKI, FI","106.9","E","0.0",",E","17",",E","11",",E","0",",E","0",",E","5",",E","0",",E","0",",E","0",",E","-3.9",",E,28,","18.2",",,E,24,","19.0",",E,09,","480.4","E","288.6",",E","90.4",",,,E","8.71",",E","12.75",",,,E","4.68",",,,E"
"FIE00145562","2010-10","64.2975","30.17","197.0","KUHMO KALLIOJOKI, FI","106.9","E","0.0",",E","16",",E","4",",E","0",",E","0",",E","18",",E","3",",E","0",",E","0",",E","-5.0",",E,27,+","7.5",",,E,20,","12.3",",E,07,","972.4","E","492.0",",E","32.2",",,,E","2.46",",E","4.74",",,,E","0.19",",,,E"
"FIE00145562","2010-11","64.2975","30.17","197.0","KUHMO KALLIOJOKI, FI","106.9","E","0.0",",E","16",",E","5",",E","0",",E","4",",E","28",",E","25",",E","0",",E","0",",E","-28.3",",E,29,","8.5",",,E,03,","6.8",",E,01,","1749.7","E","777.3",",E","36.1",",,,E","-7.58",",E","-4.15",",,,E","-11.00",",,,E"
"FIE00145562","2010-12","64.2975","30.17","197.0","KUHMO KALLIOJOKI, FI","106.9","E","0.0",",E","13",",E","2",",E","0",",E","21",",E","31",",E","31",",E","0",",E","0",",E","-31.7",",E,23,","2.8",",,E,20,","-4.0",",E,02,","2835.0","E","1085.3",",E","16.2",",,,E","-16.68",",E","-12.56",",,,E","-20.79",",,,E"
"FIE00145562","2011-01","64.2975","30.17","197.0","KUHMO KALLIOJOKI, FI","0.0","E","0.0",",E","25",",E","8",",E","0",",E","11",",E","31",",E","30",",E","0",",E","0",",E","-34.1",",E,16,","14.7",",,E,29,","0.4",",E,28,","3790.4","E","955.4",",E","65.0",",,,E","-12.49",",E","-8.36",",,,E","-16.61",",,,E"
"FIE00145562","2011-02","64.2975","30.17","197.0","KUHMO KALLIOJOKI, FI","0.0","E","0.0",",E","11",",E","4",",E","0",",E","19",",E","28",",E","28",",E","0",",E","0",",E","-40.1",",E,17,","5.6",",,E,03,","-2.7",",E,01,","4813.3","E","1022.9",",E","21.4",",,,E","-18.20",",E","-12.44",",,,E","-23.96",",,,E"
"FIE00145562","2011-03","64.2975","30.17","197.0","KUHMO KALLIOJOKI, FI","0.0","E","0.0",",E","10",",E","3",",E","0",",E","8",",E","31",",E","13",",E","0",",E","0",",E","-26.4",",E,30,","6.0",",,E,11,","4.6",",E,18,","5556.9","E","743.6",",E","24.9",",,,E","-5.65",",E","0.08",",,,E","-11.39",",,,E"
"FIE00145562","2011-04","64.2975","30.17","197.0","KUHMO KALLIOJOKI, FI","0.0","E","0.0",",E","9",",E","3",",E","0",",E","0",",E","21",",E","0",",E","0",",E","0",",E","-16.3",",E,01,","8.6",",,E,04,","18.9",",E,26,","6019.0","E","462.1",",E","22.6",",,,E","2.93",",E","8.09",",,,E","-2.23",",,,E"
"FIE00145562","2011-05","64.2975","30.17","197.0","KUHMO KALLIOJOKI, FI","0.0","E","0.0",",E","13",",E","10",",E","0",",E","0",",E","12",",E","0",",E","1",",E","0",",E","-5.7",",E,01,","11.3",",,E,19,","21.2",",E,23,","6348.4","E","329.4",",E","49.5",",,,E","7.71",",E","13.06",",,,E","2.35",",,,E"
"FIE00145562","2011-06","64.2975","30.17","197.0","KUHMO KALLIOJOKI, FI","9.5","E","9.5",",E","17",",E","8",",E","1",",E","0",",E","0",",E","0",",E","10",",E","0",",E","0.8",",E,06,","32.8",",,E,20,","28.9",",E,09,","6470.6","E","122.2",",E","91.8",",,,E","14.58",",E","20.11",",,,E","9.05",",,,E"
"FIE00145562","2011-07","64.2975","30.17","197.0","KUHMO KALLIOJOKI, FI","60.1","E","50.6",",E","11",",E","7",",E","0",",E","0",",E","0",",E","0",",E","22",",E","0",",E","5.3",",E,04,","13.9",",,E,27,","29.7",",E,02,","45.9","E","45.9",",E","55.5",",,,E","18.49",",E","23.99",",,,E","12.98",",,,E"
"FIE00145562","2011-08","64.2975","30.17","197.0","KUHMO KALLIOJOKI, FI","60.1","E","0.0",",E","15",",E","9",",E","1",",E","0",",E","0",",E","0",",E","5",",E","0",",E","3.1",",E,13,","28.0",",,E,08,","24.0",",E,28,","192.3","E","146.4",",E","100.5",",,,E","13.61",",E","18.29",",,,E","8.93",",,,E"
"FIE00145562","2011-09","64.2975","30.17","197.0","KUHMO KALLIOJOKI, FI","60.1","E","0.0",",E","15",",E","9",",E","0",",E","0",",E","2",",E","0",",E","0",",E","0",",E","-0.4",",E,29,","14.0",",,E,27,","19.4",",E,06,","450.4","E","258.1",",E","71.2",",,,E","9.73",",E","13.18",",,,E","6.28",",,,E"
"FIE00145562","2011-10","64.2975","30.17","197.0","KUHMO KALLIOJOKI, FI","60.1","E","0.0",",E","17",",E","8",",E","0",",E","0",",E","10",",E","0",",E","0",",E","0",",E","-6.0",",E,15,","8.0",",,E,10,","12.2",",E,07,","899.6","E","449.2",",E","43.1",",,,E","3.84",",E","6.32",",,,E","1.36",",,,E"
"FIE00145562","2011-11","64.2975","30.17","197.0","KUHMO KALLIOJOKI, FI","60.1","E","0.0",",E","15",",E","4",",E","0",",E","0",",E","22",",E","7",",E","0",",E","0",",E","-16.5",",E,21,","4.3",",,E,26,","9.7",",E,02,","1475.5","E","575.9",",E","25.7",",,,E","-0.87",",E","1.53",",,,E","-3.26",",,,E"
"FIE00145562","2011-12","64.2975","30.17","197.0","KUHMO KALLIOJOKI, FI","60.1","E","0.0",",E","27",",E","8",",E","0",",E","0",",E","29",",E","12",",E","0",",E","0",",E","-8.5",",E,29,","9.2",",,E,29,","3.0",",E,01,","2085.8","E","610.3",",E","68.9",",,,E","-1.35",",E","0.15",",,,E","-2.86",",,,E"
"FIE00145562","2012-01","64.2975","30.17","197.0","KUHMO KALLIOJOKI, FI","0.0","E","0.0",",E","22",",E","5",",E","0",",E","9",",E","31",",E","30",",E","0",",E","0",",E","-35.4",",E,30,","7.8",",,E,13,","0.2",",E,06,","3010.3","E","924.5",",E","36.6",",,,E","-11.49",",E","-8.54",",,,E","-14.45",",,,E"
"FIE00145562","2012-02","64.2975","30.17","197.0","KUHMO KALLIOJOKI, FI","0.0","E","0.0",",E","18",",E","5",",E","0",",E","11",",E","29",",E","29",",E","0",",E","0",",E","-36.3",",E,05,","4.1",",,E,22,","-1.2",",E,22,","3967.0","E","956.7",",E","30.7",",,,E","-14.66",",E","-10.79",",,,E","-18.52",",,,E"
"FIE00145562","2012-03","64.2975","30.17","197.0","KUHMO KALLIOJOKI, FI","0.0","E","0.0",",E","16",",E","5",",E","0",",E","9",",E","31",",E","14",",E","0",",E","0",",E","-25.4",",E,31,","8.1",",,E,22,","4.2",",E,17,","4705.3","E","738.3",",E","34.0",",,,E","-5.48",",E","0.22",",,,E","-11.18",",,,E"
"FIE00145562","2012-04","64.2975","30.17","197.0","KUHMO KALLIOJOKI, FI","0.0","E","0.0",",E","17",",E","8",",E","0",",E","7",",E","19",",E","4",",E","0",",E","0",",E","-24.9",",E,07,","12.7",",,E,24,","10.3",",E,28,","5291.5","E","586.2",",E","68.1",",,,E","-1.21",",E","4.07",",,,E","-6.49",",,,E"
"FIE00145562","2012-05","64.2975","30.17","197.0","KUHMO KALLIOJOKI, FI","0.0","E","0.0",",E","12",",E","7",",E","0",",E","0",",E","10",",E","0",",E","2",",E","0",",E","-4.1",",E,08,","21.3",",,E,11,","24.6",",E,17,","5609.2","E","317.7",",E","86.2",",,,E","8.08",",E","13.47",",,,E","2.69",",,,E"
"FIE00145562","2012-06","64.2975","30.17","197.0","KUHMO KALLIOJOKI, FI","0.0","E","0.0",",E","19",",E","10",",E","0",",E","0",",E","0",",E","0",",E","2",",E","0",",E","3.1",",E,01,","17.8",",,E,17,","24.4",",E,16,","5790.1","E","180.9",",E","80.9",",,,E","12.30",",E","16.89",",,,E","7.71",",,,E"
"FIE00145562","2012-07","64.2975","30.17","197.0","KUHMO KALLIOJOKI, FI","10.6","E","10.6",",E","20",",E","14",",E","2",",E","0",",E","0",",E","0",",E","12",",E","0",",E","5.5",",E,21,","46.5",",,E,08,","30.0",",E,30,","81.7","E","81.7",",E","158.5",",,,E","16.04",",E","20.79",",,,E","11.28",",,,E"
"FIE00145562","2012-08","64.2975","30.17","197.0","KUHMO KALLIOJOKI, FI","10.6","E","0.0",",E","13",",E","10",",E","2",",E","0",",E","0",",E","0",",E","6",",E","0",",E","1.4",",E,20,","36.8",",,E,07,","23.7",",E,15,","243.2","E","161.5",",E","121.4",",,,E","13.12",",E","17.39",",,,E","8.85",",,,E"
"FIE00145562","2012-09","64.2975","30.17","197.0","KUHMO KALLIOJOKI, FI","10.6","E","0.0",",E","17",",E","9",",E","0",",E","0",",E","2",",E","0",",E","0",",E","0",",E","-0.5",",E,10,","20.7",",,E,19,","17.7",",E,05,","529.9","E","286.7",",E","79.5",",,,E","8.78",",E","12.30",",,,E","5.25",",,,E"
"FIE00145562","2012-10","64.2975","30.17","197.0","KUHMO KALLIOJOKI, FI","10.6","E","0.0",",E","21",",E","7",",E","0",",E","0",",E","13",",E","6",",E","0",",E","0",",E","-8.6",",E,27,","20.4",",,E,17,","12.3",",E,03,","1018.3","E","488.4",",E","61.1",",,,E","2.58",",E","4.86",",,,E","0.30",",,,E"
"FIE00145562","2012-11","64.2975","30.17","197.0","KUHMO KALLIOJOKI, FI","10.6","E","0.0",",E","21",",E","9",",E","0",",E","2",",E","19",",E","8",",E","0",",E","0",",E","-18.6",",E,29,","9.1",",,E,03,","6.2",",E,22,","1617.5","E","599.2",",E","55.6",",,,E","-1.64",",E","0.20",",,,E","-3.48",",,,E"
"FIE00145562","2012-12","64.2975","30.17","197.0","KUHMO KALLIOJOKI, FI","10.6","E","0.0",",E","19",",E","5",",E","0",",E","18",",E","31",",E","31",",E","0",",E","0",",E","-31.7",",E,23,","5.1",",,E,09,","-2.1",",E,31,","2652.8","E","1035.3",",E","32.6",",,,E","-15.06",",E","-11.10",",,,E","-19.02",",,,E"
"FIE00145562","2013-01","64.2975","30.17","197.0","KUHMO KALLIOJOKI, FI","0.0","E","0.0",",E","21",",E","6",",E","0",",E","8",",E","31",",E","29",",E","0",",E","0",",E","-30.3",",E,17,","4.3",",,E,18,","0.7",",E,02,","3503.1","E","850.3",",E","32.0",",,,E","-9.10",",E","-6.02",",,,E","-12.17",",,,E"
"FIE00145562","2013-02","64.2975","30.17","197.0","KUHMO KALLIOJOKI, FI","0.0","E","0.0",",E","17",",E","4",",E","0",",E","3",",E","28",",E","23",",E","0",",E","0",",E","-24.9",",E,23,","3.8",",,E,27,","2.5",",E,26,","4193.3","E","690.2",",E","22.6",",,,E","-6.32",",E","-3.51",",,,E","-9.12",",,,E"
"FIE00145562","2013-03","64.2975","30.17","197.0","KUHMO KALLIOJOKI, FI","0.0","E","0.0",",E","13",",E","3",",E","0",",E","22",",E","31",",E","25",",E","0",",E","0",",E","-32.3",",E,17,","9.9",",,E,06,","3.3",",E,31,","5184.8","E","991.5",",E","24.4",",,,E","-13.65",",E","-4.99",",,,E","-22.31",",,,E"
"FIE00145562","2013-04","64.2975","30.17","197.0","KUHMO KALLIOJOKI, FI","0.0","E","0.0",",E","14",",E","6",",E","0",",E","5",",E","20",",E","0",",E","0",",E","0",",E","-20.0",",E,02,","8.5",",,E,13,","11.8",",E,22,","5737.4","E","552.6",",E","35.9",",,,E","-0.09",",E","5.91",",,,E","-6.08",",,,E"
"FIE00145562","2013-05","64.2975","30.17","197.0","KUHMO KALLIOJOKI, FI","1.4","E","1.4",",E","12",",E","6",",E","0",",E","0",",E","8",",E","0",",E","8",",E","0",",E","-3.1",",E,04,","10.4",",,E,05,","26.9",",E,30,","6016.4","E","279.0",",E","49.5",",,,E","9.38",",E","15.67",",,,E","3.09",",,,E"
"FIE00145562","2013-06","64.2975","30.17","197.0","KUHMO KALLIOJOKI, FI","21.5","E","20.1",",E","13",",E","6",",E","0",",E","0",",E","0",",E","0",",E","13",",E","0",",E","1.7",",E,13,","15.0",",,E,30,","30.2",",E,26,","6115.9","E","99.5",",E","45.8",",,,E","15.69",",E","21.40",",,,E","9.98",",,,E"
"FIE00145562","2013-07","64.2975","30.17","197.0","KUHMO KALLIOJOKI, FI","27.3","E","5.8",",E","15",",E","7",",E","0",",E","0",",E","0",",E","0",",E","15",",E","0",",E","5.0",",E,17,","12.1",",,E,18,","26.7",",E,01,","91.2","E","91.2",",E","54.3",",,,E","15.58",",E","20.49",",,,E","10.67",",,,E"
"FIE00145562","2013-08","64.2975","30.17","197.0","KUHMO KALLIOJOKI, FI","33.1","E","5.8",",E","18",",E","10",",E","1",",E","0",",E","1",",E","0",",E","12",",E","0",",E","0.0",",E,31,","25.9",",,E,09,","27.1",",E,04,","209.1","E","117.9",",E","97.5",",,,E","14.72",",E","20.00",",,,E","9.43",",,,E"
"FIE00145562","2013-09","64.2975","30.17","197.0","KUHMO KALLIOJOKI, FI","33.1","E","0.0",",E","14",",E","5",",E","0",",E","0",",E","0",",E","0",",E","0",",E","0",",E","0.6",",E,30,","11.2",",,E,11,","20.5",",E,06,","461.5","E","252.4",",E","35.4",",,,E","9.92",",E","13.59",",,,E","6.25",",,,E"
"FIE00145562","2013-10","64.2975","30.17","197.0","KUHMO KALLIOJOKI, FI","33.1","E","0.0",",E","20",",E","9",",E","0",",E","0",",E","17",",E","3",",E","0",",E","0",",E","-12.4",",E,22,","17.1",",,E,23,","11.8",",E,07,","956.9","E","495.4",",E","78.7",",,,E","2.35",",E","5.51",",,,E","-0.81",",,,E"
"FIE00145562","2013-11","64.2975","30.17","197.0","KUHMO KALLIOJOKI, FI","33.1","E","0.0",",E","24",",E","13",",E","0",",E","0",",E","26",",E","9",",E","0",",E","0",",E","-17.1",",E,30,","8.7",",,E,19,","4.9",",E,17,","1552.9","E","596.0",",E","74.9",",,,E","-1.53",",E","1.14",",,,E","-4.21",",,,E"
"FIE00145562","2013-12","64.2975","30.17","197.0","KUHMO KALLIOJOKI, FI","33.1","E","0.0",",E","23",",E","14",",E","0",",E","6",",E","25",",E","14",",E","0",",E","0",",E","-35.0",",E,10,","25.0",",,E,12,","5.8",",E,12,","2270.0","E","717.1",",E","114.0",",,,E","-4.80",",E","-1.19",",,,E","-8.40",",,,E"
"FIE00145562","2014-01","64.2975","30.17","197.0","KUHMO KALLIOJOKI, FI","0.0","E","0.0",",E","13",",E","2",",E","0",",E","15",",E","31",",E","27",",E","0",",E","0",",E","-30.7",",E,20,","4.2",",,E,09,","0.4",",E,01,","3213.4","E","943.4",",E","16.8",",,,E","-12.10",",E","-8.81",",,,E","-15.39",",,,E"
"FIE00145562","2014-02","64.2975","30.17","197.0","KUHMO KALLIOJOKI, FI","0.0","E","0.0",",E","17",",E","5",",E","0",",E","1",",E","26",",E","17",",E","0",",E","0",",E","-20.7",",E,01,","4.3",",,E,08,","4.4",",E,25,","3809.3","E","595.9",",E","28.2",",,,E","-2.95",",E","-1.28",",,,E","-4.62",",,,E"
"FIE00145562","2014-03","64.2975","30.17","197.0","KUHMO KALLIOJOKI, FI","0.0","E","0.0",",E","12",",E","6",",E","0",",E","1",",E","29",",E","8",",E","0",",E","0",",E","-21.6",",E,18,","7.1",",,E,07,","7.0",",E,12,","4423.6","E","614.3",",E","31.0",",,,E","-1.48",",E","1.98",",,,E","-4.95",",,,E"
"FIE00145562","2014-04","64.2975","30.17","197.0","KUHMO KALLIOJOKI, FI","0.0","E","0.0",",E","10",",E","5",",E","0",",E","0",",E","22",",E","1",",E","0",",E","0",",E","-17.1",",E,09,","5.8",",,E,13,","12.8",",E,21,","4954.9","E","531.3",",E","28.5",",,,E","0.62",",E","5.58",",,,E","-4.33",",,,E"
"FIE00145562","2014-05","64.2975","30.17","197.0","KUHMO KALLIOJOKI, FI","5.9","E","5.9",",E","15",",E","9",",E","1",",E","0",",E","9",",E","0",",E","8",",E","0",",E","-6.5",",E,08,+","36.3",",,E,13,","27.5",",E,19,","5277.0","E","322.1",",E","86.7",",,,E","8.13",",E","13.02",",,,E","3.25",",,,E"
"FIE00145562","2014-06","64.2975","30.17","197.0","KUHMO KALLIOJOKI, FI","11.1","E","5.2",",E","13",",E","6",",E","0",",E","0",",E","1",",E","0",",E","7",",E","0",",E","-0.6",",E,15,","7.3",",,E,17,","28.7",",E,06,","5495.9","E","218.9",",E","37.9",",,,E","11.21",",E","16.44",",,,E","5.97",",,,E"
"FIE00145562","2014-07","64.2975","30.17","197.0","KUHMO KALLIOJOKI, FI","43.1","E","32.0",",E","11",",E","7",",E","0",",E","0",",E","0",",E","0",",E","23",",E","0",",E","5.3",",E,11,","15.8",",,E,28,","29.4",",E,26,","46.3","E","46.3",",E","62.1",",,,E","17.87",",E","23.88",",,,E","11.86",",,,E"
"FIE00145562","2014-08","64.2975","30.17","197.0","KUHMO KALLIOJOKI, FI","57.6","E","14.5",",E","17",",E","11",",E","0",",E","0",",E","0",",E","0",",E","12",",E","0",",E","3.7",",E,18,","15.0",",,E,11,","28.7",",E,07,","159.8","E","113.5",",E","109.2",",,,E","15.14",",E","20.02",",,,E","10.26",",,,E"
"FIE00145562","2014-09","64.2975","30.17","197.0","KUHMO KALLIOJOKI, FI","57.6","E","0.0",",E","11",",E","5",",E","0",",E","0",",E","5",",E","0",",E","1",",E","0",",E","-0.3",",E,17,+","15.0",",,E,23,","21.1",",E,10,","433.0","E","273.2",",E","43.9",",,,E","9.23",",E","13.78",",,,E","4.67",",,,E"
"FIE00145562","2014-10","64.2975","30.17","197.0","KUHMO KALLIOJOKI, FI","57.6","E","0.0",",E","18",",E","8",",E","0",",E","0",",E","24",",E","7",",E","0",",E","0",",E","-15.9",",E,22,","9.2",",,E,10,","11.2",",E,29,","1013.5","E","580.5",",E","55.4",",,,E","-0.39",",E","2.81",",,,E","-3.60",",,,E"
"FIE00145562","2014-11","64.2975","30.17","197.0","KUHMO KALLIOJOKI, FI","57.6","E","0.0",",E","24",",E","5",",E","1",",E","0",",E","26",",E","16",",E","0",",E","0",",E","-14.4",",E,07,","28.7",",,E,04,","8.1",",E,03,","1644.9","E","631.4",",E","62.9",",,,E","-2.71",",E","-0.48",",,,E","-4.94",",,,E"
"FIE00145562","2014-12","64.2975","30.17","197.0","KUHMO KALLIOJOKI, FI","57.6","E","0.0",",E","22",",E","7",",E","0",",E","8",",E","30",",E","19",",E","0",",E","0",",E","-30.8",",E,29,","14.8",",,E,02,","2.1",",E,04,","2433.5","E","788.6",",E","66.5",",,,E","-7.10",",E","-4.27",",,,E","-9.94",",,,E"
"FIE00145562","2015-01","64.2975","30.17","197.0","KUHMO KALLIOJOKI, FI","0.0","E","0.0",",E","26",",E","10",",E","0",",E","14",",E","31",",E","27",",E","0",",E","0",",E","-34.3",",E,21,","10.2",",,E,28,+","1.4",",E,01,","3327.8","E","894.3",",E","80.3",",,,E","-10.52",",E","-6.84",",,,E","-14.20",",,,E"
"FIE00145562","2015-02","64.2975","30.17","197.0","KUHMO KALLIOJOKI, FI","0.0","E","0.0",",E","16",",E","6",",E","0",",E","3",",E","26",",E","17",",E","0",",E","0",",E","-31.4",",E,09,","7.4",",,E,22,","4.3",",E,11,","3989.4","E","661.6",",E","45.5",",,,E","-5.29",",E","-1.96",",,,E","-8.63",",,,E"
"FIE00145562","2015-03","64.2975","30.17","197.0","KUHMO KALLIOJOKI, FI","0.0","E","0.0",",E","16",",E","8",",E","0",",E","3",",E","30",",E","4",",E","0",",E","0",",E","-23.0",",E,25,","7.6",",,E,23,","8.3",",E,16,","4609.7","E","620.3",",E","39.1",",,,E","-1.68",",E","2.36",",,,E","-5.72",",,,E"
"FIE00145562","2015-04","64.2975","30.17","197.0","KUHMO KALLIOJOKI, FI","0.0","E","0.0",",E","17",",E","10",",E","0",",E","0",",E","23",",E","0",",E","0",",E","0",",E","-9.7",",E,06,","18.8",",,E,29,","10.9",",E,12,","5111.4","E","501.7",",E","61.2",",,,E","1.61",",E","5.32",",,,E","-2.10",",,,E"
"FIE00145562","2015-05","64.2975","30.17","197.0","KUHMO KALLIOJOKI, FI","0.0","E","0.0",",E","17",",E","6",",E","0",",E","0",",E","4",",E","0",",E","0",",E","0",",E","-6.2",",E,05,","9.2",",,E,13,","19.4",",E,29,+","5431.9","E","320.5",",E","47.6",",,,E","7.99",",E","12.38",",,,E","3.60",",,,E"
"FIE00145562","2015-06","64.2975","30.17","197.0","KUHMO KALLIOJOKI, FI","0.0","E","0.0",",E","21",",E","13",",E","0",",E","0",",E","0",",E","0",",E","2",",E","0",",E","2.5",",E,18,","19.0",",,E,03,","23.6",",E,29,","5632.0","E","200.1",",E","99.1",",,,E","11.66",",E","15.96",",,,E","7.37",",,,E"
"FIE00145562","2015-07","64.2975","30.17","197.0","KUHMO KALLIOJOKI, FI","1.1","E","1.1",",E","25",",E","16",",E","0",",E","0",",E","0",",E","0",",E","2",",E","0",",E","1.9",",E,06,","18.2",",,E,24,","25.4",",E,03,","158.6","E","158.6",",E","121.6",",,,E","13.25",",E","17.52",",,,E","8.98",",,,E"
"FIE00145562","2015-08","64.2975","30.17","197.0","KUHMO KALLIOJOKI, FI","1.1","E","0.0",",E","11",",E","6",",E","1",",E","0",",E","0",",E","0",",E","13",",E","0",",E","3.2",",E,17,","27.0",",,E,28,","24.1",",E,23,","278.9","E","120.3",",E","67.9",",,,E","14.45",",E","19.91",",,,E","8.99",",,,E"
"FIE00145562","2015-09","64.2975","30.17","197.0","KUHMO KALLIOJOKI, FI","1.1","E","0.0",",E","17",",E","7",",E","0",",E","0",",E","0",",E","0",",E","0",",E","0",",E","1.8",",E,12,","12.1",",,E,18,","20.6",",E,13,","506.3","E","227.4",",E","45.1",",,,E","10.75",",E","14.50",",,,E","7.01",",,,E"
"FIE00145562","2015-10","64.2975","30.17","197.0","KUHMO KALLIOJOKI, FI","1.1","E","0.0",",E","14",",E","9",",E","0",",E","0",",E","12",",E","3",",E","0",",E","0",",E","-6.1",",E,28,","13.3",",,E,02,","10.0",",E,02,","982.7","E","476.4",",E","56.3",",,,E","2.97",",E","5.67",",,,E","0.26",",,,E"
"FIE00145562","2015-11","64.2975","30.17","197.0","KUHMO KALLIOJOKI, FI","1.1","E","0.0",",E","26",",E","10",",E","0",",E","0",",E","22",",E","13",",E","0",",E","0",",E","-7.5",",E,23,","6.6",",,E,07,","7.1",",E,04,","1542.4","E","559.7",",E","54.0",",,,E","-0.33",",E","1.22",",,,E","-1.87",",,,E"
"FIE00145562","2015-12","64.2975","30.17","197.0","KUHMO KALLIOJOKI, FI","1.1","E","0.0",",E","21",",E","12",",E","0",",E","5",",E","29",",E","18",",E","0",",E","0",",E","-23.3",",E,30,","16.5",",,E,10,","5.3",",E,21,","2254.9","E","712.5",",E","95.0",",,,E","-4.65",",E","-1.73",",,,E","-7.57",",,,E"
"FIE00145562","2016-01","64.2975","30.17","197.0","KUHMO KALLIOJOKI, FI","0.0","E","0.0",",E","19",",E","3",",E","0",",E","22",",E","31",",E","29",",E","0",",E","0",",E","-35.9",",E,07,","9.2",",,E,13,","0.9",",E,30,","3363.1","E","1108.2",",E","38.3",",,,E","-17.42",",E","-13.38",",,,E","-21.45",",,,E"
"FIE00145562","2016-02","64.2975","30.17","197.0","KUHMO KALLIOJOKI, FI","0.0","E","0.0",",E","25",",E","10",",E","0",",E","0",",E","26",",E","21",",E","0",",E","0",",E","-16.2",",E,27,","6.5",",,E,15,","2.3",",E,10,","4024.3","E","661.2",",E","61.1",",,,E","-4.47",",E","-2.01",",,,E","-6.93",",,,E"
"FIE00145562","2016-03","64.2975","30.17","197.0","KUHMO KALLIOJOKI, FI","0.0","E","0.0",",E","13",",E","2",",E","0",",E","1",",E","27",",E","14",",E","0",",E","0",",E","-21.8",",E,22,","2.9",",,E,08,","10.3",",E,29,+","4663.1","E","638.8",",E","19.4",",,,E","-2.27",",E","1.32",",,,E","-5.87",",,,E"
"FIE00145562","2016-04","64.2975","30.17","197.0","KUHMO KALLIOJOKI, FI","0.0","E","0.0",",E","16",",E","3",",E","0",",E","0",",E","16",",E","0",",E","0",",E","0",",E","-12.7",",E,15,","6.4",",,E,27,","18.9",",E,30,","5118.7","E","455.6",",E","28.5",",,,E","3.15",",E","7.30",",,,E","-1.01",",,,E"
"FIE00145562","2016-05","64.2975","30.17","197.0","KUHMO KALLIOJOKI, FI","0.0","E","0.0",",E","7",",E","4",",E","0",",E","0",",E","2",",E","0",",E","7",",E","0",",E","-2.8",",E,12,","15.0",",,E,21,","24.3",",E,24,","5347.3","E","228.6",",E","42.4",",,,E","10.96",",E","17.63",",,,E","4.29",",,,E"
"FIE00145562","2016-06","64.2975","30.17","197.0","KUHMO KALLIOJOKI, FI","0.9","E","0.9",",E","18",",E","12",",E","0",",E","0",",E","1",",E","0",",E","7",",E","0",",E","-1.5",",E,07,","21.5",",,E,18,","24.3",",E,30,","5517.5","E","170.2",",E","87.2",",,,E","12.69",",E","17.56",",,,E","7.82",",,,E"
"FIE00145562","2016-07","64.2975","30.17","197.0","KUHMO KALLIOJOKI, FI","19.4","E","18.5",",E","17",",E","10",",E","0",",E","0",",E","0",",E","0",",E","22",",E","0",",E","8.7",",E,11,","14.4",",,E,05,","28.6",",E,05,","33.2","E","33.2",",E","84.5",",,,E","17.86",",E","22.82",",,,E","12.89",",,,E"
"FIE00145562","2016-08","64.2975","30.17","197.0","KUHMO KALLIOJOKI, FI","19.6","E","0.2",",E","23",",E","9",",E","0",",E","0",",E","1",",E","0",",E","8",",E","0",",E","-0.1",",E,29,","13.1",",,E,15,","24.0",",E,08,","166.6","E","133.4",",E","66.3",",,,E","14.04",",E","18.51",",,,E","9.57",",,,E"
"FIE00145562","2016-09","64.2975","30.17","197.0","KUHMO KALLIOJOKI, FI","19.6","E","0.0",",E","15",",E","6",",E","0",",E","0",",E","2",",E","0",",E","0",",E","0",",E","-1.1",",E,19,","11.5",",,E,29,","17.8",",E,02,","443.8","E","277.2",",E","40.4",",,,E","9.09",",E","12.65",",,,E","5.53",",,,E"
"FIE00145562","2016-10","64.2975","30.17","197.0","KUHMO KALLIOJOKI, FI","19.6","E","0.0",",E","13",",E","3",",E","0",",E","0",",E","12",",E","0",",E","0",",E","0",",E","-4.5",",E,05,","5.3",",,E,29,","11.4",",E,01,","934.6","E","490.8",",E","23.9",",,,E","2.50",",E","4.84",",,,E","0.16",",,,E"
"FIE00145562","2016-11","64.2975","30.17","197.0","KUHMO KALLIOJOKI, FI","19.6","E","0.0",",E","21",",E","8",",E","0",",E","1",",E","27",",E","21",",E","0",",E","0",",E","-21.1",",E,29,","8.7",",,E,26,","5.3",",E,22,","1635.3","E","700.7",",E","54.7",",,,E","-5.02",",E","-2.69",",,,E","-7.36",",,,E"
"FIE00145562","2016-12","64.2975","30.17","197.0","KUHMO KALLIOJOKI, FI","19.6","E","0.0",",E","26",",E","7",",E","0",",E","8",",E","31",",E","23",",E","0",",E","0",",E","-25.9",",E,06,","10.0",",,E,26,","2.2",",E,31,","2402.3","E","767.0",",E","54.6",",,,E","-6.41",",E","-2.82",",,,E","-10.00",",,,E"
"FIE00145562","2017-01","64.2975","30.17","197.0","KUHMO KALLIOJOKI, FI","0.0","E","0.0",",E","17",",E","4",",E","0",",E","8",",E","31",",E","24",",E","0",",E","0",",E","-37.4",",E,06,","6.4",",,E,13,","3.0",",E,19,","3250.0","E","847.7",",E","33.0",",,,E","-9.01",",E","-4.85",",,,E","-13.17",",,,E"
"FIE00145562","2017-02","64.2975","30.17","197.0","KUHMO KALLIOJOKI, FI","0.0","E","0.0",",E","15",",E","4",",E","0",",E","12",",E","28",",E","24",",E","0",",E","0",",E","-31.1",",E,06,","9.8",",,E,02,","5.0",",E,14,","4057.9","E","807.9",",E","28.9",",,,E","-10.52",",E","-4.95",",,,E","-16.09",",,,E"
"FIE00145562","2017-03","64.2975","30.17","197.0","KUHMO KALLIOJOKI, FI","0.0","E","0.0",",E","16",",E","4",",E","0",",E","5",",E","31",",E","8",",E","0",",E","0",",E","-27.3",",E,06,","4.9",",,E,02,","6.7",",E,26,","4730.3","E","672.4",",E","28.8",",,,E","-3.36",",E","1.05",",,,E","-7.77",",,,E"
"FIE00145562","2017-04","64.2975","30.17","197.0","KUHMO KALLIOJOKI, FI","0.0","E","0.0",",E","15",",E","10",",E","0",",E","1",",E","30",",E","6",",E","0",",E","0",",E","-18.5",",E,18,","16.2",",,E,10,","7.8",",E,06,","5343.7","E","613.4",",E","66.1",",,,E","-2.11",",E","2.65",",,,E","-6.88",",,,E"
"FIE00145562","2017-05","64.2975","30.17","197.0","KUHMO KALLIOJOKI, FI","0.0","E","0.0",",E","11",",E","6",",E","1",",E","0",",E","17",",E","1",",E","0",",E","0",",E","-10.3",",E,16,","26.4",",,E,14,","18.3",",E,25,","5812.7","E","469.0",",E","60.4",",,,E","3.20",",E","7.66",",,,E","-1.25",",,,E"
"FIE00145562","2017-06","64.2975","30.17","197.0","KUHMO KALLIOJOKI, FI","0.0","E","0.0",",E","14",",E","7",",E","0",",E","0",",E","1",",E","0",",E","5",",E","0",",E","-0.7",",E,05,","6.0",",,E,27,+","25.0",",E,17,","6028.8","E","216.1",",E","38.2",",,,E","11.13",",E","16.42",",,,E","5.83",",,,E"
"FIE00145562","2017-07","64.2975","30.17","197.0","KUHMO KALLIOJOKI, FI","1.0","E","1.0",",E","14",",E","10",",E","1",",E","0",",E","0",",E","0",",E","13",",E","0",",E","1.5",",E,08,","27.8",",,E,12,","24.8",",E,11,","126.8","E","126.8",",E","92.8",",,,E","14.27",",E","19.25",",,,E","9.30",",,,E"
"FIE00145562","2017-08","64.2975","30.17","197.0","KUHMO KALLIOJOKI, FI","1.0","E","0.0",",E","20",",E","15",",E","0",",E","0",",E","0",",E","0",",E","5",",E","0",",E","2.4",",E,29,","22.0",",,E,24,","22.5",",E,01,","275.7","E","148.9",",E","131.1",",,,E","13.53",",E","17.14",",,,E","9.92",",,,E"
"FIE00145562","2017-09","64.2975","30.17","197.0","KUHMO KALLIOJOKI, FI","1.0","E","0.0",",E","15",",E","9",",E","1",",E","0",",E","0",",E","0",",E","0",",E","0",",E","0.2",",E,05,","27.3",",,E,10,","18.0",",E,01,","575.5","E","299.8",",E","76.0",",,,E","8.34",",E","11.39",",,,E","5.28",",,,E"
"FIE00145562","2017-10","64.2975","30.17","197.0","KUHMO KALLIOJOKI, FI","1.0","E","0.0",",E","22",",E","6",",E","0",",E","0",",E","13",",E","4",",E","0",",E","0",",E","-8.8",",E,31,","6.3",",,E,10,","9.0",",E,05,","1066.2","E","490.7",",E","45.5",",,,E","2.50",",E","4.13",",,,E","0.87",",,,E"
"FIE00145562","2017-11","64.2975","30.17","197.0","KUHMO KALLIOJOKI, FI","1.0","E","0.0",",E","22",",E","9",",E","0",",E","0",",E","24",",E","11",",E","0",",E","0",",E","-15.0",",E,23,","13.0",",,E,17,","5.3",",E,06,","1663.6","E","597.4",",E","70.2",",,,E","-1.58",",E","0.04",",,,E","-3.20",",,,E"
"FIE00145562","2017-12","64.2975","30.17","197.0","KUHMO KALLIOJOKI, FI","1.0","E","0.0",",E","27",",E","13",",E","0",",E","2",",E","31",",E","23",",E","0",",E","0",",E","-19.4",",E,27,","12.0",",,E,12,","0.6",",E,30,","2357.2","E","693.6",",E","76.6",",,,E","-4.04",",E","-2.15",",,,E","-5.93",",,,E"
"FIE00145562","2018-01","64.2975","30.17","197.0","KUHMO KALLIOJOKI, FI","0.0","E","0.0",",E","25",",E","11",",E","0",",E","8",",E","31",",E","25",",E","0",",E","0",",E","-23.1",",E,12,","5.8",",,E,25,","1.7",",E,26,","3158.9","E","801.7",",E","54.9",",,,E","-7.53",",E","-4.41",",,,E","-10.65",",,,E"
"FIE00145562","2018-02","64.2975","30.17","197.0","KUHMO KALLIOJOKI, FI","0.0","E","0.0",",E","8",",E","0",",E","0",",E","13",",E","28",",E","28",",E","0",",E","0",",E","-31.9",",E,28,","2.0",",,E,02,","-1.7",",E,14,","4042.9","E","884.0",",E","9.0",",,,E","-13.24",",E","-8.35",",,,E","-18.13",",,,E"
"FIE00145562","2018-03","64.2975","30.17","197.0","KUHMO KALLIOJOKI, FI","0.0","E","0.0",",E","15",",E","4",",E","0",",E","17",",E","31",",E","26",",E","0",",E","0",",E","-32.7",",E,06,","11.0",",,E,13,","2.4",",E,31,","4949.0","E","906.1",",E","39.3",",,,E","-10.90",",E","-4.09",",,,E","-17.70",",,,E"
"FIE00145562","2018-04","64.2975","30.17","197.0","KUHMO KALLIOJOKI, FI","0.0","E","0.0",",E","10",",E","4",",E","0",",E","1",",E","24",",E","2",",E","0",",E","0",",E","-19.4",",E,01,","10.0",",,E,02,","14.4",",E,18,","5461.8","E","512.8",",E","35.1",",,,E","1.24",",E","6.44",",,,E","-3.96",",,,E"
"FIE00145562","2018-05","64.2975","30.17","197.0","KUHMO KALLIOJOKI, FI","0.0","E","0.0","2,E","4",",E","3",",E","0",",E","0","2,E","4","2,E","0","2,E","12","2,E","0","2,E","-3.2","2,E,01,","9.8",",,E,04,","26.3","2,E,13,","5679.4","E","217.6","2,E","24.0",",,,E","10.83","2,E","17.61","2,,,E","4.05","2,,,E"
"FIE00145562","2018-06","64.2975","30.17","197.0","KUHMO KALLIOJOKI, FI","0.0","E","0.0",",E","15",",E","7",",E","1",",E","0",",E","1",",E","0",",E","6",",E","0",",E","-0.2",",E,13,","41.0",",,E,29,","24.8",",E,17,","5873.0","E","193.6",",E","93.0",",,,E","11.88",",E","17.02",",,,E","6.73",",,,E"
"FIE00145562","2018-07","64.2975","30.17","197.0","KUHMO KALLIOJOKI, FI","43.5","E","43.5",",E","8",",E","5",",E","0",",E","0",",E","0",",E","0",",E","22",",E","0",",E","4.6",",E,11,","23.6",",,E,14,","29.6",",E,31,","45.8","E","45.8",",E","72.4",",,,E","18.26",",E","24.32",",,,E","12.19",",,,E"
"FIE00145562","2018-08","64.2975","30.17","197.0","KUHMO KALLIOJOKI, FI","61.2","E","17.7",",E","13",",E","6",",E","0",",E","0",",E","0",",E","0",",E","11",",E","0",",E","3.3",",E,28,","14.9",",,E,05,","30.3",",E,02,","153.9","E","108.1",",E","47.4",",,,E","15.41",",E","20.43",",,,E","10.40",",,,E"
"FIE00145562","2018-09","64.2975","30.17","197.0","KUHMO KALLIOJOKI, FI","61.2","E","0.0",",E","15",",E","10",",E","0",",E","0",",E","1",",E","0",",E","1",",E","0",",E","-3.4",",E,29,","22.2",",,E,12,","21.9",",E,03,","405.8","E","251.9",",E","89.0",",,,E","9.94",",E","13.48",",,,E","6.39",",,,E"
"FIE00145562","2018-10","64.2975","30.17","197.0","KUHMO KALLIOJOKI, FI","61.2","E","0.0",",E","10",",E","7",",E","0",",E","0",",E","16",",E","5",",E","0",",E","0",",E","-12.6",",E,30,","18.3",",,E,21,","18.4",",E,14,","889.3","E","483.5",",E","56.4",",,,E","2.74",",E","5.52",",,,E","-0.05",",,,E"
"FIE00145562","2018-11","64.2975","30.17","197.0","KUHMO KALLIOJOKI, FI","61.2","E","0.0",",E","16",",E","2",",E","0",",E","2",",E","16",",E","9",",E","0",",E","0",",E","-20.4",",E,28,","3.7",",,E,13,","7.1",",E,03,","1457.7","E","568.4",",E","24.0",",,,E","-0.61",",E","1.71",",,,E","-2.94",",,,E"
"FIE00145562","2018-12","64.2975","30.17","197.0","KUHMO KALLIOJOKI, FI","61.2","E","0.0",",E","19",",E","6",",E","0",",E","6",",E","31",",E","28",",E","0",",E","0",",E","-23.9",",E,22,","6.1",",,E,31,","0.7",",E,05,","2253.8","E","796.1",",E","37.6",",,,E","-7.35",",E","-4.97",",,,E","-9.72",",,,E"
"FIE00145562","2019-01","64.2975","30.17","197.0","KUHMO KALLIOJOKI, FI","0.0","E","0.0",",E","20",",E","8",",E","0",",E","15",",E","31",",E","31",",E","0",",E","0",",E","-33.0",",E,28,","12.3",",,E,01,","-0.3",",E,07,","3265.6","E","1011.8",",E","46.2",",,,E","-14.30",",E","-10.30",",,,E","-18.31",",,,E"
"FIE00145562","2019-02","64.2975","30.17","197.0","KUHMO KALLIOJOKI, FI","0.0","E","0.0",",E","16",",E","7",",E","0",",E","8",",E","28",",E","15",",E","0",",E","0",",E","-31.1",",E,22,","6.3",",,E,20,","4.0",",E,25,","4013.2","E","747.6",",E","47.7",",,,E","-8.37",",E","-3.60",",,,E","-13.13",",,,E"
"FIE00145562","2019-03","64.2975","30.17","197.0","KUHMO KALLIOJOKI, FI","0.0","E","0.0",",E","17",",E","8",",E","0",",E","8",",E","30",",E","13",",E","0",",E","0",",E","-32.7",",E,04,","9.5",",,E,02,","8.7",",E,29,","4747.1","E","733.9",",E","46.4",",,,E","-5.34",",E","-0.68",",,,E","-10.01",",,,E"
"FIE00145562","2019-04","64.2975","30.17","197.0","KUHMO KALLIOJOKI, FI","0.0","E","0.0",",E","5",",E","1",",E","0",",E","0",",E","25",",E","2",",E","0",",E","0",",E","-7.5",",E,07,","6.8",",,E,04,","18.5",",E,26,","5211.3","E","464.2",",E","10.3",",,,E","2.86",",E","8.67",",,,E","-2.96",",,,E"
"FIE00145562","2019-05","64.2975","30.17","197.0","KUHMO KALLIOJOKI, FI","0.0","E","0.0",",E","18",",E","10",",E","0",",E","0",",E","12",",E","1",",E","0",",E","0",",E","-4.0",",E,03,","13.5",",,E,02,","20.8",",E,18,","5559.1","E","347.8",",E","81.5",",,,E","7.11",",E","11.90",",,,E","2.33",",,,E"
"FIE00145562","2019-06","64.2975","30.17","197.0","KUHMO KALLIOJOKI, FI","12.1","E","12.1",",E","17",",E","9",",E","0",",E","0",",E","0",",E","0",",E","14",",E","0",",E","1.0",",E,13,","10.3",",,E,21,","29.8",",E,07,","5695.0","E","135.9",",E","56.2",",,,E","14.21",",E","20.10",",,,E","8.31",",,,E"
"FIE00145562","2019-07","64.2975","30.17","197.0","KUHMO KALLIOJOKI, FI","16.5","E","4.4",",E","13",",E","6",",E","0",",E","0",",E","0",",E","0",",E","9",",E","0",",E","2.8",",E,10,","9.2",",,E,30,","27.9",",E,26,","164.7","E","164.7",",E","36.0",",,,E","13.16",",E","17.93",",,,E","8.40",",,,E"
"FIE00145562","2019-08","64.2975","30.17","197.0","KUHMO KALLIOJOKI, FI","16.7","E","0.2",",E","16",",E","8",",E","0",",E","0",",E","0",",E","0",",E","6",",E","0",",E","0.3",",E,07,","14.0",",,E,13,","24.8",",E,29,","326.8","E","162.1",",E","60.3",",,,E","13.11",",E","17.49",",,,E","8.73",",,,E"
"FIE00145562","2019-09","64.2975","30.17","197.0","KUHMO KALLIOJOKI, FI","16.7","E","0.0",",E","14",",E","6",",E","0",",E","0",",E","10",",E","0",",E","3",",E","0",",E","-4.2",",E,19,","9.3",",,E,08,","22.9",",E,01,","623.8","E","297.0",",E","42.5",",,,E","8.43",",E","12.21",",,,E","4.65",",,,E"
"FIE00145562","2019-10","64.2975","30.17","197.0","KUHMO KALLIOJOKI, FI","16.7","E","0.0",",E","24",",E","10",",E","0",",E","0",",E","23",",E","5",",E","0",",E","0",",E","-9.8",",E,28,","21.7",",,E,19,","10.3",",E,01,","1161.5","E","537.7",",E","97.1",",,,E","0.99",",E","3.15",",,,E","-1.17",",,,E"
"FIE00145562","2019-11","64.2975","30.17","197.0","KUHMO KALLIOJOKI, FI","16.7","E","0.0",",E","19",",E","12",",E","0",",E","3",",E","27",",E","20",",E","0",",E","0",",E","-22.3",",E,05,","12.5",",,E,09,","5.9",",E,15,","1826.1","E","664.6",",E","89.3",",,,E","-3.82",",E","-1.25",",,,E","-6.39",",,,E"
"FIE00145562","2019-12","64.2975","30.17","197.0","KUHMO KALLIOJOKI, FI","16.7","E","0.0",",E","23",",E","8",",E","0",",E","3",",E","30",",E","22",",E","0",",E","0",",E","-23.3",",E,28,","10.3",",,E,29,","2.5",",E,30,","2505.0","E","678.9",",E","62.4",",,,E","-3.57",",E","-1.08",",,,E","-6.05",",,,E"
"FIE00145562","2020-01","64.2975","30.17","197.0","KUHMO KALLIOJOKI, FI","0.0","E","0.0",",E","24",",E","9",",E","0",",E","2",",E","29",",E","17",",E","0",",E","0",",E","-31.0",",E,27,","6.1",",,E,28,","4.1",",E,21,","3217.3","E","712.3",",E","56.0",",,,E","-4.64",",E","-2.08",",,,E","-7.20",",,,E"
"FIE00145562","2020-02","64.2975","30.17","197.0","KUHMO KALLIOJOKI, FI","0.0","E","0.0",",E","20",",E","13",",E","0",",E","8",",E","25",",E","17",",E","0",",E","0",",E","-27.4",",E,05,","8.5",",,E,02,","3.3",",E,17,","3923.4","E","706.1",",E","65.3",",,,E","-6.02",",E","-1.97",",,,E","-10.06",",,,E"
"FIE00145562","2020-03","64.2975","30.17","197.0","KUHMO KALLIOJOKI, FI","0.0","E","0.0",",E","13",",E","7",",E","0",",E","6",",E","30",",E","11",",E","0",",E","0",",E","-24.0",",E,01,","5.6",",,E,10,","7.7",",E,27,","4624.1","E","700.7",",E","34.8",",,,E","-4.27",",E","0.84",",,,E","-9.38",",,,E"
"FIE00145562","2020-04","64.2975","30.17","197.0","KUHMO KALLIOJOKI, FI","0.0","E","0.0",",E","12",",E","6",",E","0",",E","1",",E","29",",E","0",",E","0",",E","0",",E","-22.2",",E,06,","6.8",",,E,02,","9.7",",E,07,","5202.7","E","578.6",",E","30.8",",,,E","-0.95",",E","3.79",",,,E","-5.70",",,,E"
"FIE00145562","2020-05","64.2975","30.17","197.0","KUHMO KALLIOJOKI, FI","0.0","E","0.0",",E","5",",E","1",",E","0",",E","0",",E","19",",E","0",",E","1",",E","0",",E","-7.8",",E,01,","21.2",",,E,11,","21.1",",E,27,","5607.3","E","404.6",",E","27.5",",,,E","5.28",",E","11.57",",,,E","-1.01",",,,E"
"FIE00145562","2020-06","64.2975","30.17","197.0","KUHMO KALLIOJOKI, FI","6.9","E","6.9",",E","9",",E","5",",E","0",",E","0",",E","0",",E","0",",E","19",",E","0",",E","2.8",",E,02,","17.8",",,E,30,","27.9",",E,25,","5692.0","E","84.7",",E","44.3",",,,E","15.74",",E","21.79",",,,E","9.68",",,,E"
"FIE00145562","2020-07","64.2975","30.17","197.0","KUHMO KALLIOJOKI, FI","8.2","E","1.3",",E","19",",E","13",",E","1",",E","0",",E","0",",E","0",",E","7",",E","0",",E","4.1",",E,17,","35.2",",,E,30,","25.8",",E,21,+","110.3","E","110.3",",E","130.6",",,,E","14.82",",E","19.85",",,,E","9.78",",,,E"
"FIE00145562","2020-08","64.2975","30.17","197.0","KUHMO KALLIOJOKI, FI","10.8","E","2.6",",E","13",",E","7",",E","0",",E","0",",E","0",",E","0",",E","7",",E","0",",E","1.8",",E,28,","13.3",",,E,02,","25.2",",E,09,","251.0","E","140.7",",E","58.0",",,,E","13.88",",E","18.91",",,,E","8.85",",,,E"
"FIE00145562","2020-09","64.2975","30.17","197.0","KUHMO KALLIOJOKI, FI","10.8","E","0.0",",E","14",",E","8",",E","1",",E","0",",E","3",",E","0",",E","0",",E","0",",E","-1.1",",E,20,","52.3",",,E,16,","18.9",",E,04,","516.6","E","265.6",",E","108.9",",,,E","9.48",",E","13.54",",,,E","5.42",",,,E"
"FIE00145562","2020-10","64.2975","30.17","197.0","KUHMO KALLIOJOKI, FI","10.8","E","0.0",",E","25",",E","8",",E","0",",E","0",",E","13",",E","2",",E","0",",E","0",",E","-4.9",",E,31,","15.0",",,E,22,","13.9",",E,02,","939.0","E","422.4",",E","78.8",",,,E","4.71",",E","6.71",",,,E","2.71",",,,E"
"FIE00145562","2020-11","64.2975","30.17","197.0","KUHMO KALLIOJOKI, FI","10.8","E","0.0",",E","17",",E","10",",E","0",",E","0",",E","20",",E","7",",E","0",",E","0",",E","-10.3",",E,25,","22.4",",,E,02,","9.0",",E,03,","1483.2","E","544.2",",E","88.1",",,,E","0.19",",E","2.28",",,,E","-1.89",",,,E"
"FIE00145562","2020-12","64.2975","30.17","197.0","KUHMO KALLIOJOKI, FI","10.8","E","0.0",",E","17",",E","8",",E","0",",E","1",",E","28",",E","22",",E","0",",E","0",",E","-18.8",",E,18,","13.4",",,E,16,","2.9",",E,21,","2183.6","E","700.4",",E","56.7",",,,E","-4.26",",E","-2.13",",,,E","-6.39",",,,E"
"FIE00145562","2021-01","64.2975","30.17","197.0","KUHMO KALLIOJOKI, FI","0.0","","0.0",",E","16",",E","8",",E","0",",E","11",",E","31",",E","29",",E","0",",E","0",",E","-35.8",",E,15,","6.7",",,E,22,","0.5",",E,26,+","3121.2","","937.6",",E","39.7",",,,E","-11.91",",E","-8.58",",,,E","-15.24",",,,E"
"FIE00145562","2021-02","64.2975","30.17","197.0","KUHMO KALLIOJOKI, FI","0.0","","0.0",",E","10",",E","4",",E","0",",E","18",",E","28",",E","24",",E","0",",E","0",",E","-36.0",",E,17,","5.6",",,E,23,","0.9",",E,26,","4082.6","","961.4",",E","24.3",",,,E","-16.00",",E","-11.06",",,,E","-20.94",",,,E"
"FIE00145562","2021-03","64.2975","30.17","197.0","KUHMO KALLIOJOKI, FI","0.0","","0.0",",E","10",",E","5",",E","0",",E","8",",E","29",",E","15",",E","0",",E","0",",E","-38.9",",E,09,","8.2",",,E,29,","9.6",",E,24,","4833.9","","751.3",",E","30.3",",,,E","-5.90",",E","-0.34",",,,E","-11.47",",,,E"
"FIE00145562","2021-04","64.2975","30.17","197.0","KUHMO KALLIOJOKI, FI","0.0","","0.0",",E","12",",E","4",",E","0",",E","0",",E","26",",E","0",",E","0",",E","0",",E","-7.1",",E,15,","5.0",",,E,23,","13.6",",E,19,","5333.0","","499.1",",E","26.5",",,,E","1.70",",E","6.06",",,,E","-2.67",",,,E"
"FIE00145562","2021-05","64.2975","30.17","197.0","KUHMO KALLIOJOKI, FI","3.1","","3.1",",E","13",",E","11",",E","0",",E","0",",E","10",",E","0",",E","7",",E","0",",E","-4.5",",E,01,","14.3",",,E,06,","30.2",",E,19,","5658.9","","325.9",",E","73.1",",,,E","7.92",",E","13.09",",,,E","2.75",",,,E"
