"STATION","DATE","LATITUDE","LONGITUDE","ELEVATION","NAME","CDSD","CDSD_ATTRIBUTES","CLDD","CLDD_ATTRIBUTES","DP01","DP01_ATTRIBUTES","DP10","DP10_ATTRIBUTES","DP1X","DP1X_ATTRIBUTES","DSND","DSND_ATTRIBUTES","DT00","DT00_ATTRIBUTES","DT32","DT32_ATTRIBUTES","DX32","DX32_ATTRIBUTES","DX70","DX70_ATTRIBUTES","DX90","DX90_ATTRIBUTES","EMNT","EMNT_ATTRIBUTES","EMSD","EMSD_ATTRIBUTES","EMXP","EMXP_ATTRIBUTES","EMXT","EMXT_ATTRIBUTES","HDSD","HDSD_ATTRIBUTES","HTDD","HTDD_ATTRIBUTES","PRCP","PRCP_ATTRIBUTES","TAVG","TAVG_ATTRIBUTES","TMAX","TMAX_ATTRIBUTES","TMIN","TMIN_ATTRIBUTES"
"GME00122998","1984-03","49.1894","7.9775","250.0","ANNWEILER BINDERSBACH, GM","","","0.0",",E","12",",E","6",",E","0",",E","7",",","0",",E","24",",E","0",",E","0",",E","0",",E","-6.0",",E,12,+","100",",,E,04,","14.9",",,E,27,","13.0",",E,28,","","","469.7",",E","44.2",",,,E","3.18",",E","7.67",",,,E","-1.31",",,,E"
"GME00122998","1984-04","49.1894","7.9775","250.0","ANNWEILER BINDERSBACH, GM","","","0.0",",E","10",",E","6",",E","0",",E","0",",","0",",E","5",",E","0",",E","4",",E","0",",E","-1.0",",E,18,+","0",",,E,30,+","20.2",",,E,01,","23.5",",E,22,","","","321.1",",E","59.4",",,,E","7.63",",E","12.43",",,,E","2.83",",,,E"
"GME00122998","1984-05","49.1894","7.9775","250.0","ANNWEILER BINDERSBACH, GM","","","0.0",",E","23",",E","12",",E","0",",E","0",",","0",",E","1",",E","0",",E","1",",E","0",",E","0.0",",E,09,","0",",,E,31,+","17.1",",,E,30,","22.0",",E,19,","","","236.0",",E","106.9",",,,E","10.72",",E","14.78",",,,E","6.66",",,,E"
"GME00122998","1984-06","49.1894","7.9775","250.0","ANNWEILER BINDERSBACH, GM","","","3.5",",E","14",",E","5",",E","0",",E","0",",","0",",E","0",",E","0",",E","11",",E","0",",E","5.0",",E,05,","0",",,E,30,+","8.8",",,E,03,","27.0",",E,20,","","","116.6",",E","33.5",",,,E","14.56",",E","19.71",",,,E","9.42",",,,E"
"GME00122998","1984-07","49.1894","7.9775","250.0","ANNWEILER BINDERSBACH, GM","","","29.8",",E","8",",E","6",",E","1",",E","0",",","0",",E","0",",E","0",",E","17",",E","1",",E","8.0",",E,21,+","0",",,E,31,+","31.0",",,E,14,","34.0",",E,11,","64.9","E","64.9",",E","62.1",",,,E","17.20",",E","22.61",",,,E","11.78",",,,E"
"GME00122998","1984-08","49.1894","7.9775","250.0","ANNWEILER BINDERSBACH, GM","","","13.1",",E","11",",E","4",",E","0",",E","0",",","0",",E","0",",E","0",",E","23",",E","0",",E","9.5",",E,07,","0",",,E,31,+","21.4",",,E,26,","29.5",",E,03,","89.6","E","24.7",",E","39.1",",,,E","17.96",",E","23.07",",,,E","12.85",",,,E"
"GME00122998","1984-09","49.1894","7.9775","250.0","ANNWEILER BINDERSBACH, GM","","","4.2",",E","16",",E","11",",E","1",",E","0",",","0",",E","0",",E","0",",E","5",",E","0",",E","5.5",",E,28,","0",",,E,30,+","29.5",",,E,09,","27.5",",E,02,","239.7","E","150.1",",E","118.4",",,,E","13.47",",E","16.62",",,,E","10.32",",,,E"
"GME00122998","1984-10","49.1894","7.9775","250.0","ANNWEILER BINDERSBACH, GM","","","0.0",",E","14",",E","8",",E","0",",E","0",",","0",",E","2",",E","0",",E","0",",E","0",",E","0.0",",E,29,+","0",",,E,31,+","8.5",",,E,25,","18.5",",E,19,+","484.0","E","244.3",",E","47.0",",,,E","10.45",",E","14.25",",,,E","6.66",",,,E"
"GME00122998","1984-11","49.1894","7.9775","250.0","ANNWEILER BINDERSBACH, GM","","","0.0",",E","9",",E","6",",E","0",",E","0",",","0",",E","8",",E","0",",E","0",",E","0",",E","-3.5",",E,28,","0",",,E,30,+","23.4",",,E,22,","15.0",",E,24,","874.8","E","390.8",",E","63.3",",,,E","5.31",",E","8.15",",,,E","2.46",",,,E"
"GME00122998","1984-12","49.1894","7.9775","250.0","ANNWEILER BINDERSBACH, GM","","","0.0",",E","13",",E","4",",E","0",",E","0",",","0",",E","15",",E","1",",E","0",",E","0",",E","-6.5",",E,31,","0",",,E,31,+","8.4",",,E,18,","7.5",",E,21,+","1384.3","E","509.5",",E","29.5",",,,E","1.90",",E","3.88",",,,E","-0.08",",,,E"
"GME00122998","1985-01","49.1894","7.9775","250.0","ANNWEILER BINDERSBACH, GM","0.0","E","0.0",",E","16",",E","6",",E","0",",E","25",",","1",",E","29",",E","18",",E","0",",E","0",",E","-18.5",",E,08,","270",",,E,06,","11.1",",,E,03,","8.0",",E,31,+","2087.0","E","702.7",",E","53.4",",,,E","-4.33",",E","-1.75",",,,E","-6.91",",,,E"
"GME00122998","1985-02","49.1894","7.9775","250.0","ANNWEILER BINDERSBACH, GM","0.0","E","0.0",",E","6",",E","5",",E","0",",E","14",",","0",",E","22",",E","12",",E","0",",E","0",",E","-15.5",",E,16,","100",",,E,14,","17.2",",,E,09,","11.5",",E,27,+","2636.2","E","549.2",",E","45.2",",,,E","-1.28",",E","2.50",",,,E","-5.06",",,,E"
"GME00122998","1985-03","49.1894","7.9775","250.0","ANNWEILER BINDERSBACH, GM","0.0","E","0.0",",E","17",",E","4",",E","0",",E","0",",","0",",E","14",",E","0",",E","0",",E","0",",E","-3.0",",E,19,+","20",",,E,17,","6.9",",,E,17,","16.0",",E,30,","3074.8","E","438.6",",E","38.5",",,,E","4.18",",E","7.55",",,,E","0.82",",,,E"
"GME00122998","1985-04","49.1894","7.9775","250.0","ANNWEILER BINDERSBACH, GM","0.0","E","0.0",",E","15",",E","6",",E","0",",E","0",",","0",",E","3",",E","0",",E","1",",E","0",",E","-1.5",",E,27,+","0",",,E,30,+","11.8",",,E,13,","24.5",",E,04,","3356.8","E","282.0",",E","50.7",",,,E","8.93",",E","13.43",",,,E","4.43",",,,E"
"GME00122998","1985-05","49.1894","7.9775","250.0","ANNWEILER BINDERSBACH, GM","3.3","E","3.3",",E","15",",E","8",",E","0",",E","0",",","0",",E","1",",E","0",",E","7",",E","0",",E","0.0",",E,04,","0",",,E,31,+","14.9",",,E,29,","28.5",",E,26,","3502.2","E","145.4",",E","64.3",",,,E","13.75",",E","18.27",",,,E","9.23",",,,E"
"GME00122998","1985-06","49.1894","7.9775","250.0","ANNWEILER BINDERSBACH, GM","9.8","E","6.5",",E","11",",E","8",",E","0",",E","0",",","0",",E","0",",E","0",",E","8",",E","0",",E","4.0",",E,09,","0",",,E,30,+","15.4",",,E,09,","27.5",",E,04,","3626.7","E","124.5",",E","63.2",",,,E","14.40",",E","19.08",",,,E","9.72",",,,E"
"GME00122998","1985-07","49.1894","7.9775","250.0","ANNWEILER BINDERSBACH, GM","37.3","E","27.5",",E","12",",E","7",",E","0",",E","0",",","0",",E","0",",E","0",",E","24",",E","0",",E","8.5",",E,22,","0",",,E,31,+","11.0",",,E,28,","31.0",",E,14,","27.1","E","27.1",",E","49.0",",,,E","18.35",",E","23.85",",,,E","12.85",",,,E"
"GME00122998","1985-08","49.1894","7.9775","250.0","ANNWEILER BINDERSBACH, GM","50.0","E","12.7",",E","9",",E","6",",E","0",",E","0",",","0",",E","0",",E","0",",E","17",",E","0",",E","6.6",",E,28,","0",",,E,31,+","20.8",",,E,01,","31.0",",E,14,","82.1","E","55.0",",E","53.2",",,,E","16.97",",E","22.37",",,,E","11.56",",,,E"
"GME00122998","1985-09","49.1894","7.9775","250.0","ANNWEILER BINDERSBACH, GM","55.1","E","5.1",",E","6",",E","3",",E","0",",E","0",",","0",",E","0",",E","0",",E","13",",E","0",",E","3.5",",E,10,","0",",,E,30,+","12.2",",,E,03,","27.0",",E,19,","189.5","E","107.4",",E","28.1",",,,E","14.92",",E","20.23",",,,E","9.61",",,,E"
"GME00122998","1985-10","49.1894","7.9775","250.0","ANNWEILER BINDERSBACH, GM","56.4","E","1.3",",E","6",",E","3",",E","0",",E","0",",","0",",E","7",",E","0",",E","3",",E","0",",E","-3.2",",E,31,","0",",,E,31,+","3.7",",,E,05,","25.5",",E,04,+","464.6","E","275.1",",E","12.3",",,,E","9.50",",E","13.84",",,,E","5.17",",,,E"
"GME00122998","1985-11","49.1894","7.9775","250.0","ANNWEILER BINDERSBACH, GM","56.4","E","0.0",",E","19",",E","12",",E","0",",E","10",",","0",",E","22",",E","8",",E","0",",E","0",",E","-6.5",",E,15,","170",",,E,23,","15.5",",,E,08,","16.5",",E,05,","978.5","E","513.9",",E","84.2",",,,E","1.20",",E","3.95",",,,E","-1.54",",,,E"
"GME00122998","1985-12","49.1894","7.9775","250.0","ANNWEILER BINDERSBACH, GM","56.4","E","0.0",",E","14",",E","5",",E","0",",E","5",",","0",",E","10",",E","3",",E","0",",E","0",",E","-11.5",",E,31,","290",",,E,29,","19.9",",,E,28,","15.0",",E,03,","1416.0","E","437.5",",E","51.6",",,,E","4.22",",E","6.62",",,,E","1.82",",,,E"
"GME00122998","1986-01","49.1894","7.9775","250.0","ANNWEILER BINDERSBACH, GM","0.0","E","0.0",",E","23",",E","13",",E","0",",E","12",",","0",",E","17",",E","5",",E","0",",E","0",",E","-7.2",",E,01,","290",",,E,02,","24.1",",,E,23,","10.0",",E,19,","1937.1","E","521.1",",E","99.6",",,,E","1.52",",E","3.68",",,,E","-0.64",",,,E"
"GME00122998","1986-02","49.1894","7.9775","250.0","ANNWEILER BINDERSBACH, GM","0.0","E","0.0",",E","7",",E","3",",E","0",",E","15",",","0",",E","27",",E","23",",E","0",",E","0",",E","-14.5",",E,09,","100",",,E,11,","4.1",",,E,01,","4.5",",E,01,","2577.9","E","640.8",",E","12.4",",,,E","-4.55",",E","-1.87",",,,E","-7.24",",,,E"
"GME00122998","1986-03","49.1894","7.9775","250.0","ANNWEILER BINDERSBACH, GM","0.0","E","0.0",",E","16",",E","9",",E","1",",E","0",",","0",",E","11",",E","0",",E","0",",E","0",",E","-5.0",",E,02,","10",",,E,01,","34.9",",,E,24,","14.5",",E,17,","3014.8","E","436.9",",E","98.6",",,,E","4.24",",E","7.70",",,,E","0.78",",,,E"
"GME00122998","1986-04","49.1894","7.9775","250.0","ANNWEILER BINDERSBACH, GM","0.0","E","0.0",",E","16",",E","10",",E","0",",E","0",",","0",",E","6",",E","0",",E","0",",E","0",",E","-6.5",",E,13,+","0",",,E,30,+","24.0",",,E,26,","20.0",",E,29,","3353.5","E","338.7",",E","83.9",",,,E","7.04",",E","10.95",",,,E","3.13",",,,E"
"GME00122998","1986-05","49.1894","7.9775","250.0","ANNWEILER BINDERSBACH, GM","4.8","E","4.8",",E","21",",E","11",",E","0",",E","0",",","0",",E","0",",E","0",",E","12",",E","0",",E","3.0",",E,31,","0",",,E,31,+","12.3",",,E,10,","29.5",",E,06,","3465.4","E","111.9",",E","68.9",",,,E","14.88",",E","19.86",",,,E","9.90",",,,E"
"GME00122998","1986-06","49.1894","7.9775","250.0","ANNWEILER BINDERSBACH, GM","58.0","E","53.2",",E","10",",E","6",",E","1",",E","0",",","0",",E","0",",E","0",",E","19",",E","0",",E","2.0",",E,06,","0",",,E,30,+","32.9",",,E,07,","29.5",",E,28,","3551.7","E","86.3",",E","76.2",",,,E","17.23",",E","22.27",",,,E","12.19",",,,E"
"GME00122998","1986-07","49.1894","7.9775","250.0","ANNWEILER BINDERSBACH, GM","87.2","E","29.2",",E","12",",E","5",",E","0",",E","0",",","0",",E","0",",E","0",",E","18",",E","0",",E","6.0",",E,25,","0",",,E,31,+","15.5",",,E,05,","29.3",",E,02,","48.8","E","48.8",",E","47.0",",,,E","17.70",",E","23.43",",,,E","11.97",",,,E"
"GME00122998","1986-08","49.1894","7.9775","250.0","ANNWEILER BINDERSBACH, GM","116.4","E","29.2",",E","17",",E","8",",E","0",",E","0",",","0",",E","0",",E","0",",E","19",",E","1",",E","5.5",",E,29,","0",",,E,31,+","15.9",",,E,18,","34.0",",E,03,","113.0","E","64.2",",E","72.7",",,,E","17.20",",E","22.39",",,,E","12.02",",,,E"
"GME00122998","1986-09","49.1894","7.9775","250.0","ANNWEILER BINDERSBACH, GM","117.6","E","1.2",",E","8",",E","6",",E","2",",E","0",",","0",",E","0",",E","0",",E","4",",E","0",",E","3.5",",E,21,+","0",",,E,30,+","44.4",",,E,12,","23.0",",E,15,","288.7","E","175.7",",E","110.7",",,,E","12.52",",E","17.52",",,,E","7.51",",,,E"
"GME00122998","1986-10","49.1894","7.9775","250.0","ANNWEILER BINDERSBACH, GM","117.6","E","0.0",",E","11",",E","9",",E","1",",E","0",",","0",",E","1",",E","0",",E","1",",E","0",",E","-1.0",",E,30,","0",",,E,31,+","41.5",",,E,22,","22.0",",E,02,","527.3","E","238.6",",E","116.4",",,,E","10.64",",E","14.78",",,,E","6.49",",,,E"
"GME00122998","1986-11","49.1894","7.9775","250.0","ANNWEILER BINDERSBACH, GM","117.6","E","0.0",",E","13",",E","4",",E","0",",E","0",",","0",",E","9",",E","1",",E","0",",E","0",",E","-4.0",",E,30,","0",",,E,30,+","16.3",",,E,01,","17.0",",E,16,","893.9","E","366.6",",E","43.0",",,,E","6.11",",E","9.62",",,,E","2.61",",,,E"
"GME00122998","1986-12","49.1894","7.9775","250.0","ANNWEILER BINDERSBACH, GM","117.6","E","0.0",",E","19",",E","12",",E","0",",E","5",",","0",",E","10",",E","2",",E","0",",E","0",",E","-9.5",",E,25,","100",",,E,26,","20.2",",,E,18,","10.5",",E,08,","1366.7","E","472.8",",E","92.1",",,,E","3.08",",E","5.58",",,,E","0.58",",,,E"
"GME00122998","1987-01","49.1894","7.9775","250.0","ANNWEILER BINDERSBACH, GM","0.0","E","0.0",",E","9",",E","4",",E","0",",E","0",",","1",",E","26",",E","19",",E","0",",E","0",",E","-18.5",",E,13,","20",",,E,19,+","17.6",",,E,01,","11.6",",E,02,+","2054.5","E","687.8",",E","38.2",",,,E","-3.85",",E","-1.53",",,,E","-6.18",",,,E"
"GME00122998","1987-02","49.1894","7.9775","250.0","ANNWEILER BINDERSBACH, GM","0.0","E","0.0",",E","17",",E","6",",E","0",",E","9",",","0",",E","21",",E","7",",E","0",",E","0",",E","-14.0",",E,02,+","80",",,E,22,+","11.0",",,E,26,","11.5",",E,28,","2549.5","E","495.0",",E","47.1",",,,E","0.65",",E","3.19",",,,E","-1.88",",,,E"
"GME00122998","1987-03","49.1894","7.9775","250.0","ANNWEILER BINDERSBACH, GM","0.0","E","0.0",",E","16",",E","10",",E","0",",E","4",",","0",",E","21",",E","3",",E","0",",E","0",",E","-10.5",",E,04,","100",",,E,20,","14.5",",,E,02,","13.0",",E,28,+","3061.0","E","511.5",",E","84.1",",,,E","1.83",",E","5.47",",,,E","-1.80",",,,E"
"GME00122998","1987-04","49.1894","7.9775","250.0","ANNWEILER BINDERSBACH, GM","0.0","E","0.0",",E","14",",E","8",",E","0",",E","0",",","0",",E","3",",E","0",",E","6",",E","0",",E","-1.0",",E,01,","0",",,E,30,+","7.5",",,E,26,","24.0",",E,29,","3308.0","E","247.0",",E","43.9",",,,E","10.10",",E","15.66",",,,E","4.54",",,,E"
"GME00122998","1987-05","49.1894","7.9775","250.0","ANNWEILER BINDERSBACH, GM","0.0","E","0.0",",E","18",",E","11",",E","0",",E","0",",","0",",E","0",",E","0",",E","4",",E","0",",E","0.5",",E,17,+","0",",,E,31,+","12.0",",,E,12,","23.0",",E,26,","3555.4","E","247.4",",E","88.5",",,,E","10.35",",E","15.00",",,,E","5.71",",,,E"
"GME00122998","1987-06","49.1894","7.9775","250.0","ANNWEILER BINDERSBACH, GM","10.3","E","10.3",",E","22",",E","14",",E","0",",E","0",",","0",",E","0",",E","0",",E","5",",E","0",",E","5.0",",E,09,","0",",,E,30,+","23.3",",,E,04,","31.0",",E,30,","3670.0","E","114.6",",E","122.4",",,,E","14.85",",E","18.82",",,,E","10.89",",,,E"
"GME00122998","1987-07","49.1894","7.9775","250.0","ANNWEILER BINDERSBACH, GM","42.5","E","32.2",",E","18",",E","10",",E","0",",E","0",",","0",",E","0",",E","0",",E","20",",E","0",",E","8.5",",E,26,","0",",,E,31,+","20.6",",,E,01,","28.0",",E,15,+","45.1","E","45.1",",E","114.3",",,,E","17.92",",E","22.42",",,,E","13.42",",,,E"
"GME00122998","1987-08","49.1894","7.9775","250.0","ANNWEILER BINDERSBACH, GM","60.4","E","17.9",",E","13",",E","8",",E","0",",E","0",",","0",",E","0",",E","0",",E","14",",E","0",",E","5.5",",E,06,","0",",,E,31,+","22.8",",,E,22,","29.0",",E,22,","104.7","E","59.6",",E","68.7",",,,E","16.99",",E","21.55",",,,E","12.42",",,,E"
"GME00122998","1987-09","49.1894","7.9775","250.0","ANNWEILER BINDERSBACH, GM","87.2","E","26.8",",E","8",",E","6",",E","0",",E","0",",","0",",E","0",",E","0",",E","14",",E","0",",E","1.5",",E,29,","0",",,E,30,+","25.0",",,E,04,","29.0",",E,17,","178.2","E","73.5",",E","59.3",",,,E","16.78",",E","21.31",",,,E","12.25",",,,E"
"GME00122998","1987-10","49.1894","7.9775","250.0","ANNWEILER BINDERSBACH, GM","87.2","E","0.0",",E","16",",E","12",",E","0",",E","0",",","0",",E","0",",E","0",",E","0",",E","0",",E","3.5",",E,23,+","0",",,E,31,+","20.2",",,E,14,","18.5",",E,10,","428.9","E","250.7",",E","114.0",",,,E","10.25",",E","13.72",",,,E","6.78",",,,E"
"GME00122998","1987-11","49.1894","7.9775","250.0","ANNWEILER BINDERSBACH, GM","87.2","E","0.0",",E","16",",E","11",",E","0",",E","0",",","0",",E","7",",E","0",",E","0",",E","0",",E","-1.2",",E,06,","20",",,E,25,","14.0",",,E,12,","13.0",",E,01,","823.6","E","394.7",",E","72.9",",,,E","5.18",",E","7.15",",,,E","3.20",",,,E"
"GME00122998","1987-12","49.1894","7.9775","250.0","ANNWEILER BINDERSBACH, GM","87.2","E","0.0",",E","7",",E","3",",E","1",",E","0",",","0",",E","14",",E","6",",E","0",",E","0",",E","-11.5",",E,10,","0",",,E,31,+","33.5",",,E,18,","14.8",",E,18,","1296.8","E","473.2",",E","45.6",",,,E","3.07",",E","5.07",",,,E","1.06",",,,E"
