"STATION","DATE","LATITUDE","LONGITUDE","ELEVATION","NAME","DP01","DP01_ATTRIBUTES","DP10","DP10_ATTRIBUTES","DP1X","DP1X_ATTRIBUTES","EMXP","EMXP_ATTRIBUTES","PRCP","PRCP_ATTRIBUTES"
"IN008030400","1911-04","32.98","75.72","1643.0","BADARWAH, IN","7",",I","6",",I","2",",I","33.0",",,I,01,","127.9",",,,I"
"IN008030400","1911-05","32.98","75.72","1643.0","BADARWAH, IN","4",",I","4",",I","0",",I","15.2",",,I,22,","30.4",",,,I"
"IN008030400","1911-06","32.98","75.72","1643.0","BADARWAH, IN","6",",I","6",",I","1",",I","50.8",",,I,25,","96.4",",,,I"
"IN008030400","1911-07","32.98","75.72","1643.0","BADARWAH, IN","12",",I","11",",I","5",",I","35.6",",,I,21,+","232.8",",,,I"
"IN008030400","1911-08","32.98","75.72","1643.0","BADARWAH, IN","11",",I","8",",I","1",",I","55.4",",,I,28,","137.6",",,,I"
"IN008030400","1911-09","32.98","75.72","1643.0","BADARWAH, IN","3",",I","2",",I","0",",I","21.1",",,I,13,","32.0",",,,I"
"IN008030400","1911-10","32.98","75.72","1643.0","BADARWAH, IN","2",",I","2",",I","0",",I","13.5",",,I,26,","19.9",",,,I"
"IN008030400","1911-11","32.98","75.72","1643.0","BADARWAH, IN","8",",I","6",",I","3",",I","55.4",",,I,10,","165.7",",,,I"
"IN008030400","1911-12","32.98","75.72","1643.0","BADARWAH, IN","2",",I","2",",I","0",",I","16.8",",,I,11,","24.4",",,,I"
"IN008030400","1912-01","32.98","75.72","1643.0","BADARWAH, IN","13",",I","12",",I","1",",I","61.5",",,I,21,","160.6",",,,I"
"IN008030400","1912-02","32.98","75.72","1643.0","BADARWAH, IN","3",",I","3",",I","1",",I","45.7",",,I,23,","61.0",",,,I"
"IN008030400","1912-03","32.98","75.72","1643.0","BADARWAH, IN","13",",I","9",",I","3",",I","57.7",",,I,26,","158.9",",,,I"
"IN008030400","1912-04","32.98","75.72","1643.0","BADARWAH, IN","12",",I","9",",I","0",",I","21.6",",,I,24,","97.1",",,,I"
"IN008030400","1912-05","32.98","75.72","1643.0","BADARWAH, IN","6",",I","6",",I","1",",I","38.1",",,I,01,","82.5",",,,I"
"IN008030400","1912-06","32.98","75.72","1643.0","BADARWAH, IN","4",",I","4",",I","0",",I","22.4",",,I,24,","56.0",",,,I"
"IN008030400","1912-07","32.98","75.72","1643.0","BADARWAH, IN","12",",I","12",",I","0",",I","21.6",",,I,16,","123.8",",,,I"
"IN008030400","1912-08","32.98","75.72","1643.0","BADARWAH, IN","11",",I","10",",I","0",",I","19.3",",,I,23,","94.5",",,,I"
"IN008030400","1912-09","32.98","75.72","1643.0","BADARWAH, IN","1",",I","1",",I","1",",I","54.6",",,I,07,","54.6",",,,I"
"IN008030400","1912-10","32.98","75.72","1643.0","BADARWAH, IN","3",",I","0",",I","0",",I","0.3",",,I,16,+","0.9",",,,I"
"IN008030400","1912-11","32.98","75.72","1643.0","BADARWAH, IN","6",",I","3",",I","0",",I","19.6",",,I,23,","29.1",",,,I"
"IN008030400","1912-12","32.98","75.72","1643.0","BADARWAH, IN","6",",I","4",",I","1",",I","38.1",",,I,06,","76.9",",,,I"
"IN008030400","1913-01","32.98","75.72","1643.0","BADARWAH, IN","7",",I","4",",I","1",",I","39.6",",,I,20,","77.3",",,,I"
"IN008030400","1913-02","32.98","75.72","1643.0","BADARWAH, IN","11",",I","11",",I","3",",I","63.5",",,I,22,","188.8",",,,I"
"IN008030400","1913-03","32.98","75.72","1643.0","BADARWAH, IN","10",",I","7",",I","3",",I","58.4",",,I,03,","160.3",",,,I"
"IN008030400","1913-04","32.98","75.72","1643.0","BADARWAH, IN","8",",I","7",",I","1",",I","33.5",",,I,22,","62.6",",,,I"
"IN008030400","1913-05","32.98","75.72","1643.0","BADARWAH, IN","4",",I","2",",I","0",",I","12.7",",,I,11,","22.7",",,,I"
"IN008030400","1913-06","32.98","75.72","1643.0","BADARWAH, IN","8",",I","6",",I","1",",I","50.8",",,I,10,","71.9",",,,I"
"IN008030400","1913-07","32.98","75.72","1643.0","BADARWAH, IN","9",",I","7",",I","0",",I","8.1",",,I,16,","42.2",",,,I"
"IN008030400","1913-08","32.98","75.72","1643.0","BADARWAH, IN","11",",I","9",",I","0",",I","20.1",",,I,26,","72.5",",,,I"
"IN008030400","1913-09","32.98","75.72","1643.0","BADARWAH, IN","6",",I","4",",I","0",",I","11.9",",,I,01,","34.4",",,,I"
"IN008030400","1913-10","32.98","75.72","1643.0","BADARWAH, IN","2",",I","2",",I","0",",I","11.7",",,I,28,","18.3",",,,I"
"IN008030400","1913-11","32.98","75.72","1643.0","BADARWAH, IN","4",",I","3",",I","0",",I","12.7",",,I,03,","28.4",",,,I"
"IN008030400","1913-12","32.98","75.72","1643.0","BADARWAH, IN","9",",I","8",",I","1",",I","53.3",",,I,23,","140.1",",,,I"
"IN008030400","1914-01","32.98","75.72","1643.0","BADARWAH, IN","7",",I","6",",I","0",",I","16.0",",,I,30,","70.6",",,,I"
"IN008030400","1914-02","32.98","75.72","1643.0","BADARWAH, IN","17",",I","15",",I","7",",I","82.3",",,I,18,","411.1",",,,I"
"IN008030400","1914-03","32.98","75.72","1643.0","BADARWAH, IN","12",",I","10",",I","3",",I","94.0",",,I,03,","267.7",",,,I"
"IN008030400","1914-04","32.98","75.72","1643.0","BADARWAH, IN","8",",I","6",",I","4",",I","55.9",",,I,06,","204.2",",,,I"
"IN008030400","1914-05","32.98","75.72","1643.0","BADARWAH, IN","8",",I","7",",I","1",",I","33.0",",,I,09,","90.0",",,,I"
"IN008030400","1914-06","32.98","75.72","1643.0","BADARWAH, IN","11",",I","8",",I","0",",I","10.2",",,I,04,","49.3",",,,I"
"IN008030400","1914-08","32.98","75.72","1643.0","BADARWAH, IN","7",",I","6",",I","2",",I","55.4",",,I,08,","167.6",",,,I"
"IN008030400","1914-09","32.98","75.72","1643.0","BADARWAH, IN","4",",I","4",",I","2",",I","39.1",",,I,17,","97.8",",,,I"
"IN008030400","1914-10","32.98","75.72","1643.0","BADARWAH, IN","14","1,I","12","1,I","5","1,I","41.1","1,,I,10,","249.0","1,,,I"
"IN008030400","1914-11","32.98","75.72","1643.0","BADARWAH, IN","3",",I","3",",I","0",",I","17.8",",,I,02,","38.1",",,,I"
"IN008030400","1914-12","32.98","75.72","1643.0","BADARWAH, IN","10",",I","10",",I","1",",I","61.0",",,I,29,","165.6",",,,I"
"IN008030400","1915-01","32.98","75.72","1643.0","BADARWAH, IN","5",",I","5",",I","1",",I","38.1",",,I,23,","88.8",",,,I"
"IN008030400","1915-02","32.98","75.72","1643.0","BADARWAH, IN","11",",I","11",",I","5",",I","106.7",",,I,08,","358.6",",,,I"
"IN008030400","1915-03","32.98","75.72","1643.0","BADARWAH, IN","8",",I","8",",I","2",",I","44.5",",,I,11,","149.3",",,,I"
"IN008030400","1915-04","32.98","75.72","1643.0","BADARWAH, IN","11",",I","10",",I","1",",I","35.6",",,I,27,","145.7",",,,I"
"IN008030400","1915-05","32.98","75.72","1643.0","BADARWAH, IN","3",",I","3",",I","0",",I","20.3",",,I,23,","39.3",",,,I"
"IN008030400","1915-06","32.98","75.72","1643.0","BADARWAH, IN","10",",I","9",",I","0",",I","19.1",",,I,30,","102.4",",,,I"
"IN008030400","1915-07","32.98","75.72","1643.0","BADARWAH, IN","7",",I","5",",I","0",",I","17.8",",,I,31,","45.6",",,,I"
"IN008030400","1915-08","32.98","75.72","1643.0","BADARWAH, IN","11",",I","11",",I","1",",I","25.4",",,I,05,","138.7",",,,I"
"IN008030400","1915-09","32.98","75.72","1643.0","BADARWAH, IN","5",",I","5",",I","2",",I","38.1",",,I,14,","104.2",",,,I"
"IN008030400","1915-10","32.98","75.72","1643.0","BADARWAH, IN","4",",I","4",",I","0",",I","22.9",",,I,02,","61.5",",,,I"
"IN008030400","1915-11","32.98","75.72","1643.0","BADARWAH, IN","0",",I","0",",I","0",",I","0.0",",,I,30,+","0.0",",,,I"
"IN008030400","1915-12","32.98","75.72","1643.0","BADARWAH, IN","2",",I","2",",I","1",",I","38.1",",,I,15,","46.0",",,,I"
"IN008030400","1916-01","32.98","75.72","1643.0","BADARWAH, IN","7",",I","3",",I","0",",I","21.3",",,I,31,","44.4",",,,I"
"IN008030400","1916-02","32.98","75.72","1643.0","BADARWAH, IN","11",",I","10",",I","4",",I","86.9",",,I,13,","286.4",",,,I"
"IN008030400","1916-03","32.98","75.72","1643.0","BADARWAH, IN","5",",I","5",",I","3",",I","44.2",",,I,19,","135.5",",,,I"
"IN008030400","1916-04","32.98","75.72","1643.0","BADARWAH, IN","9",",I","9",",I","2",",I","40.6",",,I,23,","188.3",",,,I"
"IN008030400","1916-05","32.98","75.72","1643.0","BADARWAH, IN","7",",I","5",",I","1",",I","41.1",",,I,10,","109.2",",,,I"
"IN008030400","1916-06","32.98","75.72","1643.0","BADARWAH, IN","5",",I","5",",I","1",",I","38.9",",,I,24,","87.9",",,,I"
"IN008030400","1916-07","32.98","75.72","1643.0","BADARWAH, IN","12",",I","11",",I","2",",I","58.4",",,I,13,","204.8",",,,I"
"IN008030400","1916-08","32.98","75.72","1643.0","BADARWAH, IN","16",",I","16",",I","1",",I","32.0",",,I,28,","192.2",",,,I"
"IN008030400","1916-09","32.98","75.72","1643.0","BADARWAH, IN","0",",I","0",",I","0",",I","0.0",",,I,30,+","0.0",",,,I"
"IN008030400","1916-10","32.98","75.72","1643.0","BADARWAH, IN","4",",I","4",",I","0",",I","10.4",",,I,06,","37.1",",,,I"
"IN008030400","1916-11","32.98","75.72","1643.0","BADARWAH, IN","1",",I","1",",I","0",",I","3.6",",,I,24,","3.6",",,,I"
"IN008030400","1916-12","32.98","75.72","1643.0","BADARWAH, IN","2",",I","2",",I","0",",I","5.1",",,I,18,","8.1",",,,I"
"IN008030400","1917-01","32.98","75.72","1643.0","BADARWAH, IN","7",",I","7",",I","1",",I","38.1",",,I,15,","105.5",",,,I"
"IN008030400","1917-02","32.98","75.72","1643.0","BADARWAH, IN","4",",I","3",",I","1",",I","31.0",",,I,23,","49.3",",,,I"
"IN008030400","1917-03","32.98","75.72","1643.0","BADARWAH, IN","11",",I","11",",I","1",",I","33.5",",,I,27,","166.8",",,,I"
"IN008030400","1917-04","32.98","75.72","1643.0","BADARWAH, IN","10",",I","10",",I","5",",I","50.8",",,I,21,","251.9",",,,I"
"IN008030400","1917-05","32.98","75.72","1643.0","BADARWAH, IN","16",",I","12",",I","0",",I","20.8",",,I,20,","112.1",",,,I"
"IN008030400","1917-06","32.98","75.72","1643.0","BADARWAH, IN","7",",I","7",",I","1",",I","25.4",",,I,20,","111.3",",,,I"
"IN008030400","1917-07","32.98","75.72","1643.0","BADARWAH, IN","17",",I","14",",I","2",",I","61.0",",,I,11,","207.1",",,,I"
"IN008030400","1917-08","32.98","75.72","1643.0","BADARWAH, IN","13",",I","10",",I","2",",I","34.5",",,I,06,","163.5",",,,I"
"IN008030400","1917-09","32.98","75.72","1643.0","BADARWAH, IN","9",",I","9",",I","2",",I","40.6",",,I,25,","150.5",",,,I"
"IN008030400","1917-10","32.98","75.72","1643.0","BADARWAH, IN","6",",I","6",",I","3",",I","127.0",",,I,27,","208.8",",,,I"
"IN008030400","1917-11","32.98","75.72","1643.0","BADARWAH, IN","0",",I","0",",I","0",",I","0.0",",,I,30,+","0.0",",,,I"
"IN008030400","1917-12","32.98","75.72","1643.0","BADARWAH, IN","5",",I","5",",I","2",",I","44.5",",,I,28,","106.8",",,,I"
"IN008030400","1918-01","32.98","75.72","1643.0","BADARWAH, IN","2",",I","2",",I","1",",I","25.4",",,I,17,","44.5",",,,I"
"IN008030400","1918-02","32.98","75.72","1643.0","BADARWAH, IN","6",",I","0",",I","0",",I","1.3",",,I,15,","3.7",",,,I"
"IN008030400","1918-03","32.98","75.72","1643.0","BADARWAH, IN","9",",I","5",",I","5",",I","127.0",",,I,23,","259.9",",,,I"
"IN008030400","1918-04","32.98","75.72","1643.0","BADARWAH, IN","6",",I","3",",I","3",",I","52.1",",,I,05,","108.0",",,,I"
"IN008030400","1918-05","32.98","75.72","1643.0","BADARWAH, IN","0",",I","0",",I","0",",I","0.0",",,I,31,+","0.0",",,,I"
"IN008030400","1918-06","32.98","75.72","1643.0","BADARWAH, IN","2",",I","2",",I","1",",I","25.4",",,I,11,","45.7",",,,I"
"IN008030400","1918-07","32.98","75.72","1643.0","BADARWAH, IN","2",",I","2",",I","2",",I","25.4",",,I,25,+","50.8",",,,I"
"IN008030400","1918-08","32.98","75.72","1643.0","BADARWAH, IN","5",",I","5",",I","2",",I","25.4",",,I,09,+","92.7",",,,I"
"IN008030400","1918-09","32.98","75.72","1643.0","BADARWAH, IN","3",",I","2",",I","0",",I","12.7",",,I,05,","16.7",",,,I"
"IN008030400","1918-10","32.98","75.72","1643.0","BADARWAH, IN","0",",I","0",",I","0",",I","0.0",",,I,31,+","0.0",",,,I"
"IN008030400","1918-11","32.98","75.72","1643.0","BADARWAH, IN","2",",I","2",",I","0",",I","12.7",",,I,01,","17.8",",,,I"
"IN008030400","1918-12","32.98","75.72","1643.0","BADARWAH, IN","5",",I","5",",I","0",",I","20.3",",,I,31,","78.7",",,,I"
"IN008030400","1919-01","32.98","75.72","1643.0","BADARWAH, IN","8",",I","8",",I","3",",I","71.1",",,I,28,","193.1",",,,I"
"IN008030400","1919-02","32.98","75.72","1643.0","BADARWAH, IN","2",",I","2",",I","2",",I","50.8",",,I,16,","88.9",",,,I"
"IN008030400","1919-03","32.98","75.72","1643.0","BADARWAH, IN","8",",I","8",",I","2",",I","35.6",",,I,23,","129.6",",,,I"
"IN008030400","1919-04","32.98","75.72","1643.0","BADARWAH, IN","8",",I","8",",I","1",",I","25.4",",,I,14,","124.4",",,,I"
"IN008030400","1919-05","32.98","75.72","1643.0","BADARWAH, IN","7",",I","7",",I","0",",I","12.7",",,I,15,+","68.6",",,,I"
"IN008030400","1919-06","32.98","75.72","1643.0","BADARWAH, IN","3",",I","3",",I","0",",I","15.2",",,I,22,","33.0",",,,I"
"IN008030400","1919-07","32.98","75.72","1643.0","BADARWAH, IN","8",",I","7",",I","2",",I","43.2",",,I,13,","127.5",",,,I"
"IN008030400","1919-08","32.98","75.72","1643.0","BADARWAH, IN","15",",I","15",",I","0",",I","24.1",",,I,22,","139.9",",,,I"
"IN008030400","1919-09","32.98","75.72","1643.0","BADARWAH, IN","4",",I","4",",I","0",",I","19.3",",,I,19,","42.1",",,,I"
"IN008030400","1919-10","32.98","75.72","1643.0","BADARWAH, IN","0",",I","0",",I","0",",I","0.0",",,I,31,+","0.0",",,,I"
"IN008030400","1919-11","32.98","75.72","1643.0","BADARWAH, IN","0",",I","0",",I","0",",I","0.0",",,I,30,+","0.0",",,,I"
"IN008030400","1919-12","32.98","75.72","1643.0","BADARWAH, IN","7",",I","7",",I","2",",I","50.8",",,I,24,","158.0",",,,I"
"IN008030400","1920-01","32.98","75.72","1643.0","BADARWAH, IN","7",",I","7",",I","0",",I","20.3",",,I,12,","82.8",",,,I"
"IN008030400","1920-02","32.98","75.72","1643.0","BADARWAH, IN","11",",I","11",",I","1",",I","25.4",",,I,05,","146.5",",,,I"
"IN008030400","1920-03","32.98","75.72","1643.0","BADARWAH, IN","13",",I","12",",I","3",",I","55.9",",,I,09,","244.9",",,,I"
"IN008030400","1920-04","32.98","75.72","1643.0","BADARWAH, IN","11",",I","11",",I","1",",I","38.1",",,I,11,","136.9",",,,I"
"IN008030400","1920-05","32.98","75.72","1643.0","BADARWAH, IN","9",",I","8",",I","0",",I","20.3",",,I,27,","94.5",",,,I"
"IN008030400","1920-06","32.98","75.72","1643.0","BADARWAH, IN","7",",I","7",",I","0",",I","13.2",",,I,12,","44.0",",,,I"
"IN008030400","1920-07","32.98","75.72","1643.0","BADARWAH, IN","8",",I","7",",I","0",",I","21.8",",,I,31,","60.2",",,,I"
"IN008030400","1920-08","32.98","75.72","1643.0","BADARWAH, IN","8",",I","8",",I","0",",I","19.6",",,I,24,","94.4",",,,I"
"IN008030400","1920-09","32.98","75.72","1643.0","BADARWAH, IN","6",",I","5",",I","0",",I","7.6",",,I,25,","23.8",",,,I"
"IN008030400","1920-10","32.98","75.72","1643.0","BADARWAH, IN","3",",I","2",",I","0",",I","11.7",",,I,15,","19.9",",,,I"
"IN008030400","1920-11","32.98","75.72","1643.0","BADARWAH, IN","0",",I","0",",I","0",",I","0.0",",,I,30,+","0.0",",,,I"
"IN008030400","1920-12","32.98","75.72","1643.0","BADARWAH, IN","3",",I","2",",I","1",",I","50.8",",,I,25,","68.3",",,,I"
"IN008030400","1921-01","32.98","75.72","1643.0","BADARWAH, IN","12",",I","12",",I","3",",I","58.4",",,I,15,","247.0",",,,I"
"IN008030400","1921-02","32.98","75.72","1643.0","BADARWAH, IN","5",",I","5",",I","2",",I","35.6",",,I,03,","96.6",",,,I"
"IN008030400","1921-03","32.98","75.72","1643.0","BADARWAH, IN","3",",I","3",",I","1",",I","31.8",",,I,05,","57.2",",,,I"
"IN008030400","1921-04","32.98","75.72","1643.0","BADARWAH, IN","8",",I","7",",I","0",",I","14.5",",,I,08,","54.1",",,,I"
"IN008030400","1921-05","32.98","75.72","1643.0","BADARWAH, IN","2",",I","2",",I","0",",I","16.8",",,I,31,","21.9",",,,I"
"IN008030400","1921-06","32.98","75.72","1643.0","BADARWAH, IN","9",",I","9",",I","0",",I","12.7",",,I,29,+","56.3",",,,I"
"IN008030400","1921-07","32.98","75.72","1643.0","BADARWAH, IN","7",",I","7",",I","0",",I","17.8",",,I,14,","63.5",",,,I"
"IN008030400","1921-08","32.98","75.72","1643.0","BADARWAH, IN","14",",I","14",",I","2",",I","29.2",",,I,13,","166.2",",,,I"
"IN008030400","1921-09","32.98","75.72","1643.0","BADARWAH, IN","6",",I","4",",I","0",",I","10.2",",,I,02,","22.4",",,,I"
"IN008030400","1921-10","32.98","75.72","1643.0","BADARWAH, IN","4",",I","4",",I","0",",I","21.8",",,I,17,","51.0",",,,I"
"IN008030400","1921-11","32.98","75.72","1643.0","BADARWAH, IN","0",",I","0",",I","0",",I","0.0",",,I,30,+","0.0",",,,I"
"IN008030400","1921-12","32.98","75.72","1643.0","BADARWAH, IN","11",",I","11",",I","4",",I","50.8",",,I,21,","234.6",",,,I"
"IN008030400","1922-01","32.98","75.72","1643.0","BADARWAH, IN","11",",I","10",",I","2",",I","36.8",",,I,29,","149.4",",,,I"
"IN008030400","1922-02","32.98","75.72","1643.0","BADARWAH, IN","4",",I","4",",I","1",",I","50.8",",,I,03,","88.6",",,,I"
"IN008030400","1922-03","32.98","75.72","1643.0","BADARWAH, IN","5",",I","5",",I","1",",I","44.7",",,I,31,","107.2",",,,I"
"IN008030400","1922-04","32.98","75.72","1643.0","BADARWAH, IN","9",",I","9",",I","0",",I","11.4",",,I,07,","67.2",",,,I"
"IN008030400","1922-05","32.98","75.72","1643.0","BADARWAH, IN","2",",I","2",",I","0",",I","6.9",",,I,06,","9.9",",,,I"
"IN008030400","1922-06","32.98","75.72","1643.0","BADARWAH, IN","5",",I","5",",I","1",",I","29.2",",,I,23,","56.6",",,,I"
"IN008030400","1922-07","32.98","75.72","1643.0","BADARWAH, IN","11",",I","11",",I","3",",I","35.6",",,I,27,","147.4",",,,I"
"IN008030400","1922-08","32.98","75.72","1643.0","BADARWAH, IN","4",",I","4",",I","0",",I","15.2",",,I,21,","33.0",",,,I"
"IN008030400","1922-09","32.98","75.72","1643.0","BADARWAH, IN","6",",I","6",",I","1",",I","29.2",",,I,09,","89.2",",,,I"
"IN008030400","1922-10","32.98","75.72","1643.0","BADARWAH, IN","2",",I","2",",I","1",",I","25.4",",,I,22,","34.3",",,,I"
"IN008030400","1922-11","32.98","75.72","1643.0","BADARWAH, IN","0",",I","0",",I","0",",I","0.0",",,I,30,+","0.0",",,,I"
"IN008030400","1922-12","32.98","75.72","1643.0","BADARWAH, IN","6",",I","6",",I","1",",I","29.0",",,I,13,","68.4",",,,I"
"IN008030400","1923-01","32.98","75.72","1643.0","BADARWAH, IN","6",",I","6",",I","3",",I","50.8",",,I,12,","164.3",",,,I"
"IN008030400","1923-02","32.98","75.72","1643.0","BADARWAH, IN","10",",I","10",",I","4",",I","65.3",",,I,16,","287.5",",,,I"
"IN008030400","1923-03","32.98","75.72","1643.0","BADARWAH, IN","3",",I","3",",I","2",",I","88.9",",,I,08,","121.9",",,,I"
"IN008030400","1923-04","32.98","75.72","1643.0","BADARWAH, IN","4",",I","4",",I","1",",I","25.4",",,I,08,","62.2",",,,I"
"IN008030400","1923-05","32.98","75.72","1643.0","BADARWAH, IN","5",",I","5",",I","3",",I","50.8",",,I,21,","134.7",",,,I"
"IN008030400","1923-06","32.98","75.72","1643.0","BADARWAH, IN","3",",I","3",",I","0",",I","8.9",",,I,02,","20.1",",,,I"
"IN008030400","1923-07","32.98","75.72","1643.0","BADARWAH, IN","7",",I","7",",I","2",",I","40.9",",,I,10,","144.7",",,,I"
"IN008030400","1923-08","32.98","75.72","1643.0","BADARWAH, IN","10",",I","10",",I","4",",I","50.8",",,I,13,","206.9",",,,I"
"IN008030400","1923-09","32.98","75.72","1643.0","BADARWAH, IN","6",",I","6",",I","0",",I","19.8",",,I,01,","58.4",",,,I"
"IN008030400","1923-10","32.98","75.72","1643.0","BADARWAH, IN","3",",I","3",",I","0",",I","21.6",",,I,22,","54.6",",,,I"
"IN008030400","1923-11","32.98","75.72","1643.0","BADARWAH, IN","2",",I","2",",I","0",",I","16.0",",,I,29,","23.6",",,,I"
"IN008030400","1923-12","32.98","75.72","1643.0","BADARWAH, IN","4",",I","4",",I","2",",I","35.6",",,I,12,","91.0",",,,I"
"IN008030400","1924-01","32.98","75.72","1643.0","BADARWAH, IN","6",",I","6",",I","2",",I","27.9",",,I,21,+","101.3",",,,I"
"IN008030400","1924-02","32.98","75.72","1643.0","BADARWAH, IN","9",",I","9",",I","6",",I","57.2",",,I,26,","270.0",",,,I"
"IN008030400","1924-03","32.98","75.72","1643.0","BADARWAH, IN","7",",I","7",",I","3",",I","38.1",",,I,01,","128.8",",,,I"
"IN008030400","1924-04","32.98","75.72","1643.0","BADARWAH, IN","5",",I","5",",I","1",",I","33.0",",,I,26,","63.2",",,,I"
"IN008030400","1924-05","32.98","75.72","1643.0","BADARWAH, IN","9",",I","9",",I","2",",I","33.0",",,I,18,","132.9",",,,I"
"IN008030400","1924-06","32.98","75.72","1643.0","BADARWAH, IN","1",",I","1",",I","0",",I","2.5",",,I,20,","2.5",",,,I"
"IN008030400","1924-07","32.98","75.72","1643.0","BADARWAH, IN","4",",I","4",",I","0",",I","22.9",",,I,31,","57.2",",,,I"
"IN008030400","1924-08","32.98","75.72","1643.0","BADARWAH, IN","8","5,I","8","5,I","1","5,I","48.3","5,,I,19,","93.8","5,,,I"
"IN008030400","1924-09","32.98","75.72","1643.0","BADARWAH, IN","0",",I","0",",I","0",",I","0.0",",,I,30,+","0.0",",,,I"
"IN008030400","1924-10","32.98","75.72","1643.0","BADARWAH, IN","0",",I","0",",I","0",",I","0.0",",,I,31,+","0.0",",,,I"
"IN008030400","1924-11","32.98","75.72","1643.0","BADARWAH, IN","2",",I","2",",I","1",",I","45.7",",,I,03,","58.4",",,,I"
"IN008030400","1924-12","32.98","75.72","1643.0","BADARWAH, IN","5",",I","5",",I","2",",I","54.1",",,I,09,","106.7",",,,I"
"IN008030400","1925-01","32.98","75.72","1643.0","BADARWAH, IN","9",",I","9",",I","2",",I","101.6",",,I,18,","196.8",",,,I"
"IN008030400","1925-02","32.98","75.72","1643.0","BADARWAH, IN","6",",I","6",",I","3",",I","49.5",",,I,11,","120.9",",,,I"
"IN008030400","1925-03","32.98","75.72","1643.0","BADARWAH, IN","3",",I","3",",I","2",",I","40.6",",,I,19,","76.2",",,,I"
"IN008030400","1925-04","32.98","75.72","1643.0","BADARWAH, IN","2",",I","2",",I","1",",I","25.4",",,I,26,","38.1",",,,I"
"IN008030400","1925-05","32.98","75.72","1643.0","BADARWAH, IN","6",",I","6",",I","0",",I","22.9",",,I,30,","68.4",",,,I"
"IN008030400","1925-06","32.98","75.72","1643.0","BADARWAH, IN","7",",I","7",",I","0",",I","22.9",",,I,29,","50.6",",,,I"
"IN008030400","1925-07","32.98","75.72","1643.0","BADARWAH, IN","10",",I","10",",I","1",",I","34.3",",,I,01,","141.7",",,,I"
"IN008030400","1925-08","32.98","75.72","1643.0","BADARWAH, IN","7",",I","7",",I","1",",I","31.8",",,I,13,","95.4",",,,I"
"IN008030400","1925-09","32.98","75.72","1643.0","BADARWAH, IN","4",",I","4",",I","0",",I","20.3",",,I,03,","27.8",",,,I"
"IN008030400","1925-10","32.98","75.72","1643.0","BADARWAH, IN","6",",I","4",",I","0",",I","16.3",",,I,27,","35.6",",,,I"
"IN008030400","1925-11","32.98","75.72","1643.0","BADARWAH, IN","4",",I","4",",I","2",",I","31.8",",,I,05,","82.8",",,,I"
"IN008030400","1925-12","32.98","75.72","1643.0","BADARWAH, IN","0",",I","0",",I","0",",I","0.0",",,I,31,+","0.0",",,,I"
"IN008030400","1926-01","32.98","75.72","1643.0","BADARWAH, IN","6",",I","4",",I","0",",I","23.6",",,I,05,","67.6",",,,I"
"IN008030400","1926-02","32.98","75.72","1643.0","BADARWAH, IN","5",",I","5",",I","1",",I","25.9",",,I,03,","57.0",",,,I"
"IN008030400","1926-03","32.98","75.72","1643.0","BADARWAH, IN","12",",I","12",",I","3",",I","61.0",",,I,14,","222.6",",,,I"
"IN008030400","1926-04","32.98","75.72","1643.0","BADARWAH, IN","8",",I","8",",I","1",",I","27.4",",,I,19,","118.4",",,,I"
"IN008030400","1926-05","32.98","75.72","1643.0","BADARWAH, IN","9",",I","7",",I","0",",I","13.7",",,I,08,","64.8",",,,I"
"IN008030400","1926-06","32.98","75.72","1643.0","BADARWAH, IN","8",",I","7",",I","0",",I","14.5",",,I,03,","63.5",",,,I"
"IN008030400","1926-07","32.98","75.72","1643.0","BADARWAH, IN","6",",I","6",",I","2",",I","63.5",",,I,14,","127.0",",,,I"
"IN008030400","1926-08","32.98","75.72","1643.0","BADARWAH, IN","12",",I","12",",I","1",",I","28.7",",,I,20,","165.7",",,,I"
"IN008030400","1926-09","32.98","75.72","1643.0","BADARWAH, IN","3",",I","2",",I","1",",I","43.2",",,I,17,","59.2",",,,I"
"IN008030400","1926-10","32.98","75.72","1643.0","BADARWAH, IN","0",",I","0",",I","0",",I","0.0",",,I,31,+","0.0",",,,I"
"IN008030400","1926-11","32.98","75.72","1643.0","BADARWAH, IN","1",",I","1",",I","0",",I","7.6",",,I,12,","7.6",",,,I"
"IN008030400","1926-12","32.98","75.72","1643.0","BADARWAH, IN","3",",I","3",",I","1",",I","25.4",",,I,15,","57.1",",,,I"
"IN008030400","1927-01","32.98","75.72","1643.0","BADARWAH, IN","5",",I","5",",I","2",",I","69.9",",,I,07,","170.3",",,,I"
"IN008030400","1927-02","32.98","75.72","1643.0","BADARWAH, IN","11",",I","11",",I","2",",I","26.7",",,I,10,","181.2",",,,I"
"IN008030400","1927-03","32.98","75.72","1643.0","BADARWAH, IN","4",",I","4",",I","1",",I","58.4",",,I,05,","95.2",",,,I"
"IN008030400","1927-04","32.98","75.72","1643.0","BADARWAH, IN","6",",I","6",",I","0",",I","12.7",",,I,05,","52.2",",,,I"
"IN008030400","1927-05","32.98","75.72","1643.0","BADARWAH, IN","10",",I","10",",I","1",",I","41.9",",,I,28,","114.3",",,,I"
"IN008030400","1927-06","32.98","75.72","1643.0","BADARWAH, IN","4",",I","4",",I","0",",I","8.9",",,I,09,","23.1",",,,I"
"IN008030400","1927-07","32.98","75.72","1643.0","BADARWAH, IN","10",",I","9",",I","0",",I","23.6",",,I,06,","127.6",",,,I"
"IN008030400","1927-08","32.98","75.72","1643.0","BADARWAH, IN","11",",I","11",",I","0",",I","18.5",",,I,04,","111.6",",,,I"
"IN008030400","1927-09","32.98","75.72","1643.0","BADARWAH, IN","1",",I","1",",I","0",",I","12.7",",,I,29,","12.7",",,,I"
"IN008030400","1927-10","32.98","75.72","1643.0","BADARWAH, IN","1",",I","0",",I","0",",I","1.3",",,I,11,","1.3",",,,I"
"IN008030400","1927-11","32.98","75.72","1643.0","BADARWAH, IN","1",",I","1",",I","0",",I","5.8",",,I,09,","5.8",",,,I"
"IN008030400","1927-12","32.98","75.72","1643.0","BADARWAH, IN","3",",I","3",",I","1",",I","30.5",",,I,11,","58.4",",,,I"
"IN008030400","1928-01","32.98","75.72","1643.0","BADARWAH, IN","11",",I","11",",I","5",",I","101.6",",,I,28,","394.2",",,,I"
"IN008030400","1928-02","32.98","75.72","1643.0","BADARWAH, IN","10",",I","10",",I","3",",I","62.0",",,I,02,","221.2",",,,I"
"IN008030400","1928-03","32.98","75.72","1643.0","BADARWAH, IN","10",",I","10",",I","3",",I","41.4",",,I,29,","150.6",",,,I"
"IN008030400","1928-04","32.98","75.72","1643.0","BADARWAH, IN","8",",I","8",",I","2",",I","27.9",",,I,20,","102.1",",,,I"
"IN008030400","1928-05","32.98","75.72","1643.0","BADARWAH, IN","5",",I","5",",I","1",",I","30.5",",,I,31,","55.4",",,,I"
"IN008030400","1928-06","32.98","75.72","1643.0","BADARWAH, IN","11",",I","8",",I","0",",I","19.3",",,I,07,","88.7",",,,I"
"IN008030400","1928-07","32.98","75.72","1643.0","BADARWAH, IN","11",",I","11",",I","1",",I","27.7",",,I,31,","122.8",",,,I"
"IN008030400","1928-08","32.98","75.72","1643.0","BADARWAH, IN","13",",I","13",",I","2",",I","39.4",",,I,22,","149.8",",,,I"
"IN008030400","1928-09","32.98","75.72","1643.0","BADARWAH, IN","2",",I","2",",I","2",",I","50.8",",,I,01,","83.8",",,,I"
"IN008030400","1928-10","32.98","75.72","1643.0","BADARWAH, IN","0",",I","0",",I","0",",I","0.0",",,I,31,+","0.0",",,,I"
"IN008030400","1928-11","32.98","75.72","1643.0","BADARWAH, IN","5",",I","5",",I","1",",I","43.7",",,I,14,","112.5",",,,I"
"IN008030400","1928-12","32.98","75.72","1643.0","BADARWAH, IN","7",",I","7",",I","5",",I","69.1",",,I,02,","219.0",",,,I"
"IN008030400","1929-01","32.98","75.72","1643.0","BADARWAH, IN","8",",I","8",",I","2",",I","97.3",",,I,30,","190.1",",,,I"
"IN008030400","1929-02","32.98","75.72","1643.0","BADARWAH, IN","7",",I","7",",I","0",",I","19.8",",,I,13,","81.7",",,,I"
"IN008030400","1929-03","32.98","75.72","1643.0","BADARWAH, IN","3",",I","3",",I","1",",I","25.4",",,I,24,","32.5",",,,I"
"IN008030400","1929-04","32.98","75.72","1643.0","BADARWAH, IN","8",",I","7",",I","1",",I","31.5",",,I,07,","95.3",",,,I"
"IN008030400","1929-05","32.98","75.72","1643.0","BADARWAH, IN","10",",I","8",",I","0",",I","23.4",",,I,19,","87.4",",,,I"
"IN008030400","1929-06","32.98","75.72","1643.0","BADARWAH, IN","3",",I","3",",I","1",",I","33.5",",,I,26,","64.5",",,,I"
"IN008030400","1929-07","32.98","75.72","1643.0","BADARWAH, IN","13",",I","13",",I","3",",I","36.8",",,I,30,","200.7",",,,I"
"IN008030400","1929-08","32.98","75.72","1643.0","BADARWAH, IN","8",",I","7",",I","1",",I","58.4",",,I,28,","123.4",",,,I"
"IN008030400","1929-09","32.98","75.72","1643.0","BADARWAH, IN","3",",I","3",",I","0",",I","10.9",",,I,08,","25.9",",,,I"
"IN008030400","1929-10","32.98","75.72","1643.0","BADARWAH, IN","4",",I","4",",I","0",",I","11.4",",,I,25,","23.3",",,,I"
"IN008030400","1929-11","32.98","75.72","1643.0","BADARWAH, IN","0",",I","0",",I","0",",I","0.0",",,I,30,+","0.0",",,,I"
"IN008030400","1929-12","32.98","75.72","1643.0","BADARWAH, IN","10",",I","10",",I","4",",I","76.2",",,I,20,","319.4",",,,I"
"IN008030400","1930-01","32.98","75.72","1643.0","BADARWAH, IN","10",",I","9",",I","3",",I","56.4",",,I,14,","209.8",",,,I"
"IN008030400","1930-02","32.98","75.72","1643.0","BADARWAH, IN","9",",I","9",",I","1",",I","41.7",",,I,01,","93.4",",,,I"
"IN008030400","1930-03","32.98","75.72","1643.0","BADARWAH, IN","8",",I","8",",I","3",",I","40.6",",,I,13,","168.6",",,,I"
"IN008030400","1930-04","32.98","75.72","1643.0","BADARWAH, IN","9",",I","9",",I","4",",I","58.4",",,I,10,","231.1",",,,I"
"IN008030400","1930-05","32.98","75.72","1643.0","BADARWAH, IN","7",",I","7",",I","0",",I","22.9",",,I,27,","75.5",",,,I"
"IN008030400","1930-06","32.98","75.72","1643.0","BADARWAH, IN","5",",I","5",",I","1",",I","39.4",",,I,21,","80.5",",,,I"
"IN008030400","1930-07","32.98","75.72","1643.0","BADARWAH, IN","13",",I","11",",I","0",",I","22.9",",,I,11,","117.1",",,,I"
"IN008030400","1930-08","32.98","75.72","1643.0","BADARWAH, IN","9",",I","8",",I","0",",I","15.2",",,I,14,+","91.5",",,,I"
"IN008030400","1930-09","32.98","75.72","1643.0","BADARWAH, IN","2",",I","2",",I","1",",I","49.5",",,I,01,","55.9",",,,I"
"IN008030400","1930-10","32.98","75.72","1643.0","BADARWAH, IN","7",",I","5",",I","0",",I","19.1",",,I,20,","40.6",",,,I"
"IN008030400","1930-11","32.98","75.72","1643.0","BADARWAH, IN","0",",I","0",",I","0",",I","0.0",",,I,30,+","0.0",",,,I"
"IN008030400","1930-12","32.98","75.72","1643.0","BADARWAH, IN","1",",I","1",",I","0",",I","22.9",",,I,29,","22.9",",,,I"
"IN008030400","1931-01","32.98","75.72","1643.0","BADARWAH, IN","9",",I","9",",I","2",",I","53.8",",,I,24,","155.9",",,,I"
"IN008030400","1931-02","32.98","75.72","1643.0","BADARWAH, IN","12",",I","11",",I","5",",I","59.2",",,I,18,","277.4",",,,I"
"IN008030400","1931-03","32.98","75.72","1643.0","BADARWAH, IN","4",",I","4",",I","1",",I","40.6",",,I,04,","80.0",",,,I"
"IN008030400","1931-04","32.98","75.72","1643.0","BADARWAH, IN","3",",I","2",",I","0",",I","23.9",",,I,12,","37.4",",,,I"
"IN008030400","1931-05","32.98","75.72","1643.0","BADARWAH, IN","11",",I","8",",I","2",",I","25.4",",,I,13,+","117.2",",,,I"
"IN008030400","1931-06","32.98","75.72","1643.0","BADARWAH, IN","5",",I","3",",I","0",",I","6.6",",,I,21,","18.3",",,,I"
"IN008030400","1931-07","32.98","75.72","1643.0","BADARWAH, IN","13",",I","12",",I","2",",I","115.8",",,I,05,","248.4",",,,I"
"IN008030400","1931-08","32.98","75.72","1643.0","BADARWAH, IN","10",",I","10",",I","0",",I","23.4",",,I,31,","163.9",",,,I"
"IN008030400","1931-09","32.98","75.72","1643.0","BADARWAH, IN","6",",I","5",",I","0",",I","24.9",",,I,01,","48.3",",,,I"
"IN008030400","1931-10","32.98","75.72","1643.0","BADARWAH, IN","5",",I","4",",I","0",",I","8.6",",,I,15,","24.3",",,,I"
"IN008030400","1931-11","32.98","75.72","1643.0","BADARWAH, IN","1",",I","1",",I","0",",I","4.8",",,I,23,","4.8",",,,I"
"IN008030400","1931-12","32.98","75.72","1643.0","BADARWAH, IN","1",",I","1",",I","0",",I","4.1",",,I,06,","4.1",",,,I"
"IN008030400","1932-01","32.98","75.72","1643.0","BADARWAH, IN","2",",I","2",",I","1",",I","67.3",",,I,10,","76.2",",,,I"
"IN008030400","1932-02","32.98","75.72","1643.0","BADARWAH, IN","6",",I","5",",I","2",",I","71.6",",,I,02,","151.2",",,,I"
"IN008030400","1932-03","32.98","75.72","1643.0","BADARWAH, IN","10",",I","10",",I","2",",I","63.5",",,I,10,","197.1",",,,I"
"IN008030400","1932-04","32.98","75.72","1643.0","BADARWAH, IN","2",",I","2",",I","0",",I","19.1",",,I,26,+","38.2",",,,I"
"IN008030400","1932-05","32.98","75.72","1643.0","BADARWAH, IN","13",",I","10",",I","2",",I","26.2",",,I,26,","115.4",",,,I"
"IN008030400","1932-06","32.98","75.72","1643.0","BADARWAH, IN","6",",I","5",",I","0",",I","12.7",",,I,22,","44.5",",,,I"
"IN008030400","1932-07","32.98","75.72","1643.0","BADARWAH, IN","10",",I","9",",I","2",",I","25.4",",,I,25,+","122.8",",,,I"
"IN008030400","1932-08","32.98","75.72","1643.0","BADARWAH, IN","10",",I","9",",I","2",",I","50.8",",,I,26,","149.2",",,,I"
"IN008030400","1932-09","32.98","75.72","1643.0","BADARWAH, IN","0",",I","0",",I","0",",I","0.0",",,I,30,+","0.0",",,,I"
"IN008030400","1932-10","32.98","75.72","1643.0","BADARWAH, IN","4",",I","1",",I","0",",I","6.4",",,I,16,","10.7",",,,I"
"IN008030400","1932-11","32.98","75.72","1643.0","BADARWAH, IN","2",",I","2",",I","0",",I","5.1",",,I,02,","8.1",",,,I"
"IN008030400","1932-12","32.98","75.72","1643.0","BADARWAH, IN","6",",I","5",",I","2",",I","106.7",",,I,24,","192.6",",,,I"
"IN008030400","1933-01","32.98","75.72","1643.0","BADARWAH, IN","7",",I","7",",I","4",",I","98.0",",,I,19,","274.8",",,,I"
"IN008030400","1933-02","32.98","75.72","1643.0","BADARWAH, IN","8",",I","8",",I","5",",I","43.2",",,I,25,","205.0",",,,I"
"IN008030400","1933-03","32.98","75.72","1643.0","BADARWAH, IN","10",",I","9",",I","3",",I","73.2",",,I,08,","217.9",",,,I"
"IN008030400","1933-04","32.98","75.72","1643.0","BADARWAH, IN","8",",I","7",",I","1",",I","27.2",",,I,11,","79.5",",,,I"
"IN008030400","1933-05","32.98","75.72","1643.0","BADARWAH, IN","7",",I","4",",I","0",",I","4.1",",,I,16,+","19.9",",,,I"
"IN008030400","1933-06","32.98","75.72","1643.0","BADARWAH, IN","6",",I","6",",I","1",",I","29.2",",,I,25,","72.0",",,,I"
"IN008030400","1933-07","32.98","75.72","1643.0","BADARWAH, IN","11",",I","5",",I","1",",I","25.9",",,I,09,","79.6",",,,I"
"IN008030400","1933-08","32.98","75.72","1643.0","BADARWAH, IN","22",",I","16",",I","1",",I","25.4",",,I,15,","167.6",",,,I"
"IN008030400","1933-09","32.98","75.72","1643.0","BADARWAH, IN","11",",I","10",",I","0",",I","23.9",",,I,26,","101.3",",,,I"
"IN008030400","1933-10","32.98","75.72","1643.0","BADARWAH, IN","6",",I","6",",I","1",",I","28.4",",,I,11,","80.6",",,,I"
"IN008030400","1933-11","32.98","75.72","1643.0","BADARWAH, IN","2",",I","2",",I","0",",I","13.2",",,I,26,","19.3",",,,I"
"IN008030400","1933-12","32.98","75.72","1643.0","BADARWAH, IN","0",",I","0",",I","0",",I","0.0",",,I,31,+","0.0",",,,I"
"IN008030400","1934-01","32.98","75.72","1643.0","BADARWAH, IN","12",",I","11",",I","4",",I","41.9",",,I,11,","210.6",",,,I"
"IN008030400","1934-02","32.98","75.72","1643.0","BADARWAH, IN","1",",I","1",",I","0",",I","20.3",",,I,16,","20.3",",,,I"
"IN008030400","1934-03","32.98","75.72","1643.0","BADARWAH, IN","5",",I","5",",I","2",",I","31.8",",,I,26,","81.1",",,,I"
"IN008030400","1934-04","32.98","75.72","1643.0","BADARWAH, IN","8",",I","8",",I","1",",I","51.6",",,I,25,","114.2",",,,I"
"IN008030400","1934-05","32.98","75.72","1643.0","BADARWAH, IN","8",",I","7",",I","0",",I","13.5",",,I,11,","54.4",",,,I"
"IN008030400","1934-06","32.98","75.72","1643.0","BADARWAH, IN","3",",I","2",",I","0",",I","15.7",",,I,27,","21.6",",,,I"
"IN008030400","1934-08","32.98","75.72","1643.0","BADARWAH, IN","9",",I","7",",I","2",",I","28.4",",,I,20,","110.9",",,,I"
"IN008030400","1934-09","32.98","75.72","1643.0","BADARWAH, IN","1",",I","1",",I","0",",I","16.0",",,I,26,","16.0",",,,I"
"IN008030400","1934-10","32.98","75.72","1643.0","BADARWAH, IN","1",",I","1",",I","0",",I","4.1",",,I,09,","4.1",",,,I"
"IN008030400","1934-11","32.98","75.72","1643.0","BADARWAH, IN","0",",I","0",",I","0",",I","0.0",",,I,30,+","0.0",",,,I"
"IN008030400","1934-12","32.98","75.72","1643.0","BADARWAH, IN","8",",I","8",",I","1",",I","32.3",",,I,17,","102.2",",,,I"
"IN008030400","1935-01","32.98","75.72","1643.0","BADARWAH, IN","10",",I","10",",I","4",",I","64.8",",,I,29,","247.4",",,,I"
"IN008030400","1935-02","32.98","75.72","1643.0","BADARWAH, IN","9",",I","9",",I","2",",I","48.3",",,I,15,","165.1",",,,I"
"IN008030400","1935-03","32.98","75.72","1643.0","BADARWAH, IN","4",",I","4",",I","2",",I","68.6",",,I,27,","138.5",",,,I"
"IN008030400","1935-04","32.98","75.72","1643.0","BADARWAH, IN","10",",I","10",",I","2",",I","35.6",",,I,14,","139.9",",,,I"
"IN008030400","1935-05","32.98","75.72","1643.0","BADARWAH, IN","4",",I","3",",I","1",",I","25.4",",,I,17,","47.0",",,,I"
"IN008030400","1935-06","32.98","75.72","1643.0","BADARWAH, IN","4",",I","4",",I","0",",I","16.8",",,I,23,","46.1",",,,I"
"IN008030400","1935-07","32.98","75.72","1643.0","BADARWAH, IN","9",",I","8",",I","0",",I","20.8",",,I,14,","96.5",",,,I"
"IN008030400","1935-08","32.98","75.72","1643.0","BADARWAH, IN","12",",I","12",",I","2",",I","33.5",",,I,10,","158.2",",,,I"
"IN008030400","1935-09","32.98","75.72","1643.0","BADARWAH, IN","4",",I","4",",I","0",",I","12.2",",,I,21,","24.1",",,,I"
"IN008030400","1935-10","32.98","75.72","1643.0","BADARWAH, IN","1",",I","1",",I","0",",I","5.1",",,I,12,","5.1",",,,I"
"IN008030400","1935-11","32.98","75.72","1643.0","BADARWAH, IN","2",",I","2",",I","1",",I","35.8",",,I,07,","41.6",",,,I"
"IN008030400","1935-12","32.98","75.72","1643.0","BADARWAH, IN","2",",I","2",",I","0",",I","15.7",",,I,09,","21.5",",,,I"
"IN008030400","1936-01","32.98","75.72","1643.0","BADARWAH, IN","6",",I","6",",I","1",",I","32.8",",,I,04,","83.3",",,,I"
"IN008030400","1936-02","32.98","75.72","1643.0","BADARWAH, IN","5",",I","5",",I","2",",I","56.6",",,I,27,","152.9",",,,I"
"IN008030400","1936-03","32.98","75.72","1643.0","BADARWAH, IN","10",",I","10",",I","6",",I","85.1",",,I,01,","309.8",",,,I"
"IN008030400","1936-04","32.98","75.72","1643.0","BADARWAH, IN","3",",I","3",",I","0",",I","22.6",",,I,08,","45.0",",,,I"
"IN008030400","1936-05","32.98","75.72","1643.0","BADARWAH, IN","5",",I","5",",I","0",",I","24.9",",,I,07,","56.2",",,,I"
"IN008030400","1936-06","32.98","75.72","1643.0","BADARWAH, IN","8",",I","8",",I","0",",I","13.2",",,I,29,","71.5",",,,I"
"IN008030400","1936-07","32.98","75.72","1643.0","BADARWAH, IN","6",",I","6",",I","1",",I","29.2",",,I,18,","102.9",",,,I"
"IN008030400","1936-08","32.98","75.72","1643.0","BADARWAH, IN","5",",I","5",",I","1",",I","50.8",",,I,22,","95.5",",,,I"
"IN008030400","1936-09","32.98","75.72","1643.0","BADARWAH, IN","0",",I","0",",I","0",",I","0.0",",,I,30,+","0.0",",,,I"
"IN008030400","1936-10","32.98","75.72","1643.0","BADARWAH, IN","0",",I","0",",I","0",",I","0.0",",,I,31,+","0.0",",,,I"
"IN008030400","1936-11","32.98","75.72","1643.0","BADARWAH, IN","1",",I","1",",I","0",",I","5.1",",,I,02,","5.1",",,,I"
"IN008030400","1937-01","32.98","75.72","1643.0","BADARWAH, IN","6",",I","6",",I","1",",I","25.4",",,I,29,","64.8",",,,I"
"IN008030400","1937-02","32.98","75.72","1643.0","BADARWAH, IN","10",",I","10",",I","3",",I","58.4",",,I,21,","250.2",",,,I"
"IN008030400","1937-03","32.98","75.72","1643.0","BADARWAH, IN","3",",I","3",",I","0",",I","23.9",",,I,23,","44.8",",,,I"
"IN008030400","1937-04","32.98","75.72","1643.0","BADARWAH, IN","1",",I","1",",I","0",",I","10.2",",,I,03,","10.2",",,,I"
"IN008030400","1937-05","32.98","75.72","1643.0","BADARWAH, IN","2",",I","2",",I","0",",I","15.2",",,I,19,","17.7",",,,I"
"IN008030400","1937-06","32.98","75.72","1643.0","BADARWAH, IN","3",",I","3",",I","0",",I","12.7",",,I,28,","20.3",",,,I"
"IN008030400","1937-07","32.98","75.72","1643.0","BADARWAH, IN","4",",I","4",",I","1",",I","27.9",",,I,21,","73.1",",,,I"
"IN008030400","1937-08","32.98","75.72","1643.0","BADARWAH, IN","5",",I","5",",I","1",",I","33.8",",,I,19,","57.7",",,,I"
"IN008030400","1937-09","32.98","75.72","1643.0","BADARWAH, IN","8",",I","7",",I","0",",I","20.3",",,I,01,","90.4",",,,I"
"IN008030400","1937-10","32.98","75.72","1643.0","BADARWAH, IN","5",",I","4",",I","3",",I","44.2",",,I,28,","127.3",",,,I"
"IN008030400","1937-11","32.98","75.72","1643.0","BADARWAH, IN","3",",I","3",",I","0",",I","23.6",",,I,20,","43.9",",,,I"
"IN008030400","1937-12","32.98","75.72","1643.0","BADARWAH, IN","8",",I","8",",I","2",",I","54.9",",,I,19,","184.7",",,,I"
"IN008030400","1938-01","32.98","75.72","1643.0","BADARWAH, IN","15",",I","15",",I","4",",I","113.0",",,I,19,","397.3",",,,I"
"IN008030400","1938-02","32.98","75.72","1643.0","BADARWAH, IN","11",",I","10",",I","4",",I","75.7",",,I,07,","317.5",",,,I"
"IN008030400","1938-03","32.98","75.72","1643.0","BADARWAH, IN","12",",I","12",",I","1",",I","31.8",",,I,19,","122.2",",,,I"
"IN008030400","1938-04","32.98","75.72","1643.0","BADARWAH, IN","6",",I","6",",I","2",",I","35.6",",,I,06,","90.5",",,,I"
"IN008030400","1938-05","32.98","75.72","1643.0","BADARWAH, IN","0",",I","0",",I","0",",I","0.0",",,I,31,+","0.0",",,,I"
"IN008030400","1938-06","32.98","75.72","1643.0","BADARWAH, IN","6",",I","5",",I","1",",I","59.7",",,I,19,","82.7",",,,I"
"IN008030400","1938-07","32.98","75.72","1643.0","BADARWAH, IN","7",",I","4",",I","0",",I","23.4",",,I,17,","55.0",",,,I"
"IN008030400","1938-08","32.98","75.72","1643.0","BADARWAH, IN","9",",I","9",",I","0",",I","16.5",",,I,12,","85.9",",,,I"
"IN008030400","1938-09","32.98","75.72","1643.0","BADARWAH, IN","1",",I","1",",I","0",",I","5.1",",,I,23,","5.1",",,,I"
"IN008030400","1938-10","32.98","75.72","1643.0","BADARWAH, IN","4",",I","4",",I","1",",I","41.7",",,I,06,","86.2",",,,I"
"IN008030400","1938-11","32.98","75.72","1643.0","BADARWAH, IN","4",",I","4",",I","0",",I","16.5",",,I,24,","39.9",",,,I"
"IN008030400","1938-12","32.98","75.72","1643.0","BADARWAH, IN","2",",I","2",",I","0",",I","19.3",",,I,21,","35.6",",,,I"
"IN008030400","1939-01","32.98","75.72","1643.0","BADARWAH, IN","8",",I","7",",I","1",",I","58.7",",,I,22,","122.0",",,,I"
"IN008030400","1939-02","32.98","75.72","1643.0","BADARWAH, IN","12",",I","12",",I","4",",I","64.5",",,I,17,","260.7",",,,I"
"IN008030400","1939-03","32.98","75.72","1643.0","BADARWAH, IN","9",",I","9",",I","4",",I","41.7",",,I,01,","177.4",",,,I"
"IN008030400","1939-04","32.98","75.72","1643.0","BADARWAH, IN","4",",I","4",",I","1",",I","30.5",",,I,13,","61.7",",,,I"
"IN008030400","1939-05","32.98","75.72","1643.0","BADARWAH, IN","1",",I","1",",I","0",",I","7.6",",,I,26,","7.6",",,,I"
"IN008030400","1939-06","32.98","75.72","1643.0","BADARWAH, IN","5",",I","5",",I","0",",I","17.8",",,I,25,","46.3",",,,I"
"IN008030400","1939-07","32.98","75.72","1643.0","BADARWAH, IN","8",",I","8",",I","2",",I","50.8",",,I,24,","137.2",",,,I"
"IN008030400","1939-08","32.98","75.72","1643.0","BADARWAH, IN","7",",I","7",",I","0",",I","15.2",",,I,21,+","71.0",",,,I"
"IN008030400","1939-09","32.98","75.72","1643.0","BADARWAH, IN","7",",I","7",",I","1",",I","30.5",",,I,11,","66.1",",,,I"
"IN008030400","1939-10","32.98","75.72","1643.0","BADARWAH, IN","3",",I","3",",I","1",",I","27.9",",,I,28,","49.0",",,,I"
"IN008030400","1939-11","32.98","75.72","1643.0","BADARWAH, IN","0",",I","0",",I","0",",I","0.0",",,I,30,+","0.0",",,,I"
"IN008030400","1939-12","32.98","75.72","1643.0","BADARWAH, IN","0",",I","0",",I","0",",I","0.0",",,I,31,+","0.0",",,,I"
"IN008030400","1940-01","32.98","75.72","1643.0","BADARWAH, IN","3",",I","3",",I","1",",I","61.0",",,I,31,","101.7",",,,I"
"IN008030400","1940-02","32.98","75.72","1643.0","BADARWAH, IN","6",",I","6",",I","2",",I","55.9",",,I,04,","111.7",",,,I"
"IN008030400","1940-03","32.98","75.72","1643.0","BADARWAH, IN","8",",I","8",",I","2",",I","30.5",",,I,27,","116.6",",,,I"
"IN008030400","1940-04","32.98","75.72","1643.0","BADARWAH, IN","8",",I","8",",I","1",",I","27.9",",,I,19,","92.0",",,,I"
"IN008030400","1940-05","32.98","75.72","1643.0","BADARWAH, IN","7",",I","7",",I","0",",I","22.9",",,I,21,","83.8",",,,I"
"IN008030400","1940-06","32.98","75.72","1643.0","BADARWAH, IN","6",",I","6",",I","0",",I","22.9",",,I,04,","53.3",",,,I"
"IN008030400","1940-07","32.98","75.72","1643.0","BADARWAH, IN","6",",I","6",",I","3",",I","33.0",",,I,31,","142.5",",,,I"
"IN008030400","1940-08","32.98","75.72","1643.0","BADARWAH, IN","12",",I","12",",I","4",",I","45.7",",,I,02,","203.1",",,,I"
"IN008030400","1940-09","32.98","75.72","1643.0","BADARWAH, IN","4",",I","4",",I","1",",I","30.5",",,I,28,","73.7",",,,I"
"IN008030400","1940-10","32.98","75.72","1643.0","BADARWAH, IN","0",",I","0",",I","0",",I","0.0",",,I,31,+","0.0",",,,I"
"IN008030400","1940-11","32.98","75.72","1643.0","BADARWAH, IN","0",",I","0",",I","0",",I","0.0",",,I,30,+","0.0",",,,I"
"IN008030400","1940-12","32.98","75.72","1643.0","BADARWAH, IN","1",",I","1",",I","1",",I","38.6",",,I,08,","38.6",",,,I"
"IN008030400","1941-01","32.98","75.72","1643.0","BADARWAH, IN","7",",I","7",",I","2",",I","35.6",",,I,25,","110.3",",,,I"
"IN008030400","1941-02","32.98","75.72","1643.0","BADARWAH, IN","4",",I","4",",I","1",",I","25.4",",,I,22,","55.9",",,,I"
"IN008030400","1941-03","32.98","75.72","1643.0","BADARWAH, IN","7",",I","7",",I","2",",I","45.7",",,I,09,","129.8",",,,I"
"IN008030400","1941-04","32.98","75.72","1643.0","BADARWAH, IN","7",",I","7",",I","0",",I","20.3",",,I,30,","55.8",",,,I"
"IN008030400","1941-05","32.98","75.72","1643.0","BADARWAH, IN","8",",I","8",",I","1",",I","25.4",",,I,15,","104.1",",,,I"
"IN008030400","1941-06","32.98","75.72","1643.0","BADARWAH, IN","4",",I","4",",I","0",",I","12.7",",,I,14,","27.3",",,,I"
"IN008030400","1941-07","32.98","75.72","1643.0","BADARWAH, IN","8",",I","7",",I","1",",I","33.8",",,I,20,","97.5",",,,I"
"IN008030400","1941-08","32.98","75.72","1643.0","BADARWAH, IN","2",",I","0",",I","0",",I","0.5",",,I,31,+","1.0",",,,I"
"IN008030400","1941-09","32.98","75.72","1643.0","BADARWAH, IN","5",",I","5",",I","1",",I","54.9",",,I,11,","100.9",",,,I"
"IN008030400","1941-10","32.98","75.72","1643.0","BADARWAH, IN","1",",I","1",",I","0",",I","3.0",",,I,14,","3.0",",,,I"
"IN008030400","1941-11","32.98","75.72","1643.0","BADARWAH, IN","2",",I","2",",I","0",",I","16.0",",,I,27,","24.1",",,,I"
"IN008030400","1941-12","32.98","75.72","1643.0","BADARWAH, IN","3",",I","3",",I","2",",I","60.5",",,I,10,","99.6",",,,I"
"IN008030400","1942-01","32.98","75.72","1643.0","BADARWAH, IN","4",",I","4",",I","3",",I","51.8",",,I,09,","137.2",",,,I"
"IN008030400","1942-02","32.98","75.72","1643.0","BADARWAH, IN","10",",I","9",",I","2",",I","33.3",",,I,18,","147.5",",,,I"
"IN008030400","1942-03","32.98","75.72","1643.0","BADARWAH, IN","1",",I","1",",I","0",",I","10.7",",,I,05,","10.7",",,,I"
"IN008030400","1942-04","32.98","75.72","1643.0","BADARWAH, IN","6",",I","6",",I","0",",I","20.8",",,I,08,","61.5",",,,I"
"IN008030400","1942-05","32.98","75.72","1643.0","BADARWAH, IN","5",",I","5",",I","1",",I","43.2",",,I,03,","61.2",",,,I"
"IN008030400","1942-06","32.98","75.72","1643.0","BADARWAH, IN","3",",I","3",",I","0",",I","10.9",",,I,29,","17.2",",,,I"
"IN008030400","1942-07","32.98","75.72","1643.0","BADARWAH, IN","12",",I","12",",I","2",",I","38.1",",,I,24,","162.0",",,,I"
"IN008030400","1942-08","32.98","75.72","1643.0","BADARWAH, IN","13",",I","12",",I","3",",I","59.7",",,I,20,","204.3",",,,I"
"IN008030400","1942-09","32.98","75.72","1643.0","BADARWAH, IN","3",",I","3",",I","0",",I","7.1",",,I,17,","15.0",",,,I"
"IN008030400","1942-10","32.98","75.72","1643.0","BADARWAH, IN","2",",I","2",",I","0",",I","13.2",",,I,25,","16.5",",,,I"
"IN008030400","1942-11","32.98","75.72","1643.0","BADARWAH, IN","0",",I","0",",I","0",",I","0.0",",,I,30,+","0.0",",,,I"
"IN008030400","1942-12","32.98","75.72","1643.0","BADARWAH, IN","5",",I","5",",I","2",",I","88.9",",,I,15,","197.3",",,,I"
"IN008030400","1943-01","32.98","75.72","1643.0","BADARWAH, IN","14",",I","14",",I","6",",I","156.2",",,I,10,","469.7",",,,I"
"IN008030400","1943-02","32.98","75.72","1643.0","BADARWAH, IN","2",",I","2",",I","1",",I","83.8",",,I,03,","86.3",",,,I"
"IN008030400","1943-03","32.98","75.72","1643.0","BADARWAH, IN","8",",I","6",",I","2",",I","27.9",",,I,25,","112.3",",,,I"
"IN008030400","1943-04","32.98","75.72","1643.0","BADARWAH, IN","10",",I","10",",I","1",",I","39.4",",,I,23,","142.3",",,,I"
"IN008030400","1943-05","32.98","75.72","1643.0","BADARWAH, IN","10",",I","10",",I","4",",I","43.2",",,I,15,+","224.1",",,,I"
"IN008030400","1943-06","32.98","75.72","1643.0","BADARWAH, IN","5",",I","2",",I","0",",I","17.8",",,I,16,","25.2",",,,I"
"IN008030400","1943-07","32.98","75.72","1643.0","BADARWAH, IN","13",",I","13",",I","2",",I","25.4",",,I,31,+","214.2",",,,I"
"IN008030400","1943-08","32.98","75.72","1643.0","BADARWAH, IN","11",",I","9",",I","1",",I","33.0",",,I,02,","157.1",",,,I"
"IN008030400","1943-09","32.98","75.72","1643.0","BADARWAH, IN","7",",I","7",",I","1",",I","25.4",",,I,02,","101.6",",,,I"
"IN008030400","1943-10","32.98","75.72","1643.0","BADARWAH, IN","0",",I","0",",I","0",",I","0.0",",,I,31,+","0.0",",,,I"
"IN008030400","1943-11","32.98","75.72","1643.0","BADARWAH, IN","0",",I","0",",I","0",",I","0.0",",,I,30,+","0.0",",,,I"
"IN008030400","1943-12","32.98","75.72","1643.0","BADARWAH, IN","2",",I","2",",I","0",",I","15.7",",,I,22,","25.9",",,,I"
"IN008030400","1944-01","32.98","75.72","1643.0","BADARWAH, IN","10",",I","8",",I","1",",I","25.4",",,I,24,","123.8",",,,I"
"IN008030400","1944-02","32.98","75.72","1643.0","BADARWAH, IN","13",",I","10",",I","0",",I","21.3",",,I,25,","134.2",",,,I"
"IN008030400","1944-03","32.98","75.72","1643.0","BADARWAH, IN","9",",I","7",",I","0",",I","22.9",",,I,23,","120.0",",,,I"
"IN008030400","1944-04","32.98","75.72","1643.0","BADARWAH, IN","5",",I","5",",I","0",",I","22.9",",,I,03,","78.8",",,,I"
"IN008030400","1944-05","32.98","75.72","1643.0","BADARWAH, IN","3",",I","2",",I","0",",I","7.6",",,I,13,","13.0",",,,I"
"IN008030400","1944-06","32.98","75.72","1643.0","BADARWAH, IN","5",",I","2",",I","0",",I","20.3",",,I,14,","36.1",",,,I"
"IN008030400","1944-07","32.98","75.72","1643.0","BADARWAH, IN","10",",I","4",",I","0",",I","23.9",",,I,15,","69.6",",,,I"
"IN008030400","1944-08","32.98","75.72","1643.0","BADARWAH, IN","7",",I","3",",I","0",",I","22.9",",,I,11,","50.9",",,,I"
"IN008030400","1944-09","32.98","75.72","1643.0","BADARWAH, IN","2",",I","2",",I","0",",I","21.6",",,I,04,","29.2",",,,I"
"IN008030400","1944-10","32.98","75.72","1643.0","BADARWAH, IN","3",",I","1",",I","1",",I","25.4",",,I,05,","26.7",",,,I"
"IN008030400","1944-11","32.98","75.72","1643.0","BADARWAH, IN","5",",I","4",",I","0",",I","17.8",",,I,13,","27.4",",,,I"
"IN008030400","1944-12","32.98","75.72","1643.0","BADARWAH, IN","7",",I","6",",I","1",",I","38.1",",,I,10,","80.9",",,,I"
"IN008030400","1945-01","32.98","75.72","1643.0","BADARWAH, IN","11",",I","10",",I","3",",I","81.3",",,I,10,","259.3",",,,I"
"IN008030400","1945-02","32.98","75.72","1643.0","BADARWAH, IN","3",",I","3",",I","0",",I","7.6",",,I,27,","15.2",",,,I"
"IN008030400","1945-03","32.98","75.72","1643.0","BADARWAH, IN","10",",I","10",",I","3",",I","63.5",",,I,03,","182.8",",,,I"
"IN008030400","1945-04","32.98","75.72","1643.0","BADARWAH, IN","8",",I","8",",I","1",",I","53.3",",,I,07,","116.6",",,,I"
"IN008030400","1945-05","32.98","75.72","1643.0","BADARWAH, IN","2",",I","2",",I","0",",I","11.4",",,I,18,","19.0",",,,I"
"IN008030400","1945-06","32.98","75.72","1643.0","BADARWAH, IN","3",",I","3",",I","2",",I","38.1",",,I,30,","66.0",",,,I"
"IN008030400","1945-07","32.98","75.72","1643.0","BADARWAH, IN","5",",I","5",",I","0",",I","20.3",",,I,24,","67.5",",,,I"
"IN008030400","1945-08","32.98","75.72","1643.0","BADARWAH, IN","5",",I","5",",I","0",",I","15.2",",,I,17,","34.2",",,,I"
"IN008030400","1945-09","32.98","75.72","1643.0","BADARWAH, IN","5",",I","5",",I","1",",I","57.2",",,I,26,","90.0",",,,I"
"IN008030400","1945-10","32.98","75.72","1643.0","BADARWAH, IN","2",",I","2",",I","0",",I","18.3",",,I,28,","33.3",",,,I"
"IN008030400","1945-11","32.98","75.72","1643.0","BADARWAH, IN","1",",I","1",",I","0",",I","20.6",",,I,17,","20.6",",,,I"
"IN008030400","1945-12","32.98","75.72","1643.0","BADARWAH, IN","1",",I","1",",I","0",",I","21.1",",,I,22,","21.1",",,,I"
"IN008030400","1946-01","32.98","75.72","1643.0","BADARWAH, IN","1",",I","1",",I","1",",I","50.3",",,I,16,","50.3",",,,I"
"IN008030400","1946-02","32.98","75.72","1643.0","BADARWAH, IN","6",",I","6",",I","2",",I","29.5",",,I,12,","126.6",",,,I"
"IN008030400","1946-03","32.98","75.72","1643.0","BADARWAH, IN","6",",I","6",",I","0",",I","22.9",",,I,03,","87.7",",,,I"
"IN008030400","1946-04","32.98","75.72","1643.0","BADARWAH, IN","3",",I","3",",I","0",",I","14.0",",,I,28,","30.5",",,,I"
"IN008030400","1946-05","32.98","75.72","1643.0","BADARWAH, IN","1",",I","1",",I","0",",I","15.2",",,I,04,","15.2",",,,I"
"IN008030400","1946-06","32.98","75.72","1643.0","BADARWAH, IN","3",",I","3",",I","1",",I","63.5",",,I,14,","95.3",",,,I"
"IN008030400","1946-07","32.98","75.72","1643.0","BADARWAH, IN","4",",I","4",",I","1",",I","26.7",",,I,22,","71.4",",,,I"
"IN008030400","1946-08","32.98","75.72","1643.0","BADARWAH, IN","3",",I","3",",I","1",",I","34.3",",,I,02,","69.9",",,,I"
"IN008030400","1946-09","32.98","75.72","1643.0","BADARWAH, IN","0",",I","0",",I","0",",I","0.0",",,I,30,+","0.0",",,,I"
"IN008030400","1946-10","32.98","75.72","1643.0","BADARWAH, IN","4",",I","4",",I","0",",I","12.2",",,I,09,","31.8",",,,I"
"IN008030400","1946-11","32.98","75.72","1643.0","BADARWAH, IN","3",",I","3",",I","2",",I","57.2",",,I,29,","89.0",",,,I"
"IN008030400","1946-12","32.98","75.72","1643.0","BADARWAH, IN","7",",I","7",",I","4",",I","38.9",",,I,25,","195.6",",,,I"
"IN008030400","1947-01","32.98","75.72","1643.0","BADARWAH, IN","5",",I","5",",I","1",",I","26.2",",,I,03,","74.5",",,,I"
"IN008030400","1947-02","32.98","75.72","1643.0","BADARWAH, IN","4",",I","4",",I","2",",I","40.1",",,I,03,","107.2",",,,I"
"IN008030400","1947-03","32.98","75.72","1643.0","BADARWAH, IN","6",",I","5",",I","2",",I","38.1",",,I,28,+","99.4",",,,I"
"IN008030400","1947-04","32.98","75.72","1643.0","BADARWAH, IN","0",",I","0",",I","0",",I","0.0",",,I,30,+","0.0",",,,I"
"IN008030400","1947-05","32.98","75.72","1643.0","BADARWAH, IN","2",",I","2",",I","0",",I","13.2",",,I,04,","25.9",",,,I"
"IN008030400","1947-06","32.98","75.72","1643.0","BADARWAH, IN","5",",I","5",",I","1",",I","25.4",",,I,13,","63.5",",,,I"
"IN008030400","1947-07","32.98","75.72","1643.0","BADARWAH, IN","8",",I","7",",I","3",",I","63.5",",,I,15,","193.1",",,,I"
"IN008030400","1947-08","32.98","75.72","1643.0","BADARWAH, IN","7",",I","6",",I","2",",I","25.4",",,I,29,+","110.5",",,,I"
"IN008030400","1947-09","32.98","75.72","1643.0","BADARWAH, IN","7",",I","5",",I","1",",I","114.3",",,I,25,","161.5",",,,I"
"IN008030400","1947-10","32.98","75.72","1643.0","BADARWAH, IN","0",",I","0",",I","0",",I","0.0",",,I,31,+","0.0",",,,I"
"IN008030400","1947-12","32.98","75.72","1643.0","BADARWAH, IN","0",",I","0",",I","0",",I","0.0",",,I,31,+","0.0",",,,I"
"IN008030400","1948-01","32.98","75.72","1643.0","BADARWAH, IN","2",",I","2",",I","0",",I","12.7",",,I,25,","22.9",",,,I"
"IN008030400","1948-03","32.98","75.72","1643.0","BADARWAH, IN","4","2,I","4","2,I","4","2,I","50.8","2,,I,10,+","190.5","2,,,I"
"IN008030400","1948-04","32.98","75.72","1643.0","BADARWAH, IN","1",",I","0",",I","0",",I","1.3",",,I,04,","1.3",",,,I"
"IN008030400","1948-05","32.98","75.72","1643.0","BADARWAH, IN","2",",I","2",",I","0",",I","10.2",",,I,23,","15.8",",,,I"
"IN008030400","1948-06","32.98","75.72","1643.0","BADARWAH, IN","2",",I","2",",I","1",",I","25.4",",,I,06,","40.6",",,,I"
"IN008030400","1948-07","32.98","75.72","1643.0","BADARWAH, IN","11",",I","8",",I","3",",I","45.7",",,I,22,","221.5",",,,I"
"IN008030400","1948-08","32.98","75.72","1643.0","BADARWAH, IN","19",",I","6",",I","0",",I","22.9",",,I,11,","111.9",",,,I"
"IN008030400","1948-09","32.98","75.72","1643.0","BADARWAH, IN","0",",I","0",",I","0",",I","0.0",",,I,30,+","0.0",",,,I"
"IN008030400","1948-10","32.98","75.72","1643.0","BADARWAH, IN","4",",I","0",",I","0",",I","0.3",",,I,21,+","1.2",",,,I"
"IN008030400","1948-11","32.98","75.72","1643.0","BADARWAH, IN","0",",I","0",",I","0",",I","0.0",",,I,30,+","0.0",",,,I"
"IN008030400","1948-12","32.98","75.72","1643.0","BADARWAH, IN","9",",I","6",",I","2",",I","38.1",",,I,05,","102.5",",,,I"
"IN008030400","1949-01","32.98","75.72","1643.0","BADARWAH, IN","10",",I","10",",I","7",",I","40.6",",,I,03,","251.5",",,,I"
"IN008030400","1949-02","32.98","75.72","1643.0","BADARWAH, IN","10",",I","10",",I","3",",I","63.5",",,I,04,","233.7",",,,I"
"IN008030400","1949-03","32.98","75.72","1643.0","BADARWAH, IN","8",",I","8",",I","3",",I","45.7",",,I,21,","200.6",",,,I"
"IN008030400","1949-04","32.98","75.72","1643.0","BADARWAH, IN","4",",I","3",",I","0",",I","20.3",",,I,11,+","52.1",",,,I"
"IN008030400","1949-05","32.98","75.72","1643.0","BADARWAH, IN","8",",I","0",",I","0",",I","1.3",",,I,20,+","6.0",",,,I"
"IN008030400","1949-06","32.98","75.72","1643.0","BADARWAH, IN","12",",I","5",",I","3",",I","36.3",",,I,06,","139.1",",,,I"
"IN008030400","1949-07","32.98","75.72","1643.0","BADARWAH, IN","11",",I","10",",I","0",",I","18.3",",,I,25,+","91.7",",,,I"
"IN008030400","1949-08","32.98","75.72","1643.0","BADARWAH, IN","4",",I","4",",I","0",",I","20.8",",,I,01,","53.4",",,,I"
"IN008030400","1949-09","32.98","75.72","1643.0","BADARWAH, IN","0",",I","0",",I","0",",I","0.0",",,I,30,+","0.0",",,,I"
"IN008030400","1949-10","32.98","75.72","1643.0","BADARWAH, IN","2",",I","2",",I","0",",I","20.3",",,I,27,","25.4",",,,I"
"IN008030400","1949-11","32.98","75.72","1643.0","BADARWAH, IN","4",",I","4",",I","0",",I","5.1",",,I,24,+","15.2",",,,I"
"IN008030400","1949-12","32.98","75.72","1643.0","BADARWAH, IN","2",",I","2",",I","0",",I","15.2",",,I,09,","20.3",",,,I"
"IN008030400","1950-01","32.98","75.72","1643.0","BADARWAH, IN","13",",I","13",",I","9",",I","38.1",",,I,18,+","343.0",",,,I"
"IN008030400","1950-02","32.98","75.72","1643.0","BADARWAH, IN","4",",I","4",",I","1",",I","33.0",",,I,08,","83.9",",,,I"
"IN008030400","1950-03","32.98","75.72","1643.0","BADARWAH, IN","6",",I","6",",I","5",",I","43.2",",,I,21,","205.7",",,,I"
"IN008030400","1950-04","32.98","75.72","1643.0","BADARWAH, IN","8",",I","8",",I","5",",I","38.1",",,I,02,","197.8",",,,I"
"IN008030400","1950-05","32.98","75.72","1643.0","BADARWAH, IN","3",",I","3",",I","0",",I","20.3",",,I,30,","45.7",",,,I"
"IN008030400","1950-06","32.98","75.72","1643.0","BADARWAH, IN","2",",I","2",",I","0",",I","13.5",",,I,21,","21.1",",,,I"
"IN008030400","1950-07","32.98","75.72","1643.0","BADARWAH, IN","10",",I","9",",I","1",",I","25.4",",,I,22,","118.7",",,,I"
"IN008030400","1950-08","32.98","75.72","1643.0","BADARWAH, IN","0",",I","0",",I","0",",I","0.0",",,I,31,+","0.0",",,,I"
"IN008030400","1950-12","32.98","75.72","1643.0","BADARWAH, IN","0",",I","0",",I","0",",I","0.0",",,I,31,+","0.0",",,,I"
"IN008030400","1960-03","32.98","75.72","1643.0","BADARWAH, IN","7",",I","7",",I","0",",I","13.2",",,I,23,","43.7",",,,I"
"IN008030400","1960-04","32.98","75.72","1643.0","BADARWAH, IN","3",",I","3",",I","0",",I","3.6",",,I,01,","9.4",",,,I"
"IN008030400","1960-05","32.98","75.72","1643.0","BADARWAH, IN","0",",I","0",",I","0",",I","0.0",",,I,31,+","0.0",",,,I"
"IN008030400","1960-06","32.98","75.72","1643.0","BADARWAH, IN","1",",I","1",",I","0",",I","8.9",",,I,17,","8.9",",,,I"
"IN008030400","1960-07","32.98","75.72","1643.0","BADARWAH, IN","2",",I","2",",I","0",",I","24.1",",,I,13,","32.5",",,,I"
"IN008030400","1960-08","32.98","75.72","1643.0","BADARWAH, IN","3",",I","3",",I","0",",I","12.4",",,I,16,","18.7",",,,I"
"IN008030400","1960-09","32.98","75.72","1643.0","BADARWAH, IN","1",",I","1",",I","0",",I","19.3",",,I,17,","19.3",",,,I"
"IN008030400","1960-10","32.98","75.72","1643.0","BADARWAH, IN","0",",I","0",",I","0",",I","0.0",",,I,31,+","0.0",",,,I"
"IN008030400","1960-11","32.98","75.72","1643.0","BADARWAH, IN","0",",I","0",",I","0",",I","0.0",",,I,30,+","0.0",",,,I"
"IN008030400","1960-12","32.98","75.72","1643.0","BADARWAH, IN","1",",I","1",",I","0",",I","19.3",",,I,16,","19.3",",,,I"
"IN008030400","1961-01","32.98","75.72","1643.0","BADARWAH, IN","9",",I","9",",I","0",",I","21.8",",,I,11,","67.9",",,,I"
"IN008030400","1961-02","32.98","75.72","1643.0","BADARWAH, IN","4",",I","4",",I","0",",I","8.4",",,I,07,","24.6",",,,I"
"IN008030400","1961-03","32.98","75.72","1643.0","BADARWAH, IN","2",",I","2",",I","0",",I","8.6",",,I,23,","16.5",",,,I"
"IN008030400","1961-04","32.98","75.72","1643.0","BADARWAH, IN","8",",I","6",",I","0",",I","11.2",",,I,12,","39.8",",,,I"
"IN008030400","1961-05","32.98","75.72","1643.0","BADARWAH, IN","3",",I","2",",I","0",",I","3.6",",,I,22,","6.9",",,,I"
"IN008030400","1961-06","32.98","75.72","1643.0","BADARWAH, IN","6",",I","6",",I","0",",I","3.6",",,I,21,","18.5",",,,I"
"IN008030400","1961-07","32.98","75.72","1643.0","BADARWAH, IN","5",",I","5",",I","0",",I","14.2",",,I,30,","38.3",",,,I"
"IN008030400","1961-08","32.98","75.72","1643.0","BADARWAH, IN","11",",I","11",",I","0",",I","10.9",",,I,01,","63.9",",,,I"
"IN008030400","1961-09","32.98","75.72","1643.0","BADARWAH, IN","0",",I","0",",I","0",",I","0.0",",,I,30,+","0.0",",,,I"
"IN008030400","1961-10","32.98","75.72","1643.0","BADARWAH, IN","2",",I","2",",I","0",",I","8.9",",,I,31,","17.5",",,,I"
"IN008030400","1961-11","32.98","75.72","1643.0","BADARWAH, IN","3",",I","3",",I","0",",I","8.6",",,I,27,","19.3",",,,I"
"IN008030400","1961-12","32.98","75.72","1643.0","BADARWAH, IN","2",",I","2",",I","0",",I","8.6",",,I,17,","16.0",",,,I"
"IN008030400","1962-01","32.98","75.72","1643.0","BADARWAH, IN","0",",I","0",",I","0",",I","0.0",",,I,31,+","0.0",",,,I"
"IN008030400","1962-02","32.98","75.72","1643.0","BADARWAH, IN","5",",I","5",",I","1",",I","68.6",",,I,07,","103.4",",,,I"
"IN008030400","1962-03","32.98","75.72","1643.0","BADARWAH, IN","2",",I","2",",I","0",",I","6.9",",,I,18,","12.2",",,,I"
"IN008030400","1962-04","32.98","75.72","1643.0","BADARWAH, IN","9",",I","6",",I","0",",I","10.7",",,I,08,","55.7",",,,I"
"IN008030400","1962-05","32.98","75.72","1643.0","BADARWAH, IN","9",",I","1",",I","0",",I","4.6",",,I,04,","17.0",",,,I"
"IN008030400","1962-06","32.98","75.72","1643.0","BADARWAH, IN","4",",I","3",",I","0",",I","9.4",",,I,27,","15.7",",,,I"
"IN008030400","1962-07","32.98","75.72","1643.0","BADARWAH, IN","8",",I","3",",I","0",",I","20.3",",,I,20,","44.8",",,,I"
"IN008030400","1962-08","32.98","75.72","1643.0","BADARWAH, IN","7",",I","3",",I","0",",I","10.9",",,I,10,","26.3",",,,I"
"IN008030400","1962-09","32.98","75.72","1643.0","BADARWAH, IN","9",",I","5",",I","1",",I","31.8",",,I,22,","62.9",",,,I"
"IN008030400","1962-10","32.98","75.72","1643.0","BADARWAH, IN","3",",I","0",",I","0",",I","1.0",",,I,15,","2.3",",,,I"
"IN008030400","1962-11","32.98","75.72","1643.0","BADARWAH, IN","6",",I","5",",I","1",",I","33.0",",,I,21,","106.0",",,,I"
"IN008030400","1962-12","32.98","75.72","1643.0","BADARWAH, IN","6",",I","6",",I","2",",I","35.0",",,I,27,","114.0",",,,I"
"IN008030400","1966-01","32.98","75.72","1643.0","BADARWAH, IN","0",",I","0",",I","0",",I","0.0",",,I,31,+","0.0",",,,I"
"IN008030400","1966-02","32.98","75.72","1643.0","BADARWAH, IN","8",",I","7",",I","5",",I","37.0",",,I,09,","179.7",",,,I"
"IN008030400","1966-03","32.98","75.72","1643.0","BADARWAH, IN","4",",I","4",",I","2",",I","81.0",",,I,17,","149.0",",,,I"
"IN008030400","1966-04","32.98","75.72","1643.0","BADARWAH, IN","9",",I","9",",I","4",",I","80.0",",,I,13,","320.0",",,,I"
"IN008030400","1966-05","32.98","75.72","1643.0","BADARWAH, IN","8",",I","8",",I","3",",I","35.0",",,I,12,","165.0",",,,I"
"IN008030400","1966-06","32.98","75.72","1643.0","BADARWAH, IN","2",",I","2",",I","0",",I","25.0",",,I,14,","32.0",",,,I"
"IN008030400","1966-07","32.98","75.72","1643.0","BADARWAH, IN","6",",I","6",",I","4",",I","45.7",",,I,26,","162.7",",,,I"
"IN008030400","1966-08","32.98","75.72","1643.0","BADARWAH, IN","15",",I","15",",I","4",",I","55.0",",,I,17,","349.0",",,,I"
"IN008030400","1966-09","32.98","75.72","1643.0","BADARWAH, IN","6",",I","6",",I","3",",I","75.0",",,I,08,","247.5",",,,I"
"IN008030400","1966-10","32.98","75.72","1643.0","BADARWAH, IN","1",",I","1",",I","0",",I","20.0",",,I,05,","20.0",",,,I"
"IN008030400","1966-11","32.98","75.72","1643.0","BADARWAH, IN","3",",I","2",",I","0",",I","5.0",",,I,23,","8.5",",,,I"
"IN008030400","1966-12","32.98","75.72","1643.0","BADARWAH, IN","0",",I","0",",I","0",",I","0.0",",,I,31,+","0.0",",,,I"
"IN008030400","1967-01","32.98","75.72","1643.0","BADARWAH, IN","0",",I","0",",I","0",",I","0.0",",,I,31,+","0.0",",,,I"
"IN008030400","1967-02","32.98","75.72","1643.0","BADARWAH, IN","5",",I","0",",I","0",",I","2.2",",,I,21,","6.0",",,,I"
"IN008030400","1967-03","32.98","75.72","1643.0","BADARWAH, IN","3",",I","0",",I","0",",I","2.1",",,I,18,","4.9",",,,I"
"IN008030400","1967-04","32.98","75.72","1643.0","BADARWAH, IN","2",",I","0",",I","0",",I","2.0",",,I,24,","3.5",",,,I"
"IN008030400","1967-05","32.98","75.72","1643.0","BADARWAH, IN","3",",I","0",",I","0",",I","1.3",",,I,24,","3.3",",,,I"
"IN008030400","1967-06","32.98","75.72","1643.0","BADARWAH, IN","1",",I","0",",I","0",",I","0.7",",,I,05,","0.7",",,,I"
"IN008030400","1967-07","32.98","75.72","1643.0","BADARWAH, IN","4",",I","1",",I","0",",I","2.6",",,I,05,","7.5",",,,I"
"IN008030400","1967-08","32.98","75.72","1643.0","BADARWAH, IN","8",",I","0",",I","0",",I","2.4",",,I,29,","12.8",",,,I"
"IN008030400","1967-09","32.98","75.72","1643.0","BADARWAH, IN","0","1,I","0","1,I","0","1,I","0.0","1,,I,30,+","0.0","1,,,I"
"IN008030400","1967-10","32.98","75.72","1643.0","BADARWAH, IN","2",",I","0",",I","0",",I","1.5",",,I,24,","2.2",",,,I"
"IN008030400","1967-11","32.98","75.72","1643.0","BADARWAH, IN","2",",I","0",",I","0",",I","1.3",",,I,07,","1.8",",,,I"
"IN008030400","1967-12","32.98","75.72","1643.0","BADARWAH, IN","0",",I","0",",I","0",",I","0.0",",,I,31,+","0.0",",,,I"
"IN008030400","1968-01","32.98","75.72","1643.0","BADARWAH, IN","0",",I","0",",I","0",",I","0.0",",,I,31,+","0.0",",,,I"
"IN008030400","1968-02","32.98","75.72","1643.0","BADARWAH, IN","0",",I","0",",I","0",",I","0.0",",,I,29,+","0.0",",,,I"
"IN008030400","1968-03","32.98","75.72","1643.0","BADARWAH, IN","2",",I","0",",I","0",",I","2.0",",,I,23,","3.5",",,,I"
"IN008030400","1968-04","32.98","75.72","1643.0","BADARWAH, IN","0",",I","0",",I","0",",I","0.0",",,I,30,+","0.0",",,,I"
"IN008030400","1968-05","32.98","75.72","1643.0","BADARWAH, IN","7",",I","0",",I","0",",I","1.3",",,I,18,","4.6",",,,I"
