"STATION","DATE","LATITUDE","LONGITUDE","ELEVATION","NAME","DP01","DP01_ATTRIBUTES","DP10","DP10_ATTRIBUTES","DP1X","DP1X_ATTRIBUTES","EMXP","EMXP_ATTRIBUTES","PRCP","PRCP_ATTRIBUTES"
"IN011291100","1901-01","21.63","81.7","269.0","SIMGA, IN","4",",I","4",",I","0",",I","11.9",",,I,03,","27.1",",,,I"
"IN011291100","1901-02","21.63","81.7","269.0","SIMGA, IN","11",",I","9",",I","2",",I","27.9",",,I,19,","102.3",",,,I"
"IN011291100","1901-03","21.63","81.7","269.0","SIMGA, IN","2",",I","1",",I","0",",I","4.6",",,I,05,","6.4",",,,I"
"IN011291100","1901-04","21.63","81.7","269.0","SIMGA, IN","1",",I","1",",I","0",",I","4.3",",,I,11,","4.3",",,,I"
"IN011291100","1901-05","21.63","81.7","269.0","SIMGA, IN","5",",I","1",",I","0",",I","4.6",",,I,06,","9.6",",,,I"
"IN011291100","1901-06","21.63","81.7","269.0","SIMGA, IN","7",",I","4",",I","0",",I","22.1",",,I,24,","46.4",",,,I"
"IN011291100","1901-07","21.63","81.7","269.0","SIMGA, IN","23",",I","19",",I","3",",I","68.6",",,I,25,","293.0",",,,I"
"IN011291100","1901-08","21.63","81.7","269.0","SIMGA, IN","23",",I","18",",I","5",",I","58.4",",,I,09,","343.4",",,,I"
"IN011291100","1901-09","21.63","81.7","269.0","SIMGA, IN","9",",I","9",",I","2",",I","35.1",",,I,25,","128.0",",,,I"
"IN011291100","1901-10","21.63","81.7","269.0","SIMGA, IN","5",",I","4",",I","0",",I","13.7",",,I,02,","31.3",",,,I"
"IN011291100","1901-11","21.63","81.7","269.0","SIMGA, IN","0",",I","0",",I","0",",I","0.0",",,I,30,+","0.0",",,,I"
"IN011291100","1901-12","21.63","81.7","269.0","SIMGA, IN","0",",I","0",",I","0",",I","0.0",",,I,31,+","0.0",",,,I"
"IN011291100","1902-01","21.63","81.7","269.0","SIMGA, IN","0",",I","0",",I","0",",I","0.0",",,I,31,+","0.0",",,,I"
"IN011291100","1902-02","21.63","81.7","269.0","SIMGA, IN","0",",I","0",",I","0",",I","0.0",",,I,28,+","0.0",",,,I"
"IN011291100","1902-03","21.63","81.7","269.0","SIMGA, IN","0",",I","0",",I","0",",I","0.0",",,I,31,+","0.0",",,,I"
"IN011291100","1902-04","21.63","81.7","269.0","SIMGA, IN","1",",I","1",",I","0",",I","9.7",",,I,17,","9.7",",,,I"
"IN011291100","1902-05","21.63","81.7","269.0","SIMGA, IN","0",",I","0",",I","0",",I","0.0",",,I,31,+","0.0",",,,I"
"IN011291100","1902-06","21.63","81.7","269.0","SIMGA, IN","6",",I","3",",I","0",",I","19.1",",,I,12,","35.6",",,,I"
"IN011291100","1902-07","21.63","81.7","269.0","SIMGA, IN","22",",I","19",",I","6",",I","73.2",",,I,25,","354.2",",,,I"
"IN011291100","1902-08","21.63","81.7","269.0","SIMGA, IN","15",",I","13",",I","4",",I","74.9",",,I,08,","282.2",",,,I"
"IN011291100","1902-09","21.63","81.7","269.0","SIMGA, IN","12",",I","8",",I","2",",I","75.7",",,I,08,","172.5",",,,I"
"IN011291100","1902-10","21.63","81.7","269.0","SIMGA, IN","6",",I","1",",I","0",",I","3.0",",,I,02,","6.7",",,,I"
"IN011291100","1902-11","21.63","81.7","269.0","SIMGA, IN","0",",I","0",",I","0",",I","0.0",",,I,30,+","0.0",",,,I"
"IN011291100","1902-12","21.63","81.7","269.0","SIMGA, IN","1",",I","0",",I","0",",I","1.3",",,I,22,","1.3",",,,I"
"IN011291100","1903-01","21.63","81.7","269.0","SIMGA, IN","1",",I","0",",I","0",",I","0.5",",,I,20,","0.5",",,,I"
"IN011291100","1903-02","21.63","81.7","269.0","SIMGA, IN","2",",I","2",",I","1",",I","25.9",",,I,20,","28.4",",,,I"
"IN011291100","1903-03","21.63","81.7","269.0","SIMGA, IN","0",",I","0",",I","0",",I","0.0",",,I,31,+","0.0",",,,I"
"IN011291100","1903-04","21.63","81.7","269.0","SIMGA, IN","3",",I","1",",I","0",",I","2.5",",,I,11,","3.5",",,,I"
"IN011291100","1903-05","21.63","81.7","269.0","SIMGA, IN","5",",I","2",",I","1",",I","27.2",",,I,20,","44.7",",,,I"
"IN011291100","1903-06","21.63","81.7","269.0","SIMGA, IN","13",",I","10",",I","3",",I","46.2",",,I,28,","180.9",",,,I"
"IN011291100","1903-07","21.63","81.7","269.0","SIMGA, IN","21",",I","17",",I","8",",I","87.9",",,I,01,","478.8",",,,I"
"IN011291100","1903-08","21.63","81.7","269.0","SIMGA, IN","20",",I","17",",I","5",",I","46.7",",,I,01,","319.4",",,,I"
"IN011291100","1903-09","21.63","81.7","269.0","SIMGA, IN","18",",I","15",",I","2",",I","64.3",",,I,06,","207.7",",,,I"
"IN011291100","1903-10","21.63","81.7","269.0","SIMGA, IN","12",",I","8",",I","1",",I","28.2",",,I,01,","89.8",",,,I"
"IN011291100","1903-11","21.63","81.7","269.0","SIMGA, IN","0",",I","0",",I","0",",I","0.0",",,I,30,+","0.0",",,,I"
"IN011291100","1903-12","21.63","81.7","269.0","SIMGA, IN","0",",I","0",",I","0",",I","0.0",",,I,31,+","0.0",",,,I"
"IN011291100","1904-01","21.63","81.7","269.0","SIMGA, IN","0",",I","0",",I","0",",I","0.0",",,I,31,+","0.0",",,,I"
"IN011291100","1904-02","21.63","81.7","269.0","SIMGA, IN","3",",I","0",",I","0",",I","2.0",",,I,23,","4.3",",,,I"
"IN011291100","1904-03","21.63","81.7","269.0","SIMGA, IN","6",",I","2",",I","0",",I","7.1",",,I,07,","16.5",",,,I"
"IN011291100","1904-04","21.63","81.7","269.0","SIMGA, IN","0",",I","0",",I","0",",I","0.0",",,I,30,+","0.0",",,,I"
"IN011291100","1904-05","21.63","81.7","269.0","SIMGA, IN","3",",I","3",",I","1",",I","58.4",",,I,27,","70.0",",,,I"
"IN011291100","1904-06","21.63","81.7","269.0","SIMGA, IN","22",",I","20",",I","5",",I","89.2",",,I,17,","420.7",",,,I"
"IN011291100","1904-07","21.63","81.7","269.0","SIMGA, IN","20",",I","13",",I","0",",I","24.1",",,I,09,","166.6",",,,I"
"IN011291100","1904-08","21.63","81.7","269.0","SIMGA, IN","24",",I","18",",I","9",",I","68.1",",,I,07,","442.4",",,,I"
"IN011291100","1904-09","21.63","81.7","269.0","SIMGA, IN","11",",I","8",",I","1",",I","61.2",",,I,06,","111.5",",,,I"
"IN011291100","1904-10","21.63","81.7","269.0","SIMGA, IN","3",",I","3",",I","1",",I","71.9",",,I,17,","87.6",",,,I"
"IN011291100","1904-11","21.63","81.7","269.0","SIMGA, IN","0",",I","0",",I","0",",I","0.0",",,I,30,+","0.0",",,,I"
"IN011291100","1904-12","21.63","81.7","269.0","SIMGA, IN","0",",I","0",",I","0",",I","0.0",",,I,31,+","0.0",",,,I"
"IN011291100","1905-01","21.63","81.7","269.0","SIMGA, IN","4",",I","3",",I","0",",I","13.5",",,I,19,","27.2",",,,I"
"IN011291100","1905-02","21.63","81.7","269.0","SIMGA, IN","5",",I","4",",I","0",",I","11.2",",,I,27,","34.3",",,,I"
"IN011291100","1905-03","21.63","81.7","269.0","SIMGA, IN","2",",I","2",",I","0",",I","22.1",",,I,28,","29.2",",,,I"
"IN011291100","1905-04","21.63","81.7","269.0","SIMGA, IN","6",",I","4",",I","0",",I","10.9",",,I,26,","25.3",",,,I"
"IN011291100","1905-05","21.63","81.7","269.0","SIMGA, IN","6",",I","3",",I","0",",I","11.7",",,I,12,","28.7",",,,I"
"IN011291100","1905-06","21.63","81.7","269.0","SIMGA, IN","10",",I","4",",I","0",",I","7.6",",,I,23,","30.8",",,,I"
"IN011291100","1905-07","21.63","81.7","269.0","SIMGA, IN","18",",I","14",",I","6",",I","106.7",",,I,07,","406.2",",,,I"
"IN011291100","1905-08","21.63","81.7","269.0","SIMGA, IN","23",",I","16",",I","1",",I","37.8",",,I,28,","190.9",",,,I"
"IN011291100","1905-09","21.63","81.7","269.0","SIMGA, IN","16",",I","13",",I","3",",I","90.7",",,I,08,","285.7",",,,I"
"IN011291100","1905-10","21.63","81.7","269.0","SIMGA, IN","2",",I","1",",I","0",",I","18.0",",,I,02,","18.3",",,,I"
"IN011291100","1905-11","21.63","81.7","269.0","SIMGA, IN","0",",I","0",",I","0",",I","0.0",",,I,30,+","0.0",",,,I"
"IN011291100","1905-12","21.63","81.7","269.0","SIMGA, IN","0",",I","0",",I","0",",I","0.0",",,I,31,+","0.0",",,,I"
"IN011291100","1906-01","21.63","81.7","269.0","SIMGA, IN","1",",I","1",",I","0",",I","2.5",",,I,27,","2.5",",,,I"
"IN011291100","1906-02","21.63","81.7","269.0","SIMGA, IN","7",",I","5",",I","1",",I","45.7",",,I,15,","98.8",",,,I"
"IN011291100","1906-03","21.63","81.7","269.0","SIMGA, IN","0",",I","0",",I","0",",I","0.0",",,I,31,+","0.0",",,,I"
"IN011291100","1906-04","21.63","81.7","269.0","SIMGA, IN","0",",I","0",",I","0",",I","0.0",",,I,30,+","0.0",",,,I"
"IN011291100","1906-05","21.63","81.7","269.0","SIMGA, IN","0",",I","0",",I","0",",I","0.0",",,I,31,+","0.0",",,,I"
"IN011291100","1906-06","21.63","81.7","269.0","SIMGA, IN","6",",I","6",",I","2",",I","59.4",",,I,20,","129.4",",,,I"
"IN011291100","1906-07","21.63","81.7","269.0","SIMGA, IN","19",",I","16",",I","7",",I","83.8",",,I,22,","463.2",",,,I"
"IN011291100","1906-08","21.63","81.7","269.0","SIMGA, IN","15",",I","9",",I","3",",I","34.8",",,I,28,","151.7",",,,I"
"IN011291100","1906-09","21.63","81.7","269.0","SIMGA, IN","18",",I","11",",I","2",",I","30.5",",,I,12,","131.2",",,,I"
"IN011291100","1906-10","21.63","81.7","269.0","SIMGA, IN","4",",I","3",",I","1",",I","29.2",",,I,18,","39.4",",,,I"
"IN011291100","1906-11","21.63","81.7","269.0","SIMGA, IN","1",",I","0",",I","0",",I","0.3",",,I,01,","0.3",",,,I"
"IN011291100","1906-12","21.63","81.7","269.0","SIMGA, IN","1",",I","0",",I","0",",I","1.3",",,I,30,","1.3",",,,I"
"IN011291100","1907-01","21.63","81.7","269.0","SIMGA, IN","1",",I","1",",I","0",",I","3.8",",,I,10,","3.8",",,,I"
"IN011291100","1907-02","21.63","81.7","269.0","SIMGA, IN","4",",I","1",",I","0",",I","8.9",",,I,07,","11.0",",,,I"
"IN011291100","1907-03","21.63","81.7","269.0","SIMGA, IN","2",",I","1",",I","0",",I","11.4",",,I,18,","12.7",",,,I"
"IN011291100","1907-04","21.63","81.7","269.0","SIMGA, IN","8",",I","4",",I","0",",I","6.4",",,I,28,+","24.2",",,,I"
"IN011291100","1907-05","21.63","81.7","269.0","SIMGA, IN","0",",I","0",",I","0",",I","0.0",",,I,31,+","0.0",",,,I"
"IN011291100","1907-06","21.63","81.7","269.0","SIMGA, IN","11",",I","10",",I","4",",I","57.9",",,I,28,","285.6",",,,I"
"IN011291100","1907-07","21.63","81.7","269.0","SIMGA, IN","11",",I","11",",I","2",",I","32.5",",,I,23,","158.9",",,,I"
"IN011291100","1907-08","21.63","81.7","269.0","SIMGA, IN","18",",I","16",",I","3",",I","47.0",",,I,13,","262.0",",,,I"
"IN011291100","1907-09","21.63","81.7","269.0","SIMGA, IN","8",",I","8",",I","3",",I","54.6",",,I,08,","189.3",",,,I"
"IN011291100","1907-10","21.63","81.7","269.0","SIMGA, IN","0",",I","0",",I","0",",I","0.0",",,I,31,+","0.0",",,,I"
"IN011291100","1907-11","21.63","81.7","269.0","SIMGA, IN","1",",I","1",",I","1",",I","35.6",",,I,30,","35.6",",,,I"
"IN011291100","1907-12","21.63","81.7","269.0","SIMGA, IN","2",",I","2",",I","0",",I","7.6",",,I,11,","11.4",",,,I"
"IN011291100","1908-01","21.63","81.7","269.0","SIMGA, IN","1",",I","1",",I","0",",I","17.8",",,I,11,","17.8",",,,I"
"IN011291100","1908-02","21.63","81.7","269.0","SIMGA, IN","2",",I","2",",I","1",",I","26.7",",,I,06,","45.8",",,,I"
"IN011291100","1908-03","21.63","81.7","269.0","SIMGA, IN","0",",I","0",",I","0",",I","0.0",",,I,31,+","0.0",",,,I"
"IN011291100","1908-04","21.63","81.7","269.0","SIMGA, IN","0",",I","0",",I","0",",I","0.0",",,I,30,+","0.0",",,,I"
"IN011291100","1908-05","21.63","81.7","269.0","SIMGA, IN","0",",I","0",",I","0",",I","0.0",",,I,31,+","0.0",",,,I"
"IN011291100","1908-06","21.63","81.7","269.0","SIMGA, IN","11",",I","11",",I","2",",I","134.6",",,I,25,","280.9",",,,I"
"IN011291100","1908-07","21.63","81.7","269.0","SIMGA, IN","27",",I","15",",I","3",",I","73.2",",,I,25,","295.9",",,,I"
"IN011291100","1908-08","21.63","81.7","269.0","SIMGA, IN","26",",I","23",",I","10",",I","108.0",",,I,02,","555.1",",,,I"
"IN011291100","1908-09","21.63","81.7","269.0","SIMGA, IN","6",",I","6",",I","3",",I","52.1",",,I,13,","151.3",",,,I"
"IN011291100","1908-10","21.63","81.7","269.0","SIMGA, IN","1",",I","1",",I","1",",I","33.0",",,I,01,","33.0",",,,I"
"IN011291100","1908-11","21.63","81.7","269.0","SIMGA, IN","0",",I","0",",I","0",",I","0.0",",,I,30,+","0.0",",,,I"
"IN011291100","1908-12","21.63","81.7","269.0","SIMGA, IN","0",",I","0",",I","0",",I","0.0",",,I,31,+","0.0",",,,I"
"IN011291100","1909-01","21.63","81.7","269.0","SIMGA, IN","1",",I","0",",I","0",",I","0.5",",,I,05,","0.5",",,,I"
"IN011291100","1909-02","21.63","81.7","269.0","SIMGA, IN","2",",I","1",",I","0",",I","6.6",",,I,17,","7.4",",,,I"
"IN011291100","1909-03","21.63","81.7","269.0","SIMGA, IN","4",",I","3",",I","0",",I","4.3",",,I,21,","10.3",",,,I"
"IN011291100","1909-04","21.63","81.7","269.0","SIMGA, IN","13",",I","10",",I","2",",I","63.5",",,I,22,","174.1",",,,I"
"IN011291100","1909-05","21.63","81.7","269.0","SIMGA, IN","0",",I","0",",I","0",",I","0.0",",,I,31,+","0.0",",,,I"
"IN011291100","1909-06","21.63","81.7","269.0","SIMGA, IN","16",",I","11",",I","1",",I","63.5",",,I,11,","179.2",",,,I"
"IN011291100","1909-07","21.63","81.7","269.0","SIMGA, IN","29",",I","25",",I","4",",I","49.5",",,I,12,","330.1",",,,I"
"IN011291100","1909-08","21.63","81.7","269.0","SIMGA, IN","12",",I","8",",I","4",",I","85.9",",,I,19,","216.6",",,,I"
"IN011291100","1909-09","21.63","81.7","269.0","SIMGA, IN","10",",I","5",",I","2",",I","88.9",",,I,22,","154.8",",,,I"
"IN011291100","1909-10","21.63","81.7","269.0","SIMGA, IN","1",",I","1",",I","0",",I","6.4",",,I,28,","6.4",",,,I"
"IN011291100","1909-11","21.63","81.7","269.0","SIMGA, IN","0",",I","0",",I","0",",I","0.0",",,I,30,+","0.0",",,,I"
"IN011291100","1909-12","21.63","81.7","269.0","SIMGA, IN","5",",I","3",",I","1",",I","38.1",",,I,25,","54.7",",,,I"
"IN011291100","1910-01","21.63","81.7","269.0","SIMGA, IN","1",",I","1",",I","0",",I","11.9",",,I,01,","11.9",",,,I"
"IN011291100","1910-02","21.63","81.7","269.0","SIMGA, IN","0",",I","0",",I","0",",I","0.0",",,I,28,+","0.0",",,,I"
"IN011291100","1910-03","21.63","81.7","269.0","SIMGA, IN","0",",I","0",",I","0",",I","0.0",",,I,31,+","0.0",",,,I"
"IN011291100","1910-04","21.63","81.7","269.0","SIMGA, IN","1",",I","1",",I","0",",I","16.3",",,I,30,","16.3",",,,I"
"IN011291100","1910-06","21.63","81.7","269.0","SIMGA, IN","12",",I","8",",I","3",",I","139.7",",,I,26,","284.1",",,,I"
"IN011291100","1910-07","21.63","81.7","269.0","SIMGA, IN","16",",I","13",",I","2",",I","87.4",",,I,05,","248.3",",,,I"
"IN011291100","1910-08","21.63","81.7","269.0","SIMGA, IN","18",",I","15",",I","5",",I","186.9",",,I,04,","495.6",",,,I"
"IN011291100","1910-09","21.63","81.7","269.0","SIMGA, IN","13",",I","11",",I","4",",I","59.4",",,I,05,","244.1",",,,I"
"IN011291100","1910-10","21.63","81.7","269.0","SIMGA, IN","4",",I","2",",I","1",",I","35.6",",,I,08,","54.1",",,,I"
"IN011291100","1910-11","21.63","81.7","269.0","SIMGA, IN","0",",I","0",",I","0",",I","0.0",",,I,30,+","0.0",",,,I"
"IN011291100","1910-12","21.63","81.7","269.0","SIMGA, IN","0",",I","0",",I","0",",I","0.0",",,I,31,+","0.0",",,,I"
"IN011291100","1911-01","21.63","81.7","269.0","SIMGA, IN","0",",I","0",",I","0",",I","0.0",",,I,31,+","0.0",",,,I"
"IN011291100","1911-02","21.63","81.7","269.0","SIMGA, IN","0",",I","0",",I","0",",I","0.0",",,I,28,+","0.0",",,,I"
"IN011291100","1911-03","21.63","81.7","269.0","SIMGA, IN","1",",I","0",",I","0",",I","1.5",",,I,14,","1.5",",,,I"
"IN011291100","1911-04","21.63","81.7","269.0","SIMGA, IN","0",",I","0",",I","0",",I","0.0",",,I,30,+","0.0",",,,I"
"IN011291100","1911-05","21.63","81.7","269.0","SIMGA, IN","0",",I","0",",I","0",",I","0.0",",,I,31,+","0.0",",,,I"
"IN011291100","1911-06","21.63","81.7","269.0","SIMGA, IN","19",",I","12",",I","3",",I","68.6",",,I,12,","297.6",",,,I"
"IN011291100","1911-07","21.63","81.7","269.0","SIMGA, IN","12",",I","11",",I","4",",I","58.4",",,I,28,","255.8",",,,I"
"IN011291100","1911-08","21.63","81.7","269.0","SIMGA, IN","25",",I","17",",I","7",",I","62.2",",,I,01,","459.9",",,,I"
"IN011291100","1911-09","21.63","81.7","269.0","SIMGA, IN","18",",I","9",",I","1",",I","27.9",",,I,04,","86.3",",,,I"
"IN011291100","1911-10","21.63","81.7","269.0","SIMGA, IN","5",",I","4",",I","3",",I","51.3",",,I,12,","125.3",",,,I"
"IN011291100","1911-11","21.63","81.7","269.0","SIMGA, IN","2",",I","2",",I","0",",I","11.4",",,I,26,","16.7",",,,I"
"IN011291100","1911-12","21.63","81.7","269.0","SIMGA, IN","0",",I","0",",I","0",",I","0.0",",,I,31,+","0.0",",,,I"
"IN011291100","1912-01","21.63","81.7","269.0","SIMGA, IN","0",",I","0",",I","0",",I","0.0",",,I,31,+","0.0",",,,I"
"IN011291100","1912-02","21.63","81.7","269.0","SIMGA, IN","6",",I","6",",I","1",",I","36.6",",,I,09,","79.2",",,,I"
"IN011291100","1912-03","21.63","81.7","269.0","SIMGA, IN","0",",I","0",",I","0",",I","0.0",",,I,31,+","0.0",",,,I"
"IN011291100","1912-04","21.63","81.7","269.0","SIMGA, IN","5",",I","2",",I","0",",I","7.6",",,I,19,","13.9",",,,I"
"IN011291100","1912-05","21.63","81.7","269.0","SIMGA, IN","3",",I","1",",I","0",",I","3.3",",,I,29,","4.6",",,,I"
"IN011291100","1912-06","21.63","81.7","269.0","SIMGA, IN","7",",I","3",",I","1",",I","56.4",",,I,30,","73.3",",,,I"
"IN011291100","1912-07","21.63","81.7","269.0","SIMGA, IN","26",",I","21",",I","6",",I","91.9",",,I,29,","499.0",",,,I"
"IN011291100","1912-08","21.63","81.7","269.0","SIMGA, IN","17",",I","14",",I","4",",I","65.3",",,I,15,","343.6",",,,I"
"IN011291100","1912-09","21.63","81.7","269.0","SIMGA, IN","8",",I","6",",I","2",",I","50.8",",,I,04,","140.0",",,,I"
"IN011291100","1912-10","21.63","81.7","269.0","SIMGA, IN","0",",I","0",",I","0",",I","0.0",",,I,31,+","0.0",",,,I"
"IN011291100","1912-11","21.63","81.7","269.0","SIMGA, IN","1",",I","1",",I","0",",I","3.0",",,I,23,","3.0",",,,I"
"IN011291100","1912-12","21.63","81.7","269.0","SIMGA, IN","0",",I","0",",I","0",",I","0.0",",,I,31,+","0.0",",,,I"
"IN011291100","1913-01","21.63","81.7","269.0","SIMGA, IN","0",",I","0",",I","0",",I","0.0",",,I,31,+","0.0",",,,I"
"IN011291100","1913-02","21.63","81.7","269.0","SIMGA, IN","7",",I","5",",I","0",",I","15.2",",,I,12,","50.5",",,,I"
"IN011291100","1913-03","21.63","81.7","269.0","SIMGA, IN","3",",I","3",",I","0",",I","12.2",",,I,04,","26.9",",,,I"
"IN011291100","1913-04","21.63","81.7","269.0","SIMGA, IN","0",",I","0",",I","0",",I","0.0",",,I,30,+","0.0",",,,I"
"IN011291100","1913-05","21.63","81.7","269.0","SIMGA, IN","5",",I","3",",I","1",",I","35.1",",,I,16,","46.9",",,,I"
"IN011291100","1913-06","21.63","81.7","269.0","SIMGA, IN","15",",I","11",",I","3",",I","68.6",",,I,27,","219.8",",,,I"
"IN011291100","1913-07","21.63","81.7","269.0","SIMGA, IN","21",",I","16",",I","3",",I","72.6",",,I,26,","288.8",",,,I"
"IN011291100","1913-08","21.63","81.7","269.0","SIMGA, IN","17",",I","13",",I","2",",I","90.2",",,I,02,","253.4",",,,I"
"IN011291100","1913-09","21.63","81.7","269.0","SIMGA, IN","8",",I","7",",I","3",",I","40.1",",,I,10,","125.8",",,,I"
"IN011291100","1913-10","21.63","81.7","269.0","SIMGA, IN","1",",I","1",",I","0",",I","7.4",",,I,12,","7.4",",,,I"
"IN011291100","1913-11","21.63","81.7","269.0","SIMGA, IN","2",",I","1",",I","0",",I","6.4",",,I,19,","7.2",",,,I"
"IN011291100","1913-12","21.63","81.7","269.0","SIMGA, IN","1",",I","1",",I","0",",I","20.3",",,I,06,","20.3",",,,I"
"IN011291100","1914-01","21.63","81.7","269.0","SIMGA, IN","0",",I","0",",I","0",",I","0.0",",,I,31,+","0.0",",,,I"
"IN011291100","1914-02","21.63","81.7","269.0","SIMGA, IN","0",",I","0",",I","0",",I","0.0",",,I,28,+","0.0",",,,I"
"IN011291100","1914-03","21.63","81.7","269.0","SIMGA, IN","3",",I","3",",I","0",",I","7.9",",,I,08,","18.8",",,,I"
"IN011291100","1914-04","21.63","81.7","269.0","SIMGA, IN","9",",I","9",",I","1",",I","25.4",",,I,19,","85.5",",,,I"
"IN011291100","1914-05","21.63","81.7","269.0","SIMGA, IN","1",",I","1",",I","0",",I","17.8",",,I,08,","17.8",",,,I"
"IN011291100","1914-06","21.63","81.7","269.0","SIMGA, IN","8",",I","6",",I","0",",I","20.3",",,I,25,","73.9",",,,I"
"IN011291100","1914-07","21.63","81.7","269.0","SIMGA, IN","24",",I","22",",I","6",",I","47.0",",,I,24,","415.0",",,,I"
"IN011291100","1914-08","21.63","81.7","269.0","SIMGA, IN","15",",I","13",",I","5",",I","74.9",",,I,02,","351.9",",,,I"
"IN011291100","1914-09","21.63","81.7","269.0","SIMGA, IN","13",",I","11",",I","4",",I","42.4",",,I,05,","214.5",",,,I"
"IN011291100","1914-10","21.63","81.7","269.0","SIMGA, IN","0",",I","0",",I","0",",I","0.0",",,I,31,+","0.0",",,,I"
"IN011291100","1914-11","21.63","81.7","269.0","SIMGA, IN","0",",I","0",",I","0",",I","0.0",",,I,30,+","0.0",",,,I"
"IN011291100","1914-12","21.63","81.7","269.0","SIMGA, IN","0",",I","0",",I","0",",I","0.0",",,I,31,+","0.0",",,,I"
"IN011291100","1915-01","21.63","81.7","269.0","SIMGA, IN","3",",I","3",",I","1",",I","33.8",",,I,18,","62.0",",,,I"
"IN011291100","1915-02","21.63","81.7","269.0","SIMGA, IN","2",",I","2",",I","0",",I","10.2",",,I,06,","12.7",",,,I"
"IN011291100","1915-03","21.63","81.7","269.0","SIMGA, IN","1",",I","0",",I","0",",I","1.3",",,I,17,","1.3",",,,I"
"IN011291100","1915-04","21.63","81.7","269.0","SIMGA, IN","0",",I","0",",I","0",",I","0.0",",,I,30,+","0.0",",,,I"
"IN011291100","1915-05","21.63","81.7","269.0","SIMGA, IN","2",",I","0",",I","0",",I","2.3",",,I,15,","3.6",",,,I"
"IN011291100","1915-06","21.63","81.7","269.0","SIMGA, IN","5",",I","5",",I","1",",I","26.4",",,I,27,","81.6",",,,I"
"IN011291100","1915-07","21.63","81.7","269.0","SIMGA, IN","11",",I","11",",I","4",",I","41.9",",,I,04,","240.5",",,,I"
"IN011291100","1915-08","21.63","81.7","269.0","SIMGA, IN","14",",I","13",",I","5",",I","129.3",",,I,29,","469.3",",,,I"
"IN011291100","1915-09","21.63","81.7","269.0","SIMGA, IN","16","1,I","14","1,I","6","1,I","77.5","1,,I,21,","354.5","1,,,I"
"IN011291100","1915-10","21.63","81.7","269.0","SIMGA, IN","2",",I","2",",I","0",",I","14.5",",,I,11,","17.5",",,,I"
"IN011291100","1915-11","21.63","81.7","269.0","SIMGA, IN","1",",I","1",",I","0",",I","13.0",",,I,20,","13.0",",,,I"
"IN011291100","1915-12","21.63","81.7","269.0","SIMGA, IN","0",",I","0",",I","0",",I","0.0",",,I,31,+","0.0",",,,I"
"IN011291100","1916-01","21.63","81.7","269.0","SIMGA, IN","0",",I","0",",I","0",",I","0.0",",,I,31,+","0.0",",,,I"
"IN011291100","1916-02","21.63","81.7","269.0","SIMGA, IN","1",",I","1",",I","0",",I","24.4",",,I,17,","24.4",",,,I"
"IN011291100","1916-03","21.63","81.7","269.0","SIMGA, IN","0",",I","0",",I","0",",I","0.0",",,I,31,+","0.0",",,,I"
"IN011291100","1916-04","21.63","81.7","269.0","SIMGA, IN","1",",I","0",",I","0",",I","0.5",",,I,20,","0.5",",,,I"
"IN011291100","1916-05","21.63","81.7","269.0","SIMGA, IN","1",",I","1",",I","0",",I","8.9",",,I,31,","8.9",",,,I"
"IN011291100","1916-06","21.63","81.7","269.0","SIMGA, IN","14",",I","11",",I","1",",I","89.9",",,I,15,","196.5",",,,I"
"IN011291100","1916-07","21.63","81.7","269.0","SIMGA, IN","22",",I","16",",I","3",",I","33.8",",,I,10,","230.3",",,,I"
"IN011291100","1916-08","21.63","81.7","269.0","SIMGA, IN","24",",I","20",",I","5",",I","76.7",",,I,07,","416.5",",,,I"
"IN011291100","1916-09","21.63","81.7","269.0","SIMGA, IN","10",",I","5",",I","1",",I","42.2",",,I,24,","83.9",",,,I"
"IN011291100","1916-10","21.63","81.7","269.0","SIMGA, IN","8",",I","8",",I","2",",I","33.5",",,I,31,","105.6",",,,I"
"IN011291100","1916-11","21.63","81.7","269.0","SIMGA, IN","1",",I","1",",I","0",",I","11.4",",,I,05,","11.4",",,,I"
"IN011291100","1916-12","21.63","81.7","269.0","SIMGA, IN","0",",I","0",",I","0",",I","0.0",",,I,31,+","0.0",",,,I"
"IN011291100","1917-01","21.63","81.7","269.0","SIMGA, IN","0",",I","0",",I","0",",I","0.0",",,I,31,+","0.0",",,,I"
"IN011291100","1917-02","21.63","81.7","269.0","SIMGA, IN","2",",I","2",",I","0",",I","19.6",",,I,04,","35.6",",,,I"
"IN011291100","1917-03","21.63","81.7","269.0","SIMGA, IN","3",",I","2",",I","0",",I","7.6",",,I,23,","15.0",",,,I"
"IN011291100","1917-04","21.63","81.7","269.0","SIMGA, IN","0",",I","0",",I","0",",I","0.0",",,I,30,+","0.0",",,,I"
"IN011291100","1917-05","21.63","81.7","269.0","SIMGA, IN","1",",I","0",",I","0",",I","0.8",",,I,07,","0.8",",,,I"
"IN011291100","1917-06","21.63","81.7","269.0","SIMGA, IN","12",",I","10",",I","4",",I","56.1",",,I,14,","242.3",",,,I"
"IN011291100","1917-07","21.63","81.7","269.0","SIMGA, IN","17",",I","15",",I","4",",I","55.6",",,I,13,","249.0",",,,I"
"IN011291100","1917-08","21.63","81.7","269.0","SIMGA, IN","16",",I","14",",I","6",",I","74.9",",,I,23,","334.5",",,,I"
"IN011291100","1917-09","21.63","81.7","269.0","SIMGA, IN","16",",I","12",",I","4",",I","35.3",",,I,02,","258.4",",,,I"
"IN011291100","1917-10","21.63","81.7","269.0","SIMGA, IN","7",",I","7",",I","1",",I","33.0",",,I,03,","108.9",",,,I"
"IN011291100","1917-11","21.63","81.7","269.0","SIMGA, IN","0",",I","0",",I","0",",I","0.0",",,I,30,+","0.0",",,,I"
"IN011291100","1917-12","21.63","81.7","269.0","SIMGA, IN","0",",I","0",",I","0",",I","0.0",",,I,31,+","0.0",",,,I"
"IN011291100","1918-01","21.63","81.7","269.0","SIMGA, IN","3",",I","3",",I","0",",I","8.9",",,I,25,","22.1",",,,I"
"IN011291100","1918-02","21.63","81.7","269.0","SIMGA, IN","2",",I","1",",I","0",",I","3.0",",,I,24,","4.8",",,,I"
"IN011291100","1918-03","21.63","81.7","269.0","SIMGA, IN","1",",I","1",",I","0",",I","9.9",",,I,18,","9.9",",,,I"
"IN011291100","1918-04","21.63","81.7","269.0","SIMGA, IN","0",",I","0",",I","0",",I","0.0",",,I,30,+","0.0",",,,I"
"IN011291100","1918-05","21.63","81.7","269.0","SIMGA, IN","2",",I","2",",I","2",",I","53.3",",,I,27,","88.9",",,,I"
"IN011291100","1918-08","21.63","81.7","269.0","SIMGA, IN","24",",I","23",",I","7",",I","62.7",",,I,06,","466.5",",,,I"
"IN011291100","1918-09","21.63","81.7","269.0","SIMGA, IN","10",",I","8",",I","0",",I","20.3",",,I,04,","97.5",",,,I"
"IN011291100","1918-10","21.63","81.7","269.0","SIMGA, IN","1",",I","0",",I","0",",I","2.3",",,I,04,","2.3",",,,I"
"IN011291100","1918-11","21.63","81.7","269.0","SIMGA, IN","1",",I","1",",I","0",",I","7.1",",,I,30,","7.1",",,,I"
"IN011291100","1919-01","21.63","81.7","269.0","SIMGA, IN","6",",I","4",",I","0",",I","18.3",",,I,28,","50.1",",,,I"
"IN011291100","1919-02","21.63","81.7","269.0","SIMGA, IN","7",",I","6",",I","1",",I","28.4",",,I,11,","55.6",",,,I"
"IN011291100","1919-03","21.63","81.7","269.0","SIMGA, IN","4",",I","4",",I","0",",I","13.2",",,I,23,","35.0",",,,I"
"IN011291100","1919-04","21.63","81.7","269.0","SIMGA, IN","0",",I","0",",I","0",",I","0.0",",,I,30,+","0.0",",,,I"
"IN011291100","1919-05","21.63","81.7","269.0","SIMGA, IN","4",",I","3",",I","0",",I","15.2",",,I,06,","25.4",",,,I"
"IN011291100","1919-06","21.63","81.7","269.0","SIMGA, IN","15",",I","13",",I","6",",I","63.0",",,I,12,","308.7",",,,I"
"IN011291100","1919-07","21.63","81.7","269.0","SIMGA, IN","17",",I","17",",I","4",",I","111.8",",,I,08,","384.5",",,,I"
"IN011291100","1919-08","21.63","81.7","269.0","SIMGA, IN","26",",I","22",",I","8",",I","141.5",",,I,18,","621.2",",,,I"
"IN011291100","1919-09","21.63","81.7","269.0","SIMGA, IN","7",",I","6",",I","2",",I","45.7",",,I,04,","131.2",",,,I"
"IN011291100","1919-10","21.63","81.7","269.0","SIMGA, IN","8",",I","6",",I","0",",I","20.1",",,I,23,","66.4",",,,I"
"IN011291100","1919-11","21.63","81.7","269.0","SIMGA, IN","1",",I","0",",I","0",",I","1.3",",,I,12,","1.3",",,,I"
"IN011291100","1919-12","21.63","81.7","269.0","SIMGA, IN","0",",I","0",",I","0",",I","0.0",",,I,31,+","0.0",",,,I"
"IN011291100","1920-01","21.63","81.7","269.0","SIMGA, IN","0",",I","0",",I","0",",I","0.0",",,I,31,+","0.0",",,,I"
"IN011291100","1920-02","21.63","81.7","269.0","SIMGA, IN","0",",I","0",",I","0",",I","0.0",",,I,29,+","0.0",",,,I"
"IN011291100","1920-03","21.63","81.7","269.0","SIMGA, IN","4",",I","1",",I","0",",I","5.6",",,I,22,","7.5",",,,I"
"IN011291100","1920-04","21.63","81.7","269.0","SIMGA, IN","4",",I","4",",I","0",",I","24.9",",,I,10,","48.4",",,,I"
"IN011291100","1920-05","21.63","81.7","269.0","SIMGA, IN","4",",I","0",",I","0",",I","2.0",",,I,25,","4.4",",,,I"
"IN011291100","1920-06","21.63","81.7","269.0","SIMGA, IN","9",",I","6",",I","0",",I","18.5",",,I,23,","67.0",",,,I"
"IN011291100","1920-07","21.63","81.7","269.0","SIMGA, IN","22",",I","17",",I","6",",I","73.2",",,I,05,","450.5",",,,I"
"IN011291100","1920-08","21.63","81.7","269.0","SIMGA, IN","16",",I","13",",I","6",",I","57.7",",,I,26,","320.0",",,,I"
"IN011291100","1920-09","21.63","81.7","269.0","SIMGA, IN","7",",I","6",",I","1",",I","61.0",",,I,01,","114.8",",,,I"
"IN011291100","1920-10","21.63","81.7","269.0","SIMGA, IN","0",",I","0",",I","0",",I","0.0",",,I,31,+","0.0",",,,I"
"IN011291100","1920-11","21.63","81.7","269.0","SIMGA, IN","0",",I","0",",I","0",",I","0.0",",,I,30,+","0.0",",,,I"
"IN011291100","1920-12","21.63","81.7","269.0","SIMGA, IN","0",",I","0",",I","0",",I","0.0",",,I,31,+","0.0",",,,I"
"IN011291100","1921-01","21.63","81.7","269.0","SIMGA, IN","2",",I","2",",I","1",",I","40.9",",,I,22,","49.0",",,,I"
"IN011291100","1921-02","21.63","81.7","269.0","SIMGA, IN","0",",I","0",",I","0",",I","0.0",",,I,28,+","0.0",",,,I"
"IN011291100","1921-03","21.63","81.7","269.0","SIMGA, IN","0",",I","0",",I","0",",I","0.0",",,I,31,+","0.0",",,,I"
"IN011291100","1921-04","21.63","81.7","269.0","SIMGA, IN","0",",I","0",",I","0",",I","0.0",",,I,30,+","0.0",",,,I"
"IN011291100","1921-05","21.63","81.7","269.0","SIMGA, IN","0",",I","0",",I","0",",I","0.0",",,I,31,+","0.0",",,,I"
"IN011291100","1921-06","21.63","81.7","269.0","SIMGA, IN","15",",I","14",",I","6",",I","82.6",",,I,22,","366.6",",,,I"
"IN011291100","1921-07","21.63","81.7","269.0","SIMGA, IN","16",",I","12",",I","6",",I","50.8",",,I,08,","290.1",",,,I"
"IN011291100","1921-08","21.63","81.7","269.0","SIMGA, IN","22",",I","17",",I","4",",I","70.6",",,I,07,","304.2",",,,I"
"IN011291100","1921-09","21.63","81.7","269.0","SIMGA, IN","10",",I","8",",I","4",",I","84.1",",,I,05,","240.2",",,,I"
"IN011291100","1921-10","21.63","81.7","269.0","SIMGA, IN","0",",I","0",",I","0",",I","0.0",",,I,31,+","0.0",",,,I"
"IN011291100","1921-11","21.63","81.7","269.0","SIMGA, IN","0",",I","0",",I","0",",I","0.0",",,I,30,+","0.0",",,,I"
"IN011291100","1921-12","21.63","81.7","269.0","SIMGA, IN","0",",I","0",",I","0",",I","0.0",",,I,31,+","0.0",",,,I"
"IN011291100","1922-01","21.63","81.7","269.0","SIMGA, IN","2",",I","2",",I","0",",I","23.4",",,I,02,","26.4",",,,I"
"IN011291100","1922-02","21.63","81.7","269.0","SIMGA, IN","0",",I","0",",I","0",",I","0.0",",,I,28,+","0.0",",,,I"
"IN011291100","1922-03","21.63","81.7","269.0","SIMGA, IN","1",",I","1",",I","0",",I","2.5",",,I,31,","2.5",",,,I"
"IN011291100","1922-04","21.63","81.7","269.0","SIMGA, IN","2",",I","0",",I","0",",I","1.8",",,I,08,","3.1",",,,I"
"IN011291100","1922-05","21.63","81.7","269.0","SIMGA, IN","0",",I","0",",I","0",",I","0.0",",,I,31,+","0.0",",,,I"
"IN011291100","1922-06","21.63","81.7","269.0","SIMGA, IN","17",",I","12",",I","6",",I","57.2",",,I,26,","280.5",",,,I"
"IN011291100","1922-07","21.63","81.7","269.0","SIMGA, IN","23",",I","17",",I","2",",I","63.5",",,I,12,","256.1",",,,I"
"IN011291100","1922-08","21.63","81.7","269.0","SIMGA, IN","13",",I","8",",I","1",",I","31.8",",,I,18,","109.1",",,,I"
"IN011291100","1922-09","21.63","81.7","269.0","SIMGA, IN","21",",I","14",",I","2",",I","33.8",",,I,15,","213.8",",,,I"
"IN011291100","1922-10","21.63","81.7","269.0","SIMGA, IN","1",",I","1",",I","0",",I","22.9",",,I,07,","22.9",",,,I"
"IN011291100","1922-11","21.63","81.7","269.0","SIMGA, IN","3",",I","2",",I","0",",I","12.7",",,I,13,","21.1",",,,I"
"IN011291100","1922-12","21.63","81.7","269.0","SIMGA, IN","0",",I","0",",I","0",",I","0.0",",,I,31,+","0.0",",,,I"
"IN011291100","1923-01","21.63","81.7","269.0","SIMGA, IN","1",",I","1",",I","0",",I","3.8",",,I,13,","3.8",",,,I"
"IN011291100","1923-02","21.63","81.7","269.0","SIMGA, IN","3",",I","3",",I","0",",I","21.6",",,I,21,","36.3",",,,I"
"IN011291100","1923-03","21.63","81.7","269.0","SIMGA, IN","1",",I","1",",I","0",",I","12.7",",,I,04,","12.7",",,,I"
"IN011291100","1923-04","21.63","81.7","269.0","SIMGA, IN","0",",I","0",",I","0",",I","0.0",",,I,30,+","0.0",",,,I"
"IN011291100","1923-05","21.63","81.7","269.0","SIMGA, IN","0",",I","0",",I","0",",I","0.0",",,I,31,+","0.0",",,,I"
"IN011291100","1923-06","21.63","81.7","269.0","SIMGA, IN","6",",I","5",",I","2",",I","32.5",",,I,16,","85.7",",,,I"
"IN011291100","1923-07","21.63","81.7","269.0","SIMGA, IN","18",",I","17",",I","5",",I","88.1",",,I,13,","459.8",",,,I"
"IN011291100","1923-08","21.63","81.7","269.0","SIMGA, IN","27",",I","26",",I","6",",I","63.5",",,I,06,","506.5",",,,I"
"IN011291100","1923-09","21.63","81.7","269.0","SIMGA, IN","15",",I","13",",I","2",",I","30.7",",,I,28,","163.9",",,,I"
"IN011291100","1923-10","21.63","81.7","269.0","SIMGA, IN","1",",I","1",",I","0",",I","10.4",",,I,01,","10.4",",,,I"
"IN011291100","1923-11","21.63","81.7","269.0","SIMGA, IN","1",",I","1",",I","0",",I","7.6",",,I,01,","7.6",",,,I"
"IN011291100","1923-12","21.63","81.7","269.0","SIMGA, IN","0",",I","0",",I","0",",I","0.0",",,I,31,+","0.0",",,,I"
"IN011291100","1924-01","21.63","81.7","269.0","SIMGA, IN","2",",I","2",",I","0",",I","14.0",",,I,05,","20.4",",,,I"
"IN011291100","1924-02","21.63","81.7","269.0","SIMGA, IN","0",",I","0",",I","0",",I","0.0",",,I,29,+","0.0",",,,I"
"IN011291100","1924-03","21.63","81.7","269.0","SIMGA, IN","1",",I","1",",I","0",",I","2.5",",,I,28,","2.5",",,,I"
"IN011291100","1924-04","21.63","81.7","269.0","SIMGA, IN","0",",I","0",",I","0",",I","0.0",",,I,30,+","0.0",",,,I"
"IN011291100","1924-05","21.63","81.7","269.0","SIMGA, IN","3",",I","2",",I","0",",I","10.2",",,I,01,","13.2",",,,I"
"IN011291100","1924-06","21.63","81.7","269.0","SIMGA, IN","6",",I","4",",I","0",",I","17.3",",,I,24,","38.6",",,,I"
"IN011291100","1924-07","21.63","81.7","269.0","SIMGA, IN","20",",I","12",",I","2",",I","65.5",",,I,09,","194.8",",,,I"
"IN011291100","1924-08","21.63","81.7","269.0","SIMGA, IN","13",",I","12",",I","2",",I","56.1",",,I,04,","133.2",",,,I"
"IN011291100","1924-09","21.63","81.7","269.0","SIMGA, IN","20",",I","16",",I","4",",I","70.4",",,I,04,","314.9",",,,I"
"IN011291100","1924-10","21.63","81.7","269.0","SIMGA, IN","6",",I","5",",I","0",",I","4.8",",,I,12,","21.1",",,,I"
"IN011291100","1924-11","21.63","81.7","269.0","SIMGA, IN","3",",I","2",",I","1",",I","34.3",",,I,07,","46.8",",,,I"
"IN011291100","1924-12","21.63","81.7","269.0","SIMGA, IN","0",",I","0",",I","0",",I","0.0",",,I,31,+","0.0",",,,I"
"IN011291100","1925-01","21.63","81.7","269.0","SIMGA, IN","0",",I","0",",I","0",",I","0.0",",,I,31,+","0.0",",,,I"
"IN011291100","1925-02","21.63","81.7","269.0","SIMGA, IN","0",",I","0",",I","0",",I","0.0",",,I,28,+","0.0",",,,I"
"IN011291100","1925-03","21.63","81.7","269.0","SIMGA, IN","0",",I","0",",I","0",",I","0.0",",,I,31,+","0.0",",,,I"
"IN011291100","1925-04","21.63","81.7","269.0","SIMGA, IN","2",",I","1",",I","0",",I","11.7",",,I,21,","12.2",",,,I"
"IN011291100","1925-05","21.63","81.7","269.0","SIMGA, IN","7",",I","3",",I","0",",I","18.8",",,I,17,","46.8",",,,I"
"IN011291100","1925-06","21.63","81.7","269.0","SIMGA, IN","13",",I","10",",I","3",",I","76.2",",,I,27,","238.1",",,,I"
"IN011291100","1925-07","21.63","81.7","269.0","SIMGA, IN","22",",I","20",",I","5",",I","74.9",",,I,09,","414.6",",,,I"
"IN011291100","1925-08","21.63","81.7","269.0","SIMGA, IN","20",",I","18",",I","4",",I","40.6",",,I,18,","312.7",",,,I"
"IN011291100","1925-09","21.63","81.7","269.0","SIMGA, IN","10",",I","6",",I","1",",I","64.5",",,I,06,","120.1",",,,I"
"IN011291100","1925-10","21.63","81.7","269.0","SIMGA, IN","1",",I","1",",I","0",",I","23.4",",,I,15,","23.4",",,,I"
"IN011291100","1925-11","21.63","81.7","269.0","SIMGA, IN","3",",I","2",",I","0",",I","22.9",",,I,10,","29.0",",,,I"
"IN011291100","1925-12","21.63","81.7","269.0","SIMGA, IN","0",",I","0",",I","0",",I","0.0",",,I,31,+","0.0",",,,I"
"IN011291100","1926-01","21.63","81.7","269.0","SIMGA, IN","5",",I","3",",I","0",",I","24.9",",,I,05,","40.2",",,,I"
"IN011291100","1926-02","21.63","81.7","269.0","SIMGA, IN","1",",I","0",",I","0",",I","1.8",",,I,16,","1.8",",,,I"
"IN011291100","1926-03","21.63","81.7","269.0","SIMGA, IN","11",",I","9",",I","1",",I","29.2",",,I,14,","124.3",",,,I"
"IN011291100","1926-04","21.63","81.7","269.0","SIMGA, IN","6",",I","6",",I","0",",I","20.6",",,I,07,","57.7",",,,I"
"IN011291100","1926-05","21.63","81.7","269.0","SIMGA, IN","3",",I","1",",I","0",",I","14.0",",,I,12,","16.3",",,,I"
"IN011291100","1926-06","21.63","81.7","269.0","SIMGA, IN","3",",I","3",",I","0",",I","15.2",",,I,16,","30.4",",,,I"
"IN011291100","1926-07","21.63","81.7","269.0","SIMGA, IN","18",",I","16",",I","5",",I","99.1",",,I,13,","409.0",",,,I"
"IN011291100","1926-08","21.63","81.7","269.0","SIMGA, IN","19",",I","18",",I","3",",I","136.4",",,I,17,","395.5",",,,I"
"IN011291100","1926-09","21.63","81.7","269.0","SIMGA, IN","16",",I","13",",I","5",",I","61.0",",,I,17,","254.3",",,,I"
"IN011291100","1926-10","21.63","81.7","269.0","SIMGA, IN","2",",I","2",",I","2",",I","59.9",",,I,04,","96.5",",,,I"
"IN011291100","1926-11","21.63","81.7","269.0","SIMGA, IN","0",",I","0",",I","0",",I","0.0",",,I,30,+","0.0",",,,I"
"IN011291100","1926-12","21.63","81.7","269.0","SIMGA, IN","0",",I","0",",I","0",",I","0.0",",,I,31,+","0.0",",,,I"
"IN011291100","1927-01","21.63","81.7","269.0","SIMGA, IN","0",",I","0",",I","0",",I","0.0",",,I,31,+","0.0",",,,I"
"IN011291100","1927-02","21.63","81.7","269.0","SIMGA, IN","6",",I","6",",I","1",",I","31.8",",,I,27,","87.9",",,,I"
"IN011291100","1927-03","21.63","81.7","269.0","SIMGA, IN","3",",I","1",",I","0",",I","17.3",",,I,04,","20.6",",,,I"
"IN011291100","1927-04","21.63","81.7","269.0","SIMGA, IN","1",",I","1",",I","0",",I","2.8",",,I,25,","2.8",",,,I"
"IN011291100","1927-05","21.63","81.7","269.0","SIMGA, IN","1",",I","1",",I","0",",I","5.6",",,I,17,","5.6",",,,I"
"IN011291100","1927-06","21.63","81.7","269.0","SIMGA, IN","15",",I","11",",I","4",",I","43.4",",,I,23,","210.0",",,,I"
"IN011291100","1927-07","21.63","81.7","269.0","SIMGA, IN","18",",I","15",",I","5",",I","162.6",",,I,24,","607.8",",,,I"
"IN011291100","1927-08","21.63","81.7","269.0","SIMGA, IN","22",",I","18",",I","6",",I","92.5",",,I,24,","512.9",",,,I"
"IN011291100","1927-09","21.63","81.7","269.0","SIMGA, IN","7",",I","7",",I","1",",I","62.2",",,I,28,","142.8",",,,I"
"IN011291100","1927-10","21.63","81.7","269.0","SIMGA, IN","4",",I","4",",I","1",",I","27.9",",,I,05,","42.1",",,,I"
"IN011291100","1927-11","21.63","81.7","269.0","SIMGA, IN","4",",I","4",",I","0",",I","7.6",",,I,13,","23.6",",,,I"
"IN011291100","1927-12","21.63","81.7","269.0","SIMGA, IN","0",",I","0",",I","0",",I","0.0",",,I,31,+","0.0",",,,I"
"IN011291100","1928-01","21.63","81.7","269.0","SIMGA, IN","0",",I","0",",I","0",",I","0.0",",,I,31,+","0.0",",,,I"
"IN011291100","1928-02","21.63","81.7","269.0","SIMGA, IN","3",",I","2",",I","0",",I","11.4",",,I,04,","17.8",",,,I"
"IN011291100","1928-03","21.63","81.7","269.0","SIMGA, IN","2",",I","2",",I","0",",I","3.0",",,I,22,","5.5",",,,I"
"IN011291100","1928-04","21.63","81.7","269.0","SIMGA, IN","0",",I","0",",I","0",",I","0.0",",,I,30,+","0.0",",,,I"
"IN011291100","1928-05","21.63","81.7","269.0","SIMGA, IN","0",",I","0",",I","0",",I","0.0",",,I,31,+","0.0",",,,I"
"IN011291100","1928-06","21.63","81.7","269.0","SIMGA, IN","15",",I","14",",I","1",",I","64.8",",,I,29,","207.3",",,,I"
"IN011291100","1928-07","21.63","81.7","269.0","SIMGA, IN","13",",I","10",",I","6",",I","81.3",",,I,15,","341.5",",,,I"
"IN011291100","1928-08","21.63","81.7","269.0","SIMGA, IN","12",",I","12",",I","4",",I","62.2",",,I,19,","239.0",",,,I"
"IN011291100","1928-09","21.63","81.7","269.0","SIMGA, IN","9",",I","7",",I","0",",I","22.9",",,I,26,","69.3",",,,I"
"IN011291100","1928-10","21.63","81.7","269.0","SIMGA, IN","4",",I","4",",I","2",",I","105.2",",,I,03,","155.5",",,,I"
"IN011291100","1928-11","21.63","81.7","269.0","SIMGA, IN","0",",I","0",",I","0",",I","0.0",",,I,30,+","0.0",",,,I"
"IN011291100","1928-12","21.63","81.7","269.0","SIMGA, IN","0",",I","0",",I","0",",I","0.0",",,I,31,+","0.0",",,,I"
"IN011291100","1929-01","21.63","81.7","269.0","SIMGA, IN","2",",I","2",",I","0",",I","21.8",",,I,10,","31.7",",,,I"
"IN011291100","1929-02","21.63","81.7","269.0","SIMGA, IN","0",",I","0",",I","0",",I","0.0",",,I,28,+","0.0",",,,I"
"IN011291100","1929-03","21.63","81.7","269.0","SIMGA, IN","0",",I","0",",I","0",",I","0.0",",,I,31,+","0.0",",,,I"
"IN011291100","1929-04","21.63","81.7","269.0","SIMGA, IN","2",",I","2",",I","0",",I","20.8",",,I,19,","23.3",",,,I"
"IN011291100","1929-05","21.63","81.7","269.0","SIMGA, IN","0",",I","0",",I","0",",I","0.0",",,I,31,+","0.0",",,,I"
"IN011291100","1929-06","21.63","81.7","269.0","SIMGA, IN","12",",I","11",",I","1",",I","32.3",",,I,21,","141.5",",,,I"
"IN011291100","1929-07","21.63","81.7","269.0","SIMGA, IN","23",",I","20",",I","9",",I","98.6",",,I,11,","689.0",",,,I"
"IN011291100","1929-08","21.63","81.7","269.0","SIMGA, IN","22",",I","19",",I","3",",I","48.8",",,I,25,","302.1",",,,I"
"IN011291100","1929-09","21.63","81.7","269.0","SIMGA, IN","7",",I","7",",I","2",",I","78.0",",,I,29,","143.4",",,,I"
"IN011291100","1929-10","21.63","81.7","269.0","SIMGA, IN","4",",I","4",",I","0",",I","10.2",",,I,17,","30.8",",,,I"
"IN011291100","1929-11","21.63","81.7","269.0","SIMGA, IN","0",",I","0",",I","0",",I","0.0",",,I,30,+","0.0",",,,I"
"IN011291100","1929-12","21.63","81.7","269.0","SIMGA, IN","0",",I","0",",I","0",",I","0.0",",,I,31,+","0.0",",,,I"
"IN011291100","1930-01","21.63","81.7","269.0","SIMGA, IN","0",",I","0",",I","0",",I","0.0",",,I,31,+","0.0",",,,I"
"IN011291100","1930-02","21.63","81.7","269.0","SIMGA, IN","0",",I","0",",I","0",",I","0.0",",,I,28,+","0.0",",,,I"
"IN011291100","1930-03","21.63","81.7","269.0","SIMGA, IN","0",",I","0",",I","0",",I","0.0",",,I,31,+","0.0",",,,I"
"IN011291100","1930-04","21.63","81.7","269.0","SIMGA, IN","4",",I","4",",I","0",",I","23.1",",,I,03,","62.2",",,,I"
"IN011291100","1930-05","21.63","81.7","269.0","SIMGA, IN","0",",I","0",",I","0",",I","0.0",",,I,31,+","0.0",",,,I"
"IN011291100","1930-06","21.63","81.7","269.0","SIMGA, IN","10",",I","9",",I","0",",I","21.1",",,I,21,","116.8",",,,I"
"IN011291100","1930-07","21.63","81.7","269.0","SIMGA, IN","17",",I","16",",I","6",",I","83.1",",,I,31,","459.6",",,,I"
"IN011291100","1930-08","21.63","81.7","269.0","SIMGA, IN","12",",I","11",",I","4",",I","87.6",",,I,20,","301.5",",,,I"
"IN011291100","1930-09","21.63","81.7","269.0","SIMGA, IN","13",",I","12",",I","0",",I","21.3",",,I,09,","130.4",",,,I"
"IN011291100","1930-10","21.63","81.7","269.0","SIMGA, IN","2",",I","2",",I","1",",I","72.1",",,I,02,","74.9",",,,I"
"IN011291100","1930-11","21.63","81.7","269.0","SIMGA, IN","5",",I","4",",I","1",",I","62.2",",,I,02,","108.9",",,,I"
"IN011291100","1930-12","21.63","81.7","269.0","SIMGA, IN","1",",I","1",",I","0",",I","6.9",",,I,31,","6.9",",,,I"
"IN011291100","1931-01","21.63","81.7","269.0","SIMGA, IN","1",",I","1",",I","0",",I","11.2",",,I,31,","11.2",",,,I"
"IN011291100","1931-02","21.63","81.7","269.0","SIMGA, IN","3",",I","3",",I","1",",I","26.7",",,I,17,","42.2",",,,I"
"IN011291100","1931-03","21.63","81.7","269.0","SIMGA, IN","0",",I","0",",I","0",",I","0.0",",,I,31,+","0.0",",,,I"
"IN011291100","1931-04","21.63","81.7","269.0","SIMGA, IN","0",",I","0",",I","0",",I","0.0",",,I,30,+","0.0",",,,I"
"IN011291100","1931-05","21.63","81.7","269.0","SIMGA, IN","0",",I","0",",I","0",",I","0.0",",,I,31,+","0.0",",,,I"
"IN011291100","1931-06","21.63","81.7","269.0","SIMGA, IN","6",",I","5",",I","0",",I","24.1",",,I,15,","64.7",",,,I"
"IN011291100","1931-07","21.63","81.7","269.0","SIMGA, IN","14",",I","13",",I","2",",I","106.7",",,I,29,","231.8",",,,I"
"IN011291100","1931-08","21.63","81.7","269.0","SIMGA, IN","15",",I","15",",I","9",",I","77.2",",,I,27,","451.4",",,,I"
"IN011291100","1931-09","21.63","81.7","269.0","SIMGA, IN","9",",I","9",",I","3",",I","56.9",",,I,04,","171.6",",,,I"
"IN011291100","1931-10","21.63","81.7","269.0","SIMGA, IN","8",",I","8",",I","1",",I","41.1",",,I,07,","133.9",",,,I"
"IN011291100","1931-11","21.63","81.7","269.0","SIMGA, IN","3",",I","3",",I","1",",I","29.2",",,I,05,","64.7",",,,I"
"IN011291100","1931-12","21.63","81.7","269.0","SIMGA, IN","0",",I","0",",I","0",",I","0.0",",,I,31,+","0.0",",,,I"
"IN011291100","1932-01","21.63","81.7","269.0","SIMGA, IN","0",",I","0",",I","0",",I","0.0",",,I,31,+","0.0",",,,I"
"IN011291100","1932-02","21.63","81.7","269.0","SIMGA, IN","2",",I","2",",I","0",",I","10.2",",,I,19,","14.0",",,,I"
"IN011291100","1932-03","21.63","81.7","269.0","SIMGA, IN","0",",I","0",",I","0",",I","0.0",",,I,31,+","0.0",",,,I"
"IN011291100","1932-04","21.63","81.7","269.0","SIMGA, IN","1",",I","1",",I","0",",I","8.9",",,I,02,","8.9",",,,I"
"IN011291100","1932-05","21.63","81.7","269.0","SIMGA, IN","1",",I","1",",I","0",",I","16.3",",,I,17,","16.3",",,,I"
"IN011291100","1932-06","21.63","81.7","269.0","SIMGA, IN","8",",I","8",",I","3",",I","94.5",",,I,30,","224.8",",,,I"
"IN011291100","1932-07","21.63","81.7","269.0","SIMGA, IN","17",",I","17",",I","9",",I","111.0",",,I,11,","470.7",",,,I"
"IN011291100","1932-08","21.63","81.7","269.0","SIMGA, IN","16",",I","14",",I","3",",I","31.8",",,I,16,","214.7",",,,I"
"IN011291100","1932-09","21.63","81.7","269.0","SIMGA, IN","13",",I","10",",I","5",",I","125.0",",,I,22,","402.0",",,,I"
"IN011291100","1932-10","21.63","81.7","269.0","SIMGA, IN","2",",I","2",",I","1",",I","28.4",",,I,18,","42.4",",,,I"
"IN011291100","1932-11","21.63","81.7","269.0","SIMGA, IN","2",",I","2",",I","1",",I","26.7",",,I,02,","38.9",",,,I"
"IN011291100","1932-12","21.63","81.7","269.0","SIMGA, IN","0",",I","0",",I","0",",I","0.0",",,I,31,+","0.0",",,,I"
"IN011291100","1933-01","21.63","81.7","269.0","SIMGA, IN","1",",I","1",",I","0",",I","5.8",",,I,25,","5.8",",,,I"
"IN011291100","1933-02","21.63","81.7","269.0","SIMGA, IN","8",",I","7",",I","1",",I","94.0",",,I,20,","133.7",",,,I"
"IN011291100","1933-03","21.63","81.7","269.0","SIMGA, IN","1",",I","1",",I","0",",I","6.4",",,I,03,","6.4",",,,I"
"IN011291100","1933-04","21.63","81.7","269.0","SIMGA, IN","3",",I","3",",I","0",",I","5.8",",,I,29,","14.7",",,,I"
"IN011291100","1933-05","21.63","81.7","269.0","SIMGA, IN","4",",I","4",",I","1",",I","53.3",",,I,09,","81.5",",,,I"
"IN011291100","1933-06","21.63","81.7","269.0","SIMGA, IN","16",",I","11",",I","3",",I","78.2",",,I,18,","204.2",",,,I"
"IN011291100","1933-07","21.63","81.7","269.0","SIMGA, IN","18",",I","17",",I","4",",I","93.5",",,I,18,","340.9",",,,I"
"IN011291100","1933-08","21.63","81.7","269.0","SIMGA, IN","13",",I","12",",I","5",",I","118.4",",,I,09,","400.1",",,,I"
"IN011291100","1933-09","21.63","81.7","269.0","SIMGA, IN","10",",I","9",",I","4",",I","64.0",",,I,22,","235.3",",,,I"
"IN011291100","1933-10","21.63","81.7","269.0","SIMGA, IN","1",",I","1",",I","0",",I","14.7",",,I,18,","14.7",",,,I"
"IN011291100","1933-11","21.63","81.7","269.0","SIMGA, IN","1",",I","0",",I","0",",I","1.3",",,I,22,","1.3",",,,I"
"IN011291100","1933-12","21.63","81.7","269.0","SIMGA, IN","0",",I","0",",I","0",",I","0.0",",,I,31,+","0.0",",,,I"
"IN011291100","1934-01","21.63","81.7","269.0","SIMGA, IN","0",",I","0",",I","0",",I","0.0",",,I,31,+","0.0",",,,I"
"IN011291100","1934-02","21.63","81.7","269.0","SIMGA, IN","0",",I","0",",I","0",",I","0.0",",,I,28,+","0.0",",,,I"
"IN011291100","1934-03","21.63","81.7","269.0","SIMGA, IN","0",",I","0",",I","0",",I","0.0",",,I,31,+","0.0",",,,I"
"IN011291100","1934-04","21.63","81.7","269.0","SIMGA, IN","0",",I","0",",I","0",",I","0.0",",,I,30,+","0.0",",,,I"
"IN011291100","1934-05","21.63","81.7","269.0","SIMGA, IN","0",",I","0",",I","0",",I","0.0",",,I,31,+","0.0",",,,I"
"IN011291100","1934-06","21.63","81.7","269.0","SIMGA, IN","11",",I","9",",I","7",",I","99.3",",,I,23,","420.6",",,,I"
"IN011291100","1934-07","21.63","81.7","269.0","SIMGA, IN","18",",I","15",",I","5",",I","66.5",",,I,09,","354.6",",,,I"
"IN011291100","1934-08","21.63","81.7","269.0","SIMGA, IN","12",",I","11",",I","5",",I","68.6",",,I,12,","285.2",",,,I"
"IN011291100","1934-09","21.63","81.7","269.0","SIMGA, IN","10",",I","10",",I","3",",I","103.4",",,I,22,","341.3",",,,I"
"IN011291100","1934-10","21.63","81.7","269.0","SIMGA, IN","3",",I","3",",I","2",",I","52.1",",,I,01,","98.0",",,,I"
"IN011291100","1934-11","21.63","81.7","269.0","SIMGA, IN","3",",I","3",",I","0",",I","18.8",",,I,06,","31.8",",,,I"
"IN011291100","1934-12","21.63","81.7","269.0","SIMGA, IN","0",",I","0",",I","0",",I","0.0",",,I,31,+","0.0",",,,I"
"IN011291100","1935-01","21.63","81.7","269.0","SIMGA, IN","1",",I","1",",I","0",",I","3.0",",,I,31,","3.0",",,,I"
"IN011291100","1935-02","21.63","81.7","269.0","SIMGA, IN","2",",I","1",",I","0",",I","18.3",",,I,05,","19.8",",,,I"
"IN011291100","1935-03","21.63","81.7","269.0","SIMGA, IN","0",",I","0",",I","0",",I","0.0",",,I,31,+","0.0",",,,I"
"IN011291100","1935-04","21.63","81.7","269.0","SIMGA, IN","3",",I","3",",I","0",",I","19.1",",,I,01,","27.7",",,,I"
"IN011291100","1935-05","21.63","81.7","269.0","SIMGA, IN","0",",I","0",",I","0",",I","0.0",",,I,31,+","0.0",",,,I"
"IN011291100","1935-06","21.63","81.7","269.0","SIMGA, IN","7",",I","6",",I","3",",I","49.8",",,I,26,","177.8",",,,I"
"IN011291100","1935-07","21.63","81.7","269.0","SIMGA, IN","16",",I","13",",I","3",",I","50.0",",,I,07,","246.7",",,,I"
"IN011291100","1935-08","21.63","81.7","269.0","SIMGA, IN","12",",I","12",",I","3",",I","38.6",",,I,04,","190.8",",,,I"
"IN011291100","1935-09","21.63","81.7","269.0","SIMGA, IN","8",",I","8",",I","2",",I","57.2",",,I,06,","188.8",",,,I"
"IN011291100","1935-10","21.63","81.7","269.0","SIMGA, IN","0",",I","0",",I","0",",I","0.0",",,I,31,+","0.0",",,,I"
"IN011291100","1935-11","21.63","81.7","269.0","SIMGA, IN","0",",I","0",",I","0",",I","0.0",",,I,30,+","0.0",",,,I"
"IN011291100","1935-12","21.63","81.7","269.0","SIMGA, IN","0",",I","0",",I","0",",I","0.0",",,I,31,+","0.0",",,,I"
"IN011291100","1936-01","21.63","81.7","269.0","SIMGA, IN","2",",I","2",",I","0",",I","22.4",",,I,31,","27.2",",,,I"
"IN011291100","1936-02","21.63","81.7","269.0","SIMGA, IN","2",",I","1",",I","1",",I","31.8",",,I,06,","33.6",",,,I"
"IN011291100","1936-03","21.63","81.7","269.0","SIMGA, IN","0",",I","0",",I","0",",I","0.0",",,I,31,+","0.0",",,,I"
"IN011291100","1936-04","21.63","81.7","269.0","SIMGA, IN","0",",I","0",",I","0",",I","0.0",",,I,30,+","0.0",",,,I"
"IN011291100","1936-05","21.63","81.7","269.0","SIMGA, IN","0",",I","0",",I","0",",I","0.0",",,I,31,+","0.0",",,,I"
"IN011291100","1936-06","21.63","81.7","269.0","SIMGA, IN","16",",I","14",",I","5",",I","79.5",",,I,15,","355.0",",,,I"
"IN011291100","1936-07","21.63","81.7","269.0","SIMGA, IN","20",",I","18",",I","7",",I","78.7",",,I,17,","452.9",",,,I"
"IN011291100","1936-08","21.63","81.7","269.0","SIMGA, IN","23",",I","20",",I","6",",I","90.2",",,I,14,","498.5",",,,I"
"IN011291100","1936-09","21.63","81.7","269.0","SIMGA, IN","8",",I","8",",I","3",",I","119.4",",,I,06,","259.4",",,,I"
"IN011291100","1936-10","21.63","81.7","269.0","SIMGA, IN","2",",I","1",",I","0",",I","13.2",",,I,29,","14.2",",,,I"
"IN011291100","1936-11","21.63","81.7","269.0","SIMGA, IN","0",",I","0",",I","0",",I","0.0",",,I,30,+","0.0",",,,I"
"IN011291100","1936-12","21.63","81.7","269.0","SIMGA, IN","0",",I","0",",I","0",",I","0.0",",,I,31,+","0.0",",,,I"
"IN011291100","1937-01","21.63","81.7","269.0","SIMGA, IN","0",",I","0",",I","0",",I","0.0",",,I,31,+","0.0",",,,I"
"IN011291100","1937-02","21.63","81.7","269.0","SIMGA, IN","0",",I","0",",I","0",",I","0.0",",,I,28,+","0.0",",,,I"
"IN011291100","1937-03","21.63","81.7","269.0","SIMGA, IN","0",",I","0",",I","0",",I","0.0",",,I,31,+","0.0",",,,I"
"IN011291100","1937-04","21.63","81.7","269.0","SIMGA, IN","0",",I","0",",I","0",",I","0.0",",,I,30,+","0.0",",,,I"
"IN011291100","1937-05","21.63","81.7","269.0","SIMGA, IN","0",",I","0",",I","0",",I","0.0",",,I,31,+","0.0",",,,I"
"IN011291100","1937-06","21.63","81.7","269.0","SIMGA, IN","5",",I","5",",I","3",",I","86.4",",,I,28,","258.6",",,,I"
"IN011291100","1937-07","21.63","81.7","269.0","SIMGA, IN","16",",I","15",",I","6",",I","88.9",",,I,24,","441.3",",,,I"
"IN011291100","1937-08","21.63","81.7","269.0","SIMGA, IN","9",",I","7",",I","4",",I","151.1",",,I,23,","327.5",",,,I"
"IN011291100","1937-09","21.63","81.7","269.0","SIMGA, IN","10",",I","6",",I","2",",I","68.1",",,I,03,","171.4",",,,I"
"IN011291100","1937-10","21.63","81.7","269.0","SIMGA, IN","5",",I","3",",I","1",",I","33.8",",,I,04,","57.7",",,,I"
"IN011291100","1937-11","21.63","81.7","269.0","SIMGA, IN","0",",I","0",",I","0",",I","0.0",",,I,30,+","0.0",",,,I"
"IN011291100","1937-12","21.63","81.7","269.0","SIMGA, IN","0",",I","0",",I","0",",I","0.0",",,I,31,+","0.0",",,,I"
"IN011291100","1938-01","21.63","81.7","269.0","SIMGA, IN","0","1,I","0","1,I","0","1,I","0.0","1,,I,31,+","0.0","1,,,I"
"IN011291100","1938-02","21.63","81.7","269.0","SIMGA, IN","1","1,I","1","1,I","0","1,I","19.1","1,,I,07,","19.1","1,,,I"
"IN011291100","1938-03","21.63","81.7","269.0","SIMGA, IN","0","1,I","0","1,I","0","1,I","0.0","1,,I,31,+","0.0","1,,,I"
"IN011291100","1938-04","21.63","81.7","269.0","SIMGA, IN","0","1,I","0","1,I","0","1,I","0.0","1,,I,30,+","0.0","1,,,I"
"IN011291100","1938-05","21.63","81.7","269.0","SIMGA, IN","4","1,I","4","1,I","0","1,I","12.4","1,,I,29,","27.9","1,,,I"
"IN011291100","1938-06","21.63","81.7","269.0","SIMGA, IN","11","1,I","11","1,I","2","1,I","69.3","1,,I,18,","201.7","1,,,I"
"IN011291100","1938-07","21.63","81.7","269.0","SIMGA, IN","15","1,I","15","1,I","5","1,I","53.8","1,,I,09,","283.2","1,,,I"
"IN011291100","1938-08","21.63","81.7","269.0","SIMGA, IN","18","1,I","16","1,I","4","1,I","73.2","1,,I,13,","312.3","1,,,I"
"IN011291100","1938-09","21.63","81.7","269.0","SIMGA, IN","9","1,I","9","1,I","3","1,I","86.4","1,,I,02,","251.5","1,,,I"
"IN011291100","1938-10","21.63","81.7","269.0","SIMGA, IN","4","1,I","3","1,I","0","1,I","20.3","1,,I,10,","38.9","1,,,I"
"IN011291100","1938-11","21.63","81.7","269.0","SIMGA, IN","1","1,I","1","1,I","0","1,I","5.1","1,,I,24,","5.1","1,,,I"
"IN011291100","1938-12","21.63","81.7","269.0","SIMGA, IN","0","1,I","0","1,I","0","1,I","0.0","1,,I,31,+","0.0","1,,,I"
"IN011291100","1939-01","21.63","81.7","269.0","SIMGA, IN","0",",I","0",",I","0",",I","0.0",",,I,31,+","0.0",",,,I"
"IN011291100","1939-02","21.63","81.7","269.0","SIMGA, IN","1",",I","1",",I","0",",I","22.9",",,I,03,","22.9",",,,I"
"IN011291100","1939-03","21.63","81.7","269.0","SIMGA, IN","3",",I","3",",I","0",",I","17.3",",,I,19,","23.9",",,,I"
"IN011291100","1939-04","21.63","81.7","269.0","SIMGA, IN","3",",I","3",",I","0",",I","10.2",",,I,16,","18.3",",,,I"
"IN011291100","1939-05","21.63","81.7","269.0","SIMGA, IN","0",",I","0",",I","0",",I","0.0",",,I,31,+","0.0",",,,I"
"IN011291100","1939-06","21.63","81.7","269.0","SIMGA, IN","10",",I","8",",I","3",",I","50.0",",,I,09,","194.5",",,,I"
"IN011291100","1939-07","21.63","81.7","269.0","SIMGA, IN","15",",I","12",",I","5",",I","71.6",",,I,14,","321.1",",,,I"
"IN011291100","1939-08","21.63","81.7","269.0","SIMGA, IN","16",",I","14",",I","6",",I","113.0",",,I,31,","491.9",",,,I"
"IN011291100","1939-09","21.63","81.7","269.0","SIMGA, IN","7",",I","6",",I","1",",I","50.8",",,I,07,","108.9",",,,I"
"IN011291100","1939-10","21.63","81.7","269.0","SIMGA, IN","3",",I","3",",I","1",",I","38.1",",,I,24,","59.7",",,,I"
"IN011291100","1939-11","21.63","81.7","269.0","SIMGA, IN","0",",I","0",",I","0",",I","0.0",",,I,30,+","0.0",",,,I"
"IN011291100","1939-12","21.63","81.7","269.0","SIMGA, IN","0",",I","0",",I","0",",I","0.0",",,I,31,+","0.0",",,,I"
"IN011291100","1940-01","21.63","81.7","269.0","SIMGA, IN","0",",I","0",",I","0",",I","0.0",",,I,31,+","0.0",",,,I"
"IN011291100","1940-02","21.63","81.7","269.0","SIMGA, IN","1",",I","1",",I","0",",I","16.5",",,I,08,","16.5",",,,I"
"IN011291100","1940-03","21.63","81.7","269.0","SIMGA, IN","2",",I","2",",I","0",",I","20.3",",,I,12,","23.1",",,,I"
"IN011291100","1940-04","21.63","81.7","269.0","SIMGA, IN","0",",I","0",",I","0",",I","0.0",",,I,30,+","0.0",",,,I"
"IN011291100","1940-05","21.63","81.7","269.0","SIMGA, IN","2",",I","1",",I","0",",I","11.4",",,I,18,","13.7",",,,I"
"IN011291100","1940-06","21.63","81.7","269.0","SIMGA, IN","9",",I","9",",I","1",",I","36.8",",,I,25,","122.6",",,,I"
"IN011291100","1940-07","21.63","81.7","269.0","SIMGA, IN","15",",I","14",",I","5",",I","52.1",",,I,09,","313.7",",,,I"
"IN011291100","1940-08","21.63","81.7","269.0","SIMGA, IN","11",",I","10",",I","5",",I","105.4",",,I,23,","341.3",",,,I"
"IN011291100","1940-09","21.63","81.7","269.0","SIMGA, IN","2",",I","1",",I","0",",I","16.5",",,I,03,","18.5",",,,I"
"IN011291100","1940-10","21.63","81.7","269.0","SIMGA, IN","4",",I","4",",I","2",",I","42.7",",,I,16,","86.4",",,,I"
"IN011291100","1940-11","21.63","81.7","269.0","SIMGA, IN","0",",I","0",",I","0",",I","0.0",",,I,30,+","0.0",",,,I"
"IN011291100","1940-12","21.63","81.7","269.0","SIMGA, IN","1",",I","1",",I","1",",I","34.3",",,I,21,","34.3",",,,I"
"IN011291100","1941-01","21.63","81.7","269.0","SIMGA, IN","4",",I","4",",I","1",",I","27.9",",,I,28,","55.9",",,,I"
"IN011291100","1941-02","21.63","81.7","269.0","SIMGA, IN","3",",I","3",",I","1",",I","25.4",",,I,26,","45.7",",,,I"
"IN011291100","1941-03","21.63","81.7","269.0","SIMGA, IN","3",",I","2",",I","0",",I","12.7",",,I,01,","24.2",",,,I"
"IN011291100","1941-04","21.63","81.7","269.0","SIMGA, IN","1",",I","0",",I","0",",I","0.5",",,I,02,","0.5",",,,I"
"IN011291100","1941-05","21.63","81.7","269.0","SIMGA, IN","1",",I","0",",I","0",",I","0.8",",,I,18,","0.8",",,,I"
"IN011291100","1941-06","21.63","81.7","269.0","SIMGA, IN","11",",I","10",",I","3",",I","31.8",",,I,28,","137.4",",,,I"
"IN011291100","1941-07","21.63","81.7","269.0","SIMGA, IN","11",",I","5",",I","1",",I","105.4",",,I,10,","179.0",",,,I"
"IN011291100","1941-08","21.63","81.7","269.0","SIMGA, IN","12",",I","11",",I","2",",I","45.7",",,I,09,","154.7",",,,I"
"IN011291100","1941-09","21.63","81.7","269.0","SIMGA, IN","11",",I","8",",I","1",",I","34.3",",,I,05,","108.7",",,,I"
"IN011291100","1941-10","21.63","81.7","269.0","SIMGA, IN","5",",I","5",",I","1",",I","34.3",",,I,08,","69.7",",,,I"
"IN011291100","1941-11","21.63","81.7","269.0","SIMGA, IN","0",",I","0",",I","0",",I","0.0",",,I,30,+","0.0",",,,I"
"IN011291100","1941-12","21.63","81.7","269.0","SIMGA, IN","0",",I","0",",I","0",",I","0.0",",,I,31,+","0.0",",,,I"
"IN011291100","1942-01","21.63","81.7","269.0","SIMGA, IN","2",",I","2",",I","0",",I","7.6",",,I,02,","10.9",",,,I"
"IN011291100","1942-02","21.63","81.7","269.0","SIMGA, IN","6",",I","6",",I","0",",I","22.9",",,I,18,","64.6",",,,I"
"IN011291100","1942-03","21.63","81.7","269.0","SIMGA, IN","0",",I","0",",I","0",",I","0.0",",,I,31,+","0.0",",,,I"
"IN011291100","1942-04","21.63","81.7","269.0","SIMGA, IN","1",",I","1",",I","0",",I","3.3",",,I,05,","3.3",",,,I"
"IN011291100","1942-05","21.63","81.7","269.0","SIMGA, IN","1",",I","0",",I","0",",I","1.3",",,I,27,","1.3",",,,I"
"IN011291100","1942-06","21.63","81.7","269.0","SIMGA, IN","6",",I","6",",I","1",",I","26.9",",,I,27,","59.5",",,,I"
"IN011291100","1942-07","21.63","81.7","269.0","SIMGA, IN","16",",I","12",",I","9",",I","104.4",",,I,11,","456.1",",,,I"
"IN011291100","1942-08","21.63","81.7","269.0","SIMGA, IN","18",",I","16",",I","3",",I","51.8",",,I,09,","259.5",",,,I"
"IN011291100","1942-09","21.63","81.7","269.0","SIMGA, IN","13",",I","9",",I","1",",I","227.3",",,I,11,","269.5",",,,I"
"IN011291100","1942-10","21.63","81.7","269.0","SIMGA, IN","1",",I","1",",I","0",",I","15.7",",,I,10,","15.7",",,,I"
"IN011291100","1942-11","21.63","81.7","269.0","SIMGA, IN","0",",I","0",",I","0",",I","0.0",",,I,30,+","0.0",",,,I"
"IN011291100","1942-12","21.63","81.7","269.0","SIMGA, IN","1",",I","0",",I","0",",I","0.3",",,I,28,","0.3",",,,I"
"IN011291100","1943-01","21.63","81.7","269.0","SIMGA, IN","8",",I","8",",I","1",",I","26.4",",,I,30,","118.5",",,,I"
"IN011291100","1943-02","21.63","81.7","269.0","SIMGA, IN","0",",I","0",",I","0",",I","0.0",",,I,28,+","0.0",",,,I"
"IN011291100","1943-03","21.63","81.7","269.0","SIMGA, IN","1",",I","1",",I","0",",I","16.5",",,I,11,","16.5",",,,I"
"IN011291100","1943-04","21.63","81.7","269.0","SIMGA, IN","2",",I","1",",I","0",",I","10.7",",,I,23,","11.5",",,,I"
"IN011291100","1943-05","21.63","81.7","269.0","SIMGA, IN","3",",I","2",",I","0",",I","3.3",",,I,10,","7.4",",,,I"
"IN011291100","1943-06","21.63","81.7","269.0","SIMGA, IN","8",",I","6",",I","2",",I","63.5",",,I,14,","148.8",",,,I"
"IN011291100","1943-07","21.63","81.7","269.0","SIMGA, IN","17",",I","14",",I","4",",I","141.5",",,I,12,","399.0",",,,I"
"IN011291100","1943-08","21.63","81.7","269.0","SIMGA, IN","16",",I","14",",I","6",",I","106.7",",,I,16,","396.5",",,,I"
"IN011291100","1943-09","21.63","81.7","269.0","SIMGA, IN","14",",I","9",",I","2",",I","34.3",",,I,18,","155.1",",,,I"
"IN011291100","1943-10","21.63","81.7","269.0","SIMGA, IN","2",",I","1",",I","0",",I","5.1",",,I,10,","7.4",",,,I"
"IN011291100","1943-11","21.63","81.7","269.0","SIMGA, IN","0",",I","0",",I","0",",I","0.0",",,I,30,+","0.0",",,,I"
"IN011291100","1943-12","21.63","81.7","269.0","SIMGA, IN","0",",I","0",",I","0",",I","0.0",",,I,31,+","0.0",",,,I"
"IN011291100","1944-01","21.63","81.7","269.0","SIMGA, IN","4",",I","1",",I","0",",I","5.1",",,I,14,","8.4",",,,I"
"IN011291100","1944-02","21.63","81.7","269.0","SIMGA, IN","10",",I","10",",I","1",",I","27.9",",,I,19,","90.1",",,,I"
"IN011291100","1944-03","21.63","81.7","269.0","SIMGA, IN","9",",I","8",",I","1",",I","80.0",",,I,22,","158.7",",,,I"
"IN011291100","1944-04","21.63","81.7","269.0","SIMGA, IN","3",",I","3",",I","0",",I","13.2",",,I,19,","25.9",",,,I"
"IN011291100","1944-05","21.63","81.7","269.0","SIMGA, IN","1",",I","0",",I","0",",I","0.3",",,I,19,","0.3",",,,I"
"IN011291100","1944-06","21.63","81.7","269.0","SIMGA, IN","4",",I","4",",I","0",",I","10.2",",,I,22,","17.7",",,,I"
"IN011291100","1944-07","21.63","81.7","269.0","SIMGA, IN","25",",I","18",",I","5",",I","52.1",",,I,24,","368.7",",,,I"
"IN011291100","1944-08","21.63","81.7","269.0","SIMGA, IN","17",",I","13",",I","5",",I","54.6",",,I,15,","278.2",",,,I"
"IN011291100","1944-09","21.63","81.7","269.0","SIMGA, IN","12",",I","11",",I","1",",I","36.8",",,I,06,","178.5",",,,I"
"IN011291100","1944-10","21.63","81.7","269.0","SIMGA, IN","5",",I","4",",I","1",",I","90.9",",,I,01,","122.1",",,,I"
"IN011291100","1944-11","21.63","81.7","269.0","SIMGA, IN","1",",I","1",",I","0",",I","10.2",",,I,04,","10.2",",,,I"
"IN011291100","1944-12","21.63","81.7","269.0","SIMGA, IN","0",",I","0",",I","0",",I","0.0",",,I,31,+","0.0",",,,I"
"IN011291100","1945-01","21.63","81.7","269.0","SIMGA, IN","2",",I","2",",I","0",",I","21.8",",,I,06,","25.6",",,,I"
"IN011291100","1945-02","21.63","81.7","269.0","SIMGA, IN","1",",I","1",",I","0",",I","8.6",",,I,18,","8.6",",,,I"
"IN011291100","1945-03","21.63","81.7","269.0","SIMGA, IN","0",",I","0",",I","0",",I","0.0",",,I,31,+","0.0",",,,I"
"IN011291100","1945-04","21.63","81.7","269.0","SIMGA, IN","3",",I","3",",I","1",",I","36.8",",,I,19,","49.2",",,,I"
"IN011291100","1945-05","21.63","81.7","269.0","SIMGA, IN","0",",I","0",",I","0",",I","0.0",",,I,31,+","0.0",",,,I"
"IN011291100","1945-06","21.63","81.7","269.0","SIMGA, IN","8",",I","4",",I","3",",I","40.4",",,I,27,","126.3",",,,I"
"IN011291100","1945-07","21.63","81.7","269.0","SIMGA, IN","16",",I","10",",I","4",",I","56.6",",,I,22,","245.3",",,,I"
"IN011291100","1945-08","21.63","81.7","269.0","SIMGA, IN","20",",I","14",",I","3",",I","120.1",",,I,23,","385.9",",,,I"
"IN011291100","1945-09","21.63","81.7","269.0","SIMGA, IN","13",",I","13",",I","5",",I","80.5",",,I,06,","326.4",",,,I"
"IN011291100","1945-10","21.63","81.7","269.0","SIMGA, IN","2",",I","2",",I","1",",I","44.5",",,I,20,","49.6",",,,I"
"IN011291100","1945-11","21.63","81.7","269.0","SIMGA, IN","0",",I","0",",I","0",",I","0.0",",,I,30,+","0.0",",,,I"
"IN011291100","1945-12","21.63","81.7","269.0","SIMGA, IN","0",",I","0",",I","0",",I","0.0",",,I,31,+","0.0",",,,I"
"IN011291100","1946-01","21.63","81.7","269.0","SIMGA, IN","0",",I","0",",I","0",",I","0.0",",,I,31,+","0.0",",,,I"
"IN011291100","1946-02","21.63","81.7","269.0","SIMGA, IN","0",",I","0",",I","0",",I","0.0",",,I,28,+","0.0",",,,I"
"IN011291100","1946-03","21.63","81.7","269.0","SIMGA, IN","0",",I","0",",I","0",",I","0.0",",,I,31,+","0.0",",,,I"
"IN011291100","1946-04","21.63","81.7","269.0","SIMGA, IN","2",",I","2",",I","0",",I","22.9",",,I,11,","26.2",",,,I"
"IN011291100","1946-05","21.63","81.7","269.0","SIMGA, IN","0",",I","0",",I","0",",I","0.0",",,I,31,+","0.0",",,,I"
"IN011291100","1946-06","21.63","81.7","269.0","SIMGA, IN","10",",I","9",",I","1",",I","67.3",",,I,10,","135.9",",,,I"
"IN011291100","1946-07","21.63","81.7","269.0","SIMGA, IN","15",",I","12",",I","6",",I","87.6",",,I,23,","355.1",",,,I"
"IN011291100","1946-08","21.63","81.7","269.0","SIMGA, IN","15",",I","13",",I","8",",I","77.5",",,I,06,","390.1",",,,I"
"IN011291100","1946-09","21.63","81.7","269.0","SIMGA, IN","11",",I","6",",I","3",",I","36.8",",,I,07,","148.8",",,,I"
"IN011291100","1946-10","21.63","81.7","269.0","SIMGA, IN","2",",I","2",",I","0",",I","6.4",",,I,18,","10.2",",,,I"
"IN011291100","1946-11","21.63","81.7","269.0","SIMGA, IN","1",",I","1",",I","0",",I","21.6",",,I,19,","21.6",",,,I"
"IN011291100","1946-12","21.63","81.7","269.0","SIMGA, IN","0",",I","0",",I","0",",I","0.0",",,I,31,+","0.0",",,,I"
"IN011291100","1947-01","21.63","81.7","269.0","SIMGA, IN","0",",I","0",",I","0",",I","0.0",",,I,31,+","0.0",",,,I"
"IN011291100","1947-02","21.63","81.7","269.0","SIMGA, IN","2",",I","2",",I","1",",I","33.0",",,I,18,","38.1",",,,I"
"IN011291100","1947-03","21.63","81.7","269.0","SIMGA, IN","1",",I","0",",I","0",",I","1.3",",,I,11,","1.3",",,,I"
"IN011291100","1947-04","21.63","81.7","269.0","SIMGA, IN","0",",I","0",",I","0",",I","0.0",",,I,30,+","0.0",",,,I"
"IN011291100","1947-05","21.63","81.7","269.0","SIMGA, IN","0",",I","0",",I","0",",I","0.0",",,I,31,+","0.0",",,,I"
"IN011291100","1947-06","21.63","81.7","269.0","SIMGA, IN","6",",I","6",",I","1",",I","30.5",",,I,30,","77.8",",,,I"
"IN011291100","1947-07","21.63","81.7","269.0","SIMGA, IN","22",",I","18",",I","7",",I","135.9",",,I,01,","457.6",",,,I"
"IN011291100","1947-08","21.63","81.7","269.0","SIMGA, IN","22",",I","20",",I","8",",I","114.3",",,I,28,","549.9",",,,I"
"IN011291100","1947-09","21.63","81.7","269.0","SIMGA, IN","14",",I","12",",I","5",",I","54.6",",,I,18,","232.2",",,,I"
"IN011291100","1947-10","21.63","81.7","269.0","SIMGA, IN","2",",I","2",",I","0",",I","17.8",",,I,05,","21.4",",,,I"
"IN011291100","1947-11","21.63","81.7","269.0","SIMGA, IN","0",",I","0",",I","0",",I","0.0",",,I,30,+","0.0",",,,I"
"IN011291100","1947-12","21.63","81.7","269.0","SIMGA, IN","0",",I","0",",I","0",",I","0.0",",,I,31,+","0.0",",,,I"
"IN011291100","1948-01","21.63","81.7","269.0","SIMGA, IN","0",",I","0",",I","0",",I","0.0",",,I,31,+","0.0",",,,I"
"IN011291100","1948-02","21.63","81.7","269.0","SIMGA, IN","0",",I","0",",I","0",",I","0.0",",,I,29,+","0.0",",,,I"
"IN011291100","1948-03","21.63","81.7","269.0","SIMGA, IN","1",",I","0",",I","0",",I","1.3",",,I,27,","1.3",",,,I"
"IN011291100","1948-04","21.63","81.7","269.0","SIMGA, IN","0",",I","0",",I","0",",I","0.0",",,I,30,+","0.0",",,,I"
"IN011291100","1948-05","21.63","81.7","269.0","SIMGA, IN","0",",I","0",",I","0",",I","0.0",",,I,31,+","0.0",",,,I"
"IN011291100","1948-06","21.63","81.7","269.0","SIMGA, IN","14",",I","14",",I","0",",I","22.4",",,I,14,","135.9",",,,I"
"IN011291100","1948-07","21.63","81.7","269.0","SIMGA, IN","20",",I","17",",I","7",",I","56.1",",,I,15,","352.7",",,,I"
"IN011291100","1948-08","21.63","81.7","269.0","SIMGA, IN","15",",I","13",",I","6",",I","128.5",",,I,13,","474.8",",,,I"
"IN011291100","1948-09","21.63","81.7","269.0","SIMGA, IN","8",",I","7",",I","2",",I","36.8",",,I,28,","115.7",",,,I"
"IN011291100","1948-10","21.63","81.7","269.0","SIMGA, IN","1",",I","1",",I","0",",I","12.7",",,I,10,","12.7",",,,I"
"IN011291100","1948-11","21.63","81.7","269.0","SIMGA, IN","4",",I","4",",I","2",",I","42.9",",,I,26,","105.4",",,,I"
"IN011291100","1948-12","21.63","81.7","269.0","SIMGA, IN","0",",I","0",",I","0",",I","0.0",",,I,31,+","0.0",",,,I"
"IN011291100","1949-01","21.63","81.7","269.0","SIMGA, IN","0",",I","0",",I","0",",I","0.0",",,I,31,+","0.0",",,,I"
"IN011291100","1949-02","21.63","81.7","269.0","SIMGA, IN","0",",I","0",",I","0",",I","0.0",",,I,28,+","0.0",",,,I"
"IN011291100","1949-03","21.63","81.7","269.0","SIMGA, IN","0",",I","0",",I","0",",I","0.0",",,I,31,+","0.0",",,,I"
"IN011291100","1949-04","21.63","81.7","269.0","SIMGA, IN","1",",I","1",",I","0",",I","7.6",",,I,07,","7.6",",,,I"
"IN011291100","1949-05","21.63","81.7","269.0","SIMGA, IN","1",",I","1",",I","0",",I","11.2",",,I,13,","11.2",",,,I"
"IN011291100","1949-06","21.63","81.7","269.0","SIMGA, IN","13",",I","13",",I","4",",I","80.0",",,I,30,","320.9",",,,I"
"IN011291100","1949-07","21.63","81.7","269.0","SIMGA, IN","15",",I","13",",I","3",",I","53.3",",,I,02,","221.5",",,,I"
"IN011291100","1949-08","21.63","81.7","269.0","SIMGA, IN","21",",I","17",",I","2",",I","86.4",",,I,14,","217.4",",,,I"
"IN011291100","1949-09","21.63","81.7","269.0","SIMGA, IN","15",",I","13",",I","3",",I","59.7",",,I,08,","228.3",",,,I"
"IN011291100","1949-10","21.63","81.7","269.0","SIMGA, IN","5",",I","4",",I","3",",I","85.1",",,I,01,","176.3",",,,I"
"IN011291100","1949-11","21.63","81.7","269.0","SIMGA, IN","0",",I","0",",I","0",",I","0.0",",,I,30,+","0.0",",,,I"
"IN011291100","1949-12","21.63","81.7","269.0","SIMGA, IN","0",",I","0",",I","0",",I","0.0",",,I,31,+","0.0",",,,I"
"IN011291100","1950-01","21.63","81.7","269.0","SIMGA, IN","0",",I","0",",I","0",",I","0.0",",,I,31,+","0.0",",,,I"
"IN011291100","1950-04","21.63","81.7","269.0","SIMGA, IN","0",",I","0",",I","0",",I","0.0",",,I,30,+","0.0",",,,I"
"IN011291100","1950-05","21.63","81.7","269.0","SIMGA, IN","0",",I","0",",I","0",",I","0.0",",,I,31,+","0.0",",,,I"
"IN011291100","1950-06","21.63","81.7","269.0","SIMGA, IN","9",",I","8",",I","1",",I","25.4",",,I,11,","67.6",",,,I"
"IN011291100","1950-07","21.63","81.7","269.0","SIMGA, IN","15",",I","14",",I","3",",I","34.3",",,I,15,","208.5",",,,I"
"IN011291100","1950-08","21.63","81.7","269.0","SIMGA, IN","14",",I","14",",I","4",",I","82.6",",,I,11,","280.8",",,,I"
"IN011291100","1950-09","21.63","81.7","269.0","SIMGA, IN","3",",I","3",",I","1",",I","87.9",",,I,14,","117.6",",,,I"
"IN011291100","1950-10","21.63","81.7","269.0","SIMGA, IN","2",",I","2",",I","0",",I","17.3",",,I,13,","19.8",",,,I"
"IN011291100","1950-11","21.63","81.7","269.0","SIMGA, IN","0",",I","0",",I","0",",I","0.0",",,I,30,+","0.0",",,,I"
"IN011291100","1950-12","21.63","81.7","269.0","SIMGA, IN","0",",I","0",",I","0",",I","0.0",",,I,31,+","0.0",",,,I"
"IN011291100","1951-01","21.63","81.7","269.0","SIMGA, IN","0",",I","0",",I","0",",I","0.0",",,I,31,+","0.0",",,,I"
"IN011291100","1951-02","21.63","81.7","269.0","SIMGA, IN","0",",I","0",",I","0",",I","0.0",",,I,28,+","0.0",",,,I"
"IN011291100","1951-03","21.63","81.7","269.0","SIMGA, IN","6",",I","6",",I","2",",I","26.7",",,I,26,","85.9",",,,I"
"IN011291100","1951-04","21.63","81.7","269.0","SIMGA, IN","3",",I","3",",I","0",",I","7.6",",,I,08,+","22.8",",,,I"
"IN011291100","1951-05","21.63","81.7","269.0","SIMGA, IN","0",",I","0",",I","0",",I","0.0",",,I,31,+","0.0",",,,I"
"IN011291100","1951-06","21.63","81.7","269.0","SIMGA, IN","12",",I","8",",I","2",",I","30.5",",,I,27,","110.9",",,,I"
"IN011291100","1951-07","21.63","81.7","269.0","SIMGA, IN","13",",I","11",",I","4",",I","86.4",",,I,25,","298.5",",,,I"
"IN011291100","1951-08","21.63","81.7","269.0","SIMGA, IN","16",",I","15",",I","5",",I","74.7",",,I,05,","365.3",",,,I"
"IN011291100","1951-09","21.63","81.7","269.0","SIMGA, IN","7",",I","7",",I","1",",I","28.4",",,I,01,","77.2",",,,I"
"IN011291100","1951-10","21.63","81.7","269.0","SIMGA, IN","3",",I","3",",I","3",",I","58.4",",,I,12,","135.9",",,,I"
"IN011291100","1951-11","21.63","81.7","269.0","SIMGA, IN","0",",I","0",",I","0",",I","0.0",",,I,30,+","0.0",",,,I"
"IN011291100","1951-12","21.63","81.7","269.0","SIMGA, IN","0",",I","0",",I","0",",I","0.0",",,I,31,+","0.0",",,,I"
"IN011291100","1952-01","21.63","81.7","269.0","SIMGA, IN","0",",I","0",",I","0",",I","0.0",",,I,31,+","0.0",",,,I"
"IN011291100","1952-02","21.63","81.7","269.0","SIMGA, IN","3","1,I","2","1,I","0","1,I","10.2","1,,I,22,","14.0","1,,,I"
"IN011291100","1952-03","21.63","81.7","269.0","SIMGA, IN","1",",I","0",",I","0",",I","0.8",",,I,15,","0.8",",,,I"
"IN011291100","1952-04","21.63","81.7","269.0","SIMGA, IN","0",",I","0",",I","0",",I","0.0",",,I,30,+","0.0",",,,I"
"IN011291100","1952-05","21.63","81.7","269.0","SIMGA, IN","0",",I","0",",I","0",",I","0.0",",,I,31,+","0.0",",,,I"
"IN011291100","1952-06","21.63","81.7","269.0","SIMGA, IN","3",",I","3",",I","1",",I","33.0",",,I,28,","44.4",",,,I"
"IN011291100","1952-07","21.63","81.7","269.0","SIMGA, IN","11",",I","11",",I","2",",I","95.5",",,I,16,","225.0",",,,I"
"IN011291100","1952-08","21.63","81.7","269.0","SIMGA, IN","14",",I","14",",I","3",",I","63.5",",,I,09,","264.6",",,,I"
"IN011291100","1952-09","21.63","81.7","269.0","SIMGA, IN","13",",I","10",",I","3",",I","83.8",",,I,04,","214.6",",,,I"
"IN011291100","1952-10","21.63","81.7","269.0","SIMGA, IN","3",",I","2",",I","0",",I","12.7",",,I,07,","25.2",",,,I"
"IN011291100","1952-11","21.63","81.7","269.0","SIMGA, IN","0",",I","0",",I","0",",I","0.0",",,I,30,+","0.0",",,,I"
"IN011291100","1952-12","21.63","81.7","269.0","SIMGA, IN","0",",I","0",",I","0",",I","0.0",",,I,31,+","0.0",",,,I"
"IN011291100","1953-01","21.63","81.7","269.0","SIMGA, IN","2",",I","2",",I","2",",I","25.4",",,I,20,+","50.8",",,,I"
"IN011291100","1953-02","21.63","81.7","269.0","SIMGA, IN","0",",I","0",",I","0",",I","0.0",",,I,28,+","0.0",",,,I"
"IN011291100","1953-03","21.63","81.7","269.0","SIMGA, IN","0",",I","0",",I","0",",I","0.0",",,I,31,+","0.0",",,,I"
"IN011291100","1953-04","21.63","81.7","269.0","SIMGA, IN","2",",I","2",",I","0",",I","12.7",",,I,15,","17.8",",,,I"
"IN011291100","1953-05","21.63","81.7","269.0","SIMGA, IN","0",",I","0",",I","0",",I","0.0",",,I,31,+","0.0",",,,I"
"IN011291100","1953-06","21.63","81.7","269.0","SIMGA, IN","4",",I","3",",I","2",",I","35.6",",,I,29,","72.8",",,,I"
"IN011291100","1953-07","21.63","81.7","269.0","SIMGA, IN","20",",I","18",",I","7",",I","48.3",",,I,12,","398.7",",,,I"
"IN011291100","1953-08","21.63","81.7","269.0","SIMGA, IN","17",",I","14",",I","4",",I","61.0",",,I,14,+","337.9",",,,I"
"IN011291100","1953-09","21.63","81.7","269.0","SIMGA, IN","10",",I","10",",I","1",",I","40.6",",,I,10,","98.6",",,,I"
"IN011291100","1953-10","21.63","81.7","269.0","SIMGA, IN","1",",I","1",",I","1",",I","50.8",",,I,17,","50.8",",,,I"
"IN011291100","1953-11","21.63","81.7","269.0","SIMGA, IN","0",",I","0",",I","0",",I","0.0",",,I,30,+","0.0",",,,I"
"IN011291100","1953-12","21.63","81.7","269.0","SIMGA, IN","0",",I","0",",I","0",",I","0.0",",,I,31,+","0.0",",,,I"
"IN011291100","1954-01","21.63","81.7","269.0","SIMGA, IN","0",",I","0",",I","0",",I","0.0",",,I,31,+","0.0",",,,I"
"IN011291100","1954-02","21.63","81.7","269.0","SIMGA, IN","0",",I","0",",I","0",",I","0.0",",,I,28,+","0.0",",,,I"
"IN011291100","1954-03","21.63","81.7","269.0","SIMGA, IN","0",",I","0",",I","0",",I","0.0",",,I,31,+","0.0",",,,I"
"IN011291100","1954-04","21.63","81.7","269.0","SIMGA, IN","0",",I","0",",I","0",",I","0.0",",,I,30,+","0.0",",,,I"
"IN011291100","1954-05","21.63","81.7","269.0","SIMGA, IN","0",",I","0",",I","0",",I","0.0",",,I,31,+","0.0",",,,I"
"IN011291100","1954-06","21.63","81.7","269.0","SIMGA, IN","6",",I","6",",I","3",",I","43.2",",,I,22,","143.0",",,,I"
"IN011291100","1954-07","21.63","81.7","269.0","SIMGA, IN","9",",I","8",",I","3",",I","71.1",",,I,06,","224.9",",,,I"
"IN011291100","1954-08","21.63","81.7","269.0","SIMGA, IN","9",",I","9",",I","4",",I","73.2",",,I,08,","236.8",",,,I"
"IN011291100","1954-09","21.63","81.7","269.0","SIMGA, IN","10",",I","9",",I","2",",I","50.8",",,I,03,","181.1",",,,I"
"IN011291100","1954-10","21.63","81.7","269.0","SIMGA, IN","0",",I","0",",I","0",",I","0.0",",,I,31,+","0.0",",,,I"
"IN011291100","1954-11","21.63","81.7","269.0","SIMGA, IN","0",",I","0",",I","0",",I","0.0",",,I,30,+","0.0",",,,I"
"IN011291100","1954-12","21.63","81.7","269.0","SIMGA, IN","0",",I","0",",I","0",",I","0.0",",,I,31,+","0.0",",,,I"
"IN011291100","1955-01","21.63","81.7","269.0","SIMGA, IN","0",",I","0",",I","0",",I","0.0",",,I,31,+","0.0",",,,I"
"IN011291100","1955-02","21.63","81.7","269.0","SIMGA, IN","0",",I","0",",I","0",",I","0.0",",,I,28,+","0.0",",,,I"
"IN011291100","1955-03","21.63","81.7","269.0","SIMGA, IN","0",",I","0",",I","0",",I","0.0",",,I,31,+","0.0",",,,I"
"IN011291100","1955-04","21.63","81.7","269.0","SIMGA, IN","0",",I","0",",I","0",",I","0.0",",,I,30,+","0.0",",,,I"
"IN011291100","1955-05","21.63","81.7","269.0","SIMGA, IN","0",",I","0",",I","0",",I","0.0",",,I,31,+","0.0",",,,I"
"IN011291100","1955-06","21.63","81.7","269.0","SIMGA, IN","7",",I","7",",I","3",",I","121.2",",,I,28,","237.2",",,,I"
"IN011291100","1955-07","21.63","81.7","269.0","SIMGA, IN","16",",I","16",",I","1",",I","152.4",",,I,15,","289.3",",,,I"
"IN011291100","1955-08","21.63","81.7","269.0","SIMGA, IN","13",",I","12",",I","6",",I","69.1",",,I,16,","420.7",",,,I"
"IN011291100","1955-09","21.63","81.7","269.0","SIMGA, IN","7",",I","7",",I","3",",I","48.3",",,I,11,","168.1",",,,I"
"IN011291100","1955-10","21.63","81.7","269.0","SIMGA, IN","4",",I","4",",I","1",",I","27.9",",,I,01,","54.6",",,,I"
"IN011291100","1955-11","21.63","81.7","269.0","SIMGA, IN","0",",I","0",",I","0",",I","0.0",",,I,30,+","0.0",",,,I"
"IN011291100","1955-12","21.63","81.7","269.0","SIMGA, IN","0",",I","0",",I","0",",I","0.0",",,I,31,+","0.0",",,,I"
"IN011291100","1956-01","21.63","81.7","269.0","SIMGA, IN","0",",I","0",",I","0",",I","0.0",",,I,31,+","0.0",",,,I"
"IN011291100","1956-02","21.63","81.7","269.0","SIMGA, IN","0",",I","0",",I","0",",I","0.0",",,I,29,+","0.0",",,,I"
"IN011291100","1956-03","21.63","81.7","269.0","SIMGA, IN","0",",I","0",",I","0",",I","0.0",",,I,31,+","0.0",",,,I"
"IN011291100","1956-04","21.63","81.7","269.0","SIMGA, IN","0",",I","0",",I","0",",I","0.0",",,I,30,+","0.0",",,,I"
"IN011291100","1956-05","21.63","81.7","269.0","SIMGA, IN","3",",I","3",",I","1",",I","30.5",",,I,29,","46.3",",,,I"
"IN011291100","1956-06","21.63","81.7","269.0","SIMGA, IN","12",",I","12",",I","4",",I","62.2",",,I,09,","255.7",",,,I"
"IN011291100","1956-07","21.63","81.7","269.0","SIMGA, IN","13",",I","13",",I","7",",I","63.5",",,I,03,","387.9",",,,I"
"IN011291100","1956-08","21.63","81.7","269.0","SIMGA, IN","12",",I","12",",I","9",",I","59.2",",,I,16,","371.4",",,,I"
"IN011291100","1956-09","21.63","81.7","269.0","SIMGA, IN","10",",I","10",",I","3",",I","33.0",",,I,27,","182.8",",,,I"
"IN011291100","1956-10","21.63","81.7","269.0","SIMGA, IN","2",",I","2",",I","0",",I","21.1",",,I,05,","28.7",",,,I"
"IN011291100","1956-11","21.63","81.7","269.0","SIMGA, IN","0",",I","0",",I","0",",I","0.0",",,I,30,+","0.0",",,,I"
"IN011291100","1956-12","21.63","81.7","269.0","SIMGA, IN","0","1,I","0","1,I","0","1,I","0.0","1,,I,31,+","0.0","1,,,I"
"IN011291100","1957-01","21.63","81.7","269.0","SIMGA, IN","1",",I","1",",I","0",",I","8.9",",,I,29,","8.9",",,,I"
"IN011291100","1957-02","21.63","81.7","269.0","SIMGA, IN","4",",I","3",",I","0",",I","24.9",",,I,25,","40.2",",,,I"
"IN011291100","1957-03","21.63","81.7","269.0","SIMGA, IN","5",",I","5",",I","0",",I","14.5",",,I,05,","35.6",",,,I"
"IN011291100","1957-04","21.63","81.7","269.0","SIMGA, IN","2",",I","2",",I","0",",I","12.7",",,I,10,","17.0",",,,I"
"IN011291100","1957-05","21.63","81.7","269.0","SIMGA, IN","0",",I","0",",I","0",",I","0.0",",,I,31,+","0.0",",,,I"
"IN011291100","1957-06","21.63","81.7","269.0","SIMGA, IN","2",",I","2",",I","0",",I","20.8",",,I,25,","28.4",",,,I"
"IN011291100","1957-07","21.63","81.7","269.0","SIMGA, IN","19",",I","19",",I","7",",I","45.7",",,I,29,","331.5",",,,I"
"IN011291100","1957-08","21.63","81.7","269.0","SIMGA, IN","19",",I","19",",I","7",",I","106.7",",,I,08,","590.8",",,,I"
"IN011291100","1957-09","21.63","81.7","269.0","SIMGA, IN","6",",I","5",",I","0",",I","22.1",",,I,10,","37.5",",,,I"
"IN011291100","1957-10","21.63","81.7","269.0","SIMGA, IN","3",",I","0",",I","0",",I","0.8",",,I,23,","1.6",",,,I"
"IN011291100","1957-11","21.63","81.7","269.0","SIMGA, IN","0",",I","0",",I","0",",I","0.0",",,I,30,+","0.0",",,,I"
"IN011291100","1957-12","21.63","81.7","269.0","SIMGA, IN","0",",I","0",",I","0",",I","0.0",",,I,31,+","0.0",",,,I"
"IN011291100","1958-01","21.63","81.7","269.0","SIMGA, IN","2",",I","1",",I","0",",I","7.4",",,I,29,","7.9",",,,I"
"IN011291100","1958-02","21.63","81.7","269.0","SIMGA, IN","4",",I","3",",I","0",",I","24.9",",,I,26,","39.9",",,,I"
"IN011291100","1958-03","21.63","81.7","269.0","SIMGA, IN","5",",I","5",",I","0",",I","14.5",",,I,04,","36.2",",,,I"
"IN011291100","1958-04","21.63","81.7","269.0","SIMGA, IN","2",",I","2",",I","0",",I","12.7",",,I,11,","17.0",",,,I"
"IN011291100","1958-05","21.63","81.7","269.0","SIMGA, IN","0",",I","0",",I","0",",I","0.0",",,I,31,+","0.0",",,,I"
"IN011291100","1958-06","21.63","81.7","269.0","SIMGA, IN","2",",I","2",",I","0",",I","20.8",",,I,24,","28.4",",,,I"
"IN011291100","1958-07","21.63","81.7","269.0","SIMGA, IN","14",",I","13",",I","6",",I","94.4",",,I,14,","433.1",",,,I"
"IN011291100","1958-08","21.63","81.7","269.0","SIMGA, IN","8",",I","8",",I","4",",I","73.7",",,I,20,","257.5",",,,I"
"IN011291100","1958-10","21.63","81.7","269.0","SIMGA, IN","3",",I","3",",I","2",",I","33.0",",,I,02,","76.2",",,,I"
"IN011291100","1958-11","21.63","81.7","269.0","SIMGA, IN","0",",I","0",",I","0",",I","0.0",",,I,30,+","0.0",",,,I"
"IN011291100","1958-12","21.63","81.7","269.0","SIMGA, IN","0",",I","0",",I","0",",I","0.0",",,I,31,+","0.0",",,,I"
