"STATION","DATE","LATITUDE","LONGITUDE","ELEVATION","NAME","DP01","DP01_ATTRIBUTES","DP10","DP10_ATTRIBUTES","DP1X","DP1X_ATTRIBUTES","EMXP","EMXP_ATTRIBUTES","PRCP","PRCP_ATTRIBUTES"
"IN012190101","1901-01","19.05","73.83","683.0","GHODA AMBEGAON, IN","1",",I","1",",I","0",",I","17.8",",,I,14,","17.8",",,,I"
"IN012190101","1901-02","19.05","73.83","683.0","GHODA AMBEGAON, IN","0",",I","0",",I","0",",I","0.0",",,I,28,+","0.0",",,,I"
"IN012190101","1901-03","19.05","73.83","683.0","GHODA AMBEGAON, IN","0",",I","0",",I","0",",I","0.0",",,I,31,+","0.0",",,,I"
"IN012190101","1901-04","19.05","73.83","683.0","GHODA AMBEGAON, IN","2",",I","2",",I","0",",I","13.2",",,I,30,","18.3",",,,I"
"IN012190101","1901-05","19.05","73.83","683.0","GHODA AMBEGAON, IN","1",",I","1",",I","0",",I","2.8",",,I,13,","2.8",",,,I"
"IN012190101","1901-06","19.05","73.83","683.0","GHODA AMBEGAON, IN","9",",I","5",",I","0",",I","12.7",",,I,07,","46.6",",,,I"
"IN012190101","1901-07","19.05","73.83","683.0","GHODA AMBEGAON, IN","23",",I","17",",I","2",",I","41.9",",,I,08,","198.6",",,,I"
"IN012190101","1901-08","19.05","73.83","683.0","GHODA AMBEGAON, IN","28",",I","21",",I","3",",I","49.5",",,I,15,","241.5",",,,I"
"IN012190101","1901-09","19.05","73.83","683.0","GHODA AMBEGAON, IN","8",",I","6",",I","1",",I","33.0",",,I,20,","77.8",",,,I"
"IN012190101","1901-10","19.05","73.83","683.0","GHODA AMBEGAON, IN","6",",I","5",",I","1",",I","25.4",",,I,24,","53.3",",,,I"
"IN012190101","1901-11","19.05","73.83","683.0","GHODA AMBEGAON, IN","1",",I","1",",I","0",",I","7.4",",,I,14,","7.4",",,,I"
"IN012190101","1901-12","19.05","73.83","683.0","GHODA AMBEGAON, IN","0",",I","0",",I","0",",I","0.0",",,I,31,+","0.0",",,,I"
"IN012190101","1902-01","19.05","73.83","683.0","GHODA AMBEGAON, IN","0",",I","0",",I","0",",I","0.0",",,I,31,+","0.0",",,,I"
"IN012190101","1902-02","19.05","73.83","683.0","GHODA AMBEGAON, IN","0",",I","0",",I","0",",I","0.0",",,I,28,+","0.0",",,,I"
"IN012190101","1902-03","19.05","73.83","683.0","GHODA AMBEGAON, IN","0",",I","0",",I","0",",I","0.0",",,I,31,+","0.0",",,,I"
"IN012190101","1902-04","19.05","73.83","683.0","GHODA AMBEGAON, IN","1",",I","1",",I","0",",I","5.1",",,I,05,","5.1",",,,I"
"IN012190101","1902-05","19.05","73.83","683.0","GHODA AMBEGAON, IN","3",",I","2",",I","0",",I","18.8",",,I,31,","30.0",",,,I"
"IN012190101","1902-06","19.05","73.83","683.0","GHODA AMBEGAON, IN","11",",I","10",",I","0",",I","18.8",",,I,08,","80.9",",,,I"
"IN012190101","1902-07","19.05","73.83","683.0","GHODA AMBEGAON, IN","21",",I","12",",I","4",",I","63.0",",,I,18,","233.5",",,,I"
"IN012190101","1902-08","19.05","73.83","683.0","GHODA AMBEGAON, IN","13",",I","9",",I","1",",I","94.0",",,I,01,","145.9",",,,I"
"IN012190101","1902-09","19.05","73.83","683.0","GHODA AMBEGAON, IN","13",",I","8",",I","1",",I","25.9",",,I,02,","89.5",",,,I"
"IN012190101","1902-10","19.05","73.83","683.0","GHODA AMBEGAON, IN","3",",I","2",",I","0",",I","19.1",",,I,14,","22.9",",,,I"
"IN012190101","1902-11","19.05","73.83","683.0","GHODA AMBEGAON, IN","4",",I","3",",I","0",",I","15.2",",,I,05,","26.7",",,,I"
"IN012190101","1902-12","19.05","73.83","683.0","GHODA AMBEGAON, IN","5",",I","4",",I","0",",I","8.9",",,I,08,","27.8",",,,I"
"IN012190101","1903-01","19.05","73.83","683.0","GHODA AMBEGAON, IN","0",",I","0",",I","0",",I","0.0",",,I,31,+","0.0",",,,I"
"IN012190101","1903-02","19.05","73.83","683.0","GHODA AMBEGAON, IN","0",",I","0",",I","0",",I","0.0",",,I,28,+","0.0",",,,I"
"IN012190101","1903-03","19.05","73.83","683.0","GHODA AMBEGAON, IN","0",",I","0",",I","0",",I","0.0",",,I,31,+","0.0",",,,I"
"IN012190101","1903-04","19.05","73.83","683.0","GHODA AMBEGAON, IN","0",",I","0",",I","0",",I","0.0",",,I,30,+","0.0",",,,I"
"IN012190101","1903-05","19.05","73.83","683.0","GHODA AMBEGAON, IN","4",",I","3",",I","1",",I","42.7",",,I,25,","71.9",",,,I"
"IN012190101","1903-06","19.05","73.83","683.0","GHODA AMBEGAON, IN","7",",I","3",",I","1",",I","34.0",",,I,13,","76.7",",,,I"
"IN012190101","1903-07","19.05","73.83","683.0","GHODA AMBEGAON, IN","23",",I","19",",I","1",",I","33.8",",,I,15,","214.9",",,,I"
"IN012190101","1903-08","19.05","73.83","683.0","GHODA AMBEGAON, IN","19",",I","6",",I","0",",I","7.6",",,I,21,","42.0",",,,I"
"IN012190101","1903-09","19.05","73.83","683.0","GHODA AMBEGAON, IN","8",",I","5",",I","0",",I","14.5",",,I,03,","35.2",",,,I"
"IN012190101","1903-10","19.05","73.83","683.0","GHODA AMBEGAON, IN","3",",I","2",",I","0",",I","21.6",",,I,02,","36.1",",,,I"
"IN012190101","1903-11","19.05","73.83","683.0","GHODA AMBEGAON, IN","0",",I","0",",I","0",",I","0.0",",,I,30,+","0.0",",,,I"
"IN012190101","1903-12","19.05","73.83","683.0","GHODA AMBEGAON, IN","0",",I","0",",I","0",",I","0.0",",,I,31,+","0.0",",,,I"
"IN012190101","1904-01","19.05","73.83","683.0","GHODA AMBEGAON, IN","0",",I","0",",I","0",",I","0.0",",,I,31,+","0.0",",,,I"
"IN012190101","1904-02","19.05","73.83","683.0","GHODA AMBEGAON, IN","0",",I","0",",I","0",",I","0.0",",,I,29,+","0.0",",,,I"
"IN012190101","1904-03","19.05","73.83","683.0","GHODA AMBEGAON, IN","0",",I","0",",I","0",",I","0.0",",,I,31,+","0.0",",,,I"
"IN012190101","1904-04","19.05","73.83","683.0","GHODA AMBEGAON, IN","1",",I","1",",I","0",",I","22.9",",,I,02,","22.9",",,,I"
"IN012190101","1904-05","19.05","73.83","683.0","GHODA AMBEGAON, IN","0",",I","0",",I","0",",I","0.0",",,I,31,+","0.0",",,,I"
"IN012190101","1904-06","19.05","73.83","683.0","GHODA AMBEGAON, IN","9",",I","7",",I","0",",I","15.2",",,I,23,","60.8",",,,I"
"IN012190101","1904-07","19.05","73.83","683.0","GHODA AMBEGAON, IN","19",",I","10",",I","0",",I","12.7",",,I,05,","59.2",",,,I"
"IN012190101","1904-08","19.05","73.83","683.0","GHODA AMBEGAON, IN","14",",I","2",",I","0",",I","4.3",",,I,10,","23.4",",,,I"
"IN012190101","1904-09","19.05","73.83","683.0","GHODA AMBEGAON, IN","7",",I","5",",I","0",",I","9.9",",,I,11,","36.1",",,,I"
"IN012190101","1904-10","19.05","73.83","683.0","GHODA AMBEGAON, IN","9",",I","7",",I","2",",I","33.0",",,I,11,","109.5",",,,I"
"IN012190101","1904-11","19.05","73.83","683.0","GHODA AMBEGAON, IN","0",",I","0",",I","0",",I","0.0",",,I,30,+","0.0",",,,I"
"IN012190101","1904-12","19.05","73.83","683.0","GHODA AMBEGAON, IN","0",",I","0",",I","0",",I","0.0",",,I,31,+","0.0",",,,I"
"IN012190101","1905-01","19.05","73.83","683.0","GHODA AMBEGAON, IN","0",",I","0",",I","0",",I","0.0",",,I,31,+","0.0",",,,I"
"IN012190101","1905-02","19.05","73.83","683.0","GHODA AMBEGAON, IN","0",",I","0",",I","0",",I","0.0",",,I,28,+","0.0",",,,I"
"IN012190101","1905-03","19.05","73.83","683.0","GHODA AMBEGAON, IN","0",",I","0",",I","0",",I","0.0",",,I,31,+","0.0",",,,I"
"IN012190101","1905-04","19.05","73.83","683.0","GHODA AMBEGAON, IN","0",",I","0",",I","0",",I","0.0",",,I,30,+","0.0",",,,I"
"IN012190101","1905-05","19.05","73.83","683.0","GHODA AMBEGAON, IN","1",",I","1",",I","1",",I","44.7",",,I,16,","44.7",",,,I"
"IN012190101","1905-06","19.05","73.83","683.0","GHODA AMBEGAON, IN","2",",I","2",",I","0",",I","8.4",",,I,28,","12.0",",,,I"
"IN012190101","1905-07","19.05","73.83","683.0","GHODA AMBEGAON, IN","24",",I","17",",I","1",",I","93.7",",,I,06,","238.2",",,,I"
"IN012190101","1905-08","19.05","73.83","683.0","GHODA AMBEGAON, IN","17",",I","7",",I","0",",I","5.3",",,I,25,","38.2",",,,I"
"IN012190101","1905-09","19.05","73.83","683.0","GHODA AMBEGAON, IN","5",",I","3",",I","0",",I","5.6",",,I,08,","17.4",",,,I"
"IN012190101","1905-10","19.05","73.83","683.0","GHODA AMBEGAON, IN","4",",I","2",",I","1",",I","45.2",",,I,22,","58.0",",,,I"
"IN012190101","1905-11","19.05","73.83","683.0","GHODA AMBEGAON, IN","2",",I","2",",I","0",",I","8.1",",,I,27,","11.1",",,,I"
"IN012190101","1905-12","19.05","73.83","683.0","GHODA AMBEGAON, IN","0",",I","0",",I","0",",I","0.0",",,I,31,+","0.0",",,,I"
"IN012190101","1906-01","19.05","73.83","683.0","GHODA AMBEGAON, IN","2",",I","2",",I","0",",I","3.3",",,I,19,","5.8",",,,I"
"IN012190101","1906-02","19.05","73.83","683.0","GHODA AMBEGAON, IN","0",",I","0",",I","0",",I","0.0",",,I,28,+","0.0",",,,I"
"IN012190101","1906-03","19.05","73.83","683.0","GHODA AMBEGAON, IN","0",",I","0",",I","0",",I","0.0",",,I,31,+","0.0",",,,I"
"IN012190101","1906-04","19.05","73.83","683.0","GHODA AMBEGAON, IN","0",",I","0",",I","0",",I","0.0",",,I,30,+","0.0",",,,I"
"IN012190101","1906-05","19.05","73.83","683.0","GHODA AMBEGAON, IN","0",",I","0",",I","0",",I","0.0",",,I,31,+","0.0",",,,I"
"IN012190101","1906-06","19.05","73.83","683.0","GHODA AMBEGAON, IN","20",",I","14",",I","1",",I","27.9",",,I,19,","127.0",",,,I"
"IN012190101","1906-07","19.05","73.83","683.0","GHODA AMBEGAON, IN","18",",I","12",",I","1",",I","29.5",",,I,21,","121.6",",,,I"
"IN012190101","1906-08","19.05","73.83","683.0","GHODA AMBEGAON, IN","17",",I","10",",I","2",",I","36.8",",,I,21,","127.4",",,,I"
"IN012190101","1906-09","19.05","73.83","683.0","GHODA AMBEGAON, IN","11",",I","3",",I","0",",I","18.3",",,I,22,","39.8",",,,I"
"IN012190101","1906-10","19.05","73.83","683.0","GHODA AMBEGAON, IN","2",",I","0",",I","0",",I","1.3",",,I,07,","1.6",",,,I"
"IN012190101","1906-11","19.05","73.83","683.0","GHODA AMBEGAON, IN","2",",I","2",",I","0",",I","13.2",",,I,25,","22.9",",,,I"
"IN012190101","1906-12","19.05","73.83","683.0","GHODA AMBEGAON, IN","0",",I","0",",I","0",",I","0.0",",,I,31,+","0.0",",,,I"
"IN012190101","1907-01","19.05","73.83","683.0","GHODA AMBEGAON, IN","1",",I","1",",I","0",",I","6.1",",,I,02,","6.1",",,,I"
"IN012190101","1907-02","19.05","73.83","683.0","GHODA AMBEGAON, IN","0",",I","0",",I","0",",I","0.0",",,I,28,+","0.0",",,,I"
"IN012190101","1907-03","19.05","73.83","683.0","GHODA AMBEGAON, IN","1",",I","0",",I","0",",I","0.5",",,I,31,","0.5",",,,I"
"IN012190101","1907-04","19.05","73.83","683.0","GHODA AMBEGAON, IN","6",",I","3",",I","0",",I","12.7",",,I,23,","30.8",",,,I"
"IN012190101","1907-05","19.05","73.83","683.0","GHODA AMBEGAON, IN","0",",I","0",",I","0",",I","0.0",",,I,31,+","0.0",",,,I"
"IN012190101","1907-06","19.05","73.83","683.0","GHODA AMBEGAON, IN","15",",I","7",",I","0",",I","16.5",",,I,25,","58.0",",,,I"
"IN012190101","1907-07","19.05","73.83","683.0","GHODA AMBEGAON, IN","18",",I","18",",I","3",",I","91.4",",,I,25,","358.5",",,,I"
"IN012190101","1907-08","19.05","73.83","683.0","GHODA AMBEGAON, IN","28",",I","19",",I","1",",I","33.8",",,I,16,","222.7",",,,I"
"IN012190101","1907-09","19.05","73.83","683.0","GHODA AMBEGAON, IN","8",",I","4",",I","0",",I","4.8",",,I,26,","18.7",",,,I"
"IN012190101","1907-10","19.05","73.83","683.0","GHODA AMBEGAON, IN","1",",I","1",",I","0",",I","13.5",",,I,03,","13.5",",,,I"
"IN012190101","1907-11","19.05","73.83","683.0","GHODA AMBEGAON, IN","1",",I","0",",I","0",",I","1.8",",,I,21,","1.8",",,,I"
"IN012190101","1907-12","19.05","73.83","683.0","GHODA AMBEGAON, IN","0",",I","0",",I","0",",I","0.0",",,I,31,+","0.0",",,,I"
"IN012190101","1908-01","19.05","73.83","683.0","GHODA AMBEGAON, IN","0",",I","0",",I","0",",I","0.0",",,I,31,+","0.0",",,,I"
"IN012190101","1908-02","19.05","73.83","683.0","GHODA AMBEGAON, IN","0",",I","0",",I","0",",I","0.0",",,I,29,+","0.0",",,,I"
"IN012190101","1908-03","19.05","73.83","683.0","GHODA AMBEGAON, IN","0",",I","0",",I","0",",I","0.0",",,I,31,+","0.0",",,,I"
"IN012190101","1908-04","19.05","73.83","683.0","GHODA AMBEGAON, IN","3",",I","2",",I","0",",I","22.4",",,I,05,","30.8",",,,I"
"IN012190101","1908-05","19.05","73.83","683.0","GHODA AMBEGAON, IN","0",",I","0",",I","0",",I","0.0",",,I,31,+","0.0",",,,I"
"IN012190101","1908-06","19.05","73.83","683.0","GHODA AMBEGAON, IN","7",",I","4",",I","0",",I","8.1",",,I,11,","26.5",",,,I"
"IN012190101","1908-07","19.05","73.83","683.0","GHODA AMBEGAON, IN","29",",I","18",",I","2",",I","32.5",",,I,30,","230.9",",,,I"
"IN012190101","1908-08","19.05","73.83","683.0","GHODA AMBEGAON, IN","27",",I","14",",I","1",",I","44.5",",,I,02,","152.5",",,,I"
"IN012190101","1908-09","19.05","73.83","683.0","GHODA AMBEGAON, IN","13",",I","7",",I","4",",I","54.6",",,I,19,","173.9",",,,I"
"IN012190101","1908-10","19.05","73.83","683.0","GHODA AMBEGAON, IN","2",",I","1",",I","1",",I","45.2",",,I,28,","47.5",",,,I"
"IN012190101","1908-11","19.05","73.83","683.0","GHODA AMBEGAON, IN","0",",I","0",",I","0",",I","0.0",",,I,30,+","0.0",",,,I"
"IN012190101","1908-12","19.05","73.83","683.0","GHODA AMBEGAON, IN","0",",I","0",",I","0",",I","0.0",",,I,31,+","0.0",",,,I"
"IN012190101","1909-01","19.05","73.83","683.0","GHODA AMBEGAON, IN","0",",I","0",",I","0",",I","0.0",",,I,31,+","0.0",",,,I"
"IN012190101","1909-02","19.05","73.83","683.0","GHODA AMBEGAON, IN","0",",I","0",",I","0",",I","0.0",",,I,28,+","0.0",",,,I"
"IN012190101","1909-03","19.05","73.83","683.0","GHODA AMBEGAON, IN","0",",I","0",",I","0",",I","0.0",",,I,31,+","0.0",",,,I"
"IN012190101","1909-04","19.05","73.83","683.0","GHODA AMBEGAON, IN","0",",I","0",",I","0",",I","0.0",",,I,30,+","0.0",",,,I"
"IN012190101","1909-05","19.05","73.83","683.0","GHODA AMBEGAON, IN","1",",I","1",",I","0",",I","9.9",",,I,12,","9.9",",,,I"
"IN012190101","1909-06","19.05","73.83","683.0","GHODA AMBEGAON, IN","17",",I","7",",I","2",",I","38.6",",,I,02,","121.9",",,,I"
"IN012190101","1909-07","19.05","73.83","683.0","GHODA AMBEGAON, IN","28",",I","21",",I","2",",I","34.5",",,I,03,","237.5",",,,I"
"IN012190101","1909-08","19.05","73.83","683.0","GHODA AMBEGAON, IN","12",",I","5",",I","0",",I","11.4",",,I,25,","42.1",",,,I"
"IN012190101","1909-09","19.05","73.83","683.0","GHODA AMBEGAON, IN","9",",I","7",",I","1",",I","27.2",",,I,06,","102.8",",,,I"
"IN012190101","1909-10","19.05","73.83","683.0","GHODA AMBEGAON, IN","3",",I","3",",I","0",",I","21.8",",,I,03,","36.5",",,,I"
"IN012190101","1909-11","19.05","73.83","683.0","GHODA AMBEGAON, IN","0",",I","0",",I","0",",I","0.0",",,I,30,+","0.0",",,,I"
"IN012190101","1909-12","19.05","73.83","683.0","GHODA AMBEGAON, IN","0",",I","0",",I","0",",I","0.0",",,I,31,+","0.0",",,,I"
"IN012190101","1910-01","19.05","73.83","683.0","GHODA AMBEGAON, IN","0",",I","0",",I","0",",I","0.0",",,I,31,+","0.0",",,,I"
"IN012190101","1910-02","19.05","73.83","683.0","GHODA AMBEGAON, IN","0",",I","0",",I","0",",I","0.0",",,I,28,+","0.0",",,,I"
"IN012190101","1910-03","19.05","73.83","683.0","GHODA AMBEGAON, IN","0",",I","0",",I","0",",I","0.0",",,I,31,+","0.0",",,,I"
"IN012190101","1910-04","19.05","73.83","683.0","GHODA AMBEGAON, IN","0",",I","0",",I","0",",I","0.0",",,I,30,+","0.0",",,,I"
"IN012190101","1910-05","19.05","73.83","683.0","GHODA AMBEGAON, IN","1",",I","1",",I","0",",I","8.1",",,I,14,","8.1",",,,I"
"IN012190101","1910-06","19.05","73.83","683.0","GHODA AMBEGAON, IN","17",",I","11",",I","3",",I","34.3",",,I,26,","149.7",",,,I"
"IN012190101","1910-07","19.05","73.83","683.0","GHODA AMBEGAON, IN","10",",I","10",",I","1",",I","33.8",",,I,30,","122.3",",,,I"
"IN012190101","1910-08","19.05","73.83","683.0","GHODA AMBEGAON, IN","26",",I","13",",I","3",",I","75.4",",,I,09,","268.7",",,,I"
"IN012190101","1910-09","19.05","73.83","683.0","GHODA AMBEGAON, IN","13",",I","10",",I","1",",I","36.3",",,I,01,","90.1",",,,I"
"IN012190101","1910-10","19.05","73.83","683.0","GHODA AMBEGAON, IN","6",",I","5",",I","1",",I","42.2",",,I,01,","84.3",",,,I"
"IN012190101","1910-11","19.05","73.83","683.0","GHODA AMBEGAON, IN","0",",I","0",",I","0",",I","0.0",",,I,30,+","0.0",",,,I"
"IN012190101","1910-12","19.05","73.83","683.0","GHODA AMBEGAON, IN","0",",I","0",",I","0",",I","0.0",",,I,31,+","0.0",",,,I"
"IN012190101","1911-01","19.05","73.83","683.0","GHODA AMBEGAON, IN","0",",I","0",",I","0",",I","0.0",",,I,31,+","0.0",",,,I"
"IN012190101","1911-02","19.05","73.83","683.0","GHODA AMBEGAON, IN","0",",I","0",",I","0",",I","0.0",",,I,28,+","0.0",",,,I"
"IN012190101","1911-03","19.05","73.83","683.0","GHODA AMBEGAON, IN","0",",I","0",",I","0",",I","0.0",",,I,31,+","0.0",",,,I"
"IN012190101","1911-04","19.05","73.83","683.0","GHODA AMBEGAON, IN","0",",I","0",",I","0",",I","0.0",",,I,30,+","0.0",",,,I"
"IN012190101","1911-05","19.05","73.83","683.0","GHODA AMBEGAON, IN","0",",I","0",",I","0",",I","0.0",",,I,31,+","0.0",",,,I"
"IN012190101","1911-06","19.05","73.83","683.0","GHODA AMBEGAON, IN","12",",I","8",",I","0",",I","24.4",",,I,11,","116.1",",,,I"
"IN012190101","1911-07","19.05","73.83","683.0","GHODA AMBEGAON, IN","17",",I","8",",I","1",",I","35.6",",,I,06,","91.0",",,,I"
"IN012190101","1911-08","19.05","73.83","683.0","GHODA AMBEGAON, IN","29",",I","21",",I","0",",I","21.6",",,I,07,","190.0",",,,I"
"IN012190101","1911-09","19.05","73.83","683.0","GHODA AMBEGAON, IN","9",",I","3",",I","0",",I","6.1",",,I,09,","17.5",",,,I"
"IN012190101","1911-10","19.05","73.83","683.0","GHODA AMBEGAON, IN","3",",I","2",",I","0",",I","10.2",",,I,01,","16.3",",,,I"
"IN012190101","1911-11","19.05","73.83","683.0","GHODA AMBEGAON, IN","5",",I","5",",I","1",",I","37.3",",,I,29,","75.1",",,,I"
"IN012190101","1911-12","19.05","73.83","683.0","GHODA AMBEGAON, IN","1",",I","1",",I","0",",I","5.3",",,I,09,","5.3",",,,I"
"IN012190101","1912-01","19.05","73.83","683.0","GHODA AMBEGAON, IN","0",",I","0",",I","0",",I","0.0",",,I,31,+","0.0",",,,I"
"IN012190101","1912-02","19.05","73.83","683.0","GHODA AMBEGAON, IN","0",",I","0",",I","0",",I","0.0",",,I,29,+","0.0",",,,I"
"IN012190101","1912-03","19.05","73.83","683.0","GHODA AMBEGAON, IN","0",",I","0",",I","0",",I","0.0",",,I,31,+","0.0",",,,I"
"IN012190101","1912-04","19.05","73.83","683.0","GHODA AMBEGAON, IN","0",",I","0",",I","0",",I","0.0",",,I,30,+","0.0",",,,I"
"IN012190101","1912-05","19.05","73.83","683.0","GHODA AMBEGAON, IN","2",",I","2",",I","0",",I","9.1",",,I,27,","16.2",",,,I"
"IN012190101","1912-06","19.05","73.83","683.0","GHODA AMBEGAON, IN","11",",I","7",",I","3",",I","59.2",",,I,28,","180.0",",,,I"
"IN012190101","1912-07","19.05","73.83","683.0","GHODA AMBEGAON, IN","24",",I","14",",I","4",",I","89.7",",,I,22,","329.5",",,,I"
"IN012190101","1912-08","19.05","73.83","683.0","GHODA AMBEGAON, IN","23",",I","13",",I","1",",I","42.2",",,I,05,","119.6",",,,I"
"IN012190101","1912-09","19.05","73.83","683.0","GHODA AMBEGAON, IN","4",",I","1",",I","0",",I","3.8",",,I,23,","7.1",",,,I"
"IN012190101","1912-10","19.05","73.83","683.0","GHODA AMBEGAON, IN","8",",I","6",",I","2",",I","47.8",",,I,09,","129.6",",,,I"
"IN012190101","1912-11","19.05","73.83","683.0","GHODA AMBEGAON, IN","3",",I","3",",I","1",",I","26.7",",,I,22,","60.5",",,,I"
"IN012190101","1912-12","19.05","73.83","683.0","GHODA AMBEGAON, IN","0",",I","0",",I","0",",I","0.0",",,I,31,+","0.0",",,,I"
"IN012190101","1913-01","19.05","73.83","683.0","GHODA AMBEGAON, IN","0",",I","0",",I","0",",I","0.0",",,I,31,+","0.0",",,,I"
"IN012190101","1913-02","19.05","73.83","683.0","GHODA AMBEGAON, IN","0",",I","0",",I","0",",I","0.0",",,I,28,+","0.0",",,,I"
"IN012190101","1913-03","19.05","73.83","683.0","GHODA AMBEGAON, IN","0",",I","0",",I","0",",I","0.0",",,I,31,+","0.0",",,,I"
"IN012190101","1913-04","19.05","73.83","683.0","GHODA AMBEGAON, IN","1",",I","1",",I","0",",I","25.1",",,I,29,","25.1",",,,I"
"IN012190101","1913-05","19.05","73.83","683.0","GHODA AMBEGAON, IN","5",",I","5",",I","1",",I","84.1",",,I,27,","144.5",",,,I"
"IN012190101","1913-06","19.05","73.83","683.0","GHODA AMBEGAON, IN","18",",I","17",",I","8",",I","79.5",",,I,27,","420.1",",,,I"
"IN012190101","1913-07","19.05","73.83","683.0","GHODA AMBEGAON, IN","24",",I","13",",I","3",",I","47.8",",,I,19,","224.0",",,,I"
"IN012190101","1913-08","19.05","73.83","683.0","GHODA AMBEGAON, IN","16",",I","10",",I","0",",I","22.6",",,I,03,","97.3",",,,I"
"IN012190101","1913-09","19.05","73.83","683.0","GHODA AMBEGAON, IN","11",",I","7",",I","1",",I","39.6",",,I,18,","79.3",",,,I"
"IN012190101","1913-10","19.05","73.83","683.0","GHODA AMBEGAON, IN","7",",I","3",",I","1",",I","47.0",",,I,13,","71.7",",,,I"
"IN012190101","1913-11","19.05","73.83","683.0","GHODA AMBEGAON, IN","0",",I","0",",I","0",",I","0.0",",,I,30,+","0.0",",,,I"
"IN012190101","1913-12","19.05","73.83","683.0","GHODA AMBEGAON, IN","0",",I","0",",I","0",",I","0.0",",,I,31,+","0.0",",,,I"
"IN012190101","1914-01","19.05","73.83","683.0","GHODA AMBEGAON, IN","0",",I","0",",I","0",",I","0.0",",,I,31,+","0.0",",,,I"
"IN012190101","1914-02","19.05","73.83","683.0","GHODA AMBEGAON, IN","0",",I","0",",I","0",",I","0.0",",,I,28,+","0.0",",,,I"
"IN012190101","1914-03","19.05","73.83","683.0","GHODA AMBEGAON, IN","0",",I","0",",I","0",",I","0.0",",,I,31,+","0.0",",,,I"
"IN012190101","1914-04","19.05","73.83","683.0","GHODA AMBEGAON, IN","1",",I","1",",I","0",",I","5.1",",,I,27,","5.1",",,,I"
"IN012190101","1914-05","19.05","73.83","683.0","GHODA AMBEGAON, IN","1",",I","1",",I","0",",I","15.0",",,I,08,","15.0",",,,I"
"IN012190101","1914-06","19.05","73.83","683.0","GHODA AMBEGAON, IN","13",",I","7",",I","3",",I","70.1",",,I,27,","200.4",",,,I"
"IN012190101","1914-07","19.05","73.83","683.0","GHODA AMBEGAON, IN","28",",I","25",",I","6",",I","63.2",",,I,18,","396.8",",,,I"
"IN012190101","1914-08","19.05","73.83","683.0","GHODA AMBEGAON, IN","22",",I","12",",I","3",",I","54.6",",,I,05,","186.6",",,,I"
"IN012190101","1914-09","19.05","73.83","683.0","GHODA AMBEGAON, IN","9",",I","8",",I","2",",I","42.4",",,I,16,","141.5",",,,I"
"IN012190101","1914-10","19.05","73.83","683.0","GHODA AMBEGAON, IN","3",",I","1",",I","0",",I","11.9",",,I,02,","14.7",",,,I"
"IN012190101","1914-11","19.05","73.83","683.0","GHODA AMBEGAON, IN","1",",I","1",",I","1",",I","38.6",",,I,06,","38.6",",,,I"
"IN012190101","1914-12","19.05","73.83","683.0","GHODA AMBEGAON, IN","0",",I","0",",I","0",",I","0.0",",,I,31,+","0.0",",,,I"
"IN012190101","1915-01","19.05","73.83","683.0","GHODA AMBEGAON, IN","0",",I","0",",I","0",",I","0.0",",,I,31,+","0.0",",,,I"
"IN012190101","1915-02","19.05","73.83","683.0","GHODA AMBEGAON, IN","0",",I","0",",I","0",",I","0.0",",,I,28,+","0.0",",,,I"
"IN012190101","1915-03","19.05","73.83","683.0","GHODA AMBEGAON, IN","0",",I","0",",I","0",",I","0.0",",,I,31,+","0.0",",,,I"
"IN012190101","1915-04","19.05","73.83","683.0","GHODA AMBEGAON, IN","2",",I","2",",I","0",",I","22.1",",,I,15,","28.7",",,,I"
"IN012190101","1915-05","19.05","73.83","683.0","GHODA AMBEGAON, IN","0",",I","0",",I","0",",I","0.0",",,I,31,+","0.0",",,,I"
"IN012190101","1915-06","19.05","73.83","683.0","GHODA AMBEGAON, IN","10",",I","9",",I","5",",I","144.0",",,I,27,","356.3",",,,I"
"IN012190101","1915-07","19.05","73.83","683.0","GHODA AMBEGAON, IN","16",",I","16",",I","3",",I","53.3",",,I,28,","271.4",",,,I"
"IN012190101","1915-08","19.05","73.83","683.0","GHODA AMBEGAON, IN","11",",I","8",",I","0",",I","13.7",",,I,02,","71.6",",,,I"
"IN012190101","1915-09","19.05","73.83","683.0","GHODA AMBEGAON, IN","18",",I","15",",I","3",",I","48.8",",,I,27,","283.5",",,,I"
"IN012190101","1915-10","19.05","73.83","683.0","GHODA AMBEGAON, IN","5",",I","3",",I","0",",I","5.3",",,I,03,","15.7",",,,I"
"IN012190101","1915-11","19.05","73.83","683.0","GHODA AMBEGAON, IN","3",",I","2",",I","0",",I","20.8",",,I,21,","30.2",",,,I"
"IN012190101","1915-12","19.05","73.83","683.0","GHODA AMBEGAON, IN","0",",I","0",",I","0",",I","0.0",",,I,31,+","0.0",",,,I"
"IN012190101","1916-01","19.05","73.83","683.0","GHODA AMBEGAON, IN","0",",I","0",",I","0",",I","0.0",",,I,31,+","0.0",",,,I"
"IN012190101","1916-02","19.05","73.83","683.0","GHODA AMBEGAON, IN","0",",I","0",",I","0",",I","0.0",",,I,29,+","0.0",",,,I"
"IN012190101","1916-03","19.05","73.83","683.0","GHODA AMBEGAON, IN","0",",I","0",",I","0",",I","0.0",",,I,31,+","0.0",",,,I"
"IN012190101","1916-04","19.05","73.83","683.0","GHODA AMBEGAON, IN","0",",I","0",",I","0",",I","0.0",",,I,30,+","0.0",",,,I"
"IN012190101","1916-05","19.05","73.83","683.0","GHODA AMBEGAON, IN","4",",I","4",",I","1",",I","33.0",",,I,28,","77.0",",,,I"
"IN012190101","1916-06","19.05","73.83","683.0","GHODA AMBEGAON, IN","17",",I","10",",I","1",",I","46.7",",,I,11,","138.0",",,,I"
"IN012190101","1916-07","19.05","73.83","683.0","GHODA AMBEGAON, IN","16",",I","12",",I","1",",I","30.5",",,I,28,","97.4",",,,I"
"IN012190101","1916-08","19.05","73.83","683.0","GHODA AMBEGAON, IN","20",",I","16",",I","0",",I","16.5",",,I,06,","117.3",",,,I"
"IN012190101","1916-09","19.05","73.83","683.0","GHODA AMBEGAON, IN","12",",I","10",",I","4",",I","72.4",",,I,06,","247.2",",,,I"
"IN012190101","1916-10","19.05","73.83","683.0","GHODA AMBEGAON, IN","10",",I","8",",I","3",",I","104.4",",,I,26,","245.1",",,,I"
"IN012190101","1916-11","19.05","73.83","683.0","GHODA AMBEGAON, IN","4",",I","2",",I","0",",I","6.6",",,I,26,","13.0",",,,I"
"IN012190101","1916-12","19.05","73.83","683.0","GHODA AMBEGAON, IN","0",",I","0",",I","0",",I","0.0",",,I,31,+","0.0",",,,I"
"IN012190101","1917-01","19.05","73.83","683.0","GHODA AMBEGAON, IN","0",",I","0",",I","0",",I","0.0",",,I,31,+","0.0",",,,I"
"IN012190101","1917-02","19.05","73.83","683.0","GHODA AMBEGAON, IN","3",",I","3",",I","0",",I","6.9",",,I,03,","14.0",",,,I"
"IN012190101","1917-03","19.05","73.83","683.0","GHODA AMBEGAON, IN","1",",I","0",",I","0",",I","2.0",",,I,30,","2.0",",,,I"
"IN012190101","1917-04","19.05","73.83","683.0","GHODA AMBEGAON, IN","0",",I","0",",I","0",",I","0.0",",,I,30,+","0.0",",,,I"
"IN012190101","1917-05","19.05","73.83","683.0","GHODA AMBEGAON, IN","0",",I","0",",I","0",",I","0.0",",,I,31,+","0.0",",,,I"
"IN012190101","1917-06","19.05","73.83","683.0","GHODA AMBEGAON, IN","17",",I","13",",I","2",",I","31.0",",,I,05,","134.2",",,,I"
"IN012190101","1917-07","19.05","73.83","683.0","GHODA AMBEGAON, IN","17",",I","11",",I","0",",I","19.1",",,I,27,","83.0",",,,I"
"IN012190101","1917-08","19.05","73.83","683.0","GHODA AMBEGAON, IN","13",",I","12",",I","0",",I","15.7",",,I,27,+","110.1",",,,I"
"IN012190101","1917-09","19.05","73.83","683.0","GHODA AMBEGAON, IN","11",",I","9",",I","0",",I","24.1",",,I,28,","126.6",",,,I"
"IN012190101","1917-10","19.05","73.83","683.0","GHODA AMBEGAON, IN","12",",I","12",",I","1",",I","27.9",",,I,23,","145.5",",,,I"
"IN012190101","1917-11","19.05","73.83","683.0","GHODA AMBEGAON, IN","3",",I","3",",I","2",",I","47.0",",,I,21,","107.2",",,,I"
"IN012190101","1917-12","19.05","73.83","683.0","GHODA AMBEGAON, IN","0",",I","0",",I","0",",I","0.0",",,I,31,+","0.0",",,,I"
"IN012190101","1918-01","19.05","73.83","683.0","GHODA AMBEGAON, IN","1",",I","1",",I","1",",I","28.2",",,I,14,","28.2",",,,I"
"IN012190101","1918-02","19.05","73.83","683.0","GHODA AMBEGAON, IN","0",",I","0",",I","0",",I","0.0",",,I,28,+","0.0",",,,I"
"IN012190101","1918-03","19.05","73.83","683.0","GHODA AMBEGAON, IN","2",",I","2",",I","0",",I","6.9",",,I,05,","12.2",",,,I"
"IN012190101","1918-04","19.05","73.83","683.0","GHODA AMBEGAON, IN","0",",I","0",",I","0",",I","0.0",",,I,30,+","0.0",",,,I"
"IN012190101","1918-05","19.05","73.83","683.0","GHODA AMBEGAON, IN","4",",I","4",",I","0",",I","19.3",",,I,12,","46.2",",,,I"
"IN012190101","1918-06","19.05","73.83","683.0","GHODA AMBEGAON, IN","2",",I","2",",I","0",",I","3.8",",,I,30,","7.1",",,,I"
"IN012190101","1918-07","19.05","73.83","683.0","GHODA AMBEGAON, IN","3",",I","2",",I","0",",I","14.5",",,I,05,","29.3",",,,I"
"IN012190101","1918-08","19.05","73.83","683.0","GHODA AMBEGAON, IN","15",",I","9",",I","1",",I","34.8",",,I,17,","113.1",",,,I"
"IN012190101","1918-09","19.05","73.83","683.0","GHODA AMBEGAON, IN","3",",I","2",",I","0",",I","8.4",",,I,17,","13.5",",,,I"
"IN012190101","1918-10","19.05","73.83","683.0","GHODA AMBEGAON, IN","0",",I","0",",I","0",",I","0.0",",,I,31,+","0.0",",,,I"
"IN012190101","1918-11","19.05","73.83","683.0","GHODA AMBEGAON, IN","1",",I","1",",I","0",",I","12.7",",,I,08,","12.7",",,,I"
"IN012190101","1918-12","19.05","73.83","683.0","GHODA AMBEGAON, IN","0",",I","0",",I","0",",I","0.0",",,I,31,+","0.0",",,,I"
"IN012190101","1919-01","19.05","73.83","683.0","GHODA AMBEGAON, IN","0",",I","0",",I","0",",I","0.0",",,I,31,+","0.0",",,,I"
"IN012190101","1919-02","19.05","73.83","683.0","GHODA AMBEGAON, IN","0",",I","0",",I","0",",I","0.0",",,I,28,+","0.0",",,,I"
"IN012190101","1919-03","19.05","73.83","683.0","GHODA AMBEGAON, IN","0",",I","0",",I","0",",I","0.0",",,I,31,+","0.0",",,,I"
"IN012190101","1919-04","19.05","73.83","683.0","GHODA AMBEGAON, IN","0",",I","0",",I","0",",I","0.0",",,I,30,+","0.0",",,,I"
"IN012190101","1919-05","19.05","73.83","683.0","GHODA AMBEGAON, IN","3",",I","2",",I","0",",I","5.1",",,I,27,","9.9",",,,I"
"IN012190101","1919-06","19.05","73.83","683.0","GHODA AMBEGAON, IN","13",",I","9",",I","1",",I","38.1",",,I,29,","118.7",",,,I"
"IN012190101","1919-07","19.05","73.83","683.0","GHODA AMBEGAON, IN","15",",I","13",",I","3",",I","79.5",",,I,29,","269.5",",,,I"
"IN012190101","1919-08","19.05","73.83","683.0","GHODA AMBEGAON, IN","24",",I","19",",I","1",",I","25.7",",,I,31,","146.6",",,,I"
"IN012190101","1919-09","19.05","73.83","683.0","GHODA AMBEGAON, IN","13",",I","13",",I","3",",I","66.0",",,I,28,","230.1",",,,I"
"IN012190101","1919-10","19.05","73.83","683.0","GHODA AMBEGAON, IN","4",",I","4",",I","0",",I","4.6",",,I,01,","14.5",",,,I"
"IN012190101","1919-11","19.05","73.83","683.0","GHODA AMBEGAON, IN","5",",I","5",",I","1",",I","29.0",",,I,19,","68.7",",,,I"
"IN012190101","1919-12","19.05","73.83","683.0","GHODA AMBEGAON, IN","0",",I","0",",I","0",",I","0.0",",,I,31,+","0.0",",,,I"
"IN012190101","1920-01","19.05","73.83","683.0","GHODA AMBEGAON, IN","3",",I","1",",I","0",",I","3.6",",,I,08,","6.9",",,,I"
"IN012190101","1920-02","19.05","73.83","683.0","GHODA AMBEGAON, IN","0",",I","0",",I","0",",I","0.0",",,I,29,+","0.0",",,,I"
"IN012190101","1920-03","19.05","73.83","683.0","GHODA AMBEGAON, IN","0",",I","0",",I","0",",I","0.0",",,I,31,+","0.0",",,,I"
"IN012190101","1920-04","19.05","73.83","683.0","GHODA AMBEGAON, IN","0",",I","0",",I","0",",I","0.0",",,I,30,+","0.0",",,,I"
"IN012190101","1920-05","19.05","73.83","683.0","GHODA AMBEGAON, IN","0",",I","0",",I","0",",I","0.0",",,I,31,+","0.0",",,,I"
"IN012190101","1920-06","19.05","73.83","683.0","GHODA AMBEGAON, IN","15",",I","9",",I","0",",I","15.7",",,I,20,","80.5",",,,I"
"IN012190101","1920-07","19.05","73.83","683.0","GHODA AMBEGAON, IN","27",",I","20",",I","1",",I","27.4",",,I,09,","161.7",",,,I"
"IN012190101","1920-08","19.05","73.83","683.0","GHODA AMBEGAON, IN","11",",I","7",",I","0",",I","23.4",",,I,02,","67.7",",,,I"
"IN012190101","1920-09","19.05","73.83","683.0","GHODA AMBEGAON, IN","10",",I","9",",I","2",",I","39.9",",,I,26,","160.4",",,,I"
"IN012190101","1920-10","19.05","73.83","683.0","GHODA AMBEGAON, IN","4",",I","3",",I","1",",I","29.2",",,I,17,","46.8",",,,I"
"IN012190101","1920-11","19.05","73.83","683.0","GHODA AMBEGAON, IN","0",",I","0",",I","0",",I","0.0",",,I,30,+","0.0",",,,I"
"IN012190101","1920-12","19.05","73.83","683.0","GHODA AMBEGAON, IN","0",",I","0",",I","0",",I","0.0",",,I,31,+","0.0",",,,I"
"IN012190101","1921-01","19.05","73.83","683.0","GHODA AMBEGAON, IN","0",",I","0",",I","0",",I","0.0",",,I,31,+","0.0",",,,I"
"IN012190101","1921-02","19.05","73.83","683.0","GHODA AMBEGAON, IN","0",",I","0",",I","0",",I","0.0",",,I,28,+","0.0",",,,I"
"IN012190101","1921-03","19.05","73.83","683.0","GHODA AMBEGAON, IN","0",",I","0",",I","0",",I","0.0",",,I,31,+","0.0",",,,I"
"IN012190101","1921-04","19.05","73.83","683.0","GHODA AMBEGAON, IN","1",",I","1",",I","0",",I","18.3",",,I,12,","18.3",",,,I"
"IN012190101","1921-05","19.05","73.83","683.0","GHODA AMBEGAON, IN","0",",I","0",",I","0",",I","0.0",",,I,31,+","0.0",",,,I"
"IN012190101","1921-06","19.05","73.83","683.0","GHODA AMBEGAON, IN","2",",I","2",",I","1",",I","68.6",",,I,19,","71.9",",,,I"
"IN012190101","1921-07","19.05","73.83","683.0","GHODA AMBEGAON, IN","15",",I","13",",I","4",",I","67.3",",,I,23,","291.8",",,,I"
"IN012190101","1921-08","19.05","73.83","683.0","GHODA AMBEGAON, IN","20",",I","13",",I","0",",I","10.4",",,I,13,","64.6",",,,I"
"IN012190101","1921-09","19.05","73.83","683.0","GHODA AMBEGAON, IN","7",",I","4",",I","1",",I","28.7",",,I,19,","77.8",",,,I"
"IN012190101","1921-10","19.05","73.83","683.0","GHODA AMBEGAON, IN","4",",I","4",",I","0",",I","23.6",",,I,06,","49.8",",,,I"
"IN012190101","1921-11","19.05","73.83","683.0","GHODA AMBEGAON, IN","1",",I","0",",I","0",",I","1.3",",,I,05,","1.3",",,,I"
"IN012190101","1921-12","19.05","73.83","683.0","GHODA AMBEGAON, IN","0",",I","0",",I","0",",I","0.0",",,I,31,+","0.0",",,,I"
"IN012190101","1922-01","19.05","73.83","683.0","GHODA AMBEGAON, IN","0",",I","0",",I","0",",I","0.0",",,I,31,+","0.0",",,,I"
"IN012190101","1922-02","19.05","73.83","683.0","GHODA AMBEGAON, IN","1",",I","1",",I","0",",I","2.5",",,I,16,","2.5",",,,I"
"IN012190101","1922-03","19.05","73.83","683.0","GHODA AMBEGAON, IN","0",",I","0",",I","0",",I","0.0",",,I,31,+","0.0",",,,I"
"IN012190101","1922-04","19.05","73.83","683.0","GHODA AMBEGAON, IN","1",",I","1",",I","1",",I","36.3",",,I,26,","36.3",",,,I"
"IN012190101","1922-05","19.05","73.83","683.0","GHODA AMBEGAON, IN","3",",I","2",",I","1",",I","31.0",",,I,20,","50.6",",,,I"
"IN012190101","1922-06","19.05","73.83","683.0","GHODA AMBEGAON, IN","11",",I","6",",I","1",",I","58.4",",,I,27,","106.4",",,,I"
"IN012190101","1922-07","19.05","73.83","683.0","GHODA AMBEGAON, IN","20",",I","14",",I","0",",I","17.8",",,I,28,","144.7",",,,I"
"IN012190101","1922-08","19.05","73.83","683.0","GHODA AMBEGAON, IN","16",",I","11",",I","0",",I","20.1",",,I,21,","80.2",",,,I"
"IN012190101","1922-09","19.05","73.83","683.0","GHODA AMBEGAON, IN","9",",I","6",",I","0",",I","9.7",",,I,21,","43.6",",,,I"
"IN012190101","1922-10","19.05","73.83","683.0","GHODA AMBEGAON, IN","6",",I","6",",I","0",",I","22.4",",,I,09,","50.3",",,,I"
"IN012190101","1922-11","19.05","73.83","683.0","GHODA AMBEGAON, IN","8",",I","6",",I","2",",I","33.0",",,I,07,","119.5",",,,I"
"IN012190101","1922-12","19.05","73.83","683.0","GHODA AMBEGAON, IN","0",",I","0",",I","0",",I","0.0",",,I,31,+","0.0",",,,I"
"IN012190101","1923-01","19.05","73.83","683.0","GHODA AMBEGAON, IN","0",",I","0",",I","0",",I","0.0",",,I,31,+","0.0",",,,I"
"IN012190101","1923-02","19.05","73.83","683.0","GHODA AMBEGAON, IN","0",",I","0",",I","0",",I","0.0",",,I,28,+","0.0",",,,I"
"IN012190101","1923-03","19.05","73.83","683.0","GHODA AMBEGAON, IN","3",",I","3",",I","0",",I","17.8",",,I,06,","28.7",",,,I"
"IN012190101","1923-04","19.05","73.83","683.0","GHODA AMBEGAON, IN","2",",I","1",",I","0",",I","14.0",",,I,04,","16.3",",,,I"
"IN012190101","1923-05","19.05","73.83","683.0","GHODA AMBEGAON, IN","1",",I","1",",I","0",",I","14.0",",,I,27,","14.0",",,,I"
"IN012190101","1923-06","19.05","73.83","683.0","GHODA AMBEGAON, IN","1",",I","1",",I","0",",I","14.0",",,I,13,","14.0",",,,I"
"IN012190101","1923-07","19.05","73.83","683.0","GHODA AMBEGAON, IN","23",",I","20",",I","0",",I","24.1",",,I,02,","181.6",",,,I"
"IN012190101","1923-08","19.05","73.83","683.0","GHODA AMBEGAON, IN","21",",I","14",",I","1",",I","61.7",",,I,01,","141.1",",,,I"
"IN012190101","1923-09","19.05","73.83","683.0","GHODA AMBEGAON, IN","12",",I","11",",I","3",",I","71.1",",,I,18,","242.5",",,,I"
"IN012190101","1923-10","19.05","73.83","683.0","GHODA AMBEGAON, IN","0",",I","0",",I","0",",I","0.0",",,I,31,+","0.0",",,,I"
"IN012190101","1923-11","19.05","73.83","683.0","GHODA AMBEGAON, IN","0",",I","0",",I","0",",I","0.0",",,I,30,+","0.0",",,,I"
"IN012190101","1923-12","19.05","73.83","683.0","GHODA AMBEGAON, IN","0",",I","0",",I","0",",I","0.0",",,I,31,+","0.0",",,,I"
"IN012190101","1924-01","19.05","73.83","683.0","GHODA AMBEGAON, IN","0",",I","0",",I","0",",I","0.0",",,I,31,+","0.0",",,,I"
"IN012190101","1924-02","19.05","73.83","683.0","GHODA AMBEGAON, IN","0",",I","0",",I","0",",I","0.0",",,I,29,+","0.0",",,,I"
"IN012190101","1924-03","19.05","73.83","683.0","GHODA AMBEGAON, IN","0",",I","0",",I","0",",I","0.0",",,I,31,+","0.0",",,,I"
"IN012190101","1924-04","19.05","73.83","683.0","GHODA AMBEGAON, IN","1",",I","1",",I","0",",I","15.2",",,I,01,","15.2",",,,I"
"IN012190101","1924-05","19.05","73.83","683.0","GHODA AMBEGAON, IN","0",",I","0",",I","0",",I","0.0",",,I,31,+","0.0",",,,I"
"IN012190101","1924-06","19.05","73.83","683.0","GHODA AMBEGAON, IN","9",",I","5",",I","1",",I","28.4",",,I,15,","51.8",",,,I"
"IN012190101","1924-07","19.05","73.83","683.0","GHODA AMBEGAON, IN","23",",I","12",",I","1",",I","28.4",",,I,13,","120.0",",,,I"
"IN012190101","1924-08","19.05","73.83","683.0","GHODA AMBEGAON, IN","18",",I","16",",I","5",",I","60.5",",,I,27,","348.6",",,,I"
"IN012190101","1924-09","19.05","73.83","683.0","GHODA AMBEGAON, IN","9",",I","7",",I","1",",I","48.3",",,I,20,","152.6",",,,I"
"IN012190101","1924-10","19.05","73.83","683.0","GHODA AMBEGAON, IN","2",",I","2",",I","0",",I","16.8",",,I,20,","21.9",",,,I"
"IN012190101","1924-11","19.05","73.83","683.0","GHODA AMBEGAON, IN","1",",I","1",",I","0",",I","2.5",",,I,22,","2.5",",,,I"
"IN012190101","1924-12","19.05","73.83","683.0","GHODA AMBEGAON, IN","0",",I","0",",I","0",",I","0.0",",,I,31,+","0.0",",,,I"
"IN012190101","1925-01","19.05","73.83","683.0","GHODA AMBEGAON, IN","0",",I","0",",I","0",",I","0.0",",,I,31,+","0.0",",,,I"
"IN012190101","1925-02","19.05","73.83","683.0","GHODA AMBEGAON, IN","0",",I","0",",I","0",",I","0.0",",,I,28,+","0.0",",,,I"
"IN012190101","1925-03","19.05","73.83","683.0","GHODA AMBEGAON, IN","0",",I","0",",I","0",",I","0.0",",,I,31,+","0.0",",,,I"
"IN012190101","1925-04","19.05","73.83","683.0","GHODA AMBEGAON, IN","0",",I","0",",I","0",",I","0.0",",,I,30,+","0.0",",,,I"
"IN012190101","1925-05","19.05","73.83","683.0","GHODA AMBEGAON, IN","2",",I","1",",I","1",",I","43.9",",,I,29,","45.7",",,,I"
"IN012190101","1925-06","19.05","73.83","683.0","GHODA AMBEGAON, IN","15",",I","11",",I","1",",I","42.2",",,I,06,","126.6",",,,I"
"IN012190101","1925-07","19.05","73.83","683.0","GHODA AMBEGAON, IN","29",",I","21",",I","1",",I","45.7",",,I,14,","223.4",",,,I"
"IN012190101","1925-08","19.05","73.83","683.0","GHODA AMBEGAON, IN","23",",I","11",",I","0",",I","21.8",",,I,17,","75.8",",,,I"
"IN012190101","1925-09","19.05","73.83","683.0","GHODA AMBEGAON, IN","8",",I","5",",I","1",",I","48.8",",,I,20,","85.0",",,,I"
"IN012190101","1925-10","19.05","73.83","683.0","GHODA AMBEGAON, IN","4",",I","3",",I","0",",I","11.2",",,I,01,","26.0",",,,I"
"IN012190101","1925-11","19.05","73.83","683.0","GHODA AMBEGAON, IN","5",",I","3",",I","0",",I","22.9",",,I,19,","35.2",",,,I"
"IN012190101","1925-12","19.05","73.83","683.0","GHODA AMBEGAON, IN","1",",I","0",",I","0",",I","0.5",",,I,01,","0.5",",,,I"
"IN012190101","1926-01","19.05","73.83","683.0","GHODA AMBEGAON, IN","1",",I","1",",I","0",",I","9.7",",,I,30,","9.7",",,,I"
"IN012190101","1926-02","19.05","73.83","683.0","GHODA AMBEGAON, IN","0",",I","0",",I","0",",I","0.0",",,I,28,+","0.0",",,,I"
"IN012190101","1926-03","19.05","73.83","683.0","GHODA AMBEGAON, IN","0",",I","0",",I","0",",I","0.0",",,I,31,+","0.0",",,,I"
"IN012190101","1926-04","19.05","73.83","683.0","GHODA AMBEGAON, IN","0",",I","0",",I","0",",I","0.0",",,I,30,+","0.0",",,,I"
"IN012190101","1926-05","19.05","73.83","683.0","GHODA AMBEGAON, IN","0",",I","0",",I","0",",I","0.0",",,I,31,+","0.0",",,,I"
"IN012190101","1926-06","19.05","73.83","683.0","GHODA AMBEGAON, IN","8",",I","5",",I","2",",I","54.1",",,I,29,","127.0",",,,I"
"IN012190101","1926-07","19.05","73.83","683.0","GHODA AMBEGAON, IN","21",",I","12",",I","2",",I","31.0",",,I,06,","163.4",",,,I"
"IN012190101","1926-08","19.05","73.83","683.0","GHODA AMBEGAON, IN","22",",I","14",",I","3",",I","44.7",",,I,10,","210.2",",,,I"
"IN012190101","1926-09","19.05","73.83","683.0","GHODA AMBEGAON, IN","15",",I","10",",I","0",",I","17.8",",,I,28,","84.7",",,,I"
"IN012190101","1926-10","19.05","73.83","683.0","GHODA AMBEGAON, IN","3",",I","3",",I","0",",I","16.5",",,I,25,","23.1",",,,I"
"IN012190101","1926-11","19.05","73.83","683.0","GHODA AMBEGAON, IN","1",",I","1",",I","1",",I","36.1",",,I,10,","36.1",",,,I"
"IN012190101","1926-12","19.05","73.83","683.0","GHODA AMBEGAON, IN","0",",I","0",",I","0",",I","0.0",",,I,31,+","0.0",",,,I"
"IN012190101","1927-01","19.05","73.83","683.0","GHODA AMBEGAON, IN","0",",I","0",",I","0",",I","0.0",",,I,31,+","0.0",",,,I"
"IN012190101","1927-02","19.05","73.83","683.0","GHODA AMBEGAON, IN","0",",I","0",",I","0",",I","0.0",",,I,28,+","0.0",",,,I"
"IN012190101","1927-03","19.05","73.83","683.0","GHODA AMBEGAON, IN","1",",I","1",",I","0",",I","4.6",",,I,09,","4.6",",,,I"
"IN012190101","1927-04","19.05","73.83","683.0","GHODA AMBEGAON, IN","1",",I","1",",I","0",",I","11.2",",,I,28,","11.2",",,,I"
"IN012190101","1927-05","19.05","73.83","683.0","GHODA AMBEGAON, IN","0",",I","0",",I","0",",I","0.0",",,I,31,+","0.0",",,,I"
"IN012190101","1927-06","19.05","73.83","683.0","GHODA AMBEGAON, IN","12",",I","10",",I","2",",I","80.5",",,I,16,","221.6",",,,I"
"IN012190101","1927-07","19.05","73.83","683.0","GHODA AMBEGAON, IN","28",",I","19",",I","5",",I","79.8",",,I,03,","355.6",",,,I"
"IN012190101","1927-08","19.05","73.83","683.0","GHODA AMBEGAON, IN","21",",I","4",",I","0",",I","9.1",",,I,23,","33.0",",,,I"
"IN012190101","1927-09","19.05","73.83","683.0","GHODA AMBEGAON, IN","14",",I","10",",I","1",",I","25.9",",,I,26,","132.6",",,,I"
"IN012190101","1927-10","19.05","73.83","683.0","GHODA AMBEGAON, IN","3",",I","3",",I","0",",I","6.4",",,I,05,","14.3",",,,I"
"IN012190101","1927-11","19.05","73.83","683.0","GHODA AMBEGAON, IN","3",",I","2",",I","0",",I","25.1",",,I,13,","44.1",",,,I"
"IN012190101","1927-12","19.05","73.83","683.0","GHODA AMBEGAON, IN","1",",I","0",",I","0",",I","1.5",",,I,19,","1.5",",,,I"
"IN012190101","1928-01","19.05","73.83","683.0","GHODA AMBEGAON, IN","0",",I","0",",I","0",",I","0.0",",,I,31,+","0.0",",,,I"
"IN012190101","1928-02","19.05","73.83","683.0","GHODA AMBEGAON, IN","1",",I","0",",I","0",",I","2.0",",,I,04,","2.0",",,,I"
"IN012190101","1928-03","19.05","73.83","683.0","GHODA AMBEGAON, IN","0",",I","0",",I","0",",I","0.0",",,I,31,+","0.0",",,,I"
"IN012190101","1928-04","19.05","73.83","683.0","GHODA AMBEGAON, IN","0",",I","0",",I","0",",I","0.0",",,I,30,+","0.0",",,,I"
"IN012190101","1928-05","19.05","73.83","683.0","GHODA AMBEGAON, IN","0",",I","0",",I","0",",I","0.0",",,I,31,+","0.0",",,,I"
"IN012190101","1928-06","19.05","73.83","683.0","GHODA AMBEGAON, IN","4",",I","3",",I","1",",I","25.4",",,I,12,","43.0",",,,I"
"IN012190101","1928-07","19.05","73.83","683.0","GHODA AMBEGAON, IN","22",",I","18",",I","4",",I","59.4",",,I,11,","270.5",",,,I"
"IN012190101","1928-08","19.05","73.83","683.0","GHODA AMBEGAON, IN","24",",I","9",",I","2",",I","29.5",",,I,30,","104.2",",,,I"
"IN012190101","1928-09","19.05","73.83","683.0","GHODA AMBEGAON, IN","10",",I","9",",I","2",",I","52.1",",,I,16,","178.9",",,,I"
"IN012190101","1928-10","19.05","73.83","683.0","GHODA AMBEGAON, IN","9",",I","4",",I","0",",I","14.2",",,I,23,","46.6",",,,I"
"IN012190101","1928-11","19.05","73.83","683.0","GHODA AMBEGAON, IN","0",",I","0",",I","0",",I","0.0",",,I,30,+","0.0",",,,I"
"IN012190101","1928-12","19.05","73.83","683.0","GHODA AMBEGAON, IN","0",",I","0",",I","0",",I","0.0",",,I,31,+","0.0",",,,I"
"IN012190101","1929-01","19.05","73.83","683.0","GHODA AMBEGAON, IN","0",",I","0",",I","0",",I","0.0",",,I,31,+","0.0",",,,I"
"IN012190101","1929-02","19.05","73.83","683.0","GHODA AMBEGAON, IN","0",",I","0",",I","0",",I","0.0",",,I,28,+","0.0",",,,I"
"IN012190101","1929-03","19.05","73.83","683.0","GHODA AMBEGAON, IN","0",",I","0",",I","0",",I","0.0",",,I,31,+","0.0",",,,I"
"IN012190101","1929-04","19.05","73.83","683.0","GHODA AMBEGAON, IN","6",",I","5",",I","0",",I","17.8",",,I,22,","58.7",",,,I"
"IN012190101","1929-05","19.05","73.83","683.0","GHODA AMBEGAON, IN","0",",I","0",",I","0",",I","0.0",",,I,31,+","0.0",",,,I"
"IN012190101","1929-06","19.05","73.83","683.0","GHODA AMBEGAON, IN","9",",I","7",",I","0",",I","20.6",",,I,21,","75.7",",,,I"
"IN012190101","1929-07","19.05","73.83","683.0","GHODA AMBEGAON, IN","17",",I","13",",I","1",",I","44.5",",,I,13,","128.2",",,,I"
"IN012190101","1929-08","19.05","73.83","683.0","GHODA AMBEGAON, IN","15",",I","9",",I","0",",I","10.7",",,I,20,","46.3",",,,I"
"IN012190101","1929-09","19.05","73.83","683.0","GHODA AMBEGAON, IN","10",",I","7",",I","3",",I","80.3",",,I,18,","185.8",",,,I"
"IN012190101","1929-10","19.05","73.83","683.0","GHODA AMBEGAON, IN","5",",I","5",",I","0",",I","19.1",",,I,04,","47.9",",,,I"
"IN012190101","1929-11","19.05","73.83","683.0","GHODA AMBEGAON, IN","2",",I","2",",I","0",",I","7.6",",,I,07,","10.4",",,,I"
"IN012190101","1929-12","19.05","73.83","683.0","GHODA AMBEGAON, IN","0",",I","0",",I","0",",I","0.0",",,I,31,+","0.0",",,,I"
"IN012190101","1930-01","19.05","73.83","683.0","GHODA AMBEGAON, IN","0",",I","0",",I","0",",I","0.0",",,I,31,+","0.0",",,,I"
"IN012190101","1930-02","19.05","73.83","683.0","GHODA AMBEGAON, IN","0",",I","0",",I","0",",I","0.0",",,I,28,+","0.0",",,,I"
"IN012190101","1930-03","19.05","73.83","683.0","GHODA AMBEGAON, IN","0",",I","0",",I","0",",I","0.0",",,I,31,+","0.0",",,,I"
"IN012190101","1930-04","19.05","73.83","683.0","GHODA AMBEGAON, IN","1",",I","1",",I","0",",I","5.6",",,I,18,","5.6",",,,I"
"IN012190101","1930-05","19.05","73.83","683.0","GHODA AMBEGAON, IN","2",",I","2",",I","0",",I","14.0",",,I,09,","27.7",",,,I"
"IN012190101","1930-06","19.05","73.83","683.0","GHODA AMBEGAON, IN","11",",I","11",",I","4",",I","60.2",",,I,08,","223.5",",,,I"
"IN012190101","1930-07","19.05","73.83","683.0","GHODA AMBEGAON, IN","24",",I","18",",I","5",",I","54.6",",,I,04,","334.3",",,,I"
"IN012190101","1930-08","19.05","73.83","683.0","GHODA AMBEGAON, IN","12",",I","10",",I","0",",I","11.4",",,I,09,","60.0",",,,I"
"IN012190101","1930-09","19.05","73.83","683.0","GHODA AMBEGAON, IN","11",",I","11",",I","2",",I","43.2",",,I,07,","174.5",",,,I"
"IN012190101","1930-10","19.05","73.83","683.0","GHODA AMBEGAON, IN","5",",I","4",",I","1",",I","25.4",",,I,04,","67.9",",,,I"
"IN012190101","1930-11","19.05","73.83","683.0","GHODA AMBEGAON, IN","2",",I","2",",I","1",",I","34.3",",,I,04,","52.3",",,,I"
"IN012190101","1930-12","19.05","73.83","683.0","GHODA AMBEGAON, IN","1",",I","1",",I","0",",I","7.1",",,I,06,","7.1",",,,I"
"IN012190101","1931-01","19.05","73.83","683.0","GHODA AMBEGAON, IN","0",",I","0",",I","0",",I","0.0",",,I,31,+","0.0",",,,I"
"IN012190101","1931-02","19.05","73.83","683.0","GHODA AMBEGAON, IN","0",",I","0",",I","0",",I","0.0",",,I,28,+","0.0",",,,I"
"IN012190101","1931-03","19.05","73.83","683.0","GHODA AMBEGAON, IN","0",",I","0",",I","0",",I","0.0",",,I,31,+","0.0",",,,I"
"IN012190101","1931-04","19.05","73.83","683.0","GHODA AMBEGAON, IN","1",",I","1",",I","0",",I","8.9",",,I,14,","8.9",",,,I"
"IN012190101","1931-05","19.05","73.83","683.0","GHODA AMBEGAON, IN","0",",I","0",",I","0",",I","0.0",",,I,31,+","0.0",",,,I"
"IN012190101","1931-06","19.05","73.83","683.0","GHODA AMBEGAON, IN","7",",I","6",",I","0",",I","16.5",",,I,28,","45.1",",,,I"
"IN012190101","1931-07","19.05","73.83","683.0","GHODA AMBEGAON, IN","24",",I","18",",I","3",",I","67.3",",,I,12,","274.8",",,,I"
"IN012190101","1931-08","19.05","73.83","683.0","GHODA AMBEGAON, IN","27",",I","15",",I","1",",I","32.5",",,I,23,","131.4",",,,I"
"IN012190101","1931-09","19.05","73.83","683.0","GHODA AMBEGAON, IN","16",",I","6",",I","1",",I","37.1",",,I,18,","103.5",",,,I"
"IN012190101","1931-10","19.05","73.83","683.0","GHODA AMBEGAON, IN","13",",I","12",",I","2",",I","38.9",",,I,06,","159.7",",,,I"
"IN012190101","1931-11","19.05","73.83","683.0","GHODA AMBEGAON, IN","4",",I","4",",I","1",",I","40.1",",,I,13,","81.6",",,,I"
"IN012190101","1931-12","19.05","73.83","683.0","GHODA AMBEGAON, IN","3",",I","1",",I","0",",I","7.6",",,I,14,","10.2",",,,I"
"IN012190101","1932-01","19.05","73.83","683.0","GHODA AMBEGAON, IN","0",",I","0",",I","0",",I","0.0",",,I,31,+","0.0",",,,I"
"IN012190101","1932-02","19.05","73.83","683.0","GHODA AMBEGAON, IN","0","1,I","0","1,I","0","1,I","0.0","1,,I,29,+","0.0","1,,,I"
"IN012190101","1932-03","19.05","73.83","683.0","GHODA AMBEGAON, IN","0",",I","0",",I","0",",I","0.0",",,I,31,+","0.0",",,,I"
"IN012190101","1932-04","19.05","73.83","683.0","GHODA AMBEGAON, IN","1",",I","1",",I","0",",I","3.3",",,I,30,","3.3",",,,I"
"IN012190101","1932-05","19.05","73.83","683.0","GHODA AMBEGAON, IN","3",",I","2",",I","0",",I","5.8",",,I,22,","11.2",",,,I"
"IN012190101","1932-06","19.05","73.83","683.0","GHODA AMBEGAON, IN","5",",I","2",",I","0",",I","7.1",",,I,23,","15.5",",,,I"
"IN012190101","1932-07","19.05","73.83","683.0","GHODA AMBEGAON, IN","28",",I","23",",I","5",",I","53.1",",,I,19,","358.0",",,,I"
"IN012190101","1932-08","19.05","73.83","683.0","GHODA AMBEGAON, IN","19",",I","14",",I","1",",I","43.4",",,I,30,","165.9",",,,I"
"IN012190101","1932-09","19.05","73.83","683.0","GHODA AMBEGAON, IN","11",",I","9",",I","4",",I","44.7",",,I,03,","223.4",",,,I"
"IN012190101","1932-10","19.05","73.83","683.0","GHODA AMBEGAON, IN","13",",I","10",",I","4",",I","39.4",",,I,27,","171.6",",,,I"
"IN012190101","1932-11","19.05","73.83","683.0","GHODA AMBEGAON, IN","3",",I","0",",I","0",",I","2.0",",,I,20,","3.6",",,,I"
"IN012190101","1932-12","19.05","73.83","683.0","GHODA AMBEGAON, IN","0",",I","0",",I","0",",I","0.0",",,I,31,+","0.0",",,,I"
"IN012190101","1933-01","19.05","73.83","683.0","GHODA AMBEGAON, IN","0",",I","0",",I","0",",I","0.0",",,I,31,+","0.0",",,,I"
"IN012190101","1933-02","19.05","73.83","683.0","GHODA AMBEGAON, IN","0",",I","0",",I","0",",I","0.0",",,I,28,+","0.0",",,,I"
"IN012190101","1933-03","19.05","73.83","683.0","GHODA AMBEGAON, IN","0",",I","0",",I","0",",I","0.0",",,I,31,+","0.0",",,,I"
"IN012190101","1933-04","19.05","73.83","683.0","GHODA AMBEGAON, IN","0",",I","0",",I","0",",I","0.0",",,I,30,+","0.0",",,,I"
"IN012190101","1933-05","19.05","73.83","683.0","GHODA AMBEGAON, IN","7",",I","6",",I","2",",I","57.4",",,I,30,","140.7",",,,I"
"IN012190101","1933-06","19.05","73.83","683.0","GHODA AMBEGAON, IN","14",",I","12",",I","5",",I","36.1",",,I,02,","223.3",",,,I"
"IN012190101","1933-07","19.05","73.83","683.0","GHODA AMBEGAON, IN","14",",I","11",",I","2",",I","60.5",",,I,28,","189.1",",,,I"
"IN012190101","1933-08","19.05","73.83","683.0","GHODA AMBEGAON, IN","18",",I","14",",I","4",",I","69.3",",,I,04,","258.7",",,,I"
"IN012190101","1933-09","19.05","73.83","683.0","GHODA AMBEGAON, IN","18",",I","17",",I","5",",I","118.4",",,I,18,","379.9",",,,I"
"IN012190101","1933-10","19.05","73.83","683.0","GHODA AMBEGAON, IN","9",",I","7",",I","3",",I","42.9",",,I,03,","154.2",",,,I"
"IN012190101","1933-11","19.05","73.83","683.0","GHODA AMBEGAON, IN","2",",I","2",",I","1",",I","30.5",",,I,20,","35.1",",,,I"
"IN012190101","1933-12","19.05","73.83","683.0","GHODA AMBEGAON, IN","2",",I","1",",I","0",",I","15.5",",,I,19,","17.8",",,,I"
"IN012190101","1934-01","19.05","73.83","683.0","GHODA AMBEGAON, IN","0",",I","0",",I","0",",I","0.0",",,I,31,+","0.0",",,,I"
"IN012190101","1934-02","19.05","73.83","683.0","GHODA AMBEGAON, IN","0",",I","0",",I","0",",I","0.0",",,I,28,+","0.0",",,,I"
"IN012190101","1934-03","19.05","73.83","683.0","GHODA AMBEGAON, IN","1",",I","1",",I","0",",I","8.4",",,I,19,","8.4",",,,I"
"IN012190101","1934-04","19.05","73.83","683.0","GHODA AMBEGAON, IN","2",",I","2",",I","0",",I","11.2",",,I,20,","20.1",",,,I"
"IN012190101","1934-05","19.05","73.83","683.0","GHODA AMBEGAON, IN","0",",I","0",",I","0",",I","0.0",",,I,31,+","0.0",",,,I"
"IN012190101","1934-06","19.05","73.83","683.0","GHODA AMBEGAON, IN","15",",I","10",",I","1",",I","40.6",",,I,10,","136.4",",,,I"
"IN012190101","1934-07","19.05","73.83","683.0","GHODA AMBEGAON, IN","22",",I","14",",I","2",",I","66.8",",,I,12,","222.6",",,,I"
"IN012190101","1934-08","19.05","73.83","683.0","GHODA AMBEGAON, IN","22",",I","11",",I","1",",I","27.4",",,I,04,","143.1",",,,I"
"IN012190101","1934-09","19.05","73.83","683.0","GHODA AMBEGAON, IN","7",",I","2",",I","0",",I","20.1",",,I,28,","26.9",",,,I"
"IN012190101","1934-10","19.05","73.83","683.0","GHODA AMBEGAON, IN","4",",I","3",",I","2",",I","35.3",",,I,13,","69.9",",,,I"
"IN012190101","1934-11","19.05","73.83","683.0","GHODA AMBEGAON, IN","2",",I","2",",I","1",",I","91.9",",,I,02,","108.2",",,,I"
"IN012190101","1934-12","19.05","73.83","683.0","GHODA AMBEGAON, IN","0",",I","0",",I","0",",I","0.0",",,I,31,+","0.0",",,,I"
"IN012190101","1935-01","19.05","73.83","683.0","GHODA AMBEGAON, IN","0",",I","0",",I","0",",I","0.0",",,I,31,+","0.0",",,,I"
"IN012190101","1935-02","19.05","73.83","683.0","GHODA AMBEGAON, IN","0",",I","0",",I","0",",I","0.0",",,I,28,+","0.0",",,,I"
"IN012190101","1935-03","19.05","73.83","683.0","GHODA AMBEGAON, IN","0",",I","0",",I","0",",I","0.0",",,I,31,+","0.0",",,,I"
"IN012190101","1935-04","19.05","73.83","683.0","GHODA AMBEGAON, IN","0",",I","0",",I","0",",I","0.0",",,I,30,+","0.0",",,,I"
"IN012190101","1935-05","19.05","73.83","683.0","GHODA AMBEGAON, IN","0",",I","0",",I","0",",I","0.0",",,I,31,+","0.0",",,,I"
"IN012190101","1935-06","19.05","73.83","683.0","GHODA AMBEGAON, IN","12",",I","8",",I","2",",I","28.7",",,I,18,+","115.9",",,,I"
"IN012190101","1935-07","19.05","73.83","683.0","GHODA AMBEGAON, IN","24",",I","17",",I","0",",I","23.1",",,I,21,","151.6",",,,I"
"IN012190101","1935-08","19.05","73.83","683.0","GHODA AMBEGAON, IN","22",",I","13",",I","1",",I","33.5",",,I,30,","125.1",",,,I"
"IN012190101","1935-09","19.05","73.83","683.0","GHODA AMBEGAON, IN","10",",I","5",",I","1",",I","48.5",",,I,17,","85.9",",,,I"
"IN012190101","1935-10","19.05","73.83","683.0","GHODA AMBEGAON, IN","11",",I","8",",I","0",",I","10.7",",,I,24,","52.6",",,,I"
"IN012190101","1935-11","19.05","73.83","683.0","GHODA AMBEGAON, IN","1",",I","1",",I","0",",I","17.0",",,I,02,","17.0",",,,I"
"IN012190101","1935-12","19.05","73.83","683.0","GHODA AMBEGAON, IN","1",",I","0",",I","0",",I","1.3",",,I,27,","1.3",",,,I"
"IN012190101","1936-01","19.05","73.83","683.0","GHODA AMBEGAON, IN","0",",I","0",",I","0",",I","0.0",",,I,31,+","0.0",",,,I"
"IN012190101","1936-02","19.05","73.83","683.0","GHODA AMBEGAON, IN","0",",I","0",",I","0",",I","0.0",",,I,29,+","0.0",",,,I"
"IN012190101","1936-03","19.05","73.83","683.0","GHODA AMBEGAON, IN","0",",I","0",",I","0",",I","0.0",",,I,31,+","0.0",",,,I"
"IN012190101","1936-04","19.05","73.83","683.0","GHODA AMBEGAON, IN","0",",I","0",",I","0",",I","0.0",",,I,30,+","0.0",",,,I"
"IN012190101","1936-05","19.05","73.83","683.0","GHODA AMBEGAON, IN","1",",I","1",",I","1",",I","37.1",",,I,31,","37.1",",,,I"
"IN012190101","1936-06","19.05","73.83","683.0","GHODA AMBEGAON, IN","8",",I","5",",I","2",",I","43.9",",,I,27,","95.4",",,,I"
"IN012190101","1936-07","19.05","73.83","683.0","GHODA AMBEGAON, IN","21",",I","11",",I","0",",I","23.4",",,I,21,","94.4",",,,I"
"IN012190101","1936-08","19.05","73.83","683.0","GHODA AMBEGAON, IN","16",",I","13",",I","1",",I","31.2",",,I,06,","84.7",",,,I"
"IN012190101","1936-09","19.05","73.83","683.0","GHODA AMBEGAON, IN","15",",I","11",",I","2",",I","47.5",",,I,21,","146.6",",,,I"
"IN012190101","1936-10","19.05","73.83","683.0","GHODA AMBEGAON, IN","1",",I","1",",I","0",",I","4.6",",,I,10,","4.6",",,,I"
"IN012190101","1936-11","19.05","73.83","683.0","GHODA AMBEGAON, IN","8",",I","6",",I","1",",I","27.7",",,I,11,","100.5",",,,I"
"IN012190101","1936-12","19.05","73.83","683.0","GHODA AMBEGAON, IN","0",",I","0",",I","0",",I","0.0",",,I,31,+","0.0",",,,I"
"IN012190101","1937-01","19.05","73.83","683.0","GHODA AMBEGAON, IN","0",",I","0",",I","0",",I","0.0",",,I,31,+","0.0",",,,I"
"IN012190101","1937-02","19.05","73.83","683.0","GHODA AMBEGAON, IN","0",",I","0",",I","0",",I","0.0",",,I,28,+","0.0",",,,I"
"IN012190101","1937-03","19.05","73.83","683.0","GHODA AMBEGAON, IN","0",",I","0",",I","0",",I","0.0",",,I,31,+","0.0",",,,I"
"IN012190101","1937-04","19.05","73.83","683.0","GHODA AMBEGAON, IN","1",",I","1",",I","0",",I","5.1",",,I,19,","5.1",",,,I"
"IN012190101","1937-05","19.05","73.83","683.0","GHODA AMBEGAON, IN","0",",I","0",",I","0",",I","0.0",",,I,31,+","0.0",",,,I"
"IN012190101","1937-06","19.05","73.83","683.0","GHODA AMBEGAON, IN","16",",I","14",",I","4",",I","50.3",",,I,13,","258.1",",,,I"
"IN012190101","1937-07","19.05","73.83","683.0","GHODA AMBEGAON, IN","29",",I","21",",I","3",",I","46.2",",,I,22,","317.3",",,,I"
"IN012190101","1937-08","19.05","73.83","683.0","GHODA AMBEGAON, IN","20",",I","11",",I","0",",I","7.9",",,I,01,","66.4",",,,I"
"IN012190101","1937-09","19.05","73.83","683.0","GHODA AMBEGAON, IN","20",",I","14",",I","3",",I","42.4",",,I,27,","251.2",",,,I"
"IN012190101","1937-10","19.05","73.83","683.0","GHODA AMBEGAON, IN","7",",I","4",",I","0",",I","20.1",",,I,01,","51.9",",,,I"
"IN012190101","1937-11","19.05","73.83","683.0","GHODA AMBEGAON, IN","0",",I","0",",I","0",",I","0.0",",,I,30,+","0.0",",,,I"
"IN012190101","1937-12","19.05","73.83","683.0","GHODA AMBEGAON, IN","1",",I","0",",I","0",",I","0.8",",,I,16,","0.8",",,,I"
"IN012190101","1938-01","19.05","73.83","683.0","GHODA AMBEGAON, IN","0",",I","0",",I","0",",I","0.0",",,I,31,+","0.0",",,,I"
"IN012190101","1938-02","19.05","73.83","683.0","GHODA AMBEGAON, IN","0",",I","0",",I","0",",I","0.0",",,I,28,+","0.0",",,,I"
"IN012190101","1938-03","19.05","73.83","683.0","GHODA AMBEGAON, IN","4",",I","4",",I","1",",I","30.7",",,I,26,","51.8",",,,I"
"IN012190101","1938-04","19.05","73.83","683.0","GHODA AMBEGAON, IN","1",",I","1",",I","1",",I","25.4",",,I,01,","25.4",",,,I"
"IN012190101","1938-05","19.05","73.83","683.0","GHODA AMBEGAON, IN","2",",I","2",",I","1",",I","55.4",",,I,27,","65.6",",,,I"
"IN012190101","1938-06","19.05","73.83","683.0","GHODA AMBEGAON, IN","18",",I","17",",I","3",",I","46.0",",,I,10,","275.4",",,,I"
"IN012190101","1938-07","19.05","73.83","683.0","GHODA AMBEGAON, IN","25",",I","18",",I","4",",I","47.0",",,I,25,","328.5",",,,I"
"IN012190101","1938-08","19.05","73.83","683.0","GHODA AMBEGAON, IN","22",",I","12",",I","1",",I","25.4",",,I,28,","124.2",",,,I"
"IN012190101","1938-09","19.05","73.83","683.0","GHODA AMBEGAON, IN","15",",I","6",",I","1",",I","55.1",",,I,25,","94.9",",,,I"
"IN012190101","1938-10","19.05","73.83","683.0","GHODA AMBEGAON, IN","8",",I","8",",I","4",",I","147.3",",,I,01,","362.7",",,,I"
"IN012190101","1938-11","19.05","73.83","683.0","GHODA AMBEGAON, IN","0",",I","0",",I","0",",I","0.0",",,I,30,+","0.0",",,,I"
"IN012190101","1938-12","19.05","73.83","683.0","GHODA AMBEGAON, IN","0",",I","0",",I","0",",I","0.0",",,I,31,+","0.0",",,,I"
"IN012190101","1939-01","19.05","73.83","683.0","GHODA AMBEGAON, IN","0",",I","0",",I","0",",I","0.0",",,I,31,+","0.0",",,,I"
"IN012190101","1939-02","19.05","73.83","683.0","GHODA AMBEGAON, IN","0",",I","0",",I","0",",I","0.0",",,I,28,+","0.0",",,,I"
"IN012190101","1939-03","19.05","73.83","683.0","GHODA AMBEGAON, IN","0",",I","0",",I","0",",I","0.0",",,I,31,+","0.0",",,,I"
"IN012190101","1939-04","19.05","73.83","683.0","GHODA AMBEGAON, IN","0",",I","0",",I","0",",I","0.0",",,I,30,+","0.0",",,,I"
"IN012190101","1939-05","19.05","73.83","683.0","GHODA AMBEGAON, IN","0",",I","0",",I","0",",I","0.0",",,I,31,+","0.0",",,,I"
"IN012190101","1939-06","19.05","73.83","683.0","GHODA AMBEGAON, IN","12",",I","2",",I","0",",I","18.8",",,I,22,","35.2",",,,I"
"IN012190101","1939-07","19.05","73.83","683.0","GHODA AMBEGAON, IN","24",",I","15",",I","5",",I","71.6",",,I,12,+","365.4",",,,I"
"IN012190101","1939-08","19.05","73.83","683.0","GHODA AMBEGAON, IN","21",",I","8",",I","1",",I","176.5",",,I,25,","237.1",",,,I"
"IN012190101","1939-09","19.05","73.83","683.0","GHODA AMBEGAON, IN","9",",I","2",",I","0",",I","4.8",",,I,01,","16.6",",,,I"
"IN012190101","1939-10","19.05","73.83","683.0","GHODA AMBEGAON, IN","5",",I","2",",I","1",",I","45.7",",,I,23,","60.4",",,,I"
"IN012190101","1939-11","19.05","73.83","683.0","GHODA AMBEGAON, IN","4",",I","2",",I","1",",I","30.5",",,I,01,","54.2",",,,I"
"IN012190101","1939-12","19.05","73.83","683.0","GHODA AMBEGAON, IN","0",",I","0",",I","0",",I","0.0",",,I,31,+","0.0",",,,I"
"IN012190101","1940-01","19.05","73.83","683.0","GHODA AMBEGAON, IN","0",",I","0",",I","0",",I","0.0",",,I,31,+","0.0",",,,I"
"IN012190101","1940-02","19.05","73.83","683.0","GHODA AMBEGAON, IN","0",",I","0",",I","0",",I","0.0",",,I,29,+","0.0",",,,I"
"IN012190101","1940-03","19.05","73.83","683.0","GHODA AMBEGAON, IN","0",",I","0",",I","0",",I","0.0",",,I,31,+","0.0",",,,I"
"IN012190101","1940-04","19.05","73.83","683.0","GHODA AMBEGAON, IN","1",",I","1",",I","0",",I","21.6",",,I,26,","21.6",",,,I"
"IN012190101","1940-05","19.05","73.83","683.0","GHODA AMBEGAON, IN","2",",I","2",",I","0",",I","8.4",",,I,22,","13.5",",,,I"
"IN012190101","1940-06","19.05","73.83","683.0","GHODA AMBEGAON, IN","13",",I","13",",I","3",",I","35.6",",,I,18,","202.0",",,,I"
"IN012190101","1940-07","19.05","73.83","683.0","GHODA AMBEGAON, IN","27",",I","21",",I","4",",I","40.6",",,I,15,","283.2",",,,I"
"IN012190101","1940-08","19.05","73.83","683.0","GHODA AMBEGAON, IN","23",",I","16",",I","0",",I","24.1",",,I,25,","177.9",",,,I"
"IN012190101","1940-09","19.05","73.83","683.0","GHODA AMBEGAON, IN","12",",I","8",",I","2",",I","57.2",",,I,18,","199.4",",,,I"
"IN012190101","1940-10","19.05","73.83","683.0","GHODA AMBEGAON, IN","7",",I","5",",I","1",",I","32.3",",,I,15,","84.3",",,,I"
"IN012190101","1940-11","19.05","73.83","683.0","GHODA AMBEGAON, IN","2",",I","2",",I","0",",I","21.6",",,I,30,","42.7",",,,I"
"IN012190101","1940-12","19.05","73.83","683.0","GHODA AMBEGAON, IN","1",",I","0",",I","0",",I","0.3",",,I,01,","0.3",",,,I"
"IN012190101","1941-01","19.05","73.83","683.0","GHODA AMBEGAON, IN","0",",I","0",",I","0",",I","0.0",",,I,31,+","0.0",",,,I"
"IN012190101","1941-02","19.05","73.83","683.0","GHODA AMBEGAON, IN","0",",I","0",",I","0",",I","0.0",",,I,28,+","0.0",",,,I"
"IN012190101","1941-03","19.05","73.83","683.0","GHODA AMBEGAON, IN","0",",I","0",",I","0",",I","0.0",",,I,31,+","0.0",",,,I"
"IN012190101","1941-04","19.05","73.83","683.0","GHODA AMBEGAON, IN","0",",I","0",",I","0",",I","0.0",",,I,30,+","0.0",",,,I"
"IN012190101","1941-05","19.05","73.83","683.0","GHODA AMBEGAON, IN","0",",I","0",",I","0",",I","0.0",",,I,31,+","0.0",",,,I"
"IN012190101","1941-06","19.05","73.83","683.0","GHODA AMBEGAON, IN","7",",I","6",",I","0",",I","18.8",",,I,07,","58.2",",,,I"
"IN012190101","1941-07","19.05","73.83","683.0","GHODA AMBEGAON, IN","23",",I","15",",I","5",",I","97.8",",,I,02,","419.4",",,,I"
"IN012190101","1941-08","19.05","73.83","683.0","GHODA AMBEGAON, IN","25",",I","13",",I","0",",I","13.7",",,I,11,","89.8",",,,I"
"IN012190101","1941-09","19.05","73.83","683.0","GHODA AMBEGAON, IN","12",",I","6",",I","1",",I","78.0",",,I,30,","126.9",",,,I"
"IN012190101","1941-10","19.05","73.83","683.0","GHODA AMBEGAON, IN","4",",I","2",",I","1",",I","25.7",",,I,03,","33.8",",,,I"
"IN012190101","1941-11","19.05","73.83","683.0","GHODA AMBEGAON, IN","0",",I","0",",I","0",",I","0.0",",,I,30,+","0.0",",,,I"
"IN012190101","1941-12","19.05","73.83","683.0","GHODA AMBEGAON, IN","0",",I","0",",I","0",",I","0.0",",,I,31,+","0.0",",,,I"
"IN012190101","1942-01","19.05","73.83","683.0","GHODA AMBEGAON, IN","0",",I","0",",I","0",",I","0.0",",,I,31,+","0.0",",,,I"
"IN012190101","1942-02","19.05","73.83","683.0","GHODA AMBEGAON, IN","0",",I","0",",I","0",",I","0.0",",,I,28,+","0.0",",,,I"
"IN012190101","1942-03","19.05","73.83","683.0","GHODA AMBEGAON, IN","0",",I","0",",I","0",",I","0.0",",,I,31,+","0.0",",,,I"
"IN012190101","1942-04","19.05","73.83","683.0","GHODA AMBEGAON, IN","0",",I","0",",I","0",",I","0.0",",,I,30,+","0.0",",,,I"
"IN012190101","1942-05","19.05","73.83","683.0","GHODA AMBEGAON, IN","1",",I","1",",I","0",",I","7.9",",,I,18,","7.9",",,,I"
"IN012190101","1942-06","19.05","73.83","683.0","GHODA AMBEGAON, IN","13",",I","8",",I","3",",I","29.7",",,I,30,","140.8",",,,I"
"IN012190101","1942-07","19.05","73.83","683.0","GHODA AMBEGAON, IN","31",",I","22",",I","8",",I","81.3",",,I,05,","537.0",",,,I"
"IN012190101","1942-08","19.05","73.83","683.0","GHODA AMBEGAON, IN","22",",I","12",",I","1",",I","29.5",",,I,04,","113.5",",,,I"
"IN012190101","1942-09","19.05","73.83","683.0","GHODA AMBEGAON, IN","9",",I","5",",I","2",",I","42.7",",,I,03,","97.8",",,,I"
"IN012190101","1942-10","19.05","73.83","683.0","GHODA AMBEGAON, IN","0",",I","0",",I","0",",I","0.0",",,I,31,+","0.0",",,,I"
"IN012190101","1942-11","19.05","73.83","683.0","GHODA AMBEGAON, IN","0",",I","0",",I","0",",I","0.0",",,I,30,+","0.0",",,,I"
"IN012190101","1942-12","19.05","73.83","683.0","GHODA AMBEGAON, IN","2",",I","2",",I","2",",I","32.8",",,I,22,","65.3",",,,I"
"IN012190101","1943-01","19.05","73.83","683.0","GHODA AMBEGAON, IN","0",",I","0",",I","0",",I","0.0",",,I,31,+","0.0",",,,I"
"IN012190101","1943-02","19.05","73.83","683.0","GHODA AMBEGAON, IN","0",",I","0",",I","0",",I","0.0",",,I,28,+","0.0",",,,I"
"IN012190101","1943-03","19.05","73.83","683.0","GHODA AMBEGAON, IN","0",",I","0",",I","0",",I","0.0",",,I,31,+","0.0",",,,I"
"IN012190101","1943-04","19.05","73.83","683.0","GHODA AMBEGAON, IN","0",",I","0",",I","0",",I","0.0",",,I,30,+","0.0",",,,I"
"IN012190101","1943-05","19.05","73.83","683.0","GHODA AMBEGAON, IN","3",",I","3",",I","0",",I","20.6",",,I,31,","35.6",",,,I"
"IN012190101","1943-06","19.05","73.83","683.0","GHODA AMBEGAON, IN","11",",I","10",",I","1",",I","113.8",",,I,14,","193.8",",,,I"
"IN012190101","1943-07","19.05","73.83","683.0","GHODA AMBEGAON, IN","31",",I","22",",I","3",",I","35.1",",,I,09,","238.8",",,,I"
"IN012190101","1943-08","19.05","73.83","683.0","GHODA AMBEGAON, IN","21",",I","7",",I","0",",I","5.6",",,I,01,","37.5",",,,I"
"IN012190101","1943-09","19.05","73.83","683.0","GHODA AMBEGAON, IN","13",",I","7",",I","0",",I","15.7",",,I,30,","67.2",",,,I"
"IN012190101","1943-10","19.05","73.83","683.0","GHODA AMBEGAON, IN","15",",I","11",",I","5",",I","101.1",",,I,10,","352.6",",,,I"
"IN012190101","1943-11","19.05","73.83","683.0","GHODA AMBEGAON, IN","1",",I","1",",I","1",",I","29.0",",,I,17,","29.0",",,,I"
"IN012190101","1943-12","19.05","73.83","683.0","GHODA AMBEGAON, IN","0",",I","0",",I","0",",I","0.0",",,I,31,+","0.0",",,,I"
"IN012190101","1944-01","19.05","73.83","683.0","GHODA AMBEGAON, IN","0",",I","0",",I","0",",I","0.0",",,I,31,+","0.0",",,,I"
"IN012190101","1944-02","19.05","73.83","683.0","GHODA AMBEGAON, IN","0",",I","0",",I","0",",I","0.0",",,I,29,+","0.0",",,,I"
"IN012190101","1944-03","19.05","73.83","683.0","GHODA AMBEGAON, IN","0",",I","0",",I","0",",I","0.0",",,I,31,+","0.0",",,,I"
"IN012190101","1944-04","19.05","73.83","683.0","GHODA AMBEGAON, IN","0",",I","0",",I","0",",I","0.0",",,I,30,+","0.0",",,,I"
"IN012190101","1944-05","19.05","73.83","683.0","GHODA AMBEGAON, IN","2",",I","2",",I","0",",I","14.0",",,I,15,","24.7",",,,I"
"IN012190101","1944-06","19.05","73.83","683.0","GHODA AMBEGAON, IN","10",",I","9",",I","2",",I","88.9",",,I,13,","214.7",",,,I"
"IN012190101","1944-07","19.05","73.83","683.0","GHODA AMBEGAON, IN","26",",I","25",",I","9",",I","65.3",",,I,04,","490.0",",,,I"
"IN012190101","1944-08","19.05","73.83","683.0","GHODA AMBEGAON, IN","16",",I","13",",I","3",",I","50.3",",,I,18,","186.0",",,,I"
"IN012190101","1944-09","19.05","73.83","683.0","GHODA AMBEGAON, IN","8",",I","6",",I","2",",I","39.4",",,I,15,","115.3",",,,I"
"IN012190101","1944-10","19.05","73.83","683.0","GHODA AMBEGAON, IN","6",",I","6",",I","1",",I","48.3",",,I,29,","99.4",",,,I"
"IN012190101","1944-11","19.05","73.83","683.0","GHODA AMBEGAON, IN","0",",I","0",",I","0",",I","0.0",",,I,30,+","0.0",",,,I"
"IN012190101","1944-12","19.05","73.83","683.0","GHODA AMBEGAON, IN","0",",I","0",",I","0",",I","0.0",",,I,31,+","0.0",",,,I"
"IN012190101","1945-01","19.05","73.83","683.0","GHODA AMBEGAON, IN","0",",I","0",",I","0",",I","0.0",",,I,31,+","0.0",",,,I"
"IN012190101","1945-02","19.05","73.83","683.0","GHODA AMBEGAON, IN","0",",I","0",",I","0",",I","0.0",",,I,28,+","0.0",",,,I"
"IN012190101","1945-03","19.05","73.83","683.0","GHODA AMBEGAON, IN","0",",I","0",",I","0",",I","0.0",",,I,31,+","0.0",",,,I"
"IN012190101","1945-04","19.05","73.83","683.0","GHODA AMBEGAON, IN","1",",I","1",",I","0",",I","3.8",",,I,17,","3.8",",,,I"
"IN012190101","1945-05","19.05","73.83","683.0","GHODA AMBEGAON, IN","0",",I","0",",I","0",",I","0.0",",,I,31,+","0.0",",,,I"
"IN012190101","1945-06","19.05","73.83","683.0","GHODA AMBEGAON, IN","15",",I","12",",I","0",",I","19.3",",,I,10,","105.3",",,,I"
"IN012190101","1945-07","19.05","73.83","683.0","GHODA AMBEGAON, IN","20",",I","16",",I","1",",I","54.6",",,I,08,","208.3",",,,I"
"IN012190101","1945-08","19.05","73.83","683.0","GHODA AMBEGAON, IN","13",",I","11",",I","1",",I","25.7",",,I,14,","124.6",",,,I"
"IN012190101","1945-09","19.05","73.83","683.0","GHODA AMBEGAON, IN","7",",I","4",",I","1",",I","32.5",",,I,22,","49.7",",,,I"
"IN012190101","1945-10","19.05","73.83","683.0","GHODA AMBEGAON, IN","4",",I","4",",I","0",",I","6.1",",,I,04,","18.6",",,,I"
"IN012190101","1945-11","19.05","73.83","683.0","GHODA AMBEGAON, IN","0",",I","0",",I","0",",I","0.0",",,I,30,+","0.0",",,,I"
"IN012190101","1945-12","19.05","73.83","683.0","GHODA AMBEGAON, IN","0",",I","0",",I","0",",I","0.0",",,I,31,+","0.0",",,,I"
"IN012190101","1946-01","19.05","73.83","683.0","GHODA AMBEGAON, IN","0",",I","0",",I","0",",I","0.0",",,I,31,+","0.0",",,,I"
"IN012190101","1946-02","19.05","73.83","683.0","GHODA AMBEGAON, IN","0",",I","0",",I","0",",I","0.0",",,I,28,+","0.0",",,,I"
"IN012190101","1946-03","19.05","73.83","683.0","GHODA AMBEGAON, IN","0",",I","0",",I","0",",I","0.0",",,I,31,+","0.0",",,,I"
"IN012190101","1946-04","19.05","73.83","683.0","GHODA AMBEGAON, IN","2",",I","2",",I","0",",I","10.9",",,I,14,","20.3",",,,I"
"IN012190101","1946-05","19.05","73.83","683.0","GHODA AMBEGAON, IN","3",",I","1",",I","0",",I","18.8",",,I,29,","22.4",",,,I"
"IN012190101","1946-06","19.05","73.83","683.0","GHODA AMBEGAON, IN","8",",I","6",",I","1",",I","29.0",",,I,03,","65.1",",,,I"
"IN012190101","1946-07","19.05","73.83","683.0","GHODA AMBEGAON, IN","21",",I","19",",I","5",",I","49.5",",,I,29,","301.1",",,,I"
"IN012190101","1946-08","19.05","73.83","683.0","GHODA AMBEGAON, IN","23",",I","21",",I","1",",I","34.8",",,I,08,","204.1",",,,I"
"IN012190101","1946-09","19.05","73.83","683.0","GHODA AMBEGAON, IN","10",",I","8",",I","1",",I","32.3",",,I,10,","131.6",",,,I"
"IN012190101","1946-10","19.05","73.83","683.0","GHODA AMBEGAON, IN","4",",I","2",",I","0",",I","16.0",",,I,02,","28.7",",,,I"
"IN012190101","1946-11","19.05","73.83","683.0","GHODA AMBEGAON, IN","7",",I","6",",I","3",",I","149.1",",,I,19,","250.4",",,,I"
"IN012190101","1946-12","19.05","73.83","683.0","GHODA AMBEGAON, IN","1",",I","1",",I","0",",I","15.0",",,I,10,","15.0",",,,I"
"IN012190101","1947-01","19.05","73.83","683.0","GHODA AMBEGAON, IN","0",",I","0",",I","0",",I","0.0",",,I,31,+","0.0",",,,I"
"IN012190101","1947-02","19.05","73.83","683.0","GHODA AMBEGAON, IN","0",",I","0",",I","0",",I","0.0",",,I,28,+","0.0",",,,I"
"IN012190101","1947-03","19.05","73.83","683.0","GHODA AMBEGAON, IN","0",",I","0",",I","0",",I","0.0",",,I,31,+","0.0",",,,I"
"IN012190101","1947-04","19.05","73.83","683.0","GHODA AMBEGAON, IN","7",",I","5",",I","1",",I","40.6",",,I,05,","93.7",",,,I"
"IN012190101","1947-05","19.05","73.83","683.0","GHODA AMBEGAON, IN","2",",I","2",",I","0",",I","21.1",",,I,19,","27.5",",,,I"
"IN012190101","1947-06","19.05","73.83","683.0","GHODA AMBEGAON, IN","2",",I","0",",I","0",",I","1.3",",,I,11,","2.3",",,,I"
"IN012190101","1947-07","19.05","73.83","683.0","GHODA AMBEGAON, IN","26",",I","16",",I","3",",I","127.5",",,I,18,","332.0",",,,I"
"IN012190101","1947-08","19.05","73.83","683.0","GHODA AMBEGAON, IN","19",",I","14",",I","1",",I","35.6",",,I,31,","169.7",",,,I"
"IN012190101","1947-09","19.05","73.83","683.0","GHODA AMBEGAON, IN","13",",I","13",",I","3",",I","74.4",",,I,23,","227.2",",,,I"
"IN012190101","1947-10","19.05","73.83","683.0","GHODA AMBEGAON, IN","2",",I","1",",I","0",",I","3.3",",,I,08,","4.3",",,,I"
"IN012190101","1947-11","19.05","73.83","683.0","GHODA AMBEGAON, IN","1",",I","1",",I","0",",I","4.8",",,I,11,","4.8",",,,I"
"IN012190101","1947-12","19.05","73.83","683.0","GHODA AMBEGAON, IN","1",",I","0",",I","0",",I","0.8",",,I,20,","0.8",",,,I"
"IN012190101","1948-01","19.05","73.83","683.0","GHODA AMBEGAON, IN","5",",I","4",",I","0",",I","15.2",",,I,22,","28.4",",,,I"
"IN012190101","1948-02","19.05","73.83","683.0","GHODA AMBEGAON, IN","0","1,I","0","1,I","0","1,I","0.0","1,,I,29,+","0.0","1,,,I"
"IN012190101","1948-03","19.05","73.83","683.0","GHODA AMBEGAON, IN","0",",I","0",",I","0",",I","0.0",",,I,31,+","0.0",",,,I"
"IN012190101","1948-04","19.05","73.83","683.0","GHODA AMBEGAON, IN","0",",I","0",",I","0",",I","0.0",",,I,30,+","0.0",",,,I"
"IN012190101","1948-05","19.05","73.83","683.0","GHODA AMBEGAON, IN","0",",I","0",",I","0",",I","0.0",",,I,31,+","0.0",",,,I"
"IN012190101","1948-06","19.05","73.83","683.0","GHODA AMBEGAON, IN","14",",I","11",",I","2",",I","44.2",",,I,23,","158.2",",,,I"
"IN012190101","1948-07","19.05","73.83","683.0","GHODA AMBEGAON, IN","25",",I","22",",I","2",",I","44.7",",,I,22,","253.9",",,,I"
"IN012190101","1948-08","19.05","73.83","683.0","GHODA AMBEGAON, IN","20",",I","12",",I","1",",I","54.6",",,I,17,","141.0",",,,I"
"IN012190101","1948-09","19.05","73.83","683.0","GHODA AMBEGAON, IN","11",",I","7",",I","2",",I","63.5",",,I,23,","126.0",",,,I"
"IN012190101","1948-10","19.05","73.83","683.0","GHODA AMBEGAON, IN","8",",I","4",",I","0",",I","20.8",",,I,07,","44.4",",,,I"
"IN012190101","1948-11","19.05","73.83","683.0","GHODA AMBEGAON, IN","8",",I","8",",I","4",",I","132.1",",,I,23,","362.5",",,,I"
"IN012190101","1948-12","19.05","73.83","683.0","GHODA AMBEGAON, IN","0",",I","0",",I","0",",I","0.0",",,I,31,+","0.0",",,,I"
"IN012190101","1949-01","19.05","73.83","683.0","GHODA AMBEGAON, IN","0",",I","0",",I","0",",I","0.0",",,I,31,+","0.0",",,,I"
"IN012190101","1949-02","19.05","73.83","683.0","GHODA AMBEGAON, IN","0",",I","0",",I","0",",I","0.0",",,I,28,+","0.0",",,,I"
"IN012190101","1949-03","19.05","73.83","683.0","GHODA AMBEGAON, IN","0",",I","0",",I","0",",I","0.0",",,I,31,+","0.0",",,,I"
"IN012190101","1949-04","19.05","73.83","683.0","GHODA AMBEGAON, IN","0",",I","0",",I","0",",I","0.0",",,I,30,+","0.0",",,,I"
"IN012190101","1949-05","19.05","73.83","683.0","GHODA AMBEGAON, IN","6",",I","5",",I","1",",I","63.0",",,I,22,","126.0",",,,I"
"IN012190101","1949-06","19.05","73.83","683.0","GHODA AMBEGAON, IN","8",",I","5",",I","0",",I","18.5",",,I,05,","50.9",",,,I"
"IN012190101","1949-07","19.05","73.83","683.0","GHODA AMBEGAON, IN","23",",I","13",",I","1",",I","33.0",",,I,12,","135.9",",,,I"
"IN012190101","1949-08","19.05","73.83","683.0","GHODA AMBEGAON, IN","22",",I","16",",I","2",",I","37.1",",,I,30,","164.8",",,,I"
"IN012190101","1949-09","19.05","73.83","683.0","GHODA AMBEGAON, IN","13",",I","10",",I","3",",I","134.4",",,I,23,","272.7",",,,I"
"IN012190101","1949-10","19.05","73.83","683.0","GHODA AMBEGAON, IN","7",",I","6",",I","0",",I","19.3",",,I,16,","60.0",",,,I"
"IN012190101","1949-11","19.05","73.83","683.0","GHODA AMBEGAON, IN","1",",I","0",",I","0",",I","2.0",",,I,01,","2.0",",,,I"
"IN012190101","1949-12","19.05","73.83","683.0","GHODA AMBEGAON, IN","0",",I","0",",I","0",",I","0.0",",,I,31,+","0.0",",,,I"
"IN012190101","1950-01","19.05","73.83","683.0","GHODA AMBEGAON, IN","0",",I","0",",I","0",",I","0.0",",,I,31,+","0.0",",,,I"
"IN012190101","1950-02","19.05","73.83","683.0","GHODA AMBEGAON, IN","0",",I","0",",I","0",",I","0.0",",,I,28,+","0.0",",,,I"
"IN012190101","1950-03","19.05","73.83","683.0","GHODA AMBEGAON, IN","0",",I","0",",I","0",",I","0.0",",,I,31,+","0.0",",,,I"
"IN012190101","1950-04","19.05","73.83","683.0","GHODA AMBEGAON, IN","2",",I","1",",I","0",",I","17.5",",,I,27,","18.5",",,,I"
"IN012190101","1950-05","19.05","73.83","683.0","GHODA AMBEGAON, IN","1",",I","1",",I","0",",I","15.0",",,I,26,","15.0",",,,I"
"IN012190101","1950-06","19.05","73.83","683.0","GHODA AMBEGAON, IN","4",",I","1",",I","0",",I","18.8",",,I,03,","22.1",",,,I"
"IN012190101","1950-07","19.05","73.83","683.0","GHODA AMBEGAON, IN","26",",I","23",",I","4",",I","76.2",",,I,21,","367.6",",,,I"
"IN012190101","1950-08","19.05","73.83","683.0","GHODA AMBEGAON, IN","17",",I","7",",I","0",",I","16.8",",,I,24,","65.8",",,,I"
"IN012190101","1950-09","19.05","73.83","683.0","GHODA AMBEGAON, IN","17",",I","12",",I","0",",I","23.4",",,I,03,","112.5",",,,I"
"IN012190101","1950-10","19.05","73.83","683.0","GHODA AMBEGAON, IN","9",",I","5",",I","0",",I","17.3",",,I,03,","67.7",",,,I"
"IN012190101","1950-11","19.05","73.83","683.0","GHODA AMBEGAON, IN","1",",I","1",",I","0",",I","7.6",",,I,16,","7.6",",,,I"
"IN012190101","1950-12","19.05","73.83","683.0","GHODA AMBEGAON, IN","0",",I","0",",I","0",",I","0.0",",,I,31,+","0.0",",,,I"
"IN012190101","1951-01","19.05","73.83","683.0","GHODA AMBEGAON, IN","0",",I","0",",I","0",",I","0.0",",,I,31,+","0.0",",,,I"
"IN012190101","1951-02","19.05","73.83","683.0","GHODA AMBEGAON, IN","0",",I","0",",I","0",",I","0.0",",,I,28,+","0.0",",,,I"
"IN012190101","1951-03","19.05","73.83","683.0","GHODA AMBEGAON, IN","0",",I","0",",I","0",",I","0.0",",,I,31,+","0.0",",,,I"
"IN012190101","1951-04","19.05","73.83","683.0","GHODA AMBEGAON, IN","1",",I","1",",I","0",",I","14.0",",,I,17,","14.0",",,,I"
"IN012190101","1951-05","19.05","73.83","683.0","GHODA AMBEGAON, IN","4",",I","4",",I","1",",I","34.3",",,I,27,","75.9",",,,I"
"IN012190101","1951-06","19.05","73.83","683.0","GHODA AMBEGAON, IN","8",",I","7",",I","1",",I","51.6",",,I,04,","141.6",",,,I"
"IN012190101","1951-07","19.05","73.83","683.0","GHODA AMBEGAON, IN","17",",I","13",",I","1",",I","33.3",",,I,26,","148.4",",,,I"
"IN012190101","1951-08","19.05","73.83","683.0","GHODA AMBEGAON, IN","13",",I","11",",I","1",",I","39.6",",,I,08,","103.8",",,,I"
"IN012190101","1951-09","19.05","73.83","683.0","GHODA AMBEGAON, IN","4",",I","3",",I","0",",I","20.8",",,I,21,","46.4",",,,I"
"IN012190101","1951-10","19.05","73.83","683.0","GHODA AMBEGAON, IN","7",",I","7",",I","3",",I","49.3",",,I,03,","164.8",",,,I"
"IN012190101","1951-11","19.05","73.83","683.0","GHODA AMBEGAON, IN","4",",I","4",",I","1",",I","26.7",",,I,22,","57.5",",,,I"
"IN012190101","1951-12","19.05","73.83","683.0","GHODA AMBEGAON, IN","0",",I","0",",I","0",",I","0.0",",,I,31,+","0.0",",,,I"
"IN012190101","1952-01","19.05","73.83","683.0","GHODA AMBEGAON, IN","0",",I","0",",I","0",",I","0.0",",,I,31,+","0.0",",,,I"
"IN012190101","1952-02","19.05","73.83","683.0","GHODA AMBEGAON, IN","0",",I","0",",I","0",",I","0.0",",,I,29,+","0.0",",,,I"
"IN012190101","1952-03","19.05","73.83","683.0","GHODA AMBEGAON, IN","0",",I","0",",I","0",",I","0.0",",,I,31,+","0.0",",,,I"
"IN012190101","1952-04","19.05","73.83","683.0","GHODA AMBEGAON, IN","1",",I","1",",I","0",",I","5.8",",,I,10,","5.8",",,,I"
"IN012190101","1952-05","19.05","73.83","683.0","GHODA AMBEGAON, IN","0",",I","0",",I","0",",I","0.0",",,I,31,+","0.0",",,,I"
"IN012190101","1952-06","19.05","73.83","683.0","GHODA AMBEGAON, IN","13",",I","11",",I","1",",I","49.5",",,I,07,","152.2",",,,I"
"IN012190101","1952-07","19.05","73.83","683.0","GHODA AMBEGAON, IN","20",",I","18",",I","3",",I","48.3",",,I,24,","300.6",",,,I"
"IN012190101","1952-08","19.05","73.83","683.0","GHODA AMBEGAON, IN","20",",I","12",",I","1",",I","27.2",",,I,05,","125.1",",,,I"
"IN012190101","1952-09","19.05","73.83","683.0","GHODA AMBEGAON, IN","4",",I","4",",I","0",",I","18.8",",,I,30,","36.1",",,,I"
"IN012190101","1952-10","19.05","73.83","683.0","GHODA AMBEGAON, IN","5",",I","4",",I","1",",I","33.5",",,I,09,","74.6",",,,I"
"IN012190101","1952-11","19.05","73.83","683.0","GHODA AMBEGAON, IN","0",",I","0",",I","0",",I","0.0",",,I,30,+","0.0",",,,I"
"IN012190101","1952-12","19.05","73.83","683.0","GHODA AMBEGAON, IN","1",",I","1",",I","0",",I","10.7",",,I,14,","10.7",",,,I"
"IN012190101","1953-01","19.05","73.83","683.0","GHODA AMBEGAON, IN","0",",I","0",",I","0",",I","0.0",",,I,31,+","0.0",",,,I"
"IN012190101","1953-02","19.05","73.83","683.0","GHODA AMBEGAON, IN","0",",I","0",",I","0",",I","0.0",",,I,28,+","0.0",",,,I"
"IN012190101","1953-03","19.05","73.83","683.0","GHODA AMBEGAON, IN","0",",I","0",",I","0",",I","0.0",",,I,31,+","0.0",",,,I"
"IN012190101","1953-04","19.05","73.83","683.0","GHODA AMBEGAON, IN","1",",I","1",",I","0",",I","3.6",",,I,17,","3.6",",,,I"
"IN012190101","1953-05","19.05","73.83","683.0","GHODA AMBEGAON, IN","0",",I","0",",I","0",",I","0.0",",,I,31,+","0.0",",,,I"
"IN012190101","1953-06","19.05","73.83","683.0","GHODA AMBEGAON, IN","15",",I","15",",I","2",",I","48.8",",,I,28,","194.4",",,,I"
"IN012190101","1953-07","19.05","73.83","683.0","GHODA AMBEGAON, IN","17",",I","9",",I","0",",I","14.0",",,I,04,","60.6",",,,I"
"IN012190101","1953-08","19.05","73.83","683.0","GHODA AMBEGAON, IN","24",",I","19",",I","1",",I","29.0",",,I,12,","173.2",",,,I"
"IN012190101","1953-09","19.05","73.83","683.0","GHODA AMBEGAON, IN","7",",I","3",",I","0",",I","22.9",",,I,30,","50.7",",,,I"
"IN012190101","1953-10","19.05","73.83","683.0","GHODA AMBEGAON, IN","5",",I","4",",I","2",",I","31.8",",,I,07,","70.4",",,,I"
"IN012190101","1953-11","19.05","73.83","683.0","GHODA AMBEGAON, IN","0",",I","0",",I","0",",I","0.0",",,I,30,+","0.0",",,,I"
"IN012190101","1953-12","19.05","73.83","683.0","GHODA AMBEGAON, IN","0",",I","0",",I","0",",I","0.0",",,I,31,+","0.0",",,,I"
"IN012190101","1954-01","19.05","73.83","683.0","GHODA AMBEGAON, IN","0",",I","0",",I","0",",I","0.0",",,I,31,+","0.0",",,,I"
"IN012190101","1954-02","19.05","73.83","683.0","GHODA AMBEGAON, IN","0",",I","0",",I","0",",I","0.0",",,I,28,+","0.0",",,,I"
"IN012190101","1954-03","19.05","73.83","683.0","GHODA AMBEGAON, IN","3",",I","3",",I","0",",I","13.0",",,I,14,","29.2",",,,I"
"IN012190101","1954-04","19.05","73.83","683.0","GHODA AMBEGAON, IN","2",",I","1",",I","0",",I","4.3",",,I,27,","5.3",",,,I"
"IN012190101","1954-05","19.05","73.83","683.0","GHODA AMBEGAON, IN","1",",I","1",",I","0",",I","17.8",",,I,09,","17.8",",,,I"
"IN012190101","1954-06","19.05","73.83","683.0","GHODA AMBEGAON, IN","17",",I","12",",I","2",",I","35.3",",,I,27,","156.5",",,,I"
"IN012190101","1954-07","19.05","73.83","683.0","GHODA AMBEGAON, IN","22",",I","17",",I","3",",I","47.5",",,I,15,","198.4",",,,I"
"IN012190101","1954-08","19.05","73.83","683.0","GHODA AMBEGAON, IN","13",",I","7",",I","0",",I","17.0",",,I,10,","70.8",",,,I"
"IN012190101","1954-09","19.05","73.83","683.0","GHODA AMBEGAON, IN","19",",I","10",",I","2",",I","47.0",",,I,01,","181.1",",,,I"
"IN012190101","1954-10","19.05","73.83","683.0","GHODA AMBEGAON, IN","1",",I","1",",I","1",",I","30.7",",,I,20,","30.7",",,,I"
"IN012190101","1954-11","19.05","73.83","683.0","GHODA AMBEGAON, IN","0",",I","0",",I","0",",I","0.0",",,I,30,+","0.0",",,,I"
"IN012190101","1954-12","19.05","73.83","683.0","GHODA AMBEGAON, IN","0",",I","0",",I","0",",I","0.0",",,I,31,+","0.0",",,,I"
"IN012190101","1955-01","19.05","73.83","683.0","GHODA AMBEGAON, IN","0",",I","0",",I","0",",I","0.0",",,I,31,+","0.0",",,,I"
"IN012190101","1955-02","19.05","73.83","683.0","GHODA AMBEGAON, IN","0",",I","0",",I","0",",I","0.0",",,I,28,+","0.0",",,,I"
"IN012190101","1955-03","19.05","73.83","683.0","GHODA AMBEGAON, IN","1",",I","0",",I","0",",I","0.8",",,I,24,","0.8",",,,I"
"IN012190101","1955-04","19.05","73.83","683.0","GHODA AMBEGAON, IN","2",",I","1",",I","0",",I","15.2",",,I,25,","16.0",",,,I"
"IN012190101","1955-05","19.05","73.83","683.0","GHODA AMBEGAON, IN","2",",I","2",",I","0",",I","15.2",",,I,04,","19.8",",,,I"
"IN012190101","1955-06","19.05","73.83","683.0","GHODA AMBEGAON, IN","4",",I","4",",I","0",",I","18.3",",,I,30,","46.7",",,,I"
"IN012190101","1955-07","19.05","73.83","683.0","GHODA AMBEGAON, IN","20",",I","7",",I","0",",I","10.4",",,I,01,","63.3",",,,I"
"IN012190101","1955-08","19.05","73.83","683.0","GHODA AMBEGAON, IN","24",",I","15",",I","0",",I","15.7",",,I,24,","111.3",",,,I"
"IN012190101","1955-09","19.05","73.83","683.0","GHODA AMBEGAON, IN","17",",I","14",",I","3",",I","69.9",",,I,28,","266.6",",,,I"
"IN012190101","1955-10","19.05","73.83","683.0","GHODA AMBEGAON, IN","12",",I","10",",I","1",",I","42.4",",,I,24,","187.5",",,,I"
"IN012190101","1955-11","19.05","73.83","683.0","GHODA AMBEGAON, IN","1",",I","1",",I","0",",I","10.2",",,I,03,","10.2",",,,I"
"IN012190101","1955-12","19.05","73.83","683.0","GHODA AMBEGAON, IN","0",",I","0",",I","0",",I","0.0",",,I,31,+","0.0",",,,I"
"IN012190101","1956-01","19.05","73.83","683.0","GHODA AMBEGAON, IN","0",",I","0",",I","0",",I","0.0",",,I,31,+","0.0",",,,I"
"IN012190101","1956-02","19.05","73.83","683.0","GHODA AMBEGAON, IN","0",",I","0",",I","0",",I","0.0",",,I,29,+","0.0",",,,I"
"IN012190101","1956-03","19.05","73.83","683.0","GHODA AMBEGAON, IN","0",",I","0",",I","0",",I","0.0",",,I,31,+","0.0",",,,I"
"IN012190101","1956-04","19.05","73.83","683.0","GHODA AMBEGAON, IN","1",",I","1",",I","0",",I","4.8",",,I,30,","4.8",",,,I"
"IN012190101","1956-05","19.05","73.83","683.0","GHODA AMBEGAON, IN","6",",I","5",",I","2",",I","33.0",",,I,25,","99.0",",,,I"
"IN012190101","1956-06","19.05","73.83","683.0","GHODA AMBEGAON, IN","6",",I","5",",I","1",",I","32.5",",,I,25,","76.1",",,,I"
"IN012190101","1956-07","19.05","73.83","683.0","GHODA AMBEGAON, IN","25",",I","24",",I","4",",I","82.6",",,I,04,","452.4",",,,I"
"IN012190101","1956-08","19.05","73.83","683.0","GHODA AMBEGAON, IN","22",",I","13",",I","5",",I","112.0",",,I,03,","336.5",",,,I"
"IN012190101","1956-09","19.05","73.83","683.0","GHODA AMBEGAON, IN","12",",I","7",",I","1",",I","31.5",",,I,23,","98.5",",,,I"
"IN012190101","1956-10","19.05","73.83","683.0","GHODA AMBEGAON, IN","10",",I","10",",I","2",",I","54.6",",,I,07,","198.1",",,,I"
"IN012190101","1956-11","19.05","73.83","683.0","GHODA AMBEGAON, IN","6",",I","5",",I","1",",I","68.8",",,I,25,","111.7",",,,I"
"IN012190101","1956-12","19.05","73.83","683.0","GHODA AMBEGAON, IN","0",",I","0",",I","0",",I","0.0",",,I,31,+","0.0",",,,I"
"IN012190101","1957-01","19.05","73.83","683.0","GHODA AMBEGAON, IN","0",",I","0",",I","0",",I","0.0",",,I,31,+","0.0",",,,I"
"IN012190101","1957-02","19.05","73.83","683.0","GHODA AMBEGAON, IN","0",",I","0",",I","0",",I","0.0",",,I,28,+","0.0",",,,I"
"IN012190101","1957-03","19.05","73.83","683.0","GHODA AMBEGAON, IN","0",",I","0",",I","0",",I","0.0",",,I,31,+","0.0",",,,I"
"IN012190101","1957-04","19.05","73.83","683.0","GHODA AMBEGAON, IN","1",",I","1",",I","0",",I","18.3",",,I,19,","18.3",",,,I"
"IN012190101","1957-05","19.05","73.83","683.0","GHODA AMBEGAON, IN","3",",I","2",",I","2",",I","31.0",",,I,26,","62.8",",,,I"
"IN012190101","1957-06","19.05","73.83","683.0","GHODA AMBEGAON, IN","9",",I","9",",I","3",",I","45.7",",,I,27,","159.4",",,,I"
"IN012190101","1957-07","19.05","73.83","683.0","GHODA AMBEGAON, IN","22",",I","14",",I","2",",I","35.8",",,I,07,","152.3",",,,I"
"IN012190101","1957-08","19.05","73.83","683.0","GHODA AMBEGAON, IN","25",",I","11",",I","0",",I","21.8",",,I,09,","123.7",",,,I"
"IN012190101","1957-09","19.05","73.83","683.0","GHODA AMBEGAON, IN","8",",I","3",",I","0",",I","10.4",",,I,11,","24.8",",,,I"
"IN012190101","1957-10","19.05","73.83","683.0","GHODA AMBEGAON, IN","7",",I","5",",I","2",",I","34.3",",,I,25,","95.0",",,,I"
"IN012190101","1957-11","19.05","73.83","683.0","GHODA AMBEGAON, IN","6",",I","2",",I","0",",I","22.1",",,I,17,","36.3",",,,I"
"IN012190101","1957-12","19.05","73.83","683.0","GHODA AMBEGAON, IN","0",",I","0",",I","0",",I","0.0",",,I,31,+","0.0",",,,I"
"IN012190101","1958-01","19.05","73.83","683.0","GHODA AMBEGAON, IN","1",",I","1",",I","1",",I","35.3",",,I,05,","35.3",",,,I"
"IN012190101","1958-02","19.05","73.83","683.0","GHODA AMBEGAON, IN","0",",I","0",",I","0",",I","0.0",",,I,28,+","0.0",",,,I"
"IN012190101","1958-03","19.05","73.83","683.0","GHODA AMBEGAON, IN","0",",I","0",",I","0",",I","0.0",",,I,31,+","0.0",",,,I"
"IN012190101","1958-04","19.05","73.83","683.0","GHODA AMBEGAON, IN","2",",I","1",",I","1",",I","27.9",",,I,27,","29.7",",,,I"
"IN012190101","1958-05","19.05","73.83","683.0","GHODA AMBEGAON, IN","0",",I","0",",I","0",",I","0.0",",,I,31,+","0.0",",,,I"
"IN012190101","1958-06","19.05","73.83","683.0","GHODA AMBEGAON, IN","8",",I","7",",I","2",",I","54.1",",,I,17,","164.4",",,,I"
"IN012190101","1958-07","19.05","73.83","683.0","GHODA AMBEGAON, IN","24",",I","20",",I","5",",I","116.1",",,I,11,","466.8",",,,I"
"IN012190101","1958-08","19.05","73.83","683.0","GHODA AMBEGAON, IN","19",",I","9",",I","0",",I","17.3",",,I,18,","76.4",",,,I"
"IN012190101","1958-09","19.05","73.83","683.0","GHODA AMBEGAON, IN","11",",I","10",",I","0",",I","18.3",",,I,14,","68.1",",,,I"
"IN012190101","1958-10","19.05","73.83","683.0","GHODA AMBEGAON, IN","2",",I","2",",I","0",",I","24.6",",,I,10,","30.2",",,,I"
"IN012190101","1958-11","19.05","73.83","683.0","GHODA AMBEGAON, IN","2",",I","2",",I","0",",I","10.4",",,I,26,","15.0",",,,I"
"IN012190101","1958-12","19.05","73.83","683.0","GHODA AMBEGAON, IN","0",",I","0",",I","0",",I","0.0",",,I,31,+","0.0",",,,I"
"IN012190101","1959-01","19.05","73.83","683.0","GHODA AMBEGAON, IN","0",",I","0",",I","0",",I","0.0",",,I,31,+","0.0",",,,I"
"IN012190101","1959-02","19.05","73.83","683.0","GHODA AMBEGAON, IN","0",",I","0",",I","0",",I","0.0",",,I,28,+","0.0",",,,I"
"IN012190101","1959-03","19.05","73.83","683.0","GHODA AMBEGAON, IN","0",",I","0",",I","0",",I","0.0",",,I,31,+","0.0",",,,I"
"IN012190101","1959-04","19.05","73.83","683.0","GHODA AMBEGAON, IN","2",",I","0",",I","0",",I","1.3",",,I,16,","2.3",",,,I"
"IN012190101","1959-05","19.05","73.83","683.0","GHODA AMBEGAON, IN","4",",I","4",",I","0",",I","8.9",",,I,05,","20.9",",,,I"
"IN012190101","1959-06","19.05","73.83","683.0","GHODA AMBEGAON, IN","8",",I","6",",I","1",",I","57.4",",,I,21,","124.4",",,,I"
"IN012190101","1959-07","19.05","73.83","683.0","GHODA AMBEGAON, IN","28",",I","23",",I","4",",I","49.3",",,I,28,","372.4",",,,I"
"IN012190101","1959-08","19.05","73.83","683.0","GHODA AMBEGAON, IN","23",",I","12",",I","0",",I","22.3",",,I,02,","102.6",",,,I"
"IN012190101","1959-09","19.05","73.83","683.0","GHODA AMBEGAON, IN","14",",I","7",",I","0",",I","20.1",",,I,06,+","99.9",",,,I"
"IN012190101","1959-10","19.05","73.83","683.0","GHODA AMBEGAON, IN","7",",I","5",",I","0",",I","11.7",",,I,09,","39.2",",,,I"
"IN012190101","1959-11","19.05","73.83","683.0","GHODA AMBEGAON, IN","5",",I","4",",I","2",",I","36.1",",,I,02,","90.5",",,,I"
"IN012190101","1959-12","19.05","73.83","683.0","GHODA AMBEGAON, IN","0",",I","0",",I","0",",I","0.0",",,I,31,+","0.0",",,,I"
"IN012190101","1960-01","19.05","73.83","683.0","GHODA AMBEGAON, IN","0",",I","0",",I","0",",I","0.0",",,I,31,+","0.0",",,,I"
"IN012190101","1960-02","19.05","73.83","683.0","GHODA AMBEGAON, IN","0",",I","0",",I","0",",I","0.0",",,I,29,+","0.0",",,,I"
"IN012190101","1960-03","19.05","73.83","683.0","GHODA AMBEGAON, IN","0",",I","0",",I","0",",I","0.0",",,I,31,+","0.0",",,,I"
"IN012190101","1960-04","19.05","73.83","683.0","GHODA AMBEGAON, IN","1",",I","1",",I","0",",I","6.0",",,I,18,","6.0",",,,I"
"IN012190101","1960-05","19.05","73.83","683.0","GHODA AMBEGAON, IN","6",",I","6",",I","3",",I","72.4",",,I,24,","169.0",",,,I"
"IN012190101","1960-06","19.05","73.83","683.0","GHODA AMBEGAON, IN","11",",I","7",",I","0",",I","23.5",",,I,03,","78.9",",,,I"
"IN012190101","1960-07","19.05","73.83","683.0","GHODA AMBEGAON, IN","17",",I","14",",I","1",",I","50.2",",,I,02,","176.8",",,,I"
"IN012190101","1960-08","19.05","73.83","683.0","GHODA AMBEGAON, IN","19",",I","13",",I","0",",I","20.6",",,I,02,","80.7",",,,I"
"IN012190101","1960-09","19.05","73.83","683.0","GHODA AMBEGAON, IN","18",",I","12",",I","2",",I","45.0",",,I,26,","190.9",",,,I"
"IN012190101","1960-10","19.05","73.83","683.0","GHODA AMBEGAON, IN","5",",I","4",",I","0",",I","18.0",",,I,14,","46.5",",,,I"
"IN012190101","1960-11","19.05","73.83","683.0","GHODA AMBEGAON, IN","1",",I","1",",I","0",",I","4.1",",,I,06,","4.1",",,,I"
"IN012190101","1960-12","19.05","73.83","683.0","GHODA AMBEGAON, IN","0",",I","0",",I","0",",I","0.0",",,I,31,+","0.0",",,,I"
"IN012190101","1961-01","19.05","73.83","683.0","GHODA AMBEGAON, IN","0",",I","0",",I","0",",I","0.0",",,I,31,+","0.0",",,,I"
"IN012190101","1961-02","19.05","73.83","683.0","GHODA AMBEGAON, IN","0",",I","0",",I","0",",I","0.0",",,I,28,+","0.0",",,,I"
"IN012190101","1961-03","19.05","73.83","683.0","GHODA AMBEGAON, IN","0",",I","0",",I","0",",I","0.0",",,I,31,+","0.0",",,,I"
"IN012190101","1961-04","19.05","73.83","683.0","GHODA AMBEGAON, IN","0",",I","0",",I","0",",I","0.0",",,I,30,+","0.0",",,,I"
"IN012190101","1961-05","19.05","73.83","683.0","GHODA AMBEGAON, IN","6",",I","5",",I","0",",I","11.4",",,I,19,","34.8",",,,I"
"IN012190101","1961-06","19.05","73.83","683.0","GHODA AMBEGAON, IN","4",",I","4",",I","2",",I","55.7",",,I,26,","118.5",",,,I"
"IN012190101","1961-07","19.05","73.83","683.0","GHODA AMBEGAON, IN","28",",I","21",",I","6",",I","170.5",",,I,11,","610.7",",,,I"
"IN012190101","1961-08","19.05","73.83","683.0","GHODA AMBEGAON, IN","21",",I","7",",I","0",",I","11.0",",,I,03,","51.7",",,,I"
"IN012190101","1961-09","19.05","73.83","683.0","GHODA AMBEGAON, IN","13",",I","11",",I","0",",I","8.0",",,I,05,","57.1",",,,I"
"IN012190101","1961-10","19.05","73.83","683.0","GHODA AMBEGAON, IN","4",",I","4",",I","2",",I","36.0",",,I,10,","70.4",",,,I"
"IN012190101","1961-11","19.05","73.83","683.0","GHODA AMBEGAON, IN","2",",I","2",",I","0",",I","5.3",",,I,07,","9.3",",,,I"
"IN012190101","1961-12","19.05","73.83","683.0","GHODA AMBEGAON, IN","0",",I","0",",I","0",",I","0.0",",,I,31,+","0.0",",,,I"
"IN012190101","1962-01","19.05","73.83","683.0","GHODA AMBEGAON, IN","0",",I","0",",I","0",",I","0.0",",,I,31,+","0.0",",,,I"
"IN012190101","1962-02","19.05","73.83","683.0","GHODA AMBEGAON, IN","0",",I","0",",I","0",",I","0.0",",,I,28,+","0.0",",,,I"
"IN012190101","1962-03","19.05","73.83","683.0","GHODA AMBEGAON, IN","0",",I","0",",I","0",",I","0.0",",,I,31,+","0.0",",,,I"
"IN012190101","1962-04","19.05","73.83","683.0","GHODA AMBEGAON, IN","0",",I","0",",I","0",",I","0.0",",,I,30,+","0.0",",,,I"
"IN012190101","1962-05","19.05","73.83","683.0","GHODA AMBEGAON, IN","6",",I","5",",I","1",",I","25.6",",,I,18,","60.9",",,,I"
"IN012190101","1962-06","19.05","73.83","683.0","GHODA AMBEGAON, IN","0",",I","0",",I","0",",I","0.0",",,I,30,+","0.0",",,,I"
"IN012190101","1962-07","19.05","73.83","683.0","GHODA AMBEGAON, IN","27",",I","23",",I","4",",I","60.9",",,I,04,","280.8",",,,I"
"IN012190101","1962-08","19.05","73.83","683.0","GHODA AMBEGAON, IN","11",",I","10",",I","3",",I","42.8",",,I,15,","137.6",",,,I"
"IN012190101","1962-09","19.05","73.83","683.0","GHODA AMBEGAON, IN","14",",I","9",",I","4",",I","67.5",",,I,09,","192.7",",,,I"
"IN012190101","1962-12","19.05","73.83","683.0","GHODA AMBEGAON, IN","4",",I","4",",I","1",",I","28.0",",,I,03,","66.4",",,,I"
"IN012190101","1963-01","19.05","73.83","683.0","GHODA AMBEGAON, IN","0",",I","0",",I","0",",I","0.0",",,I,31,+","0.0",",,,I"
"IN012190101","1963-02","19.05","73.83","683.0","GHODA AMBEGAON, IN","0",",I","0",",I","0",",I","0.0",",,I,28,+","0.0",",,,I"
"IN012190101","1963-03","19.05","73.83","683.0","GHODA AMBEGAON, IN","1",",I","1",",I","0",",I","8.3",",,I,31,","8.3",",,,I"
"IN012190101","1963-04","19.05","73.83","683.0","GHODA AMBEGAON, IN","2",",I","2",",I","0",",I","13.4",",,I,12,","19.7",",,,I"
"IN012190101","1963-05","19.05","73.83","683.0","GHODA AMBEGAON, IN","1",",I","0",",I","0",",I","2.2",",,I,17,","2.2",",,,I"
"IN012190101","1963-06","19.05","73.83","683.0","GHODA AMBEGAON, IN","6",",I","4",",I","0",",I","14.0",",,I,27,","33.4",",,,I"
"IN012190101","1963-07","19.05","73.83","683.0","GHODA AMBEGAON, IN","18",",I","14",",I","3",",I","58.6",",,I,07,","257.9",",,,I"
"IN012190101","1963-08","19.05","73.83","683.0","GHODA AMBEGAON, IN","24",",I","15",",I","2",",I","57.0",",,I,12,+","241.6",",,,I"
"IN012190101","1963-09","19.05","73.83","683.0","GHODA AMBEGAON, IN","7",",I","2",",I","0",",I","16.3",",,I,09,","25.7",",,,I"
"IN012190101","1963-10","19.05","73.83","683.0","GHODA AMBEGAON, IN","9",",I","7",",I","1",",I","37.3",",,I,01,","93.0",",,,I"
"IN012190101","1963-11","19.05","73.83","683.0","GHODA AMBEGAON, IN","2",",I","2",",I","0",",I","13.7",",,I,22,","16.2",",,,I"
"IN012190101","1963-12","19.05","73.83","683.0","GHODA AMBEGAON, IN","0",",I","0",",I","0",",I","0.0",",,I,31,+","0.0",",,,I"
"IN012190101","1964-01","19.05","73.83","683.0","GHODA AMBEGAON, IN","0",",I","0",",I","0",",I","0.0",",,I,31,+","0.0",",,,I"
"IN012190101","1964-02","19.05","73.83","683.0","GHODA AMBEGAON, IN","0",",I","0",",I","0",",I","0.0",",,I,29,+","0.0",",,,I"
"IN012190101","1964-03","19.05","73.83","683.0","GHODA AMBEGAON, IN","0",",I","0",",I","0",",I","0.0",",,I,31,+","0.0",",,,I"
"IN012190101","1964-04","19.05","73.83","683.0","GHODA AMBEGAON, IN","0",",I","0",",I","0",",I","0.0",",,I,30,+","0.0",",,,I"
"IN012190101","1964-05","19.05","73.83","683.0","GHODA AMBEGAON, IN","2",",I","2",",I","1",",I","54.9",",,I,14,","66.8",",,,I"
"IN012190101","1964-06","19.05","73.83","683.0","GHODA AMBEGAON, IN","12",",I","10",",I","1",",I","25.9",",,I,22,","92.5",",,,I"
"IN012190101","1964-07","19.05","73.83","683.0","GHODA AMBEGAON, IN","13",",I","9",",I","2",",I","50.3",",,I,06,","139.1",",,,I"
"IN012190101","1964-08","19.05","73.83","683.0","GHODA AMBEGAON, IN","26",",I","16",",I","1",",I","29.2",",,I,13,","152.7",",,,I"
"IN012190101","1964-09","19.05","73.83","683.0","GHODA AMBEGAON, IN","13",",I","11",",I","1",",I","29.2",",,I,16,","123.8",",,,I"
"IN012190101","1964-10","19.05","73.83","683.0","GHODA AMBEGAON, IN","3",",I","3",",I","1",",I","27.9",",,I,01,","38.1",",,,I"
"IN012190101","1964-11","19.05","73.83","683.0","GHODA AMBEGAON, IN","2",",I","2",",I","1",",I","73.1",",,I,12,","76.9",",,,I"
"IN012190101","1964-12","19.05","73.83","683.0","GHODA AMBEGAON, IN","0",",I","0",",I","0",",I","0.0",",,I,31,+","0.0",",,,I"
"IN012190101","1965-01","19.05","73.83","683.0","GHODA AMBEGAON, IN","0",",I","0",",I","0",",I","0.0",",,I,31,+","0.0",",,,I"
"IN012190101","1965-02","19.05","73.83","683.0","GHODA AMBEGAON, IN","0",",I","0",",I","0",",I","0.0",",,I,28,+","0.0",",,,I"
"IN012190101","1965-03","19.05","73.83","683.0","GHODA AMBEGAON, IN","0",",I","0",",I","0",",I","0.0",",,I,31,+","0.0",",,,I"
"IN012190101","1965-04","19.05","73.83","683.0","GHODA AMBEGAON, IN","2",",I","2",",I","0",",I","10.2",",,I,11,","17.8",",,,I"
"IN012190101","1965-05","19.05","73.83","683.0","GHODA AMBEGAON, IN","1",",I","1",",I","1",",I","76.0",",,I,02,","76.0",",,,I"
"IN012190101","1965-06","19.05","73.83","683.0","GHODA AMBEGAON, IN","6",",I","2",",I","1",",I","30.0",",,I,17,","41.4",",,,I"
"IN012190101","1965-07","19.05","73.83","683.0","GHODA AMBEGAON, IN","27",",I","22",",I","9",",I","85.0",",,I,12,","605.3",",,,I"
"IN012190101","1965-08","19.05","73.83","683.0","GHODA AMBEGAON, IN","18",",I","12",",I","2",",I","35.3",",,I,12,","158.0",",,,I"
"IN012190101","1965-09","19.05","73.83","683.0","GHODA AMBEGAON, IN","5",",I","5",",I","1",",I","27.9",",,I,29,","79.6",",,,I"
"IN012190101","1965-10","19.05","73.83","683.0","GHODA AMBEGAON, IN","1",",I","1",",I","0",",I","9.9",",,I,02,","9.9",",,,I"
"IN012190101","1965-11","19.05","73.83","683.0","GHODA AMBEGAON, IN","0",",I","0",",I","0",",I","0.0",",,I,30,+","0.0",",,,I"
"IN012190101","1965-12","19.05","73.83","683.0","GHODA AMBEGAON, IN","2",",I","2",",I","0",",I","8.6",",,I,12,","14.4",",,,I"
"IN012190101","1967-01","19.05","73.83","683.0","GHODA AMBEGAON, IN","0",",I","0",",I","0",",I","0.0",",,I,31,+","0.0",",,,I"
"IN012190101","1967-02","19.05","73.83","683.0","GHODA AMBEGAON, IN","0",",I","0",",I","0",",I","0.0",",,I,28,+","0.0",",,,I"
"IN012190101","1967-03","19.05","73.83","683.0","GHODA AMBEGAON, IN","0",",I","0",",I","0",",I","0.0",",,I,31,+","0.0",",,,I"
"IN012190101","1967-04","19.05","73.83","683.0","GHODA AMBEGAON, IN","2",",I","2",",I","0",",I","25.0",",,I,25,","30.0",",,,I"
"IN012190101","1967-05","19.05","73.83","683.0","GHODA AMBEGAON, IN","0",",I","0",",I","0",",I","0.0",",,I,31,+","0.0",",,,I"
"IN012190101","1967-06","19.05","73.83","683.0","GHODA AMBEGAON, IN","6",",I","6",",I","1",",I","42.7",",,I,16,","74.3",",,,I"
"IN012190101","1967-07","19.05","73.83","683.0","GHODA AMBEGAON, IN","16",",I","14",",I","3",",I","85.0",",,I,27,","302.0",",,,I"
"IN012190101","1967-08","19.05","73.83","683.0","GHODA AMBEGAON, IN","26",",I","12",",I","0",",I","19.6",",,I,03,","98.5",",,,I"
"IN012190101","1968-01","19.05","73.83","683.0","GHODA AMBEGAON, IN","0",",I","0",",I","0",",I","0.0",",,I,31,+","0.0",",,,I"
"IN012190101","1968-02","19.05","73.83","683.0","GHODA AMBEGAON, IN","0",",I","0",",I","0",",I","0.0",",,I,29,+","0.0",",,,I"
"IN012190101","1968-03","19.05","73.83","683.0","GHODA AMBEGAON, IN","0",",I","0",",I","0",",I","0.0",",,I,31,+","0.0",",,,I"
"IN012190101","1968-04","19.05","73.83","683.0","GHODA AMBEGAON, IN","1",",I","1",",I","0",",I","7.0",",,I,21,","7.0",",,,I"
"IN012190101","1968-05","19.05","73.83","683.0","GHODA AMBEGAON, IN","0",",I","0",",I","0",",I","0.0",",,I,31,+","0.0",",,,I"
"IN012190101","1968-06","19.05","73.83","683.0","GHODA AMBEGAON, IN","8",",I","7",",I","0",",I","23.0",",,I,22,","107.2",",,,I"
"IN012190101","1968-07","19.05","73.83","683.0","GHODA AMBEGAON, IN","20",",I","13",",I","1",",I","34.0",",,I,06,","125.0",",,,I"
"IN012190101","1968-08","19.05","73.83","683.0","GHODA AMBEGAON, IN","22",",I","11",",I","0",",I","25.0",",,I,05,","93.7",",,,I"
"IN012190101","1968-09","19.05","73.83","683.0","GHODA AMBEGAON, IN","10",",I","10",",I","0",",I","22.0",",,I,20,","111.5",",,,I"
"IN012190101","1968-10","19.05","73.83","683.0","GHODA AMBEGAON, IN","6",",I","4",",I","0",",I","14.0",",,I,06,","36.6",",,,I"
"IN012190101","1968-11","19.05","73.83","683.0","GHODA AMBEGAON, IN","3",",I","2",",I","0",",I","8.0",",,I,09,","14.0",",,,I"
"IN012190101","1968-12","19.05","73.83","683.0","GHODA AMBEGAON, IN","0",",I","0",",I","0",",I","0.0",",,I,31,+","0.0",",,,I"
"IN012190101","1969-01","19.05","73.83","683.0","GHODA AMBEGAON, IN","0",",I","0",",I","0",",I","0.0",",,I,31,+","0.0",",,,I"
"IN012190101","1969-02","19.05","73.83","683.0","GHODA AMBEGAON, IN","0",",I","0",",I","0",",I","0.0",",,I,28,+","0.0",",,,I"
"IN012190101","1969-03","19.05","73.83","683.0","GHODA AMBEGAON, IN","0",",I","0",",I","0",",I","0.0",",,I,31,+","0.0",",,,I"
"IN012190101","1969-04","19.05","73.83","683.0","GHODA AMBEGAON, IN","0",",I","0",",I","0",",I","0.0",",,I,30,+","0.0",",,,I"
"IN012190101","1969-05","19.05","73.83","683.0","GHODA AMBEGAON, IN","1",",I","1",",I","0",",I","7.0",",,I,21,","7.0",",,,I"
"IN012190101","1969-06","19.05","73.83","683.0","GHODA AMBEGAON, IN","13",",I","11",",I","1",",I","35.0",",,I,02,","160.0",",,,I"
"IN012190101","1969-07","19.05","73.83","683.0","GHODA AMBEGAON, IN","20",",I","18",",I","6",",I","85.3",",,I,30,","390.0",",,,I"
"IN012190101","1969-08","19.05","73.83","683.0","GHODA AMBEGAON, IN","22",",I","19",",I","3",",I","47.2",",,I,31,","292.2",",,,I"
"IN012190101","1969-09","19.05","73.83","683.0","GHODA AMBEGAON, IN","9",",I","8",",I","3",",I","39.3",",,I,08,","149.9",",,,I"
"IN012190101","1969-10","19.05","73.83","683.0","GHODA AMBEGAON, IN","0",",I","0",",I","0",",I","0.0",",,I,31,+","0.0",",,,I"
"IN012190101","1969-11","19.05","73.83","683.0","GHODA AMBEGAON, IN","1",",I","1",",I","0",",I","18.0",",,I,26,","18.0",",,,I"
"IN012190101","1969-12","19.05","73.83","683.0","GHODA AMBEGAON, IN","0",",I","0",",I","0",",I","0.0",",,I,31,+","0.0",",,,I"
"IN012190101","1970-01","19.05","73.83","683.0","GHODA AMBEGAON, IN","0",",I","0",",I","0",",I","0.0",",,I,31,+","0.0",",,,I"
"IN012190101","1970-02","19.05","73.83","683.0","GHODA AMBEGAON, IN","0",",I","0",",I","0",",I","0.0",",,I,28,+","0.0",",,,I"
"IN012190101","1970-03","19.05","73.83","683.0","GHODA AMBEGAON, IN","0",",I","0",",I","0",",I","0.0",",,I,31,+","0.0",",,,I"
"IN012190101","1970-04","19.05","73.83","683.0","GHODA AMBEGAON, IN","2",",I","1",",I","0",",I","16.5",",,I,16,","18.7",",,,I"
"IN012190101","1970-05","19.05","73.83","683.0","GHODA AMBEGAON, IN","4",",I","4",",I","2",",I","62.7",",,I,27,","131.8",",,,I"
"IN012190101","1970-06","19.05","73.83","683.0","GHODA AMBEGAON, IN","6",",I","6",",I","0",",I","13.3",",,I,12,","56.3",",,,I"
"IN012190101","1970-07","19.05","73.83","683.0","GHODA AMBEGAON, IN","19",",I","18",",I","1",",I","44.7",",,I,06,","181.5",",,,I"
"IN012190101","1970-08","19.05","73.83","683.0","GHODA AMBEGAON, IN","20",",I","14",",I","2",",I","88.0",",,I,11,","230.8",",,,I"
"IN012190101","1970-09","19.05","73.83","683.0","GHODA AMBEGAON, IN","4",",I","4",",I","0",",I","8.0",",,I,08,","18.3",",,,I"
"IN012190101","1970-10","19.05","73.83","683.0","GHODA AMBEGAON, IN","9",",I","7",",I","2",",I","52.5",",,I,01,","160.7",",,,I"
"IN012190101","1970-11","19.05","73.83","683.0","GHODA AMBEGAON, IN","0",",I","0",",I","0",",I","0.0",",,I,30,+","0.0",",,,I"
"IN012190101","1970-12","19.05","73.83","683.0","GHODA AMBEGAON, IN","0",",I","0",",I","0",",I","0.0",",,I,31,+","0.0",",,,I"
