"STATION","DATE","LATITUDE","LONGITUDE","ELEVATION","NAME","DP01","DP01_ATTRIBUTES","DP10","DP10_ATTRIBUTES","DP1X","DP1X_ATTRIBUTES","EMXP","EMXP_ATTRIBUTES","PRCP","PRCP_ATTRIBUTES"
"IN020040500","1901-01","13.27","80.28","14.0","ATHIPETTU, IN","4",",I","2",",I","0",",I","5.3",",,I,23,","11.4",",,,I"
"IN020040500","1901-02","13.27","80.28","14.0","ATHIPETTU, IN","5",",I","4",",I","1",",I","34.3",",,I,15,","65.5",",,,I"
"IN020040500","1901-03","13.27","80.28","14.0","ATHIPETTU, IN","0",",I","0",",I","0",",I","0.0",",,I,31,+","0.0",",,,I"
"IN020040500","1901-04","13.27","80.28","14.0","ATHIPETTU, IN","0",",I","0",",I","0",",I","0.0",",,I,30,+","0.0",",,,I"
"IN020040500","1901-05","13.27","80.28","14.0","ATHIPETTU, IN","0",",I","0",",I","0",",I","0.0",",,I,31,+","0.0",",,,I"
"IN020040500","1901-06","13.27","80.28","14.0","ATHIPETTU, IN","3",",I","0",",I","0",",I","1.0",",,I,14,","1.8",",,,I"
"IN020040500","1901-07","13.27","80.28","14.0","ATHIPETTU, IN","10",",I","10",",I","1",",I","28.7",",,I,14,","138.3",",,,I"
"IN020040500","1901-08","13.27","80.28","14.0","ATHIPETTU, IN","15",",I","12",",I","1",",I","31.2",",,I,14,","149.4",",,,I"
"IN020040500","1901-09","13.27","80.28","14.0","ATHIPETTU, IN","9",",I","4",",I","0",",I","20.3",",,I,20,","36.1",",,,I"
"IN020040500","1901-10","13.27","80.28","14.0","ATHIPETTU, IN","9","1,I","8","1,I","2","1,I","52.3","1,,I,07,","146.6","1,,,I"
"IN020040500","1901-11","13.27","80.28","14.0","ATHIPETTU, IN","14",",I","12",",I","3",",I","57.9",",,I,06,","252.4",",,,I"
"IN020040500","1901-12","13.27","80.28","14.0","ATHIPETTU, IN","6",",I","6",",I","3",",I","115.8",",,I,09,","282.4",",,,I"
"IN020040500","1902-01","13.27","80.28","14.0","ATHIPETTU, IN","0",",I","0",",I","0",",I","0.0",",,I,31,+","0.0",",,,I"
"IN020040500","1902-02","13.27","80.28","14.0","ATHIPETTU, IN","0",",I","0",",I","0",",I","0.0",",,I,28,+","0.0",",,,I"
"IN020040500","1902-03","13.27","80.28","14.0","ATHIPETTU, IN","0",",I","0",",I","0",",I","0.0",",,I,31,+","0.0",",,,I"
"IN020040500","1902-04","13.27","80.28","14.0","ATHIPETTU, IN","1",",I","0",",I","0",",I","0.3",",,I,22,","0.3",",,,I"
"IN020040500","1902-05","13.27","80.28","14.0","ATHIPETTU, IN","1",",I","0",",I","0",",I","1.5",",,I,13,","1.5",",,,I"
"IN020040500","1902-06","13.27","80.28","14.0","ATHIPETTU, IN","5",",I","3",",I","0",",I","3.8",",,I,15,","13.0",",,,I"
"IN020040500","1902-07","13.27","80.28","14.0","ATHIPETTU, IN","8",",I","5",",I","0",",I","11.2",",,I,10,","32.8",",,,I"
"IN020040500","1902-08","13.27","80.28","14.0","ATHIPETTU, IN","10",",I","9",",I","1",",I","35.6",",,I,04,","104.1",",,,I"
"IN020040500","1902-09","13.27","80.28","14.0","ATHIPETTU, IN","12",",I","8",",I","1",",I","30.0",",,I,13,","102.0",",,,I"
"IN020040500","1902-10","13.27","80.28","14.0","ATHIPETTU, IN","16",",I","15",",I","5",",I","199.4",",,I,28,","520.9",",,,I"
"IN020040500","1902-11","13.27","80.28","14.0","ATHIPETTU, IN","16",",I","14",",I","3",",I","104.1",",,I,17,","299.7",",,,I"
"IN020040500","1902-12","13.27","80.28","14.0","ATHIPETTU, IN","7",",I","5",",I","3",",I","89.7",",,I,15,","198.4",",,,I"
"IN020040500","1903-01","13.27","80.28","14.0","ATHIPETTU, IN","3",",I","2",",I","0",",I","15.2",",,I,05,","24.4",",,,I"
"IN020040500","1903-02","13.27","80.28","14.0","ATHIPETTU, IN","1",",I","1",",I","0",",I","12.7",",,I,22,","12.7",",,,I"
"IN020040500","1903-03","13.27","80.28","14.0","ATHIPETTU, IN","0",",I","0",",I","0",",I","0.0",",,I,31,+","0.0",",,,I"
"IN020040500","1903-04","13.27","80.28","14.0","ATHIPETTU, IN","0",",I","0",",I","0",",I","0.0",",,I,30,+","0.0",",,,I"
"IN020040500","1903-05","13.27","80.28","14.0","ATHIPETTU, IN","6",",I","3",",I","2",",I","34.3",",,I,21,","86.2",",,,I"
"IN020040500","1903-06","13.27","80.28","14.0","ATHIPETTU, IN","4",",I","2",",I","0",",I","20.3",",,I,19,","28.2",",,,I"
"IN020040500","1903-07","13.27","80.28","14.0","ATHIPETTU, IN","12",",I","9",",I","0",",I","17.3",",,I,06,","83.0",",,,I"
"IN020040500","1903-08","13.27","80.28","14.0","ATHIPETTU, IN","13",",I","11",",I","0",",I","17.3",",,I,01,","90.7",",,,I"
"IN020040500","1903-09","13.27","80.28","14.0","ATHIPETTU, IN","14",",I","13",",I","3",",I","38.9",",,I,15,","218.7",",,,I"
"IN020040500","1903-10","13.27","80.28","14.0","ATHIPETTU, IN","12",",I","7",",I","4",",I","91.4",",,I,25,","316.9",",,,I"
"IN020040500","1903-11","13.27","80.28","14.0","ATHIPETTU, IN","13",",I","12",",I","4",",I","173.0",",,I,05,","461.3",",,,I"
"IN020040500","1903-12","13.27","80.28","14.0","ATHIPETTU, IN","10",",I","9",",I","3",",I","92.7",",,I,31,","315.8",",,,I"
"IN020040500","1904-01","13.27","80.28","14.0","ATHIPETTU, IN","4",",I","3",",I","0",",I","20.3",",,I,02,+","46.4",",,,I"
"IN020040500","1904-02","13.27","80.28","14.0","ATHIPETTU, IN","0",",I","0",",I","0",",I","0.0",",,I,29,+","0.0",",,,I"
"IN020040500","1904-03","13.27","80.28","14.0","ATHIPETTU, IN","0",",I","0",",I","0",",I","0.0",",,I,31,+","0.0",",,,I"
"IN020040500","1904-04","13.27","80.28","14.0","ATHIPETTU, IN","0",",I","0",",I","0",",I","0.0",",,I,30,+","0.0",",,,I"
"IN020040500","1904-05","13.27","80.28","14.0","ATHIPETTU, IN","3",",I","3",",I","0",",I","14.0",",,I,25,","30.7",",,,I"
"IN020040500","1904-06","13.27","80.28","14.0","ATHIPETTU, IN","9",",I","7",",I","0",",I","6.6",",,I,27,","33.8",",,,I"
"IN020040500","1904-07","13.27","80.28","14.0","ATHIPETTU, IN","14",",I","7",",I","0",",I","18.8",",,I,03,","74.9",",,,I"
"IN020040500","1904-08","13.27","80.28","14.0","ATHIPETTU, IN","8",",I","3",",I","0",",I","5.6",",,I,07,","18.5",",,,I"
"IN020040500","1904-09","13.27","80.28","14.0","ATHIPETTU, IN","6",",I","4",",I","1",",I","37.1",",,I,02,","82.5",",,,I"
"IN020040500","1904-10","13.27","80.28","14.0","ATHIPETTU, IN","9",",I","7",",I","1",",I","33.3",",,I,23,","74.4",",,,I"
"IN020040500","1904-11","13.27","80.28","14.0","ATHIPETTU, IN","2",",I","2",",I","0",",I","4.3",",,I,12,","8.4",",,,I"
"IN020040500","1904-12","13.27","80.28","14.0","ATHIPETTU, IN","5",",I","3",",I","1",",I","32.8",",,I,21,","47.8",",,,I"
"IN020040500","1905-01","13.27","80.28","14.0","ATHIPETTU, IN","3",",I","2",",I","1",",I","31.8",",,I,06,","37.4",",,,I"
"IN020040500","1905-02","13.27","80.28","14.0","ATHIPETTU, IN","0",",I","0",",I","0",",I","0.0",",,I,28,+","0.0",",,,I"
"IN020040500","1905-03","13.27","80.28","14.0","ATHIPETTU, IN","2",",I","1",",I","0",",I","6.9",",,I,26,","8.9",",,,I"
"IN020040500","1905-04","13.27","80.28","14.0","ATHIPETTU, IN","3",",I","3",",I","0",",I","7.6",",,I,18,","20.3",",,,I"
"IN020040500","1905-05","13.27","80.28","14.0","ATHIPETTU, IN","0",",I","0",",I","0",",I","0.0",",,I,31,+","0.0",",,,I"
"IN020040500","1905-06","13.27","80.28","14.0","ATHIPETTU, IN","7",",I","4",",I","0",",I","19.3",",,I,17,","56.6",",,,I"
"IN020040500","1905-07","13.27","80.28","14.0","ATHIPETTU, IN","10",",I","7",",I","0",",I","6.6",",,I,30,","38.6",",,,I"
"IN020040500","1905-08","13.27","80.28","14.0","ATHIPETTU, IN","13",",I","8",",I","0",",I","21.8",",,I,29,","66.6",",,,I"
"IN020040500","1905-09","13.27","80.28","14.0","ATHIPETTU, IN","5",",I","4",",I","1",",I","31.8",",,I,02,","57.7",",,,I"
"IN020040500","1905-10","13.27","80.28","14.0","ATHIPETTU, IN","14",",I","11",",I","6",",I","155.7",",,I,13,","550.1",",,,I"
"IN020040500","1905-11","13.27","80.28","14.0","ATHIPETTU, IN","16",",I","11",",I","3",",I","69.6",",,I,10,","243.5",",,,I"
"IN020040500","1905-12","13.27","80.28","14.0","ATHIPETTU, IN","3",",I","1",",I","0",",I","12.7",",,I,14,","15.2",",,,I"
"IN020040500","1906-01","13.27","80.28","14.0","ATHIPETTU, IN","4",",I","4",",I","3",",I","90.2",",,I,17,","214.2",",,,I"
"IN020040500","1906-02","13.27","80.28","14.0","ATHIPETTU, IN","2",",I","2",",I","0",",I","19.3",",,I,26,","24.1",",,,I"
"IN020040500","1906-03","13.27","80.28","14.0","ATHIPETTU, IN","1",",I","0",",I","0",",I","2.0",",,I,01,","2.0",",,,I"
"IN020040500","1906-04","13.27","80.28","14.0","ATHIPETTU, IN","0",",I","0",",I","0",",I","0.0",",,I,30,+","0.0",",,,I"
"IN020040500","1906-05","13.27","80.28","14.0","ATHIPETTU, IN","0",",I","0",",I","0",",I","0.0",",,I,31,+","0.0",",,,I"
"IN020040500","1906-06","13.27","80.28","14.0","ATHIPETTU, IN","3",",I","1",",I","0",",I","2.8",",,I,12,","5.6",",,,I"
"IN020040500","1906-07","13.27","80.28","14.0","ATHIPETTU, IN","6",",I","5",",I","0",",I","21.8",",,I,30,","54.4",",,,I"
"IN020040500","1906-08","13.27","80.28","14.0","ATHIPETTU, IN","9",",I","8",",I","2",",I","48.3",",,I,20,+","144.7",",,,I"
"IN020040500","1906-09","13.27","80.28","14.0","ATHIPETTU, IN","9",",I","7",",I","1",",I","28.4",",,I,22,","70.1",",,,I"
"IN020040500","1906-10","13.27","80.28","14.0","ATHIPETTU, IN","10",",I","7",",I","1",",I","33.5",",,I,18,","116.8",",,,I"
"IN020040500","1906-11","13.27","80.28","14.0","ATHIPETTU, IN","16",",I","13",",I","2",",I","46.7",",,I,24,","184.5",",,,I"
"IN020040500","1906-12","13.27","80.28","14.0","ATHIPETTU, IN","11",",I","9",",I","6",",I","132.3",",,I,14,","459.7",",,,I"
"IN020040500","1907-01","13.27","80.28","14.0","ATHIPETTU, IN","2",",I","0",",I","0",",I","1.5",",,I,06,","2.0",",,,I"
"IN020040500","1907-02","13.27","80.28","14.0","ATHIPETTU, IN","0",",I","0",",I","0",",I","0.0",",,I,28,+","0.0",",,,I"
"IN020040500","1907-03","13.27","80.28","14.0","ATHIPETTU, IN","0",",I","0",",I","0",",I","0.0",",,I,31,+","0.0",",,,I"
"IN020040500","1907-04","13.27","80.28","14.0","ATHIPETTU, IN","1",",I","1",",I","0",",I","22.9",",,I,12,","22.9",",,,I"
"IN020040500","1907-05","13.27","80.28","14.0","ATHIPETTU, IN","0",",I","0",",I","0",",I","0.0",",,I,31,+","0.0",",,,I"
"IN020040500","1907-06","13.27","80.28","14.0","ATHIPETTU, IN","6",",I","3",",I","0",",I","8.4",",,I,14,","21.1",",,,I"
"IN020040500","1907-07","13.27","80.28","14.0","ATHIPETTU, IN","9",",I","5",",I","0",",I","10.4",",,I,20,","35.8",",,,I"
"IN020040500","1907-08","13.27","80.28","14.0","ATHIPETTU, IN","10",",I","4",",I","0",",I","7.9",",,I,07,","29.9",",,,I"
"IN020040500","1907-09","13.27","80.28","14.0","ATHIPETTU, IN","7",",I","5",",I","1",",I","55.9",",,I,01,","92.0",",,,I"
"IN020040500","1907-10","13.27","80.28","14.0","ATHIPETTU, IN","10",",I","8",",I","4",",I","71.6",",,I,05,","235.3",",,,I"
"IN020040500","1907-11","13.27","80.28","14.0","ATHIPETTU, IN","16",",I","11",",I","4",",I","74.4",",,I,14,","287.3",",,,I"
"IN020040500","1907-12","13.27","80.28","14.0","ATHIPETTU, IN","7",",I","6",",I","2",",I","76.2",",,I,14,","147.4",",,,I"
"IN020040500","1908-01","13.27","80.28","14.0","ATHIPETTU, IN","0",",I","0",",I","0",",I","0.0",",,I,31,+","0.0",",,,I"
"IN020040500","1908-02","13.27","80.28","14.0","ATHIPETTU, IN","1",",I","1",",I","0",",I","16.0",",,I,23,","16.0",",,,I"
"IN020040500","1908-03","13.27","80.28","14.0","ATHIPETTU, IN","0",",I","0",",I","0",",I","0.0",",,I,31,+","0.0",",,,I"
"IN020040500","1908-04","13.27","80.28","14.0","ATHIPETTU, IN","0",",I","0",",I","0",",I","0.0",",,I,30,+","0.0",",,,I"
"IN020040500","1908-05","13.27","80.28","14.0","ATHIPETTU, IN","0",",I","0",",I","0",",I","0.0",",,I,31,+","0.0",",,,I"
"IN020040500","1908-06","13.27","80.28","14.0","ATHIPETTU, IN","4",",I","3",",I","0",",I","6.9",",,I,18,","15.6",",,,I"
"IN020040500","1908-07","13.27","80.28","14.0","ATHIPETTU, IN","10",",I","9",",I","0",",I","12.2",",,I,11,","46.6",",,,I"
"IN020040500","1908-08","13.27","80.28","14.0","ATHIPETTU, IN","9",",I","5",",I","2",",I","59.2",",,I,07,","133.3",",,,I"
"IN020040500","1908-09","13.27","80.28","14.0","ATHIPETTU, IN","13",",I","11",",I","1",",I","28.4",",,I,21,","132.6",",,,I"
"IN020040500","1908-10","13.27","80.28","14.0","ATHIPETTU, IN","11",",I","11",",I","7",",I","142.7",",,I,24,","521.9",",,,I"
"IN020040500","1908-11","13.27","80.28","14.0","ATHIPETTU, IN","9",",I","6",",I","5",",I","188.5",",,I,02,","329.1",",,,I"
"IN020040500","1908-12","13.27","80.28","14.0","ATHIPETTU, IN","3",",I","1",",I","0",",I","24.4",",,I,31,","27.7",",,,I"
"IN020040500","1909-01","13.27","80.28","14.0","ATHIPETTU, IN","5",",I","5",",I","1",",I","34.3",",,I,01,","88.9",",,,I"
"IN020040500","1909-02","13.27","80.28","14.0","ATHIPETTU, IN","0",",I","0",",I","0",",I","0.0",",,I,28,+","0.0",",,,I"
"IN020040500","1909-03","13.27","80.28","14.0","ATHIPETTU, IN","0",",I","0",",I","0",",I","0.0",",,I,31,+","0.0",",,,I"
"IN020040500","1909-04","13.27","80.28","14.0","ATHIPETTU, IN","4",",I","2",",I","0",",I","7.1",",,I,13,","12.5",",,,I"
"IN020040500","1909-05","13.27","80.28","14.0","ATHIPETTU, IN","5",",I","4",",I","1",",I","96.0",",,I,05,","132.9",",,,I"
"IN020040500","1909-06","13.27","80.28","14.0","ATHIPETTU, IN","6",",I","4",",I","0",",I","9.4",",,I,02,","26.0",",,,I"
"IN020040500","1909-07","13.27","80.28","14.0","ATHIPETTU, IN","17",",I","7",",I","0",",I","15.5",",,I,26,","64.6",",,,I"
"IN020040500","1909-08","13.27","80.28","14.0","ATHIPETTU, IN","12",",I","9",",I","1",",I","74.9",",,I,22,","156.6",",,,I"
"IN020040500","1909-09","13.27","80.28","14.0","ATHIPETTU, IN","15",",I","11",",I","3",",I","88.9",",,I,04,","285.6",",,,I"
"IN020040500","1909-10","13.27","80.28","14.0","ATHIPETTU, IN","2",",I","2",",I","0",",I","16.0",",,I,14,","29.5",",,,I"
"IN020040500","1909-11","13.27","80.28","14.0","ATHIPETTU, IN","4",",I","3",",I","0",",I","15.5",",,I,27,","37.9",",,,I"
"IN020040500","1909-12","13.27","80.28","14.0","ATHIPETTU, IN","3",",I","3",",I","0",",I","4.8",",,I,01,","12.5",",,,I"
"IN020040500","1910-01","13.27","80.28","14.0","ATHIPETTU, IN","0",",I","0",",I","0",",I","0.0",",,I,31,+","0.0",",,,I"
"IN020040500","1910-02","13.27","80.28","14.0","ATHIPETTU, IN","1",",I","1",",I","0",",I","3.0",",,I,19,","3.0",",,,I"
"IN020040500","1910-03","13.27","80.28","14.0","ATHIPETTU, IN","0",",I","0",",I","0",",I","0.0",",,I,31,+","0.0",",,,I"
"IN020040500","1910-04","13.27","80.28","14.0","ATHIPETTU, IN","0",",I","0",",I","0",",I","0.0",",,I,30,+","0.0",",,,I"
"IN020040500","1910-05","13.27","80.28","14.0","ATHIPETTU, IN","0",",I","0",",I","0",",I","0.0",",,I,31,+","0.0",",,,I"
"IN020040500","1910-06","13.27","80.28","14.0","ATHIPETTU, IN","6",",I","5",",I","0",",I","8.4",",,I,19,","31.5",",,,I"
"IN020040500","1910-07","13.27","80.28","14.0","ATHIPETTU, IN","13",",I","7",",I","0",",I","15.2",",,I,10,","68.6",",,,I"
"IN020040500","1910-08","13.27","80.28","14.0","ATHIPETTU, IN","14",",I","9",",I","0",",I","24.4",",,I,31,","132.6",",,,I"
"IN020040500","1910-09","13.27","80.28","14.0","ATHIPETTU, IN","10",",I","8",",I","3",",I","57.9",",,I,13,","172.1",",,,I"
"IN020040500","1910-10","13.27","80.28","14.0","ATHIPETTU, IN","15",",I","14",",I","4",",I","98.8",",,I,29,","291.6",",,,I"
"IN020040500","1910-11","13.27","80.28","14.0","ATHIPETTU, IN","10",",I","9",",I","4",",I","169.7",",,I,06,","412.2",",,,I"
"IN020040500","1910-12","13.27","80.28","14.0","ATHIPETTU, IN","0",",I","0",",I","0",",I","0.0",",,I,31,+","0.0",",,,I"
"IN020040500","1911-01","13.27","80.28","14.0","ATHIPETTU, IN","1",",I","0",",I","0",",I","1.8",",,I,16,","1.8",",,,I"
"IN020040500","1911-02","13.27","80.28","14.0","ATHIPETTU, IN","0",",I","0",",I","0",",I","0.0",",,I,28,+","0.0",",,,I"
"IN020040500","1911-03","13.27","80.28","14.0","ATHIPETTU, IN","0",",I","0",",I","0",",I","0.0",",,I,31,+","0.0",",,,I"
"IN020040500","1911-04","13.27","80.28","14.0","ATHIPETTU, IN","0",",I","0",",I","0",",I","0.0",",,I,30,+","0.0",",,,I"
"IN020040500","1911-05","13.27","80.28","14.0","ATHIPETTU, IN","0",",I","0",",I","0",",I","0.0",",,I,31,+","0.0",",,,I"
"IN020040500","1911-06","13.27","80.28","14.0","ATHIPETTU, IN","6",",I","3",",I","0",",I","20.1",",,I,03,","35.1",",,,I"
"IN020040500","1911-07","13.27","80.28","14.0","ATHIPETTU, IN","11",",I","7",",I","0",",I","15.5",",,I,20,","41.0",",,,I"
"IN020040500","1911-08","13.27","80.28","14.0","ATHIPETTU, IN","13",",I","6",",I","0",",I","12.7",",,I,03,","46.2",",,,I"
"IN020040500","1911-09","13.27","80.28","14.0","ATHIPETTU, IN","8",",I","7",",I","2",",I","76.2",",,I,08,","158.7",",,,I"
"IN020040500","1911-10","13.27","80.28","14.0","ATHIPETTU, IN","8",",I","6",",I","1",",I","80.3",",,I,16,","111.0",",,,I"
"IN020040500","1911-11","13.27","80.28","14.0","ATHIPETTU, IN","9",",I","8",",I","4",",I","62.2",",,I,22,","220.0",",,,I"
"IN020040500","1911-12","13.27","80.28","14.0","ATHIPETTU, IN","11",",I","8",",I","2",",I","30.5",",,I,26,","109.5",",,,I"
"IN020040500","1912-01","13.27","80.28","14.0","ATHIPETTU, IN","2",",I","2",",I","0",",I","11.4",",,I,16,","17.8",",,,I"
"IN020040500","1912-02","13.27","80.28","14.0","ATHIPETTU, IN","0",",I","0",",I","0",",I","0.0",",,I,29,+","0.0",",,,I"
"IN020040500","1912-03","13.27","80.28","14.0","ATHIPETTU, IN","0",",I","0",",I","0",",I","0.0",",,I,31,+","0.0",",,,I"
"IN020040500","1912-04","13.27","80.28","14.0","ATHIPETTU, IN","0",",I","0",",I","0",",I","0.0",",,I,30,+","0.0",",,,I"
"IN020040500","1912-05","13.27","80.28","14.0","ATHIPETTU, IN","0",",I","0",",I","0",",I","0.0",",,I,31,+","0.0",",,,I"
"IN020040500","1912-06","13.27","80.28","14.0","ATHIPETTU, IN","2",",I","1",",I","0",",I","3.3",",,I,21,","5.3",",,,I"
"IN020040500","1912-07","13.27","80.28","14.0","ATHIPETTU, IN","9",",I","5",",I","2",",I","27.4",",,I,20,+","83.2",",,,I"
"IN020040500","1912-08","13.27","80.28","14.0","ATHIPETTU, IN","17",",I","10",",I","1",",I","33.5",",,I,21,","125.3",",,,I"
"IN020040500","1912-09","13.27","80.28","14.0","ATHIPETTU, IN","6",",I","3",",I","1",",I","31.0",",,I,18,","57.6",",,,I"
"IN020040500","1912-10","13.27","80.28","14.0","ATHIPETTU, IN","10",",I","8",",I","3",",I","195.6",",,I,20,","383.0",",,,I"
"IN020040500","1912-11","13.27","80.28","14.0","ATHIPETTU, IN","14",",I","14",",I","6",",I","119.4",",,I,21,","443.2",",,,I"
"IN020040500","1912-12","13.27","80.28","14.0","ATHIPETTU, IN","1",",I","1",",I","0",",I","7.1",",,I,14,","7.1",",,,I"
"IN020040500","1913-01","13.27","80.28","14.0","ATHIPETTU, IN","0",",I","0",",I","0",",I","0.0",",,I,31,+","0.0",",,,I"
"IN020040500","1913-02","13.27","80.28","14.0","ATHIPETTU, IN","2",",I","0",",I","0",",I","1.3",",,I,11,","2.3",",,,I"
"IN020040500","1913-03","13.27","80.28","14.0","ATHIPETTU, IN","0",",I","0",",I","0",",I","0.0",",,I,31,+","0.0",",,,I"
"IN020040500","1913-04","13.27","80.28","14.0","ATHIPETTU, IN","1",",I","1",",I","1",",I","28.7",",,I,14,","28.7",",,,I"
"IN020040500","1913-05","13.27","80.28","14.0","ATHIPETTU, IN","3",",I","1",",I","1",",I","30.0",",,I,19,","32.0",",,,I"
"IN020040500","1913-06","13.27","80.28","14.0","ATHIPETTU, IN","2",",I","0",",I","0",",I","2.0",",,I,24,","3.3",",,,I"
"IN020040500","1913-07","13.27","80.28","14.0","ATHIPETTU, IN","6",",I","2",",I","0",",I","11.4",",,I,05,","21.3",",,,I"
"IN020040500","1913-08","13.27","80.28","14.0","ATHIPETTU, IN","9",",I","2",",I","0",",I","6.1",",,I,15,","16.4",",,,I"
"IN020040500","1913-09","13.27","80.28","14.0","ATHIPETTU, IN","12",",I","5",",I","2",",I","49.8",",,I,23,","128.7",",,,I"
"IN020040500","1913-10","13.27","80.28","14.0","ATHIPETTU, IN","16",",I","16",",I","6",",I","235.0",",,I,31,","822.6",",,,I"
"IN020040500","1913-11","13.27","80.28","14.0","ATHIPETTU, IN","10",",I","8",",I","4",",I","80.0",",,I,11,","284.4",",,,I"
"IN020040500","1913-12","13.27","80.28","14.0","ATHIPETTU, IN","11",",I","9",",I","2",",I","73.7",",,I,01,","182.0",",,,I"
"IN020040500","1914-01","13.27","80.28","14.0","ATHIPETTU, IN","1",",I","1",",I","0",",I","13.5",",,I,02,","13.5",",,,I"
"IN020040500","1914-02","13.27","80.28","14.0","ATHIPETTU, IN","0",",I","0",",I","0",",I","0.0",",,I,28,+","0.0",",,,I"
"IN020040500","1914-03","13.27","80.28","14.0","ATHIPETTU, IN","0",",I","0",",I","0",",I","0.0",",,I,31,+","0.0",",,,I"
"IN020040500","1914-04","13.27","80.28","14.0","ATHIPETTU, IN","4",",I","3",",I","0",",I","12.7",",,I,03,","20.3",",,,I"
"IN020040500","1914-05","13.27","80.28","14.0","ATHIPETTU, IN","1",",I","0",",I","0",",I","1.0",",,I,06,","1.0",",,,I"
"IN020040500","1914-06","13.27","80.28","14.0","ATHIPETTU, IN","6",",I","5",",I","0",",I","19.8",",,I,13,","45.6",",,,I"
"IN020040500","1914-07","13.27","80.28","14.0","ATHIPETTU, IN","14",",I","8",",I","0",",I","6.6",",,I,31,+","46.0",",,,I"
"IN020040500","1914-08","13.27","80.28","14.0","ATHIPETTU, IN","18",",I","12",",I","1",",I","33.0",",,I,10,","138.6",",,,I"
"IN020040500","1914-09","13.27","80.28","14.0","ATHIPETTU, IN","6",",I","4",",I","2",",I","55.9",",,I,10,","105.4",",,,I"
"IN020040500","1914-10","13.27","80.28","14.0","ATHIPETTU, IN","18",",I","16",",I","7",",I","109.2",",,I,25,","476.5",",,,I"
"IN020040500","1914-11","13.27","80.28","14.0","ATHIPETTU, IN","11",",I","8",",I","1",",I","62.0",",,I,02,","132.9",",,,I"
"IN020040500","1914-12","13.27","80.28","14.0","ATHIPETTU, IN","5",",I","2",",I","0",",I","4.1",",,I,02,","11.2",",,,I"
"IN020040500","1915-01","13.27","80.28","14.0","ATHIPETTU, IN","8",",I","3",",I","1",",I","85.1",",,I,15,","100.2",",,,I"
"IN020040500","1915-02","13.27","80.28","14.0","ATHIPETTU, IN","2",",I","1",",I","0",",I","6.6",",,I,28,","6.9",",,,I"
"IN020040500","1915-03","13.27","80.28","14.0","ATHIPETTU, IN","3",",I","0",",I","0",",I","2.0",",,I,04,","3.8",",,,I"
"IN020040500","1915-04","13.27","80.28","14.0","ATHIPETTU, IN","1",",I","0",",I","0",",I","1.8",",,I,28,","1.8",",,,I"
"IN020040500","1915-05","13.27","80.28","14.0","ATHIPETTU, IN","1",",I","0",",I","0",",I","0.5",",,I,13,","0.5",",,,I"
"IN020040500","1915-06","13.27","80.28","14.0","ATHIPETTU, IN","5",",I","3",",I","0",",I","7.1",",,I,21,","15.2",",,,I"
"IN020040500","1915-07","13.27","80.28","14.0","ATHIPETTU, IN","10",",I","6",",I","2",",I","71.9",",,I,15,","149.6",",,,I"
"IN020040500","1915-08","13.27","80.28","14.0","ATHIPETTU, IN","7",",I","5",",I","0",",I","20.6",",,I,30,","50.6",",,,I"
"IN020040500","1915-09","13.27","80.28","14.0","ATHIPETTU, IN","7",",I","4",",I","2",",I","39.4",",,I,30,","99.3",",,,I"
"IN020040500","1915-10","13.27","80.28","14.0","ATHIPETTU, IN","7",",I","4",",I","1",",I","28.2",",,I,11,","67.3",",,,I"
"IN020040500","1915-11","13.27","80.28","14.0","ATHIPETTU, IN","16",",I","16",",I","8",",I","119.6",",,I,13,","696.8",",,,I"
"IN020040500","1915-12","13.27","80.28","14.0","ATHIPETTU, IN","2",",I","1",",I","0",",I","3.8",",,I,26,","5.3",",,,I"
"IN020040500","1916-01","13.27","80.28","14.0","ATHIPETTU, IN","1",",I","0",",I","0",",I","0.8",",,I,10,","0.8",",,,I"
"IN020040500","1916-02","13.27","80.28","14.0","ATHIPETTU, IN","0",",I","0",",I","0",",I","0.0",",,I,29,+","0.0",",,,I"
"IN020040500","1916-03","13.27","80.28","14.0","ATHIPETTU, IN","0",",I","0",",I","0",",I","0.0",",,I,31,+","0.0",",,,I"
"IN020040500","1916-04","13.27","80.28","14.0","ATHIPETTU, IN","0",",I","0",",I","0",",I","0.0",",,I,30,+","0.0",",,,I"
"IN020040500","1916-05","13.27","80.28","14.0","ATHIPETTU, IN","0",",I","0",",I","0",",I","0.0",",,I,31,+","0.0",",,,I"
"IN020040500","1916-06","13.27","80.28","14.0","ATHIPETTU, IN","7",",I","4",",I","1",",I","26.4",",,I,19,","58.2",",,,I"
"IN020040500","1916-07","13.27","80.28","14.0","ATHIPETTU, IN","4",",I","4",",I","1",",I","28.4",",,I,14,","59.9",",,,I"
"IN020040500","1916-08","13.27","80.28","14.0","ATHIPETTU, IN","9",",I","7",",I","2",",I","79.0",",,I,06,","132.5",",,,I"
"IN020040500","1916-09","13.27","80.28","14.0","ATHIPETTU, IN","7",",I","5",",I","1",",I","28.4",",,I,09,","76.2",",,,I"
"IN020040500","1916-10","13.27","80.28","14.0","ATHIPETTU, IN","15",",I","14",",I","4",",I","215.9",",,I,21,","500.9",",,,I"
"IN020040500","1916-11","13.27","80.28","14.0","ATHIPETTU, IN","11",",I","11",",I","4",",I","128.3",",,I,23,","350.9",",,,I"
"IN020040500","1916-12","13.27","80.28","14.0","ATHIPETTU, IN","9",",I","5",",I","0",",I","17.8",",,I,03,+","65.1",",,,I"
"IN020040500","1917-01","13.27","80.28","14.0","ATHIPETTU, IN","1",",I","0",",I","0",",I","0.8",",,I,31,","0.8",",,,I"
"IN020040500","1917-02","13.27","80.28","14.0","ATHIPETTU, IN","0",",I","0",",I","0",",I","0.0",",,I,28,+","0.0",",,,I"
"IN020040500","1917-03","13.27","80.28","14.0","ATHIPETTU, IN","0",",I","0",",I","0",",I","0.0",",,I,31,+","0.0",",,,I"
"IN020040500","1917-04","13.27","80.28","14.0","ATHIPETTU, IN","0",",I","0",",I","0",",I","0.0",",,I,30,+","0.0",",,,I"
"IN020040500","1917-05","13.27","80.28","14.0","ATHIPETTU, IN","3",",I","3",",I","0",",I","22.9",",,I,26,","47.8",",,,I"
"IN020040500","1917-06","13.27","80.28","14.0","ATHIPETTU, IN","9",",I","8",",I","1",",I","41.1",",,I,06,","110.4",",,,I"
"IN020040500","1917-07","13.27","80.28","14.0","ATHIPETTU, IN","11",",I","7",",I","0",",I","22.9",",,I,25,","68.8",",,,I"
"IN020040500","1917-08","13.27","80.28","14.0","ATHIPETTU, IN","10",",I","9",",I","3",",I","60.7",",,I,22,","183.3",",,,I"
"IN020040500","1917-09","13.27","80.28","14.0","ATHIPETTU, IN","10",",I","6",",I","1",",I","45.7",",,I,27,","98.6",",,,I"
"IN020040500","1917-10","13.27","80.28","14.0","ATHIPETTU, IN","9",",I","9",",I","4",",I","190.5",",,I,20,","426.0",",,,I"
"IN020040500","1917-11","13.27","80.28","14.0","ATHIPETTU, IN","14",",I","13",",I","4",",I","106.9",",,I,11,","362.1",",,,I"
"IN020040500","1917-12","13.27","80.28","14.0","ATHIPETTU, IN","9",",I","6",",I","2",",I","102.1",",,I,06,","156.5",",,,I"
"IN020040500","1918-01","13.27","80.28","14.0","ATHIPETTU, IN","10",",I","10",",I","4",",I","63.8",",,I,02,","204.7",",,,I"
"IN020040500","1918-02","13.27","80.28","14.0","ATHIPETTU, IN","3",",I","2",",I","0",",I","23.9",",,I,20,","35.3",",,,I"
"IN020040500","1918-03","13.27","80.28","14.0","ATHIPETTU, IN","2",",I","0",",I","0",",I","2.0",",,I,27,","3.8",",,,I"
"IN020040500","1918-04","13.27","80.28","14.0","ATHIPETTU, IN","0",",I","0",",I","0",",I","0.0",",,I,30,+","0.0",",,,I"
"IN020040500","1918-05","13.27","80.28","14.0","ATHIPETTU, IN","6",",I","4",",I","1",",I","48.5",",,I,17,","82.3",",,,I"
"IN020040500","1918-06","13.27","80.28","14.0","ATHIPETTU, IN","5",",I","2",",I","0",",I","21.3",",,I,15,","31.7",",,,I"
"IN020040500","1918-07","13.27","80.28","14.0","ATHIPETTU, IN","3",",I","1",",I","0",",I","2.5",",,I,02,","4.8",",,,I"
"IN020040500","1918-08","13.27","80.28","14.0","ATHIPETTU, IN","13",",I","8",",I","1",",I","33.3",",,I,17,","69.5",",,,I"
"IN020040500","1918-09","13.27","80.28","14.0","ATHIPETTU, IN","9",",I","6",",I","0",",I","17.5",",,I,23,","57.0",",,,I"
"IN020040500","1918-10","13.27","80.28","14.0","ATHIPETTU, IN","1",",I","0",",I","0",",I","1.3",",,I,31,","1.3",",,,I"
"IN020040500","1918-11","13.27","80.28","14.0","ATHIPETTU, IN","24",",I","21",",I","12",",I","125.0",",,I,06,","762.9",",,,I"
"IN020040500","1918-12","13.27","80.28","14.0","ATHIPETTU, IN","8",",I","4",",I","2",",I","69.3",",,I,05,","140.2",",,,I"
"IN020040500","1919-01","13.27","80.28","14.0","ATHIPETTU, IN","2",",I","0",",I","0",",I","0.3",",,I,19,+","0.6",",,,I"
"IN020040500","1919-02","13.27","80.28","14.0","ATHIPETTU, IN","0",",I","0",",I","0",",I","0.0",",,I,28,+","0.0",",,,I"
"IN020040500","1919-03","13.27","80.28","14.0","ATHIPETTU, IN","1",",I","1",",I","0",",I","23.9",",,I,19,","23.9",",,,I"
"IN020040500","1919-04","13.27","80.28","14.0","ATHIPETTU, IN","0",",I","0",",I","0",",I","0.0",",,I,30,+","0.0",",,,I"
"IN020040500","1919-05","13.27","80.28","14.0","ATHIPETTU, IN","3",",I","1",",I","0",",I","2.5",",,I,02,","4.8",",,,I"
"IN020040500","1919-06","13.27","80.28","14.0","ATHIPETTU, IN","12",",I","6",",I","0",",I","18.5",",,I,22,","68.0",",,,I"
"IN020040500","1919-07","13.27","80.28","14.0","ATHIPETTU, IN","13",",I","6",",I","2",",I","60.2",",,I,15,","123.1",",,,I"
"IN020040500","1919-08","13.27","80.28","14.0","ATHIPETTU, IN","5",",I","4",",I","1",",I","25.9",",,I,20,","58.7",",,,I"
"IN020040500","1919-09","13.27","80.28","14.0","ATHIPETTU, IN","8",",I","6",",I","1",",I","81.0",",,I,29,","115.5",",,,I"
"IN020040500","1919-10","13.27","80.28","14.0","ATHIPETTU, IN","15",",I","13",",I","5",",I","74.9",",,I,14,","310.9",",,,I"
"IN020040500","1919-11","13.27","80.28","14.0","ATHIPETTU, IN","13",",I","11",",I","3",",I","93.2",",,I,06,","276.2",",,,I"
"IN020040500","1919-12","13.27","80.28","14.0","ATHIPETTU, IN","11",",I","8",",I","2",",I","50.8",",,I,19,","125.8",",,,I"
"IN020040500","1920-01","13.27","80.28","14.0","ATHIPETTU, IN","7",",I","6",",I","2",",I","119.4",",,I,02,","212.3",",,,I"
"IN020040500","1920-02","13.27","80.28","14.0","ATHIPETTU, IN","0",",I","0",",I","0",",I","0.0",",,I,29,+","0.0",",,,I"
"IN020040500","1920-03","13.27","80.28","14.0","ATHIPETTU, IN","0",",I","0",",I","0",",I","0.0",",,I,31,+","0.0",",,,I"
"IN020040500","1920-04","13.27","80.28","14.0","ATHIPETTU, IN","1",",I","0",",I","0",",I","1.8",",,I,11,","1.8",",,,I"
"IN020040500","1920-05","13.27","80.28","14.0","ATHIPETTU, IN","1",",I","1",",I","0",",I","2.5",",,I,27,","2.5",",,,I"
"IN020040500","1920-06","13.27","80.28","14.0","ATHIPETTU, IN","6",",I","4",",I","0",",I","14.0",",,I,29,","36.9",",,,I"
"IN020040500","1920-07","13.27","80.28","14.0","ATHIPETTU, IN","13",",I","5",",I","0",",I","14.0",",,I,27,","52.1",",,,I"
"IN020040500","1920-08","13.27","80.28","14.0","ATHIPETTU, IN","9",",I","6",",I","0",",I","14.0",",,I,02,","35.9",",,,I"
"IN020040500","1920-09","13.27","80.28","14.0","ATHIPETTU, IN","6",",I","5",",I","1",",I","25.9",",,I,21,","55.4",",,,I"
"IN020040500","1920-10","13.27","80.28","14.0","ATHIPETTU, IN","18",",I","15",",I","7",",I","184.9",",,I,28,","645.6",",,,I"
"IN020040500","1920-11","13.27","80.28","14.0","ATHIPETTU, IN","18",",I","17",",I","8",",I","143.0",",,I,24,","668.7",",,,I"
"IN020040500","1920-12","13.27","80.28","14.0","ATHIPETTU, IN","0",",I","0",",I","0",",I","0.0",",,I,31,+","0.0",",,,I"
"IN020040500","1921-01","13.27","80.28","14.0","ATHIPETTU, IN","5",",I","4",",I","2",",I","44.7",",,I,12,","108.0",",,,I"
"IN020040500","1921-02","13.27","80.28","14.0","ATHIPETTU, IN","0",",I","0",",I","0",",I","0.0",",,I,28,+","0.0",",,,I"
"IN020040500","1921-03","13.27","80.28","14.0","ATHIPETTU, IN","0",",I","0",",I","0",",I","0.0",",,I,31,+","0.0",",,,I"
"IN020040500","1921-04","13.27","80.28","14.0","ATHIPETTU, IN","4",",I","4",",I","0",",I","11.7",",,I,08,","30.4",",,,I"
"IN020040500","1921-05","13.27","80.28","14.0","ATHIPETTU, IN","0",",I","0",",I","0",",I","0.0",",,I,31,+","0.0",",,,I"
"IN020040500","1921-06","13.27","80.28","14.0","ATHIPETTU, IN","4",",I","1",",I","0",",I","5.1",",,I,13,","9.0",",,,I"
"IN020040500","1921-07","13.27","80.28","14.0","ATHIPETTU, IN","15",",I","9",",I","4",",I","48.5",",,I,15,","216.7",",,,I"
"IN020040500","1921-08","13.27","80.28","14.0","ATHIPETTU, IN","14",",I","12",",I","6",",I","53.1",",,I,08,","295.4",",,,I"
"IN020040500","1921-09","13.27","80.28","14.0","ATHIPETTU, IN","11",",I","10",",I","3",",I","70.4",",,I,26,","209.8",",,,I"
"IN020040500","1921-10","13.27","80.28","14.0","ATHIPETTU, IN","21",",I","18",",I","12",",I","160.0",",,I,25,","1116.3",",,,I"
"IN020040500","1921-11","13.27","80.28","14.0","ATHIPETTU, IN","3",",I","3",",I","2",",I","255.3",",,I,01,","292.7",",,,I"
"IN020040500","1921-12","13.27","80.28","14.0","ATHIPETTU, IN","3",",I","3",",I","1",",I","25.4",",,I,29,","43.2",",,,I"
"IN020040500","1922-01","13.27","80.28","14.0","ATHIPETTU, IN","5",",I","5",",I","1",",I","33.5",",,I,09,","61.9",",,,I"
"IN020040500","1922-02","13.27","80.28","14.0","ATHIPETTU, IN","0",",I","0",",I","0",",I","0.0",",,I,28,+","0.0",",,,I"
"IN020040500","1922-03","13.27","80.28","14.0","ATHIPETTU, IN","0",",I","0",",I","0",",I","0.0",",,I,31,+","0.0",",,,I"
"IN020040500","1922-04","13.27","80.28","14.0","ATHIPETTU, IN","0",",I","0",",I","0",",I","0.0",",,I,30,+","0.0",",,,I"
"IN020040500","1922-05","13.27","80.28","14.0","ATHIPETTU, IN","1",",I","0",",I","0",",I","1.8",",,I,24,","1.8",",,,I"
"IN020040500","1922-06","13.27","80.28","14.0","ATHIPETTU, IN","9",",I","6",",I","1",",I","73.7",",,I,06,","123.1",",,,I"
"IN020040500","1922-07","13.27","80.28","14.0","ATHIPETTU, IN","15",",I","7",",I","0",",I","6.9",",,I,09,","42.9",",,,I"
"IN020040500","1922-08","13.27","80.28","14.0","ATHIPETTU, IN","18",",I","13",",I","0",",I","16.5",",,I,15,","90.1",",,,I"
"IN020040500","1922-09","13.27","80.28","14.0","ATHIPETTU, IN","2",",I","2",",I","0",",I","17.8",",,I,30,","20.6",",,,I"
"IN020040500","1922-10","13.27","80.28","14.0","ATHIPETTU, IN","16",",I","12",",I","5",",I","109.0",",,I,29,","453.2",",,,I"
"IN020040500","1922-11","13.27","80.28","14.0","ATHIPETTU, IN","18",",I","18",",I","7",",I","153.4",",,I,03,","604.5",",,,I"
"IN020040500","1922-12","13.27","80.28","14.0","ATHIPETTU, IN","1",",I","1",",I","0",",I","4.3",",,I,01,","4.3",",,,I"
"IN020040500","1923-01","13.27","80.28","14.0","ATHIPETTU, IN","8",",I","6",",I","1",",I","37.6",",,I,12,","103.0",",,,I"
"IN020040500","1923-02","13.27","80.28","14.0","ATHIPETTU, IN","2",",I","2",",I","0",",I","4.8",",,I,13,","8.1",",,,I"
"IN020040500","1923-03","13.27","80.28","14.0","ATHIPETTU, IN","2",",I","2",",I","0",",I","19.8",",,I,14,","30.5",",,,I"
"IN020040500","1923-04","13.27","80.28","14.0","ATHIPETTU, IN","0",",I","0",",I","0",",I","0.0",",,I,30,+","0.0",",,,I"
"IN020040500","1923-05","13.27","80.28","14.0","ATHIPETTU, IN","1",",I","1",",I","0",",I","7.4",",,I,17,","7.4",",,,I"
"IN020040500","1923-06","13.27","80.28","14.0","ATHIPETTU, IN","3",",I","0",",I","0",",I","0.8",",,I,25,","1.8",",,,I"
"IN020040500","1923-07","13.27","80.28","14.0","ATHIPETTU, IN","13",",I","9",",I","1",",I","25.4",",,I,02,","76.7",",,,I"
"IN020040500","1923-08","13.27","80.28","14.0","ATHIPETTU, IN","15",",I","6",",I","0",",I","12.7",",,I,16,","47.4",",,,I"
"IN020040500","1923-09","13.27","80.28","14.0","ATHIPETTU, IN","4",",I","3",",I","1",",I","40.6",",,I,15,","61.9",",,,I"
"IN020040500","1923-10","13.27","80.28","14.0","ATHIPETTU, IN","14",",I","13",",I","5",",I","96.0",",,I,27,","345.1",",,,I"
"IN020040500","1923-11","13.27","80.28","14.0","ATHIPETTU, IN","5",",I","3",",I","2",",I","52.3",",,I,14,","97.1",",,,I"
"IN020040500","1923-12","13.27","80.28","14.0","ATHIPETTU, IN","8",",I","2",",I","1",",I","45.7",",,I,04,","61.8",",,,I"
"IN020040500","1924-01","13.27","80.28","14.0","ATHIPETTU, IN","4",",I","2",",I","0",",I","4.8",",,I,05,","11.9",",,,I"
"IN020040500","1924-02","13.27","80.28","14.0","ATHIPETTU, IN","0",",I","0",",I","0",",I","0.0",",,I,29,+","0.0",",,,I"
"IN020040500","1924-03","13.27","80.28","14.0","ATHIPETTU, IN","1",",I","0",",I","0",",I","1.5",",,I,30,","1.5",",,,I"
"IN020040500","1924-04","13.27","80.28","14.0","ATHIPETTU, IN","0",",I","0",",I","0",",I","0.0",",,I,30,+","0.0",",,,I"
"IN020040500","1924-05","13.27","80.28","14.0","ATHIPETTU, IN","0",",I","0",",I","0",",I","0.0",",,I,31,+","0.0",",,,I"
"IN020040500","1924-06","13.27","80.28","14.0","ATHIPETTU, IN","4",",I","3",",I","1",",I","69.1",",,I,30,","78.0",",,,I"
"IN020040500","1924-07","13.27","80.28","14.0","ATHIPETTU, IN","13",",I","7",",I","1",",I","47.8",",,I,15,","114.0",",,,I"
"IN020040500","1924-08","13.27","80.28","14.0","ATHIPETTU, IN","8",",I","4",",I","0",",I","13.0",",,I,22,","34.5",",,,I"
"IN020040500","1924-09","13.27","80.28","14.0","ATHIPETTU, IN","10",",I","8",",I","1",",I","39.9",",,I,25,","123.2",",,,I"
"IN020040500","1924-10","13.27","80.28","14.0","ATHIPETTU, IN","10",",I","7",",I","0",",I","19.6",",,I,03,","73.6",",,,I"
"IN020040500","1924-11","13.27","80.28","14.0","ATHIPETTU, IN","15",",I","11",",I","5",",I","108.0",",,I,28,","467.8",",,,I"
"IN020040500","1924-12","13.27","80.28","14.0","ATHIPETTU, IN","5",",I","2",",I","0",",I","4.6",",,I,16,","11.3",",,,I"
"IN020040500","1925-01","13.27","80.28","14.0","ATHIPETTU, IN","2",",I","1",",I","0",",I","12.7",",,I,13,","15.0",",,,I"
"IN020040500","1925-02","13.27","80.28","14.0","ATHIPETTU, IN","0",",I","0",",I","0",",I","0.0",",,I,28,+","0.0",",,,I"
"IN020040500","1925-03","13.27","80.28","14.0","ATHIPETTU, IN","3",",I","1",",I","0",",I","17.0",",,I,14,","18.6",",,,I"
"IN020040500","1925-04","13.27","80.28","14.0","ATHIPETTU, IN","1",",I","1",",I","0",",I","5.1",",,I,26,","5.1",",,,I"
"IN020040500","1925-05","13.27","80.28","14.0","ATHIPETTU, IN","4",",I","3",",I","2",",I","67.8",",,I,16,","113.0",",,,I"
"IN020040500","1925-06","13.27","80.28","14.0","ATHIPETTU, IN","4",",I","2",",I","0",",I","3.0",",,I,30,","8.3",",,,I"
"IN020040500","1925-07","13.27","80.28","14.0","ATHIPETTU, IN","10",",I","7",",I","1",",I","31.2",",,I,16,","74.3",",,,I"
"IN020040500","1925-08","13.27","80.28","14.0","ATHIPETTU, IN","14",",I","11",",I","1",",I","35.3",",,I,16,","148.4",",,,I"
"IN020040500","1925-09","13.27","80.28","14.0","ATHIPETTU, IN","5",",I","4",",I","0",",I","15.0",",,I,14,","28.0",",,,I"
"IN020040500","1925-10","13.27","80.28","14.0","ATHIPETTU, IN","14",",I","13",",I","3",",I","95.3",",,I,04,","374.3",",,,I"
"IN020040500","1925-11","13.27","80.28","14.0","ATHIPETTU, IN","17",",I","14",",I","4",",I","80.0",",,I,11,","336.1",",,,I"
"IN020040500","1925-12","13.27","80.28","14.0","ATHIPETTU, IN","14",",I","10",",I","5",",I","92.7",",,I,01,","308.8",",,,I"
"IN020040500","1926-01","13.27","80.28","14.0","ATHIPETTU, IN","4",",I","3",",I","0",",I","18.8",",,I,26,","39.5",",,,I"
"IN020040500","1926-02","13.27","80.28","14.0","ATHIPETTU, IN","0",",I","0",",I","0",",I","0.0",",,I,28,+","0.0",",,,I"
"IN020040500","1926-03","13.27","80.28","14.0","ATHIPETTU, IN","1",",I","1",",I","0",",I","6.4",",,I,12,","6.4",",,,I"
"IN020040500","1926-04","13.27","80.28","14.0","ATHIPETTU, IN","2",",I","1",",I","0",",I","19.1",",,I,09,","19.6",",,,I"
"IN020040500","1926-05","13.27","80.28","14.0","ATHIPETTU, IN","0",",I","0",",I","0",",I","0.0",",,I,31,+","0.0",",,,I"
"IN020040500","1926-06","13.27","80.28","14.0","ATHIPETTU, IN","1",",I","1",",I","0",",I","4.3",",,I,17,","4.3",",,,I"
"IN020040500","1926-07","13.27","80.28","14.0","ATHIPETTU, IN","12",",I","11",",I","3",",I","33.0",",,I,10,","160.4",",,,I"
"IN020040500","1926-08","13.27","80.28","14.0","ATHIPETTU, IN","13",",I","9",",I","0",",I","23.4",",,I,30,","95.6",",,,I"
"IN020040500","1926-09","13.27","80.28","14.0","ATHIPETTU, IN","4",",I","3",",I","1",",I","42.4",",,I,06,","62.7",",,,I"
"IN020040500","1926-10","13.27","80.28","14.0","ATHIPETTU, IN","5",",I","5",",I","2",",I","118.6",",,I,30,","198.8",",,,I"
"IN020040500","1926-11","13.27","80.28","14.0","ATHIPETTU, IN","8",",I","7",",I","4",",I","74.2",",,I,03,","232.2",",,,I"
"IN020040500","1926-12","13.27","80.28","14.0","ATHIPETTU, IN","3",",I","3",",I","1",",I","32.3",",,I,07,","56.4",",,,I"
"IN020040500","1927-01","13.27","80.28","14.0","ATHIPETTU, IN","3",",I","3",",I","0",",I","6.4",",,I,23,","14.5",",,,I"
"IN020040500","1927-02","13.27","80.28","14.0","ATHIPETTU, IN","0",",I","0",",I","0",",I","0.0",",,I,28,+","0.0",",,,I"
"IN020040500","1927-03","13.27","80.28","14.0","ATHIPETTU, IN","0",",I","0",",I","0",",I","0.0",",,I,31,+","0.0",",,,I"
"IN020040500","1927-04","13.27","80.28","14.0","ATHIPETTU, IN","0",",I","0",",I","0",",I","0.0",",,I,30,+","0.0",",,,I"
"IN020040500","1927-05","13.27","80.28","14.0","ATHIPETTU, IN","1",",I","1",",I","0",",I","2.8",",,I,14,","2.8",",,,I"
"IN020040500","1927-06","13.27","80.28","14.0","ATHIPETTU, IN","5",",I","4",",I","1",",I","28.4",",,I,11,","59.1",",,,I"
"IN020040500","1927-07","13.27","80.28","14.0","ATHIPETTU, IN","10",",I","9",",I","0",",I","15.7",",,I,18,","50.1",",,,I"
"IN020040500","1927-08","13.27","80.28","14.0","ATHIPETTU, IN","9",",I","9",",I","1",",I","47.0",",,I,15,","101.0",",,,I"
"IN020040500","1927-09","13.27","80.28","14.0","ATHIPETTU, IN","6",",I","6",",I","2",",I","44.5",",,I,20,","100.6",",,,I"
"IN020040500","1927-10","13.27","80.28","14.0","ATHIPETTU, IN","6",",I","6",",I","0",",I","24.9",",,I,27,","81.3",",,,I"
"IN020040500","1927-11","13.27","80.28","14.0","ATHIPETTU, IN","15",",I","13",",I","5",",I","113.3",",,I,02,","367.1",",,,I"
"IN020040500","1927-12","13.27","80.28","14.0","ATHIPETTU, IN","4",",I","4",",I","0",",I","18.3",",,I,11,","60.5",",,,I"
"IN020040500","1928-01","13.27","80.28","14.0","ATHIPETTU, IN","1",",I","1",",I","0",",I","20.6",",,I,04,","20.6",",,,I"
"IN020040500","1928-02","13.27","80.28","14.0","ATHIPETTU, IN","1",",I","1",",I","0",",I","5.1",",,I,06,","5.1",",,,I"
"IN020040500","1928-03","13.27","80.28","14.0","ATHIPETTU, IN","2",",I","2",",I","1",",I","40.9",",,I,30,","49.8",",,,I"
"IN020040500","1928-04","13.27","80.28","14.0","ATHIPETTU, IN","1",",I","0",",I","0",",I","1.3",",,I,02,","1.3",",,,I"
"IN020040500","1928-05","13.27","80.28","14.0","ATHIPETTU, IN","0",",I","0",",I","0",",I","0.0",",,I,31,+","0.0",",,,I"
"IN020040500","1928-06","13.27","80.28","14.0","ATHIPETTU, IN","5",",I","3",",I","0",",I","6.9",",,I,15,","17.0",",,,I"
"IN020040500","1928-07","13.27","80.28","14.0","ATHIPETTU, IN","6",",I","6",",I","1",",I","35.1",",,I,12,","78.2",",,,I"
"IN020040500","1928-08","13.27","80.28","14.0","ATHIPETTU, IN","17",",I","16",",I","0",",I","18.8",",,I,08,","132.1",",,,I"
"IN020040500","1928-09","13.27","80.28","14.0","ATHIPETTU, IN","10",",I","8",",I","0",",I","15.2",",,I,14,","75.6",",,,I"
"IN020040500","1928-10","13.27","80.28","14.0","ATHIPETTU, IN","11",",I","11",",I","4",",I","83.3",",,I,20,","316.8",",,,I"
"IN020040500","1928-11","13.27","80.28","14.0","ATHIPETTU, IN","6",",I","5",",I","1",",I","38.1",",,I,06,","77.0",",,,I"
"IN020040500","1928-12","13.27","80.28","14.0","ATHIPETTU, IN","8",",I","6",",I","1",",I","32.3",",,I,25,","71.4",",,,I"
"IN020040500","1929-01","13.27","80.28","14.0","ATHIPETTU, IN","2",",I","2",",I","1",",I","48.3",",,I,07,","51.1",",,,I"
"IN020040500","1929-02","13.27","80.28","14.0","ATHIPETTU, IN","4",",I","4",",I","0",",I","10.2",",,I,05,+","26.7",",,,I"
"IN020040500","1929-03","13.27","80.28","14.0","ATHIPETTU, IN","1",",I","1",",I","0",",I","7.4",",,I,20,","7.4",",,,I"
"IN020040500","1929-04","13.27","80.28","14.0","ATHIPETTU, IN","1",",I","1",",I","0",",I","10.7",",,I,25,","10.7",",,,I"
"IN020040500","1929-05","13.27","80.28","14.0","ATHIPETTU, IN","1",",I","1",",I","0",",I","10.2",",,I,04,","10.2",",,,I"
"IN020040500","1929-06","13.27","80.28","14.0","ATHIPETTU, IN","4",",I","4",",I","1",",I","54.1",",,I,02,","72.7",",,,I"
"IN020040500","1929-07","13.27","80.28","14.0","ATHIPETTU, IN","10",",I","10",",I","0",",I","16.5",",,I,23,","68.3",",,,I"
"IN020040500","1929-08","13.27","80.28","14.0","ATHIPETTU, IN","9",",I","8",",I","1",",I","36.8",",,I,04,","82.3",",,,I"
"IN020040500","1929-09","13.27","80.28","14.0","ATHIPETTU, IN","10",",I","8",",I","5",",I","55.9",",,I,15,","222.0",",,,I"
"IN020040500","1929-10","13.27","80.28","14.0","ATHIPETTU, IN","12",",I","11",",I","2",",I","38.1",",,I,30,","157.7",",,,I"
"IN020040500","1929-11","13.27","80.28","14.0","ATHIPETTU, IN","9",",I","9",",I","4",",I","90.2",",,I,13,","336.4",",,,I"
"IN020040500","1929-12","13.27","80.28","14.0","ATHIPETTU, IN","9",",I","9",",I","2",",I","28.7",",,I,20,","134.2",",,,I"
"IN020040500","1930-01","13.27","80.28","14.0","ATHIPETTU, IN","3",",I","3",",I","1",",I","42.7",",,I,07,","61.7",",,,I"
"IN020040500","1930-02","13.27","80.28","14.0","ATHIPETTU, IN","4",",I","3",",I","0",",I","21.6",",,I,05,","45.8",",,,I"
"IN020040500","1930-03","13.27","80.28","14.0","ATHIPETTU, IN","0",",I","0",",I","0",",I","0.0",",,I,31,+","0.0",",,,I"
"IN020040500","1930-04","13.27","80.28","14.0","ATHIPETTU, IN","0",",I","0",",I","0",",I","0.0",",,I,30,+","0.0",",,,I"
"IN020040500","1930-05","13.27","80.28","14.0","ATHIPETTU, IN","6",",I","6",",I","2",",I","52.8",",,I,09,","127.6",",,,I"
"IN020040500","1930-06","13.27","80.28","14.0","ATHIPETTU, IN","9",",I","5",",I","0",",I","21.3",",,I,21,","43.2",",,,I"
"IN020040500","1930-07","13.27","80.28","14.0","ATHIPETTU, IN","9",",I","5",",I","0",",I","24.9",",,I,30,","55.3",",,,I"
"IN020040500","1930-08","13.27","80.28","14.0","ATHIPETTU, IN","11",",I","9",",I","2",",I","78.7",",,I,24,","171.1",",,,I"
"IN020040500","1930-09","13.27","80.28","14.0","ATHIPETTU, IN","7",",I","6",",I","1",",I","38.6",",,I,14,","71.4",",,,I"
"IN020040500","1930-10","13.27","80.28","14.0","ATHIPETTU, IN","24",",I","23",",I","10",",I","136.4",",,I,24,","674.9",",,,I"
"IN020040500","1930-11","13.27","80.28","14.0","ATHIPETTU, IN","16",",I","12",",I","8",",I","110.2",",,I,29,","552.6",",,,I"
"IN020040500","1930-12","13.27","80.28","14.0","ATHIPETTU, IN","7",",I","5",",I","2",",I","52.6",",,I,28,","118.9",",,,I"
"IN020040500","1931-01","13.27","80.28","14.0","ATHIPETTU, IN","1",",I","1",",I","0",",I","6.4",",,I,05,","6.4",",,,I"
"IN020040500","1931-02","13.27","80.28","14.0","ATHIPETTU, IN","0",",I","0",",I","0",",I","0.0",",,I,28,+","0.0",",,,I"
"IN020040500","1931-03","13.27","80.28","14.0","ATHIPETTU, IN","0",",I","0",",I","0",",I","0.0",",,I,31,+","0.0",",,,I"
"IN020040500","1931-04","13.27","80.28","14.0","ATHIPETTU, IN","3",",I","2",",I","0",",I","5.8",",,I,14,","12.1",",,,I"
"IN020040500","1931-05","13.27","80.28","14.0","ATHIPETTU, IN","3",",I","1",",I","1",",I","26.2",",,I,14,","28.2",",,,I"
"IN020040500","1931-06","13.27","80.28","14.0","ATHIPETTU, IN","4",",I","3",",I","1",",I","44.7",",,I,27,","53.4",",,,I"
"IN020040500","1931-07","13.27","80.28","14.0","ATHIPETTU, IN","10",",I","5",",I","0",",I","20.8",",,I,21,","74.8",",,,I"
"IN020040500","1931-08","13.27","80.28","14.0","ATHIPETTU, IN","12",",I","10",",I","0",",I","21.1",",,I,10,","70.9",",,,I"
"IN020040500","1931-09","13.27","80.28","14.0","ATHIPETTU, IN","8",",I","6",",I","1",",I","29.2",",,I,14,","89.4",",,,I"
"IN020040500","1931-10","13.27","80.28","14.0","ATHIPETTU, IN","12",",I","11",",I","4",",I","182.9",",,I,30,","467.1",",,,I"
"IN020040500","1931-11","13.27","80.28","14.0","ATHIPETTU, IN","17",",I","15",",I","8",",I","153.2",",,I,01,","487.5",",,,I"
"IN020040500","1931-12","13.27","80.28","14.0","ATHIPETTU, IN","15",",I","14",",I","2",",I","59.9",",,I,20,","211.6",",,,I"
"IN020040500","1932-01","13.27","80.28","14.0","ATHIPETTU, IN","0",",I","0",",I","0",",I","0.0",",,I,31,+","0.0",",,,I"
"IN020040500","1932-02","13.27","80.28","14.0","ATHIPETTU, IN","2",",I","2",",I","1",",I","50.8",",,I,24,","55.1",",,,I"
"IN020040500","1932-03","13.27","80.28","14.0","ATHIPETTU, IN","0",",I","0",",I","0",",I","0.0",",,I,31,+","0.0",",,,I"
"IN020040500","1932-04","13.27","80.28","14.0","ATHIPETTU, IN","2",",I","2",",I","1",",I","26.2",",,I,20,","33.1",",,,I"
"IN020040500","1932-05","13.27","80.28","14.0","ATHIPETTU, IN","3",",I","1",",I","1",",I","45.0",",,I,17,","48.3",",,,I"
"IN020040500","1932-06","13.27","80.28","14.0","ATHIPETTU, IN","3",",I","1",",I","0",",I","5.8",",,I,17,","10.1",",,,I"
"IN020040500","1932-07","13.27","80.28","14.0","ATHIPETTU, IN","7",",I","3",",I","0",",I","5.8",",,I,23,","18.8",",,,I"
"IN020040500","1932-08","13.27","80.28","14.0","ATHIPETTU, IN","8",",I","7",",I","0",",I","13.0",",,I,02,","54.7",",,,I"
"IN020040500","1932-09","13.27","80.28","14.0","ATHIPETTU, IN","8",",I","5",",I","2",",I","52.1",",,I,02,","113.4",",,,I"
"IN020040500","1932-10","13.27","80.28","14.0","ATHIPETTU, IN","12",",I","10",",I","3",",I","145.5",",,I,30,","335.0",",,,I"
"IN020040500","1932-11","13.27","80.28","14.0","ATHIPETTU, IN","17",",I","15",",I","4",",I","143.8",",,I,25,","350.9",",,,I"
"IN020040500","1932-12","13.27","80.28","14.0","ATHIPETTU, IN","9",",I","4",",I","0",",I","24.4",",,I,15,","47.6",",,,I"
"IN020040500","1933-01","13.27","80.28","14.0","ATHIPETTU, IN","1",",I","0",",I","0",",I","0.5",",,I,25,","0.5",",,,I"
"IN020040500","1933-02","13.27","80.28","14.0","ATHIPETTU, IN","0",",I","0",",I","0",",I","0.0",",,I,28,+","0.0",",,,I"
"IN020040500","1933-03","13.27","80.28","14.0","ATHIPETTU, IN","2",",I","2",",I","0",",I","21.1",",,I,13,","26.7",",,,I"
"IN020040500","1933-04","13.27","80.28","14.0","ATHIPETTU, IN","1",",I","0",",I","0",",I","2.0",",,I,12,","2.0",",,,I"
"IN020040500","1933-05","13.27","80.28","14.0","ATHIPETTU, IN","0",",I","0",",I","0",",I","0.0",",,I,31,+","0.0",",,,I"
"IN020040500","1933-06","13.27","80.28","14.0","ATHIPETTU, IN","7",",I","6",",I","1",",I","28.2",",,I,05,","56.9",",,,I"
"IN020040500","1933-07","13.27","80.28","14.0","ATHIPETTU, IN","9",",I","6",",I","0",",I","24.9",",,I,26,","57.7",",,,I"
"IN020040500","1933-08","13.27","80.28","14.0","ATHIPETTU, IN","7",",I","5",",I","2",",I","75.7",",,I,14,","117.6",",,,I"
"IN020040500","1933-09","13.27","80.28","14.0","ATHIPETTU, IN","8",",I","3",",I","0",",I","14.5",",,I,30,","29.1",",,,I"
"IN020040500","1933-10","13.27","80.28","14.0","ATHIPETTU, IN","14",",I","13",",I","4",",I","59.7",",,I,10,","306.4",",,,I"
"IN020040500","1933-11","13.27","80.28","14.0","ATHIPETTU, IN","6",",I","6",",I","2",",I","87.9",",,I,18,","170.4",",,,I"
"IN020040500","1933-12","13.27","80.28","14.0","ATHIPETTU, IN","7",",I","7",",I","3",",I","178.8",",,I,17,","417.6",",,,I"
"IN020040500","1934-01","13.27","80.28","14.0","ATHIPETTU, IN","5",",I","4",",I","1",",I","27.4",",,I,25,","61.9",",,,I"
"IN020040500","1934-02","13.27","80.28","14.0","ATHIPETTU, IN","0",",I","0",",I","0",",I","0.0",",,I,28,+","0.0",",,,I"
"IN020040500","1934-03","13.27","80.28","14.0","ATHIPETTU, IN","0",",I","0",",I","0",",I","0.0",",,I,31,+","0.0",",,,I"
"IN020040500","1934-04","13.27","80.28","14.0","ATHIPETTU, IN","0",",I","0",",I","0",",I","0.0",",,I,30,+","0.0",",,,I"
"IN020040500","1934-05","13.27","80.28","14.0","ATHIPETTU, IN","0",",I","0",",I","0",",I","0.0",",,I,31,+","0.0",",,,I"
"IN020040500","1934-06","13.27","80.28","14.0","ATHIPETTU, IN","4",",I","4",",I","1",",I","42.9",",,I,25,","72.1",",,,I"
"IN020040500","1934-07","13.27","80.28","14.0","ATHIPETTU, IN","4",",I","4",",I","0",",I","21.6",",,I,30,","53.1",",,,I"
"IN020040500","1934-08","13.27","80.28","14.0","ATHIPETTU, IN","9",",I","8",",I","2",",I","37.3",",,I,07,","135.2",",,,I"
"IN020040500","1934-09","13.27","80.28","14.0","ATHIPETTU, IN","7",",I","5",",I","2",",I","36.3",",,I,05,","94.0",",,,I"
"IN020040500","1934-10","13.27","80.28","14.0","ATHIPETTU, IN","13",",I","12",",I","5",",I","178.6",",,I,29,","523.2",",,,I"
"IN020040500","1934-11","13.27","80.28","14.0","ATHIPETTU, IN","5",",I","4",",I","1",",I","26.7",",,I,30,","54.1",",,,I"
"IN020040500","1934-12","13.27","80.28","14.0","ATHIPETTU, IN","7",",I","5",",I","1",",I","45.7",",,I,21,","72.5",",,,I"
"IN020040500","1935-01","13.27","80.28","14.0","ATHIPETTU, IN","3",",I","2",",I","0",",I","18.0",",,I,07,","24.1",",,,I"
"IN020040500","1935-02","13.27","80.28","14.0","ATHIPETTU, IN","0",",I","0",",I","0",",I","0.0",",,I,28,+","0.0",",,,I"
"IN020040500","1935-03","13.27","80.28","14.0","ATHIPETTU, IN","0",",I","0",",I","0",",I","0.0",",,I,31,+","0.0",",,,I"
"IN020040500","1935-04","13.27","80.28","14.0","ATHIPETTU, IN","0",",I","0",",I","0",",I","0.0",",,I,30,+","0.0",",,,I"
"IN020040500","1935-05","13.27","80.28","14.0","ATHIPETTU, IN","0",",I","0",",I","0",",I","0.0",",,I,31,+","0.0",",,,I"
"IN020040500","1935-06","13.27","80.28","14.0","ATHIPETTU, IN","4",",I","3",",I","0",",I","10.4",",,I,23,","18.0",",,,I"
"IN020040500","1935-07","13.27","80.28","14.0","ATHIPETTU, IN","7",",I","6",",I","1",",I","35.1",",,I,13,","64.5",",,,I"
"IN020040500","1935-08","13.27","80.28","14.0","ATHIPETTU, IN","10",",I","8",",I","5",",I","57.9",",,I,19,","234.0",",,,I"
"IN020040500","1935-09","13.27","80.28","14.0","ATHIPETTU, IN","12",",I","8",",I","3",",I","31.0",",,I,07,","134.3",",,,I"
"IN020040500","1935-10","13.27","80.28","14.0","ATHIPETTU, IN","12",",I","9",",I","3",",I","277.6",",,I,18,","479.4",",,,I"
"IN020040500","1935-11","13.27","80.28","14.0","ATHIPETTU, IN","6",",I","6",",I","2",",I","94.2",",,I,15,","230.9",",,,I"
"IN020040500","1935-12","13.27","80.28","14.0","ATHIPETTU, IN","5",",I","3",",I","0",",I","11.7",",,I,18,","29.3",",,,I"
"IN020040500","1936-01","13.27","80.28","14.0","ATHIPETTU, IN","1",",I","0",",I","0",",I","0.5",",,I,10,","0.5",",,,I"
"IN020040500","1936-02","13.27","80.28","14.0","ATHIPETTU, IN","9",",I","7",",I","1",",I","27.7",",,I,20,","74.4",",,,I"
"IN020040500","1936-03","13.27","80.28","14.0","ATHIPETTU, IN","3",",I","2",",I","0",",I","14.0",",,I,31,","20.1",",,,I"
"IN020040500","1936-04","13.27","80.28","14.0","ATHIPETTU, IN","1",",I","1",",I","0",",I","9.1",",,I,01,","9.1",",,,I"
"IN020040500","1936-05","13.27","80.28","14.0","ATHIPETTU, IN","1",",I","1",",I","0",",I","2.8",",,I,24,","2.8",",,,I"
"IN020040500","1936-06","13.27","80.28","14.0","ATHIPETTU, IN","10",",I","7",",I","1",",I","45.7",",,I,20,","126.5",",,,I"
"IN020040500","1936-07","13.27","80.28","14.0","ATHIPETTU, IN","9",",I","6",",I","2",",I","63.2",",,I,14,","145.6",",,,I"
"IN020040500","1936-08","13.27","80.28","14.0","ATHIPETTU, IN","13",",I","8",",I","1",",I","31.8",",,I,21,","93.8",",,,I"
"IN020040500","1936-09","13.27","80.28","14.0","ATHIPETTU, IN","8",",I","6",",I","1",",I","25.7",",,I,16,","84.9",",,,I"
"IN020040500","1936-10","13.27","80.28","14.0","ATHIPETTU, IN","10",",I","8",",I","4",",I","84.1",",,I,28,","228.4",",,,I"
"IN020040500","1936-11","13.27","80.28","14.0","ATHIPETTU, IN","15",",I","13",",I","5",",I","149.1",",,I,06,","355.0",",,,I"
"IN020040500","1936-12","13.27","80.28","14.0","ATHIPETTU, IN","5",",I","3",",I","1",",I","26.7",",,I,10,","47.6",",,,I"
"IN020040500","1937-01","13.27","80.28","14.0","ATHIPETTU, IN","0",",I","0",",I","0",",I","0.0",",,I,31,+","0.0",",,,I"
"IN020040500","1937-02","13.27","80.28","14.0","ATHIPETTU, IN","1",",I","0",",I","0",",I","1.0",",,I,17,","1.0",",,,I"
"IN020040500","1937-03","13.27","80.28","14.0","ATHIPETTU, IN","0",",I","0",",I","0",",I","0.0",",,I,31,+","0.0",",,,I"
"IN020040500","1937-04","13.27","80.28","14.0","ATHIPETTU, IN","3",",I","3",",I","2",",I","66.8",",,I,17,","103.4",",,,I"
"IN020040500","1937-05","13.27","80.28","14.0","ATHIPETTU, IN","0",",I","0",",I","0",",I","0.0",",,I,31,+","0.0",",,,I"
"IN020040500","1937-06","13.27","80.28","14.0","ATHIPETTU, IN","4",",I","2",",I","0",",I","12.2",",,I,25,","17.7",",,,I"
"IN020040500","1937-07","13.27","80.28","14.0","ATHIPETTU, IN","16",",I","11",",I","3",",I","45.7",",,I,22,","183.5",",,,I"
"IN020040500","1937-08","13.27","80.28","14.0","ATHIPETTU, IN","10",",I","9",",I","0",",I","18.5",",,I,13,","79.6",",,,I"
"IN020040500","1937-09","13.27","80.28","14.0","ATHIPETTU, IN","7",",I","5",",I","2",",I","81.8",",,I,24,","160.5",",,,I"
"IN020040500","1937-10","13.27","80.28","14.0","ATHIPETTU, IN","10",",I","9",",I","3",",I","62.2",",,I,28,","230.4",",,,I"
"IN020040500","1937-11","13.27","80.28","14.0","ATHIPETTU, IN","13",",I","13",",I","10",",I","225.0",",,I,18,","981.6",",,,I"
"IN020040500","1937-12","13.27","80.28","14.0","ATHIPETTU, IN","4",",I","3",",I","1",",I","26.9",",,I,11,","53.9",",,,I"
"IN020040500","1938-01","13.27","80.28","14.0","ATHIPETTU, IN","1",",I","1",",I","0",",I","2.8",",,I,14,","2.8",",,,I"
"IN020040500","1938-02","13.27","80.28","14.0","ATHIPETTU, IN","2",",I","1",",I","0",",I","5.6",",,I,06,","6.6",",,,I"
"IN020040500","1938-03","13.27","80.28","14.0","ATHIPETTU, IN","1",",I","1",",I","0",",I","15.2",",,I,24,","15.2",",,,I"
"IN020040500","1938-04","13.27","80.28","14.0","ATHIPETTU, IN","0",",I","0",",I","0",",I","0.0",",,I,30,+","0.0",",,,I"
"IN020040500","1938-05","13.27","80.28","14.0","ATHIPETTU, IN","1",",I","1",",I","1",",I","34.0",",,I,31,","34.0",",,,I"
"IN020040500","1938-06","13.27","80.28","14.0","ATHIPETTU, IN","9",",I","8",",I","1",",I","30.0",",,I,21,","78.6",",,,I"
"IN020040500","1938-07","13.27","80.28","14.0","ATHIPETTU, IN","10",",I","5",",I","0",",I","9.4",",,I,01,","42.5",",,,I"
"IN020040500","1938-08","13.27","80.28","14.0","ATHIPETTU, IN","4",",I","3",",I","0",",I","10.2",",,I,20,","29.0",",,,I"
"IN020040500","1938-09","13.27","80.28","14.0","ATHIPETTU, IN","12",",I","10",",I","3",",I","37.3",",,I,10,","171.1",",,,I"
"IN020040500","1938-10","13.27","80.28","14.0","ATHIPETTU, IN","8",",I","6",",I","3",",I","179.1",",,I,28,","298.3",",,,I"
"IN020040500","1938-11","13.27","80.28","14.0","ATHIPETTU, IN","2",",I","2",",I","0",",I","5.3",",,I,24,","10.1",",,,I"
"IN020040500","1938-12","13.27","80.28","14.0","ATHIPETTU, IN","2",",I","2",",I","0",",I","8.9",",,I,06,","16.8",",,,I"
"IN020040500","1939-01","13.27","80.28","14.0","ATHIPETTU, IN","2",",I","1",",I","0",",I","9.4",",,I,10,","11.4",",,,I"
"IN020040500","1939-02","13.27","80.28","14.0","ATHIPETTU, IN","0",",I","0",",I","0",",I","0.0",",,I,28,+","0.0",",,,I"
"IN020040500","1939-03","13.27","80.28","14.0","ATHIPETTU, IN","1",",I","0",",I","0",",I","1.8",",,I,19,","1.8",",,,I"
"IN020040500","1939-04","13.27","80.28","14.0","ATHIPETTU, IN","4",",I","4",",I","2",",I","73.4",",,I,15,","165.9",",,,I"
"IN020040500","1939-05","13.27","80.28","14.0","ATHIPETTU, IN","0",",I","0",",I","0",",I","0.0",",,I,31,+","0.0",",,,I"
"IN020040500","1939-06","13.27","80.28","14.0","ATHIPETTU, IN","6",",I","4",",I","0",",I","16.5",",,I,22,","39.4",",,,I"
"IN020040500","1939-07","13.27","80.28","14.0","ATHIPETTU, IN","10",",I","6",",I","1",",I","34.3",",,I,04,","73.9",",,,I"
"IN020040500","1939-08","13.27","80.28","14.0","ATHIPETTU, IN","8",",I","3",",I","0",",I","25.1",",,I,08,","41.1",",,,I"
"IN020040500","1939-09","13.27","80.28","14.0","ATHIPETTU, IN","11",",I","8",",I","2",",I","33.8",",,I,11,","133.6",",,,I"
"IN020040500","1939-10","13.27","80.28","14.0","ATHIPETTU, IN","13",",I","12",",I","4",",I","57.2",",,I,20,","273.6",",,,I"
"IN020040500","1939-11","13.27","80.28","14.0","ATHIPETTU, IN","13",",I","12",",I","4",",I","150.6",",,I,21,","422.2",",,,I"
"IN020040500","1939-12","13.27","80.28","14.0","ATHIPETTU, IN","3",",I","1",",I","0",",I","4.3",",,I,11,","6.3",",,,I"
"IN020040500","1940-01","13.27","80.28","14.0","ATHIPETTU, IN","1",",I","0",",I","0",",I","1.0",",,I,06,","1.0",",,,I"
"IN020040500","1940-02","13.27","80.28","14.0","ATHIPETTU, IN","0",",I","0",",I","0",",I","0.0",",,I,29,+","0.0",",,,I"
"IN020040500","1940-03","13.27","80.28","14.0","ATHIPETTU, IN","0",",I","0",",I","0",",I","0.0",",,I,31,+","0.0",",,,I"
"IN020040500","1940-04","13.27","80.28","14.0","ATHIPETTU, IN","1",",I","0",",I","0",",I","1.0",",,I,25,","1.0",",,,I"
"IN020040500","1940-05","13.27","80.28","14.0","ATHIPETTU, IN","3",",I","2",",I","1",",I","193.8",",,I,20,","199.7",",,,I"
"IN020040500","1940-06","13.27","80.28","14.0","ATHIPETTU, IN","4",",I","4",",I","1",",I","26.2",",,I,07,","57.7",",,,I"
"IN020040500","1940-07","13.27","80.28","14.0","ATHIPETTU, IN","11",",I","4",",I","0",",I","6.1",",,I,10,","25.7",",,,I"
"IN020040500","1940-08","13.27","80.28","14.0","ATHIPETTU, IN","12",",I","6",",I","1",",I","40.1",",,I,16,","96.7",",,,I"
"IN020040500","1940-09","13.27","80.28","14.0","ATHIPETTU, IN","6",",I","5",",I","2",",I","36.1",",,I,13,","87.2",",,,I"
"IN020040500","1940-10","13.27","80.28","14.0","ATHIPETTU, IN","14",",I","10",",I","4",",I","77.0",",,I,06,","279.7",",,,I"
"IN020040500","1940-11","13.27","80.28","14.0","ATHIPETTU, IN","20",",I","17",",I","7",",I","159.3",",,I,12,","698.6",",,,I"
"IN020040500","1940-12","13.27","80.28","14.0","ATHIPETTU, IN","9",",I","9",",I","2",",I","62.2",",,I,15,","184.4",",,,I"
"IN020040500","1941-01","13.27","80.28","14.0","ATHIPETTU, IN","2",",I","0",",I","0",",I","0.5",",,I,07,","0.8",",,,I"
"IN020040500","1941-02","13.27","80.28","14.0","ATHIPETTU, IN","1",",I","0",",I","0",",I","0.5",",,I,10,","0.5",",,,I"
"IN020040500","1941-03","13.27","80.28","14.0","ATHIPETTU, IN","0",",I","0",",I","0",",I","0.0",",,I,31,+","0.0",",,,I"
"IN020040500","1941-04","13.27","80.28","14.0","ATHIPETTU, IN","0",",I","0",",I","0",",I","0.0",",,I,30,+","0.0",",,,I"
"IN020040500","1941-05","13.27","80.28","14.0","ATHIPETTU, IN","0",",I","0",",I","0",",I","0.0",",,I,31,+","0.0",",,,I"
"IN020040500","1941-06","13.27","80.28","14.0","ATHIPETTU, IN","10",",I","6",",I","2",",I","39.9",",,I,19,","113.0",",,,I"
"IN020040500","1941-07","13.27","80.28","14.0","ATHIPETTU, IN","7",",I","5",",I","0",",I","17.8",",,I,25,","43.9",",,,I"
"IN020040500","1941-08","13.27","80.28","14.0","ATHIPETTU, IN","8",",I","3",",I","0",",I","20.3",",,I,19,","36.5",",,,I"
"IN020040500","1941-09","13.27","80.28","14.0","ATHIPETTU, IN","8",",I","7",",I","3",",I","74.9",",,I,01,","243.5",",,,I"
"IN020040500","1941-10","13.27","80.28","14.0","ATHIPETTU, IN","14",",I","13",",I","4",",I","134.6",",,I,07,","315.5",",,,I"
"IN020040500","1941-11","13.27","80.28","14.0","ATHIPETTU, IN","16",",I","14",",I","6",",I","157.5",",,I,18,","833.2",",,,I"
"IN020040500","1941-12","13.27","80.28","14.0","ATHIPETTU, IN","9",",I","8",",I","3",",I","123.4",",,I,03,","307.1",",,,I"
"IN020040500","1942-01","13.27","80.28","14.0","ATHIPETTU, IN","1",",I","0",",I","0",",I","1.5",",,I,04,","1.5",",,,I"
"IN020040500","1942-02","13.27","80.28","14.0","ATHIPETTU, IN","0",",I","0",",I","0",",I","0.0",",,I,28,+","0.0",",,,I"
"IN020040500","1942-03","13.27","80.28","14.0","ATHIPETTU, IN","0",",I","0",",I","0",",I","0.0",",,I,31,+","0.0",",,,I"
"IN020040500","1942-04","13.27","80.28","14.0","ATHIPETTU, IN","3",",I","2",",I","0",",I","4.8",",,I,08,","8.8",",,,I"
"IN020040500","1942-05","13.27","80.28","14.0","ATHIPETTU, IN","0",",I","0",",I","0",",I","0.0",",,I,31,+","0.0",",,,I"
"IN020040500","1942-06","13.27","80.28","14.0","ATHIPETTU, IN","9",",I","4",",I","1",",I","31.8",",,I,24,","49.1",",,,I"
"IN020040500","1942-07","13.27","80.28","14.0","ATHIPETTU, IN","13",",I","5",",I","0",",I","9.9",",,I,24,","33.4",",,,I"
"IN020040500","1942-08","13.27","80.28","14.0","ATHIPETTU, IN","15",",I","7",",I","0",",I","15.5",",,I,13,","71.1",",,,I"
"IN020040500","1942-09","13.27","80.28","14.0","ATHIPETTU, IN","7",",I","4",",I","0",",I","13.0",",,I,08,","34.1",",,,I"
"IN020040500","1942-10","13.27","80.28","14.0","ATHIPETTU, IN","9",",I","6",",I","1",",I","25.9",",,I,07,","61.9",",,,I"
"IN020040500","1942-11","13.27","80.28","14.0","ATHIPETTU, IN","8",",I","5",",I","1",",I","54.1",",,I,01,","103.9",",,,I"
"IN020040500","1942-12","13.27","80.28","14.0","ATHIPETTU, IN","17",",I","14",",I","4",",I","105.7",",,I,07,","357.3",",,,I"
"IN020040500","1943-01","13.27","80.28","14.0","ATHIPETTU, IN","3",",I","2",",I","1",",I","33.8",",,I,10,","48.0",",,,I"
"IN020040500","1943-02","13.27","80.28","14.0","ATHIPETTU, IN","1",",I","0",",I","0",",I","1.0",",,I,13,","1.0",",,,I"
"IN020040500","1943-03","13.27","80.28","14.0","ATHIPETTU, IN","0",",I","0",",I","0",",I","0.0",",,I,31,+","0.0",",,,I"
"IN020040500","1943-04","13.27","80.28","14.0","ATHIPETTU, IN","1",",I","1",",I","1",",I","36.3",",,I,09,","36.3",",,,I"
"IN020040500","1943-05","13.27","80.28","14.0","ATHIPETTU, IN","6",",I","5",",I","2",",I","97.3",",,I,17,","159.3",",,,I"
"IN020040500","1943-06","13.27","80.28","14.0","ATHIPETTU, IN","7",",I","4",",I","1",",I","37.6",",,I,26,","52.6",",,,I"
"IN020040500","1943-07","13.27","80.28","14.0","ATHIPETTU, IN","10",",I","4",",I","1",",I","33.8",",,I,07,","66.3",",,,I"
"IN020040500","1943-08","13.27","80.28","14.0","ATHIPETTU, IN","7",",I","5",",I","2",",I","73.7",",,I,28,","122.8",",,,I"
"IN020040500","1943-09","13.27","80.28","14.0","ATHIPETTU, IN","14",",I","6",",I","0",",I","13.2",",,I,19,","57.6",",,,I"
"IN020040500","1943-10","13.27","80.28","14.0","ATHIPETTU, IN","21",",I","16",",I","7",",I","97.8",",,I,16,","525.0",",,,I"
"IN020040500","1943-11","13.27","80.28","14.0","ATHIPETTU, IN","13",",I","10",",I","3",",I","92.7",",,I,21,","216.5",",,,I"
"IN020040500","1943-12","13.27","80.28","14.0","ATHIPETTU, IN","8",",I","6",",I","1",",I","35.1",",,I,03,","95.2",",,,I"
"IN020040500","1944-01","13.27","80.28","14.0","ATHIPETTU, IN","2",",I","1",",I","0",",I","6.9",",,I,11,","8.2",",,,I"
"IN020040500","1944-02","13.27","80.28","14.0","ATHIPETTU, IN","2",",I","2",",I","1",",I","33.5",",,I,20,","37.1",",,,I"
"IN020040500","1944-03","13.27","80.28","14.0","ATHIPETTU, IN","1",",I","1",",I","1",",I","35.1",",,I,30,","35.1",",,,I"
"IN020040500","1944-04","13.27","80.28","14.0","ATHIPETTU, IN","1",",I","0",",I","0",",I","1.0",",,I,01,","1.0",",,,I"
"IN020040500","1944-05","13.27","80.28","14.0","ATHIPETTU, IN","0",",I","0",",I","0",",I","0.0",",,I,31,+","0.0",",,,I"
"IN020040500","1944-06","13.27","80.28","14.0","ATHIPETTU, IN","7",",I","2",",I","0",",I","24.1",",,I,29,","43.2",",,,I"
"IN020040500","1944-07","13.27","80.28","14.0","ATHIPETTU, IN","12",",I","9",",I","1",",I","29.7",",,I,08,","114.3",",,,I"
"IN020040500","1944-08","13.27","80.28","14.0","ATHIPETTU, IN","6",",I","4",",I","0",",I","20.6",",,I,05,","44.3",",,,I"
"IN020040500","1944-09","13.27","80.28","14.0","ATHIPETTU, IN","5",",I","4",",I","0",",I","14.5",",,I,07,","40.6",",,,I"
"IN020040500","1944-10","13.27","80.28","14.0","ATHIPETTU, IN","10",",I","8",",I","2",",I","350.0",",,I,26,","488.5",",,,I"
"IN020040500","1944-11","13.27","80.28","14.0","ATHIPETTU, IN","17",",I","17",",I","8",",I","98.8",",,I,15,","630.7",",,,I"
"IN020040500","1944-12","13.27","80.28","14.0","ATHIPETTU, IN","8",",I","7",",I","2",",I","70.9",",,I,02,","152.2",",,,I"
"IN020040500","1945-01","13.27","80.28","14.0","ATHIPETTU, IN","1",",I","1",",I","0",",I","20.3",",,I,07,","20.3",",,,I"
"IN020040500","1945-02","13.27","80.28","14.0","ATHIPETTU, IN","0",",I","0",",I","0",",I","0.0",",,I,28,+","0.0",",,,I"
"IN020040500","1945-03","13.27","80.28","14.0","ATHIPETTU, IN","1",",I","0",",I","0",",I","0.8",",,I,14,","0.8",",,,I"
"IN020040500","1945-04","13.27","80.28","14.0","ATHIPETTU, IN","4",",I","4",",I","2",",I","39.4",",,I,02,","95.7",",,,I"
"IN020040500","1945-05","13.27","80.28","14.0","ATHIPETTU, IN","0",",I","0",",I","0",",I","0.0",",,I,31,+","0.0",",,,I"
"IN020040500","1945-06","13.27","80.28","14.0","ATHIPETTU, IN","1",",I","1",",I","0",",I","9.7",",,I,15,","9.7",",,,I"
"IN020040500","1945-07","13.27","80.28","14.0","ATHIPETTU, IN","12",",I","11",",I","1",",I","59.7",",,I,26,","129.5",",,,I"
"IN020040500","1945-08","13.27","80.28","14.0","ATHIPETTU, IN","9",",I","5",",I","0",",I","19.1",",,I,06,","71.2",",,,I"
"IN020040500","1945-09","13.27","80.28","14.0","ATHIPETTU, IN","16",",I","10",",I","0",",I","20.3",",,I,23,","92.0",",,,I"
"IN020040500","1945-10","13.27","80.28","14.0","ATHIPETTU, IN","10",",I","9",",I","2",",I","35.6",",,I,15,","108.0",",,,I"
"IN020040500","1945-11","13.27","80.28","14.0","ATHIPETTU, IN","14",",I","12",",I","9",",I","91.4",",,I,18,","544.3",",,,I"
"IN020040500","1945-12","13.27","80.28","14.0","ATHIPETTU, IN","2",",I","1",",I","0",",I","4.3",",,I,14,","5.6",",,,I"
"IN020040500","1946-01","13.27","80.28","14.0","ATHIPETTU, IN","1",",I","1",",I","1",",I","30.5",",,I,20,","30.5",",,,I"
"IN020040500","1946-02","13.27","80.28","14.0","ATHIPETTU, IN","0",",I","0",",I","0",",I","0.0",",,I,28,+","0.0",",,,I"
"IN020040500","1946-03","13.27","80.28","14.0","ATHIPETTU, IN","1",",I","1",",I","0",",I","19.1",",,I,16,","19.1",",,,I"
"IN020040500","1946-04","13.27","80.28","14.0","ATHIPETTU, IN","1",",I","0",",I","0",",I","1.3",",,I,14,","1.3",",,,I"
"IN020040500","1946-05","13.27","80.28","14.0","ATHIPETTU, IN","3",",I","1",",I","1",",I","52.1",",,I,21,","53.9",",,,I"
"IN020040500","1946-06","13.27","80.28","14.0","ATHIPETTU, IN","14",",I","10",",I","1",",I","39.4",",,I,14,","104.1",",,,I"
"IN020040500","1946-07","13.27","80.28","14.0","ATHIPETTU, IN","12",",I","10",",I","0",",I","14.0",",,I,20,+","85.0",",,,I"
"IN020040500","1946-08","13.27","80.28","14.0","ATHIPETTU, IN","10",",I","7",",I","0",",I","15.2",",,I,14,","63.5",",,,I"
"IN020040500","1946-09","13.27","80.28","14.0","ATHIPETTU, IN","4",",I","4",",I","1",",I","63.5",",,I,09,","96.5",",,,I"
"IN020040500","1946-10","13.27","80.28","14.0","ATHIPETTU, IN","13",",I","13",",I","4",",I","95.3",",,I,28,","254.0",",,,I"
"IN020040500","1946-11","13.27","80.28","14.0","ATHIPETTU, IN","19",",I","17",",I","6",",I","111.8",",,I,08,","607.3",",,,I"
"IN020040500","1946-12","13.27","80.28","14.0","ATHIPETTU, IN","15",",I","15",",I","12",",I","156.2",",,I,01,","1179.8",",,,I"
"IN020040500","1947-01","13.27","80.28","14.0","ATHIPETTU, IN","5",",I","4",",I","2",",I","79.2",",,I,28,","193.5",",,,I"
"IN020040500","1947-02","13.27","80.28","14.0","ATHIPETTU, IN","2",",I","1",",I","0",",I","3.8",",,I,03,","5.1",",,,I"
"IN020040500","1947-03","13.27","80.28","14.0","ATHIPETTU, IN","0",",I","0",",I","0",",I","0.0",",,I,31,+","0.0",",,,I"
"IN020040500","1947-04","13.27","80.28","14.0","ATHIPETTU, IN","3",",I","1",",I","0",",I","7.6",",,I,14,","9.1",",,,I"
"IN020040500","1947-05","13.27","80.28","14.0","ATHIPETTU, IN","0",",I","0",",I","0",",I","0.0",",,I,31,+","0.0",",,,I"
"IN020040500","1947-06","13.27","80.28","14.0","ATHIPETTU, IN","3",",I","0",",I","0",",I","1.3",",,I,26,+","3.9",",,,I"
"IN020040500","1947-07","13.27","80.28","14.0","ATHIPETTU, IN","12",",I","9",",I","1",",I","29.2",",,I,27,","73.9",",,,I"
"IN020040500","1947-08","13.27","80.28","14.0","ATHIPETTU, IN","9",",I","7",",I","1",",I","35.8",",,I,20,","73.6",",,,I"
"IN020040500","1947-09","13.27","80.28","14.0","ATHIPETTU, IN","13",",I","11",",I","4",",I","119.9",",,I,19,","386.2",",,,I"
"IN020040500","1947-10","13.27","80.28","14.0","ATHIPETTU, IN","11",",I","8",",I","3",",I","34.8",",,I,29,","170.0",",,,I"
"IN020040500","1947-11","13.27","80.28","14.0","ATHIPETTU, IN","5",",I","4",",I","1",",I","31.8",",,I,21,","55.9",",,,I"
"IN020040500","1947-12","13.27","80.28","14.0","ATHIPETTU, IN","3",",I","3",",I","0",",I","10.2",",,I,17,","23.1",",,,I"
"IN020040500","1948-01","13.27","80.28","14.0","ATHIPETTU, IN","0",",I","0",",I","0",",I","0.0",",,I,31,+","0.0",",,,I"
"IN020040500","1948-02","13.27","80.28","14.0","ATHIPETTU, IN","1",",I","0",",I","0",",I","2.0",",,I,17,","2.0",",,,I"
"IN020040500","1948-03","13.27","80.28","14.0","ATHIPETTU, IN","0",",I","0",",I","0",",I","0.0",",,I,31,+","0.0",",,,I"
"IN020040500","1948-04","13.27","80.28","14.0","ATHIPETTU, IN","1",",I","1",",I","0",",I","5.1",",,I,27,","5.1",",,,I"
"IN020040500","1948-05","13.27","80.28","14.0","ATHIPETTU, IN","0",",I","0",",I","0",",I","0.0",",,I,31,+","0.0",",,,I"
"IN020040500","1948-06","13.27","80.28","14.0","ATHIPETTU, IN","5",",I","3",",I","0",",I","7.9",",,I,06,","18.0",",,,I"
"IN020040500","1948-07","13.27","80.28","14.0","ATHIPETTU, IN","6",",I","5",",I","0",",I","17.3",",,I,19,","41.3",",,,I"
"IN020040500","1948-08","13.27","80.28","14.0","ATHIPETTU, IN","6",",I","5",",I","1",",I","32.3",",,I,10,","71.4",",,,I"
"IN020040500","1948-09","13.27","80.28","14.0","ATHIPETTU, IN","7",",I","6",",I","1",",I","54.1",",,I,08,","115.9",",,,I"
"IN020040500","1948-10","13.27","80.28","14.0","ATHIPETTU, IN","4",",I","4",",I","3",",I","36.6",",,I,18,","111.6",",,,I"
"IN020040500","1948-11","13.27","80.28","14.0","ATHIPETTU, IN","11",",I","9",",I","5",",I","53.3",",,I,07,","234.3",",,,I"
"IN020040500","1948-12","13.27","80.28","14.0","ATHIPETTU, IN","4",",I","4",",I","1",",I","29.7",",,I,07,","57.4",",,,I"
"IN020040500","1949-01","13.27","80.28","14.0","ATHIPETTU, IN","0",",I","0",",I","0",",I","0.0",",,I,31,+","0.0",",,,I"
"IN020040500","1949-02","13.27","80.28","14.0","ATHIPETTU, IN","0",",I","0",",I","0",",I","0.0",",,I,28,+","0.0",",,,I"
"IN020040500","1949-03","13.27","80.28","14.0","ATHIPETTU, IN","0",",I","0",",I","0",",I","0.0",",,I,31,+","0.0",",,,I"
"IN020040500","1949-04","13.27","80.28","14.0","ATHIPETTU, IN","1",",I","1",",I","0",",I","4.3",",,I,07,","4.3",",,,I"
"IN020040500","1949-05","13.27","80.28","14.0","ATHIPETTU, IN","5",",I","3",",I","2",",I","209.6",",,I,22,","286.1",",,,I"
"IN020040500","1949-06","13.27","80.28","14.0","ATHIPETTU, IN","6",",I","6",",I","1",",I","27.9",",,I,04,","50.8",",,,I"
"IN020040500","1949-07","13.27","80.28","14.0","ATHIPETTU, IN","8",",I","6",",I","0",",I","11.4",",,I,25,+","46.8",",,,I"
"IN020040500","1949-08","13.27","80.28","14.0","ATHIPETTU, IN","13",",I","12",",I","3",",I","47.0",",,I,19,","208.9",",,,I"
"IN020040500","1949-09","13.27","80.28","14.0","ATHIPETTU, IN","10",",I","10",",I","3",",I","46.5",",,I,01,","188.6",",,,I"
"IN020040500","1949-10","13.27","80.28","14.0","ATHIPETTU, IN","6",",I","6",",I","1",",I","27.4",",,I,31,","57.9",",,,I"
"IN020040500","1949-11","13.27","80.28","14.0","ATHIPETTU, IN","5",",I","3",",I","1",",I","69.9",",,I,17,","93.8",",,,I"
"IN020040500","1949-12","13.27","80.28","14.0","ATHIPETTU, IN","3",",I","1",",I","0",",I","3.6",",,I,09,","6.1",",,,I"
"IN020040500","1950-01","13.27","80.28","14.0","ATHIPETTU, IN","3",",I","1",",I","0",",I","7.4",",,I,11,","11.0",",,,I"
"IN020040500","1950-02","13.27","80.28","14.0","ATHIPETTU, IN","1",",I","1",",I","0",",I","3.0",",,I,24,","3.0",",,,I"
"IN020040500","1950-03","13.27","80.28","14.0","ATHIPETTU, IN","1",",I","0",",I","0",",I","2.3",",,I,29,","2.3",",,,I"
"IN020040500","1950-04","13.27","80.28","14.0","ATHIPETTU, IN","0",",I","0",",I","0",",I","0.0",",,I,30,+","0.0",",,,I"
"IN020040500","1950-05","13.27","80.28","14.0","ATHIPETTU, IN","5",",I","4",",I","2",",I","31.8",",,I,26,","74.3",",,,I"
"IN020040500","1950-06","13.27","80.28","14.0","ATHIPETTU, IN","2",",I","1",",I","0",",I","3.6",",,I,25,","5.9",",,,I"
"IN020040500","1950-07","13.27","80.28","14.0","ATHIPETTU, IN","10",",I","8",",I","2",",I","30.5",",,I,08,","94.7",",,,I"
"IN020040500","1950-08","13.27","80.28","14.0","ATHIPETTU, IN","9",",I","8",",I","1",",I","36.8",",,I,28,","115.5",",,,I"
"IN020040500","1950-09","13.27","80.28","14.0","ATHIPETTU, IN","8",",I","7",",I","3",",I","39.4",",,I,08,","149.3",",,,I"
"IN020040500","1950-10","13.27","80.28","14.0","ATHIPETTU, IN","7",",I","6",",I","1",",I","182.9",",,I,17,","216.0",",,,I"
"IN020040500","1950-11","13.27","80.28","14.0","ATHIPETTU, IN","9",",I","7",",I","2",",I","134.6",",,I,16,","250.2",",,,I"
"IN020040500","1950-12","13.27","80.28","14.0","ATHIPETTU, IN","0",",I","0",",I","0",",I","0.0",",,I,31,+","0.0",",,,I"
"IN020040500","1951-01","13.27","80.28","14.0","ATHIPETTU, IN","2",",I","0",",I","0",",I","1.5",",,I,08,","2.0",",,,I"
"IN020040500","1951-02","13.27","80.28","14.0","ATHIPETTU, IN","0",",I","0",",I","0",",I","0.0",",,I,28,+","0.0",",,,I"
"IN020040500","1951-03","13.27","80.28","14.0","ATHIPETTU, IN","2",",I","0",",I","0",",I","1.3",",,I,30,","1.8",",,,I"
"IN020040500","1951-04","13.27","80.28","14.0","ATHIPETTU, IN","3",",I","2",",I","1",",I","30.0",",,I,12,","45.2",",,,I"
"IN020040500","1951-05","13.27","80.28","14.0","ATHIPETTU, IN","1",",I","1",",I","0",",I","3.0",",,I,31,","3.0",",,,I"
"IN020040500","1951-06","13.27","80.28","14.0","ATHIPETTU, IN","6",",I","4",",I","0",",I","8.6",",,I,15,","26.3",",,,I"
"IN020040500","1951-07","13.27","80.28","14.0","ATHIPETTU, IN","9",",I","5",",I","1",",I","29.0",",,I,18,","48.1",",,,I"
"IN020040500","1951-08","13.27","80.28","14.0","ATHIPETTU, IN","11",",I","9",",I","1",",I","53.3",",,I,31,","125.7",",,,I"
"IN020040500","1951-09","13.27","80.28","14.0","ATHIPETTU, IN","5",",I","5",",I","1",",I","63.0",",,I,01,","109.5",",,,I"
"IN020040500","1951-10","13.27","80.28","14.0","ATHIPETTU, IN","2",",I","1",",I","1",",I","44.7",",,I,17,","45.0",",,,I"
"IN020040500","1951-11","13.27","80.28","14.0","ATHIPETTU, IN","9",",I","9",",I","2",",I","128.0",",,I,20,","237.4",",,,I"
"IN020040500","1951-12","13.27","80.28","14.0","ATHIPETTU, IN","0",",I","0",",I","0",",I","0.0",",,I,31,+","0.0",",,,I"
"IN020040500","1952-01","13.27","80.28","14.0","ATHIPETTU, IN","1",",I","0",",I","0",",I","1.0",",,I,28,","1.0",",,,I"
"IN020040500","1952-02","13.27","80.28","14.0","ATHIPETTU, IN","1",",I","1",",I","0",",I","10.2",",,I,22,","10.2",",,,I"
"IN020040500","1952-03","13.27","80.28","14.0","ATHIPETTU, IN","0",",I","0",",I","0",",I","0.0",",,I,31,+","0.0",",,,I"
"IN020040500","1952-04","13.27","80.28","14.0","ATHIPETTU, IN","0",",I","0",",I","0",",I","0.0",",,I,30,+","0.0",",,,I"
"IN020040500","1952-05","13.27","80.28","14.0","ATHIPETTU, IN","3",",I","3",",I","3",",I","244.6",",,I,22,","442.3",",,,I"
"IN020040500","1952-06","13.27","80.28","14.0","ATHIPETTU, IN","5",",I","4",",I","0",",I","21.6",",,I,28,","38.1",",,,I"
"IN020040500","1952-07","13.27","80.28","14.0","ATHIPETTU, IN","3",",I","3",",I","0",",I","9.4",",,I,29,","15.2",",,,I"
"IN020040500","1952-08","13.27","80.28","14.0","ATHIPETTU, IN","10",",I","6",",I","0",",I","22.9",",,I,08,","63.7",",,,I"
"IN020040500","1952-09","13.27","80.28","14.0","ATHIPETTU, IN","3",",I","3",",I","1",",I","46.2",",,I,20,","53.5",",,,I"
"IN020040500","1952-10","13.27","80.28","14.0","ATHIPETTU, IN","8",",I","8",",I","1",",I","34.0",",,I,04,","131.7",",,,I"
"IN020040500","1952-11","13.27","80.28","14.0","ATHIPETTU, IN","1",",I","1",",I","0",",I","12.7",",,I,30,","12.7",",,,I"
"IN020040500","1952-12","13.27","80.28","14.0","ATHIPETTU, IN","5",",I","5",",I","2",",I","61.0",",,I,08,","151.1",",,,I"
"IN020040500","1953-01","13.27","80.28","14.0","ATHIPETTU, IN","1",",I","1",",I","0",",I","2.5",",,I,09,","2.5",",,,I"
"IN020040500","1953-02","13.27","80.28","14.0","ATHIPETTU, IN","1",",I","1",",I","0",",I","15.2",",,I,21,","15.2",",,,I"
"IN020040500","1953-03","13.27","80.28","14.0","ATHIPETTU, IN","0",",I","0",",I","0",",I","0.0",",,I,31,+","0.0",",,,I"
"IN020040500","1953-04","13.27","80.28","14.0","ATHIPETTU, IN","1",",I","0",",I","0",",I","0.8",",,I,17,","0.8",",,,I"
"IN020040500","1953-05","13.27","80.28","14.0","ATHIPETTU, IN","0",",I","0",",I","0",",I","0.0",",,I,31,+","0.0",",,,I"
"IN020040500","1953-06","13.27","80.28","14.0","ATHIPETTU, IN","1",",I","1",",I","0",",I","19.6",",,I,27,","19.6",",,,I"
"IN020040500","1953-07","13.27","80.28","14.0","ATHIPETTU, IN","8",",I","6",",I","2",",I","38.1",",,I,12,","101.5",",,,I"
"IN020040500","1953-08","13.27","80.28","14.0","ATHIPETTU, IN","8",",I","7",",I","2",",I","64.8",",,I,31,","142.3",",,,I"
"IN020040500","1953-09","13.27","80.28","14.0","ATHIPETTU, IN","13",",I","9",",I","2",",I","47.0",",,I,13,","155.6",",,,I"
"IN020040500","1953-10","13.27","80.28","14.0","ATHIPETTU, IN","15",",I","14",",I","5",",I","53.3",",,I,17,","292.3",",,,I"
"IN020040500","1953-11","13.27","80.28","14.0","ATHIPETTU, IN","4",",I","3",",I","3",",I","52.8",",,I,27,","129.1",",,,I"
"IN020040500","1953-12","13.27","80.28","14.0","ATHIPETTU, IN","3",",I","2",",I","0",",I","5.3",",,I,28,","9.9",",,,I"
"IN020040500","1954-01","13.27","80.28","14.0","ATHIPETTU, IN","4",",I","2",",I","1",",I","33.0",",,I,05,","38.1",",,,I"
"IN020040500","1954-02","13.27","80.28","14.0","ATHIPETTU, IN","0",",I","0",",I","0",",I","0.0",",,I,28,+","0.0",",,,I"
"IN020040500","1954-03","13.27","80.28","14.0","ATHIPETTU, IN","0",",I","0",",I","0",",I","0.0",",,I,31,+","0.0",",,,I"
"IN020040500","1954-04","13.27","80.28","14.0","ATHIPETTU, IN","0",",I","0",",I","0",",I","0.0",",,I,30,+","0.0",",,,I"
"IN020040500","1954-05","13.27","80.28","14.0","ATHIPETTU, IN","1",",I","0",",I","0",",I","2.0",",,I,22,","2.0",",,,I"
"IN020040500","1954-06","13.27","80.28","14.0","ATHIPETTU, IN","4",",I","1",",I","0",",I","3.0",",,I,18,","6.8",",,,I"
"IN020040500","1954-07","13.27","80.28","14.0","ATHIPETTU, IN","8",",I","6",",I","3",",I","90.2",",,I,02,","209.3",",,,I"
"IN020040500","1954-08","13.27","80.28","14.0","ATHIPETTU, IN","8",",I","7",",I","1",",I","54.6",",,I,17,","133.5",",,,I"
"IN020040500","1954-09","13.27","80.28","14.0","ATHIPETTU, IN","5",",I","5",",I","1",",I","38.1",",,I,26,","84.7",",,,I"
"IN020040500","1954-10","13.27","80.28","14.0","ATHIPETTU, IN","11",",I","11",",I","4",",I","67.3",",,I,21,","281.2",",,,I"
"IN020040500","1954-11","13.27","80.28","14.0","ATHIPETTU, IN","1",",I","1",",I","0",",I","24.1",",,I,05,","24.1",",,,I"
"IN020040500","1954-12","13.27","80.28","14.0","ATHIPETTU, IN","11",",I","10",",I","4",",I","59.2",",,I,12,","239.5",",,,I"
"IN020040500","1955-01","13.27","80.28","14.0","ATHIPETTU, IN","1",",I","1",",I","1",",I","60.2",",,I,15,","60.2",",,,I"
"IN020040500","1955-02","13.27","80.28","14.0","ATHIPETTU, IN","0",",I","0",",I","0",",I","0.0",",,I,28,+","0.0",",,,I"
"IN020040500","1955-03","13.27","80.28","14.0","ATHIPETTU, IN","0",",I","0",",I","0",",I","0.0",",,I,31,+","0.0",",,,I"
"IN020040500","1955-04","13.27","80.28","14.0","ATHIPETTU, IN","1",",I","1",",I","0",",I","20.8",",,I,21,","20.8",",,,I"
"IN020040500","1955-05","13.27","80.28","14.0","ATHIPETTU, IN","4",",I","4",",I","2",",I","102.9",",,I,17,","160.1",",,,I"
"IN020040500","1955-06","13.27","80.28","14.0","ATHIPETTU, IN","7",",I","3",",I","0",",I","18.3",",,I,19,","35.0",",,,I"
"IN020040500","1955-07","13.27","80.28","14.0","ATHIPETTU, IN","8",",I","6",",I","0",",I","18.3",",,I,18,","55.1",",,,I"
"IN020040500","1955-08","13.27","80.28","14.0","ATHIPETTU, IN","11",",I","10",",I","3",",I","79.5",",,I,23,","188.6",",,,I"
"IN020040500","1955-09","13.27","80.28","14.0","ATHIPETTU, IN","6",",I","5",",I","0",",I","10.7",",,I,06,","29.0",",,,I"
"IN020040500","1955-10","13.27","80.28","14.0","ATHIPETTU, IN","12",",I","9",",I","1",",I","36.1",",,I,30,","129.2",",,,I"
"IN020040500","1955-11","13.27","80.28","14.0","ATHIPETTU, IN","13",",I","10",",I","4",",I","86.9",",,I,05,","262.9",",,,I"
"IN020040500","1955-12","13.27","80.28","14.0","ATHIPETTU, IN","8",",I","5",",I","2",",I","43.2",",,I,02,","91.9",",,,I"
"IN020040500","1956-01","13.27","80.28","14.0","ATHIPETTU, IN","2",",I","2",",I","1",",I","50.8",",,I,29,","54.1",",,,I"
"IN020040500","1956-02","13.27","80.28","14.0","ATHIPETTU, IN","0",",I","0",",I","0",",I","0.0",",,I,29,+","0.0",",,,I"
"IN020040500","1956-03","13.27","80.28","14.0","ATHIPETTU, IN","0",",I","0",",I","0",",I","0.0",",,I,31,+","0.0",",,,I"
"IN020040500","1956-04","13.27","80.28","14.0","ATHIPETTU, IN","2",",I","2",",I","1",",I","68.6",",,I,29,","71.1",",,,I"
"IN020040500","1956-05","13.27","80.28","14.0","ATHIPETTU, IN","2",",I","2",",I","0",",I","10.2",",,I,01,","13.0",",,,I"
"IN020040500","1956-06","13.27","80.28","14.0","ATHIPETTU, IN","9",",I","6",",I","0",",I","18.8",",,I,21,","49.5",",,,I"
"IN020040500","1956-07","13.27","80.28","14.0","ATHIPETTU, IN","10",",I","7",",I","0",",I","22.9",",,I,25,","66.8",",,,I"
"IN020040500","1956-08","13.27","80.28","14.0","ATHIPETTU, IN","4",",I","2",",I","1",",I","46.0",",,I,20,","56.4",",,,I"
"IN020040500","1956-09","13.27","80.28","14.0","ATHIPETTU, IN","8",",I","5",",I","2",",I","26.2",",,I,01,","72.4",",,,I"
"IN020040500","1956-10","13.27","80.28","14.0","ATHIPETTU, IN","5",",I","4",",I","3",",I","38.1",",,I,12,","129.0",",,,I"
"IN020040500","1956-11","13.27","80.28","14.0","ATHIPETTU, IN","8",",I","8",",I","6",",I","43.2",",,I,09,","262.9",",,,I"
"IN020040500","1956-12","13.27","80.28","14.0","ATHIPETTU, IN","5",",I","5",",I","2",",I","31.8",",,I,12,","92.0",",,,I"
"IN020040500","1957-01","13.27","80.28","14.0","ATHIPETTU, IN","0",",I","0",",I","0",",I","0.0",",,I,31,+","0.0",",,,I"
"IN020040500","1957-02","13.27","80.28","14.0","ATHIPETTU, IN","0",",I","0",",I","0",",I","0.0",",,I,28,+","0.0",",,,I"
"IN020040500","1957-03","13.27","80.28","14.0","ATHIPETTU, IN","0",",I","0",",I","0",",I","0.0",",,I,31,+","0.0",",,,I"
"IN020040500","1957-04","13.27","80.28","14.0","ATHIPETTU, IN","1",",I","0",",I","0",",I","2.0",",,I,22,","2.0",",,,I"
"IN020040500","1957-05","13.27","80.28","14.0","ATHIPETTU, IN","1",",I","0",",I","0",",I","1.3",",,I,25,","1.3",",,,I"
"IN020040500","1957-06","13.27","80.28","14.0","ATHIPETTU, IN","7",",I","5",",I","0",",I","8.6",",,I,09,","39.3",",,,I"
"IN020040500","1957-07","13.27","80.28","14.0","ATHIPETTU, IN","12",",I","7",",I","2",",I","30.2",",,I,29,","134.8",",,,I"
"IN020040500","1957-08","13.27","80.28","14.0","ATHIPETTU, IN","8",",I","6",",I","0",",I","12.7",",,I,15,+","48.5",",,,I"
"IN020040500","1957-09","13.27","80.28","14.0","ATHIPETTU, IN","5",",I","5",",I","2",",I","52.3",",,I,07,","130.0",",,,I"
"IN020040500","1957-10","13.27","80.28","14.0","ATHIPETTU, IN","11",",I","11",",I","3",",I","48.5",",,I,21,","156.7",",,,I"
"IN020040500","1957-11","13.27","80.28","14.0","ATHIPETTU, IN","9",",I","8",",I","7",",I","124.0",",,I,05,","462.9",",,,I"
"IN020040500","1957-12","13.27","80.28","14.0","ATHIPETTU, IN","1",",I","1",",I","0",",I","4.1",",,I,03,","4.1",",,,I"
"IN020040500","1958-01","13.27","80.28","14.0","ATHIPETTU, IN","1",",I","1",",I","0",",I","7.4",",,I,02,","7.4",",,,I"
"IN020040500","1958-02","13.27","80.28","14.0","ATHIPETTU, IN","0",",I","0",",I","0",",I","0.0",",,I,28,+","0.0",",,,I"
"IN020040500","1958-03","13.27","80.28","14.0","ATHIPETTU, IN","0",",I","0",",I","0",",I","0.0",",,I,31,+","0.0",",,,I"
"IN020040500","1958-04","13.27","80.28","14.0","ATHIPETTU, IN","0",",I","0",",I","0",",I","0.0",",,I,30,+","0.0",",,,I"
"IN020040500","1958-05","13.27","80.28","14.0","ATHIPETTU, IN","3",",I","3",",I","1",",I","59.4",",,I,07,","79.2",",,,I"
"IN020040500","1958-06","13.27","80.28","14.0","ATHIPETTU, IN","0",",I","0",",I","0",",I","0.0",",,I,30,+","0.0",",,,I"
"IN020040500","1958-07","13.27","80.28","14.0","ATHIPETTU, IN","10",",I","7",",I","0",",I","19.1",",,I,07,","69.1",",,,I"
"IN020040500","1958-08","13.27","80.28","14.0","ATHIPETTU, IN","7",",I","7",",I","3",",I","93.5",",,I,20,","222.2",",,,I"
"IN020040500","1958-09","13.27","80.28","14.0","ATHIPETTU, IN","3",",I","1",",I","0",",I","15.2",",,I,07,","16.6",",,,I"
"IN020040500","1958-10","13.27","80.28","14.0","ATHIPETTU, IN","9",",I","2",",I","0",",I","13.2",",,I,17,","29.8",",,,I"
"IN020040500","1958-11","13.27","80.28","14.0","ATHIPETTU, IN","7",",I","6",",I","5",",I","204.0",",,I,20,","419.0",",,,I"
"IN020040500","1958-12","13.27","80.28","14.0","ATHIPETTU, IN","8",",I","4",",I","1",",I","83.0",",,I,11,","101.2",",,,I"
"IN020040500","1959-01","13.27","80.28","14.0","ATHIPETTU, IN","0",",I","0",",I","0",",I","0.0",",,I,31,+","0.0",",,,I"
"IN020040500","1959-02","13.27","80.28","14.0","ATHIPETTU, IN","3",",I","1",",I","0",",I","19.6",",,I,04,","23.6",",,,I"
"IN020040500","1959-03","13.27","80.28","14.0","ATHIPETTU, IN","0",",I","0",",I","0",",I","0.0",",,I,31,+","0.0",",,,I"
"IN020040500","1959-04","13.27","80.28","14.0","ATHIPETTU, IN","0",",I","0",",I","0",",I","0.0",",,I,30,+","0.0",",,,I"
"IN020040500","1959-05","13.27","80.28","14.0","ATHIPETTU, IN","1",",I","1",",I","0",",I","16.5",",,I,31,","16.5",",,,I"
"IN020040500","1959-06","13.27","80.28","14.0","ATHIPETTU, IN","7",",I","7",",I","1",",I","32.3",",,I,23,","60.0",",,,I"
"IN020040500","1959-07","13.27","80.28","14.0","ATHIPETTU, IN","11",",I","7",",I","0",",I","21.3",",,I,23,","60.6",",,,I"
"IN020040500","1959-08","13.27","80.28","14.0","ATHIPETTU, IN","8",",I","7",",I","0",",I","7.6",",,I,30,","34.3",",,,I"
"IN020040500","1959-09","13.27","80.28","14.0","ATHIPETTU, IN","7",",I","5",",I","0",",I","11.1",",,I,11,","38.7",",,,I"
"IN020040500","1959-10","13.27","80.28","14.0","ATHIPETTU, IN","11",",I","9",",I","2",",I","52.0",",,I,28,","180.3",",,,I"
"IN020040500","1959-11","13.27","80.28","14.0","ATHIPETTU, IN","9",",I","8",",I","5",",I","88.9",",,I,29,","319.5",",,,I"
"IN020040500","1959-12","13.27","80.28","14.0","ATHIPETTU, IN","6",",I","6",",I","0",",I","14.7",",,I,02,","44.2",",,,I"
"IN020040500","1960-01","13.27","80.28","14.0","ATHIPETTU, IN","1",",I","1",",I","0",",I","16.0",",,I,21,","16.0",",,,I"
"IN020040500","1960-02","13.27","80.28","14.0","ATHIPETTU, IN","0",",I","0",",I","0",",I","0.0",",,I,29,+","0.0",",,,I"
"IN020040500","1960-03","13.27","80.28","14.0","ATHIPETTU, IN","0",",I","0",",I","0",",I","0.0",",,I,31,+","0.0",",,,I"
"IN020040500","1960-04","13.27","80.28","14.0","ATHIPETTU, IN","0",",I","0",",I","0",",I","0.0",",,I,30,+","0.0",",,,I"
"IN020040500","1960-05","13.27","80.28","14.0","ATHIPETTU, IN","0",",I","0",",I","0",",I","0.0",",,I,31,+","0.0",",,,I"
"IN020040500","1960-06","13.27","80.28","14.0","ATHIPETTU, IN","2",",I","0",",I","0",",I","0.7",",,I,26,","1.4",",,,I"
"IN020040500","1960-07","13.27","80.28","14.0","ATHIPETTU, IN","4",",I","0",",I","0",",I","1.2",",,I,19,","3.7",",,,I"
"IN020040500","1960-08","13.27","80.28","14.0","ATHIPETTU, IN","4",",I","2",",I","0",",I","3.2",",,I,23,","8.3",",,,I"
"IN020040500","1960-09","13.27","80.28","14.0","ATHIPETTU, IN","14",",I","13",",I","3",",I","73.0",",,I,17,","237.4",",,,I"
"IN020040500","1960-10","13.27","80.28","14.0","ATHIPETTU, IN","10",",I","8",",I","2",",I","51.6",",,I,02,","135.1",",,,I"
"IN020040500","1960-11","13.27","80.28","14.0","ATHIPETTU, IN","21",",I","20",",I","10",",I","138.0",",,I,08,","694.7",",,,I"
"IN020040500","1960-12","13.27","80.28","14.0","ATHIPETTU, IN","6",",I","4",",I","0",",I","18.2",",,I,31,","43.8",",,,I"
"IN020040500","1961-01","13.27","80.28","14.0","ATHIPETTU, IN","2",",I","1",",I","1",",I","27.2",",,I,11,","28.0",",,,I"
"IN020040500","1961-02","13.27","80.28","14.0","ATHIPETTU, IN","1",",I","1",",I","0",",I","15.6",",,I,16,","15.6",",,,I"
"IN020040500","1961-03","13.27","80.28","14.0","ATHIPETTU, IN","0",",I","0",",I","0",",I","0.0",",,I,31,+","0.0",",,,I"
"IN020040500","1961-04","13.27","80.28","14.0","ATHIPETTU, IN","0",",I","0",",I","0",",I","0.0",",,I,30,+","0.0",",,,I"
"IN020040500","1961-05","13.27","80.28","14.0","ATHIPETTU, IN","0",",I","0",",I","0",",I","0.0",",,I,31,+","0.0",",,,I"
"IN020040500","1961-06","13.27","80.28","14.0","ATHIPETTU, IN","10",",I","6",",I","1",",I","38.0",",,I,14,","96.4",",,,I"
"IN020040500","1961-07","13.27","80.28","14.0","ATHIPETTU, IN","11",",I","8",",I","1",",I","60.0",",,I,27,","131.0",",,,I"
"IN020040500","1961-08","13.27","80.28","14.0","ATHIPETTU, IN","21",",I","12",",I","3",",I","45.0",",,I,22,","225.0",",,,I"
"IN020040500","1961-09","13.27","80.28","14.0","ATHIPETTU, IN","6",",I","4",",I","3",",I","48.0",",,I,21,","117.0",",,,I"
"IN020040500","1961-10","13.27","80.28","14.0","ATHIPETTU, IN","8",",I","8",",I","3",",I","47.0",",,I,22,","172.0",",,,I"
"IN020040500","1961-11","13.27","80.28","14.0","ATHIPETTU, IN","9",",I","9",",I","5",",I","129.0",",,I,13,","379.0",",,,I"
"IN020040500","1961-12","13.27","80.28","14.0","ATHIPETTU, IN","1",",I","1",",I","0",",I","20.0",",,I,12,","20.0",",,,I"
"IN020040500","1962-01","13.27","80.28","14.0","ATHIPETTU, IN","0",",I","0",",I","0",",I","0.0",",,I,31,+","0.0",",,,I"
"IN020040500","1962-02","13.27","80.28","14.0","ATHIPETTU, IN","0",",I","0",",I","0",",I","0.0",",,I,28,+","0.0",",,,I"
"IN020040500","1962-03","13.27","80.28","14.0","ATHIPETTU, IN","0",",I","0",",I","0",",I","0.0",",,I,31,+","0.0",",,,I"
"IN020040500","1962-04","13.27","80.28","14.0","ATHIPETTU, IN","1",",I","0",",I","0",",I","2.0",",,I,19,","2.0",",,,I"
"IN020040500","1962-05","13.27","80.28","14.0","ATHIPETTU, IN","4",",I","4",",I","4",",I","80.0",",,I,16,","202.0",",,,I"
"IN020040500","1962-06","13.27","80.28","14.0","ATHIPETTU, IN","4",",I","4",",I","1",",I","58.0",",,I,04,","101.0",",,,I"
"IN020040500","1962-07","13.27","80.28","14.0","ATHIPETTU, IN","13",",I","11",",I","1",",I","35.0",",,I,06,","99.0",",,,I"
"IN020040500","1962-08","13.27","80.28","14.0","ATHIPETTU, IN","13",",I","11",",I","1",",I","37.0",",,I,23,","147.0",",,,I"
"IN020040500","1962-09","13.27","80.28","14.0","ATHIPETTU, IN","11",",I","10",",I","1",",I","30.0",",,I,30,","134.0",",,,I"
"IN020040500","1962-10","13.27","80.28","14.0","ATHIPETTU, IN","14",",I","13",",I","7",",I","164.0",",,I,23,","491.0",",,,I"
"IN020040500","1962-11","13.27","80.28","14.0","ATHIPETTU, IN","3",",I","3",",I","1",",I","91.2",",,I,26,","120.4",",,,I"
"IN020040500","1962-12","13.27","80.28","14.0","ATHIPETTU, IN","3",",I","3",",I","2",",I","63.2",",,I,02,","102.2",",,,I"
"IN020040500","1963-01","13.27","80.28","14.0","ATHIPETTU, IN","6",",I","6",",I","1",",I","102.6",",,I,10,","160.2",",,,I"
"IN020040500","1963-02","13.27","80.28","14.0","ATHIPETTU, IN","0",",I","0",",I","0",",I","0.0",",,I,28,+","0.0",",,,I"
"IN020040500","1963-03","13.27","80.28","14.0","ATHIPETTU, IN","1",",I","1",",I","0",",I","5.6",",,I,25,","5.6",",,,I"
"IN020040500","1963-04","13.27","80.28","14.0","ATHIPETTU, IN","1",",I","1",",I","0",",I","15.0",",,I,24,","15.0",",,,I"
"IN020040500","1963-05","13.27","80.28","14.0","ATHIPETTU, IN","0",",I","0",",I","0",",I","0.0",",,I,31,+","0.0",",,,I"
"IN020040500","1963-06","13.27","80.28","14.0","ATHIPETTU, IN","8",",I","8",",I","0",",I","25.0",",,I,21,","114.4",",,,I"
"IN020040500","1963-07","13.27","80.28","14.0","ATHIPETTU, IN","4",",I","3",",I","1",",I","40.7",",,I,12,","47.2",",,,I"
"IN020040500","1963-08","13.27","80.28","14.0","ATHIPETTU, IN","8",",I","5",",I","2",",I","31.0",",,I,18,","71.4",",,,I"
"IN020040500","1963-09","13.27","80.28","14.0","ATHIPETTU, IN","8",",I","6",",I","0",",I","19.6",",,I,03,","69.2",",,,I"
"IN020040500","1963-10","13.27","80.28","14.0","ATHIPETTU, IN","7",",I","5",",I","1",",I","62.0",",,I,21,","119.7",",,,I"
"IN020040500","1963-11","13.27","80.28","14.0","ATHIPETTU, IN","10",",I","9",",I","3",",I","85.0",",,I,15,","267.2",",,,I"
"IN020040500","1963-12","13.27","80.28","14.0","ATHIPETTU, IN","5",",I","5",",I","3",",I","70.0",",,I,06,","163.8",",,,I"
"IN020040500","1964-01","13.27","80.28","14.0","ATHIPETTU, IN","0",",I","0",",I","0",",I","0.0",",,I,31,+","0.0",",,,I"
"IN020040500","1964-02","13.27","80.28","14.0","ATHIPETTU, IN","0",",I","0",",I","0",",I","0.0",",,I,29,+","0.0",",,,I"
"IN020040500","1964-03","13.27","80.28","14.0","ATHIPETTU, IN","0",",I","0",",I","0",",I","0.0",",,I,31,+","0.0",",,,I"
"IN020040500","1964-04","13.27","80.28","14.0","ATHIPETTU, IN","0",",I","0",",I","0",",I","0.0",",,I,30,+","0.0",",,,I"
"IN020040500","1964-05","13.27","80.28","14.0","ATHIPETTU, IN","0",",I","0",",I","0",",I","0.0",",,I,31,+","0.0",",,,I"
"IN020040500","1964-06","13.27","80.28","14.0","ATHIPETTU, IN","3",",I","1",",I","0",",I","25.0",",,I,02,","28.8",",,,I"
"IN020040500","1964-07","13.27","80.28","14.0","ATHIPETTU, IN","6",",I","5",",I","1",",I","40.0",",,I,25,","98.4",",,,I"
"IN020040500","1964-08","13.27","80.28","14.0","ATHIPETTU, IN","8",",I","8",",I","1",",I","30.0",",,I,27,","109.4",",,,I"
"IN020040500","1964-09","13.27","80.28","14.0","ATHIPETTU, IN","6",",I","6",",I","2",",I","37.0",",,I,19,","132.4",",,,I"
"IN020040500","1964-10","13.27","80.28","14.0","ATHIPETTU, IN","3",",I","3",",I","2",",I","67.6",",,I,31,","115.6",",,,I"
"IN020040500","1964-11","13.27","80.28","14.0","ATHIPETTU, IN","11",",I","11",",I","7",",I","154.0",",,I,20,","726.6",",,,I"
"IN020040500","1964-12","13.27","80.28","14.0","ATHIPETTU, IN","2",",I","2",",I","0",",I","13.0",",,I,29,","20.0",",,,I"
"IN020040500","1965-01","13.27","80.28","14.0","ATHIPETTU, IN","0",",I","0",",I","0",",I","0.0",",,I,31,+","0.0",",,,I"
"IN020040500","1965-02","13.27","80.28","14.0","ATHIPETTU, IN","0",",I","0",",I","0",",I","0.0",",,I,28,+","0.0",",,,I"
"IN020040500","1965-03","13.27","80.28","14.0","ATHIPETTU, IN","0",",I","0",",I","0",",I","0.0",",,I,31,+","0.0",",,,I"
"IN020040500","1965-04","13.27","80.28","14.0","ATHIPETTU, IN","2",",I","2",",I","0",",I","7.8",",,I,16,","11.8",",,,I"
"IN020040500","1965-05","13.27","80.28","14.0","ATHIPETTU, IN","0",",I","0",",I","0",",I","0.0",",,I,31,+","0.0",",,,I"
"IN020040500","1965-06","13.27","80.28","14.0","ATHIPETTU, IN","1",",I","1",",I","0",",I","8.6",",,I,28,","8.6",",,,I"
"IN020040500","1965-07","13.27","80.28","14.0","ATHIPETTU, IN","1",",I","1",",I","0",",I","5.4",",,I,21,","5.4",",,,I"
"IN020040500","1965-08","13.27","80.28","14.0","ATHIPETTU, IN","11",",I","10",",I","1",",I","39.8",",,I,21,","167.6",",,,I"
"IN020040500","1965-12","13.27","80.28","14.0","ATHIPETTU, IN","10",",I","9",",I","6",",I","62.0",",,I,05,","318.6",",,,I"
