"STATION","DATE","LATITUDE","LONGITUDE","ELEVATION","NAME","CDSD","CDSD_ATTRIBUTES","CLDD","CLDD_ATTRIBUTES","DP01","DP01_ATTRIBUTES","DP10","DP10_ATTRIBUTES","DP1X","DP1X_ATTRIBUTES","DT00","DT00_ATTRIBUTES","DT32","DT32_ATTRIBUTES","DX32","DX32_ATTRIBUTES","DX70","DX70_ATTRIBUTES","DX90","DX90_ATTRIBUTES","EMNT","EMNT_ATTRIBUTES","EMXP","EMXP_ATTRIBUTES","EMXT","EMXT_ATTRIBUTES","HDSD","HDSD_ATTRIBUTES","HTDD","HTDD_ATTRIBUTES","PRCP","PRCP_ATTRIBUTES","TAVG","TAVG_ATTRIBUTES","TMAX","TMAX_ATTRIBUTES","TMIN","TMIN_ATTRIBUTES"
"MXN00025004","1970-11","25.3167","-108.1667","18.9","ANGOSTURA ESDA, MX","","","","","0","4,m","0","4,m","0","4,m","","","","","","","","","","","","","0.0","4,,m,30,+","","","","","","","0.0","4,,,m","","","","","",""
"MXN00025004","1970-12","25.3167","-108.1667","18.9","ANGOSTURA ESDA, MX","","","42.2","1,m","0",",m","0",",m","0",",m","0","1,m","0","1,m","0","1,m","30","1,m","2","1,m","5.6","1,m,16,","0.0",",,m,31,+","32.8","1,m,06,+","","","4.8","1,m","0.0",",,,m","19.58","1,m","29.26","1,,,m","9.89","1,,,m"
"MXN00025004","1971-01","25.3167","-108.1667","18.9","ANGOSTURA ESDA, MX","17.2","m","17.2","1,m","0","1,m","0","1,m","0","1,m","0","1,m","1","1,m","0","1,m","26","1,m","1","1,m","0.0","1,m,08,","0.0","1,,m,31,+","32.8","1,m,17,","","","35.8","1,m","0.0","1,,,m","17.71","1,m","27.48","1,,,m","7.94","1,,,m"
"MXN00025004","1971-02","25.3167","-108.1667","18.9","ANGOSTURA ESDA, MX","19.3","m","2.1",",m","1",",m","1",",m","0",",m","0",",m","0",",m","0",",m","27",",m","0",",m","1.7",",m,06,","4.8",",,m,24,","30.6",",m,14,+","","","40.6",",m","4.8",",,,m","16.96",",m","27.58",",,,m","6.33",",,,m"
"MXN00025004","1971-03","25.3167","-108.1667","18.9","ANGOSTURA ESDA, MX","75.3","m","56.0","1,m","0",",m","0",",m","0",",m","0",",m","0",",m","0","1,m","30","1,m","17","1,m","2.8",",m,01,","0.0",",,m,31,+","35.6","1,m,25,+","","","11.5","1,m","0.0",",,,m","19.86","1,m","32.08","1,,,m","7.65",",,,m"
"MXN00025004","1971-04","25.3167","-108.1667","18.9","ANGOSTURA ESDA, MX","147.1","m","71.8",",m","0",",m","0",",m","0",",m","0",",m","0",",m","0",",m","30",",m","11",",m","7.8",",m,22,","0.0",",,m,30,+","35.0",",m,02,","","","0.0",",m","0.0",",,,m","20.73",",m","31.00",",,,m","10.45",",,,m"
"MXN00025004","1971-05","25.3167","-108.1667","18.9","ANGOSTURA ESDA, MX","317.6","m","170.5",",m","0",",m","0",",m","0",",m","0",",m","0",",m","0",",m","31",",m","29",",m","10.0",",m,27,+","0.0",",,m,31,+","35.0",",m,31,+","","","0.0",",m","0.0",",,,m","23.83",",m","33.72",",,,m","13.95",",,,m"
"MXN00025004","1971-06","25.3167","-108.1667","18.9","ANGOSTURA ESDA, MX","593.1","m","275.5",",m","0",",m","0",",m","0",",m","0",",m","0",",m","0",",m","30",",m","30",",m","12.8",",m,02,+","0.0",",,m,30,+","36.7",",m,17,+","","","0.0",",m","0.0",",,,m","27.52",",m","34.59",",,,m","20.44",",,,m"
"MXN00025004","1971-08","25.3167","-108.1667","18.9","ANGOSTURA ESDA, MX","","","293.9",",m","13",",m","9",",m","5",",m","0",",m","0",",m","0",",m","31",",m","20",",m","20.6",",m,30,+","72.9",",,m,31,","35.6",",m,30,+","","","0.0",",m","224.4",",,,m","27.81",",m","32.25",",,,m","23.37",",,,m"
"MXN00025004","1971-09","25.3167","-108.1667","18.9","ANGOSTURA ESDA, MX","","","295.9",",m","4",",m","3",",m","1",",m","0",",m","0",",m","0",",m","30",",m","26",",m","16.7",",m,23,","53.3",",,m,12,","35.6",",m,27,+","","","0.0",",m","75.9",",,,m","28.20",",m","33.78",",,,m","22.61",",,,m"
"MXN00025004","1971-10","25.3167","-108.1667","18.9","ANGOSTURA ESDA, MX","","","219.8",",m","5",",m","5",",m","0",",m","0",",m","0",",m","0",",m","31",",m","17",",m","15.0",",m,19,","19.8",",,m,13,","37.8",",m,10,","","","0.0",",m","52.8",",,,m","25.42",",m","31.67",",,,m","19.18",",,,m"
"MXN00025004","1971-11","25.3167","-108.1667","18.9","ANGOSTURA ESDA, MX","","","96.9",",m","2","1,m","2","1,m","2","1,m","0",",m","0",",m","0",",m","30",",m","10",",m","7.8",",m,23,","98.8","1,,m,15,","35.0",",m,13,+","","","1.6",",m","138.7","1,,,m","21.51",",m","29.98",",,,m","13.04",",,,m"
"MXN00025004","1971-12","25.3167","-108.1667","18.9","ANGOSTURA ESDA, MX","","","27.8",",m","3",",m","2",",m","0",",m","0",",m","0",",m","0",",m","29",",m","4",",m","3.9",",m,10,+","24.9",",,m,17,","33.9",",m,23,","","","29.1",",m","29.5",",,,m","18.29",",m","27.37",",,,m","9.21",",,,m"
"MXN00025004","1972-01","25.3167","-108.1667","18.9","ANGOSTURA ESDA, MX","13.8","m","13.8",",m","1",",m","1",",m","1",",m","0",",m","0",",m","0",",m","30",",m","1",",m","6.1",",m,22,","27.9",",,m,03,","32.8",",m,31,","","","20.5",",m","27.9",",,,m","18.12",",m","26.15",",,,m","10.08",",,,m"
"MXN00025004","1972-02","25.3167","-108.1667","18.9","ANGOSTURA ESDA, MX","92.6","m","78.8",",m","0",",m","0",",m","0",",m","0",",m","0",",m","0",",m","29",",m","26",",m","1.7",",m,09,","0.0",",,m,29,+","40.0",",m,21,+","","","2.7",",m","0.0",",,,m","20.96",",m","35.13",",,,m","6.78",",,,m"
"MXN00025004","1972-03","25.3167","-108.1667","18.9","ANGOSTURA ESDA, MX","255.1","m","162.5",",m","0",",m","0",",m","0",",m","0",",m","0",",m","0",",m","31",",m","31",",m","5.0",",m,14,+","0.0",",,m,31,+","41.7",",m,25,","","","0.0",",m","0.0",",,,m","23.58",",m","37.98",",,,m","9.17",",,,m"
"MXN00025004","1972-04","25.3167","-108.1667","18.9","ANGOSTURA ESDA, MX","524.9","m","269.8",",m","0",",m","0",",m","0",",m","0",",m","0",",m","0",",m","30",",m","30",",m","5.0",",m,02,+","0.0",",,m,30,+","45.0",",m,25,","","","0.0",",m","0.0",",,,m","27.33",",m","39.80",",,,m","14.86",",,,m"
"MXN00025004","1972-05","25.3167","-108.1667","18.9","ANGOSTURA ESDA, MX","832.1","m","307.2",",m","3",",m","3",",m","0",",m","0",",m","0",",m","0",",m","31",",m","30",",m","11.7",",m,19,+","6.4",",,m,30,","45.6",",m,24,","","","0.0",",m","15.5",",,,m","28.24",",m","40.62",",,,m","15.87",",,,m"
"MXN00025004","1972-06","25.3167","-108.1667","18.9","ANGOSTURA ESDA, MX","1130.4","m","298.3",",m","0",",m","0",",m","0",",m","0",",m","0",",m","0",",m","30",",m","30",",m","10.6",",m,18,+","0.0",",,m,30,+","43.9",",m,29,","","","0.0",",m","0.0",",,,m","28.28",",m","40.40",",,,m","16.15",",,,m"
"MXN00025004","1972-07","25.3167","-108.1667","18.9","ANGOSTURA ESDA, MX","1403.0","m","272.6",",m","6",",m","1",",m","0",",m","0",",m","0",",m","0",",m","31",",m","21",",m","18.9",",m,31,+","15.0",",,m,23,","37.8",",m,14,","0.0","m","0.0",",m","21.0",",,,m","27.13",",m","33.16",",,,m","21.10",",,,m"
"MXN00025004","1972-08","25.3167","-108.1667","18.9","ANGOSTURA ESDA, MX","1712.8","m","309.8",",m","14",",m","9",",m","1",",m","0",",m","0",",m","0",",m","31",",m","13",",m","20.0",",m,23,","43.9",",,m,02,","42.2",",m,15,","0.0","m","0.0",",m","113.5",",,,m","28.33",",m","34.23",",,,m","22.43",",,,m"
"MXN00025004","1972-09","25.3167","-108.1667","18.9","ANGOSTURA ESDA, MX","1959.4","m","246.6",",m","9",",m","6",",m","2",",m","0",",m","0",",m","0",",m","30",",m","24",",m","11.7",",m,26,","40.9",",,m,05,","43.9",",m,29,+","0.0","m","0.0",",m","112.8",",,,m","26.55",",m","36.19",",,,m","16.91",",,,m"
"MXN00025004","1972-10","25.3167","-108.1667","18.9","ANGOSTURA ESDA, MX","2279.2","m","319.8",",m","5",",m","2",",m","0",",m","0",",m","0",",m","0",",m","31",",m","23",",m","12.8",",m,26,","16.8",",,m,28,","43.9",",m,21,+","0.0","m","0.0",",m","30.1",",,,m","28.65",",m","36.18",",,,m","21.12",",,,m"
"MXN00025004","1972-11","25.3167","-108.1667","18.9","ANGOSTURA ESDA, MX","2413.3","m","134.1",",m","2",",m","2",",m","1",",m","0",",m","0",",m","0",",m","30",",m","13",",m","7.8",",m,11,","32.8",",,m,22,","38.9",",m,21,","0.0","m","0.0",",m","38.6",",,,m","22.80",",m","32.14",",,,m","13.47",",,,m"
"MXN00025004","1972-12","25.3167","-108.1667","18.9","ANGOSTURA ESDA, MX","2499.1","m","85.8",",m","0",",m","0",",m","0",",m","0",",m","0",",m","0",",m","30",",m","7",",m","5.6",",m,13,","0.0",",,m,31,+","36.7",",m,26,+","15.2","m","15.2",",m","0.0",",,,m","20.61",",m","28.62",",,,m","12.60",",,,m"
"MXN00025004","1973-01","25.3167","-108.1667","18.9","ANGOSTURA ESDA, MX","7.9","m","7.9",",m","4",",m","3",",m","0",",m","0",",m","0",",m","0",",m","25",",m","1",",m","1.7",",m,24,+","15.7",",,m,22,","33.9",",m,27,","97.3","m","82.1",",m","30.2",",,,m","15.94",",m","24.40",",,,m","7.48",",,,m"
"MXN00025004","1973-02","25.3167","-108.1667","18.9","ANGOSTURA ESDA, MX","61.9","m","54.0",",m","3",",m","3",",m","0",",m","0",",m","0",",m","0",",m","28",",m","9",",m","3.9",",m,15,","20.8",",,m,20,","35.0",",m,25,+","108.0","m","10.7",",m","45.7",",,,m","19.88",",m","29.68",",,,m","10.08",",,,m"
"MXN00025004","1973-03","25.3167","-108.1667","18.9","ANGOSTURA ESDA, MX","112.8","m","50.9",",m","1",",m","1",",m","0",",m","0",",m","0",",m","0",",m","31",",m","12",",m","5.0",",m,30,","2.8",",,m,12,","37.8",",m,18,","122.5","m","14.5",",m","2.8",",,,m","19.51",",m","30.63",",,,m","8.38",",,,m"
"MXN00025004","1973-04","25.3167","-108.1667","18.9","ANGOSTURA ESDA, MX","230.7","m","117.9",",m","0",",m","0",",m","0",",m","0",",m","0",",m","0",",m","30",",m","23",",m","5.0",",m,03,","0.0",",,m,30,+","38.9",",m,12,+","122.5","m","0.0",",m","0.0",",,,m","22.26",",m","34.45",",,,m","10.07",",,,m"
"MXN00025004","1973-05","25.3167","-108.1667","18.9","ANGOSTURA ESDA, MX","488.8","m","258.1",",m","0",",m","0",",m","0",",m","0",",m","0",",m","0",",m","31",",m","27",",m","7.8",",m,08,+","0.0",",,m,31,+","43.9",",m,12,","122.5","m","0.0",",m","0.0",",,,m","26.66",",m","37.78",",,,m","15.54",",,,m"
"MXN00025004","1973-06","25.3167","-108.1667","18.9","ANGOSTURA ESDA, MX","834.6","m","345.8",",m","0",",m","0",",m","0",",m","0",",m","0",",m","0",",m","30",",m","30",",m","15.0",",m,04,+","0.0",",,m,30,+","42.8",",m,08,+","122.5","m","0.0",",m","0.0",",,,m","29.86",",m","39.42",",,,m","20.30",",,,m"
"MXN00025004","1973-07","25.3167","-108.1667","18.9","ANGOSTURA ESDA, MX","1273.3","m","438.7",",m","7",",m","4",",m","1",",m","0",",m","0",",m","0",",m","31",",m","31",",m","20.6",",m,10,+","95.8",",,m,31,","43.9",",m,21,+","0.0","m","0.0",",m","136.8",",,,m","32.49",",m","41.01",",,,m","23.96",",,,m"
"MXN00025004","1973-08","25.3167","-108.1667","18.9","ANGOSTURA ESDA, MX","1697.3","m","424.0",",m","10",",m","7",",m","1",",m","0",",m","0",",m","0",",m","31",",m","31",",m","21.7",",m,13,","50.8",",,m,12,","45.0",",m,23,+","0.0","m","0.0",",m","103.1",",,,m","32.01",",m","39.59",",,,m","24.43",",,,m"
"MXN00025004","1973-09","25.3167","-108.1667","18.9","ANGOSTURA ESDA, MX","2084.6","m","387.3",",m","9",",m","7",",m","2",",m","0",",m","0",",m","0",",m","30",",m","30",",m","20.6",",m,23,+","43.9",",,m,22,+","41.7",",m,21,","0.0","m","0.0",",m","131.9",",,,m","31.24",",m","38.30",",,,m","24.19",",,,m"
"MXN00025004","1973-10","25.3167","-108.1667","18.9","ANGOSTURA ESDA, MX","2371.0","m","286.4",",m","1",",m","0",",m","0",",m","0",",m","0",",m","0",",m","31",",m","27",",m","11.7",",m,28,","1.8",",,m,29,","40.0",",m,26,+","0.0","m","0.0",",m","1.8",",,,m","27.57",",m","36.97",",,,m","18.17",",,,m"
"MXN00025004","1973-11","25.3167","-108.1667","18.9","ANGOSTURA ESDA, MX","2527.2","m","156.2",",m","0",",m","0",",m","0",",m","0",",m","0",",m","0",",m","30",",m","29",",m","5.6",",m,20,","0.0",",,m,30,+","40.0",",m,12,","0.0","m","0.0",",m","0.0",",,,m","23.54",",m","35.82",",,,m","11.26",",,,m"
"MXN00025004","1973-12","25.3167","-108.1667","18.9","ANGOSTURA ESDA, MX","2617.4","m","90.2",",m","0",",m","0",",m","0",",m","0",",m","0",",m","0",",m","31",",m","25",",m","2.8",",m,04,","0.0",",,m,31,+","36.7",",m,20,","3.9","m","3.9",",m","0.0",",,,m","21.12",",m","33.44",",,,m","8.80",",,,m"
"MXN00025004","1974-01","25.3167","-108.1667","18.9","ANGOSTURA ESDA, MX","69.9","m","69.9",",m","0",",m","0",",m","0",",m","0",",m","0",",m","0",",m","31",",m","8",",m","3.9",",m,31,+","0.0",",,m,31,+","33.9",",m,16,+","14.9","m","11.0",",m","0.0",",,,m","20.23",",m","31.11",",,,m","9.35",",,,m"
"MXN00025004","1974-02","25.3167","-108.1667","18.9","ANGOSTURA ESDA, MX","91.2","m","21.3",",m","0",",m","0",",m","0",",m","0",",m","0",",m","0",",m","28",",m","8",",m","2.8",",m,08,","0.0",",,m,28,+","37.8",",m,28,","26.7","m","11.8",",m","0.0",",,,m","18.67",",m","31.18",",,,m","6.17",",,,m"
"MXN00025004","1974-03","25.3167","-108.1667","18.9","ANGOSTURA ESDA, MX","183.9","m","92.7",",m","0",",m","0",",m","0",",m","0",",m","0",",m","0",",m","31",",m","14",",m","5.6",",m,11,","0.0",",,m,31,+","36.7",",m,29,+","26.7","m","0.0",",m","0.0",",,,m","21.32",",m","32.41",",,,m","10.24",",,,m"
"MXN00025004","1974-04","25.3167","-108.1667","18.9","ANGOSTURA ESDA, MX","345.3","m","161.4",",m","0",",m","0",",m","0",",m","0",",m","0",",m","0",",m","30",",m","28",",m","7.8",",m,17,+","0.0",",,m,30,+","40.0",",m,08,","26.7","m","0.0",",m","0.0",",,,m","23.71",",m","35.85",",,,m","11.58",",,,m"
"MXN00025004","1974-05","25.3167","-108.1667","18.9","ANGOSTURA ESDA, MX","563.4","m","218.1",",m","1",",m","0",",m","0",",m","0",",m","0",",m","0",",m","31",",m","30",",m","8.9",",m,02,","0.8",",,m,29,","37.8",",m,27,+","26.7","m","0.0",",m","0.8",",,,m","25.37",",m","35.43",",,,m","15.31",",,,m"
"MXN00025004","1974-06","25.3167","-108.1667","18.9","ANGOSTURA ESDA, MX","963.6","m","400.2",",m","1",",m","1",",m","0",",m","0",",m","0",",m","0",",m","30",",m","30",",m","15.0",",m,09,","2.8",",,m,27,","42.8",",m,10,","26.7","m","0.0",",m","2.8",",,,m","31.67",",m","40.67",",,,m","22.67",",,,m"
"MXN00025004","1974-07","25.3167","-108.1667","18.9","ANGOSTURA ESDA, MX","1339.2","m","375.6",",m","12",",m","5",",m","0",",m","0",",m","0",",m","0",",m","31",",m","30",",m","20.0",",m,29,","24.9",",,m,28,","40.0",",m,21,+","0.0","m","0.0",",m","92.4",",,,m","30.45",",m","37.39",",,,m","23.51",",,,m"
"MXN00025004","1974-08","25.3167","-108.1667","18.9","ANGOSTURA ESDA, MX","1725.5","m","386.3",",m","6",",m","3",",m","0",",m","0",",m","0",",m","0",",m","31",",m","31",",m","21.7",",m,19,+","21.8",",,m,29,","40.6",",m,16,","0.0","m","0.0",",m","49.1",",,,m","30.80",",m","37.45",",,,m","24.15",",,,m"
"MXN00025004","1974-10","25.3167","-108.1667","18.9","ANGOSTURA ESDA, MX","","","320.5",",m","1",",m","1",",m","0",",m","0",",m","0",",m","0",",m","31",",m","31",",m","15.0",",m,26,+","18.8",",,m,10,","40.6",",m,07,","","","0.0",",m","18.8",",,,m","28.67",",m","37.31",",,,m","20.03",",,,m"
"MXN00025004","1974-11","25.3167","-108.1667","18.9","ANGOSTURA ESDA, MX","","","179.8",",m","0",",m","0",",m","0",",m","0",",m","0",",m","0",",m","30",",m","23",",m","5.6",",m,29,","0.0",",,m,30,+","37.8",",m,12,","","","0.0",",m","0.0",",,,m","24.33",",m","33.85",",,,m","14.80",",,,m"
"MXN00025004","1974-12","25.3167","-108.1667","18.9","ANGOSTURA ESDA, MX","","","55.3",",m","2",",m","2",",m","0",",m","0",",m","0",",m","0",",m","29",",m","13",",m","3.9",",m,16,","11.9",",,m,27,+","35.0",",m,02,","","","11.2",",m","23.8",",,,m","19.75",",m","30.76",",,,m","8.75",",,,m"
