"STATION","DATE","LATITUDE","LONGITUDE","ELEVATION","NAME","CDSD","CDSD_ATTRIBUTES","CLDD","CLDD_ATTRIBUTES","DP01","DP01_ATTRIBUTES","DP10","DP10_ATTRIBUTES","DP1X","DP1X_ATTRIBUTES","DT00","DT00_ATTRIBUTES","DT32","DT32_ATTRIBUTES","DX32","DX32_ATTRIBUTES","DX70","DX70_ATTRIBUTES","DX90","DX90_ATTRIBUTES","EMNT","EMNT_ATTRIBUTES","EMXP","EMXP_ATTRIBUTES","EMXT","EMXT_ATTRIBUTES","HDSD","HDSD_ATTRIBUTES","HTDD","HTDD_ATTRIBUTES","PRCP","PRCP_ATTRIBUTES","TAVG","TAVG_ATTRIBUTES","TMAX","TMAX_ATTRIBUTES","TMIN","TMIN_ATTRIBUTES"
"MXN00032151","2005-01","23.4833","-102.1333","1939.7","SIERRA VIEJA, MX","0.0","","0.0",",m","0",",m","0",",m","0",",m","0",",m","14",",m","0",",m","28",",m","0",",m","-5.0",",m,14,","0.0",",,m,31,+","27.8",",m,26,+","","","189.4",",m","0.0",",,,m","12.22",",m","24.58",",,,m","-0.13",",,,m"
"MXN00032151","2005-02","23.4833","-102.1333","1939.7","SIERRA VIEJA, MX","0.0","","0.0",",m","8",",m","4",",m","0",",m","0",",m","1",",m","0",",m","19",",m","0",",m","-1.1",",m,28,","13.2",",,m,25,","27.8",",m,11,","","","151.5",",m","28.8",",,,m","12.92",",m","22.45",",,,m","3.40",",,,m"
"MXN00032151","2005-03","23.4833","-102.1333","1939.7","SIERRA VIEJA, MX","0.0","","0.0",",m","1",",m","1",",m","0",",m","0",",m","1",",m","0",",m","22",",m","0",",m","-3.3",",m,17,","8.1",",,m,05,","30.6",",m,31,","","","172.8",",m","8.1",",,,m","12.76",",m","24.10",",,,m","1.42",",,,m"
"MXN00032151","2005-04","23.4833","-102.1333","1939.7","SIERRA VIEJA, MX","4.6","","4.6",",m","0",",m","0",",m","0",",m","0",",m","0",",m","0",",m","30",",m","1",",m","0.6",",m,12,+","0.0",",,m,30,+","32.8",",m,24,","","","61.1",",m","0.0",",,,m","16.45",",m","29.50",",,,m","3.40",",,,m"
"MXN00032151","2005-05","23.4833","-102.1333","1939.7","SIERRA VIEJA, MX","9.5","","4.9",",m","1",",m","1",",m","0",",m","0",",m","0",",m","0",",m","30",",m","4",",m","1.7",",m,22,+","9.4",",,m,29,","33.9",",m,28,+","","","41.4",",m","9.4",",,,m","17.15",",m","30.07",",,,m","4.24",",,,m"
"MXN00032151","2005-06","23.4833","-102.1333","1939.7","SIERRA VIEJA, MX","28.1","","18.6",",m","1",",m","1",",m","0",",m","0",",m","0",",m","0",",m","30",",m","16",",m","0.6",",m,06,","4.8",",,m,30,","35.6",",m,20,+","","","16.6",",m","4.8",",,,m","18.40",",m","32.82",",,,m","3.99",",,,m"
"MXN00032151","2005-07","23.4833","-102.1333","1939.7","SIERRA VIEJA, MX","112.2","","84.1",",m","7",",m","6",",m","0",",m","0",",m","0",",m","0",",m","31",",m","2",",m","3.9",",m,02,","19.8",",,m,25,+","32.8",",m,25,+","1.1","","1.1",",m","77.5",",,,m","21.01",",m","30.23",",,,m","11.79",",,,m"
"MXN00032151","2005-08","23.4833","-102.1333","1939.7","SIERRA VIEJA, MX","141.8","","29.6",",m","6",",m","3",",m","0",",m","0",",m","0",",m","0",",m","27",",m","1",",m","6.7",",m,11,+","23.4",",,m,31,","32.8",",m,22,","22.1","","21.0",",m","39.0",",,,m","18.61",",m","27.88",",,,m","9.34",",,,m"
"MXN00032151","2005-09","23.4833","-102.1333","1939.7","SIERRA VIEJA, MX","178.0","","36.2",",m","4",",m","3",",m","0",",m","0",",m","0",",m","0",",m","30",",m","0",",m","5.0",",m,30,+","18.3",",,m,05,","31.7",",m,26,+","26.7","","4.6",",m","42.7",",,,m","19.39",",m","29.91",",,,m","8.87",",,,m"
"MXN00032151","2005-10","23.4833","-102.1333","1939.7","SIERRA VIEJA, MX","184.4","","6.4",",m","1",",m","1",",m","0",",m","0",",m","0",",m","0",",m","31",",m","11",",m","2.8",",m,29,+","4.3",",,m,09,","33.9",",m,23,+","40.2","","13.5",",m","4.3",",,,m","18.10",",m","31.66",",,,m","4.55",",,,m"
"MXN00032151","2005-11","23.4833","-102.1333","1939.7","SIERRA VIEJA, MX","185.0","","0.6",",m","1",",m","1",",m","0",",m","0",",m","16",",m","0",",m","30",",m","9",",m","-7.2",",m,27,","5.8",",,m,10,","32.8",",m,26,+","125.7","","85.5",",m","5.8",",,,m","15.50",",m","31.32",",,,m","-0.32",",,,m"
"MXN00032151","2009-01","23.4833","-102.1333","1939.7","SIERRA VIEJA, MX","0.0","m","0.0",",m","1",",m","0",",m","0",",m","0",",m","30",",m","0",",m","28",",m","0",",m","-9.4",",m,14,+","2.3",",,m,24,","30.0",",m,11,+","","","244.3",",m","2.3",",,,m","10.45",",m","24.16",",,,m","-3.26",",,,m"
"MXN00032151","2009-02","23.4833","-102.1333","1939.7","SIERRA VIEJA, MX","0.0","m","0.0",",m","0",",m","0",",m","0",",m","0",",m","24",",m","0",",m","26",",m","0",",m","-8.3",",m,05,","0.0",",,m,28,+","30.6",",m,26,","","","191.4",",m","0.0",",,,m","11.50",",m","25.93",",,,m","-2.94",",,,m"
"MXN00032151","2009-03","23.4833","-102.1333","1939.7","SIERRA VIEJA, MX","1.4","m","1.4",",m","0",",m","0",",m","0",",m","0",",m","12",",m","0",",m","31",",m","4",",m","-6.1",",m,02,","0.0",",,m,31,+","32.8",",m,17,+","","","89.5",",m","0.0",",,,m","15.49",",m","29.80",",,,m","1.18",",,,m"
"MXN00032151","2009-04","23.4833","-102.1333","1939.7","SIERRA VIEJA, MX","4.0","m","2.6",",m","1",",m","1",",m","0",",m","0",",m","6",",m","0",",m","30",",m","2",",m","-2.2",",m,14,","4.3",",,m,20,","33.9",",m,25,","","","64.1",",m","4.3",",,,m","16.28",",m","29.92",",,,m","2.64",",,,m"
"MXN00032151","2009-05","23.4833","-102.1333","1939.7","SIERRA VIEJA, MX","63.2","m","59.2",",m","5",",m","3",",m","0",",m","0",",m","0",",m","0",",m","31",",m","13",",m","3.9",",m,27,+","9.4",",,m,13,","36.7",",m,04,","","","1.6",",m","25.5",",,,m","20.19",",m","31.73",",,,m","8.66",",,,m"
"MXN00032151","2009-06","23.4833","-102.1333","1939.7","SIERRA VIEJA, MX","148.0","m","84.8",",m","11",",m","8",",m","1",",m","0",",m","0",",m","0",",m","30",",m","8",",m","5.6",",m,02,","27.4",",,m,18,","35.0",",m,14,","","","0.2",",m","102.4",",,,m","21.15",",m","30.76",",,,m","11.54",",,,m"
"MXN00032151","2009-07","23.4833","-102.1333","1939.7","SIERRA VIEJA, MX","223.4","m","75.4",",m","7",",m","1",",m","0",",m","0",",m","0",",m","0",",m","31",",m","1",",m","3.9",",m,06,","5.6",",,m,21,","32.8",",m,24,","2.2","","2.2",",m","13.8",",,,m","20.69",",m","30.29",",,,m","11.10",",,,m"
"MXN00032151","2009-08","23.4833","-102.1333","1939.7","SIERRA VIEJA, MX","282.4","m","59.0",",m","8",",m","3",",m","0",",m","0",",m","0",",m","0",",m","31",",m","1",",m","5.6",",m,12,","18.3",",,m,23,","33.9",",m,04,","2.7","","0.5",",m","31.5",",,,m","20.22",",m","29.05",",,,m","11.38",",,,m"
"MXN00032151","2009-09","23.4833","-102.1333","1939.7","SIERRA VIEJA, MX","297.7","m","15.3",",m","10",",m","7",",m","2",",m","0",",m","0",",m","0",",m","30",",m","0",",m","8.9",",m,29,+","47.0",",,m,21,","28.9",",m,01,","37.0","","34.3",",m","139.6",",,,m","17.70",",m","24.56",",,,m","10.83",",,,m"
"MXN00032151","2009-10","23.4833","-102.1333","1939.7","SIERRA VIEJA, MX","301.1","m","3.4",",m","4",",m","2",",m","0",",m","0",",m","2",",m","0",",m","31",",m","0",",m","0.0",",m,31,+","6.9",",,m,17,","31.7",",m,19,","119.1","","82.1",",m","13.0",",,,m","15.79",",m","26.47",",,,m","5.11",",,,m"
"MXN00032151","2009-11","23.4833","-102.1333","1939.7","SIERRA VIEJA, MX","301.1","m","0.0",",m","3",",m","2",",m","0",",m","0",",m","26",",m","0",",m","28",",m","0",",m","-6.1",",m,24,+","6.9",",,m,25,","30.6",",m,14,","319.3","","200.2",",m","12.7",",,,m","11.66",",m","24.95",",,,m","-1.63",",,,m"
"MXN00032151","2009-12","23.4833","-102.1333","1939.7","SIERRA VIEJA, MX","301.1","m","0.0",",m","6",",m","3",",m","0",",m","0",",m","19",",m","0",",m","21",",m","0",",m","-7.2",",m,06,","9.4",",,m,06,","26.7",",m,18,+","542.0","","222.7",",m","21.7",",,,m","11.15",",m","22.46",",,,m","-0.16",",,,m"
"MXN00032151","2010-01","23.4833","-102.1333","1939.7","SIERRA VIEJA, MX","0.0","m","0.0",",m","3",",m","2",",m","0",",m","0",",m","30",",m","0",",m","19",",m","0",",m","-9.4",",m,26,+","3.8",",,m,12,","26.7",",m,29,+","829.7","m","287.7",",m","7.7",",,,m","9.05",",m","22.05",",,,m","-3.94",",,,m"
"MXN00032151","2010-02","23.4833","-102.1333","1939.7","SIERRA VIEJA, MX","0.0","m","0.0",",m","7",",m","5",",m","2",",m","0",",m","23",",m","0",",m","11",",m","0",",m","-12.2",",m,26,+","28.2",",,m,01,","25.0",",m,28,+","1105.6","m","275.9",",m","80.8",",,,m","8.48",",m","20.79",",,,m","-3.83",",,,m"
"MXN00032151","2010-03","23.4833","-102.1333","1939.7","SIERRA VIEJA, MX","0.0","m","0.0",",m","0",",m","0",",m","0",",m","0",",m","31",",m","0",",m","30",",m","0",",m","-10.0",",m,16,","0.0",",,m,31,+","30.0",",m,31,","1308.1","m","202.5",",m","0.0",",,,m","11.80",",m","26.03",",,,m","-2.43",",,,m"
"MXN00032151","2010-04","23.4833","-102.1333","1939.7","SIERRA VIEJA, MX","18.9","m","18.9",",m","0",",m","0",",m","0",",m","0",",m","3",",m","0",",m","30",",m","4",",m","-1.1",",m,03,+","0.0",",,m,30,+","32.8",",m,29,+","1344.7","m","36.6",",m","0.0",",,,m","17.74",",m","29.70",",,,m","5.78",",,,m"
"MXN00032151","2010-05","23.4833","-102.1333","1939.7","SIERRA VIEJA, MX","48.0","m","29.1",",m","2",",m","2",",m","1",",m","0",",m","1",",m","0",",m","31",",m","4",",m","0.0",",m,10,","28.4",",,m,08,","33.9",",m,19,+","1354.7","m","10.0",",m","36.3",",,,m","18.95",",m","30.98",",,,m","6.92",",,,m"
"MXN00032151","2010-06","23.4833","-102.1333","1939.7","SIERRA VIEJA, MX","150.6","m","102.6",",m","5",",m","5",",m","1",",m","0",",m","0",",m","0",",m","30",",m","16",",m","6.7",",m,21,+","33.3",",,m,28,","35.0",",m,27,+","1354.7","m","0.0",",m","77.5",",,,m","21.75",",m","33.04",",,,m","10.47",",,,m"
"MXN00032151","2010-07","23.4833","-102.1333","1939.7","SIERRA VIEJA, MX","222.4","m","71.8",",m","14",",m","10",",m","2",",m","0",",m","0",",m","0",",m","31",",m","1",",m","7.8",",m,31,","58.7",",,m,04,","35.6",",m,05,","0.0","m","0.0",",m","130.1",",,,m","20.65",",m","28.95",",,,m","12.35",",,,m"
"MXN00032151","2010-08","23.4833","-102.1333","1939.7","SIERRA VIEJA, MX","288.3","m","65.9",",m","3",",m","1",",m","0",",m","0",",m","0",",m","0",",m","31",",m","1",",m","7.8",",m,07,+","7.4",",,m,10,","35.0",",m,09,","0.0","m","0.0",",m","9.0",",,,m","20.46",",m","30.32",",,,m","10.59",",,,m"
"MXN00032151","2010-09","23.4833","-102.1333","1939.7","SIERRA VIEJA, MX","344.7","m","56.4",",m","9",",m","6",",m","3",",m","0",",m","0",",m","0",",m","30",",m","0",",m","3.9",",m,30,+","47.8",",,m,21,","31.7",",m,05,+","7.1","m","7.1",",m","149.6",",,,m","19.98",",m","29.13",",,,m","10.82",",,,m"
"MXN00032151","2010-10","23.4833","-102.1333","1939.7","SIERRA VIEJA, MX","344.7","m","0.0","3,m","0","2,m","0","2,m","0","2,m","0","3,m","5","3,m","0","3,m","28","3,m","0","3,m","-4.4","3,m,27,+","0.0","2,,m,31,+","30.6","3,m,27,+","113.3","m","106.2","3,m","0.0","2,,,m","14.54","3,m","27.58","3,,,m","1.50","3,,,m"
"MXN00032151","2010-11","23.4833","-102.1333","1939.7","SIERRA VIEJA, MX","344.7","m","0.0",",m","0",",m","0",",m","0",",m","0",",m","30",",m","0",",m","28",",m","0",",m","-7.2",",m,30,+","0.0",",,m,30,+","27.8",",m,20,+","341.8","m","228.5",",m","0.0",",,,m","10.72",",m","25.09",",,,m","-3.66",",,,m"
"MXN00032151","2010-12","23.4833","-102.1333","1939.7","SIERRA VIEJA, MX","344.7","m","0.0",",m","0",",m","0",",m","0",",m","0",",m","31",",m","0",",m","28",",m","0",",m","-13.3",",m,10,","0.0",",,m,31,+","28.9",",m,29,+","660.9","m","319.1",",m","0.0",",,,m","8.04",",m","23.87",",,,m","-7.79",",,,m"
"MXN00032151","2011-01","23.4833","-102.1333","1939.7","SIERRA VIEJA, MX","0.0","m","0.0","1,m","0",",m","0",",m","0",",m","0",",m","30",",m","0","1,m","29","1,m","0","1,m","-12.2",",m,23,+","0.0",",,m,31,+","28.9","1,m,19,","928.3","m","267.4","1,m","0.0",",,,m","9.35","1,m","24.28","1,,,m","-5.59",",,,m"
"MXN00032151","2011-02","23.4833","-102.1333","1939.7","SIERRA VIEJA, MX","0.0","m","0.0",",m","0",",m","0",",m","0",",m","0",",m","28",",m","0",",m","28",",m","0",",m","-11.1",",m,07,","0.0",",,m,28,+","31.7",",m,10,","1130.8","m","202.5",",m","0.0",",,,m","11.10",",m","27.59",",,,m","-5.39",",,,m"
"MXN00032151","2011-03","23.4833","-102.1333","1939.7","SIERRA VIEJA, MX","0.6","m","0.6",",m","0",",m","0",",m","0",",m","0",",m","17",",m","0",",m","31",",m","2",",m","-9.4",",m,01,","0.0",",,m,31,+","33.9",",m,08,","1229.3","m","98.5",",m","0.0",",,,m","15.17",",m","29.84",",,,m","0.51",",,,m"
"MXN00032151","2011-04","23.4833","-102.1333","1939.7","SIERRA VIEJA, MX","3.2","m","2.6",",m","2",",m","0",",m","0",",m","0",",m","6",",m","0",",m","30",",m","5",",m","-1.1",",m,02,","0.5",",,m,13,+","33.9",",m,16,+","1282.6","m","53.3",",m","1.0",",,,m","16.64",",m","30.56",",,,m","2.73",",,,m"
"MXN00032151","2011-05","23.4833","-102.1333","1939.7","SIERRA VIEJA, MX","","","","","0","4,m","0","4,m","0","4,m","","","","","","","","","","","","","0.0","4,,m,31,+","","","","","","","0.0","4,,,m","","","","","",""
"MXN00032151","2011-07","23.4833","-102.1333","1939.7","SIERRA VIEJA, MX","","","66.5",",m","10",",m","6",",m","1",",m","0",",m","0",",m","0",",m","31",",m","8",",m","3.9",",m,04,","26.9",",,m,20,","35.6",",m,13,","3.0","m","3.0",",m","76.5",",,,m","20.38",",m","31.16",",,,m","9.60",",,,m"
"MXN00032151","2011-08","23.4833","-102.1333","1939.7","SIERRA VIEJA, MX","","","80.4",",m","4",",m","2",",m","0",",m","0",",m","0",",m","0",",m","31",",m","7",",m","7.8",",m,15,","2.8",",,m,26,+","35.0",",m,24,+","3.0","m","0.0",",m","9.2",",,,m","20.93",",m","31.75",",,,m","10.11",",,,m"
"MXN00032151","2011-09","23.4833","-102.1333","1939.7","SIERRA VIEJA, MX","","","58.3",",m","4",",m","4",",m","1",",m","0",",m","0",",m","0",",m","30",",m","0",",m","3.9",",m,30,+","30.5",",,m,03,","31.7",",m,05,+","10.1","m","7.1",",m","59.0",",,,m","20.04",",m","29.10",",,,m","10.98",",,,m"
"MXN00032151","2011-10","23.4833","-102.1333","1939.7","SIERRA VIEJA, MX","","","6.5",",m","3",",m","2",",m","0",",m","0",",m","12",",m","0",",m","31",",m","1",",m","-3.3",",m,26,","7.1",",,m,08,","32.8",",m,05,","94.3","m","84.2",",m","11.4",",,,m","15.83",",m","28.25",",,,m","3.40",",,,m"
"MXN00032151","2011-11","23.4833","-102.1333","1939.7","SIERRA VIEJA, MX","","","0.0","3,m","0",",m","0",",m","0",",m","0","3,m","17","3,m","0","1,m","26","1,m","0","1,m","-4.4","3,m,20,+","0.0",",,m,30,+","30.0","1,m,25,","229.6","m","135.3","1,m","0.0",",,,m","13.08","3,m","26.27","1,,,m","-0.10","3,,,m"
"MXN00032151","2012-01","23.4833","-102.1333","1939.7","SIERRA VIEJA, MX","0.0","m","0.0","1,m","2","1,m","0","1,m","0","1,m","0","1,m","23","1,m","0","1,m","20","1,m","0","1,m","-7.2","1,m,05,+","2.0","1,,m,26,+","27.8","1,m,17,","","","234.9","1,m","4.0","1,,,m","10.50","1,m","22.88","1,,,m","-1.87","1,,,m"
"MXN00032151","2012-02","23.4833","-102.1333","1939.7","SIERRA VIEJA, MX","0.0","m","0.0",",m","0",",m","0",",m","0",",m","0",",m","27",",m","0",",m","29",",m","0",",m","-9.4",",m,07,","0.0",",,m,29,+","30.6",",m,24,","","","192.1",",m","0.0",",,,m","11.71",",m","26.54",",,,m","-3.12",",,,m"
"MXN00032151","2012-03","23.4833","-102.1333","1939.7","SIERRA VIEJA, MX","2.5","m","2.5",",m","0",",m","0",",m","0",",m","0",",m","12",",m","0",",m","29",",m","1",",m","-6.1",",m,09,+","0.0",",,m,31,+","32.8",",m,31,","","","137.6",",m","0.0",",,,m","13.97",",m","26.90",",,,m","1.05",",,,m"
"MXN00032151","2012-04","23.4833","-102.1333","1939.7","SIERRA VIEJA, MX","9.0","m","6.5",",m","1",",m","1",",m","0",",m","0",",m","0",",m","0",",m","30",",m","7",",m","0.6",",m,14,+","4.1",",,m,02,","35.0",",m,23,","","","39.7",",m","4.1",",,,m","17.23",",m","30.78",",,,m","3.67",",,,m"
"MXN00032151","2012-05","23.4833","-102.1333","1939.7","SIERRA VIEJA, MX","41.0","m","32.0","2,m","1","1,m","0","1,m","0","1,m","0","2,m","0","2,m","0","2,m","29","2,m","5","2,m","2.8","2,m,03,","1.3","1,,m,24,","33.9","2,m,23,+","","","9.8","2,m","1.3","1,,,m","19.10","2,m","30.78","2,,,m","7.42","2,,,m"
"MXN00032151","2012-06","23.4833","-102.1333","1939.7","SIERRA VIEJA, MX","108.7","m","67.7",",m","3",",m","3",",m","0",",m","0",",m","0",",m","0",",m","30",",m","18",",m","5.0",",m,04,","8.4",",,m,22,","35.0",",m,21,+","","","0.2",",m","19.1",",,,m","20.58",",m","32.79",",,,m","8.37",",,,m"
"MXN00032151","2012-07","23.4833","-102.1333","1939.7","SIERRA VIEJA, MX","176.2","m","67.5",",m","4",",m","2",",m","0",",m","0",",m","0",",m","0",",m","31",",m","0",",m","6.7",",m,13,+","13.2",",,m,18,","30.6",",m,28,+","0.5","m","0.5",",m","18.8",",,,m","20.49",",m","28.87",",,,m","12.12",",,,m"
"MXN00032151","2012-08","23.4833","-102.1333","1939.7","SIERRA VIEJA, MX","265.6","m","89.4",",m","9",",m","4",",m","0",",m","0",",m","0",",m","0",",m","31",",m","0",",m","8.9",",m,13,+","18.8",",,m,14,","31.7",",m,05,+","1.0","m","0.5",",m","48.5",",,,m","21.20",",m","29.48",",,,m","12.92",",,,m"
"MXN00032151","2012-09","23.4833","-102.1333","1939.7","SIERRA VIEJA, MX","293.1","m","27.5","1,m","6",",m","6",",m","0",",m","0",",m","0",",m","0","1,m","27","1,m","0","1,m","5.0",",m,22,+","24.1",",,m,15,","30.6","1,m,06,+","27.1","m","26.1","1,m","62.2",",,,m","18.30","1,m","26.74","1,,,m","9.85",",,,m"
"MXN00032151","2012-10","23.4833","-102.1333","1939.7","SIERRA VIEJA, MX","309.8","m","16.7",",m","1",",m","0",",m","0",",m","0",",m","0",",m","0",",m","31",",m","0",",m","2.8",",m,07,","0.5",",,m,17,","30.6",",m,22,+","44.8","m","17.7",",m","0.5",",,,m","18.30",",m","28.80",",,,m","7.81",",,,m"
"MXN00032151","2012-11","23.4833","-102.1333","1939.7","SIERRA VIEJA, MX","309.8","m","0.0",",m","0",",m","0",",m","0",",m","0",",m","0",",m","0",",m","28",",m","0",",m","0.6",",m,24,+","0.0",",,m,30,+","26.7",",m,21,+","186.3","m","141.5",",m","0.0",",,,m","13.62",",m","24.63",",,,m","2.60",",,,m"
"MXN00032151","2012-12","23.4833","-102.1333","1939.7","SIERRA VIEJA, MX","309.8","m","0.0","2,m","1","1,m","1","1,m","0","1,m","0","2,m","24","2,m","0","2,m","27","2,m","0","2,m","-8.3","2,m,21,","4.8","1,,m,30,","26.7","2,m,23,+","393.3","m","207.0","2,m","4.8","1,,,m","11.20","2,m","23.97","2,,,m","-1.57","2,,,m"
