"STATION","DATE","LATITUDE","LONGITUDE","ELEVATION","NAME","CDSD","CDSD_ATTRIBUTES","CLDD","CLDD_ATTRIBUTES","DP01","DP01_ATTRIBUTES","DP10","DP10_ATTRIBUTES","DP1X","DP1X_ATTRIBUTES","DT00","DT00_ATTRIBUTES","DT32","DT32_ATTRIBUTES","DX32","DX32_ATTRIBUTES","DX70","DX70_ATTRIBUTES","DX90","DX90_ATTRIBUTES","EMNT","EMNT_ATTRIBUTES","EMXP","EMXP_ATTRIBUTES","EMXT","EMXT_ATTRIBUTES","HDSD","HDSD_ATTRIBUTES","HTDD","HTDD_ATTRIBUTES","PRCP","PRCP_ATTRIBUTES","TAVG","TAVG_ATTRIBUTES","TMAX","TMAX_ATTRIBUTES","TMIN","TMIN_ATTRIBUTES"
"MXN00030486","2009-01","18.9167","-97.2167","2039.7","LOMA GRANDE, MX","0.0","m","0.0",",m","4",",m","4",",m","0",",m","0",",m","0",",m","0",",m","21",",m","0",",m","0.6",",m,22,+","5.8",",,m,15,","31.7",",m,26,","","","138.0",",m","20.2",",,,m","13.88",",m","23.41",",,,m","4.35",",,,m"
"MXN00030486","2009-02","18.9167","-97.2167","2039.7","LOMA GRANDE, MX","1.5","m","1.5",",m","3",",m","3",",m","0",",m","0",",m","1",",m","0",",m","19",",m","0",",m","0.0",",m,24,","9.9",",,m,21,","31.7",",m,18,+","","","119.9",",m","19.5",",,,m","14.11",",m","24.09",",,,m","4.13",",,,m"
"MXN00030486","2009-03","18.9167","-97.2167","2039.7","LOMA GRANDE, MX","4.7","m","3.2",",m","0",",m","0",",m","0",",m","0",",m","0",",m","0",",m","24",",m","1",",m","0.6",",m,02,","0.0",",,m,31,+","35.0",",m,06,","","","123.2",",m","0.0",",,,m","14.46",",m","24.36",",,,m","4.56",",,,m"
"MXN00030486","2009-04","18.9167","-97.2167","2039.7","LOMA GRANDE, MX","23.8","m","19.1",",m","0",",m","0",",m","0",",m","0",",m","0",",m","0",",m","26",",m","5",",m","1.7",",m,22,","0.0",",,m,30,+","35.0",",m,10,+","","","73.0",",m","0.0",",,,m","16.53",",m","26.47",",,,m","6.60",",,,m"
"MXN00030486","2009-05","18.9167","-97.2167","2039.7","LOMA GRANDE, MX","24.7","m","0.9",",m","11",",m","11",",m","1",",m","0",",m","0",",m","0",",m","24",",m","0",",m","5.0",",m,19,","30.0",",,m,22,","31.7",",m,06,","","","94.5",",m","125.5",",,,m","15.31",",m","23.59",",,,m","7.04",",,,m"
"MXN00030486","2009-06","18.9167","-97.2167","2039.7","LOMA GRANDE, MX","24.7","m","0.0",",m","13",",m","13",",m","0",",m","0",",m","0",",m","0",",m","20",",m","0",",m","5.0",",m,10,+","9.9",",,m,30,+","25.0",",m,14,+","","","121.7",",m","81.9",",,,m","14.28",",m","21.73",",,,m","6.82",",,,m"
"MXN00030486","2009-07","18.9167","-97.2167","2039.7","LOMA GRANDE, MX","24.7","m","0.0",",m","11",",m","11",",m","0",",m","0",",m","0",",m","0",",m","25",",m","0",",m","5.6",",m,24,+","24.9",",,m,10,","27.8",",m,16,+","92.2","","92.2",",m","107.3",",,,m","15.36",",m","23.50",",,,m","7.22",",,,m"
"MXN00030486","2009-08","18.9167","-97.2167","2039.7","LOMA GRANDE, MX","24.7","m","0.0",",m","13",",m","13",",m","0",",m","0",",m","0",",m","0",",m","30",",m","0",",m","5.6",",m,29,+","15.0",",,m,30,","28.9",",m,10,","189.3","","97.1",",m","78.8",",,,m","15.20",",m","23.88",",,,m","6.52",",,,m"
"MXN00030486","2009-09","18.9167","-97.2167","2039.7","LOMA GRANDE, MX","26.4","m","1.7",",m","18",",m","18",",m","1",",m","0",",m","0",",m","0",",m","16",",m","0",",m","2.8",",m,21,","30.0",",,m,11,","30.0",",m,28,","303.2","","113.9",",m","197.1",",,,m","14.59",",m","21.30",",,,m","7.89",",,,m"
"MXN00030486","2009-10","18.9167","-97.2167","2039.7","LOMA GRANDE, MX","38.8","m","12.4",",m","4",",m","4",",m","0",",m","0",",m","0",",m","0",",m","23",",m","2",",m","3.9",",m,20,","9.9",",,m,31,+","35.0",",m,04,","389.9","","86.7",",m","28.4",",,,m","15.94",",m","24.11",",,,m","7.76",",,,m"
"MXN00030486","2009-11","18.9167","-97.2167","2039.7","LOMA GRANDE, MX","41.3","m","2.5",",m","0",",m","0",",m","0",",m","0",",m","0",",m","0",",m","18",",m","2",",m","1.7",",m,12,","0.0",",,m,30,+","33.9",",m,30,","528.8","","138.9",",m","0.0",",,,m","13.79",",m","22.59",",,,m","4.99",",,,m"
"MXN00030486","2009-12","18.9167","-97.2167","2039.7","LOMA GRANDE, MX","47.5","m","6.2",",m","0",",m","0",",m","0",",m","0",",m","1",",m","0",",m","24",",m","2",",m","0.0",",m,22,","0.0",",,m,31,+","35.0",",m,12,+","640.9","","112.1",",m","0.0",",,,m","14.91",",m","24.07",",,,m","5.76",",,,m"
"MXN00030486","2010-01","18.9167","-97.2167","2039.7","LOMA GRANDE, MX","0.0","m","0.0",",m","5",",m","4",",m","0",",m","0",",m","4",",m","0",",m","13",",m","0",",m","-1.1",",m,12,","15.0",",,m,15,","30.0",",m,27,+","856.1","m","215.2",",m","29.7",",,,m","11.39",",m","19.41",",,,m","3.37",",,,m"
"MXN00030486","2010-02","18.9167","-97.2167","2039.7","LOMA GRANDE, MX","0.0","m","0.0","2,m","6",",m","6",",m","0",",m","0","2,m","0","2,m","0","2,m","9","2,m","0","2,m","1.7","2,m,17,","7.9",",,m,04,","27.8","2,m,23,","1031.7","m","175.6","2,m","28.9",",,,m","11.58","2,m","18.74","2,,,m","4.42","2,,,m"
"MXN00030486","2010-03","18.9167","-97.2167","2039.7","LOMA GRANDE, MX","6.0","m","6.0",",m","0",",m","0",",m","0",",m","0",",m","0",",m","0",",m","27",",m","2",",m","3.9",",m,30,+","0.0",",,m,31,+","35.0",",m,25,+","1107.3","m","75.6",",m","0.0",",,,m","16.09",",m","26.35",",,,m","5.83",",,,m"
"MXN00030486","2010-04","18.9167","-97.2167","2039.7","LOMA GRANDE, MX","12.4","m","6.4",",m","8",",m","8",",m","0",",m","0",",m","0",",m","0",",m","23",",m","1",",m","3.9",",m,17,","15.0",",,m,17,","35.0",",m,24,","1192.8","m","85.5",",m","59.8",",,,m","15.70",",m","24.35",",,,m","7.04",",,,m"
"MXN00030486","2010-05","18.9167","-97.2167","2039.7","LOMA GRANDE, MX","21.0","m","8.6","2,m","2","1,m","2","1,m","0","1,m","0","2,m","0","2,m","0","2,m","26","2,m","0","2,m","2.8","2,m,14,","5.8","1,,m,28,","31.7","2,m,23,+","1240.2","m","47.4","2,m","10.6","1,,,m","17.00","2,m","26.79","2,,,m","7.21","2,,,m"
"MXN00030486","2010-06","18.9167","-97.2167","2039.7","LOMA GRANDE, MX","24.7","m","3.7",",m","17",",m","17",",m","5",",m","0",",m","0",",m","0",",m","23",",m","0",",m","5.6",",m,21,+","39.9",",,m,17,","31.7",",m,10,","1317.1","m","76.9",",m","323.8",",,,m","15.89",",m","24.43",",,,m","7.36",",,,m"
"MXN00030486","2010-07","18.9167","-97.2167","2039.7","LOMA GRANDE, MX","24.7","m","0.0",",m","22",",m","22",",m","6",",m","0",",m","0",",m","0",",m","23",",m","0",",m","2.8",",m,17,","39.9",",,m,20,+","26.7",",m,12,+","109.6","m","109.6",",m","357.9",",,,m","14.80",",m","22.07",",,,m","7.53",",,,m"
"MXN00030486","2010-08","18.9167","-97.2167","2039.7","LOMA GRANDE, MX","28.6","m","3.9",",m","23",",m","23",",m","6",",m","0",",m","0",",m","0",",m","18",",m","0",",m","5.6",",m,27,+","30.0",",,m,31,+","30.0",",m,17,+","202.7","m","93.1",",m","360.0",",,,m","15.46",",m","22.97",",,,m","7.94",",,,m"
"MXN00030486","2010-09","18.9167","-97.2167","2039.7","LOMA GRANDE, MX","35.2","m","6.6",",m","19",",m","19",",m","2",",m","0",",m","0",",m","0",",m","22",",m","1",",m","3.9",",m,30,+","30.0",",,m,17,+","32.8",",m,10,","280.0","m","77.3",",m","269.7",",,,m","15.98",",m","24.58",",,,m","7.37",",,,m"
"MXN00030486","2010-10","18.9167","-97.2167","2039.7","LOMA GRANDE, MX","36.3","m","1.1",",m","2",",m","2",",m","0",",m","0",",m","0",",m","0",",m","17",",m","1",",m","1.7",",m,17,+","4.8",",,m,29,","35.0",",m,11,","459.6","m","179.6",",m","7.6",",,,m","12.58",",m","21.14",",,,m","4.02",",,,m"
"MXN00030486","2010-11","18.9167","-97.2167","2039.7","LOMA GRANDE, MX","36.3","m","0.0",",m","0",",m","0",",m","0",",m","0",",m","6",",m","0",",m","8",",m","0",",m","-0.6",",m,06,","0.0",",,m,30,+","25.0",",m,25,+","675.8","m","216.2",",m","0.0",",,,m","11.13",",m","19.01",",,,m","3.24",",,,m"
"MXN00030486","2010-12","18.9167","-97.2167","2039.7","LOMA GRANDE, MX","36.3","m","0.0",",m","2",",m","1",",m","0",",m","0",",m","5",",m","0",",m","6",",m","0",",m","-1.1",",m,10,+","5.8",",,m,14,","27.8",",m,31,","915.5","m","239.7",",m","6.6",",,,m","10.60",",m","19.19",",,,m","2.01",",,,m"
"MXN00030486","2011-01","18.9167","-97.2167","2039.7","LOMA GRANDE, MX","0.0","m","0.0",",m","1",",m","1",",m","0",",m","0",",m","0",",m","0",",m","14",",m","0",",m","0.6",",m,27,+","4.8",",,m,13,","27.8",",m,20,","1120.5","m","205.0",",m","4.8",",,,m","11.72",",m","19.60",",,,m","3.84",",,,m"
"MXN00030486","2011-02","18.9167","-97.2167","2039.7","LOMA GRANDE, MX","0.0","m","0.0",",m","0",",m","0",",m","0",",m","0",",m","0",",m","0",",m","15",",m","0",",m","0.6",",m,16,+","0.0",",,m,28,+","25.6",",m,16,","1280.7","m","160.2",",m","0.0",",,,m","12.61",",m","21.08",",,,m","4.15",",,,m"
"MXN00030486","2011-03","18.9167","-97.2167","2039.7","LOMA GRANDE, MX","5.9","m","5.9",",m","3",",m","3",",m","0",",m","0",",m","0",",m","0",",m","20",",m","1",",m","0.6",",m,11,","9.9",",,m,30,","35.0",",m,26,","1426.9","m","146.2",",m","17.5",",,,m","13.81",",m","22.94",",,,m","4.68",",,,m"
"MXN00030486","2011-04","18.9167","-97.2167","2039.7","LOMA GRANDE, MX","6.5","m","0.6",",m","4",",m","3",",m","0",",m","0",",m","0",",m","0",",m","26",",m","0",",m","1.7",",m,29,","24.9",",,m,17,","27.8",",m,03,","1529.5","m","102.6",",m","46.5",",,,m","14.93",",m","23.50",",,,m","6.37",",,,m"
"MXN00030486","2011-05","18.9167","-97.2167","2039.7","LOMA GRANDE, MX","9.3","m","2.8",",m","8",",m","8",",m","0",",m","0",",m","0",",m","0",",m","26",",m","0",",m","3.9",",m,06,+","9.9",",,m,17,+","30.6",",m,18,+","1616.1","m","86.6",",m","52.7",",,,m","15.63",",m","24.05",",,,m","7.21",",,,m"
"MXN00030486","2011-06","18.9167","-97.2167","2039.7","LOMA GRANDE, MX","9.3","m","0.0",",m","9",",m","9",",m","1",",m","0",",m","0",",m","0",",m","13",",m","0",",m","1.7",",m,02,","30.0",",,m,30,","25.0",",m,29,+","1767.5","m","151.4",",m","105.6",",,,m","13.29",",m","20.83",",,,m","5.74",",,,m"
"MXN00030486","2011-07","18.9167","-97.2167","2039.7","LOMA GRANDE, MX","9.3","m","0.0",",m","18",",m","18",",m","8",",m","0",",m","0",",m","0",",m","10",",m","0",",m","3.9",",m,01,","99.8",",,m,01,","25.6",",m,26,","179.9","m","179.9",",m","530.7",",,,m","12.53",",m","18.49",",,,m","6.57",",,,m"
"MXN00030486","2011-08","18.9167","-97.2167","2039.7","LOMA GRANDE, MX","10.4","m","1.1",",m","21",",m","21",",m","7",",m","0",",m","0",",m","0",",m","14",",m","0",",m","5.0",",m,20,+","59.9",",,m,21,","30.0",",m,10,","325.2","m","145.3",",m","475.2",",,,m","13.68",",m","21.01",",,,m","6.35",",,,m"
"MXN00030486","2011-09","18.9167","-97.2167","2039.7","LOMA GRANDE, MX","10.4","m","0.0",",m","8",",m","8",",m","1",",m","0",",m","0",",m","0",",m","6",",m","0",",m","1.7",",m,09,","99.8",",,m,01,","25.0",",m,27,+","490.0","m","164.8",",m","211.8",",,,m","12.84",",m","19.35",",,,m","6.32",",,,m"
"MXN00030486","2011-10","18.9167","-97.2167","2039.7","LOMA GRANDE, MX","10.4","m","0.0",",m","4",",m","4",",m","0",",m","0",",m","5",",m","0",",m","11",",m","0",",m","0.0",",m,31,+","24.9",",,m,13,+","25.6",",m,27,","702.9","m","212.9",",m","69.6",",,,m","11.47",",m","19.22",",,,m","3.72",",,,m"
"MXN00030486","2011-11","18.9167","-97.2167","2039.7","LOMA GRANDE, MX","10.4","m","0.0",",m","1",",m","1",",m","0",",m","0",",m","1",",m","0",",m","14",",m","0",",m","0.0",",m,30,","9.9",",,m,17,","25.6",",m,22,+","893.3","m","190.4",",m","9.9",",,,m","11.99",",m","19.93",",,,m","4.04",",,,m"
"MXN00030486","2011-12","18.9167","-97.2167","2039.7","LOMA GRANDE, MX","10.4","m","0.0",",m","0",",m","0",",m","0",",m","0",",m","4",",m","0",",m","19",",m","0",",m","0.0",",m,19,+","0.0",",,m,31,+","30.0",",m,09,","1080.7","m","187.4",",m","0.0",",,,m","12.29",",m","21.69",",,,m","2.88",",,,m"
