"STATION","DATE","LATITUDE","LONGITUDE","ELEVATION","NAME","CDSD","CDSD_ATTRIBUTES","CLDD","CLDD_ATTRIBUTES","DP01","DP01_ATTRIBUTES","DP10","DP10_ATTRIBUTES","DP1X","DP1X_ATTRIBUTES","DT00","DT00_ATTRIBUTES","DT32","DT32_ATTRIBUTES","DX32","DX32_ATTRIBUTES","DX70","DX70_ATTRIBUTES","DX90","DX90_ATTRIBUTES","EMNT","EMNT_ATTRIBUTES","EMXP","EMXP_ATTRIBUTES","EMXT","EMXT_ATTRIBUTES","HDSD","HDSD_ATTRIBUTES","HTDD","HTDD_ATTRIBUTES","PRCP","PRCP_ATTRIBUTES","TAVG","TAVG_ATTRIBUTES","TMAX","TMAX_ATTRIBUTES","TMIN","TMIN_ATTRIBUTES"
"MXN00014022","1993-01","19.3333","-103.4167","837.9","CLAVELLINAS, MX","120.4","m","120.4",",m","0",",m","0",",m","0",",m","0",",m","0",",m","0",",m","31",",m","10",",m","10.0",",m,26,","0.0",",,m,31,+","35.0",",m,27,+","","","0.0",",m","0.0",",,,m","22.22",",m","31.56",",,,m","12.87",",,,m"
"MXN00014022","1993-02","19.3333","-103.4167","837.9","CLAVELLINAS, MX","250.4","m","130.0",",m","0",",m","0",",m","0",",m","0",",m","0",",m","0",",m","28",",m","13",",m","10.6",",m,25,+","0.0",",,m,28,+","35.6",",m,17,","","","0.0",",m","0.0",",,,m","22.98",",m","32.41",",,,m","13.54",",,,m"
"MXN00014022","1993-03","19.3333","-103.4167","837.9","CLAVELLINAS, MX","","","","","0","2,m","0","2,m","0","2,m","","","","","0","2,m","29","2,m","23","2,m","","","0.0","2,,m,31,+","37.2","2,m,29,+","","","","","0.0","2,,,m","","","33.79","2,,,m","",""
"MXN00014022","1993-04","19.3333","-103.4167","837.9","CLAVELLINAS, MX","","","","","0",",m","0",",m","0",",m","","","","","0",",m","30",",m","30",",m","","","0.0",",,m,30,+","37.2",",m,29,+","","","","","0.0",",,,m","","","34.89",",,,m","",""
"MXN00014022","1993-05","19.3333","-103.4167","837.9","CLAVELLINAS, MX","","","259.9",",m","0",",m","0",",m","0",",m","0",",m","0",",m","0",",m","31",",m","29",",m","15.6",",m,17,+","0.0",",,m,31,+","38.9",",m,28,","","","0.0",",m","0.0",",,,m","26.72",",m","35.01",",,,m","18.42",",,,m"
"MXN00014022","1993-06","19.3333","-103.4167","837.9","CLAVELLINAS, MX","","","222.4",",m","5",",m","5",",m","2",",m","0",",m","0",",m","0",",m","30",",m","26",",m","15.6",",m,27,+","38.9",",,m,30,","36.7",",m,24,+","","","0.0",",m","118.4",",,,m","25.75",",m","34.34",",,,m","17.15",",,,m"
"MXN00014022","1993-07","19.3333","-103.4167","837.9","CLAVELLINAS, MX","","","195.1",",m","10",",m","10",",m","6",",m","0",",m","0",",m","0",",m","31",",m","22",",m","10.0",",m,06,","98.8",",,m,06,","35.0",",m,31,+","0.0","","0.0",",m","368.2",",,,m","24.63",",m","32.39",",,,m","16.86",",,,m"
"MXN00014022","1993-08","19.3333","-103.4167","837.9","CLAVELLINAS, MX","","","187.9",",m","15",",m","15",",m","4",",m","0",",m","0",",m","0",",m","31",",m","10",",m","15.0",",m,11,+","119.9",",,m,22,","37.2",",m,10,","0.0","","0.0",",m","505.4",",,,m","24.40",",m","31.39",",,,m","17.40",",,,m"
"MXN00014022","1993-09","19.3333","-103.4167","837.9","CLAVELLINAS, MX","","","194.2",",m","13",",m","12",",m","7",",m","0",",m","0",",m","0",",m","30",",m","10",",m","15.6",",m,22,","49.8",",,m,10,","35.0",",m,23,","0.0","","0.0",",m","369.2",",,,m","24.81",",m","31.56",",,,m","18.05",",,,m"
"MXN00014022","1993-10","19.3333","-103.4167","837.9","CLAVELLINAS, MX","","","222.1",",m","0",",m","0",",m","0",",m","0",",m","0",",m","0",",m","31",",m","22",",m","15.6",",m,03,","0.0",",,m,31,+","34.4",",m,26,+","0.0","","0.0",",m","0.0",",,,m","25.50",",m","32.42",",,,m","18.58",",,,m"
"MXN00014022","1993-11","19.3333","-103.4167","837.9","CLAVELLINAS, MX","","","188.1",",m","0",",m","0",",m","0",",m","0",",m","0",",m","0",",m","30",",m","15",",m","11.7",",m,15,","0.0",",,m,30,+","34.4",",m,24,+","0.0","","0.0",",m","0.0",",,,m","24.60",",m","31.77",",,,m","17.44",",,,m"
"MXN00014022","1993-12","19.3333","-103.4167","837.9","CLAVELLINAS, MX","","","169.7",",m","0",",m","0",",m","0",",m","0",",m","0",",m","0",",m","31",",m","12",",m","12.8",",m,20,+","0.0",",,m,31,+","35.0",",m,06,","0.0","","0.0",",m","0.0",",,,m","23.81",",m","31.49",",,,m","16.13",",,,m"
"MXN00014022","1994-01","19.3333","-103.4167","837.9","CLAVELLINAS, MX","138.3","m","138.3","2,m","0","1,m","0","1,m","0","1,m","0","1,m","0","1,m","0","2,m","29","2,m","19","2,m","7.8","1,m,30,+","0.0","1,,m,31,+","38.9","2,m,04,","0.0","m","0.0","2,m","0.0","1,,,m","23.01","2,m","32.63","2,,,m","13.39","1,,,m"
"MXN00014022","1994-02","19.3333","-103.4167","837.9","CLAVELLINAS, MX","280.7","m","142.4","1,m","0",",m","0",",m","0",",m","0",",m","0",",m","0","1,m","27","1,m","11","1,m","12.8",",m,26,","0.0",",,m,28,+","35.0","1,m,20,+","0.0","m","0.0","1,m","0.0",",,,m","23.58","1,m","31.95","1,,,m","15.21",",,,m"
"MXN00014022","1994-03","19.3333","-103.4167","837.9","CLAVELLINAS, MX","","","","","0","2,m","0","2,m","0","2,m","","","","","0","2,m","29","2,m","22","2,m","","","0.0","2,,m,31,+","37.2","2,m,08,","","","","","0.0","2,,,m","","","33.50","2,,,m","",""
"MXN00014022","1994-04","19.3333","-103.4167","837.9","CLAVELLINAS, MX","","","","","0",",m","0",",m","0",",m","","","","","0",",m","30",",m","30",",m","","","0.0",",,m,30,+","37.2",",m,29,+","","","","","0.0",",,,m","","","34.80",",,,m","",""
"MXN00014022","1994-05","19.3333","-103.4167","837.9","CLAVELLINAS, MX","","","212.5",",m","0",",m","0",",m","0",",m","0",",m","0",",m","0",",m","31",",m","24",",m","12.8",",m,14,","0.0",",,m,31,+","38.3",",m,21,","","","0.0",",m","0.0",",,,m","25.19",",m","33.48",",,,m","16.90",",,,m"
"MXN00014022","1994-06","19.3333","-103.4167","837.9","CLAVELLINAS, MX","","","176.9","1,m","3",",m","1",",m","0",",m","0","1,m","0","1,m","0","1,m","29","1,m","22","1,m","7.8","1,m,04,","3.6",",,m,25,","37.2","1,m,07,+","","","0.0","1,m","6.4",",,,m","24.43","1,m","33.56","1,,,m","15.31","1,,,m"
"MXN00014022","1994-07","19.3333","-103.4167","837.9","CLAVELLINAS, MX","","","168.7",",m","9",",m","9",",m","0",",m","0",",m","0",",m","0",",m","31",",m","18",",m","10.6",",m,10,","21.8",",,m,27,","38.9",",m,10,","0.0","m","0.0",",m","121.2",",,,m","23.77",",m","32.10",",,,m","15.45",",,,m"
"MXN00014022","1994-08","19.3333","-103.4167","837.9","CLAVELLINAS, MX","","","158.5",",m","12",",m","12",",m","6",",m","0",",m","0",",m","0",",m","31",",m","12",",m","13.9",",m,23,","54.9",",,m,23,","38.9",",m,12,","0.0","m","0.0",",m","329.7",",,,m","23.45",",m","29.88",",,,m","17.01",",,,m"
"MXN00014022","1994-09","19.3333","-103.4167","837.9","CLAVELLINAS, MX","","","189.8","2,m","12",",m","12",",m","2",",m","0","1,m","0","1,m","0","1,m","29","1,m","15","1,m","15.0","1,m,19,+","39.9",",,m,10,","35.0","1,m,08,","0.0","m","0.0","1,m","221.9",",,,m","25.18","2,m","31.61","1,,,m","18.76","1,,,m"
"MXN00014022","1994-10","19.3333","-103.4167","837.9","CLAVELLINAS, MX","","","233.9","1,m","8",",m","8",",m","2",",m","0","1,m","0","1,m","0","1,m","30","1,m","16","1,m","16.7","1,m,17,","197.9",",,m,13,","37.2","1,m,26,","0.0","m","0.0","1,m","330.6",",,,m","26.13","1,m","31.80","1,,,m","20.46","1,,,m"
"MXN00014022","1994-11","19.3333","-103.4167","837.9","CLAVELLINAS, MX","","","243.1",",m","0",",m","0",",m","0",",m","0",",m","0",",m","0",",m","30",",m","17",",m","17.8",",m,30,","0.0",",,m,30,+","36.1",",m,20,","0.0","m","0.0",",m","0.0",",,,m","26.44",",m","32.19",",,,m","20.68",",,,m"
"MXN00014022","1994-12","19.3333","-103.4167","837.9","CLAVELLINAS, MX","","","213.2",",m","0",",m","0",",m","0",",m","0",",m","0",",m","0",",m","31",",m","18",",m","15.0",",m,25,+","0.0",",,m,31,+","36.1",",m,14,","0.0","m","0.0",",m","0.0",",,,m","25.21",",m","32.36",",,,m","18.06",",,,m"
"MXN00014022","2005-02","19.3333","-103.4167","837.9","CLAVELLINAS, MX","","","177.8",",m","0",",m","0",",m","0",",m","0",",m","0",",m","0",",m","28",",m","25",",m","10.0",",m,27,","0.0",",,m,28,+","38.9",",m,06,","","","0.0",",m","0.0",",,,m","24.68",",m","34.36",",,,m","15.00",",,,m"
"MXN00014022","2005-03","19.3333","-103.4167","837.9","CLAVELLINAS, MX","","","202.3",",m","1",",m","0",",m","0",",m","0",",m","0",",m","0",",m","31",",m","27",",m","10.0",",m,29,","0.5",",,m,14,","36.7",",m,30,+","","","0.0",",m","0.5",",,,m","24.86",",m","34.39",",,,m","15.32",",,,m"
"MXN00014022","2006-01","19.3333","-103.4167","837.9","CLAVELLINAS, MX","203.3","","203.3",",m","1",",m","1",",m","0",",m","0",",m","0",",m","0",",m","31",",m","30",",m","10.6",",m,20,+","9.9",",,m,25,","40.0",",m,25,","","","0.0",",m","9.9",",,,m","24.89",",m","35.84",",,,m","13.94",",,,m"
"MXN00014022","2006-02","19.3333","-103.4167","837.9","CLAVELLINAS, MX","385.3","","182.0",",m","0",",m","0",",m","0",",m","0",",m","0",",m","0",",m","28",",m","28",",m","10.6",",m,03,","0.0",",,m,28,+","38.9",",m,26,+","","","0.0",",m","0.0",",,,m","24.83",",m","36.23",",,,m","13.43",",,,m"
"MXN00014022","2006-03","19.3333","-103.4167","837.9","CLAVELLINAS, MX","609.4","","224.1",",m","0",",m","0",",m","0",",m","0",",m","0",",m","0",",m","31",",m","29",",m","11.7",",m,05,","0.0",",,m,31,+","40.0",",m,30,+","","","0.0",",m","0.0",",,,m","25.56",",m","36.56",",,,m","14.57",",,,m"
"MXN00014022","2007-01","19.3333","-103.4167","837.9","CLAVELLINAS, MX","164.4","","164.4",",m","3",",m","2",",m","0",",m","0",",m","0",",m","0",",m","31",",m","21",",m","10.0",",m,18,","8.1",",,m,26,+","36.7",",m,18,+","","","0.0",",m","16.5",",,,m","23.64",",m","32.92",",,,m","14.35",",,,m"
"MXN00014022","2007-02","19.3333","-103.4167","837.9","CLAVELLINAS, MX","314.4","","150.0",",m","0",",m","0",",m","0",",m","0",",m","0",",m","0",",m","28",",m","21",",m","8.9",",m,16,","0.0",",,m,28,+","37.8",",m,21,","","","0.0",",m","0.0",",,,m","23.69",",m","34.15",",,,m","13.23",",,,m"
"MXN00014022","2007-03","19.3333","-103.4167","837.9","CLAVELLINAS, MX","547.2","","232.8",",m","0",",m","0",",m","0",",m","0",",m","0",",m","0",",m","31",",m","31",",m","12.8",",m,04,","0.0",",,m,31,+","38.9",",m,14,+","","","0.0",",m","0.0",",,,m","25.84",",m","35.41",",,,m","16.27",",,,m"
"MXN00014022","2007-04","19.3333","-103.4167","837.9","CLAVELLINAS, MX","798.0","","250.8",",m","0",",m","0",",m","0",",m","0",",m","0",",m","0",",m","30",",m","29",",m","11.7",",m,13,","0.0",",,m,30,+","39.4",",m,04,","","","0.0",",m","0.0",",,,m","26.69",",m","36.13",",,,m","17.26",",,,m"
"MXN00014022","2007-05","19.3333","-103.4167","837.9","CLAVELLINAS, MX","1079.0","","281.0",",m","0",",m","0",",m","0",",m","0",",m","0",",m","0",",m","31",",m","29",",m","13.9",",m,06,","0.0",",,m,31,+","40.0",",m,25,","","","0.0",",m","0.0",",,,m","27.40",",m","36.35",",,,m","18.44",",,,m"
"MXN00014022","2007-06","19.3333","-103.4167","837.9","CLAVELLINAS, MX","1366.8","","287.8",",m","6","1,m","6","1,m","2","1,m","0",",m","0",",m","0",",m","30",",m","29",",m","15.6",",m,14,","69.9","1,,m,10,","38.9",",m,07,","","","0.0",",m","156.1","1,,,m","27.93",",m","35.58",",,,m","20.27",",,,m"
"MXN00014022","2007-07","19.3333","-103.4167","837.9","CLAVELLINAS, MX","1635.4","","268.6",",m","17",",m","8",",m","0",",m","0",",m","0",",m","0",",m","31",",m","26",",m","16.7",",m,21,+","16.0",",,m,28,","37.8",",m,16,","0.0","","0.0",",m","62.8",",,,m","27.00",",m","34.25",",,,m","19.75",",,,m"
"MXN00014022","2007-08","19.3333","-103.4167","837.9","CLAVELLINAS, MX","1885.1","","249.7",",m","19",",m","11",",m","0",",m","0",",m","0",",m","0",",m","31",",m","20",",m","16.7",",m,04,","16.3",",,m,22,","36.1",",m,07,","0.0","","0.0",",m","90.9",",,,m","26.39",",m","32.52",",,,m","20.25",",,,m"
"MXN00014022","2007-09","19.3333","-103.4167","837.9","CLAVELLINAS, MX","2125.8","","240.7",",m","10",",m","7",",m","0",",m","0",",m","0",",m","0",",m","30",",m","20",",m","17.8",",m,17,+","16.0",",,m,03,","35.0",",m,20,+","0.0","","0.0",",m","46.1",",,,m","26.36",",m","32.73",",,,m","19.98",",,,m"
