"STATION","DATE","LATITUDE","LONGITUDE","ELEVATION","NAME","CDSD","CDSD_ATTRIBUTES","CLDD","CLDD_ATTRIBUTES","DP01","DP01_ATTRIBUTES","DP10","DP10_ATTRIBUTES","DP1X","DP1X_ATTRIBUTES","DT00","DT00_ATTRIBUTES","DT32","DT32_ATTRIBUTES","DX32","DX32_ATTRIBUTES","DX70","DX70_ATTRIBUTES","DX90","DX90_ATTRIBUTES","EMNT","EMNT_ATTRIBUTES","EMXP","EMXP_ATTRIBUTES","EMXT","EMXT_ATTRIBUTES","HDSD","HDSD_ATTRIBUTES","HTDD","HTDD_ATTRIBUTES","PRCP","PRCP_ATTRIBUTES","TAVG","TAVG_ATTRIBUTES","TMAX","TMAX_ATTRIBUTES","TMIN","TMIN_ATTRIBUTES"
"MXN00030279","1975-06","17.3","-94.3833","82.9","KILOMETRO 92, MX","","","","","18","4,m","13","4,m","4","4,m","","","","","","","","","","","","","161.3","4,,m,24,","","","","","","","358.2","4,,,m","","","","","",""
"MXN00030279","1975-07","17.3","-94.3833","82.9","KILOMETRO 92, MX","","","252.2",",m","21",",m","15",",m","4",",m","0",",m","0",",m","0",",m","31",",m","9",",m","20.0",",m,30,","79.8",",,m,09,","36.7",",m,07,","0.0","m","0.0",",m","357.2",",,,m","26.47",",m","31.36",",,,m","21.58",",,,m"
"MXN00030279","1975-08","17.3","-94.3833","82.9","KILOMETRO 92, MX","","","252.9",",m","22",",m","18",",m","8",",m","0",",m","0",",m","0",",m","31",",m","6",",m","20.0",",m,26,","153.4",",,m,18,","33.9",",m,01,","0.0","m","0.0",",m","498.9",",,,m","26.49",",m","30.65",",,,m","22.34",",,,m"
"MXN00030279","1975-09","17.3","-94.3833","82.9","KILOMETRO 92, MX","","","240.1",",m","26",",m","22",",m","7",",m","0",",m","0",",m","0",",m","30",",m","7",",m","18.9",",m,24,","75.7",",,m,15,","34.4",",m,26,+","0.0","m","0.0",",m","474.7",",,,m","26.34",",m","30.92",",,,m","21.75",",,,m"
"MXN00030279","1975-10","17.3","-94.3833","82.9","KILOMETRO 92, MX","","","240.4",",m","20",",m","18",",m","7",",m","0",",m","0",",m","0",",m","31",",m","16",",m","19.4",",m,03,","99.3",",,m,04,","36.7",",m,04,","0.0","m","0.0",",m","506.1",",,,m","26.09",",m","31.24",",,,m","20.94",",,,m"
"MXN00030279","1975-11","17.3","-94.3833","82.9","KILOMETRO 92, MX","","","177.9",",m","15",",m","14",",m","3",",m","0",",m","0",",m","0",",m","30",",m","4",",m","16.7",",m,21,+","50.8",",,m,02,","33.9",",m,05,","0.0","m","0.0",",m","277.5",",,,m","24.26",",m","28.17",",,,m","20.35",",,,m"
"MXN00030279","1976-02","17.3","-94.3833","82.9","KILOMETRO 92, MX","","","152.1",",m","10",",m","10",",m","2",",m","0",",m","0",",m","0",",m","29",",m","2",",m","20.0",",m,23,+","32.8",",,m,06,","33.3",",m,20,","","","0.0",",m","150.0",",,,m","23.58",",m","26.46",",,,m","20.70",",,,m"
"MXN00030279","1976-03","17.3","-94.3833","82.9","KILOMETRO 92, MX","","","222.0",",m","9",",m","5",",m","1",",m","0",",m","0",",m","0",",m","31",",m","14",",m","13.9",",m,06,+","29.0",",,m,31,","37.8",",m,30,+","","","0.0",",m","68.0",",,,m","25.50",",m","31.80",",,,m","19.19",",,,m"
"MXN00030279","1976-04","17.3","-94.3833","82.9","KILOMETRO 92, MX","","","243.1",",m","4",",m","2",",m","1",",m","0",",m","0",",m","0",",m","29",",m","18",",m","15.0",",m,10,","40.9",",,m,30,","37.8",",m,17,","","","0.0",",m","48.8",",,,m","26.44",",m","32.24",",,,m","20.63",",,,m"
"MXN00030279","1976-05","17.3","-94.3833","82.9","KILOMETRO 92, MX","","","278.1",",m","8",",m","7",",m","2",",m","0",",m","0",",m","0",",m","31",",m","19",",m","17.8",",m,16,","35.1",",,m,18,","40.0",",m,31,","","","0.0",",m","98.1",",,,m","27.30",",m","33.12",",,,m","21.49",",,,m"
"MXN00030279","1976-06","17.3","-94.3833","82.9","KILOMETRO 92, MX","","","221.4",",m","16",",m","13",",m","2",",m","0",",m","0",",m","0",",m","30",",m","13",",m","15.6",",m,23,+","61.5",",,m,24,","38.9",",m,01,","","","0.0",",m","222.0",",,,m","25.71",",m","30.55",",,,m","20.87",",,,m"
"MXN00030279","1976-07","17.3","-94.3833","82.9","KILOMETRO 92, MX","","","242.8",",m","23",",m","18",",m","7",",m","0",",m","0",",m","0",",m","31",",m","8",",m","16.7",",m,07,+","79.8",",,m,14,","35.0",",m,14,+","0.0","m","0.0",",m","418.9",",,,m","26.16",",m","31.36",",,,m","20.96",",,,m"
"MXN00030279","1976-08","17.3","-94.3833","82.9","KILOMETRO 92, MX","","","230.1",",m","27",",m","24",",m","8",",m","0",",m","0",",m","0",",m","31",",m","2",",m","18.9",",m,07,+","59.9",",,m,18,","32.8",",m,17,+","0.0","m","0.0",",m","446.7",",,,m","25.76",",m","30.59",",,,m","20.92",",,,m"
"MXN00030279","1976-09","17.3","-94.3833","82.9","KILOMETRO 92, MX","","","240.7",",m","23",",m","18",",m","6",",m","0",",m","0",",m","0",",m","30",",m","9",",m","20.0",",m,19,+","66.3",",,m,06,","35.0",",m,27,+","0.0","m","0.0",",m","405.6",",,,m","26.36",",m","31.27",",,,m","21.44",",,,m"
"MXN00030279","1976-10","17.3","-94.3833","82.9","KILOMETRO 92, MX","","","175.5","2,m","17",",m","16",",m","7",",m","0","1,m","0","1,m","0","1,m","29","1,m","2","1,m","15.0","1,m,10,","45.0",",,m,06,","33.9","1,m,05,","0.8","m","0.8","1,m","357.6",",,,m","24.22","2,m","28.35","1,,,m","20.09","1,,,m"
"MXN00030279","1976-11","17.3","-94.3833","82.9","KILOMETRO 92, MX","","","80.8","3,m","21",",m","18",",m","5",",m","0","1,m","0","1,m","0","2,m","23","2,m","2","2,m","13.9","1,m,30,","49.8",",,m,21,","32.8","2,m,28,+","1.0","m","0.2","2,m","341.3",",,,m","21.21","3,m","24.43","2,,,m","17.99","1,,,m"
"MXN00030279","1976-12","17.3","-94.3833","82.9","KILOMETRO 92, MX","","","47.8",",m","22",",m","19",",m","3",",m","0",",m","0",",m","0",",m","19",",m","3",",m","10.6",",m,30,","40.6",",,m,08,","33.9",",m,29,+","13.0","m","12.0",",m","265.0",",,,m","19.49",",m","23.74",",,,m","15.24",",,,m"
"MXN00030279","1977-01","17.3","-94.3833","82.9","KILOMETRO 92, MX","53.7","m","53.7",",m","16",",m","12",",m","0",",m","0",",m","0",",m","0",",m","22",",m","2",",m","11.7",",m,20,","19.8",",,m,11,","35.0",",m,09,","19.8","m","6.8",",m","107.4",",,,m","19.85",",m","23.46",",,,m","16.23",",,,m"
"MXN00030279","1977-02","17.3","-94.3833","82.9","KILOMETRO 92, MX","113.1","m","59.4","1,m","17",",m","13",",m","2",",m","0",",m","0",",m","0","1,m","17","1,m","2","1,m","13.9",",m,18,","36.8",",,m,05,","35.6","1,m,26,","25.5","m","5.7","1,m","171.3",",,,m","20.32","1,m","24.14","1,,,m","16.51",",,,m"
"MXN00030279","1977-03","17.3","-94.3833","82.9","KILOMETRO 92, MX","259.5","m","146.4","1,m","5",",m","4",",m","0",",m","0",",m","0",",m","0","1,m","27","1,m","11","1,m","10.6",",m,31,","17.8",",,m,06,","37.8","1,m,30,","29.6","m","4.1","1,m","39.7",",,,m","23.04","1,m","30.05","1,,,m","16.04",",,,m"
"MXN00030279","1977-04","17.3","-94.3833","82.9","KILOMETRO 92, MX","441.3","m","181.8",",m","12",",m","9",",m","1",",m","0",",m","0",",m","0",",m","27",",m","11",",m","15.0",",m,06,+","53.6",",,m,12,","38.9",",m,03,+","30.1","m","0.5",",m","99.0",",,,m","24.38",",m","29.73",",,,m","19.02",",,,m"
"MXN00030279","1977-05","17.3","-94.3833","82.9","KILOMETRO 92, MX","737.8","m","296.5",",m","3",",m","0",",m","0",",m","0",",m","0",",m","0",",m","31",",m","29",",m","15.6",",m,11,","1.8",",,m,30,+","37.8",",m,21,+","30.1","m","0.0",",m","4.4",",,,m","27.90",",m","34.91",",,,m","20.88",",,,m"
"MXN00030279","1977-06","17.3","-94.3833","82.9","KILOMETRO 92, MX","974.4","m","236.6",",m","18",",m","16",",m","3",",m","0",",m","0",",m","0",",m","30",",m","6",",m","17.8",",m,04,","99.8",",,m,13,","35.6",",m,13,","30.1","m","0.0",",m","299.5",",,,m","26.22",",m","31.21",",,,m","21.23",",,,m"
"MXN00030279","1977-07","17.3","-94.3833","82.9","KILOMETRO 92, MX","1196.7","m","222.3",",m","24",",m","17",",m","3",",m","0",",m","0",",m","0",",m","31",",m","3",",m","18.9",",m,07,","68.8",",,m,22,","35.0",",m,14,+","0.0","m","0.0",",m","334.9",",,,m","25.50",",m","30.11",",,,m","20.90",",,,m"
"MXN00030279","1977-08","17.3","-94.3833","82.9","KILOMETRO 92, MX","1467.8","m","271.1",",m","22",",m","19",",m","4",",m","0",",m","0",",m","0",",m","31",",m","13",",m","20.0",",m,28,","40.4",",,m,10,","37.8",",m,23,","0.0","m","0.0",",m","266.3",",,,m","27.08",",m","32.37",",,,m","21.79",",,,m"
"MXN00030279","1977-09","17.3","-94.3833","82.9","KILOMETRO 92, MX","1702.1","m","234.3",",m","18",",m","14",",m","1",",m","0",",m","0",",m","0",",m","30",",m","8",",m","18.9",",m,18,+","31.0",",,m,27,","35.6",",m,02,","0.0","m","0.0",",m","195.9",",,,m","26.14",",m","31.19",",,,m","21.10",",,,m"
"MXN00030279","1977-10","17.3","-94.3833","82.9","KILOMETRO 92, MX","1906.2","m","204.1",",m","22",",m","21",",m","4",",m","0",",m","0",",m","0",",m","31",",m","4",",m","17.8",",m,21,+","122.9",",,m,12,","35.0",",m,10,","0.0","m","0.0",",m","475.5",",,,m","24.92",",m","28.89",",,,m","20.94",",,,m"
"MXN00030279","1977-11","17.3","-94.3833","82.9","KILOMETRO 92, MX","2062.9","m","156.7",",m","7",",m","7",",m","0",",m","0",",m","0",",m","0",",m","29",",m","3",",m","13.9",",m,14,","25.1",",,m,10,","35.6",",m,08,","0.0","m","0.0",",m","80.3",",,,m","23.56",",m","28.92",",,,m","18.19",",,,m"
"MXN00030279","1977-12","17.3","-94.3833","82.9","KILOMETRO 92, MX","2203.5","m","140.6",",m","14",",m","12",",m","5",",m","0",",m","0",",m","0",",m","31",",m","1",",m","12.8",",m,25,","58.2",",,m,21,","32.8",",m,18,","0.0","m","0.0",",m","285.9",",,,m","22.87",",m","26.31",",,,m","19.43",",,,m"
"MXN00030279","1978-01","17.3","-94.3833","82.9","KILOMETRO 92, MX","63.2","m","63.2",",m","15",",m","10",",m","1",",m","0",",m","0",",m","0",",m","27",",m","1",",m","11.7",",m,17,+","29.0",",,m,08,","32.8",",m,25,","4.6","m","4.6",",m","134.0",",,,m","20.22",",m","24.63",",,,m","15.81",",,,m"
"MXN00030279","1978-02","17.3","-94.3833","82.9","KILOMETRO 92, MX","135.6","m","72.4","2,m","14",",m","9",",m","2",",m","0","1,m","0","1,m","0","1,m","22","1,m","3","1,m","11.7","1,m,07,","31.8",",,m,18,","35.6","1,m,28,+","10.8","m","6.2","1,m","149.8",",,,m","20.81","2,m","25.72","1,,,m","15.91","1,,,m"
"MXN00030279","1978-03","17.3","-94.3833","82.9","KILOMETRO 92, MX","266.4","m","130.8","4,m","10",",m","8",",m","2",",m","0","2,m","0","2,m","0","2,m","26","2,m","11","2,m","13.9","2,m,29,+","29.2",",,m,16,","36.7","2,m,13,+","14.9","m","4.1","2,m","130.5",",,,m","22.84","4,m","29.37","2,,,m","16.30","2,,,m"
"MXN00030279","1978-04","17.3","-94.3833","82.9","KILOMETRO 92, MX","512.1","m","245.7",",m","3",",m","1",",m","0",",m","0",",m","0",",m","0",",m","30",",m","16",",m","15.0",",m,02,+","4.1",",,m,12,","40.6",",m,30,","14.9","m","0.0",",m","4.9",",,,m","26.52",",m","33.36",",,,m","19.69",",,,m"
"MXN00030279","1978-05","17.3","-94.3833","82.9","KILOMETRO 92, MX","837.5","m","325.4",",m","7",",m","6",",m","1",",m","0",",m","0",",m","0",",m","31",",m","29",",m","13.9",",m,03,+","84.6",",,m,29,","43.9",",m,07,","14.9","m","0.0",",m","147.9",",,,m","28.83",",m","36.99",",,,m","20.67",",,,m"
"MXN00030279","1978-06","17.3","-94.3833","82.9","KILOMETRO 92, MX","1088.1","m","250.6",",m","27",",m","25",",m","10",",m","0",",m","0",",m","0",",m","30",",m","9",",m","20.6",",m,29,+","68.8",",,m,28,","35.6",",m,06,+","14.9","m","0.0",",m","573.8",",,,m","26.69",",m","31.60",",,,m","21.77",",,,m"
"MXN00030279","1978-07","17.3","-94.3833","82.9","KILOMETRO 92, MX","1334.1","m","246.0",",m","25",",m","23",",m","7",",m","0",",m","0",",m","0",",m","31",",m","9",",m","18.9",",m,27,","71.4",",,m,20,","33.9",",m,31,+","0.0","m","0.0",",m","462.9",",,,m","26.27",",m","31.41",",,,m","21.13",",,,m"
"MXN00030279","1978-08","17.3","-94.3833","82.9","KILOMETRO 92, MX","1584.4","m","250.3",",m","24",",m","20",",m","7",",m","0",",m","0",",m","0",",m","31",",m","6",",m","20.6",",m,28,+","112.8",",,m,10,","33.9",",m,29,","0.0","m","0.0",",m","543.8",",,,m","26.41",",m","30.97",",,,m","21.84",",,,m"
"MXN00030279","1978-09","17.3","-94.3833","82.9","KILOMETRO 92, MX","1808.8","m","224.4",",m","25",",m","20",",m","9",",m","0",",m","0",",m","0",",m","30",",m","6",",m","20.0",",m,16,+","113.8",",,m,05,","36.7",",m,13,","0.0","m","0.0",",m","713.8",",,,m","25.81",",m","30.30",",,,m","21.33",",,,m"
"MXN00030279","1978-10","17.3","-94.3833","82.9","KILOMETRO 92, MX","1987.3","m","178.5",",m","26",",m","20",",m","9",",m","0",",m","0",",m","0",",m","31",",m","0",",m","16.7",",m,23,","184.2",",,m,05,","31.7",",m,05,","0.0","m","0.0",",m","887.0",",,,m","24.09",",m","27.75",",,,m","20.44",",,,m"
"MXN00030279","1978-11","17.3","-94.3833","82.9","KILOMETRO 92, MX","2164.2","m","176.9",",m","17",",m","13",",m","4",",m","0",",m","0",",m","0",",m","30",",m","1",",m","17.8",",m,06,+","238.5",",,m,24,","33.9",",m,27,","0.0","m","0.0",",m","458.0",",,,m","24.23",",m","27.98",",,,m","20.47",",,,m"
"MXN00030279","1978-12","17.3","-94.3833","82.9","KILOMETRO 92, MX","2303.9","m","139.7","2,m","13",",m","12",",m","4",",m","0","1,m","0","1,m","0","1,m","27","1,m","6","1,m","12.8","1,m,10,","48.5",",,m,12,","35.0","1,m,05,+","3.0","m","3.0","1,m","275.1",",,,m","22.89","2,m","27.85","1,,,m","17.93","1,,,m"
"MXN00030279","1979-01","17.3","-94.3833","82.9","KILOMETRO 92, MX","52.6","m","52.6","2,m","20",",m","17",",m","4",",m","0","1,m","0","1,m","0","1,m","18","1,m","3","1,m","10.0","1,m,27,+","87.4",",,m,02,","32.8","1,m,27,+","31.6","m","28.6","1,m","304.0",",,,m","19.25","2,m","23.71","1,,,m","14.78","1,,,m"
"MXN00030279","1979-02","17.3","-94.3833","82.9","KILOMETRO 92, MX","123.5","m","70.9","4,m","11",",m","8",",m","1",",m","0","2,m","0","2,m","0","2,m","22","2,m","3","2,m","11.7","2,m,27,","36.8",",,m,18,","33.9","2,m,23,","34.0","m","2.4","2,m","82.8",",,,m","21.00","4,m","25.88","2,,,m","16.12","2,,,m"
"MXN00030279","1979-03","17.3","-94.3833","82.9","KILOMETRO 92, MX","249.3","m","125.8",",m","13",",m","9",",m","0",",m","0",",m","0",",m","0",",m","28",",m","9",",m","11.7",",m,04,+","20.6",",,m,24,","37.8",",m,22,","37.5","m","3.5",",m","88.4",",,,m","22.28",",m","28.41",",,,m","16.15",",,,m"
"MXN00030279","1979-04","17.3","-94.3833","82.9","KILOMETRO 92, MX","456.1","m","206.8",",m","8",",m","6",",m","0",",m","0",",m","0",",m","0",",m","30",",m","19",",m","12.8",",m,11,","16.8",",,m,05,","37.8",",m,26,+","37.5","m","0.0",",m","46.9",",,,m","25.23",",m","32.99",",,,m","17.46",",,,m"
"MXN00030279","1979-05","17.3","-94.3833","82.9","KILOMETRO 92, MX","647.0","m","190.9",",m","13",",m","11",",m","3",",m","0",",m","0",",m","0",",m","31",",m","12",",m","15.0",",m,19,","69.3",",,m,24,","37.8",",m,22,+","37.5","m","0.0",",m","254.6",",,,m","24.49",",m","30.16",",,,m","18.82",",,,m"
"MXN00030279","1979-06","17.3","-94.3833","82.9","KILOMETRO 92, MX","825.8","m","178.8",",m","20",",m","18",",m","9",",m","0",",m","0",",m","0",",m","30",",m","1",",m","17.8",",m,17,+","159.8",",,m,26,","35.0",",m,04,","37.5","m","0.0",",m","583.6",",,,m","24.29",",m","28.98",",,,m","19.60",",,,m"
"MXN00030279","1979-07","17.3","-94.3833","82.9","KILOMETRO 92, MX","1021.0","m","195.2",",m","20",",m","18",",m","7",",m","0",",m","0",",m","0",",m","31",",m","6",",m","17.8",",m,28,","97.5",",,m,27,","35.0",",m,13,+","0.0","m","0.0",",m","462.3",",,,m","24.63",",m","29.00",",,,m","20.26",",,,m"
"MXN00030279","1979-08","17.3","-94.3833","82.9","KILOMETRO 92, MX","1217.5","m","196.5","1,m","30",",m","28",",m","14",",m","0","1,m","0","1,m","0",",m","31",",m","5",",m","18.9","1,m,26,+","88.9",",,m,20,","33.9",",m,11,","0.0","m","0.0",",m","853.4",",,,m","24.94","1,m","29.47",",,,m","20.41","1,,,m"
"MXN00030279","1979-09","17.3","-94.3833","82.9","KILOMETRO 92, MX","1428.1","m","210.6",",m","25",",m","22",",m","6",",m","0",",m","0",",m","0",",m","30",",m","10",",m","17.8",",m,30,+","165.4",",,m,21,","33.9",",m,30,+","0.0","m","0.0",",m","561.0",",,,m","25.35",",m","31.04",",,,m","19.67",",,,m"
"MXN00030279","1979-10","17.3","-94.3833","82.9","KILOMETRO 92, MX","1628.9","m","200.8",",m","16",",m","15",",m","6",",m","0",",m","0",",m","0",",m","31",",m","9",",m","16.7",",m,02,+","74.2",",,m,03,","35.6",",m,22,","0.0","m","0.0",",m","374.2",",,,m","24.81",",m","30.72",",,,m","18.90",",,,m"
"MXN00030279","1979-11","17.3","-94.3833","82.9","KILOMETRO 92, MX","1733.1","m","104.2",",m","19",",m","14",",m","3",",m","0",",m","0",",m","0",",m","30",",m","0",",m","13.9",",m,30,+","70.1",",,m,29,","31.7",",m,10,+","0.5","m","0.5",",m","242.6",",,,m","21.79",",m","27.02",",,,m","16.56",",,,m"
"MXN00030279","1979-12","17.3","-94.3833","82.9","KILOMETRO 92, MX","1817.6","m","84.5",",m","17",",m","15",",m","5",",m","0",",m","0",",m","0",",m","31",",m","0",",m","13.9",",m,28,+","54.6",",,m,17,","31.7",",m,22,","1.0","m","0.5",",m","318.9",",,,m","21.04",",m","26.44",",,,m","15.65",",,,m"
"MXN00030279","1980-01","17.3","-94.3833","82.9","KILOMETRO 92, MX","137.0","","137.0",",m","12",",m","5",",m","2",",m","0",",m","0",",m","0",",m","30",",m","6",",m","11.7",",m,25,+","44.5",",,m,23,","35.0",",m,16,","3.2","","2.2",",m","109.6",",,,m","22.68",",m","29.15",",,,m","16.22",",,,m"
"MXN00030279","1980-02","17.3","-94.3833","82.9","KILOMETRO 92, MX","220.2","","83.2",",m","17",",m","11",",m","2",",m","0",",m","0",",m","0",",m","24",",m","6",",m","12.8",",m,27,+","55.6",",,m,01,","35.6",",m,23,+","11.6","","8.4",",m","177.6",",,,m","20.91",",m","27.03",",,,m","14.79",",,,m"
"MXN00030279","1980-03","17.3","-94.3833","82.9","KILOMETRO 92, MX","396.1","","175.9",",m","10",",m","5",",m","2",",m","0",",m","0",",m","0",",m","29",",m","15",",m","10.0",",m,03,","53.1",",,m,01,","38.9",",m,28,","18.2","","6.6",",m","113.5",",,,m","23.79",",m","31.42",",,,m","16.17",",,,m"
"MXN00030279","1980-04","17.3","-94.3833","82.9","KILOMETRO 92, MX","575.6","","179.5",",m","13",",m","8",",m","2",",m","0",",m","0",",m","0",",m","30",",m","13",",m","10.6",",m,21,","47.8",",,m,08,","40.6",",m,03,","18.2","","0.0",",m","132.7",",,,m","24.32",",m","31.82",",,,m","16.82",",,,m"
"MXN00030279","1980-05","17.3","-94.3833","82.9","KILOMETRO 92, MX","884.9","","309.3",",m","2",",m","2",",m","1",",m","0",",m","0",",m","0",",m","31",",m","26",",m","15.6",",m,17,+","28.4",",,m,19,","42.8",",m,24,","18.2","","0.0",",m","35.5",",,,m","28.31",",m","36.73",",,,m","19.90",",,,m"
"MXN00030279","1980-06","17.3","-94.3833","82.9","KILOMETRO 92, MX","1120.4","","235.5",",m","24",",m","22",",m","8",",m","0",",m","0",",m","0",",m","30",",m","15",",m","17.8",",m,03,","124.0",",,m,24,","36.7",",m,06,","18.2","","0.0",",m","595.0",",,,m","26.18",",m","32.09",",,,m","20.27",",,,m"
