"STATION","DATE","LATITUDE","LONGITUDE","ELEVATION","NAME","CDSD","CDSD_ATTRIBUTES","CLDD","CLDD_ATTRIBUTES","DP01","DP01_ATTRIBUTES","DP10","DP10_ATTRIBUTES","DP1X","DP1X_ATTRIBUTES","DT00","DT00_ATTRIBUTES","DT32","DT32_ATTRIBUTES","DX32","DX32_ATTRIBUTES","DX70","DX70_ATTRIBUTES","DX90","DX90_ATTRIBUTES","EMNT","EMNT_ATTRIBUTES","EMXP","EMXP_ATTRIBUTES","EMXT","EMXT_ATTRIBUTES","HDSD","HDSD_ATTRIBUTES","HTDD","HTDD_ATTRIBUTES","PRCP","PRCP_ATTRIBUTES","TAVG","TAVG_ATTRIBUTES","TMAX","TMAX_ATTRIBUTES","TMIN","TMIN_ATTRIBUTES"
"MXN00020097","1955-06","16.9667","-95.7667","1211.0","SAN MIGUEL QUETZALTEPEC, MX","","","","","7",",m","5",",m","2",",m","","","","","","","","","","","","","66.8",",,m,28,","","","","","","","155.0",",,,m","","","","","",""
"MXN00020097","1955-07","16.9667","-95.7667","1211.0","SAN MIGUEL QUETZALTEPEC, MX","","","64.9","1,m","27",",m","26",",m","15",",m","0","1,m","0","1,m","0","1,m","23","1,m","0","1,m","16.7","1,m,30,+","143.8",",,m,12,","25.6","1,m,17,+","0.0","m","0.0","1,m","938.4",",,,m","20.50","1,m","22.86","1,,,m","18.13","1,,,m"
"MXN00020097","1955-08","16.9667","-95.7667","1211.0","SAN MIGUEL QUETZALTEPEC, MX","","","107.0",",m","24",",m","21",",m","5",",m","0",",m","0",",m","0",",m","30",",m","0",",m","16.7",",m,31,+","47.8",",,m,29,","27.8",",m,11,","0.0","m","0.0",",m","396.9",",,,m","21.78",",m","24.79",",,,m","18.78",",,,m"
"MXN00020097","1955-09","16.9667","-95.7667","1211.0","SAN MIGUEL QUETZALTEPEC, MX","","","63.8",",m","25",",m","20",",m","9",",m","0",",m","0",",m","0",",m","23",",m","0",",m","16.7",",m,29,+","83.8",",,m,29,","26.7",",m,21,+","0.0","m","0.0",",m","618.5",",,,m","20.46",",m","23.08",",,,m","17.84",",,,m"
"MXN00020097","1955-10","16.9667","-95.7667","1211.0","SAN MIGUEL QUETZALTEPEC, MX","","","24.0",",m","18",",m","16",",m","5",",m","0",",m","0",",m","0",",m","14",",m","0",",m","12.8",",m,23,+","90.9",",,m,09,","26.7",",m,06,","32.0","m","32.0",",m","386.6",",,,m","18.08",",m","20.61",",,,m","15.54",",,,m"
"MXN00020097","1955-11","16.9667","-95.7667","1211.0","SAN MIGUEL QUETZALTEPEC, MX","","","31.5",",m","18",",m","11",",m","3",",m","0",",m","0",",m","0",",m","15",",m","0",",m","11.7",",m,09,","35.8",",,m,17,","27.8",",m,16,","48.9","m","16.9",",m","199.1",",,,m","18.82",",m","22.06",",,,m","15.58",",,,m"
"MXN00020097","1955-12","16.9667","-95.7667","1211.0","SAN MIGUEL QUETZALTEPEC, MX","","","10.5","2,m","14",",m","11",",m","4",",m","0","1,m","0","1,m","0","1,m","11","1,m","0","1,m","10.6","1,m,10,+","47.0",",,m,19,","26.7","1,m,08,+","103.9","m","55.0","1,m","248.4",",,,m","16.86","2,m","20.34","1,,,m","13.38","1,,,m"
"MXN00020097","1956-01","16.9667","-95.7667","1211.0","SAN MIGUEL QUETZALTEPEC, MX","20.5","m","20.5",",m","8",",m","5",",m","2",",m","0",",m","0",",m","0",",m","13",",m","0",",m","7.8",",m,13,","32.8",",,m,02,","28.9",",m,21,+","180.6","m","76.7",",m","89.8",",,,m","16.52",",m","20.42",",,,m","12.62",",,,m"
"MXN00020097","1956-02","16.9667","-95.7667","1211.0","SAN MIGUEL QUETZALTEPEC, MX","98.0","m","77.5","2,m","8",",m","4",",m","0",",m","0","1,m","0","1,m","0","1,m","24","1,m","0","1,m","10.0","1,m,07,","10.9",",,m,29,","30.6","1,m,27,+","195.5","m","14.9","1,m","27.5",",,,m","20.48","2,m","25.46","1,,,m","15.50","1,,,m"
"MXN00020097","1956-03","16.9667","-95.7667","1211.0","SAN MIGUEL QUETZALTEPEC, MX","162.9","m","64.9",",m","10",",m","6",",m","2",",m","0",",m","0",",m","0",",m","23",",m","0",",m","10.0",",m,10,+","31.0",",,m,21,","31.7",",m,06,","210.0","m","14.5",",m","94.4",",,,m","19.96",",m","24.79",",,,m","15.13",",,,m"
"MXN00020097","1956-04","16.9667","-95.7667","1211.0","SAN MIGUEL QUETZALTEPEC, MX","286.6","m","123.7",",m","6",",m","3",",m","0",",m","0",",m","0",",m","0",",m","28",",m","0",",m","12.8",",m,09,","16.8",",,m,09,","30.6",",m,15,+","212.5","m","2.5",",m","29.9",",,,m","22.37",",m","26.67",",,,m","18.08",",,,m"
"MXN00020097","1956-05","16.9667","-95.7667","1211.0","SAN MIGUEL QUETZALTEPEC, MX","355.1","m","68.5",",m","24",",m","21",",m","5",",m","0",",m","0",",m","0",",m","25",",m","0",",m","11.7",",m,22,","68.8",",,m,15,","30.0",",m,06,","215.7","m","3.2",",m","383.5",",,,m","20.44",",m","24.17",",,,m","16.71",",,,m"
"MXN00020097","1956-06","16.9667","-95.7667","1211.0","SAN MIGUEL QUETZALTEPEC, MX","418.4","m","63.3",",m","24",",m","20",",m","4",",m","0",",m","0",",m","0",",m","20",",m","0",",m","15.6",",m,30,+","47.0",",,m,07,","27.8",",m,15,+","217.0","m","1.3",",m","304.0",",,,m","20.40",",m","22.99",",,,m","17.80",",,,m"
"MXN00020097","1956-07","16.9667","-95.7667","1211.0","SAN MIGUEL QUETZALTEPEC, MX","468.4","m","50.0",",m","28",",m","25",",m","9",",m","0",",m","0",",m","0",",m","26",",m","0",",m","15.6",",m,31,+","138.9",",,m,05,","25.6",",m,26,+","0.2","m","0.2",",m","691.9",",,,m","19.94",",m","22.71",",,,m","17.16",",,,m"
"MXN00020097","1956-08","16.9667","-95.7667","1211.0","SAN MIGUEL QUETZALTEPEC, MX","540.0","m","71.6",",m","27",",m","24",",m","6",",m","0",",m","0",",m","0",",m","29",",m","0",",m","15.6",",m,14,+","56.9",",,m,25,","28.9",",m,24,","0.4","m","0.2",",m","466.8",",,,m","20.63",",m","23.73",",,,m","17.54",",,,m"
"MXN00020097","1956-09","16.9667","-95.7667","1211.0","SAN MIGUEL QUETZALTEPEC, MX","592.3","m","52.3",",m","23",",m","21",",m","5",",m","0",",m","0",",m","0",",m","23",",m","0",",m","13.9",",m,28,","50.8",",,m,01,","25.0",",m,25,+","2.6","m","2.2",",m","382.3",",,,m","20.00",",m","22.52",",,,m","17.49",",,,m"
"MXN00020097","1956-10","16.9667","-95.7667","1211.0","SAN MIGUEL QUETZALTEPEC, MX","632.5","m","40.2","1,m","14",",m","10",",m","2",",m","0","1,m","0","1,m","0","1,m","20","1,m","0","1,m","12.8","1,m,24,","42.9",",,m,09,","27.2","1,m,02,","9.8","m","7.2","1,m","131.6",",,,m","19.43","1,m","22.63","1,,,m","16.23","1,,,m"
"MXN00020097","1956-11","16.9667","-95.7667","1211.0","SAN MIGUEL QUETZALTEPEC, MX","648.8","m","16.3","2,m","17",",m","12",",m","5",",m","0","1,m","0","1,m","0","1,m","9","1,m","0","1,m","8.9","1,m,27,","93.0",",,m,09,","28.9","1,m,02,","70.0","m","60.2","1,m","381.8",",,,m","16.80","2,m","20.16","1,,,m","13.44","1,,,m"
"MXN00020097","1956-12","16.9667","-95.7667","1211.0","SAN MIGUEL QUETZALTEPEC, MX","660.6","m","11.8",",m","22",",m","14",",m","3",",m","0",",m","0",",m","0",",m","9",",m","0",",m","10.0",",m,28,+","50.8",",,m,09,","26.7",",m,23,","137.0","m","67.0",",m","242.3",",,,m","16.55",",m","19.73",",,,m","13.37",",,,m"
"MXN00020097","1957-01","16.9667","-95.7667","1211.0","SAN MIGUEL QUETZALTEPEC, MX","16.4","m","16.4",",m","8",",m","6",",m","2",",m","0",",m","0",",m","0",",m","20",",m","0",",m","7.8",",m,19,+","31.0",",,m,17,","25.6",",m,22,+","183.5","m","46.5",",m","95.1",",,,m","17.36",",m","21.31",",,,m","13.42",",,,m"
"MXN00020097","1957-02","16.9667","-95.7667","1211.0","SAN MIGUEL QUETZALTEPEC, MX","44.5","m","28.1",",m","13",",m","10",",m","1",",m","0",",m","0",",m","0",",m","14",",m","0",",m","12.8",",m,28,+","38.9",",,m,20,","28.9",",m,01,","203.4","m","19.9",",m","125.3",",,,m","18.63",",m","21.90",",,,m","15.35",",,,m"
"MXN00020097","1957-03","16.9667","-95.7667","1211.0","SAN MIGUEL QUETZALTEPEC, MX","103.6","m","59.1",",m","12",",m","6",",m","0",",m","0",",m","0",",m","0",",m","27",",m","1",",m","7.8",",m,30,","21.8",",,m,28,","32.8",",m,21,","215.5","m","12.1",",m","59.8",",,,m","19.85",",m","25.96",",,,m","13.73",",,,m"
"MXN00020097","1957-04","16.9667","-95.7667","1211.0","SAN MIGUEL QUETZALTEPEC, MX","253.3","m","149.7","1,m","4",",m","3",",m","1",",m","0","1,m","0","1,m","0","1,m","28","1,m","1","1,m","13.9","1,m,11,+","29.0",",,m,08,","32.8","1,m,04,","215.7","m","0.2","1,m","43.5",",,,m","23.49","1,m","27.99","1,,,m","18.99","1,,,m"
"MXN00020097","1957-05","16.9667","-95.7667","1211.0","SAN MIGUEL QUETZALTEPEC, MX","421.3","m","168.0",",m","14",",m","7",",m","0",",m","0",",m","0",",m","0",",m","30",",m","1",",m","15.6",",m,08,+","15.7",",,m,09,","32.8",",m,22,","215.7","m","0.0",",m","64.5",",,,m","23.75",",m","27.98",",,,m","19.52",",,,m"
"MXN00020097","1957-06","16.9667","-95.7667","1211.0","SAN MIGUEL QUETZALTEPEC, MX","564.9","m","143.6",",m","17",",m","15",",m","5",",m","0",",m","0",",m","0",",m","29",",m","0",",m","16.7",",m,21,+","57.9",",,m,23,","30.6",",m,12,","215.7","m","0.0",",m","291.1",",,,m","23.12",",m","26.54",",,,m","19.70",",,,m"
"MXN00020097","1957-07","16.9667","-95.7667","1211.0","SAN MIGUEL QUETZALTEPEC, MX","617.2","m","52.3",",m","30",",m","26",",m","9",",m","0",",m","0",",m","0",",m","27",",m","0",",m","11.7",",m,17,+","81.8",",,m,27,","28.9",",m,25,","4.9","m","4.9",",m","645.8",",,,m","19.86",",m","23.53",",,,m","16.19",",,,m"
"MXN00020097","1957-08","16.9667","-95.7667","1211.0","SAN MIGUEL QUETZALTEPEC, MX","681.9","m","64.7",",m","23",",m","18",",m","4",",m","0",",m","0",",m","0",",m","31",",m","0",",m","15.0",",m,06,","46.0",",,m,13,+","25.6",",m,28,+","4.9","m","0.0",",m","313.0",",,,m","20.42",",m","24.20",",,,m","16.65",",,,m"
"MXN00020097","1957-09","16.9667","-95.7667","1211.0","SAN MIGUEL QUETZALTEPEC, MX","768.5","m","86.6",",m","23",",m","20",",m","5",",m","0",",m","0",",m","0",",m","26",",m","0",",m","15.6",",m,30,","40.9",",,m,18,","28.9",",m,21,+","7.0","m","2.1",",m","303.4",",,,m","21.15",",m","23.85",",,,m","18.44",",,,m"
"MXN00020097","1957-10","16.9667","-95.7667","1211.0","SAN MIGUEL QUETZALTEPEC, MX","829.1","m","60.6",",m","13",",m","12",",m","5",",m","0",",m","0",",m","0",",m","27",",m","0",",m","12.8",",m,30,+","115.8",",,m,26,","30.0",",m,30,","8.1","m","1.1",",m","402.8",",,,m","20.25",",m","24.37",",,,m","16.14",",,,m"
"MXN00020097","1957-11","16.9667","-95.7667","1211.0","SAN MIGUEL QUETZALTEPEC, MX","882.9","m","53.8",",m","11",",m","8",",m","0",",m","0",",m","0",",m","0",",m","24",",m","0",",m","10.6",",m,26,+","23.9",",,m,11,","30.0",",m,18,+","20.9","m","12.8",",m","69.2",",,,m","19.70",",m","24.31",",,,m","15.09",",,,m"
"MXN00020097","1957-12","16.9667","-95.7667","1211.0","SAN MIGUEL QUETZALTEPEC, MX","887.8","m","4.9","1,m","8",",m","6",",m","0",",m","0","1,m","0","1,m","0","1,m","10","1,m","0","1,m","7.8","1,m,01,","15.7",",,m,08,","27.8","1,m,19,+","112.4","m","91.5","1,m","55.7",",,,m","15.45","1,m","19.27","1,,,m","11.62","1,,,m"
"MXN00020097","1958-01","16.9667","-95.7667","1211.0","SAN MIGUEL QUETZALTEPEC, MX","12.4","m","12.4",",m","12",",m","6",",m","0",",m","0",",m","0",",m","0",",m","16",",m","0",",m","10.0",",m,24,+","19.8",",,m,19,","26.7",",m,27,+","170.8","m","58.4",",m","66.9",",,,m","16.85",",m","21.55",",,,m","12.15",",,,m"
"MXN00020097","1958-02","16.9667","-95.7667","1211.0","SAN MIGUEL QUETZALTEPEC, MX","39.5","m","27.1",",m","4",",m","3",",m","0",",m","0",",m","0",",m","0",",m","14",",m","0",",m","8.9",",m,13,+","10.9",",,m,24,","30.6",",m,22,","218.7","m","47.9",",m","18.3",",,,m","17.59",",m","22.39",",,,m","12.79",",,,m"
"MXN00020097","1958-03","16.9667","-95.7667","1211.0","SAN MIGUEL QUETZALTEPEC, MX","123.7","m","84.2","2,m","8",",m","4",",m","0",",m","0","1,m","0","1,m","0","1,m","26","1,m","1","1,m","10.0","1,m,21,","10.9",",,m,20,","32.8","1,m,08,","227.2","m","8.5","1,m","29.5",",,,m","20.88","2,m","26.26","1,,,m","15.49","1,,,m"
"MXN00020097","1958-04","16.9667","-95.7667","1211.0","SAN MIGUEL QUETZALTEPEC, MX","287.3","m","163.6","4,m","7",",m","2",",m","0",",m","0","2,m","0","2,m","0","2,m","27","2,m","8","2,m","13.9","2,m,03,","19.8",",,m,20,","33.9","2,m,24,+","227.4","m","0.2","2,m","38.8",",,,m","24.65","4,m","29.73","2,,,m","19.57","2,,,m"
"MXN00020097","1958-05","16.9667","-95.7667","1211.0","SAN MIGUEL QUETZALTEPEC, MX","426.9","m","139.6",",m","5",",m","3",",m","1",",m","0",",m","0",",m","0",",m","30",",m","0",",m","15.0",",m,23,+","27.9",",,m,18,","31.7",",m,10,+","228.5","m","1.1",",m","53.1",",,,m","22.80",",m","26.60",",,,m","19.00",",,,m"
"MXN00020097","1958-06","16.9667","-95.7667","1211.0","SAN MIGUEL QUETZALTEPEC, MX","498.3","m","71.4",",m","21",",m","18",",m","5",",m","0",",m","0",",m","0",",m","30",",m","0",",m","12.8",",m,05,","45.0",",,m,27,","30.0",",m,18,","229.6","m","1.1",",m","349.4",",,,m","20.68",",m","25.39",",,,m","15.96",",,,m"
"MXN00020097","1958-07","16.9667","-95.7667","1211.0","SAN MIGUEL QUETZALTEPEC, MX","524.0","m","25.7",",m","27",",m","26",",m","8",",m","0",",m","0",",m","0",",m","26",",m","0",",m","12.8",",m,18,+","74.9",",,m,05,","25.6",",m,29,+","7.3","m","7.3",",m","672.8",",,,m","18.93",",m","23.16",",,,m","14.70",",,,m"
"MXN00020097","1958-08","16.9667","-95.7667","1211.0","SAN MIGUEL QUETZALTEPEC, MX","582.2","m","58.2",",m","24",",m","20",",m","6",",m","0",",m","0",",m","0",",m","31",",m","0",",m","10.6",",m,13,","64.8",",,m,01,","28.9",",m,18,","12.2","m","4.9",",m","436.0",",,,m","20.05",",m","24.93",",,,m","15.17",",,,m"
"MXN00020097","1958-09","16.9667","-95.7667","1211.0","SAN MIGUEL QUETZALTEPEC, MX","636.9","m","54.7",",m","23",",m","17",",m","5",",m","0",",m","0",",m","0",",m","26",",m","0",",m","11.7",",m,05,+","95.8",",,m,27,","28.9",",m,14,+","16.8","m","4.6",",m","425.4",",,,m","20.00",",m","24.39",",,,m","15.62",",,,m"
"MXN00020097","1958-10","16.9667","-95.7667","1211.0","SAN MIGUEL QUETZALTEPEC, MX","665.2","m","28.3",",m","23",",m","15",",m","4",",m","0",",m","0",",m","0",",m","23",",m","0",",m","11.7",",m,31,+","61.0",",,m,14,","26.7",",m,29,+","29.3","m","12.5",",m","282.3",",,,m","18.84",",m","23.12",",,,m","14.56",",,,m"
"MXN00020097","1958-11","16.9667","-95.7667","1211.0","SAN MIGUEL QUETZALTEPEC, MX","671.0","m","5.8",",m","17",",m","13",",m","1",",m","0",",m","0",",m","0",",m","20",",m","0",",m","7.8",",m,18,","39.9",",,m,21,","27.8",",m,09,+","77.9","m","48.6",",m","182.5",",,,m","16.91",",m","22.88",",,,m","10.93",",,,m"
"MXN00020097","1958-12","16.9667","-95.7667","1211.0","SAN MIGUEL QUETZALTEPEC, MX","672.7","m","1.7",",m","13",",m","12",",m","1",",m","0",",m","0",",m","0",",m","1",",m","0",",m","5.6",",m,29,","38.9",",,m,13,","21.1",",m,10,","207.8","m","129.9",",m","140.2",",,,m","14.20",",m","16.81",",,,m","11.58",",,,m"
"MXN00020097","1959-01","16.9667","-95.7667","1211.0","SAN MIGUEL QUETZALTEPEC, MX","23.0","m","23.0",",m","8",",m","3",",m","0",",m","0",",m","0",",m","0",",m","27",",m","0",",m","10.0",",m,17,","19.8",",,m,22,","28.9",",m,23,","226.9","m","19.1",",m","41.6",",,,m","18.46",",m","23.52",",,,m","13.40",",,,m"
"MXN00020097","1959-02","16.9667","-95.7667","1211.0","SAN MIGUEL QUETZALTEPEC, MX","62.4","m","39.4",",m","4",",m","4",",m","0",",m","0",",m","0",",m","0",",m","20",",m","0",",m","10.0",",m,19,+","20.8",",,m,02,","28.9",",m,17,+","234.3","m","7.4",",m","57.4",",,,m","19.48",",m","23.53",",,,m","15.42",",,,m"
"MXN00020097","1959-03","16.9667","-95.7667","1211.0","SAN MIGUEL QUETZALTEPEC, MX","85.5","m","23.1",",m","8",",m","5",",m","0",",m","0",",m","0",",m","0",",m","22",",m","0",",m","8.9",",m,14,","11.9",",,m,11,","31.7",",m,28,","269.2","m","34.9",",m","45.8",",,,m","17.95",",m","23.34",",,,m","12.57",",,,m"
"MXN00020097","1959-04","16.9667","-95.7667","1211.0","SAN MIGUEL QUETZALTEPEC, MX","103.2","m","17.7",",m","9",",m","3",",m","0",",m","0",",m","0",",m","0",",m","23",",m","0",",m","10.0",",m,07,","4.8",",,m,23,","28.9",",m,09,+","300.3","m","31.1",",m","20.2",",,,m","17.89",",m","23.39",",,,m","12.38",",,,m"
"MXN00020097","1959-05","16.9667","-95.7667","1211.0","SAN MIGUEL QUETZALTEPEC, MX","122.9","m","19.7",",m","7",",m","4",",m","0",",m","0",",m","0",",m","0",",m","22",",m","0",",m","10.0",",m,21,","6.9",",,m,09,","31.7",",m,22,","326.7","m","26.4",",m","20.7",",,,m","18.12",",m","23.31",",,,m","12.93",",,,m"
"MXN00020097","1959-06","16.9667","-95.7667","1211.0","SAN MIGUEL QUETZALTEPEC, MX","178.8","m","55.9",",m","17",",m","15",",m","3",",m","0",",m","0",",m","0",",m","29",",m","0",",m","10.0",",m,26,","35.8",",,m,25,","30.0",",m,16,","333.8","m","7.1",",m","245.8",",,,m","19.96",",m","24.80",",,,m","15.12",",,,m"
"MXN00020097","1959-07","16.9667","-95.7667","1211.0","SAN MIGUEL QUETZALTEPEC, MX","207.4","m","28.6",",m","19",",m","18",",m","1",",m","0",",m","0",",m","0",",m","27",",m","0",",m","10.0",",m,31,+","31.8",",,m,17,","28.9",",m,21,","11.4","m","11.4",",m","229.3",",,,m","18.89",",m","23.32",",,,m","14.45",",,,m"
"MXN00020097","1959-08","16.9667","-95.7667","1211.0","SAN MIGUEL QUETZALTEPEC, MX","228.7","m","21.3",",m","17",",m","16",",m","1",",m","0",",m","0",",m","0",",m","28",",m","0",",m","10.6",",m,25,+","35.8",",,m,07,","28.9",",m,26,","23.8","m","12.4",",m","235.4",",,,m","18.62",",m","24.20",",,,m","13.04",",,,m"
"MXN00020097","1959-09","16.9667","-95.7667","1211.0","SAN MIGUEL QUETZALTEPEC, MX","253.4","m","24.7",",m","8",",m","7",",m","2",",m","0",",m","0",",m","0",",m","23",",m","0",",m","11.7",",m,23,+","46.0",",,m,23,","27.8",",m,06,","35.5","m","11.7",",m","150.6",",,,m","18.77",",m","22.84",",,,m","14.69",",,,m"
"MXN00020097","1959-10","16.9667","-95.7667","1211.0","SAN MIGUEL QUETZALTEPEC, MX","253.5","m","0.1",",m","10",",m","7",",m","0",",m","0",",m","0",",m","0",",m","9",",m","0",",m","10.6",",m,28,+","21.1",",,m,15,","22.8",",m,22,+","80.8","m","45.3",",m","81.6",",,,m","16.88",",m","20.33",",,,m","13.43",",,,m"
"MXN00020097","1959-11","16.9667","-95.7667","1211.0","SAN MIGUEL QUETZALTEPEC, MX","253.5","m","0.0",",m","4",",m","2",",m","1",",m","0",",m","0",",m","0",",m","0",",m","0",",m","10.0",",m,14,+","26.2",",,m,29,","20.6",",m,29,+","171.5","m","90.7",",m","46.0",",,,m","15.31",",m","18.81",",,,m","11.81",",,,m"
"MXN00020097","1959-12","16.9667","-95.7667","1211.0","SAN MIGUEL QUETZALTEPEC, MX","270.1","m","16.6","2,m","14",",m","9",",m","0",",m","0","1,m","0","1,m","0","1,m","9","1,m","0","1,m","7.8","1,m,07,","19.8",",,m,03,","26.7","1,m,31,+","250.5","m","79.0","1,m","61.5",",,,m","16.18","2,m","19.50","1,,,m","12.86","1,,,m"
"MXN00020097","1960-01","16.9667","-95.7667","1211.0","SAN MIGUEL QUETZALTEPEC, MX","40.1","m","40.1",",m","12","1,m","8","1,m","2","1,m","0",",m","0",",m","0",",m","22",",m","0",",m","7.8",",m,31,+","39.9","1,,m,21,","28.9",",m,04,+","294.3","m","43.8",",m","125.6","1,,,m","18.21",",m","23.00",",,,m","13.43",",,,m"
"MXN00020097","1960-02","16.9667","-95.7667","1211.0","SAN MIGUEL QUETZALTEPEC, MX","74.3","m","34.2",",m","3",",m","3",",m","0",",m","0",",m","0",",m","0",",m","24",",m","0",",m","3.9",",m,14,+","6.9",",,m,12,","28.9",",m,26,+","327.4","m","33.1",",m","14.5",",,,m","18.37",",m","24.66",",,,m","12.08",",,,m"
"MXN00020097","1960-03","16.9667","-95.7667","1211.0","SAN MIGUEL QUETZALTEPEC, MX","125.2","m","50.9","2,m","9",",m","5",",m","0",",m","0","1,m","0","1,m","0","1,m","19","1,m","0","1,m","8.9","1,m,19,","19.8",",,m,03,","31.7","1,m,29,","371.5","m","44.1","1,m","55.6",",,,m","18.51","2,m","23.15","1,,,m","13.86","1,,,m"
"MXN00020097","1960-04","16.9667","-95.7667","1211.0","SAN MIGUEL QUETZALTEPEC, MX","223.2","m","98.0",",m","5",",m","5",",m","1",",m","0",",m","0",",m","0",",m","27",",m","1",",m","7.8",",m,04,","45.0",",,m,14,","32.8",",m,30,","386.7","m","15.2",",m","81.3",",,,m","21.09",",m","26.20",",,,m","15.98",",,,m"
"MXN00020097","1960-05","16.9667","-95.7667","1211.0","SAN MIGUEL QUETZALTEPEC, MX","344.3","m","121.1",",m","1",",m","1",",m","0",",m","0",",m","0",",m","0",",m","30",",m","0",",m","11.7",",m,29,+","15.7",",,m,27,","31.7",",m,25,+","391.0","m","4.3",",m","15.7",",,,m","22.10",",m","26.55",",,,m","17.65",",,,m"
"MXN00020097","1960-06","16.9667","-95.7667","1211.0","SAN MIGUEL QUETZALTEPEC, MX","408.3","m","64.0",",m","16",",m","15",",m","9",",m","0",",m","0",",m","0",",m","27",",m","0",",m","13.9",",m,26,","66.8",",,m,27,","30.0",",m,16,+","392.1","m","1.1",",m","524.4",",,,m","20.43",",m","24.69",",,,m","16.17",",,,m"
"MXN00020097","1960-07","16.9667","-95.7667","1211.0","SAN MIGUEL QUETZALTEPEC, MX","468.2","m","59.9",",m","18",",m","18",",m","6",",m","0",",m","0",",m","0",",m","26",",m","0",",m","15.6",",m,28,+","55.9",",,m,06,","28.9",",m,30,+","0.8","m","0.8",",m","376.5",",,,m","20.24",",m","23.82",",,,m","16.66",",,,m"
"MXN00020097","1960-08","16.9667","-95.7667","1211.0","SAN MIGUEL QUETZALTEPEC, MX","521.6","m","53.4",",m","21",",m","20",",m","6",",m","0",",m","0",",m","0",",m","22",",m","0",",m","15.0",",m,20,+","168.9",",,m,29,","26.7",",m,26,+","2.4","m","1.6",",m","767.7",",,,m","20.00",",m","23.10",",,,m","16.91",",,,m"
"MXN00020097","1960-09","16.9667","-95.7667","1211.0","SAN MIGUEL QUETZALTEPEC, MX","554.9","m","33.3",",m","16",",m","16",",m","8",",m","0",",m","0",",m","0",",m","22",",m","0",",m","10.0",",m,23,","119.9",",,m,10,","26.7",",m,08,","9.7","m","7.3",",m","556.0",",,,m","19.20",",m","22.47",",,,m","15.94",",,,m"
"MXN00020097","1960-10","16.9667","-95.7667","1211.0","SAN MIGUEL QUETZALTEPEC, MX","605.6","m","50.7",",m","18",",m","17",",m","5",",m","0",",m","0",",m","0",",m","27",",m","0",",m","13.9",",m,01,","39.9",",,m,25,","27.8",",m,14,","13.2","m","3.5",",m","305.9",",,,m","19.86",",m","23.25",",,,m","16.46",",,,m"
"MXN00020097","1960-11","16.9667","-95.7667","1211.0","SAN MIGUEL QUETZALTEPEC, MX","650.6","m","45.0",",m","8",",m","8",",m","3",",m","0",",m","0",",m","0",",m","24",",m","0",",m","15.0",",m,25,+","63.8",",,m,30,","26.7",",m,28,+","17.2","m","4.0",",m","214.3",",,,m","19.70",",m","23.36",",,,m","16.04",",,,m"
"MXN00020097","1960-12","16.9667","-95.7667","1211.0","SAN MIGUEL QUETZALTEPEC, MX","678.2","m","27.6",",m","11",",m","11",",m","2",",m","0",",m","0",",m","0",",m","24",",m","0",",m","15.0",",m,31,+","34.8",",,m,01,","25.0",",m,29,+","21.1","m","3.9",",m","161.4",",,,m","19.10",",m","22.73",",,,m","15.47",",,,m"
"MXN00020097","1961-01","16.9667","-95.7667","1211.0","SAN MIGUEL QUETZALTEPEC, MX","4.2","m","4.2","4,m","12",",m","12",",m","2",",m","0","2,m","0","2,m","0","2,m","7","2,m","0","2,m","7.8","2,m,09,","40.9",",,m,03,","25.6","2,m,03,","123.4","m","102.3","2,m","173.1",",,,m","14.53","4,m","17.78","2,,,m","11.28","2,,,m"
"MXN00020097","1961-02","16.9667","-95.7667","1211.0","SAN MIGUEL QUETZALTEPEC, MX","24.4","m","20.2","2,m","5",",m","4",",m","0",",m","0","1,m","0","1,m","0","1,m","12","1,m","0","1,m","7.8","1,m,26,","13.0",",,m,02,","28.9","1,m,18,","185.8","m","62.4","1,m","33.3",",,,m","16.77","2,m","20.76","1,,,m","12.78","1,,,m"
"MXN00020097","1961-03","16.9667","-95.7667","1211.0","SAN MIGUEL QUETZALTEPEC, MX","117.4","m","93.0","2,m","6",",m","6",",m","1",",m","0","1,m","0","1,m","0","1,m","25","1,m","0","1,m","8.9","1,m,10,+","57.9",",,m,08,","31.7","1,m,30,","196.3","m","10.5","1,m","99.1",",,,m","20.98","2,m","25.28","1,,,m","16.68","1,,,m"
"MXN00020097","1961-04","16.9667","-95.7667","1211.0","SAN MIGUEL QUETZALTEPEC, MX","205.8","m","88.4",",m","3",",m","3",",m","0",",m","0",",m","0",",m","0",",m","26",",m","0",",m","13.9",",m,19,+","17.8",",,m,06,","30.6",",m,28,+","200.7","m","4.4",",m","34.6",",,,m","21.13",",m","24.69",",,,m","17.58",",,,m"
"MXN00020097","1961-05","16.9667","-95.7667","1211.0","SAN MIGUEL QUETZALTEPEC, MX","346.8","m","141.0",",m","3",",m","2",",m","2",",m","0",",m","0",",m","0",",m","31",",m","0",",m","12.8",",m,12,","63.8",",,m,25,","31.7",",m,14,+","200.7","m","0.0",",m","103.4",",,,m","22.88",",m","27.75",",,,m","18.02",",,,m"
"MXN00020097","1961-06","16.9667","-95.7667","1211.0","SAN MIGUEL QUETZALTEPEC, MX","420.8","m","74.0",",m","14",",m","14",",m","4",",m","0",",m","0",",m","0",",m","29",",m","0",",m","15.6",",m,30,+","82.8",",,m,01,","28.9",",m,19,","202.3","m","1.6",",m","307.6",",,,m","20.75",",m","23.89",",,,m","17.60",",,,m"
"MXN00020097","1961-07","16.9667","-95.7667","1211.0","SAN MIGUEL QUETZALTEPEC, MX","443.7","m","22.9","2,m","26",",m","26",",m","9",",m","0","1,m","0","1,m","0","1,m","10","1,m","0","1,m","15.0","1,m,30,+","89.9",",,m,06,","28.9","1,m,17,","13.0","m","13.0","1,m","678.4",",,,m","18.63","2,m","20.89","1,,,m","16.38","1,,,m"
"MXN00020097","1961-08","16.9667","-95.7667","1211.0","SAN MIGUEL QUETZALTEPEC, MX","479.2","m","35.5",",m","19",",m","19",",m","6",",m","0",",m","0",",m","0",",m","20",",m","0",",m","15.0",",m,17,+","98.8",",,m,11,","25.0",",m,30,+","19.7","m","6.7",",m","464.4",",,,m","19.26",",m","22.15",",,,m","16.38",",,,m"
"MXN00020097","1961-09","16.9667","-95.7667","1211.0","SAN MIGUEL QUETZALTEPEC, MX","527.8","m","48.6",",m","15",",m","15",",m","6",",m","0",",m","0",",m","0",",m","21",",m","0",",m","15.0",",m,30,+","84.8",",,m,04,","26.7",",m,21,+","23.1","m","3.4",",m","448.0",",,,m","19.84",",m","22.67",",,,m","17.01",",,,m"
"MXN00020097","1961-10","16.9667","-95.7667","1211.0","SAN MIGUEL QUETZALTEPEC, MX","542.0","m","14.2","2,m","12",",m","12",",m","1",",m","0","1,m","0","1,m","0","1,m","12","1,m","0","1,m","10.6","1,m,16,","43.9",",,m,03,","25.0","1,m,10,","59.2","m","36.1","1,m","186.9",",,,m","17.59","2,m","20.15","1,,,m","15.02","1,,,m"
"MXN00020097","1961-11","16.9667","-95.7667","1211.0","SAN MIGUEL QUETZALTEPEC, MX","564.9","m","22.9",",m","11",",m","11",",m","7",",m","0",",m","0",",m","0",",m","13",",m","0",",m","10.6",",m,27,","102.9",",,m,01,","25.6",",m,22,+","86.1","m","26.9",",m","455.4",",,,m","18.20",",m","20.78",",,,m","15.62",",,,m"
"MXN00020097","1961-12","16.9667","-95.7667","1211.0","SAN MIGUEL QUETZALTEPEC, MX","591.9","m","27.0","3,m","4",",m","4",",m","1",",m","0","2,m","0","2,m","0","1,m","14","1,m","0","1,m","10.0","2,m,26,+","34.8",",,m,24,","28.9","1,m,12,","127.2","m","41.1","1,m","79.3",",,,m","17.76","3,m","20.74","1,,,m","14.77","2,,,m"
"MXN00020097","1962-01","16.9667","-95.7667","1211.0","SAN MIGUEL QUETZALTEPEC, MX","","","","","6",",m","3",",m","0",",m","0","3,m","0","3,m","0","4,m","9","4,m","0","4,m","5.6","3,m,12,","20.8",",,m,28,+","25.6","4,m,04,","","","","","47.8",",,,m","15.50","6,m","19.28","4,,,m","11.73","3,,,m"
"MXN00020097","1962-02","16.9667","-95.7667","1211.0","SAN MIGUEL QUETZALTEPEC, MX","","","12.7",",m","0",",m","0",",m","0",",m","0",",m","0",",m","0",",m","12",",m","0",",m","10.0",",m,01,","0.0",",,m,28,+","27.8",",m,09,","","","37.6",",m","0.0",",,,m","17.44",",m","20.78",",,,m","14.10",",,,m"
"MXN00020097","1962-03","16.9667","-95.7667","1211.0","SAN MIGUEL QUETZALTEPEC, MX","","","83.2","1,m","6",",m","6",",m","0",",m","0","1,m","0","1,m","0",",m","23",",m","3",",m","12.8","1,m,28,+","18.8",",,m,31,","35.0",",m,11,","","","9.8",",m","45.0",",,,m","20.87","1,m","26.16",",,,m","15.58","1,,,m"
"MXN00020097","1962-04","16.9667","-95.7667","1211.0","SAN MIGUEL QUETZALTEPEC, MX","","","74.2","4,m","8",",m","6",",m","0",",m","0","2,m","0","2,m","0","3,m","17","3,m","1","3,m","10.0","2,m,18,","19.8",",,m,16,+","32.8","3,m,11,","","","15.1","3,m","77.8",",,,m","20.61","4,m","24.63","3,,,m","16.59","2,,,m"
"MXN00020097","1962-05","16.9667","-95.7667","1211.0","SAN MIGUEL QUETZALTEPEC, MX","","","95.6",",m","8",",m","6",",m","1",",m","0",",m","0",",m","0",",m","29",",m","0",",m","15.0",",m,17,+","36.8",",,m,13,","30.0",",m,29,+","","","1.4",",m","80.8",",,,m","21.37",",m","25.19",",,,m","17.55",",,,m"
"MXN00020097","1962-06","16.9667","-95.7667","1211.0","SAN MIGUEL QUETZALTEPEC, MX","","","78.4",",m","18",",m","13",",m","4",",m","0",",m","0",",m","0",",m","23",",m","0",",m","15.0",",m,29,","39.9",",,m,21,","30.0",",m,01,","","","2.1",",m","279.3",",,,m","20.88",",m","23.95",",,,m","17.80",",,,m"
"MXN00020097","1962-07","16.9667","-95.7667","1211.0","SAN MIGUEL QUETZALTEPEC, MX","","","50.8",",m","20",",m","19",",m","11",",m","0",",m","0",",m","0",",m","25",",m","0",",m","13.9",",m,31,","80.8",",,m,02,","27.8",",m,14,+","1.8","m","1.8",",m","579.2",",,,m","19.91",",m","23.28",",,,m","16.54",",,,m"
"MXN00020097","1962-08","16.9667","-95.7667","1211.0","SAN MIGUEL QUETZALTEPEC, MX","","","77.9",",m","22",",m","15",",m","2",",m","0",",m","0",",m","0",",m","28",",m","0",",m","15.6",",m,20,+","41.9",",,m,20,","27.8",",m,06,","1.8","m","0.0",",m","252.2",",,,m","20.85",",m","24.25",",,,m","17.45",",,,m"
"MXN00020097","1962-09","16.9667","-95.7667","1211.0","SAN MIGUEL QUETZALTEPEC, MX","","","55.8",",m","26",",m","22",",m","6",",m","0",",m","0",",m","0",",m","25",",m","0",",m","15.6",",m,25,+","65.8",",,m,15,","27.8",",m,09,+","2.9","m","1.1",",m","462.9",",,,m","20.16",",m","23.12",",,,m","17.20",",,,m"
"MXN00020097","1962-10","16.9667","-95.7667","1211.0","SAN MIGUEL QUETZALTEPEC, MX","","","42.2",",m","23",",m","20",",m","6",",m","0",",m","0",",m","0",",m","21",",m","0",",m","12.8",",m,31,","43.9",",,m,05,","26.7",",m,01,","17.7","m","14.8",",m","300.7",",,,m","19.22",",m","22.10",",,,m","16.34",",,,m"
"MXN00020097","1962-11","16.9667","-95.7667","1211.0","SAN MIGUEL QUETZALTEPEC, MX","","","14.4","2,m","11",",m","10",",m","2",",m","0","1,m","0","1,m","0","1,m","11","1,m","0","1,m","10.6","1,m,15,","52.8",",,m,25,","26.7","1,m,21,","59.3","m","41.6","1,m","159.5",",,,m","17.29","2,m","20.53","1,,,m","14.05","1,,,m"
"MXN00020097","1962-12","16.9667","-95.7667","1211.0","SAN MIGUEL QUETZALTEPEC, MX","","","3.1","4,m","12",",m","9",",m","1",",m","0","2,m","0","2,m","0","2,m","9","2,m","0","2,m","10.0","2,m,13,","31.0",",,m,05,","23.9","2,m,24,+","114.1","m","54.8","2,m","108.8",",,,m","16.36","4,m","19.14","2,,,m","13.58","2,,,m"
"MXN00020097","1963-01","16.9667","-95.7667","1211.0","SAN MIGUEL QUETZALTEPEC, MX","13.2","m","13.2","4,m","11",",m","6",",m","0",",m","0","2,m","0","2,m","0","2,m","10","2,m","0","2,m","8.9","2,m,24,","19.8",",,m,07,","28.9","2,m,12,","176.5","m","62.4","2,m","70.0",",,,m","16.76","4,m","20.80","2,,,m","12.71","2,,,m"
"MXN00020097","1963-02","16.9667","-95.7667","1211.0","SAN MIGUEL QUETZALTEPEC, MX","32.1","m","18.9","2,m","3",",m","2",",m","0",",m","0","1,m","0","1,m","0","1,m","18","1,m","0","1,m","5.6","1,m,20,+","3.8",",,m,13,","27.8","1,m,28,","215.3","m","38.8","1,m","8.4",",,,m","17.37","2,m","22.62","1,,,m","12.12","1,,,m"
"MXN00020097","1963-03","16.9667","-95.7667","1211.0","SAN MIGUEL QUETZALTEPEC, MX","96.7","m","64.6","2,m","4",",m","3",",m","1",",m","0","1,m","0","1,m","0","1,m","22","1,m","0","1,m","10.6","1,m,07,","64.8",",,m,22,","31.7","1,m,19,","240.6","m","25.3","1,m","95.3",",,,m","19.74","2,m","24.22","1,,,m","15.25","1,,,m"
"MXN00020097","1963-04","16.9667","-95.7667","1211.0","SAN MIGUEL QUETZALTEPEC, MX","242.9","m","146.2",",m","2",",m","2",",m","2",",m","0",",m","0",",m","0",",m","30",",m","2",",m","15.0",",m,02,+","43.9",",,m,30,","32.8",",m,20,+","240.6","m","0.0",",m","77.7",",,,m","23.21",",m","27.93",",,,m","18.48",",,,m"
"MXN00020097","1963-05","16.9667","-95.7667","1211.0","SAN MIGUEL QUETZALTEPEC, MX","339.1","m","96.2",",m","7",",m","6",",m","0",",m","0",",m","0",",m","0",",m","31",",m","0",",m","15.6",",m,25,+","17.8",",,m,17,","27.8",",m,28,+","240.6","m","0.0",",m","60.0",",,,m","21.44",",m","25.15",",,,m","17.73",",,,m"
"MXN00020097","1963-06","16.9667","-95.7667","1211.0","SAN MIGUEL QUETZALTEPEC, MX","456.3","m","117.2",",m","19",",m","19",",m","6",",m","0",",m","0",",m","0",",m","27",",m","0",",m","15.6",",m,27,","78.0",",,m,28,","31.7",",m,06,","242.2","m","1.6",",m","531.8",",,,m","22.19",",m","26.11",",,,m","18.26",",,,m"
"MXN00020097","1963-07","16.9667","-95.7667","1211.0","SAN MIGUEL QUETZALTEPEC, MX","525.3","m","69.0",",m","21",",m","21",",m","9",",m","0",",m","0",",m","0",",m","26",",m","0",",m","15.6",",m,21,+","119.9",",,m,18,","27.8",",m,10,","1.6","m","1.6",",m","621.4",",,,m","20.51",",m","23.64",",,,m","17.38",",,,m"
"MXN00020097","1963-08","16.9667","-95.7667","1211.0","SAN MIGUEL QUETZALTEPEC, MX","591.0","m","65.7",",m","18",",m","18",",m","6",",m","0",",m","0",",m","0",",m","29",",m","0",",m","15.6",",m,24,+","43.9",",,m,05,","25.6",",m,29,+","1.6","m","0.0",",m","382.6",",,,m","20.45",",m","23.71",",,,m","17.20",",,,m"
"MXN00020097","1963-09","16.9667","-95.7667","1211.0","SAN MIGUEL QUETZALTEPEC, MX","630.7","m","39.7",",m","24",",m","24",",m","10",",m","0",",m","0",",m","0",",m","17",",m","0",",m","15.6",",m,30,+","119.9",",,m,20,","25.6",",m,15,","3.4","m","1.8",",m","1009.8",",,,m","19.60",",m","22.28",",,,m","16.92",",,,m"
"MXN00020097","1963-10","16.9667","-95.7667","1211.0","SAN MIGUEL QUETZALTEPEC, MX","635.7","m","5.0",",m","13",",m","12",",m","1",",m","0",",m","0",",m","0",",m","11",",m","0",",m","13.9",",m,31,+","74.9",",,m,28,","23.9",",m,25,+","20.5","m","17.1",",m","186.4",",,,m","17.94",",m","20.69",",,,m","15.20",",,,m"
"MXN00020097","1963-11","16.9667","-95.7667","1211.0","SAN MIGUEL QUETZALTEPEC, MX","660.8","m","25.1","2,m","4",",m","4",",m","1",",m","0","1,m","0","1,m","0","1,m","17","1,m","0","1,m","11.7","1,m,16,","34.8",",,m,28,","27.8","1,m,09,","49.9","m","29.4","1,m","62.5",",,,m","18.27","2,m","21.86","1,,,m","14.68","1,,,m"
"MXN00020097","1963-12","16.9667","-95.7667","1211.0","SAN MIGUEL QUETZALTEPEC, MX","","","","","10",",m","10",",m","1",",m","0","3,m","0","3,m","0","3,m","5","3,m","0","3,m","5.6","3,m,31,+","40.9",",,m,17,","26.7","3,m,12,","","","","","159.7",",,,m","14.60","6,m","18.05","3,,,m","11.16","3,,,m"
"MXN00020097","1964-01","16.9667","-95.7667","1211.0","SAN MIGUEL QUETZALTEPEC, MX","","","","","9",",m","9",",m","1",",m","0","3,m","0","3,m","0","3,m","10","3,m","0","3,m","5.6","3,m,01,","30.0",",,m,09,","27.8","3,m,24,+","","","","","123.2",",,,m","15.41","6,m","19.29","3,,,m","11.53","3,,,m"
"MXN00020097","1964-03","16.9667","-95.7667","1211.0","SAN MIGUEL QUETZALTEPEC, MX","","","96.9","5,m","3",",m","3",",m","2",",m","0","3,m","0","3,m","0","3,m","26","3,m","3","3,m","10.6","3,m,22,","30.0",",,m,31,","32.8","3,m,26,+","","","2.2","3,m","66.8",",,,m","21.91","5,m","26.99","3,,,m","16.83","3,,,m"
"MXN00020097","1964-04","16.9667","-95.7667","1211.0","SAN MIGUEL QUETZALTEPEC, MX","","","166.6","2,m","2",",m","2",",m","0",",m","0","1,m","0","1,m","0","1,m","29","1,m","5","1,m","15.0","1,m,10,","17.8",",,m,14,","33.9","1,m,30,+","","","0.0","1,m","27.7",",,,m","24.19","2,m","29.18","1,,,m","19.20","1,,,m"
"MXN00020097","1964-05","16.9667","-95.7667","1211.0","SAN MIGUEL QUETZALTEPEC, MX","","","177.4",",m","7",",m","7",",m","1",",m","0",",m","0",",m","0",",m","29",",m","7",",m","15.6",",m,21,","39.9",",,m,27,","35.6",",m,07,+","","","0.0",",m","113.8",",,,m","24.05",",m","27.98",",,,m","20.13",",,,m"
"MXN00020097","1964-06","16.9667","-95.7667","1211.0","SAN MIGUEL QUETZALTEPEC, MX","","","84.8","2,m","18",",m","18",",m","7",",m","0","1,m","0","1,m","0","1,m","24","1,m","0","1,m","15.0","1,m,14,","105.9",",,m,28,","30.6","1,m,09,","","","0.8","1,m","509.8",",,,m","21.34","2,m","25.08","1,,,m","17.59","1,,,m"
"MXN00020097","1964-07","16.9667","-95.7667","1211.0","SAN MIGUEL QUETZALTEPEC, MX","","","55.8",",m","21",",m","20",",m","7",",m","0",",m","0",",m","0",",m","21",",m","0",",m","15.6",",m,22,+","79.8",",,m,16,","27.8",",m,28,","1.1","m","1.1",",m","496.6",",,,m","20.10",",m","22.66",",,,m","17.54",",,,m"
"MXN00020097","1964-08","16.9667","-95.7667","1211.0","SAN MIGUEL QUETZALTEPEC, MX","","","106.7",",m","12",",m","12",",m","7",",m","0",",m","0",",m","0",",m","31",",m","0",",m","15.0",",m,07,","99.8",",,m,06,","28.9",",m,22,","1.1","m","0.0",",m","443.0",",,,m","21.78",",m","25.24",",,,m","18.32",",,,m"
"MXN00020097","1964-09","16.9667","-95.7667","1211.0","SAN MIGUEL QUETZALTEPEC, MX","","","77.9",",m","15",",m","13",",m","2",",m","0",",m","0",",m","0",",m","24",",m","0",",m","16.7",",m,30,+","79.8",",,m,13,","26.7",",m,13,+","1.1","m","0.0",",m","265.0",",,,m","20.93",",m","23.59",",,,m","18.26",",,,m"
"MXN00020097","1964-10","16.9667","-95.7667","1211.0","SAN MIGUEL QUETZALTEPEC, MX","","","19.7","2,m","14",",m","13",",m","2",",m","0","1,m","0","1,m","0","1,m","10","1,m","0","1,m","10.6","1,m,21,","39.9",",,m,20,","25.0","1,m,26,+","28.5","m","27.4","1,m","244.8",",,,m","17.98","2,m","20.48","1,,,m","15.47","1,,,m"
"MXN00020097","1964-11","16.9667","-95.7667","1211.0","SAN MIGUEL QUETZALTEPEC, MX","","","28.7","2,m","11",",m","11",",m","3",",m","0","1,m","0","1,m","0","1,m","10","1,m","0","1,m","12.8","1,m,23,+","62.0",",,m,29,","27.8","1,m,20,+","59.5","m","31.0","1,m","236.3",",,,m","18.22","2,m","20.89","1,,,m","15.54","1,,,m"
"MXN00020097","1964-12","16.9667","-95.7667","1211.0","SAN MIGUEL QUETZALTEPEC, MX","","","15.5","2,m","10",",m","10",",m","3",",m","0","1,m","0","1,m","0","1,m","10","1,m","0","1,m","10.6","1,m,15,+","52.8",",,m,13,","27.8","1,m,08,","101.1","m","41.6","1,m","222.8",",,,m","17.44","2,m","20.59","1,,,m","14.30","1,,,m"
"MXN00020097","1965-01","16.9667","-95.7667","1211.0","SAN MIGUEL QUETZALTEPEC, MX","10.2","m","10.2","4,m","5",",m","3",",m","2",",m","0","2,m","0","2,m","0","2,m","6","2,m","0","2,m","0.6","2,m,18,","37.8",",,m,06,","27.8","2,m,25,","161.3","m","60.2","2,m","95.0",",,,m","16.47","4,m","19.45","2,,,m","13.49","2,,,m"
"MXN00020097","1965-02","16.9667","-95.7667","1211.0","SAN MIGUEL QUETZALTEPEC, MX","45.5","m","35.3",",m","5",",m","4",",m","0",",m","0",",m","0",",m","0",",m","15",",m","0",",m","7.8",",m,08,","24.9",",,m,19,","28.9",",m,11,+","189.9","m","28.6",",m","60.2",",,,m","18.57",",m","22.70",",,,m","14.44",",,,m"
"MXN00020097","1965-03","16.9667","-95.7667","1211.0","SAN MIGUEL QUETZALTEPEC, MX","117.4","m","71.9",",m","6",",m","4",",m","0",",m","0",",m","0",",m","0",",m","24",",m","0",",m","8.9",",m,08,","6.9",",,m,30,","31.7",",m,18,","224.2","m","34.3",",m","21.1",",,,m","19.55",",m","24.07",",,,m","15.02",",,,m"
"MXN00020097","1965-04","16.9667","-95.7667","1211.0","SAN MIGUEL QUETZALTEPEC, MX","249.6","m","132.2",",m","4",",m","4",",m","0",",m","0",",m","0",",m","0",",m","28",",m","0",",m","12.8",",m,30,","21.6",",,m,30,","31.7",",m,21,","227.8","m","3.6",",m","80.0",",,,m","22.62",",m","27.11",",,,m","18.13",",,,m"
"MXN00020097","1965-05","16.9667","-95.7667","1211.0","SAN MIGUEL QUETZALTEPEC, MX","384.4","m","134.8",",m","4",",m","4",",m","1",",m","0",",m","0",",m","0",",m","29",",m","0",",m","15.0",",m,27,+","30.0",",,m,01,","30.6",",m,19,","228.6","m","0.8",",m","85.9",",,,m","22.65",",m","27.17",",,,m","18.14",",,,m"
"MXN00020097","1965-06","16.9667","-95.7667","1211.0","SAN MIGUEL QUETZALTEPEC, MX","491.6","m","107.2",",m","14",",m","13",",m","8",",m","0",",m","0",",m","0",",m","20",",m","0",",m","13.9",",m,29,","114.8",",,m,22,","30.6",",m,13,+","234.8","m","6.2",",m","617.4",",,,m","21.70",",m","24.96",",,,m","18.44",",,,m"
"MXN00020097","1965-07","16.9667","-95.7667","1211.0","SAN MIGUEL QUETZALTEPEC, MX","571.4","m","79.8",",m","7",",m","6",",m","1",",m","0",",m","0",",m","0",",m","30",",m","0",",m","11.7",",m,02,+","39.9",",,m,20,","28.9",",m,10,+","0.8","m","0.8",",m","119.9",",,,m","20.88",",m","25.22",",,,m","16.55",",,,m"
"MXN00020097","1965-08","16.9667","-95.7667","1211.0","SAN MIGUEL QUETZALTEPEC, MX","621.3","m","49.9",",m","13",",m","13",",m","5",",m","0",",m","0",",m","0",",m","24",",m","0",",m","15.0",",m,27,","99.8",",,m,24,","26.7",",m,04,+","0.8","m","0.0",",m","447.0",",,,m","19.94",",m","22.92",",,,m","16.96",",,,m"
"MXN00020097","1965-09","16.9667","-95.7667","1211.0","SAN MIGUEL QUETZALTEPEC, MX","684.0","m","62.7",",m","8",",m","8",",m","3",",m","0",",m","0",",m","0",",m","27",",m","0",",m","11.7",",m,22,","81.8",",,m,17,","28.9",",m,01,","0.8","m","0.0",",m","207.0",",,,m","20.42",",m","23.82",",,,m","17.03",",,,m"
"MXN00020097","1965-10","16.9667","-95.7667","1211.0","SAN MIGUEL QUETZALTEPEC, MX","712.7","m","28.7",",m","13",",m","13",",m","7",",m","0",",m","0",",m","0",",m","20",",m","0",",m","10.6",",m,30,","99.8",",,m,20,","25.6",",m,21,","18.4","m","17.6",",m","480.2",",,,m","18.69",",m","22.13",",,,m","15.26",",,,m"
"MXN00020097","1965-11","16.9667","-95.7667","1211.0","SAN MIGUEL QUETZALTEPEC, MX","720.3","m","7.6",",m","3",",m","3",",m","3",",m","0",",m","0",",m","0",",m","8",",m","0",",m","10.0",",m,05,","39.9",",,m,04,","25.0",",m,12,","79.0","m","60.6",",m","111.5",",,,m","16.57",",m","19.44",",,,m","13.69",",,,m"
"MXN00020097","1965-12","16.9667","-95.7667","1211.0","SAN MIGUEL QUETZALTEPEC, MX","756.4","m","36.1",",m","10",",m","9",",m","2",",m","0",",m","0",",m","0",",m","18",",m","0",",m","10.0",",m,31,+","80.8",",,m,02,","28.9",",m,16,","122.4","m","43.4",",m","239.4",",,,m","18.10",",m","22.43",",,,m","13.77",",,,m"
"MXN00020097","1966-01","16.9667","-95.7667","1211.0","SAN MIGUEL QUETZALTEPEC, MX","6.0","m","6.0",",m","7",",m","7",",m","1",",m","0",",m","0",",m","0",",m","9",",m","0",",m","5.6",",m,31,","30.0",",,m,06,","26.7",",m,23,+","200.0","m","77.6",",m","102.4",",,,m","16.02",",m","19.97",",,,m","12.07",",,,m"
"MXN00020097","1966-02","16.9667","-95.7667","1211.0","SAN MIGUEL QUETZALTEPEC, MX","37.1","m","31.1",",m","10",",m","7",",m","2",",m","0",",m","0",",m","0",",m","17",",m","0",",m","7.8",",m,06,","54.9",",,m,04,","30.6",",m,27,+","242.2","m","42.2",",m","146.4",",,,m","17.94",",m","22.92",",,,m","12.96",",,,m"
"MXN00020097","1966-04","16.9667","-95.7667","1211.0","SAN MIGUEL QUETZALTEPEC, MX","","","128.2",",m","2",",m","2",",m","1",",m","0",",m","0",",m","0",",m","30",",m","1",",m","10.0",",m,22,","45.0",",,m,02,","32.8",",m,13,","","","0.0",",m","48.8",",,,m","22.61",",m","28.19",",,,m","17.02",",,,m"
"MXN00020097","1966-05","16.9667","-95.7667","1211.0","SAN MIGUEL QUETZALTEPEC, MX","","","119.1",",m","4",",m","3",",m","3",",m","0",",m","0",",m","0",",m","31",",m","0",",m","13.9",",m,06,","52.8",",,m,19,","30.6",",m,19,+","","","0.0",",m","124.5",",,,m","22.18",",m","26.93",",,,m","17.42",",,,m"
"MXN00020097","1966-06","16.9667","-95.7667","1211.0","SAN MIGUEL QUETZALTEPEC, MX","","","83.3",",m","16",",m","16",",m","8",",m","0",",m","0",",m","0",",m","28",",m","0",",m","15.6",",m,30,+","199.9",",,m,27,","28.9",",m,10,+","","","0.2",",m","800.1",",,,m","21.10",",m","25.01",",,,m","17.20",",,,m"
"MXN00020097","1966-07","16.9667","-95.7667","1211.0","SAN MIGUEL QUETZALTEPEC, MX","","","53.8",",m","17",",m","16",",m","7",",m","0",",m","0",",m","0",",m","28",",m","0",",m","13.9",",m,17,","125.0",",,m,13,","26.7",",m,28,+","1.3","m","1.3",",m","612.0",",,,m","20.03",",m","23.78",",,,m","16.27",",,,m"
"MXN00020097","1966-08","16.9667","-95.7667","1211.0","SAN MIGUEL QUETZALTEPEC, MX","","","69.1",",m","10",",m","9",",m","1",",m","0",",m","0",",m","0",",m","27",",m","0",",m","15.0",",m,18,","78.0",",,m,14,","27.8",",m,11,+","1.5","m","0.2",",m","192.2",",,,m","20.55",",m","24.18",",,,m","16.93",",,,m"
"MXN00020097","1966-09","16.9667","-95.7667","1211.0","SAN MIGUEL QUETZALTEPEC, MX","","","59.4",",m","10",",m","10",",m","3",",m","0",",m","0",",m","0",",m","27",",m","0",",m","15.0",",m,07,","67.8",",,m,06,","27.8",",m,26,","1.7","m","0.2",",m","249.3",",,,m","20.31",",m","23.58",",,,m","17.03",",,,m"
"MXN00020097","1966-10","16.9667","-95.7667","1211.0","SAN MIGUEL QUETZALTEPEC, MX","","","64.9",",m","17",",m","16",",m","7",",m","0",",m","0",",m","0",",m","28",",m","0",",m","10.6",",m,31,+","119.9",",,m,17,","28.9",",m,19,","7.6","m","5.9",",m","575.5",",,,m","20.24",",m","24.59",",,,m","15.88",",,,m"
"MXN00020097","1966-11","16.9667","-95.7667","1211.0","SAN MIGUEL QUETZALTEPEC, MX","","","28.3",",m","4",",m","4",",m","1",",m","0",",m","0",",m","0",",m","17",",m","0",",m","10.6",",m,29,","32.8",",,m,15,","26.7",",m,11,+","24.3","m","16.7",",m","55.4",",,,m","18.72",",m","22.34",",,,m","15.10",",,,m"
"MXN00020097","1966-12","16.9667","-95.7667","1211.0","SAN MIGUEL QUETZALTEPEC, MX","","","28.7","2,m","4",",m","3",",m","1",",m","0","1,m","0","1,m","0","1,m","18","1,m","0","1,m","7.8","1,m,16,+","34.8",",,m,10,","28.3","1,m,30,+","76.6","m","52.3","1,m","43.2",",,,m","17.54","2,m","21.90","1,,,m","13.17","1,,,m"
"MXN00020097","1967-01","16.9667","-95.7667","1211.0","SAN MIGUEL QUETZALTEPEC, MX","7.7","m","7.7",",m","5",",m","5",",m","0",",m","0",",m","0",",m","0",",m","15",",m","0",",m","5.6",",m,12,","17.8",",,m,10,","27.8",",m,03,+","119.4","m","42.8",",m","62.5",",,,m","17.20",",m","21.82",",,,m","12.58",",,,m"
"MXN00020097","1967-02","16.9667","-95.7667","1211.0","SAN MIGUEL QUETZALTEPEC, MX","24.6","m","16.9",",m","3",",m","2",",m","1",",m","0",",m","0",",m","0",",m","22",",m","0",",m","6.7",",m,14,","57.9",",,m,25,","27.8",",m,18,","155.5","m","36.1",",m","68.6",",,,m","17.65",",m","23.26",",,,m","12.04",",,,m"
"MXN00020097","1967-03","16.9667","-95.7667","1211.0","SAN MIGUEL QUETZALTEPEC, MX","166.4","m","141.8",",m","3",",m","3",",m","0",",m","0",",m","0",",m","0",",m","29",",m","0",",m","10.6",",m,02,+","19.8",",,m,23,","30.6",",m,29,","163.7","m","8.2",",m","35.5",",,,m","22.64",",m","27.91",",,,m","17.37",",,,m"
"MXN00020097","1967-04","16.9667","-95.7667","1211.0","SAN MIGUEL QUETZALTEPEC, MX","291.2","m","124.8",",m","7",",m","7",",m","2",",m","0",",m","0",",m","0",",m","29",",m","0",",m","13.9",",m,04,","59.9",",,m,11,","30.0",",m,30,+","165.1","m","1.4",",m","141.1",",,,m","22.45",",m","26.99",",,,m","17.90",",,,m"
"MXN00020097","1967-05","16.9667","-95.7667","1211.0","SAN MIGUEL QUETZALTEPEC, MX","433.5","m","142.3",",m","2",",m","2",",m","2",",m","0",",m","0",",m","0",",m","30",",m","3",",m","10.0",",m,16,","122.9",",,m,15,","32.8",",m,15,+","169.5","m","4.4",",m","180.8",",,,m","22.78",",m","28.12",",,,m","17.44",",,,m"
"MXN00020097","1967-06","16.9667","-95.7667","1211.0","SAN MIGUEL QUETZALTEPEC, MX","515.8","m","82.3",",m","15",",m","15",",m","6",",m","0",",m","0",",m","0",",m","28",",m","0",",m","13.9",",m,07,","104.9",",,m,18,","31.7",",m,02,+","170.0","m","0.5",",m","424.4",",,,m","21.06",",m","25.52",",,,m","16.60",",,,m"
"MXN00020097","1967-07","16.9667","-95.7667","1211.0","SAN MIGUEL QUETZALTEPEC, MX","562.6","m","46.8",",m","22",",m","20",",m","7",",m","0",",m","0",",m","0",",m","29",",m","0",",m","13.9",",m,12,","97.8",",,m,22,","26.7",",m,02,","0.2","m","0.2",",m","512.5",",,,m","19.84",",m","23.21",",,,m","16.46",",,,m"
"MXN00020097","1967-08","16.9667","-95.7667","1211.0","SAN MIGUEL QUETZALTEPEC, MX","645.3","m","82.7",",m","20",",m","19",",m","5",",m","0",",m","0",",m","0",",m","31",",m","0",",m","15.0",",m,24,+","108.0",",,m,16,","26.7",",m,23,","0.2","m","0.0",",m","429.5",",,,m","21.00",",m","24.38",",,,m","17.62",",,,m"
"MXN00020097","1967-09","16.9667","-95.7667","1211.0","SAN MIGUEL QUETZALTEPEC, MX","781.7","m","136.4",",m","9",",m","7",",m","3",",m","0",",m","0",",m","0",",m","30",",m","0",",m","15.6",",m,13,+","42.9",",,m,27,+","28.9",",m,21,","0.2","m","0.0",",m","176.8",",,,m","22.88",",m","26.92",",,,m","18.84",",,,m"
"MXN00020097","1967-10","16.9667","-95.7667","1211.0","SAN MIGUEL QUETZALTEPEC, MX","862.2","m","80.5",",m","13",",m","11",",m","1",",m","0",",m","0",",m","0",",m","30",",m","0",",m","11.7",",m,16,","40.9",",,m,08,","28.9",",m,19,","1.3","m","1.1",",m","161.3",",,,m","20.90",",m","25.53",",,,m","16.26",",,,m"
"MXN00020097","1967-11","16.9667","-95.7667","1211.0","SAN MIGUEL QUETZALTEPEC, MX","890.8","m","28.6",",m","8",",m","6",",m","0",",m","0",",m","0",",m","0",",m","14",",m","0",",m","10.6",",m,22,+","19.8",",,m,10,","28.9",",m,24,+","39.8","m","38.5",",m","75.8",",,,m","18.00",",m","22.17",",,,m","13.84",",,,m"
"MXN00020097","1967-12","16.9667","-95.7667","1211.0","SAN MIGUEL QUETZALTEPEC, MX","954.4","m","63.6",",m","6",",m","5",",m","2",",m","0",",m","0",",m","0",",m","26",",m","0",",m","10.6",",m,05,","80.8",",,m,02,","28.3",",m,28,","51.4","m","11.6",",m","158.2",",,,m","20.01",",m","24.68",",,,m","15.35",",,,m"
"MXN00020097","1968-01","16.9667","-95.7667","1211.0","SAN MIGUEL QUETZALTEPEC, MX","0.4","m","0.4",",m","11",",m","8",",m","1",",m","0",",m","0",",m","0",",m","17",",m","0",",m","5.6",",m,15,+","75.9",",,m,12,","27.8",",m,15,+","100.0","m","48.6",",m","170.2",",,,m","16.78",",m","22.91",",,,m","10.65",",,,m"
"MXN00020097","1968-02","16.9667","-95.7667","1211.0","SAN MIGUEL QUETZALTEPEC, MX","2.9","m","2.5",",m","10",",m","6",",m","0",",m","0",",m","0",",m","0",",m","6",",m","0",",m","7.8",",m,17,","10.9",",,m,04,","25.6",",m,25,+","200.5","m","100.5",",m","51.5",",,,m","14.96",",m","18.41",",,,m","11.50",",,,m"
"MXN00020097","1968-03","16.9667","-95.7667","1211.0","SAN MIGUEL QUETZALTEPEC, MX","54.6","m","51.7",",m","8",",m","6",",m","0",",m","0",",m","0",",m","0",",m","24",",m","0",",m","8.9",",m,15,","9.9",",,m,13,","28.9",",m,25,+","219.1","m","18.6",",m","41.7",",,,m","19.40",",m","24.65",",,,m","14.16",",,,m"
"MXN00020097","1968-04","16.9667","-95.7667","1211.0","SAN MIGUEL QUETZALTEPEC, MX","232.8","m","178.2",",m","3",",m","2",",m","0",",m","0",",m","0",",m","0",",m","30",",m","0",",m","15.0",",m,11,+","9.9",",,m,16,+","31.1",",m,24,","219.1","m","0.0",",m","21.1",",,,m","24.27",",m","29.61",",,,m","18.94",",,,m"
"MXN00020097","1968-05","16.9667","-95.7667","1211.0","SAN MIGUEL QUETZALTEPEC, MX","376.5","m","143.7",",m","7",",m","7",",m","1",",m","0",",m","0",",m","0",",m","31",",m","0",",m","15.0",",m,15,+","34.8",",,m,21,","30.6",",m,15,","219.1","m","0.0",",m","101.0",",,,m","22.97",",m","27.64",",,,m","18.30",",,,m"
"MXN00020097","1968-06","16.9667","-95.7667","1211.0","SAN MIGUEL QUETZALTEPEC, MX","506.5","m","130.0",",m","9",",m","8",",m","1",",m","0",",m","0",",m","0",",m","26",",m","0",",m","15.0",",m,30,+","65.8",",,m,11,","30.6",",m,07,+","222.6","m","3.5",",m","149.9",",,,m","22.55",",m","26.11",",,,m","18.98",",,,m"
"MXN00020097","1968-07","16.9667","-95.7667","1211.0","SAN MIGUEL QUETZALTEPEC, MX","608.7","m","102.2",",m","16",",m","16",",m","6",",m","0",",m","0",",m","0",",m","31",",m","0",",m","15.0",",m,24,+","110.0",",,m,25,","28.9",",m,05,","0.0","m","0.0",",m","552.3",",,,m","21.63",",m","26.93",",,,m","16.33",",,,m"
"MXN00020097","1968-08","16.9667","-95.7667","1211.0","SAN MIGUEL QUETZALTEPEC, MX","696.1","m","87.4",",m","22",",m","20",",m","8",",m","0",",m","0",",m","0",",m","29",",m","0",",m","15.6",",m,20,+","142.7",",,m,19,","27.8",",m,31,+","0.2","m","0.2",",m","750.0",",,,m","21.14",",m","24.52",",,,m","17.76",",,,m"
"MXN00020097","1968-09","16.9667","-95.7667","1211.0","SAN MIGUEL QUETZALTEPEC, MX","779.3","m","83.2",",m","17",",m","17",",m","3",",m","0",",m","0",",m","0",",m","27",",m","0",",m","15.6",",m,29,+","88.9",",,m,06,","28.9",",m,01,","0.4","m","0.2",",m","359.6",",,,m","21.10",",m","24.19",",,,m","18.01",",,,m"
"MXN00020097","1968-10","16.9667","-95.7667","1211.0","SAN MIGUEL QUETZALTEPEC, MX","832.5","m","53.2",",m","7",",m","7",",m","5",",m","0",",m","0",",m","0",",m","25",",m","0",",m","15.0",",m,25,","78.0",",,m,05,","25.6",",m,31,+","1.4","m","1.0",",m","229.1",",,,m","20.02",",m","22.91",",,,m","17.12",",,,m"
"MXN00020097","1968-11","16.9667","-95.7667","1211.0","SAN MIGUEL QUETZALTEPEC, MX","863.0","m","30.5",",m","8",",m","8",",m","3",",m","0",",m","0",",m","0",",m","16",",m","0",",m","11.7",",m,25,","59.9",",,m,11,","26.7",",m,16,+","24.3","m","22.9",",m","177.0",",,,m","18.59",",m","21.56",",,,m","15.61",",,,m"
"MXN00020097","1968-12","16.9667","-95.7667","1211.0","SAN MIGUEL QUETZALTEPEC, MX","884.5","m","21.5",",m","13",",m","13",",m","2",",m","0",",m","0",",m","0",",m","25",",m","0",",m","8.9",",m,24,","39.9",",,m,13,","27.8",",m,26,","46.4","m","22.1",",m","186.1",",,,m","18.31",",m","23.35",",,,m","13.27",",,,m"
"MXN00020097","1969-01","16.9667","-95.7667","1211.0","SAN MIGUEL QUETZALTEPEC, MX","9.1","m","9.1","1,m","4",",m","3",",m","0",",m","0","1,m","0","1,m","0","1,m","14","1,m","0","1,m","10.0","1,m,10,+","9.9",",,m,03,","26.7","1,m,09,+","86.5","m","40.1","1,m","22.4",",,,m","17.30","1,m","21.67","1,,,m","12.93","1,,,m"
"MXN00020097","1969-02","16.9667","-95.7667","1211.0","SAN MIGUEL QUETZALTEPEC, MX","34.2","m","25.1",",m","4",",m","4",",m","0",",m","0",",m","0",",m","0",",m","14",",m","0",",m","10.6",",m,05,+","19.8",",,m,27,","27.8",",m,20,+","114.8","m","28.3",",m","59.7",",,,m","18.22",",m","22.05",",,,m","14.39",",,,m"
"MXN00020097","1969-03","16.9667","-95.7667","1211.0","SAN MIGUEL QUETZALTEPEC, MX","89.6","m","55.4","4,m","2",",m","1",",m","0",",m","0","2,m","0","2,m","0","2,m","21","2,m","0","2,m","11.7","2,m,17,","4.8",",,m,03,","28.9","2,m,08,+","123.8","m","9.0","2,m","5.6",",,,m","19.96","4,m","23.61","2,,,m","16.30","2,,,m"
"MXN00020097","1969-04","16.9667","-95.7667","1211.0","SAN MIGUEL QUETZALTEPEC, MX","162.1","m","72.5",",m","2",",m","2",",m","1",",m","0",",m","0",",m","0",",m","25",",m","0",",m","13.9",",m,10,+","30.0",",,m,20,","30.6",",m,18,","126.2","m","2.4",",m","34.8",",,,m","20.67",",m","25.35",",,,m","15.99",",,,m"
"MXN00020097","1969-05","16.9667","-95.7667","1211.0","SAN MIGUEL QUETZALTEPEC, MX","314.3","m","152.2",",m","1",",m","1",",m","0",",m","0",",m","0",",m","0",",m","31",",m","3",",m","16.7",",m,29,+","9.9",",,m,19,","33.9",",m,08,+","126.2","m","0.0",",m","9.9",",,,m","23.24",",m","27.60",",,,m","18.88",",,,m"
"MXN00020097","1969-06","16.9667","-95.7667","1211.0","SAN MIGUEL QUETZALTEPEC, MX","442.4","m","128.1",",m","10",",m","9",",m","5",",m","0",",m","0",",m","0",",m","29",",m","0",",m","16.7",",m,30,+","55.4",",,m,29,","31.7",",m,24,","126.2","m","0.0",",m","298.4",",,,m","22.60",",m","26.30",",,,m","18.91",",,,m"
"MXN00020097","1969-07","16.9667","-95.7667","1211.0","SAN MIGUEL QUETZALTEPEC, MX","535.2","m","92.8",",m","19",",m","19",",m","15",",m","0",",m","0",",m","0",",m","30",",m","0",",m","11.7",",m,16,","99.8",",,m,12,","27.8",",m,30,+","0.0","m","0.0",",m","718.6",",,,m","21.33",",m","24.30",",,,m","18.35",",,,m"
"MXN00020097","1969-08","16.9667","-95.7667","1211.0","SAN MIGUEL QUETZALTEPEC, MX","600.9","m","65.7",",m","21",",m","20",",m","9",",m","0",",m","0",",m","0",",m","26",",m","0",",m","16.7",",m,30,+","69.9",",,m,09,","26.7",",m,16,","0.0","m","0.0",",m","581.2",",,,m","20.45",",m","22.82",",,,m","18.08",",,,m"
"MXN00020097","1969-09","16.9667","-95.7667","1211.0","SAN MIGUEL QUETZALTEPEC, MX","644.7","m","43.8",",m","19",",m","18",",m","8",",m","0",",m","0",",m","0",",m","21",",m","0",",m","15.6",",m,27,+","59.9",",,m,05,","25.0",",m,17,","0.0","m","0.0",",m","436.9",",,,m","19.79",",m","21.99",",,,m","17.60",",,,m"
"MXN00020097","1969-10","16.9667","-95.7667","1211.0","SAN MIGUEL QUETZALTEPEC, MX","683.5","m","38.8",",m","8",",m","8",",m","1",",m","0",",m","0",",m","0",",m","17",",m","0",",m","15.0",",m,19,","25.9",",,m,05,","25.6",",m,14,+","1.3","m","1.3",",m","113.0",",,,m","19.54",",m","21.91",",,,m","17.18",",,,m"
"MXN00020097","1969-11","16.9667","-95.7667","1211.0","SAN MIGUEL QUETZALTEPEC, MX","718.2","m","34.7","2,m","7",",m","4",",m","0",",m","0","1,m","0","1,m","0","1,m","16","1,m","0","1,m","10.0","1,m,21,","20.1",",,m,18,","25.0","1,m,15,+","36.0","m","34.7","1,m","55.2",",,,m","18.24","2,m","20.94","1,,,m","15.54","1,,,m"
"MXN00020097","1969-12","16.9667","-95.7667","1211.0","SAN MIGUEL QUETZALTEPEC, MX","760.5","m","42.3",",m","7",",m","6",",m","1",",m","0",",m","0",",m","0",",m","15",",m","0",",m","10.0",",m,15,","40.1",",,m,11,","25.6",",m,25,","61.0","m","25.0",",m","130.6",",,,m","18.89",",m","21.15",",,,m","16.63",",,,m"
"MXN00020097","1970-02","16.9667","-95.7667","1211.0","SAN MIGUEL QUETZALTEPEC, MX","","","31.1",",m","6",",m","5",",m","0",",m","0",",m","0",",m","0",",m","11",",m","0",",m","7.8",",m,05,","15.0",",,m,20,","26.7",",m,17,","","","36.1",",m","50.3",",,,m","18.15",",m","21.03",",,,m","15.28",",,,m"
"MXN00020097","1970-03","16.9667","-95.7667","1211.0","SAN MIGUEL QUETZALTEPEC, MX","","","104.9",",m","3",",m","0",",m","0",",m","0",",m","0",",m","0",",m","29",",m","0",",m","10.6",",m,01,","1.8",",,m,13,","30.0",",m,24,","","","1.6",",m","3.4",",,,m","21.66",",m","24.76",",,,m","18.56",",,,m"
"MXN00020097","1970-04","16.9667","-95.7667","1211.0","SAN MIGUEL QUETZALTEPEC, MX","","","166.7",",m","0",",m","0",",m","0",",m","0",",m","0",",m","0",",m","28",",m","2",",m","13.9",",m,08,","0.0",",,m,30,+","32.8",",m,30,+","","","3.0",",m","0.0",",,,m","23.79",",m","27.80",",,,m","19.78",",,,m"
"MXN00020097","1970-05","16.9667","-95.7667","1211.0","SAN MIGUEL QUETZALTEPEC, MX","","","135.6",",m","0",",m","0",",m","0",",m","0",",m","0",",m","0",",m","31",",m","1",",m","10.6",",m,07,","0.0",",,m,31,+","32.8",",m,10,","","","0.0",",m","0.0",",,,m","22.71",",m","26.81",",,,m","18.60",",,,m"
"MXN00020097","1970-06","16.9667","-95.7667","1211.0","SAN MIGUEL QUETZALTEPEC, MX","","","96.6",",m","22",",m","21",",m","1",",m","0",",m","0",",m","0",",m","24",",m","0",",m","15.0",",m,17,","43.9",",,m,20,","30.6",",m,26,+","","","1.8",",m","307.0",",,,m","21.49",",m","24.39",",,,m","18.59",",,,m"
"MXN00020097","1970-07","16.9667","-95.7667","1211.0","SAN MIGUEL QUETZALTEPEC, MX","","","69.7",",m","20",",m","19",",m","1",",m","0",",m","0",",m","0",",m","21",",m","0",",m","15.6",",m,27,+","26.2",",,m,14,","28.9",",m,13,+","1.3","","1.3",",m","232.1",",,,m","20.54",",m","22.62",",,,m","18.46",",,,m"
"MXN00020097","1971-10","16.9667","-95.7667","1211.0","SAN MIGUEL QUETZALTEPEC, MX","","","10.6","2,m","10",",m","8",",m","1",",m","0","2,m","0","2,m","0","1,m","13","1,m","0","1,m","11.7","2,m,23,","39.9",",,m,03,","22.8","1,m,14,+","","","11.9","1,m","137.5",",,,m","18.28","2,m","20.91","1,,,m","15.66","2,,,m"
"MXN00020097","1976-03","16.9667","-95.7667","1211.0","SAN MIGUEL QUETZALTEPEC, MX","","","47.1",",m","2",",m","2",",m","0",",m","0",",m","0",",m","0",",m","31",",m","0",",m","10.0",",m,21,+","3.8",",,m,17,","30.0",",m,26,","","","10.0",",m","6.6",",,,m","19.53",",m","24.96",",,,m","14.09",",,,m"
"MXN00020097","1976-04","16.9667","-95.7667","1211.0","SAN MIGUEL QUETZALTEPEC, MX","","","120.4",",m","10",",m","8",",m","4",",m","0",",m","0",",m","0",",m","30",",m","0",",m","12.8",",m,10,+","39.9",",,m,30,","31.7",",m,30,+","","","1.1",",m","170.8",",,,m","22.31",",m","27.75",",,,m","16.87",",,,m"
"MXN00020097","1976-05","16.9667","-95.7667","1211.0","SAN MIGUEL QUETZALTEPEC, MX","","","118.5",",m","9",",m","6",",m","1",",m","0",",m","0",",m","0",",m","31",",m","1",",m","13.9",",m,19,","70.9",",,m,27,","32.8",",m,24,","","","0.0",",m","111.3",",,,m","22.16",",m","27.60",",,,m","16.71",",,,m"
"MXN00020097","1976-06","16.9667","-95.7667","1211.0","SAN MIGUEL QUETZALTEPEC, MX","","","62.7",",m","17",",m","14",",m","0",",m","0",",m","0",",m","0",",m","30",",m","0",",m","15.0",",m,30,+","21.8",",,m,27,","30.0",",m,01,","","","0.0",",m","180.2",",,,m","20.42",",m","24.17",",,,m","16.68",",,,m"
"MXN00020097","1976-07","16.9667","-95.7667","1211.0","SAN MIGUEL QUETZALTEPEC, MX","","","35.4",",m","21",",m","18",",m","3",",m","0",",m","0",",m","0",",m","23",",m","0",",m","13.9",",m,24,+","54.9",",,m,15,","27.8",",m,01,","4.8","m","4.8",",m","305.7",",,,m","19.32",",m","22.84",",,,m","15.80",",,,m"
"MXN00020097","1976-08","16.9667","-95.7667","1211.0","SAN MIGUEL QUETZALTEPEC, MX","","","3.1",",m","19",",m","12",",m","2",",m","0",",m","0",",m","0",",m","7",",m","0",",m","10.6",",m,27,","55.9",",,m,22,","22.8",",m,19,","28.2","m","23.4",",m","221.2",",,,m","17.68",",m","20.24",",,,m","15.11",",,,m"
"MXN00020097","1976-09","16.9667","-95.7667","1211.0","SAN MIGUEL QUETZALTEPEC, MX","","","2.5",",m","16",",m","14",",m","4",",m","0",",m","0",",m","0",",m","4",",m","0",",m","10.6",",m,22,","75.9",",,m,08,","23.9",",m,21,+","64.5","m","36.3",",m","367.8",",,,m","17.21",",m","19.76",",,,m","14.65",",,,m"
"MXN00020097","1976-10","16.9667","-95.7667","1211.0","SAN MIGUEL QUETZALTEPEC, MX","","","0.0",",m","14",",m","12",",m","4",",m","0",",m","0",",m","0",",m","14",",m","0",",m","10.0",",m,20,+","47.0",",,m,17,","22.8",",m,29,+","122.0","m","57.5",",m","205.9",",,,m","16.48",",m","20.94",",,,m","12.02",",,,m"
"MXN00020097","1976-11","16.9667","-95.7667","1211.0","SAN MIGUEL QUETZALTEPEC, MX","","","0.0",",m","13",",m","12",",m","3",",m","0",",m","0",",m","0",",m","5",",m","0",",m","10.0",",m,23,+","45.0",",,m,02,","22.2",",m,15,","200.4","m","78.4",",m","240.1",",,,m","15.72",",m","20.14",",,,m","11.30",",,,m"
"MXN00020097","1976-12","16.9667","-95.7667","1211.0","SAN MIGUEL QUETZALTEPEC, MX","","","1.7","2,m","11",",m","8",",m","1",",m","0","1,m","0","1,m","0","1,m","7","1,m","0","1,m","6.7","1,m,27,","30.0",",,m,20,","25.0","1,m,31,+","315.2","m","114.8","1,m","94.5",",,,m","14.42","2,m","18.45","1,,,m","10.38","1,,,m"
"MXN00020097","1977-01","16.9667","-95.7667","1211.0","SAN MIGUEL QUETZALTEPEC, MX","0.6","m","0.6",",m","4",",m","4",",m","0",",m","0",",m","0",",m","0",",m","9",",m","0",",m","5.0",",m,20,","22.9",",,m,16,","23.9",",m,26,","414.9","m","99.7",",m","45.5",",,,m","15.14",",m","18.68",",,,m","11.59",",,,m"
"MXN00020097","1977-02","16.9667","-95.7667","1211.0","SAN MIGUEL QUETZALTEPEC, MX","1.5","m","0.9",",m","1",",m","1",",m","0",",m","0",",m","0",",m","0",",m","9",",m","0",",m","6.7",",m,06,","7.9",",,m,01,","25.0",",m,25,","481.0","m","66.1",",m","7.9",",,,m","16.01",",m","19.73",",,,m","12.29",",,,m"
"MXN00020097","1977-03","16.9667","-95.7667","1211.0","SAN MIGUEL QUETZALTEPEC, MX","26.6","m","25.1",",m","0",",m","0",",m","0",",m","0",",m","0",",m","0",",m","23",",m","0",",m","6.7",",m,08,+","0.0",",,m,31,+","25.6",",m,27,+","510.1","m","29.1",",m","0.0",",,,m","18.20",",m","22.58",",,,m","13.82",",,,m"
"MXN00020097","1977-04","16.9667","-95.7667","1211.0","SAN MIGUEL QUETZALTEPEC, MX","81.8","m","55.2","2,m","1",",m","1",",m","0",",m","0","1,m","0","1,m","0","1,m","20","1,m","0","1,m","8.9","1,m,11,","13.0",",,m,23,","28.9","1,m,28,+","527.5","m","17.4","1,m","13.0",",,,m","19.62","2,m","23.99","1,,,m","15.25","1,,,m"
"MXN00020097","1977-05","16.9667","-95.7667","1211.0","SAN MIGUEL QUETZALTEPEC, MX","165.7","m","83.9",",m","12",",m","10",",m","2",",m","0",",m","0",",m","0",",m","28",",m","0",",m","10.6",",m,01,","38.9",",,m,29,","30.0",",m,29,+","534.5","m","7.0",",m","157.3",",,,m","20.81",",m","25.67",",,,m","15.96",",,,m"
"MXN00020097","1977-06","16.9667","-95.7667","1211.0","SAN MIGUEL QUETZALTEPEC, MX","221.6","m","55.9",",m","18",",m","17",",m","6",",m","0",",m","0",",m","0",",m","29",",m","0",",m","15.0",",m,29,+","51.8",",,m,16,","26.7",",m,03,","534.7","m","0.2",",m","389.1",",,,m","20.19",",m","24.35",",,,m","16.02",",,,m"
"MXN00020097","1977-07","16.9667","-95.7667","1211.0","SAN MIGUEL QUETZALTEPEC, MX","250.5","m","28.9",",m","21",",m","17",",m","8",",m","0",",m","0",",m","0",",m","27",",m","0",",m","15.0",",m,31,+","76.2",",,m,22,","26.1",",m,19,","3.0","m","3.0",",m","508.9",",,,m","19.17",",m","22.98",",,,m","15.36",",,,m"
"MXN00020097","1977-08","16.9667","-95.7667","1211.0","SAN MIGUEL QUETZALTEPEC, MX","264.2","m","13.7",",m","18",",m","18",",m","3",",m","0",",m","0",",m","0",",m","26",",m","0",",m","12.8",",m,30,+","34.8",",,m,23,","25.6",",m,21,+","12.6","m","9.6",",m","326.0",",,,m","18.47",",m","22.85",",,,m","14.08",",,,m"
"MXN00020097","1977-09","16.9667","-95.7667","1211.0","SAN MIGUEL QUETZALTEPEC, MX","274.1","m","9.9",",m","14",",m","12",",m","5",",m","0",",m","0",",m","0",",m","20",",m","0",",m","12.8",",m,29,+","62.2",",,m,23,","25.6",",m,05,","30.3","m","17.7",",m","251.0",",,,m","18.08",",m","22.12",",,,m","14.03",",,,m"
"MXN00020097","1977-10","16.9667","-95.7667","1211.0","SAN MIGUEL QUETZALTEPEC, MX","279.0","m","4.9",",m","15",",m","12",",m","3",",m","0",",m","0",",m","0",",m","25",",m","0",",m","11.7",",m,31,+","36.8",",,m,03,","25.0",",m,18,+","57.4","m","27.1",",m","219.5",",,,m","17.61",",m","22.32",",,,m","12.91",",,,m"
"MXN00020097","1977-12","16.9667","-95.7667","1211.0","SAN MIGUEL QUETZALTEPEC, MX","","","4.9",",m","6",",m","4",",m","0",",m","0",",m","0",",m","0",",m","9",",m","0",",m","10.0",",m,24,+","17.3",",,m,21,","22.8",",m,07,+","","","61.2",",m","52.1",",,,m","16.52",",m","20.20",",,,m","12.84",",,,m"
"MXN00020097","1978-01","16.9667","-95.7667","1211.0","SAN MIGUEL QUETZALTEPEC, MX","0.0","","0.0",",m","6",",m","4",",m","0",",m","0",",m","0",",m","0",",m","0",",m","0",",m","5.6",",m,04,+","10.9",",,m,02,","20.6",",m,31,+","","","81.6",",m","36.1",",,,m","15.70",",m","19.69",",,,m","11.71",",,,m"
"MXN00020097","1978-02","16.9667","-95.7667","1211.0","SAN MIGUEL QUETZALTEPEC, MX","0.0","","0.0",",m","10",",m","7",",m","0",",m","0",",m","0",",m","0",",m","0",",m","0",",m","5.0",",m,03,","20.8",",,m,04,","20.6",",m,28,+","","","92.1",",m","60.5",",,,m","15.04",",m","19.82",",,,m","10.26",",,,m"
"MXN00020097","1978-03","16.9667","-95.7667","1211.0","SAN MIGUEL QUETZALTEPEC, MX","17.5","","17.5",",m","10",",m","8",",m","0",",m","0",",m","0",",m","0",",m","25",",m","0",",m","6.7",",m,29,+","18.8",",,m,24,","27.8",",m,13,+","","","38.6",",m","84.1",",,,m","17.65",",m","22.49",",,,m","12.82",",,,m"
"MXN00020097","1978-04","16.9667","-95.7667","1211.0","SAN MIGUEL QUETZALTEPEC, MX","81.6","","64.1",",m","0",",m","0",",m","0",",m","0",",m","0",",m","0",",m","29",",m","0",",m","11.7",",m,16,+","0.0",",,m,30,+","30.0",",m,23,+","","","6.8",",m","0.0",",,,m","20.24",",m","25.61",",,,m","14.88",",,,m"
"MXN00020097","1978-05","16.9667","-95.7667","1211.0","SAN MIGUEL QUETZALTEPEC, MX","204.5","","122.9",",m","9",",m","7",",m","4",",m","0",",m","0",",m","0",",m","31",",m","1",",m","16.1",",m,30,+","68.1",",,m,28,","32.8",",m,08,","","","0.0",",m","215.2",",,,m","22.30",",m","26.84",",,,m","17.75",",,,m"
"MXN00020097","1978-06","16.9667","-95.7667","1211.0","SAN MIGUEL QUETZALTEPEC, MX","269.1","","64.6",",m","21",",m","19",",m","13",",m","0",",m","0",",m","0",",m","28",",m","0",",m","15.6",",m,30,+","151.9",",,m,11,","30.0",",m,06,","","","0.0",",m","855.3",",,,m","20.49",",m","23.76",",,,m","17.21",",,,m"
"MXN00020097","1978-07","16.9667","-95.7667","1211.0","SAN MIGUEL QUETZALTEPEC, MX","323.0","","53.9",",m","27",",m","27",",m","12",",m","0",",m","0",",m","0",",m","31",",m","0",",m","15.0",",m,28,+","95.3",",,m,12,","26.7",",m,01,","0.0","","0.0",",m","884.2",",,,m","20.07",",m","23.75",",,,m","16.39",",,,m"
"MXN00020097","1978-08","16.9667","-95.7667","1211.0","SAN MIGUEL QUETZALTEPEC, MX","360.3","","37.3",",m","19",",m","18",",m","9",",m","0",",m","0",",m","0",",m","19",",m","0",",m","15.0",",m,20,","114.8",",,m,19,","25.0",",m,14,+","4.1","","4.1",",m","664.2",",,,m","19.40",",m","21.63",",,,m","17.18",",,,m"
"MXN00020097","1978-09","16.9667","-95.7667","1211.0","SAN MIGUEL QUETZALTEPEC, MX","391.5","","31.2",",m","19",",m","18",",m","12",",m","0",",m","0",",m","0",",m","11",",m","0",",m","13.9",",m,24,","164.8",",,m,23,","25.6",",m,12,","17.2","","13.1",",m","1080.8",",,,m","18.94",",m","20.89",",,,m","16.98",",,,m"
"MXN00020097","1979-04","16.9667","-95.7667","1211.0","SAN MIGUEL QUETZALTEPEC, MX","","","89.5",",m","6",",m","3",",m","0",",m","0",",m","0",",m","0",",m","30",",m","0",",m","12.8",",m,11,","14.0",",,m,10,","28.9",",m,28,+","","","0.0",",m","26.5",",,,m","21.32",",m","25.65",",,,m","16.99",",,,m"
"MXN00020097","1979-05","16.9667","-95.7667","1211.0","SAN MIGUEL QUETZALTEPEC, MX","","","131.8",",m","13",",m","12",",m","1",",m","0",",m","0",",m","0",",m","31",",m","0",",m","15.6",",m,28,","34.8",",,m,10,","31.7",",m,08,","","","0.0",",m","170.8",",,,m","22.58",",m","27.17",",,,m","18.00",",,,m"
"MXN00020097","1979-06","16.9667","-95.7667","1211.0","SAN MIGUEL QUETZALTEPEC, MX","","","80.6",",m","16",",m","15",",m","3",",m","0",",m","0",",m","0",",m","28",",m","0",",m","15.6",",m,15,+","42.9",",,m,02,","27.8",",m,07,","","","0.0",",m","229.5",",,,m","21.02",",m","24.03",",,,m","18.00",",,,m"
"MXN00020097","1979-07","16.9667","-95.7667","1211.0","SAN MIGUEL QUETZALTEPEC, MX","","","99.4",",m","15",",m","14",",m","7",",m","0",",m","0",",m","0",",m","31",",m","0",",m","15.6",",m,21,","77.5",",,m,25,","26.7",",m,11,+","0.0","m","0.0",",m","452.6",",,,m","21.54",",m","24.50",",,,m","18.58",",,,m"
"MXN00020097","1979-08","16.9667","-95.7667","1211.0","SAN MIGUEL QUETZALTEPEC, MX","","","90.9",",m","21",",m","21",",m","15",",m","0",",m","0",",m","0",",m","31",",m","0",",m","16.7",",m,29,+","160.8",",,m,24,","27.8",",m,31,+","0.0","m","0.0",",m","1204.6",",,,m","21.26",",m","24.94",",,,m","17.59",",,,m"
"MXN00020097","1979-09","16.9667","-95.7667","1211.0","SAN MIGUEL QUETZALTEPEC, MX","","","25.8",",m","15",",m","13",",m","8",",m","0",",m","0",",m","0",",m","16",",m","0",",m","15.0",",m,29,+","154.9",",,m,21,","25.6",",m,05,","6.6","m","6.6",",m","537.3",",,,m","18.97",",m","21.78",",,,m","16.16",",,,m"
"MXN00020097","1979-10","16.9667","-95.7667","1211.0","SAN MIGUEL QUETZALTEPEC, MX","","","53.1",",m","5",",m","5",",m","1",",m","0",",m","0",",m","0",",m","28",",m","0",",m","13.9",",m,31,+","31.5",",,m,23,","28.9",",m,21,","7.9","m","1.3",",m","75.4",",,,m","20.00",",m","23.85",",,,m","16.15",",,,m"
"MXN00020097","1979-11","16.9667","-95.7667","1211.0","SAN MIGUEL QUETZALTEPEC, MX","","","11.3",",m","9",",m","6",",m","0",",m","0",",m","0",",m","0",",m","5",",m","0",",m","10.0",",m,16,","22.9",",,m,28,","25.6",",m,11,","50.5","m","42.6",",m","94.1",",,,m","17.29",",m","20.54",",,,m","14.04",",,,m"
"MXN00020097","1979-12","16.9667","-95.7667","1211.0","SAN MIGUEL QUETZALTEPEC, MX","","","0.0",",m","5",",m","5",",m","1",",m","0",",m","0",",m","0",",m","2",",m","0",",m","10.0",",m,30,+","25.9",",,m,31,","25.0",",m,23,","133.5","m","83.0",",m","75.9",",,,m","15.66",",m","19.09",",,,m","12.23",",,,m"
"MXN00020097","1980-01","16.9667","-95.7667","1211.0","SAN MIGUEL QUETZALTEPEC, MX","4.3","m","4.3",",m","5",",m","5",",m","1",",m","0",",m","0",",m","0",",m","5",",m","0",",m","7.8",",m,24,","26.7",",,m,30,","25.0",",m,13,","200.7","m","67.2",",m","66.7",",,,m","16.30",",m","19.34",",,,m","13.27",",,,m"
"MXN00020097","1980-02","16.9667","-95.7667","1211.0","SAN MIGUEL QUETZALTEPEC, MX","18.1","m","13.8","1,m","6",",m","5",",m","0",",m","0","1,m","0","1,m","0",",m","11",",m","0",",m","10.0","1,m,27,+","18.8",",,m,10,","27.8",",m,28,","268.8","m","68.1",",m","52.8",",,,m","16.46","1,m","20.06",",,,m","12.86","1,,,m"
"MXN00020097","1980-03","16.9667","-95.7667","1211.0","SAN MIGUEL QUETZALTEPEC, MX","116.9","m","98.8","1,m","2",",m","2",",m","1",",m","0",",m","0",",m","0","1,m","27","1,m","0","1,m","7.8",",m,03,","37.8",",,m,01,","30.0","1,m,31,+","292.2","m","23.4","1,m","41.1",",,,m","20.75","1,m","25.63","1,,,m","15.86",",,,m"
"MXN00020097","1980-04","16.9667","-95.7667","1211.0","SAN MIGUEL QUETZALTEPEC, MX","250.1","m","133.2",",m","6",",m","5",",m","1",",m","0",",m","0",",m","0",",m","29",",m","1",",m","11.7",",m,17,+","44.2",",,m,13,","32.8",",m,29,","295.5","m","3.3",",m","86.9",",,,m","22.67",",m","27.47",",,,m","17.86",",,,m"
"MXN00020097","1980-05","16.9667","-95.7667","1211.0","SAN MIGUEL QUETZALTEPEC, MX","397.8","m","147.7",",m","2",",m","1",",m","0",",m","0",",m","0",",m","0",",m","31",",m","0",",m","15.0",",m,10,+","3.0",",,m,06,","31.7",",m,06,+","295.5","m","0.0",",m","3.5",",,,m","23.10",",m","28.41",",,,m","17.78",",,,m"
"MXN00020097","1980-06","16.9667","-95.7667","1211.0","SAN MIGUEL QUETZALTEPEC, MX","489.3","m","91.5",",m","17",",m","16",",m","8",",m","0",",m","0",",m","0",",m","30",",m","0",",m","15.0",",m,04,","57.9",",,m,27,","30.0",",m,06,","295.5","m","0.0",",m","412.6",",,,m","21.38",",m","25.17",",,,m","17.60",",,,m"
"MXN00020097","1980-07","16.9667","-95.7667","1211.0","SAN MIGUEL QUETZALTEPEC, MX","589.1","m","99.8",",m","20",",m","18",",m","9",",m","0",",m","0",",m","0",",m","31",",m","0",",m","15.6",",m,19,","77.0",",,m,18,","30.0",",m,26,","0.0","m","0.0",",m","592.7",",,,m","21.55",",m","24.44",",,,m","18.66",",,,m"
"MXN00020097","1980-08","16.9667","-95.7667","1211.0","SAN MIGUEL QUETZALTEPEC, MX","664.0","m","74.9",",m","20",",m","18",",m","9",",m","0",",m","0",",m","0",",m","30",",m","0",",m","15.0",",m,07,+","109.0",",,m,21,","28.9",",m,14,","0.0","m","0.0",",m","579.2",",,,m","20.75",",m","24.05",",,,m","17.44",",,,m"
"MXN00020097","1980-09","16.9667","-95.7667","1211.0","SAN MIGUEL QUETZALTEPEC, MX","733.0","m","69.0",",m","20",",m","19",",m","10",",m","0",",m","0",",m","0",",m","29",",m","0",",m","15.0",",m,29,+","96.3",",,m,18,","26.7",",m,01,","0.0","m","0.0",",m","681.5",",,,m","20.63",",m","23.72",",,,m","17.54",",,,m"
"MXN00020097","1980-10","16.9667","-95.7667","1211.0","SAN MIGUEL QUETZALTEPEC, MX","777.8","m","44.8",",m","8",",m","8",",m","1",",m","0",",m","0",",m","0",",m","27",",m","0",",m","13.9",",m,31,+","32.8",",,m,27,","26.7",",m,18,","3.0","m","3.0",",m","112.2",",,,m","19.68",",m","23.39",",,,m","15.98",",,,m"
"MXN00020097","1980-11","16.9667","-95.7667","1211.0","SAN MIGUEL QUETZALTEPEC, MX","783.9","m","6.1",",m","4",",m","3",",m","0",",m","0",",m","0",",m","0",",m","19",",m","0",",m","11.7",",m,30,","15.7",",,m,19,","25.0",",m,13,","20.2","m","17.2",",m","32.9",",,,m","17.96",",m","21.63",",,,m","14.29",",,,m"
"MXN00020097","1980-12","16.9667","-95.7667","1211.0","SAN MIGUEL QUETZALTEPEC, MX","783.9","m","0.0",",m","6",",m","6",",m","1",",m","0",",m","0",",m","0",",m","2",",m","0",",m","10.0",",m,31,+","26.9",",,m,25,","22.8",",m,07,","91.2","m","71.0",",m","64.1",",,,m","16.04",",m","19.73",",,,m","12.35",",,,m"
"MXN00020097","1983-12","16.9667","-95.7667","1211.0","SAN MIGUEL QUETZALTEPEC, MX","","","35.4",",m","13",",m","8",",m","0",",m","0",",m","0",",m","0",",m","21",",m","0",",m","3.9",",m,30,","13.5",",,m,07,","28.9",",m,28,+","","","34.4",",m","60.8",",,,m","18.36",",m","23.20",",,,m","13.53",",,,m"
"MXN00020097","1984-01","16.9667","-95.7667","1211.0","SAN MIGUEL QUETZALTEPEC, MX","21.7","","21.7",",m","23",",m","7",",m","0",",m","0",",m","0",",m","0",",m","18",",m","0",",m","5.6",",m,07,","5.8",",,m,24,+","30.6",",m,08,","","","48.4",",m","49.4",",,,m","17.47",",m","22.32",",,,m","12.63",",,,m"
"MXN00020097","1984-02","16.9667","-95.7667","1211.0","SAN MIGUEL QUETZALTEPEC, MX","45.3","","23.6",",m","11",",m","6",",m","0",",m","0",",m","0",",m","0",",m","20",",m","0",",m","8.9",",m,24,+","24.9",",,m,14,","30.0",",m,13,+","","","35.0",",m","53.0",",,,m","17.94",",m","23.76",",,,m","12.13",",,,m"
"MXN00020097","1984-03","16.9667","-95.7667","1211.0","SAN MIGUEL QUETZALTEPEC, MX","105.9","","60.6",",m","4",",m","2",",m","0",",m","0",",m","0",",m","0",",m","31",",m","3",",m","6.7",",m,07,","16.8",",,m,06,","35.0",",m,24,+","","","1.9",",m","29.3",",,,m","20.22",",m","29.50",",,,m","10.95",",,,m"
"MXN00020097","1984-04","16.9667","-95.7667","1211.0","SAN MIGUEL QUETZALTEPEC, MX","344.3","","238.4",",m","0",",m","0",",m","0",",m","0",",m","0",",m","0",",m","30",",m","14",",m","10.0",",m,06,","0.0",",,m,30,+","40.6",",m,12,+","","","0.0",",m","0.0",",,,m","26.28",",m","33.21",",,,m","19.35",",,,m"
"MXN00020097","1984-05","16.9667","-95.7667","1211.0","SAN MIGUEL QUETZALTEPEC, MX","555.2","","210.9",",m","3",",m","3",",m","0",",m","0",",m","0",",m","0",",m","31",",m","15",",m","10.0",",m,19,","24.9",",,m,18,","38.9",",m,25,+","","","0.0",",m","32.5",",,,m","25.14",",m","32.99",",,,m","17.28",",,,m"
"MXN00020097","1984-06","16.9667","-95.7667","1211.0","SAN MIGUEL QUETZALTEPEC, MX","777.2","","222.0",",m","10",",m","8",",m","2",",m","0",",m","0",",m","0",",m","30",",m","12",",m","10.6",",m,30,+","31.5",",,m,17,","40.0",",m,23,","","","0.0",",m","129.4",",,,m","25.73",",m","32.32",",,,m","19.15",",,,m"
"MXN00020097","1984-07","16.9667","-95.7667","1211.0","SAN MIGUEL QUETZALTEPEC, MX","866.7","","89.5",",m","7",",m","5",",m","0",",m","0",",m","0",",m","0",",m","31",",m","2",",m","10.0",",m,15,+","19.8",",,m,19,","32.8",",m,09,","5.5","","5.5",",m","70.1",",,,m","21.04",",m","27.25",",,,m","14.83",",,,m"
"MXN00020097","1984-08","16.9667","-95.7667","1211.0","SAN MIGUEL QUETZALTEPEC, MX","891.9","","25.2",",m","8",",m","8",",m","3",",m","0",",m","0",",m","0",",m","29",",m","0",",m","10.0",",m,22,","39.9",",,m,23,+","31.7",",m,01,","20.7","","15.2",",m","180.5",",,,m","18.66",",m","24.04",",,,m","13.27",",,,m"
"MXN00020097","1984-09","16.9667","-95.7667","1211.0","SAN MIGUEL QUETZALTEPEC, MX","894.7","","2.8",",m","18",",m","15",",m","4",",m","0",",m","0",",m","0",",m","26",",m","0",",m","10.0",",m,24,+","39.9",",,m,16,+","26.7",",m,18,","65.2","","44.5",",m","269.8",",,,m","16.94",",m","23.24",",,,m","10.64",",,,m"
"MXN00020097","1984-10","16.9667","-95.7667","1211.0","SAN MIGUEL QUETZALTEPEC, MX","911.3","","16.6",",m","3",",m","3",",m","0",",m","0",",m","0",",m","0",",m","29",",m","0",",m","8.9",",m,20,","19.8",",,m,29,","30.6",",m,16,","89.9","","24.7",",m","40.4",",,,m","18.07",",m","24.87",",,,m","11.27",",,,m"
"MXN00020097","1984-11","16.9667","-95.7667","1211.0","SAN MIGUEL QUETZALTEPEC, MX","917.6","","6.3",",m","7",",m","7",",m","1",",m","0",",m","0",",m","0",",m","25",",m","0",",m","10.0",",m,28,+","39.9",",,m,21,","30.0",",m,26,","125.4","","35.5",",m","125.5",",,,m","17.36",",m","23.95",",,,m","10.77",",,,m"
"MXN00020097","1985-01","16.9667","-95.7667","1211.0","SAN MIGUEL QUETZALTEPEC, MX","102.8","m","102.8",",m","0",",m","0",",m","0",",m","0",",m","0",",m","0",",m","31",",m","1",",m","10.0",",m,30,+","0.0",",,m,31,+","32.8",",m,20,","","","0.0",",m","0.0",",,,m","21.65",",m","30.17",",,,m","13.13",",,,m"
"MXN00020097","1985-02","16.9667","-95.7667","1211.0","SAN MIGUEL QUETZALTEPEC, MX","164.9","m","62.1",",m","3",",m","2",",m","1",",m","0",",m","0",",m","0",",m","28",",m","0",",m","10.0",",m,23,+","30.0",",,m,26,","31.7",",m,04,","","","0.8",",m","34.1",",,,m","20.53",",m","28.93",",,,m","12.13",",,,m"
"MXN00020097","1985-03","16.9667","-95.7667","1211.0","SAN MIGUEL QUETZALTEPEC, MX","207.7","m","42.8",",m","2",",m","1",",m","0",",m","0",",m","0",",m","0",",m","31",",m","0",",m","10.0",",m,31,+","2.8",",,m,14,","30.6",",m,14,+","","","6.2",",m","4.6",",,,m","19.51",",m","27.76",",,,m","11.26",",,,m"
"MXN00020097","1985-04","16.9667","-95.7667","1211.0","SAN MIGUEL QUETZALTEPEC, MX","281.8","m","74.1",",m","0",",m","0",",m","0",",m","0",",m","0",",m","0",",m","30",",m","0",",m","10.0",",m,19,+","0.0",",,m,30,+","31.7",",m,01,","","","0.0",",m","0.0",",,,m","20.80",",m","29.21",",,,m","12.39",",,,m"
"MXN00020097","1985-05","16.9667","-95.7667","1211.0","SAN MIGUEL QUETZALTEPEC, MX","346.9","m","65.1",",m","4",",m","2",",m","0",",m","0",",m","0",",m","0",",m","31",",m","0",",m","10.0",",m,30,+","3.3",",,m,13,","30.6",",m,29,+","","","0.0",",m","10.4",",,,m","20.43",",m","28.76",",,,m","12.10",",,,m"
"MXN00020097","1985-06","16.9667","-95.7667","1211.0","SAN MIGUEL QUETZALTEPEC, MX","406.4","m","59.5",",m","7",",m","3",",m","2",",m","0",",m","0",",m","0",",m","29",",m","0",",m","10.0",",m,29,","39.9",",,m,27,","31.7",",m,17,+","","","7.9",",m","101.4",",,,m","20.05",",m","27.49",",,,m","12.62",",,,m"
"MXN00020097","1985-07","16.9667","-95.7667","1211.0","SAN MIGUEL QUETZALTEPEC, MX","423.7","m","17.3",",m","11",",m","6",",m","0",",m","0",",m","0",",m","0",",m","28",",m","0",",m","10.0",",m,28,+","3.3",",,m,20,","28.9",",m,11,","22.2","m","22.2",",m","26.5",",,,m","18.18",",m","24.95",",,,m","11.41",",,,m"
"MXN00020097","1985-08","16.9667","-95.7667","1211.0","SAN MIGUEL QUETZALTEPEC, MX","446.5","m","22.8","4,m","13","3,m","5","3,m","0","3,m","0","4,m","0","4,m","0","4,m","27","4,m","0","4,m","6.7","4,m,15,","4.3","3,,m,09,","30.0","4,m,26,+","29.5","m","7.3","4,m","28.4","3,,,m","18.91","4,m","27.78","4,,,m","10.04","4,,,m"
"MXN00020097","1985-09","16.9667","-95.7667","1211.0","SAN MIGUEL QUETZALTEPEC, MX","451.4","m","4.9",",m","5",",m","5",",m","0",",m","0",",m","0",",m","0",",m","30",",m","0",",m","5.0",",m,23,+","19.3",",,m,17,","28.9",",m,23,+","57.6","m","28.1",",m","82.4",",,,m","17.56",",m","27.08",",,,m","8.04",",,,m"
"MXN00020097","1985-10","16.9667","-95.7667","1211.0","SAN MIGUEL QUETZALTEPEC, MX","466.9","m","15.5",",m","0",",m","0",",m","0",",m","0",",m","0",",m","0",",m","31",",m","0",",m","7.2",",m,17,","0.0",",,m,31,+","30.6",",m,28,","74.3","m","16.7",",m","0.0",",,,m","18.29",",m","27.08",",,,m","9.51",",,,m"
"MXN00020097","1985-11","16.9667","-95.7667","1211.0","SAN MIGUEL QUETZALTEPEC, MX","491.1","m","24.2",",m","0",",m","0",",m","0",",m","0",",m","0",",m","0",",m","29",",m","0",",m","5.6",",m,10,","0.0",",,m,30,+","31.7",",m,10,+","83.1","m","8.8",",m","0.0",",,,m","18.85",",m","28.30",",,,m","9.40",",,,m"
"MXN00020097","1985-12","16.9667","-95.7667","1211.0","SAN MIGUEL QUETZALTEPEC, MX","532.5","m","41.4",",m","5",",m","3",",m","0",",m","0",",m","0",",m","0",",m","31",",m","0",",m","7.8",",m,01,","3.8",",,m,06,","31.7",",m,14,","90.9","m","7.8",",m","14.0",",,,m","19.41",",m","27.06",",,,m","11.76",",,,m"
"MXN00020097","1986-12","16.9667","-95.7667","1211.0","SAN MIGUEL QUETZALTEPEC, MX","","","0.0","1,m","8",",m","7",",m","0",",m","0","1,m","0","1,m","0","1,m","11","1,m","0","1,m","5.6","1,m,19,","24.9",",,m,25,","25.0","1,m,11,+","","","92.7","1,m","74.0",",,,m","15.25","1,m","20.82","1,,,m","9.67","1,,,m"
"MXN00020097","1987-01","16.9667","-95.7667","1211.0","SAN MIGUEL QUETZALTEPEC, MX","0.0","","0.0",",m","9",",m","7",",m","0",",m","0",",m","0",",m","0",",m","15",",m","0",",m","5.6",",m,30,","24.9",",,m,25,","26.7",",m,27,","","","99.6",",m","72.8",",,,m","15.12",",m","21.20",",,,m","9.04",",,,m"
"MXN00020097","1987-02","16.9667","-95.7667","1211.0","SAN MIGUEL QUETZALTEPEC, MX","0.6","","0.6",",m","0",",m","0",",m","0",",m","0",",m","0",",m","0",",m","12",",m","0",",m","5.6",",m,20,","0.0",",,m,28,+","26.7",",m,27,+","","","88.6",",m","0.0",",,,m","15.19",",m","21.85",",,,m","8.54",",,,m"
"MXN00020097","1987-03","16.9667","-95.7667","1211.0","SAN MIGUEL QUETZALTEPEC, MX","0.6","","0.0",",m","8",",m","7",",m","0",",m","0",",m","0",",m","0",",m","19",",m","0",",m","6.7",",m,31,+","24.9",",,m,25,","27.8",",m,29,","","","76.3",",m","74.0",",,,m","15.87",",m","22.64",",,,m","9.11",",,,m"
"MXN00020097","1987-04","16.9667","-95.7667","1211.0","SAN MIGUEL QUETZALTEPEC, MX","37.1","","36.5",",m","0",",m","0",",m","0",",m","0",",m","0",",m","0",",m","30",",m","0",",m","10.0",",m,29,+","0.0",",,m,30,+","30.0",",m,01,","","","8.1",",m","0.0",",,,m","19.28",",m","25.61",",,,m","12.95",",,,m"
"MXN00020097","1987-05","16.9667","-95.7667","1211.0","SAN MIGUEL QUETZALTEPEC, MX","88.6","","51.5",",m","0",",m","0",",m","0",",m","0",",m","0",",m","0",",m","31",",m","0",",m","8.9",",m,30,","0.0",",,m,31,+","30.0",",m,05,","","","2.7",",m","0.0",",,,m","19.91",",m","25.88",",,,m","13.94",",,,m"
