"STATION","DATE","LATITUDE","LONGITUDE","ELEVATION","NAME","CDSD","CDSD_ATTRIBUTES","CLDD","CLDD_ATTRIBUTES","DP01","DP01_ATTRIBUTES","DP10","DP10_ATTRIBUTES","DP1X","DP1X_ATTRIBUTES","DT00","DT00_ATTRIBUTES","DT32","DT32_ATTRIBUTES","DX32","DX32_ATTRIBUTES","DX70","DX70_ATTRIBUTES","DX90","DX90_ATTRIBUTES","EMNT","EMNT_ATTRIBUTES","EMXP","EMXP_ATTRIBUTES","EMXT","EMXT_ATTRIBUTES","HDSD","HDSD_ATTRIBUTES","HTDD","HTDD_ATTRIBUTES","PRCP","PRCP_ATTRIBUTES","TAVG","TAVG_ATTRIBUTES","TMAX","TMAX_ATTRIBUTES","TMIN","TMIN_ATTRIBUTES"
"MXN00002054","1965-10","31.0333","-115.9833","100.0","SAN RAFAEL, MX","","","59.7",",m","6",",m","2",",m","0",",m","0",",m","0",",m","0",",m","30",",m","16",",m","2.8",",m,18,+","4.8",",,m,07,+","36.7",",m,22,+","","","17.8",",m","10.8",",,,m","19.69",",m","31.12",",,,m","8.25",",,,m"
"MXN00002054","1965-11","31.0333","-115.9833","100.0","SAN RAFAEL, MX","","","2.3",",m","6",",m","4",",m","3",",m","0",",m","0",",m","0",",m","18",",m","0",",m","1.7",",m,30,+","32.8",",,m,16,","31.7",",m,04,+","","","110.3",",m","106.0",",,,m","14.73",",m","23.08",",,,m","6.39",",,,m"
"MXN00002054","1965-12","31.0333","-115.9833","100.0","SAN RAFAEL, MX","","","0.0",",m","16",",m","12",",m","0",",m","0",",m","0",",m","0",",m","7",",m","0",",m","0.6",",m,20,+","23.9",",,m,14,+","30.0",",m,06,+","","","249.4",",m","213.5",",,,m","10.29",",m","16.90",",,,m","3.67",",,,m"
"MXN00002054","1966-01","31.0333","-115.9833","100.0","SAN RAFAEL, MX","0.0","m","0.0",",m","6",",m","6",",m","0",",m","0",",m","12",",m","0",",m","10",",m","0",",m","-8.3",",m,27,","17.8",",,m,27,","25.6",",m,07,","","","271.8",",m","46.1",",,,m","9.56",",m","18.03",",,,m","1.10",",,,m"
"MXN00002054","1966-02","31.0333","-115.9833","100.0","SAN RAFAEL, MX","0.0","m","0.0",",m","6",",m","5",",m","0",",m","0",",m","2",",m","0",",m","3",",m","0",",m","-3.3",",m,10,","19.8",",,m,08,+","23.9",",m,11,","","","211.3",",m","73.9",",,,m","10.79",",m","17.76",",,,m","3.81",",,,m"
"MXN00002054","1966-03","31.0333","-115.9833","100.0","SAN RAFAEL, MX","5.9","m","5.9",",m","1",",m","1",",m","0",",m","0",",m","3",",m","0",",m","22",",m","2",",m","-2.2",",m,04,","15.5",",,m,23,","35.6",",m,30,","","","133.6",",m","15.5",",,,m","14.21",",m","22.65",",,,m","5.77",",,,m"
"MXN00002054","1966-04","31.0333","-115.9833","100.0","SAN RAFAEL, MX","5.9","m","0.0",",m","0",",m","0",",m","0",",m","0",",m","0",",m","0",",m","24",",m","0",",m","1.7",",m,21,+","0.0",",,m,30,+","27.8",",m,30,","","","102.4",",m","0.0",",,,m","14.92",",m","22.97",",,,m","6.87",",,,m"
"MXN00002054","1966-05","31.0333","-115.9833","100.0","SAN RAFAEL, MX","5.9","m","0.0","1,m","0",",m","0",",m","0",",m","0",",m","0",",m","0","1,m","6","1,m","0","1,m","5.0",",m,31,+","0.0",",,m,31,+","22.8","1,m,19,+","","","177.1","1,m","0.0",",,,m","12.42","1,m","18.88","1,,,m","5.96",",,,m"
"MXN00002054","1966-06","31.0333","-115.9833","100.0","SAN RAFAEL, MX","43.1","m","37.2",",m","0",",m","0",",m","0",",m","0",",m","0",",m","0",",m","17",",m","6",",m","7.8",",m,28,+","0.0",",,m,30,+","37.8",",m,29,","","","66.2",",m","0.0",",,,m","17.37",",m","24.71",",,,m","10.02",",,,m"
"MXN00002054","1966-07","31.0333","-115.9833","100.0","SAN RAFAEL, MX","99.8","m","56.7",",m","0",",m","0",",m","0",",m","0",",m","0",",m","0",",m","31",",m","0",",m","7.8",",m,16,+","0.0",",,m,31,+","31.7",",m,22,","5.5","m","5.5",",m","0.0",",,,m","19.99",",m","27.74",",,,m","12.24",",,,m"
"MXN00002054","1966-08","31.0333","-115.9833","100.0","SAN RAFAEL, MX","163.0","m","63.2","5,m","0","3,m","0","3,m","0","3,m","0","5,m","0","5,m","0","5,m","25","5,m","1","5,m","8.9","5,m,28,+","0.0","3,,m,31,+","32.8","5,m,18,","6.6","m","1.1","5,m","0.0","3,,,m","20.72","5,m","28.67","5,,,m","12.77","5,,,m"
"MXN00002054","1966-09","31.0333","-115.9833","100.0","SAN RAFAEL, MX","241.0","m","78.0",",m","0",",m","0",",m","0",",m","0",",m","0",",m","0",",m","30",",m","10",",m","5.6",",m,06,","0.0",",,m,30,+","37.8",",m,24,+","10.4","m","3.8",",m","0.0",",,,m","20.81",",m","31.37",",,,m","10.24",",,,m"
"MXN00002054","1966-10","31.0333","-115.9833","100.0","SAN RAFAEL, MX","263.9","m","22.9",",m","2",",m","0",",m","0",",m","0",",m","0",",m","0",",m","29",",m","6",",m","2.8",",m,16,","1.3",",,m,03,","35.0",",m,25,","37.2","m","26.8",",m","1.6",",,,m","18.21",",m","28.44",",,,m","7.97",",,,m"
"MXN00002054","1966-11","31.0333","-115.9833","100.0","SAN RAFAEL, MX","264.5","m","0.6","2,m","4","1,m","3","1,m","0","1,m","0","2,m","0","2,m","0","2,m","18","2,m","0","2,m","2.8","2,m,29,+","24.9","1,,m,07,","30.0","2,m,02,","133.3","m","96.1","2,m","35.4","1,,,m","14.92","2,m","22.93","2,,,m","6.91","2,,,m"
"MXN00002054","1966-12","31.0333","-115.9833","100.0","SAN RAFAEL, MX","264.5","m","0.0","3,m","5","2,m","4","2,m","0","2,m","0","3,m","2","3,m","0","3,m","2","3,m","0","3,m","-1.1","3,m,28,","22.9","2,,m,06,","23.9","3,m,18,","361.0","m","227.7","3,m","51.4","2,,,m","10.20","3,m","16.86","3,,,m","3.54","3,,,m"
"MXN00002054","1967-02","31.0333","-115.9833","100.0","SAN RAFAEL, MX","","","0.0",",m","5",",m","2",",m","0",",m","0",",m","1",",m","0",",m","4",",m","0",",m","-1.1",",m,07,","4.8",",,m,24,","23.9",",m,28,+","","","200.3",",m","11.0",",,,m","11.18",",m","18.71",",,,m","3.65",",,,m"
"MXN00002054","1967-03","31.0333","-115.9833","100.0","SAN RAFAEL, MX","","","0.0",",m","4",",m","3",",m","0",",m","0",",m","0",",m","0",",m","9",",m","0",",m","0.6",",m,25,+","8.4",",,m,28,","28.9",",m,17,","","","195.0",",m","14.3",",,,m","12.04",",m","20.62",",,,m","3.47",",,,m"
"MXN00002054","1967-04","31.0333","-115.9833","100.0","SAN RAFAEL, MX","","","0.0",",m","4",",m","3",",m","0",",m","0",",m","0",",m","0",",m","7",",m","0",",m","3.9",",m,09,","23.9",",,m,11,","27.8",",m,30,","","","135.5",",m","37.9",",,,m","13.82",",m","20.15",",,,m","7.48",",,,m"
"MXN00002054","1967-05","31.0333","-115.9833","100.0","SAN RAFAEL, MX","","","26.3",",m","0",",m","0",",m","0",",m","0",",m","0",",m","0",",m","20",",m","5",",m","5.0",",m,13,+","0.0",",,m,31,+","37.8",",m,15,","","","63.3",",m","0.0",",,,m","17.14",",m","25.16",",,,m","9.12",",,,m"
"MXN00002054","1967-07","31.0333","-115.9833","100.0","SAN RAFAEL, MX","","","154.2",",m","0",",m","0",",m","0",",m","0",",m","0",",m","0",",m","31",",m","16",",m","10.0",",m,18,","0.0",",,m,31,+","35.6",",m,27,","0.0","m","0.0",",m","0.0",",,,m","23.31",",m","32.04",",,,m","14.57",",,,m"
"MXN00002054","1967-08","31.0333","-115.9833","100.0","SAN RAFAEL, MX","","","211.6",",m","0",",m","0",",m","0",",m","0",",m","0",",m","0",",m","31",",m","18",",m","12.8",",m,22,+","0.0",",,m,31,+","42.8",",m,28,+","0.0","m","0.0",",m","0.0",",,,m","25.16",",m","34.09",",,,m","16.22",",,,m"
"MXN00002054","1967-09","31.0333","-115.9833","100.0","SAN RAFAEL, MX","","","129.5",",m","2",",m","1",",m","0",",m","0",",m","0",",m","0",",m","30",",m","9",",m","10.6",",m,22,","13.5",",,m,01,","35.0",",m,11,+","0.0","m","0.0",",m","13.8",",,,m","22.65",",m","29.61",",,,m","15.68",",,,m"
"MXN00002054","1967-10","31.0333","-115.9833","100.0","SAN RAFAEL, MX","","","86.3",",m","0",",m","0",",m","0",",m","0",",m","0",",m","0",",m","31",",m","9",",m","5.0",",m,23,","0.0",",,m,31,+","37.8",",m,17,","9.8","m","9.8",",m","0.0",",,,m","20.80",",m","30.66",",,,m","10.94",",,,m"
"MXN00002054","1968-01","31.0333","-115.9833","100.0","SAN RAFAEL, MX","","","","","2",",m","2",",m","0",",m","","","","","","","","","","","","","15.0",",,m,14,","","","","","","","19.3",",,,m","","","","","",""
"MXN00002054","1968-02","31.0333","-115.9833","100.0","SAN RAFAEL, MX","","","0.0","3,m","1","2,m","0","2,m","0","2,m","0","3,m","0","3,m","0","3,m","11","3,m","0","3,m","2.8","3,m,21,+","2.3","2,,m,09,","26.7","3,m,20,","","","136.5","3,m","2.3","2,,,m","13.08","3,m","20.19","3,,,m","5.98","3,,,m"
"MXN00002054","1968-03","31.0333","-115.9833","100.0","SAN RAFAEL, MX","","","0.0",",m","2",",m","2",",m","0",",m","0",",m","2",",m","0",",m","21",",m","0",",m","-3.3",",m,20,+","17.8",",,m,08,","28.9",",m,04,","","","152.6",",m","29.2",",,,m","13.41",",m","22.50",",,,m","4.33",",,,m"
"MXN00002054","1968-04","31.0333","-115.9833","100.0","SAN RAFAEL, MX","","","0.9",",m","2",",m","1",",m","0",",m","0",",m","1",",m","0",",m","17",",m","2",",m","-1.1",",m,20,","9.9",",,m,01,","35.6",",m,24,","","","108.1",",m","11.7",",,,m","14.76",",m","24.04",",,,m","5.48",",,,m"
"MXN00002054","1968-05","31.0333","-115.9833","100.0","SAN RAFAEL, MX","","","72.3",",m","0",",m","0",",m","0",",m","0",",m","0",",m","0",",m","30",",m","4",",m","7.8",",m,27,+","0.0",",,m,31,+","36.7",",m,18,","","","18.2",",m","0.0",",,,m","20.08",",m","28.05",",,,m","12.11",",,,m"
"MXN00002054","1968-06","31.0333","-115.9833","100.0","SAN RAFAEL, MX","","","104.6",",m","0",",m","0",",m","0",",m","0",",m","0",",m","0",",m","30",",m","11",",m","7.8",",m,26,","0.0",",,m,30,+","39.4",",m,30,","","","5.2",",m","0.0",",,,m","21.65",",m","31.20",",,,m","12.10",",,,m"
"MXN00002054","1968-07","31.0333","-115.9833","100.0","SAN RAFAEL, MX","","","245.6",",m","2",",m","1",",m","0",",m","0",",m","0",",m","0",",m","31",",m","20",",m","11.7",",m,10,","3.8",",,m,05,","40.0",",m,30,+","0.0","m","0.0",",m","4.6",",,,m","26.25",",m","34.35",",,,m","18.16",",,,m"
"MXN00002054","1968-08","31.0333","-115.9833","100.0","SAN RAFAEL, MX","","","271.0","3,m","1",",m","1",",m","0",",m","0","1,m","0","1,m","0","3,m","28","3,m","22","3,m","10.6","1,m,28,","8.9",",,m,30,","43.9","3,m,18,","0.0","m","0.0","3,m","8.9",",,,m","28.05","3,m","36.01","3,,,m","20.09","1,,,m"
"MXN00002054","1968-09","31.0333","-115.9833","100.0","SAN RAFAEL, MX","","","33.3",",m","0",",m","0",",m","0",",m","0",",m","0",",m","0",",m","28",",m","0",",m","5.6",",m,25,","0.0",",,m,30,+","30.6",",m,17,+","23.8","m","23.8",",m","0.0",",,,m","18.65",",m","26.04",",,,m","11.26",",,,m"
"MXN00002054","1968-10","31.0333","-115.9833","100.0","SAN RAFAEL, MX","","","13.1",",m","3",",m","1",",m","0",",m","0",",m","0",",m","0",",m","31",",m","0",",m","5.0",",m,08,","3.8",",,m,14,","30.0",",m,21,+","54.4","m","30.6",",m","4.9",",,,m","17.77",",m","27.05",",,,m","8.48",",,,m"
"MXN00002054","1968-11","31.0333","-115.9833","100.0","SAN RAFAEL, MX","","","0.0",",m","6",",m","4",",m","0",",m","0",",m","0",",m","0",",m","12",",m","0",",m","2.8",",m,07,","16.3",",,m,15,","25.6",",m,27,+","208.0","m","153.6",",m","27.3",",,,m","13.21",",m","20.62",",,,m","5.80",",,,m"
"MXN00002054","1968-12","31.0333","-115.9833","100.0","SAN RAFAEL, MX","","","0.0",",m","5",",m","4",",m","0",",m","0",",m","15",",m","0",",m","0",",m","0",",m","-4.4",",m,25,","15.7",",,m,25,","20.6",",m,22,+","511.4","m","303.4",",m","36.1",",,,m","8.55",",m","16.52",",,,m","0.57",",,,m"
"MXN00002054","1969-01","31.0333","-115.9833","100.0","SAN RAFAEL, MX","0.0","m","0.0","2,m","11","2,m","8","2,m","0","2,m","0","2,m","9","2,m","0","2,m","10","2,m","0","2,m","-5.0","2,m,13,","17.8","2,,m,21,","26.7","2,m,23,","706.3","m","194.9","2,m","73.9","2,,,m","11.61","2,m","19.51","2,,,m","3.71","2,,,m"
"MXN00002054","1969-02","31.0333","-115.9833","100.0","SAN RAFAEL, MX","0.0","m","0.0",",m","11",",m","6",",m","0",",m","0",",m","2",",m","0",",m","0",",m","0",",m","-1.1",",m,02,","17.8",",,m,19,","20.0",",m,13,","925.1","m","218.8",",m","57.6",",,,m","10.52",",m","17.10",",,,m","3.94",",,,m"
"MXN00002054","1969-03","31.0333","-115.9833","100.0","SAN RAFAEL, MX","0.0","m","0.0",",m","8",",m","3",",m","0",",m","0",",m","0",",m","0",",m","19",",m","0",",m","2.8",",m,11,","14.5",",,m,21,","26.7",",m,08,+","1053.2","m","128.1",",m","27.6",",,,m","14.20",",m","22.44",",,,m","5.96",",,,m"
"MXN00002054","1969-04","31.0333","-115.9833","100.0","SAN RAFAEL, MX","0.6","m","0.6",",m","0",",m","0",",m","0",",m","0",",m","0",",m","0",",m","29",",m","0",",m","2.8",",m,14,","0.0",",,m,30,+","30.0",",m,17,","1134.5","m","81.3",",m","0.0",",,,m","15.64",",m","25.26",",,,m","6.03",",,,m"
"MXN00002054","1969-05","31.0333","-115.9833","100.0","SAN RAFAEL, MX","3.7","m","3.1","1,m","4",",m","1",",m","0",",m","0","1,m","0","1,m","0","1,m","21","1,m","0","1,m","4.4","1,m,06,","6.4",",,m,04,","30.0","1,m,23,","1232.5","m","98.0","1,m","9.8",",,,m","15.17","1,m","23.44","1,,,m","6.90","1,,,m"
"MXN00002054","1969-06","31.0333","-115.9833","100.0","SAN RAFAEL, MX","","","","","0","5,m","0","5,m","0","5,m","","","","","","","","","","","","","0.0","5,,m,30,+","","","","","","","0.0","5,,,m","","","","","",""
"MXN00002054","1969-07","31.0333","-115.9833","100.0","SAN RAFAEL, MX","","","117.9","1,m","0",",m","0",",m","0",",m","0","1,m","0","1,m","0","1,m","30","1,m","9","1,m","8.9","1,m,09,+","0.0",",,m,31,+","35.0","1,m,18,","1.9","m","1.9","1,m","0.0",",,,m","22.20","1,m","30.52","1,,,m","13.88","1,,,m"
"MXN00002054","1969-08","31.0333","-115.9833","100.0","SAN RAFAEL, MX","","","184.0","1,m","0",",m","0",",m","0",",m","0","1,m","0","1,m","0","1,m","30","1,m","17","1,m","8.9","1,m,30,","0.0",",,m,31,+","46.7","1,m,22,","1.9","m","0.0","1,m","0.0",",,,m","24.47","1,m","33.72","1,,,m","15.21","1,,,m"
"MXN00002054","1969-09","31.0333","-115.9833","100.0","SAN RAFAEL, MX","","","138.4",",m","0",",m","0",",m","0",",m","0",",m","0",",m","0",",m","30",",m","13",",m","5.6",",m,27,","0.0",",,m,30,+","40.6",",m,30,","4.4","m","2.5",",m","0.0",",,,m","22.87",",m","31.82",",,,m","13.91",",,,m"
"MXN00002054","1969-10","31.0333","-115.9833","100.0","SAN RAFAEL, MX","","","6.2","1,m","0",",m","0",",m","0",",m","0","1,m","2","1,m","0","1,m","27","1,m","0","1,m","0.0","1,m,20,+","0.0",",,m,31,+","31.7","1,m,08,+","102.5","m","98.1","1,m","0.0",",,,m","15.27","1,m","25.46","1,,,m","5.08","1,,,m"
"MXN00002054","1969-11","31.0333","-115.9833","100.0","SAN RAFAEL, MX","","","4.5",",m","4",",m","3",",m","0",",m","0",",m","3",",m","0",",m","24",",m","0",",m","-1.1",",m,22,","10.9",",,m,15,","30.6",",m,02,+","200.2","m","97.7",",m","25.4",",,,m","15.23",",m","24.49",",,,m","5.96",",,,m"
"MXN00002054","1969-12","31.0333","-115.9833","100.0","SAN RAFAEL, MX","","","0.0",",m","3",",m","1",",m","0",",m","0",",m","12",",m","0",",m","13",",m","0",",m","-5.0",",m,31,+","2.8",",,m,27,","28.9",",m,20,+","419.0","m","218.8",",m","5.4",",,,m","11.28",",m","21.04",",,,m","1.51",",,,m"
"MXN00002054","1970-01","31.0333","-115.9833","100.0","SAN RAFAEL, MX","0.0","m","0.0",",m","1","3,m","0","3,m","0","3,m","0",",m","9",",m","0",",m","15",",m","0",",m","-6.1",",m,05,","1.3","3,,m,11,","28.9",",m,23,","630.8","m","211.8",",m","1.3","3,,,m","11.50",",m","21.41",",,,m","1.60",",,,m"
"MXN00002054","1970-02","31.0333","-115.9833","100.0","SAN RAFAEL, MX","0.0","m","0.0",",m","3","2,m","3","2,m","3","2,m","0",",m","4",",m","0",",m","20",",m","0",",m","-2.2",",m,01,","39.9","2,,m,28,","30.0",",m,08,","775.7","m","144.9",",m","100.9","2,,,m","13.16",",m","22.37",",,,m","3.95",",,,m"
"MXN00002054","1970-03","31.0333","-115.9833","100.0","SAN RAFAEL, MX","0.0","m","0.0",",m","5",",m","4",",m","1",",m","0",",m","1",",m","0",",m","14",",m","0",",m","0.0",",m,28,","38.9",",,m,01,","25.0",",m,22,+","945.6","m","169.9",",m","76.8",",,,m","12.85",",m","20.38",",,,m","5.32",",,,m"
"MXN00002054","1970-04","31.0333","-115.9833","100.0","SAN RAFAEL, MX","0.0","m","0.0",",m","1","3,m","0","3,m","0","3,m","0",",m","9",",m","0",",m","15",",m","0",",m","-2.2",",m,29,+","1.8","3,,m,27,","30.0",",m,10,","1135.5","m","189.9",",m","1.8","3,,,m","12.00",",m","21.54",",,,m","2.47",",,,m"
"MXN00002054","1970-05","31.0333","-115.9833","100.0","SAN RAFAEL, MX","16.0","m","16.0",",m","0",",m","0",",m","0",",m","0",",m","0",",m","0",",m","29",",m","3",",m","1.7",",m,07,+","0.0",",,m,31,+","37.8",",m,18,","1201.1","m","65.6",",m","0.0",",,,m","16.73",",m","26.46",",,,m","7.01",",,,m"
"MXN00002054","1970-06","31.0333","-115.9833","100.0","SAN RAFAEL, MX","31.2","m","15.2",",m","0",",m","0",",m","0",",m","0",",m","0",",m","0",",m","22",",m","2",",m","5.6",",m,18,+","0.0",",,m,30,+","37.8",",m,02,","1250.7","m","49.6",",m","0.0",",,,m","17.19",",m","24.70",",,,m","9.67",",,,m"
"MXN00002054","1970-07","31.0333","-115.9833","100.0","SAN RAFAEL, MX","166.0","m","134.8",",m","1","1,m","0","1,m","0","1,m","0",",m","0",",m","0",",m","31",",m","16",",m","5.0",",m,08,","0.8","1,,m,06,","38.9",",m,04,","0.8","m","0.8",",m","0.8","1,,,m","22.65",",m","32.73",",,,m","12.58",",,,m"
"MXN00002054","1970-08","31.0333","-115.9833","100.0","SAN RAFAEL, MX","303.2","m","137.2",",m","1",",m","1",",m","0",",m","0",",m","0",",m","0",",m","31",",m","9",",m","10.0",",m,30,","2.8",",,m,25,","35.6",",m,09,","0.8","m","0.0",",m","2.8",",,,m","22.76",",m","30.96",",,,m","14.56",",,,m"
"MXN00002054","1970-09","31.0333","-115.9833","100.0","SAN RAFAEL, MX","375.4","m","72.2",",m","0","1,m","0","1,m","0","1,m","0",",m","0",",m","0",",m","30",",m","10",",m","3.9",",m,19,+","0.0","1,,m,30,+","36.7",",m,27,+","7.8","m","7.0",",m","0.0","1,,,m","20.50",",m","31.45",",,,m","9.56",",,,m"
"MXN00002054","1970-10","31.0333","-115.9833","100.0","SAN RAFAEL, MX","386.6","m","11.2",",m","0","1,m","0","1,m","0","1,m","0",",m","2",",m","0",",m","30",",m","1",",m","-3.3",",m,29,","0.0","1,,m,31,+","32.8",",m,01,","102.9","m","95.1",",m","0.0","1,,,m","15.63",",m","25.74",",,,m","5.52",",,,m"
"MXN00002054","1970-11","31.0333","-115.9833","100.0","SAN RAFAEL, MX","386.6","m","0.0",",m","3",",m","2",",m","0",",m","0",",m","4",",m","0",",m","26",",m","0",",m","-2.2",",m,23,","16.8",",,m,29,","28.9",",m,19,+","249.7","m","146.8",",m","27.0",",,,m","13.44",",m","24.36",",,,m","2.52",",,,m"
"MXN00002054","1970-12","31.0333","-115.9833","100.0","SAN RAFAEL, MX","386.6","m","0.0",",m","8",",m","5",",m","0",",m","0",",m","13",",m","0",",m","10",",m","0",",m","-3.3",",m,13,","17.8",",,m,20,","28.9",",m,06,","507.4","m","257.7",",m","45.0",",,,m","10.02",",m","19.04",",,,m","1.01",",,,m"
"MXN00002054","1971-01","31.0333","-115.9833","100.0","SAN RAFAEL, MX","0.0","m","0.0",",m","2",",m","1",",m","0",",m","0",",m","15",",m","0",",m","13",",m","0",",m","-7.2",",m,07,","3.8",",,m,01,","31.7",",m,28,","741.6","m","234.2",",m","5.1",",,,m","10.78",",m","20.34",",,,m","1.22",",,,m"
"MXN00002054","1971-02","31.0333","-115.9833","100.0","SAN RAFAEL, MX","0.6","m","0.6",",m","4",",m","4",",m","0",",m","0",",m","7",",m","0",",m","9",",m","1",",m","-2.2",",m,28,+","11.9",",,m,17,","32.8",",m,12,","926.9","m","185.3",",m","28.9",",,,m","11.74",",m","21.11",",,,m","2.36",",,,m"
"MXN00002054","1971-03","31.0333","-115.9833","100.0","SAN RAFAEL, MX","0.6","m","0.0",",m","1",",m","0",",m","0",",m","0",",m","14",",m","0",",m","24",",m","0",",m","-3.3",",m,03,","0.3",",,m,12,","30.6",",m,19,+","1103.7","m","176.8",",m","0.3",",,,m","12.63",",m","23.68",",,,m","1.58",",,,m"
"MXN00002054","1971-04","31.0333","-115.9833","100.0","SAN RAFAEL, MX","0.6","m","0.0",",m","3",",m","1",",m","0",",m","0",",m","2",",m","0",",m","14",",m","2",",m","0.0",",m,22,+","10.9",",,m,14,","33.9",",m,07,+","1258.1","m","154.4",",m","14.5",",,,m","13.19",",m","22.32",",,,m","4.06",",,,m"
"MXN00002054","1971-05","31.0333","-115.9833","100.0","SAN RAFAEL, MX","1.2","m","0.6",",m","2",",m","1",",m","0",",m","0",",m","0",",m","0",",m","21",",m","0",",m","1.7",",m,28,+","2.8",",,m,05,","30.0",",m,19,+","1364.6","m","106.5",",m","4.6",",,,m","14.91",",m","23.28",",,,m","6.55",",,,m"
"MXN00002054","1971-06","31.0333","-115.9833","100.0","SAN RAFAEL, MX","40.5","m","39.3",",m","0",",m","0",",m","0",",m","0",",m","0",",m","0",",m","28",",m","6",",m","1.7",",m,04,","0.0",",,m,30,+","35.0",",m,20,","1397.4","m","32.8",",m","0.0",",,,m","18.55",",m","27.52",",,,m","9.58",",,,m"
"MXN00002054","1971-07","31.0333","-115.9833","100.0","SAN RAFAEL, MX","165.6","m","125.1",",m","0",",m","0",",m","0",",m","0",",m","0",",m","0",",m","31",",m","13",",m","6.7",",m,08,","0.0",",,m,31,+","35.6",",m,30,+","1.1","m","1.1",",m","0.0",",,,m","22.33",",m","31.35",",,,m","13.32",",,,m"
"MXN00002054","1971-08","31.0333","-115.9833","100.0","SAN RAFAEL, MX","373.5","m","207.9",",m","1",",m","0",",m","0",",m","0",",m","0",",m","0",",m","31",",m","18",",m","6.7",",m,31,","0.8",",,m,22,","38.9",",m,05,","1.1","m","0.0",",m","0.8",",,,m","25.04",",m","33.05",",,,m","17.03",",,,m"
"MXN00002054","1971-09","31.0333","-115.9833","100.0","SAN RAFAEL, MX","494.5","m","121.0",",m","1",",m","1",",m","0",",m","0",",m","0",",m","0",",m","29",",m","10",",m","3.9",",m,28,","21.8",",,m,29,","45.0",",m,13,+","19.6","m","18.5",",m","21.8",",,,m","21.75",",m","31.43",",,,m","12.07",",,,m"
"MXN00002054","1971-10","31.0333","-115.9833","100.0","SAN RAFAEL, MX","529.1","m","34.6",",m","5",",m","3",",m","0",",m","0",",m","3",",m","0",",m","20",",m","7",",m","-3.3",",m,30,","16.3",",,m,16,","36.7",",m,10,+","127.3","m","107.7",",m","30.0",",,,m","15.98",",m","25.05",",,,m","6.91",",,,m"
"MXN00002054","1971-11","31.0333","-115.9833","100.0","SAN RAFAEL, MX","529.1","m","0.0",",m","0",",m","0",",m","0",",m","0",",m","15",",m","0",",m","17",",m","0",",m","-3.3",",m,18,+","0.0",",,m,30,+","28.9",",m,05,","335.5","m","208.2",",m","0.0",",,,m","11.39",",m","21.99",",,,m","0.80",",,,m"
"MXN00002054","1971-12","31.0333","-115.9833","100.0","SAN RAFAEL, MX","529.1","m","0.0",",m","9",",m","7",",m","0",",m","0",",m","16",",m","0",",m","3",",m","0",",m","-5.0",",m,15,+","24.9",",,m,21,","22.8",",m,23,","629.9","m","294.4",",m","61.6",",,,m","8.84",",m","16.72",",,,m","0.95",",,,m"
"MXN00002054","1972-01","31.0333","-115.9833","100.0","SAN RAFAEL, MX","0.0","m","0.0",",m","1",",m","0",",m","0",",m","0",",m","28",",m","0",",m","10",",m","0",",m","-5.0",",m,31,+","0.8",",,m,10,","30.6",",m,14,","915.1","m","285.2",",m","0.8",",,,m","9.13",",m","20.11",",,,m","-1.85",",,,m"
"MXN00002054","1972-02","31.0333","-115.9833","100.0","SAN RAFAEL, MX","0.0","m","0.0",",m","0",",m","0",",m","0",",m","0",",m","10",",m","0",",m","21",",m","0",",m","-5.0",",m,03,","0.0",",,m,29,+","28.9",",m,28,+","1090.4","m","175.3",",m","0.0",",,,m","12.29",",m","23.39",",,,m","1.19",",,,m"
"MXN00002054","1972-03","31.0333","-115.9833","100.0","SAN RAFAEL, MX","0.0","m","0.0",",m","0",",m","0",",m","0",",m","0",",m","2",",m","0",",m","25",",m","0",",m","0.0",",m,31,+","0.0",",,m,31,+","30.6",",m,05,","1211.5","m","121.1",",m","0.0",",,,m","14.43",",m","24.16",",,,m","4.69",",,,m"
"MXN00002054","1972-04","31.0333","-115.9833","100.0","SAN RAFAEL, MX","1.2","m","1.2",",m","0",",m","0",",m","0",",m","0",",m","2",",m","0",",m","24",",m","1",",m","0.0",",m,23,+","0.0",",,m,30,+","33.9",",m,06,","1323.4","m","111.9",",m","0.0",",,,m","14.64",",m","25.00",",,,m","4.28",",,,m"
"MXN00002054","1972-05","31.0333","-115.9833","100.0","SAN RAFAEL, MX","34.4","m","33.2","3,m","0","3,m","0","3,m","0","3,m","0","3,m","0","3,m","0","3,m","26","3,m","5","3,m","2.8","3,m,26,+","0.0","3,,m,31,+","36.7","3,m,14,","1378.8","m","55.4","3,m","0.0","3,,,m","17.54","3,m","26.93","3,,,m","8.16","3,,,m"
"MXN00002054","1972-06","31.0333","-115.9833","100.0","SAN RAFAEL, MX","75.5","m","41.1","2,m","1",",m","0",",m","0",",m","0","2,m","0","2,m","0","2,m","27","2,m","4","2,m","5.6","2,m,27,+","0.3",",,m,21,","35.6","2,m,29,","1381.2","m","2.4","2,m","0.3",",,,m","19.71","2,m","27.92","2,,,m","11.51","2,,,m"
"MXN00002054","1972-07","31.0333","-115.9833","100.0","SAN RAFAEL, MX","259.9","m","184.4",",m","0",",m","0",",m","0",",m","0",",m","0",",m","0",",m","31",",m","18",",m","10.0",",m,22,","0.0",",,m,31,+","40.6",",m,31,+","0.0","m","0.0",",m","0.0",",,,m","24.28",",m","33.50",",,,m","15.06",",,,m"
"MXN00002054","1972-08","31.0333","-115.9833","100.0","SAN RAFAEL, MX","445.0","m","185.1",",m","0",",m","0",",m","0",",m","0",",m","0",",m","0",",m","31",",m","15",",m","10.0",",m,17,+","0.0",",,m,31,+","43.9",",m,22,","0.0","m","0.0",",m","0.0",",,,m","24.30",",m","32.80",",,,m","15.81",",,,m"
"MXN00002054","1972-09","31.0333","-115.9833","100.0","SAN RAFAEL, MX","515.9","m","70.9",",m","2",",m","0",",m","0",",m","0",",m","0",",m","0",",m","29",",m","7",",m","5.6",",m,15,","1.8",",,m,05,","37.8",",m,04,","4.5","m","4.5",",m","3.1",",,,m","20.54",",m","29.39",",,,m","11.69",",,,m"
"MXN00002054","1972-10","31.0333","-115.9833","100.0","SAN RAFAEL, MX","543.4","m","27.5","3,m","6","3,m","2","3,m","0","3,m","0","3,m","1","3,m","0","3,m","20","3,m","2","3,m","0.0","3,m,31,","15.0","3,,m,18,","33.9","3,m,05,","44.7","m","40.2","3,m","29.1","3,,,m","17.88","3,m","25.24","3,,,m","10.52","3,,,m"
"MXN00002054","1972-11","31.0333","-115.9833","100.0","SAN RAFAEL, MX","543.4","m","0.0",",m","6",",m","4",",m","0",",m","0",",m","5",",m","0",",m","16",",m","0",",m","0.0",",m,30,+","10.4",",,m,11,","28.9",",m,06,","219.0","m","174.3",",m","35.6",",,,m","12.52",",m","21.97",",,,m","3.08",",,,m"
"MXN00002054","1973-02","31.0333","-115.9833","100.0","SAN RAFAEL, MX","","","0.0","2,m","6","2,m","4","2,m","0","2,m","0","2,m","0","2,m","0","2,m","8","2,m","0","2,m","0.6","2,m,18,+","22.9","2,,m,10,","25.0","2,m,25,","","","154.4","2,m","46.8","2,,,m","12.40","2,m","19.85","2,,,m","4.94","2,,,m"
"MXN00002054","1973-03","31.0333","-115.9833","100.0","SAN RAFAEL, MX","","","0.0","2,m","14","1,m","7","1,m","0","1,m","0","2,m","2","2,m","0","2,m","2","2,m","0","2,m","0.0","2,m,30,+","23.9","1,,m,11,","22.8","2,m,16,","","","225.0","2,m","80.7","1,,,m","10.58","2,m","16.69","2,,,m","4.47","2,,,m"
"MXN00002054","1973-04","31.0333","-115.9833","100.0","SAN RAFAEL, MX","","","0.6",",m","2",",m","1",",m","0",",m","0",",m","1",",m","0",",m","17",",m","0",",m","0.0",",m,01,","2.5",",,m,29,","27.8",",m,09,","","","148.5",",m","3.3",",,,m","13.40",",m","21.45",",,,m","5.36",",,,m"
"MXN00002054","1973-05","31.0333","-115.9833","100.0","SAN RAFAEL, MX","","","12.7",",m","0",",m","0",",m","0",",m","0",",m","0",",m","0",",m","25",",m","2",",m","1.7",",m,06,","0.0",",,m,31,+","35.0",",m,30,","","","67.8",",m","0.0",",,,m","16.56",",m","25.40",",,,m","7.71",",,,m"
"MXN00002054","1973-06","31.0333","-115.9833","100.0","SAN RAFAEL, MX","","","65.7",",m","0",",m","0",",m","0",",m","0",",m","0",",m","0",",m","29",",m","7",",m","5.0",",m,03,","0.0",",,m,30,+","41.7",",m,21,","","","13.9",",m","0.0",",,,m","20.06",",m","29.45",",,,m","10.67",",,,m"
"MXN00002054","1973-07","31.0333","-115.9833","100.0","SAN RAFAEL, MX","","","","","0","3,m","0","3,m","0","3,m","","","","","","","","","","","","","0.0","3,,m,31,+","","","","","","","0.0","3,,,m","","","","","",""
"MXN00002054","1973-08","31.0333","-115.9833","100.0","SAN RAFAEL, MX","","","121.0",",m","0",",m","0",",m","0",",m","0",",m","0",",m","0",",m","31",",m","11",",m","5.6",",m,27,","0.0",",,m,31,+","40.0",",m,22,","","","1.1",",m","0.0",",,,m","22.20",",m","31.17",",,,m","13.23",",,,m"
"MXN00002054","1973-09","31.0333","-115.9833","100.0","SAN RAFAEL, MX","","","45.0","2,m","0","1,m","0","1,m","0","1,m","0","2,m","0","2,m","0","2,m","28","2,m","6","2,m","1.7","2,m,19,","0.0","1,,m,30,+","36.7","2,m,28,+","","","13.7","2,m","0.0","1,,,m","19.45","2,m","29.03","2,,,m","9.86","2,,,m"
"MXN00002054","1973-10","31.0333","-115.9833","100.0","SAN RAFAEL, MX","","","26.4",",m","0",",m","0",",m","0",",m","0",",m","0",",m","0",",m","31",",m","7",",m","2.8",",m,31,+","0.0",",,m,31,+","38.9",",m,17,","","","56.2",",m","0.0",",,,m","17.37",",m","28.99",",,,m","5.75",",,,m"
"MXN00002054","1973-11","31.0333","-115.9833","100.0","SAN RAFAEL, MX","","","6.8",",m","4",",m","2",",m","0",",m","0",",m","4",",m","0",",m","19",",m","3",",m","0.0",",m,30,+","13.0",",,m,22,","35.6",",m,11,","","","158.1",",m","25.5",",,,m","13.29",",m","23.31",",,,m","3.27",",,,m"
"MXN00002054","1973-12","31.0333","-115.9833","100.0","SAN RAFAEL, MX","","","","","1","4,m","0","4,m","0","4,m","","","","","","","","","","","","","0.8","4,,m,31,","","","","","","","0.8","4,,,m","","","","","",""
"MXN00002054","1974-01","31.0333","-115.9833","100.0","SAN RAFAEL, MX","0.0","m","0.0","2,m","3","1,m","3","1,m","1","1,m","0","2,m","3","2,m","0","2,m","10","2,m","0","2,m","0.0","2,m,12,+","38.9","1,,m,07,","26.7","2,m,18,+","","","188.5","2,m","64.0","1,,,m","11.83","2,m","19.76","2,,,m","3.91","2,,,m"
"MXN00002054","1974-02","31.0333","-115.9833","100.0","SAN RAFAEL, MX","0.0","m","0.0","2,m","0","1,m","0","1,m","0","1,m","0","2,m","3","2,m","0","2,m","16","2,m","0","2,m","0.0","2,m,27,+","0.0","1,,m,28,+","27.8","2,m,24,","","","157.1","2,m","0.0","1,,,m","12.29","2,m","22.40","2,,,m","2.18","2,,,m"
"MXN00002054","1974-03","31.0333","-115.9833","100.0","SAN RAFAEL, MX","2.8","m","2.8",",m","3",",m","2",",m","1",",m","0",",m","0",",m","0",",m","14",",m","1",",m","1.7",",m,10,+","29.0",",,m,07,","35.0",",m,17,","","","138.6",",m","33.6",",,,m","13.95",",m","21.49",",,,m","6.42",",,,m"
"MXN00002054","1974-04","31.0333","-115.9833","100.0","SAN RAFAEL, MX","","","","","2","5,m","1","5,m","0","5,m","","","","","","","","","","","","","9.9","5,,m,01,","","","","","","","11.7","5,,,m","","","","","",""
"MXN00002054","1974-05","31.0333","-115.9833","100.0","SAN RAFAEL, MX","","","13.6",",m","0",",m","0",",m","0",",m","0",",m","0",",m","0",",m","26",",m","2",",m","0.6",",m,20,","0.0",",,m,31,+","35.6",",m,25,","","","59.6",",m","0.0",",,,m","16.85",",m","24.90",",,,m","8.79",",,,m"
"MXN00002054","1974-06","31.0333","-115.9833","100.0","SAN RAFAEL, MX","","","","","0",",m","0",",m","0",",m","","","","","","","","","","","","","0.0",",,m,30,+","","","","","","","0.0",",,,m","","","","","",""
"MXN00002054","1974-07","31.0333","-115.9833","100.0","SAN RAFAEL, MX","","","153.7",",m","1",",m","0",",m","0",",m","0",",m","0",",m","0",",m","31",",m","12",",m","7.8",",m,09,","1.8",",,m,19,","40.0",",m,28,","0.0","m","0.0",",m","1.8",",,,m","23.29",",m","31.85",",,,m","14.74",",,,m"
"MXN00002054","1974-08","31.0333","-115.9833","100.0","SAN RAFAEL, MX","","","","","0","4,m","0","4,m","0","4,m","","","","","","","","","","","","","0.0","4,,m,31,+","","","","","","","0.0","4,,,m","","","","","",""
"MXN00002054","1974-09","31.0333","-115.9833","100.0","SAN RAFAEL, MX","","","98.8","2,m","0","1,m","0","1,m","0","1,m","0","2,m","0","2,m","0","2,m","28","2,m","12","2,m","7.8","2,m,28,","0.0","1,,m,30,+","35.6","2,m,04,+","","","1.6","2,m","0.0","1,,,m","21.80","2,m","30.71","2,,,m","12.89","2,,,m"
"MXN00002054","1974-10","31.0333","-115.9833","100.0","SAN RAFAEL, MX","","","25.5","2,m","2","1,m","2","1,m","1","1,m","0","2,m","0","2,m","0","2,m","23","2,m","5","2,m","3.9","2,m,11,+","29.0","1,,m,28,","37.8","2,m,18,","","","55.6","2,m","46.3","1,,,m","17.29","2,m","26.09","2,,,m","8.49","2,,,m"
"MXN00002054","1974-11","31.0333","-115.9833","100.0","SAN RAFAEL, MX","","","0.6","2,m","1","1,m","0","1,m","0","1,m","0","2,m","8","2,m","0","2,m","17","2,m","1","2,m","-4.4","2,m,28,","0.3","1,,m,01,","32.8","2,m,12,","","","128.6","2,m","0.3","1,,,m","13.76","2,m","23.71","2,,,m","3.81","2,,,m"
"MXN00002054","1974-12","31.0333","-115.9833","100.0","SAN RAFAEL, MX","","","","","5","5,m","2","5,m","0","5,m","","","","","","","","","","","","","14.5","5,,m,04,","","","","","","","20.7","5,,,m","","","","","",""
"MXN00002054","1975-01","31.0333","-115.9833","100.0","SAN RAFAEL, MX","","","","","1","3,m","1","3,m","0","3,m","","","","","","","","","","","","","3.8","3,,m,30,","","","","","","","3.8","3,,,m","","","","","",""
"MXN00002054","1975-03","31.0333","-115.9833","100.0","SAN RAFAEL, MX","","","0.0","3,m","8","3,m","5","3,m","1","3,m","0","3,m","4","3,m","0","3,m","11","3,m","0","3,m","0.0","3,m,27,+","34.8","3,,m,10,","28.9","3,m,23,+","","","168.8","3,m","65.1","3,,,m","12.31","3,m","20.20","3,,,m","4.41","3,,,m"
"MXN00002054","1975-04","31.0333","-115.9833","100.0","SAN RAFAEL, MX","","","0.0",",m","6",",m","4",",m","1",",m","0",",m","3",",m","0",",m","8",",m","0",",m","0.0",",m,26,+","30.5",",,m,08,","22.8",",m,30,+","","","199.9",",m","64.1",",,,m","11.67",",m","18.97",",,,m","4.37",",,,m"
"MXN00002054","1975-05","31.0333","-115.9833","100.0","SAN RAFAEL, MX","","","0.0",",m","0",",m","0",",m","0",",m","0",",m","0",",m","0",",m","22",",m","0",",m","0.6",",m,05,","0.0",",,m,31,+","27.8",",m,11,","","","104.0",",m","0.0",",,,m","14.98",",m","22.46",",,,m","7.50",",,,m"
"MXN00002054","1975-06","31.0333","-115.9833","100.0","SAN RAFAEL, MX","","","10.9",",m","0",",m","0",",m","0",",m","0",",m","0",",m","0",",m","28",",m","2",",m","5.0",",m,25,+","0.0",",,m,30,+","35.0",",m,30,","","","31.3",",m","0.0",",,,m","17.65",",m","25.82",",,,m","9.48",",,,m"
"MXN00002054","1975-07","31.0333","-115.9833","100.0","SAN RAFAEL, MX","","","98.1",",m","1",",m","0",",m","0",",m","0",",m","0",",m","0",",m","31",",m","7",",m","6.7",",m,04,","0.8",",,m,26,","37.8",",m,01,","0.0","m","0.0",",m","0.8",",,,m","21.50",",m","29.89",",,,m","13.10",",,,m"
"MXN00002054","1975-08","31.0333","-115.9833","100.0","SAN RAFAEL, MX","","","137.6",",m","1",",m","0",",m","0",",m","0",",m","0",",m","0",",m","31",",m","18",",m","6.7",",m,17,","2.3",",,m,05,","38.9",",m,27,+","0.0","m","0.0",",m","2.3",",,,m","22.77",",m","33.03",",,,m","12.51",",,,m"
"MXN00002054","1975-09","31.0333","-115.9833","100.0","SAN RAFAEL, MX","","","","","2","4,m","0","4,m","0","4,m","","","","","","","","","","","","","2.3","4,,m,06,","","","","","","","3.6","4,,,m","","","","","",""
"MXN00002054","1975-10","31.0333","-115.9833","100.0","SAN RAFAEL, MX","","","14.3","3,m","1","3,m","1","3,m","0","3,m","0","3,m","1","3,m","0","3,m","28","3,m","3","3,m","0.0","3,m,25,","5.8","3,,m,20,","37.2","3,m,03,","","","68.1","3,m","5.8","3,,,m","16.41","3,m","26.43","3,,,m","6.39","3,,,m"
"MXN00002054","1975-11","31.0333","-115.9833","100.0","SAN RAFAEL, MX","","","0.9",",m","2",",m","2",",m","0",",m","0",",m","11",",m","0",",m","26",",m","3",",m","-2.2",",m,21,+","21.8",",,m,27,","32.8",",m,24,+","","","141.3",",m","40.1",",,,m","13.65",",m","25.77",",,,m","1.54",",,,m"
"MXN00002054","1975-12","31.0333","-115.9833","100.0","SAN RAFAEL, MX","","","","","2","4,m","1","4,m","0","4,m","","","","","","","","","","","","","6.9","4,,m,12,","","","","","","","7.7","4,,,m","","","","","",""
"MXN00002054","1976-01","31.0333","-115.9833","100.0","SAN RAFAEL, MX","","","","","2","5,m","0","5,m","0","5,m","","","","","","","","","","","","","1.8","5,,m,21,","","","","","","","2.6","5,,,m","","","","","",""
"MXN00002054","1976-02","31.0333","-115.9833","100.0","SAN RAFAEL, MX","","","0.0",",m","9",",m","7",",m","2",",m","0",",m","1",",m","0",",m","10",",m","0",",m","0.0",",m,25,","48.8",",,m,05,","30.0",",m,01,","","","166.4",",m","137.3",",,,m","12.60",",m","20.27",",,,m","4.92",",,,m"
"MXN00002054","1976-03","31.0333","-115.9833","100.0","SAN RAFAEL, MX","","","","","4","3,m","2","3,m","0","3,m","","","","","","","","","","","","","10.9","3,,m,02,","","","","","","","15.3","3,,,m","","","","","",""
"MXN00002054","1976-04","31.0333","-115.9833","100.0","SAN RAFAEL, MX","","","0.0","2,m","5","1,m","4","1,m","0","1,m","0","2,m","1","2,m","0","2,m","15","2,m","0","2,m","0.0","2,m,17,","16.3","1,,m,13,","28.9","2,m,30,","","","141.9","2,m","40.7","1,,,m","13.27","2,m","21.15","2,,,m","5.38","2,,,m"
"MXN00002054","1976-05","31.0333","-115.9833","100.0","SAN RAFAEL, MX","","","","","1","5,m","0","5,m","0","5,m","","","","","","","","","","","","","0.3","5,,m,07,","","","","","","","0.3","5,,,m","","","","","",""
"MXN00002054","1976-06","31.0333","-115.9833","100.0","SAN RAFAEL, MX","","","70.2",",m","0",",m","0",",m","0",",m","0",",m","0",",m","0",",m","30",",m","12",",m","3.9",",m,11,+","0.0",",,m,30,+","37.8",",m,27,","","","21.0",",m","0.0",",,,m","19.97",",m","30.37",",,,m","9.57",",,,m"
"MXN00002054","1976-07","31.0333","-115.9833","100.0","SAN RAFAEL, MX","","","105.9",",m","0",",m","0",",m","0",",m","0",",m","0",",m","0",",m","31",",m","6",",m","10.0",",m,31,+","0.0",",,m,31,+","35.6",",m,07,","0.0","m","0.0",",m","0.0",",,,m","21.75",",m","30.00",",,,m","13.50",",,,m"
"MXN00002054","1976-08","31.0333","-115.9833","100.0","SAN RAFAEL, MX","","","105.3",",m","0",",m","0",",m","0",",m","0",",m","0",",m","0",",m","31",",m","16",",m","5.6",",m,03,","0.0",",,m,31,+","40.0",",m,29,","1.6","m","1.6",",m","0.0",",,,m","21.68",",m","32.44",",,,m","10.92",",,,m"
"MXN00002054","1976-09","31.0333","-115.9833","100.0","SAN RAFAEL, MX","","","100.3",",m","4",",m","2",",m","1",",m","0",",m","0",",m","0",",m","30",",m","5",",m","10.0",",m,27,","32.8",",,m,09,","35.0",",m,07,","1.6","m","0.0",",m","54.7",",,,m","21.68",",m","27.93",",,,m","15.42",",,,m"
"MXN00002054","1976-10","31.0333","-115.9833","100.0","SAN RAFAEL, MX","","","19.0",",m","2",",m","0",",m","0",",m","0",",m","0",",m","0",",m","30",",m","4",",m","1.7",",m,30,","0.8",",,m,22,+","35.6",",m,09,","27.1","m","25.5",",m","1.6",",,,m","18.13",",m","27.86",",,,m","8.39",",,,m"
"MXN00002054","1976-11","31.0333","-115.9833","100.0","SAN RAFAEL, MX","","","17.4",",m","3",",m","2",",m","0",",m","0",",m","3",",m","0",",m","23",",m","7",",m","-3.3",",m,30,+","20.8",",,m,11,","35.0",",m,05,+","110.0","m","82.9",",m","24.4",",,,m","16.15",",m","26.93",",,,m","5.37",",,,m"
"MXN00002054","1976-12","31.0333","-115.9833","100.0","SAN RAFAEL, MX","","","0.0",",m","3",",m","3",",m","0",",m","0",",m","16",",m","0",",m","24",",m","0",",m","-3.3",",m,10,","19.8",",,m,30,","28.9",",m,08,","306.2","m","196.2",",m","37.6",",,,m","12.00",",m","23.50",",,,m","0.51",",,,m"
"MXN00002054","1977-01","31.0333","-115.9833","100.0","SAN RAFAEL, MX","0.0","m","0.0",",m","5",",m","3",",m","0",",m","0",",m","10",",m","0",",m","13",",m","0",",m","-2.2",",m,11,","21.8",",,m,07,","26.7",",m,22,","512.3","m","206.1",",m","36.0",",,,m","11.68",",m","20.59",",,,m","2.77",",,,m"
"MXN00002054","1977-02","31.0333","-115.9833","100.0","SAN RAFAEL, MX","0.0","m","0.0",",m","1",",m","1",",m","0",",m","0",",m","10",",m","0",",m","22",",m","1",",m","-3.3",",m,26,","6.9",",,m,24,","32.8",",m,16,","659.2","m","146.9",",m","6.9",",,,m","13.09",",m","25.10",",,,m","1.08",",,,m"
"MXN00002054","1977-03","31.0333","-115.9833","100.0","SAN RAFAEL, MX","0.0","m","0.0",",m","3",",m","3",",m","0",",m","0",",m","17",",m","0",",m","10",",m","0",",m","-4.4",",m,03,","13.0",",,m,24,","28.9",",m,21,","887.7","m","228.5",",m","30.8",",,,m","10.96",",m","20.52",",,,m","1.40",",,,m"
"MXN00002054","1977-04","31.0333","-115.9833","100.0","SAN RAFAEL, MX","2.5","m","2.5",",m","1",",m","1",",m","0",",m","0",",m","0",",m","0",",m","25",",m","0",",m","0.6",",m,04,+","2.8",",,m,01,","31.7",",m,22,","988.7","m","101.0",",m","2.8",",,,m","15.05",",m","24.76",",,,m","5.34",",,,m"
"MXN00002054","1977-05","31.0333","-115.9833","100.0","SAN RAFAEL, MX","3.4","m","0.9",",m","2",",m","2",",m","0",",m","0",",m","0",",m","0",",m","24",",m","1",",m","2.8",",m,21,","13.5",",,m,08,","32.8",",m,31,","1080.2","m","91.5",",m","19.9",",,,m","15.41",",m","24.15",",,,m","6.67",",,,m"
"MXN00002054","1977-06","31.0333","-115.9833","100.0","SAN RAFAEL, MX","49.4","m","46.0",",m","0",",m","0",",m","0",",m","0",",m","0",",m","0",",m","30",",m","9",",m","5.0",",m,15,","0.0",",,m,30,+","36.7",",m,28,","1096.6","m","16.4",",m","0.0",",,,m","19.32",",m","29.49",",,,m","9.15",",,,m"
"MXN00002054","1977-07","31.0333","-115.9833","100.0","SAN RAFAEL, MX","186.7","m","137.3",",m","0",",m","0",",m","0",",m","0",",m","0",",m","0",",m","31",",m","16",",m","7.8",",m,07,+","0.0",",,m,31,+","40.0",",m,26,","0.0","m","0.0",",m","0.0",",,,m","22.76",",m","32.78",",,,m","12.75",",,,m"
"MXN00002054","1977-08","31.0333","-115.9833","100.0","SAN RAFAEL, MX","","","","","1","2,m","1","2,m","1","2,m","","","","","","","","","","","","","27.9","2,,m,16,","","","","","","","27.9","2,,,m","","","","","",""
"MXN00002054","1977-09","31.0333","-115.9833","100.0","SAN RAFAEL, MX","","","125.9","1,m","2","1,m","0","1,m","0","1,m","0","1,m","0","1,m","0","1,m","29","1,m","11","1,m","5.6","1,m,17,","2.3","1,,m,26,","37.8","1,m,08,+","","","0.5","1,m","4.1","1,,,m","22.66","1,m","32.08","1,,,m","13.24","1,,,m"
"MXN00002054","1977-10","31.0333","-115.9833","100.0","SAN RAFAEL, MX","","","66.3",",m","1",",m","1",",m","0",",m","0",",m","0",",m","0",",m","31",",m","13",",m","2.8",",m,31,","2.8",",,m,06,","35.6",",m,05,","","","23.7",",m","2.8",",,,m","19.71",",m","30.05",",,,m","9.36",",,,m"
"MXN00002054","1977-11","31.0333","-115.9833","100.0","SAN RAFAEL, MX","","","2.3",",m","1",",m","1",",m","0",",m","0",",m","3",",m","0",",m","27",",m","3",",m","0.0",",m,23,+","4.8",",,m,05,","35.6",",m,25,","","","88.3",",m","4.8",",,,m","15.47",",m","27.86",",,,m","3.08",",,,m"
"MXN00002054","1977-12","31.0333","-115.9833","100.0","SAN RAFAEL, MX","","","0.0","2,m","6","1,m","4","1,m","0","1,m","0","2,m","7","2,m","0","2,m","21","2,m","0","2,m","-2.2","2,m,16,","19.8","1,,m,23,","30.6","2,m,06,","","","106.8","2,m","55.1","1,,,m","14.65","2,m","24.31","2,,,m","5.00","2,,,m"
"MXN00002054","1978-01","31.0333","-115.9833","100.0","SAN RAFAEL, MX","0.0","m","0.0",",m","8",",m","7",",m","1",",m","0",",m","2",",m","0",",m","8",",m","0",",m","-1.1",",m,26,+","59.9",",,m,14,","26.7",",m,30,+","","","164.0",",m","127.2",",,,m","13.04",",m","20.07",",,,m","6.01",",,,m"
"MXN00002054","1978-02","31.0333","-115.9833","100.0","SAN RAFAEL, MX","0.0","m","0.0",",m","9",",m","7",",m","2",",m","0",",m","1",",m","0",",m","8",",m","0",",m","-1.1",",m,17,","99.8",",,m,28,","26.7",",m,26,","","","170.7",",m","181.1",",,,m","12.24",",m","19.74",",,,m","4.73",",,,m"
"MXN00002054","1978-04","31.0333","-115.9833","100.0","SAN RAFAEL, MX","","","0.0",",m","5",",m","5",",m","0",",m","0",",m","0",",m","0",",m","15",",m","0",",m","2.8",",m,22,+","9.4",",,m,07,","25.6",",m,27,+","","","127.6",",m","29.2",",,,m","14.08",",m","21.27",",,,m","6.89",",,,m"
"MXN00002054","1978-05","31.0333","-115.9833","100.0","SAN RAFAEL, MX","","","13.9","2,m","0","1,m","0","1,m","0","1,m","0","2,m","0","2,m","0","2,m","28","2,m","4","2,m","2.8","2,m,11,","0.0","1,,m,31,+","35.6","2,m,30,","","","55.1","2,m","0.0","1,,,m","16.91","2,m","26.87","2,,,m","6.96","2,,,m"
"MXN00002054","1978-06","31.0333","-115.9833","100.0","SAN RAFAEL, MX","","","126.9",",m","0",",m","0",",m","0",",m","0",",m","0",",m","0",",m","30",",m","14",",m","5.6",",m,03,","0.0",",,m,30,+","43.9",",m,23,+","","","7.9",",m","0.0",",,,m","22.30",",m","33.52",",,,m","11.08",",,,m"
"MXN00002054","1978-07","31.0333","-115.9833","100.0","SAN RAFAEL, MX","","","128.2",",m","0",",m","0",",m","0",",m","0",",m","0",",m","0",",m","31",",m","11",",m","5.0",",m,04,","0.0",",,m,31,+","40.0",",m,16,","0.5","m","0.5",",m","0.0",",,,m","22.45",",m","32.77",",,,m","12.14",",,,m"
"MXN00002054","1978-08","31.0333","-115.9833","100.0","SAN RAFAEL, MX","","","111.2",",m","0",",m","0",",m","0",",m","0",",m","0",",m","0",",m","31",",m","11",",m","5.0",",m,26,","0.0",",,m,31,+","35.0",",m,21,","1.3","m","0.8",",m","0.0",",,,m","21.89",",m","31.67",",,,m","12.12",",,,m"
"MXN00002054","1978-09","31.0333","-115.9833","100.0","SAN RAFAEL, MX","","","118.3",",m","2",",m","0",",m","0",",m","0",",m","0",",m","0",",m","30",",m","14",",m","5.0",",m,22,+","0.8",",,m,30,+","40.6",",m,26,","5.4","m","4.1",",m","1.6",",,,m","22.14",",m","32.13",",,,m","12.15",",,,m"
"MXN00002054","1978-10","31.0333","-115.9833","100.0","SAN RAFAEL, MX","","","66.0",",m","1",",m","1",",m","0",",m","0",",m","0",",m","0",",m","31",",m","9",",m","5.0",",m,29,","3.8",",,m,19,","40.0",",m,14,","22.9","m","17.5",",m","3.8",",,,m","19.90",",m","29.81",",,,m","9.99",",,,m"
"MXN00002054","1978-11","31.0333","-115.9833","100.0","SAN RAFAEL, MX","","","","","5","4,m","4","4,m","2","4,m","","","","","","","","","","","","","39.9","4,,m,10,","","","","","","","102.2","4,,,m","","","","","",""
"MXN00002054","1978-12","31.0333","-115.9833","100.0","SAN RAFAEL, MX","","","0.0",",m","6",",m","4",",m","2",",m","0",",m","13",",m","0",",m","3",",m","0",",m","-6.1",",m,08,","50.8",",,m,16,","25.6",",m,17,","","","257.4",",m","104.0",",,,m","10.03",",m","17.89",",,,m","2.17",",,,m"
"MXN00002054","1979-01","31.0333","-115.9833","100.0","SAN RAFAEL, MX","0.0","m","0.0",",m","11",",m","10",",m","1",",m","0",",m","6",",m","0",",m","3",",m","0",",m","-2.2",",m,30,+","117.9",",,m,16,","21.7",",m,13,+","","","242.1",",m","242.2",",,,m","10.52",",m","17.35",",,,m","3.70",",,,m"
"MXN00002054","1979-02","31.0333","-115.9833","100.0","SAN RAFAEL, MX","0.0","m","0.0",",m","5",",m","2",",m","0",",m","0",",m","7",",m","0",",m","10",",m","0",",m","-2.2",",m,06,","4.8",",,m,02,","25.6",",m,11,+","","","205.7",",m","12.5",",,,m","10.99",",m","19.84",",,,m","2.13",",,,m"
"MXN00002054","1979-03","31.0333","-115.9833","100.0","SAN RAFAEL, MX","0.0","m","0.0",",m","8",",m","7",",m","0",",m","0",",m","2",",m","0",",m","18",",m","0",",m","0.0",",m,04,+","22.9",",,m,27,","28.9",",m,07,","","","143.5",",m","76.1",",,,m","13.70",",m","22.14",",,,m","5.27",",,,m"
"MXN00002054","1979-04","31.0333","-115.9833","100.0","SAN RAFAEL, MX","0.0","m","0.0",",m","0",",m","0",",m","0",",m","0",",m","0",",m","0",",m","23",",m","0",",m","1.7",",m,18,+","0.0",",,m,30,+","28.9",",m,30,+","","","121.8",",m","0.0",",,,m","14.28",",m","23.73",",,,m","4.82",",,,m"
"MXN00002054","1979-05","31.0333","-115.9833","100.0","SAN RAFAEL, MX","16.4","m","16.4",",m","1",",m","0",",m","0",",m","0",",m","0",",m","0",",m","31",",m","2",",m","2.8",",m,10,","1.8",",,m,19,","36.7",",m,13,","","","34.6",",m","1.8",",,,m","17.75",",m","27.35",",,,m","8.14",",,,m"
"MXN00002054","1979-06","31.0333","-115.9833","100.0","SAN RAFAEL, MX","170.6","m","154.2",",m","0",",m","0",",m","0",",m","0",",m","0",",m","0",",m","29",",m","19",",m","6.7",",m,09,","0.0",",,m,30,+","42.8",",m,12,","","","3.2",",m","0.0",",,,m","23.36",",m","33.84",",,,m","12.89",",,,m"
"MXN00002054","1979-07","31.0333","-115.9833","100.0","SAN RAFAEL, MX","290.0","m","119.4",",m","1",",m","0",",m","0",",m","0",",m","0",",m","0",",m","31",",m","14",",m","5.6",",m,05,","1.8",",,m,18,","38.9",",m,18,","2.4","m","2.4",",m","1.8",",,,m","22.11",",m","32.23",",,,m","11.99",",,,m"
"MXN00002054","1979-09","31.0333","-115.9833","100.0","SAN RAFAEL, MX","","","185.7",",m","0",",m","0",",m","0",",m","0",",m","0",",m","0",",m","30",",m","27",",m","10.0",",m,30,+","0.0",",,m,30,+","40.0",",m,15,+","","","0.0",",m","0.0",",,,m","24.52",",m","35.60",",,,m","13.45",",,,m"
"MXN00002054","1979-10","31.0333","-115.9833","100.0","SAN RAFAEL, MX","","","29.2",",m","1",",m","1",",m","0",",m","0",",m","0",",m","0",",m","31",",m","5",",m","0.6",",m,31,","5.8",",,m,20,","36.7",",m,04,+","","","36.5",",m","5.8",",,,m","18.10",",m","28.87",",,,m","7.32",",,,m"
"MXN00002054","1979-11","31.0333","-115.9833","100.0","SAN RAFAEL, MX","","","0.0",",m","1",",m","1",",m","0",",m","0",",m","13",",m","0",",m","24",",m","0",",m","-5.0",",m,21,","11.9",",,m,07,","30.0",",m,16,+","","","181.7",",m","11.9",",,,m","12.28",",m","24.10",",,,m","0.45",",,,m"
"MXN00002054","1979-12","31.0333","-115.9833","100.0","SAN RAFAEL, MX","","","0.6",",m","1",",m","1",",m","0",",m","0",",m","21",",m","0",",m","31",",m","2",",m","-3.3",",m,25,","7.9",",,m,22,","33.9",",m,04,","","","161.5",",m","7.9",",,,m","13.14",",m","26.55",",,,m","-0.27",",,,m"
"MXN00002054","1980-01","31.0333","-115.9833","100.0","SAN RAFAEL, MX","0.0","","0.0",",m","6","2,m","6","2,m","2","2,m","0",",m","10",",m","0",",m","20",",m","0",",m","-3.3",",m,03,","36.3","2,,m,08,","27.8",",m,02,","","","144.1",",m","131.3","2,,,m","13.68",",m","22.28",",,,m","5.09",",,,m"
"MXN00002054","1980-02","31.0333","-115.9833","100.0","SAN RAFAEL, MX","","","","","2","2,m","2","2,m","0","2,m","","","","","","","","","","","","","19.8","2,,m,13,+","","","","","","","39.6","2,,,m","","","","","",""
