"STATION","DATE","LATITUDE","LONGITUDE","ELEVATION","NAME","CDSD","CDSD_ATTRIBUTES","CLDD","CLDD_ATTRIBUTES","DP01","DP01_ATTRIBUTES","DP10","DP10_ATTRIBUTES","DP1X","DP1X_ATTRIBUTES","DT00","DT00_ATTRIBUTES","DT32","DT32_ATTRIBUTES","DX32","DX32_ATTRIBUTES","DX70","DX70_ATTRIBUTES","DX90","DX90_ATTRIBUTES","EMNT","EMNT_ATTRIBUTES","EMXP","EMXP_ATTRIBUTES","EMXT","EMXT_ATTRIBUTES","HDSD","HDSD_ATTRIBUTES","HTDD","HTDD_ATTRIBUTES","PRCP","PRCP_ATTRIBUTES","TAVG","TAVG_ATTRIBUTES","TMAX","TMAX_ATTRIBUTES","TMIN","TMIN_ATTRIBUTES"
"MXN00028026","1972-01","22.6333","-98.5833","162.8","EL AGUACATE, MX","","","","","4","4,m","2","4,m","0","4,m","","","","","","","","","","","","","3.8","4,,m,09,","","","","","","","10.2","4,,,m","","","","","",""
"MXN00028026","1972-02","22.6333","-98.5833","162.8","EL AGUACATE, MX","","","62.7",",m","1",",m","1",",m","0",",m","0",",m","0",",m","0",",m","28",",m","15",",m","2.8",",m,08,","4.8",",,m,07,","37.8",",m,19,+","","","23.7",",m","4.8",",,,m","19.68",",m","31.78",",,,m","7.57",",,,m"
"MXN00028026","1972-03","22.6333","-98.5833","162.8","EL AGUACATE, MX","","","212.0",",m","6",",m","4",",m","2",",m","0",",m","0",",m","0",",m","31",",m","30",",m","5.6",",m,11,+","29.0",",,m,16,+","45.0",",m,28,","","","0.0",",m","95.4",",,,m","25.17",",m","38.37",",,,m","11.97",",,,m"
"MXN00028026","1972-04","22.6333","-98.5833","162.8","EL AGUACATE, MX","","","294.3",",m","3",",m","1",",m","1",",m","0",",m","0",",m","0",",m","30",",m","30",",m","11.7",",m,06,","29.0",",,m,27,","45.0",",m,15,+","","","0.0",",m","29.6",",,,m","28.14",",m","40.54",",,,m","15.75",",,,m"
"MXN00028026","1972-05","22.6333","-98.5833","162.8","EL AGUACATE, MX","","","266.9",",m","9",",m","7",",m","2",",m","0",",m","0",",m","0",",m","31",",m","30",",m","13.9",",m,31,+","30.5",",,m,12,","41.1",",m,12,","","","0.0",",m","112.3",",,,m","26.94",",m","37.35",",,,m","16.54",",,,m"
"MXN00028026","1972-06","22.6333","-98.5833","162.8","EL AGUACATE, MX","","","284.8",",m","12",",m","10",",m","3",",m","0",",m","0",",m","0",",m","30",",m","29",",m","15.0",",m,04,+","47.0",",,m,05,","42.8",",m,27,+","","","0.0",",m","182.2",",,,m","27.83",",m","38.63",",,,m","17.02",",,,m"
"MXN00028026","1972-07","22.6333","-98.5833","162.8","EL AGUACATE, MX","","","255.9",",m","18",",m","17",",m","4",",m","0",",m","0",",m","0",",m","31",",m","29",",m","15.6",",m,31,+","67.8",",,m,16,","40.6",",m,07,+","0.0","","0.0",",m","351.2",",,,m","26.59",",m","36.85",",,,m","16.33",",,,m"
"MXN00028026","1972-08","22.6333","-98.5833","162.8","EL AGUACATE, MX","","","273.1",",m","10",",m","8",",m","0",",m","0",",m","0",",m","0",",m","31",",m","31",",m","15.0",",m,07,","19.8",",,m,11,","40.6",",m,31,","0.0","","0.0",",m","68.8",",,,m","27.14",",m","37.82",",,,m","16.47",",,,m"
"MXN00028026","1972-09","22.6333","-98.5833","162.8","EL AGUACATE, MX","","","293.7",",m","7",",m","6",",m","1",",m","0",",m","0",",m","0",",m","30",",m","30",",m","15.6",",m,30,+","33.8",",,m,30,","40.6",",m,11,+","0.0","","0.0",",m","78.7",",,,m","28.12",",m","39.53",",,,m","16.71",",,,m"
"MXN00028026","1972-10","22.6333","-98.5833","162.8","EL AGUACATE, MX","","","245.2",",m","9",",m","5",",m","0",",m","0",",m","0",",m","0",",m","31",",m","30",",m","11.7",",m,02,","10.9",",,m,12,","38.9",",m,31,+","0.0","","0.0",",m","36.4",",,,m","26.24",",m","37.32",",,,m","15.16",",,,m"
"MXN00028026","1972-11","22.6333","-98.5833","162.8","EL AGUACATE, MX","","","65.1",",m","6",",m","1",",m","0",",m","0",",m","0",",m","0",",m","27",",m","11",",m","2.8",",m,23,","3.8",",,m,28,","35.6",",m,19,","40.4","","40.4",",m","10.8",",,,m","19.16",",m","28.48",",,,m","9.83",",,,m"
"MXN00028026","1972-12","22.6333","-98.5833","162.8","EL AGUACATE, MX","","","58.0",",m","2",",m","1",",m","0",",m","0",",m","2",",m","0",",m","29",",m","14",",m","0.0",",m,23,+","8.9",",,m,10,","37.8",",m,09,+","79.0","","38.6",",m","9.7",",,,m","18.96",",m","30.76",",,,m","7.16",",,,m"
"MXN00028026","1973-01","22.6333","-98.5833","162.8","EL AGUACATE, MX","32.2","m","32.2",",m","6",",m","2",",m","0",",m","0",",m","4",",m","0",",m","28",",m","11",",m","-1.1",",m,30,","5.3",",,m,06,","35.0",",m,27,+","142.1","m","63.1",",m","13.5",",,,m","17.34",",m","28.87",",,,m","5.81",",,,m"
"MXN00028026","1973-02","22.6333","-98.5833","162.8","EL AGUACATE, MX","65.2","m","33.0","2,m","7",",m","2",",m","0",",m","0","1,m","0","1,m","0","1,m","22","1,m","1","1,m","0.6","1,m,11,","6.9",",,m,16,","32.8","1,m,13,","179.0","m","36.9","1,m","21.3",",,,m","18.17","2,m","25.66","1,,,m","10.68","1,,,m"
"MXN00028026","1973-03","22.6333","-98.5833","162.8","EL AGUACATE, MX","295.9","m","230.7",",m","0",",m","0",",m","0",",m","0",",m","0",",m","0",",m","31",",m","24",",m","10.0",",m,17,","0.0",",,m,31,+","38.9",",m,30,+","180.4","m","1.4",",m","0.0",",,,m","25.73",",m","33.96",",,,m","17.50",",,,m"
"MXN00028026","1973-04","22.6333","-98.5833","162.8","EL AGUACATE, MX","526.2","m","230.3",",m","5",",m","2",",m","0",",m","0",",m","0",",m","0",",m","29",",m","22",",m","11.7",",m,09,","11.4",",,m,05,","42.8",",m,20,","182.6","m","2.2",",m","20.6",",,,m","25.94",",m","33.63",",,,m","18.24",",,,m"
"MXN00028026","1973-05","22.6333","-98.5833","162.8","EL AGUACATE, MX","800.4","m","274.2",",m","4",",m","1",",m","0",",m","0",",m","0",",m","0",",m","31",",m","28",",m","10.0",",m,16,","9.9",",,m,12,","46.7",",m,27,+","182.6","m","0.0",",m","14.8",",,,m","27.18",",m","37.73",",,,m","16.63",",,,m"
"MXN00028026","1973-06","22.6333","-98.5833","162.8","EL AGUACATE, MX","1052.8","m","252.4",",m","10",",m","10",",m","5",",m","0",",m","0",",m","0",",m","30",",m","25",",m","16.1",",m,28,+","231.9",",,m,24,","40.0",",m,02,","182.6","m","0.0",",m","582.7",",,,m","26.75",",m","35.32",",,,m","18.17",",,,m"
"MXN00028026","1973-07","22.6333","-98.5833","162.8","EL AGUACATE, MX","1337.3","m","284.5",",m","13",",m","12",",m","4",",m","0",",m","0",",m","0",",m","31",",m","24",",m","20.6",",m,24,+","49.8",",,m,08,","35.0",",m,31,+","0.0","m","0.0",",m","224.1",",,,m","27.51",",m","32.88",",,,m","22.14",",,,m"
"MXN00028026","1973-08","22.6333","-98.5833","162.8","EL AGUACATE, MX","1600.5","m","263.2",",m","14",",m","13",",m","7",",m","0",",m","0",",m","0",",m","31",",m","20",",m","18.3",",m,19,","86.9",",,m,16,","35.0",",m,23,+","0.0","m","0.0",",m","478.5",",,,m","26.82",",m","32.74",",,,m","20.90",",,,m"
"MXN00028026","1973-09","22.6333","-98.5833","162.8","EL AGUACATE, MX","1877.5","m","277.0",",m","4",",m","3",",m","0",",m","0",",m","0",",m","0",",m","30",",m","25",",m","20.6",",m,20,+","8.9",",,m,17,","35.6",",m,13,","0.0","m","0.0",",m","24.5",",,,m","27.57",",m","33.54",",,,m","21.60",",,,m"
"MXN00028026","1973-10","22.6333","-98.5833","162.8","EL AGUACATE, MX","2135.7","m","258.2",",m","0",",m","0",",m","0",",m","0",",m","0",",m","0",",m","31",",m","28",",m","20.0",",m,27,+","0.0",",,m,31,+","33.9",",m,29,+","0.0","m","0.0",",m","0.0",",,,m","26.66",",m","33.09",",,,m","20.24",",,,m"
"MXN00028026","1973-12","22.6333","-98.5833","162.8","EL AGUACATE, MX","","","198.3",",m","0",",m","0",",m","0",",m","0",",m","0",",m","0",",m","31",",m","15",",m","15.6",",m,03,+","0.0",",,m,31,+","33.3",",m,12,+","","","0.0",",m","0.0",",,,m","24.73",",m","31.32",",,,m","18.14",",,,m"
"MXN00028026","1974-01","22.6333","-98.5833","162.8","EL AGUACATE, MX","92.2","m","92.2",",m","0",",m","0",",m","0",",m","0",",m","0",",m","0",",m","31",",m","0",",m","8.9",",m,29,+","0.0",",,m,31,+","30.0",",m,31,+","","","1.9",",m","0.0",",,,m","21.25",",m","28.75",",,,m","13.75",",,,m"
"MXN00028026","1974-02","22.6333","-98.5833","162.8","EL AGUACATE, MX","134.8","m","42.6",",m","0",",m","0",",m","0",",m","0",",m","0",",m","0",",m","28",",m","2",",m","1.7",",m,11,","0.0",",,m,28,+","35.0",",m,18,","","","4.7",",m","0.0",",,,m","19.69",",m","27.84",",,,m","11.54",",,,m"
"MXN00028026","1974-03","22.6333","-98.5833","162.8","EL AGUACATE, MX","289.9","m","155.1",",m","3",",m","3",",m","0",",m","0",",m","0",",m","0",",m","31",",m","5",",m","11.1",",m,01,","21.8",",,m,16,","35.6",",m,10,","","","3.1",",m","54.3",",,,m","23.24",",m","29.85",",,,m","16.62",",,,m"
"MXN00028026","1974-04","22.6333","-98.5833","162.8","EL AGUACATE, MX","472.1","m","182.2",",m","2",",m","1",",m","0",",m","0",",m","0",",m","0",",m","30",",m","18",",m","14.4",",m,08,","19.8",",,m,14,","35.6",",m,02,","","","0.0",",m","21.6",",,,m","24.41",",m","32.36",",,,m","16.45",",,,m"
"MXN00028026","1974-05","22.6333","-98.5833","162.8","EL AGUACATE, MX","809.2","m","337.1",",m","2",",m","2",",m","0",",m","0",",m","0",",m","0",",m","31",",m","28",",m","18.9",",m,01,","10.4",",,m,27,","41.7",",m,10,","","","0.0",",m","13.7",",,,m","29.21",",m","36.16",",,,m","22.25",",,,m"
"MXN00028026","1974-06","22.6333","-98.5833","162.8","EL AGUACATE, MX","1118.0","m","308.8",",m","11",",m","11",",m","1",",m","0",",m","0",",m","0",",m","30",",m","21",",m","19.4",",m,27,","33.8",",,m,01,","43.9",",m,07,","","","0.0",",m","139.4",",,,m","28.63",",m","34.59",",,,m","22.66",",,,m"
"MXN00028026","1974-07","22.6333","-98.5833","162.8","EL AGUACATE, MX","1364.7","m","246.7",",m","12",",m","12",",m","4",",m","0",",m","0",",m","0",",m","31",",m","13",",m","20.0",",m,18,+","140.0",",,m,03,","35.0",",m,28,+","0.0","m","0.0",",m","387.5",",,,m","26.29",",m","31.20",",,,m","21.38",",,,m"
"MXN00028026","1974-12","22.6333","-98.5833","162.8","EL AGUACATE, MX","","","","","4","3,m","2","3,m","1","3,m","","","","","","","","","","","","","27.9","3,,m,09,","","","","","","","36.3","3,,,m","","","","","",""
"MXN00028026","1975-01","22.6333","-98.5833","162.8","EL AGUACATE, MX","54.0","m","54.0",",m","1",",m","1",",m","0",",m","0",",m","0",",m","0",",m","24",",m","0",",m","0.6",",m,15,","8.9",",,m,19,","31.7",",m,26,","","","42.7",",m","8.9",",,,m","18.70",",m","25.22",",,,m","12.18",",,,m"
"MXN00028026","1975-02","22.6333","-98.5833","162.8","EL AGUACATE, MX","129.2","m","75.2","2,m","1",",m","1",",m","0",",m","0","1,m","0","1,m","0","1,m","27","1,m","4","1,m","8.3","1,m,14,","4.8",",,m,06,","35.6","1,m,16,","","","7.7","1,m","4.8",",,,m","20.77","2,m","28.53","1,,,m","13.01","1,,,m"
"MXN00028026","1975-03","22.6333","-98.5833","162.8","EL AGUACATE, MX","305.2","m","176.0",",m","0",",m","0",",m","0",",m","0",",m","0",",m","0",",m","31",",m","14",",m","10.6",",m,31,+","0.0",",,m,31,+","42.2",",m,28,","","","0.0",",m","0.0",",,,m","24.01",",m","31.98",",,,m","16.04",",,,m"
"MXN00028026","1975-04","22.6333","-98.5833","162.8","EL AGUACATE, MX","545.9","m","240.7",",m","0",",m","0",",m","0",",m","0",",m","0",",m","0",",m","30",",m","24",",m","10.0",",m,04,","0.0",",,m,30,+","40.6",",m,08,","","","0.0",",m","0.0",",,,m","26.36",",m","34.33",",,,m","18.38",",,,m"
"MXN00028026","1975-05","22.6333","-98.5833","162.8","EL AGUACATE, MX","873.0","m","327.1",",m","2",",m","2",",m","1",",m","0",",m","0",",m","0",",m","31",",m","27",",m","17.8",",m,27,+","50.8",",,m,24,","43.9",",m,07,","","","0.0",",m","69.6",",,,m","28.88",",m","35.70",",,,m","22.07",",,,m"
"MXN00028026","1975-06","22.6333","-98.5833","162.8","EL AGUACATE, MX","1157.2","m","284.2",",m","7",",m","7",",m","0",",m","0",",m","0",",m","0",",m","30",",m","24",",m","15.0",",m,05,","14.0",",,m,19,","38.3",",m,10,","","","0.0",",m","52.1",",,,m","27.81",",m","34.17",",,,m","21.44",",,,m"
"MXN00028026","1975-07","22.6333","-98.5833","162.8","EL AGUACATE, MX","1444.4","m","287.2",",m","10",",m","10",",m","2",",m","0",",m","0",",m","0",",m","31",",m","22",",m","20.0",",m,27,+","47.0",",,m,13,","38.9",",m,27,","0.0","m","0.0",",m","186.4",",,,m","27.60",",m","33.73",",,,m","21.47",",,,m"
"MXN00028026","1975-08","22.6333","-98.5833","162.8","EL AGUACATE, MX","1727.1","m","282.7",",m","9",",m","9",",m","2",",m","0",",m","0",",m","0",",m","31",",m","22",",m","20.0",",m,24,+","69.9",",,m,05,","35.6",",m,29,+","0.0","m","0.0",",m","161.2",",,,m","27.45",",m","33.49",",,,m","21.42",",,,m"
"MXN00028026","1975-09","22.6333","-98.5833","162.8","EL AGUACATE, MX","1970.8","m","243.7",",m","8",",m","8",",m","4",",m","0",",m","0",",m","0",",m","30",",m","12",",m","18.9",",m,22,","30.0",",,m,01,","35.0",",m,17,+","0.0","m","0.0",",m","168.1",",,,m","26.46",",m","31.85",",,,m","21.06",",,,m"
"MXN00028026","1975-10","22.6333","-98.5833","162.8","EL AGUACATE, MX","2178.8","m","208.0",",m","5",",m","4",",m","1",",m","0",",m","0",",m","0",",m","31",",m","13",",m","12.8",",m,12,","31.0",",,m,10,","35.6",",m,06,","0.0","m","0.0",",m","47.3",",,,m","25.04",",m","31.72",",,,m","18.36",",,,m"
"MXN00028026","1975-11","22.6333","-98.5833","162.8","EL AGUACATE, MX","2332.9","m","154.1",",m","0",",m","0",",m","0",",m","0",",m","0",",m","0",",m","29",",m","10",",m","3.9",",m,14,","0.0",",,m,30,+","35.6",",m,01,","2.4","m","2.4",",m","0.0",",,,m","23.39",",m","30.67",",,,m","16.11",",,,m"
"MXN00028026","1975-12","22.6333","-98.5833","162.8","EL AGUACATE, MX","2428.5","m","95.6",",m","13",",m","13",",m","0",",m","0",",m","0",",m","0",",m","30",",m","5",",m","5.0",",m,30,+","8.9",",,m,31,+","35.0",",m,10,+","10.7","m","8.3",",m","115.7",",,,m","21.15",",m","30.02",",,,m","12.28",",,,m"
