"STATION","DATE","LATITUDE","LONGITUDE","ELEVATION","NAME","CDSD","CDSD_ATTRIBUTES","CLDD","CLDD_ATTRIBUTES","DP01","DP01_ATTRIBUTES","DP10","DP10_ATTRIBUTES","DP1X","DP1X_ATTRIBUTES","DT00","DT00_ATTRIBUTES","DT32","DT32_ATTRIBUTES","DX32","DX32_ATTRIBUTES","DX70","DX70_ATTRIBUTES","DX90","DX90_ATTRIBUTES","EMNT","EMNT_ATTRIBUTES","EMXP","EMXP_ATTRIBUTES","EMXT","EMXT_ATTRIBUTES","HDSD","HDSD_ATTRIBUTES","HTDD","HTDD_ATTRIBUTES","PRCP","PRCP_ATTRIBUTES","TAVG","TAVG_ATTRIBUTES","TMAX","TMAX_ATTRIBUTES","TMIN","TMIN_ATTRIBUTES"
"MXN00013049","1971-08","20.0667","-99.2667","2090.9","RANCHO LA SOLEDAD CFE, MX","","","","","7","1,m","4","1,m","0","1,m","","","","","","","","","","","","","18.8","1,,m,11,","","","","","","","43.8","1,,,m","","","","","",""
"MXN00013049","1971-09","20.0667","-99.2667","2090.9","RANCHO LA SOLEDAD CFE, MX","","","3.9",",m","11","2,m","10","2,m","0","2,m","0",",m","0",",m","0",",m","28",",m","0",",m","8.3",",m,10,","20.3","2,,m,27,","26.7",",m,12,","","","32.0",",m","116.7","2,,,m","17.40",",m","23.28",",,,m","11.52",",,,m"
"MXN00013049","1971-10","20.0667","-99.2667","2090.9","RANCHO LA SOLEDAD CFE, MX","","","0.0",",m","7","1,m","4","1,m","1","1,m","0",",m","0",",m","0",",m","26",",m","0",",m","6.1",",m,31,","33.3","1,,m,13,","24.4",",m,28,+","","","66.9",",m","74.3","1,,,m","16.17",",m","22.13",",,,m","10.22",",,,m"
"MXN00013049","1971-12","20.0667","-99.2667","2090.9","RANCHO LA SOLEDAD CFE, MX","","","0.0",",m","2","1,m","1","1,m","0","1,m","0",",m","0",",m","0",",m","23",",m","0",",m","0.6",",m,24,","3.3","1,,m,01,","25.0",",m,07,","","","138.4",",m","3.6","1,,,m","13.87",",m","21.53",",,,m","6.21",",,,m"
"MXN00013049","1972-01","20.0667","-99.2667","2090.9","RANCHO LA SOLEDAD CFE, MX","0.0","m","0.0",",m","2",",m","0",",m","0",",m","0",",m","0",",m","0",",m","20",",m","0",",m","1.7",",m,17,","2.3",",,m,30,","25.0",",m,24,+","","","146.7",",m","2.6",",,,m","13.60",",m","21.66",",,,m","5.54",",,,m"
"MXN00013049","1972-05","20.0667","-99.2667","2090.9","RANCHO LA SOLEDAD CFE, MX","","","45.1",",m","11",",m","6",",m","0",",m","0",",m","0",",m","0",",m","29",",m","0",",m","7.8",",m,21,","21.3",",,m,23,","31.7",",m,14,","","","4.9",",m","60.0",",,,m","19.63",",m","28.07",",,,m","11.19",",,,m"
"MXN00013049","1972-06","20.0667","-99.2667","2090.9","RANCHO LA SOLEDAD CFE, MX","","","13.7",",m","11",",m","7",",m","0",",m","0",",m","0",",m","0",",m","29",",m","0",",m","8.9",",m,30,+","21.8",",,m,29,","29.4",",m,23,","","","18.2",",m","97.7",",,,m","18.18",",m","24.64",",,,m","11.73",",,,m"
"MXN00013049","1972-07","20.0667","-99.2667","2090.9","RANCHO LA SOLEDAD CFE, MX","","","0.0",",m","13",",m","8",",m","1",",m","0",",m","0",",m","0",",m","16",",m","0",",m","6.7",",m,07,+","63.8",",,m,22,","25.0",",m,02,","78.5","m","78.5",",m","130.0",",,,m","15.80",",m","21.13",",,,m","10.47",",,,m"
"MXN00013049","1972-08","20.0667","-99.2667","2090.9","RANCHO LA SOLEDAD CFE, MX","","","0.0",",m","8",",m","4",",m","1",",m","0",",m","0",",m","0",",m","21",",m","0",",m","7.8",",m,16,","25.4",",,m,08,","25.6",",m,24,","156.1","m","77.6",",m","51.2",",,,m","15.83",",m","21.73",",,,m","9.93",",,,m"
"MXN00013049","1972-09","20.0667","-99.2667","2090.9","RANCHO LA SOLEDAD CFE, MX","","","1.1",",m","9",",m","4",",m","0",",m","0",",m","0",",m","0",",m","27",",m","0",",m","7.2",",m,04,","15.5",",,m,01,","26.1",",m,07,","206.6","m","50.5",",m","38.1",",,,m","16.69",",m","23.35",",,,m","10.02",",,,m"
"MXN00013049","1972-10","20.0667","-99.2667","2090.9","RANCHO LA SOLEDAD CFE, MX","","","1.7",",m","6",",m","2",",m","1",",m","0",",m","0",",m","0",",m","25",",m","0",",m","5.0",",m,03,","39.9",",,m,08,","27.8",",m,30,+","277.3","m","70.7",",m","57.6",",,,m","16.11",",m","22.65",",,,m","9.56",",,,m"
"MXN00013049","1972-11","20.0667","-99.2667","2090.9","RANCHO LA SOLEDAD CFE, MX","","","0.3",",m","6",",m","2",",m","0",",m","0",",m","0",",m","0",",m","24",",m","0",",m","5.6",",m,08,","9.4",",,m,21,","26.7",",m,18,","348.8","m","71.5",",m","17.4",",,,m","15.96",",m","23.01",",,,m","8.92",",,,m"
"MXN00013049","1972-12","20.0667","-99.2667","2090.9","RANCHO LA SOLEDAD CFE, MX","","","0.0","2,m","2",",m","1",",m","0",",m","0","1,m","3","1,m","0","1,m","17","1,m","0","1,m","0.0","1,m,22,+","11.9",",,m,01,","25.0","1,m,31,+","502.4","m","153.6","1,m","12.2",",,,m","12.89","2,m","20.63","1,,,m","5.15","1,,,m"
"MXN00013049","1973-01","20.0667","-99.2667","2090.9","RANCHO LA SOLEDAD CFE, MX","0.0","m","0.0",",m","0",",m","0",",m","0",",m","0",",m","7",",m","0",",m","21",",m","0",",m","-2.2",",m,30,+","0.0",",,m,31,+","27.2",",m,25,","675.7","m","173.3",",m","0.0",",,,m","12.74",",m","22.25",",,,m","3.24",",,,m"
"MXN00013049","1973-02","20.0667","-99.2667","2090.9","RANCHO LA SOLEDAD CFE, MX","0.0","m","0.0",",m","0",",m","0",",m","0",",m","0",",m","2",",m","0",",m","21",",m","0",",m","-2.2",",m,03,","0.0",",,m,28,+","29.4",",m,24,+","782.9","m","107.2",",m","0.0",",,,m","14.51",",m","23.82",",,,m","5.19",",,,m"
"MXN00013049","1973-03","20.0667","-99.2667","2090.9","RANCHO LA SOLEDAD CFE, MX","36.0","m","36.0",",m","0",",m","0",",m","0",",m","0",",m","0",",m","0",",m","30",",m","5",",m","3.3",",m,04,","0.0",",,m,31,+","33.3",",m,27,","797.3","m","14.4",",m","0.0",",,,m","19.03",",m","29.62",",,,m","8.44",",,,m"
"MXN00013049","1973-04","20.0667","-99.2667","2090.9","RANCHO LA SOLEDAD CFE, MX","76.7","m","40.7",",m","5",",m","3",",m","0",",m","0",",m","1",",m","0",",m","29",",m","3",",m","0.0",",m,10,","7.9",",,m,22,","33.9",",m,21,","831.7","m","34.4",",m","25.2",",,,m","18.54",",m","28.29",",,,m","8.80",",,,m"
"MXN00013049","1973-05","20.0667","-99.2667","2090.9","RANCHO LA SOLEDAD CFE, MX","109.4","m","32.7",",m","10",",m","6",",m","0",",m","0",",m","0",",m","0",",m","29",",m","1",",m","7.8",",m,21,","12.4",",,m,18,","32.8",",m,27,","854.1","m","22.4",",m","47.3",",,,m","18.67",",m","26.73",",,,m","10.60",",,,m"
"MXN00013049","1973-06","20.0667","-99.2667","2090.9","RANCHO LA SOLEDAD CFE, MX","114.6","m","5.2",",m","13",",m","7",",m","1",",m","0",",m","0",",m","0",",m","24",",m","0",",m","6.7",",m,07,","68.8",",,m,26,","28.9",",m,12,+","897.4","m","43.3",",m","152.8",",,,m","17.06",",m","23.94",",,,m","10.18",",,,m"
"MXN00013049","1973-07","20.0667","-99.2667","2090.9","RANCHO LA SOLEDAD CFE, MX","114.6","m","0.0",",m","17",",m","13",",m","1",",m","0",",m","0",",m","0",",m","21",",m","0",",m","7.2",",m,02,","32.8",",,m,22,","25.0",",m,22,","65.9","m","65.9",",m","160.0",",,,m","16.21",",m","21.69",",,,m","10.73",",,,m"
"MXN00013049","1973-08","20.0667","-99.2667","2090.9","RANCHO LA SOLEDAD CFE, MX","114.6","m","0.0",",m","16",",m","9",",m","0",",m","0",",m","0",",m","0",",m","11",",m","0",",m","6.7",",m,21,","19.8",",,m,09,","25.0",",m,06,","145.7","m","79.8",",m","90.0",",,,m","15.76",",m","20.60",",,,m","10.92",",,,m"
"MXN00013049","1973-09","20.0667","-99.2667","2090.9","RANCHO LA SOLEDAD CFE, MX","115.2","m","0.6",",m","10",",m","8",",m","1",",m","0",",m","0",",m","0",",m","23",",m","0",",m","7.2",",m,06,","30.5",",,m,09,","26.1",",m,25,","209.1","m","63.4",",m","121.3",",,,m","16.24",",m","21.94",",,,m","10.54",",,,m"
"MXN00013049","1973-10","20.0667","-99.2667","2090.9","RANCHO LA SOLEDAD CFE, MX","115.5","m","0.3",",m","11",",m","7",",m","0",",m","0",",m","0",",m","0",",m","16",",m","0",",m","6.7",",m,19,+","24.4",",,m,27,","25.0",",m,12,","316.3","m","107.2",",m","71.7",",,,m","14.88",",m","20.43",",,,m","9.33",",,,m"
"MXN00013049","1973-11","20.0667","-99.2667","2090.9","RANCHO LA SOLEDAD CFE, MX","115.5","m","0.0",",m","4",",m","1",",m","0",",m","0",",m","2",",m","0",",m","21",",m","0",",m","0.0",",m,30,+","3.3",",,m,01,","25.6",",m,21,","461.1","m","144.8",",m","5.2",",,,m","13.51",",m","21.09",",,,m","5.92",",,,m"
"MXN00013049","1973-12","20.0667","-99.2667","2090.9","RANCHO LA SOLEDAD CFE, MX","115.5","m","0.0",",m","1",",m","0",",m","0",",m","0",",m","0",",m","0",",m","10",",m","0",",m","0.6",",m,22,+","1.3",",,m,10,","24.4",",m,04,+","677.8","m","216.7",",m","1.3",",,,m","11.34",",m","18.81",",,,m","3.87",",,,m"
"MXN00013049","1974-01","20.0667","-99.2667","2090.9","RANCHO LA SOLEDAD CFE, MX","0.0","m","0.0",",m","2",",m","0",",m","0",",m","0",",m","0",",m","0",",m","24",",m","0",",m","2.2",",m,17,","1.8",",,m,06,+","25.0",",m,29,+","829.0","m","151.2",",m","3.6",",,,m","13.45",",m","21.96",",,,m","4.95",",,,m"
"MXN00013049","1974-02","20.0667","-99.2667","2090.9","RANCHO LA SOLEDAD CFE, MX","0.0","m","0.0",",m","1",",m","1",",m","0",",m","0",",m","4",",m","0",",m","19",",m","0",",m","-2.2",",m,10,","3.8",",,m,04,","27.8",",m,20,","984.1","m","155.1",",m","3.8",",,,m","12.79",",m","21.17",",,,m","4.41",",,,m"
"MXN00013049","1974-03","20.0667","-99.2667","2090.9","RANCHO LA SOLEDAD CFE, MX","2.5","m","2.5",",m","6",",m","4",",m","0",",m","0",",m","0",",m","0",",m","28",",m","0",",m","0.6",",m,02,","3.3",",,m,17,+","29.4",",m,22,","1064.5","m","80.4",",m","13.8",",,,m","15.82",",m","25.20",",,,m","6.44",",,,m"
"MXN00013049","1974-04","20.0667","-99.2667","2090.9","RANCHO LA SOLEDAD CFE, MX","8.5","m","6.0",",m","7",",m","2",",m","0",",m","0",",m","0",",m","0",",m","29",",m","0",",m","0.6",",m,06,","4.8",",,m,16,","28.9",",m,22,+","1116.0","m","51.5",",m","13.1",",,,m","16.82",",m","25.07",",,,m","8.57",",,,m"
"MXN00013049","1974-05","20.0667","-99.2667","2090.9","RANCHO LA SOLEDAD CFE, MX","39.5","m","31.0",",m","6",",m","4",",m","1",",m","0",",m","0",",m","0",",m","30",",m","0",",m","7.8",",m,23,+","28.4",",,m,25,","31.7",",m,11,+","1134.1","m","18.1",",m","52.2",",,,m","18.75",",m","26.79",",,,m","10.70",",,,m"
"MXN00013049","1974-06","20.0667","-99.2667","2090.9","RANCHO LA SOLEDAD CFE, MX","44.0","m","4.5",",m","9",",m","6",",m","0",",m","0",",m","0",",m","0",",m","22",",m","0",",m","8.3",",m,25,+","18.3",",,m,30,","28.9",",m,06,","1195.2","m","61.1",",m","61.1",",,,m","16.45",",m","22.22",",,,m","10.67",",,,m"
"MXN00013049","1974-07","20.0667","-99.2667","2090.9","RANCHO LA SOLEDAD CFE, MX","44.0","m","0.0",",m","10",",m","8",",m","2",",m","0",",m","0",",m","0",",m","11",",m","0",",m","5.6",",m,16,","30.5",",,m,05,","23.9",",m,30,","116.7","m","116.7",",m","138.5",",,,m","14.57",",m","19.97",",,,m","9.16",",,,m"
"MXN00013049","1974-08","20.0667","-99.2667","2090.9","RANCHO LA SOLEDAD CFE, MX","45.4","m","1.4",",m","11",",m","8",",m","0",",m","0",",m","0",",m","0",",m","30",",m","0",",m","7.2",",m,23,+","19.8",",,m,31,","25.0",",m,10,","171.8","m","55.1",",m","85.5",",,,m","16.60",",m","23.12",",,,m","10.08",",,,m"
"MXN00013049","1974-09","20.0667","-99.2667","2090.9","RANCHO LA SOLEDAD CFE, MX","45.4","m","0.0",",m","12",",m","9",",m","1",",m","0",",m","0",",m","0",",m","17",",m","0",",m","7.2",",m,23,+","50.8",",,m,21,","23.3",",m,27,+","257.1","m","85.3",",m","149.7",",,,m","15.49",",m","20.92",",,,m","10.06",",,,m"
"MXN00013049","1974-10","20.0667","-99.2667","2090.9","RANCHO LA SOLEDAD CFE, MX","45.4","m","0.0",",m","3",",m","3",",m","1",",m","0",",m","0",",m","0",",m","6",",m","0",",m","3.3",",m,09,","32.8",",,m,17,","23.3",",m,29,+","423.2","m","166.1",",m","51.1",",,,m","12.98",",m","18.64",",,,m","7.32",",,,m"
"MXN00013049","1974-11","20.0667","-99.2667","2090.9","RANCHO LA SOLEDAD CFE, MX","45.4","m","0.0",",m","5",",m","5",",m","1",",m","0",",m","3",",m","0",",m","14",",m","0",",m","-2.2",",m,27,+","33.3",",,m,05,","22.8",",m,04,","591.2","m","168.0",",m","53.1",",,,m","12.73",",m","19.83",",,,m","5.64",",,,m"
"MXN00013049","1974-12","20.0667","-99.2667","2090.9","RANCHO LA SOLEDAD CFE, MX","45.4","m","0.0",",m","1",",m","0",",m","0",",m","0",",m","1",",m","0",",m","16",",m","0",",m","0.0",",m,04,","1.8",",,m,09,","26.1",",m,30,","741.4","m","150.2",",m","1.8",",,,m","13.49",",m","21.57",",,,m","5.40",",,,m"
"MXN00013049","1975-01","20.0667","-99.2667","2090.9","RANCHO LA SOLEDAD CFE, MX","0.0","","0.0",",m","5",",m","4",",m","0",",m","0",",m","3",",m","0",",m","12",",m","0",",m","-1.1",",m,17,+","9.4",",,m,20,","24.4",",m,11,","948.2","","206.8",",m","23.6",",,,m","11.66",",m","19.02",",,,m","4.30",",,,m"
"MXN00013049","1975-02","20.0667","-99.2667","2090.9","RANCHO LA SOLEDAD CFE, MX","0.0","","0.0",",m","2",",m","1",",m","0",",m","0",",m","2",",m","0",",m","24",",m","0",",m","0.0",",m,25,+","8.9",",,m,01,","28.3",",m,19,","1066.3","","118.1",",m","10.2",",,,m","14.11",",m","23.05",",,,m","5.18",",,,m"
"MXN00013049","1975-03","20.0667","-99.2667","2090.9","RANCHO LA SOLEDAD CFE, MX","14.1","","14.1",",m","1",",m","0",",m","0",",m","0",",m","0",",m","0",",m","31",",m","0",",m","3.9",",m,08,","0.3",",,m,25,","30.0",",m,31,+","1120.3","","54.0",",m","0.3",",,,m","17.05",",m","26.53",",,,m","7.56",",,,m"
"MXN00013049","1975-04","20.0667","-99.2667","2090.9","RANCHO LA SOLEDAD CFE, MX","54.5","","40.4",",m","0",",m","0",",m","0",",m","0",",m","0",",m","0",",m","30",",m","1",",m","7.2",",m,21,+","0.0",",,m,30,+","32.8",",m,18,","1131.2","","10.9",",m","0.0",",,,m","19.32",",m","28.91",",,,m","9.72",",,,m"
"MXN00013049","1975-05","20.0667","-99.2667","2090.9","RANCHO LA SOLEDAD CFE, MX","95.6","","41.1",",m","14",",m","10",",m","0",",m","0",",m","0",",m","0",",m","30",",m","0",",m","7.2",",m,04,","11.4",",,m,20,","31.1",",m,07,","1136.1","","4.9",",m","80.9",",,,m","19.50",",m","27.45",",,,m","11.55",",,,m"
"MXN00013049","1975-06","20.0667","-99.2667","2090.9","RANCHO LA SOLEDAD CFE, MX","98.4","","2.8",",m","14",",m","12",",m","0",",m","0",",m","0",",m","0",",m","29",",m","0",",m","7.8",",m,25,","19.8",",,m,30,","26.1",",m,27,+","1163.7","","27.6",",m","107.9",",,,m","17.51",",m","24.37",",,,m","10.65",",,,m"
"MXN00013049","1975-07","20.0667","-99.2667","2090.9","RANCHO LA SOLEDAD CFE, MX","98.4","","0.0",",m","19",",m","17",",m","1",",m","0",",m","0",",m","0",",m","26",",m","0",",m","7.2",",m,25,+","64.3",",,m,10,","25.0",",m,31,+","69.3","","69.3",",m","199.7",",,,m","16.10",",m","22.57",",,,m","9.63",",,,m"
