"STATION","DATE","LATITUDE","LONGITUDE","ELEVATION","NAME","CDSD","CDSD_ATTRIBUTES","CLDD","CLDD_ATTRIBUTES","DP01","DP01_ATTRIBUTES","DP10","DP10_ATTRIBUTES","DP1X","DP1X_ATTRIBUTES","DT00","DT00_ATTRIBUTES","DT32","DT32_ATTRIBUTES","DX32","DX32_ATTRIBUTES","DX70","DX70_ATTRIBUTES","DX90","DX90_ATTRIBUTES","EMNT","EMNT_ATTRIBUTES","EMXP","EMXP_ATTRIBUTES","EMXT","EMXT_ATTRIBUTES","HDSD","HDSD_ATTRIBUTES","HTDD","HTDD_ATTRIBUTES","PRCP","PRCP_ATTRIBUTES","TAVG","TAVG_ATTRIBUTES","TMAX","TMAX_ATTRIBUTES","TMIN","TMIN_ATTRIBUTES"
"MXN00003112","1977-05","26.7833","-113.15","1.8","EL CARDON, MX","","","48.1",",m","0",",m","0",",m","0",",m","0",",m","0",",m","0",",m","27",",m","1",",m","11.7",",m,12,","0.0",",,m,31,+","33.9",",m,20,","","","8.3",",m","0.0",",,,m","19.62",",m","25.40",",,,m","13.83",",,,m"
"MXN00003112","1977-06","26.7833","-113.15","1.8","EL CARDON, MX","","","99.6",",m","0",",m","0",",m","0",",m","0",",m","0",",m","0",",m","30",",m","3",",m","13.9",",m,21,+","0.0",",,m,30,+","34.4",",m,10,","","","0.0",",m","0.0",",,,m","21.65",",m","27.84",",,,m","15.47",",,,m"
"MXN00003112","1977-07","26.7833","-113.15","1.8","EL CARDON, MX","","","188.3",",m","0",",m","0",",m","0",",m","0",",m","0",",m","0",",m","31",",m","1",",m","15.0",",m,21,","0.0",",,m,31,+","35.0",",m,29,","0.0","m","0.0",",m","0.0",",,,m","24.41",",m","29.95",",,,m","18.86",",,,m"
"MXN00003112","1977-08","26.7833","-113.15","1.8","EL CARDON, MX","","","220.5",",m","3",",m","3",",m","0",",m","0",",m","0",",m","0",",m","31",",m","7",",m","17.8",",m,29,+","19.8",",,m,15,","35.0",",m,14,+","0.0","m","0.0",",m","36.3",",,,m","25.45",",m","30.93",",,,m","19.96",",,,m"
"MXN00003112","1977-09","26.7833","-113.15","1.8","EL CARDON, MX","","","211.3",",m","0",",m","0",",m","0",",m","0",",m","0",",m","0",",m","30",",m","5",",m","17.2",",m,16,","0.0",",,m,30,+","35.6",",m,18,","0.0","m","0.0",",m","0.0",",,,m","25.38",",m","30.69",",,,m","20.06",",,,m"
"MXN00003112","1977-10","26.7833","-113.15","1.8","EL CARDON, MX","","","162.9",",m","2",",m","1",",m","0",",m","0",",m","0",",m","0",",m","31",",m","4",",m","15.0",",m,21,","2.5",",,m,05,","33.9",",m,05,+","0.0","m","0.0",",m","4.8",",,,m","23.59",",m","29.52",",,,m","17.65",",,,m"
"MXN00003112","1977-11","26.7833","-113.15","1.8","EL CARDON, MX","","","55.9",",m","0",",m","0",",m","0",",m","0",",m","0",",m","0",",m","30",",m","1",",m","12.2",",m,21,+","0.0",",,m,30,+","32.8",",m,25,","2.3","m","2.3",",m","0.0",",,,m","20.12",",m","26.67",",,,m","13.57",",,,m"
"MXN00003112","1977-12","26.7833","-113.15","1.8","EL CARDON, MX","","","19.9",",m","0",",m","0",",m","0",",m","0",",m","0",",m","0",",m","31",",m","0",",m","10.0",",m,22,+","0.0",",,m,31,+","30.0",",m,03,+","16.9","m","14.6",",m","0.0",",,,m","18.50",",m","24.95",",,,m","12.06",",,,m"
"MXN00003112","1978-01","26.7833","-113.15","1.8","EL CARDON, MX","3.0","m","3.0",",m","2",",m","0",",m","0",",m","0",",m","0",",m","0",",m","24",",m","0",",m","8.9",",m,25,+","2.3",",,m,10,","25.6",",m,28,+","61.8","m","44.9",",m","4.1",",,,m","16.98",",m","22.74",",,,m","11.23",",,,m"
"MXN00003112","1978-02","26.7833","-113.15","1.8","EL CARDON, MX","6.2","m","3.2",",m","5",",m","2",",m","1",",m","0",",m","0",",m","0",",m","17",",m","0",",m","7.8",",m,12,","63.8",",,m,28,","28.9",",m,04,","114.0","m","52.2",",m","89.0",",,,m","16.58",",m","22.19",",,,m","10.98",",,,m"
"MXN00003112","1978-03","26.7833","-113.15","1.8","EL CARDON, MX","61.9","m","55.7",",m","1",",m","1",",m","0",",m","0",",m","0",",m","0",",m","27",",m","0",",m","8.9",",m,13,","4.8",",,m,05,","31.7",",m,16,","128.4","m","14.4",",m","4.8",",,,m","19.66",",m","26.08",",,,m","13.25",",,,m"
"MXN00003112","1978-04","26.7833","-113.15","1.8","EL CARDON, MX","94.1","m","32.2",",m","0",",m","0",",m","0",",m","0",",m","0",",m","0",",m","28",",m","0",",m","10.0",",m,10,+","0.0",",,m,30,+","30.6",",m,26,+","139.0","m","10.6",",m","0.0",",,,m","19.05",",m","25.67",",,,m","12.43",",,,m"
"MXN00003112","1978-05","26.7833","-113.15","1.8","EL CARDON, MX","126.8","m","32.7",",m","0",",m","0",",m","0",",m","0",",m","0",",m","0",",m","31",",m","0",",m","10.6",",m,06,","0.0",",,m,31,+","30.6",",m,12,","146.6","m","7.6",",m","0.0",",,,m","19.14",",m","24.70",",,,m","13.58",",,,m"
"MXN00003112","1978-08","26.7833","-113.15","1.8","EL CARDON, MX","","","273.0",",m","0",",m","0",",m","0",",m","0",",m","0",",m","0",",m","31",",m","29",",m","18.3",",m,21,","0.0",",,m,31,+","35.6",",m,14,+","","","0.0",",m","0.0",",,,m","27.14",",m","33.84",",,,m","20.44",",,,m"
"MXN00003112","1978-09","26.7833","-113.15","1.8","EL CARDON, MX","","","266.4",",m","3",",m","3",",m","0",",m","0",",m","0",",m","0",",m","30",",m","26",",m","20.0",",m,30,+","17.3",",,m,26,","35.6",",m,12,","","","0.0",",m","42.2",",,,m","27.21",",m","33.32",",,,m","21.11",",,,m"
"MXN00003112","1978-10","26.7833","-113.15","1.8","EL CARDON, MX","","","148.6",",m","1",",m","1",",m","0",",m","0",",m","0",",m","0",",m","31",",m","3",",m","14.4",",m,20,+","24.9",",,m,22,","32.8",",m,04,","","","0.0",",m","24.9",",,,m","23.13",",m","30.18",",,,m","16.07",",,,m"
"MXN00003112","1978-11","26.7833","-113.15","1.8","EL CARDON, MX","","","67.9",",m","2",",m","2",",m","0",",m","0",",m","0",",m","0",",m","30",",m","0",",m","11.1",",m,13,","18.3",",,m,20,","30.0",",m,06,+","","","0.0",",m","25.2",",,,m","20.60",",m","27.68",",,,m","13.51",",,,m"
"MXN00003112","1978-12","26.7833","-113.15","1.8","EL CARDON, MX","","","3.4",",m","4",",m","4",",m","0",",m","0",",m","0",",m","0",",m","31",",m","0",",m","9.4",",m,25,","14.5",",,m,30,","26.7",",m,14,","","","22.1",",m","32.5",",,,m","17.73",",m","24.66",",,,m","10.80",",,,m"
"MXN00003112","1979-04","26.7833","-113.15","1.8","EL CARDON, MX","","","22.2",",m","0",",m","0",",m","0",",m","0",",m","0",",m","0",",m","28",",m","0",",m","10.0",",m,19,+","0.0",",,m,30,+","31.7",",m,27,+","","","14.4",",m","0.0",",,,m","18.59",",m","25.30",",,,m","11.88",",,,m"
"MXN00003112","1979-05","26.7833","-113.15","1.8","EL CARDON, MX","","","42.8",",m","0",",m","0",",m","0",",m","0",",m","0",",m","0",",m","31",",m","1",",m","11.7",",m,21,+","0.0",",,m,31,+","36.7",",m,11,","","","4.9",",m","0.0",",,,m","19.56",",m","25.49",",,,m","13.62",",,,m"
"MXN00003112","1979-07","26.7833","-113.15","1.8","EL CARDON, MX","","","160.6","5,m","0","5,m","0","5,m","0","5,m","0","5,m","0","5,m","0","5,m","26","5,m","9","5,m","15.6","5,m,12,+","0.0","5,,m,31,+","37.8","5,m,15,","0.0","m","0.0","5,m","0.0","5,,,m","24.51","5,m","30.47","5,,,m","18.55","5,,,m"
"MXN00003112","1980-01","26.7833","-113.15","1.8","EL CARDON, MX","8.2","m","8.2",",m","2",",m","0",",m","0",",m","0",",m","0",",m","0",",m","21",",m","0",",m","6.7",",m,03,","2.3",",,m,09,","28.9",",m,26,","","","60.3",",m","3.1",",,,m","16.65",",m","22.67",",,,m","10.63",",,,m"
"MXN00003112","1980-02","26.7833","-113.15","1.8","EL CARDON, MX","31.0","m","22.8",",m","1",",m","1",",m","0",",m","0",",m","0",",m","0",",m","26",",m","0",",m","6.7",",m,10,","3.8",",,m,12,","31.7",",m,03,+","","","26.3",",m","3.8",",,,m","18.21",",m","25.17",",,,m","11.25",",,,m"
"MXN00003112","1980-03","26.7833","-113.15","1.8","EL CARDON, MX","44.2","m","13.2",",m","0",",m","0",",m","0",",m","0",",m","0",",m","0",",m","25",",m","0",",m","8.9",",m,27,","0.0",",,m,31,+","28.9",",m,17,","","","28.4",",m","0.0",",,,m","17.84",",m","24.07",",,,m","11.61",",,,m"
"MXN00003112","1980-05","26.7833","-113.15","1.8","EL CARDON, MX","","","13.8",",m","0",",m","0",",m","0",",m","0",",m","0",",m","0",",m","30",",m","0",",m","10.0",",m,26,","0.0",",,m,31,+","28.9",",m,03,","","","6.9",",m","0.0",",,,m","18.55",",m","24.36",",,,m","12.75",",,,m"
"MXN00003112","1980-07","26.7833","-113.15","1.8","EL CARDON, MX","","","235.7",",m","2",",m","1",",m","0",",m","0",",m","0",",m","0",",m","31",",m","12",",m","15.6",",m,06,","6.4",",,m,31,","38.9",",m,09,","0.0","m","0.0",",m","7.7",",,,m","25.94",",m","32.38",",,,m","19.50",",,,m"
"MXN00003112","1980-08","26.7833","-113.15","1.8","EL CARDON, MX","","","240.7",",m","1",",m","1",",m","0",",m","0",",m","0",",m","0",",m","31",",m","13",",m","17.8",",m,21,+","3.8",",,m,25,","35.0",",m,09,","0.0","m","0.0",",m","3.8",",,,m","26.10",",m","31.65",",,,m","20.54",",,,m"
"MXN00003112","1980-09","26.7833","-113.15","1.8","EL CARDON, MX","","","169.1",",m","0",",m","0",",m","0",",m","0",",m","0",",m","0",",m","30",",m","10",",m","12.8",",m,04,","0.0",",,m,30,+","36.7",",m,07,","0.0","m","0.0",",m","0.0",",,,m","23.97",",m","30.44",",,,m","17.50",",,,m"
"MXN00003112","1980-10","26.7833","-113.15","1.8","EL CARDON, MX","","","119.6",",m","1",",m","0",",m","0",",m","0",",m","0",",m","0",",m","31",",m","0",",m","11.7",",m,16,","1.8",",,m,30,","31.7",",m,24,+","0.5","m","0.5",",m","1.8",",,,m","22.17",",m","27.80",",,,m","16.55",",,,m"
"MXN00003112","1980-12","26.7833","-113.15","1.8","EL CARDON, MX","","","13.0",",m","2",",m","2",",m","0",",m","0",",m","0",",m","0",",m","24",",m","0",",m","7.8",",m,08,","8.9",",,m,11,","30.6",",m,25,","","","35.2",",m","16.8",",,,m","17.62",",m","23.93",",,,m","11.30",",,,m"
"MXN00003112","1981-01","26.7833","-113.15","1.8","EL CARDON, MX","6.9","m","6.9",",m","5",",m","4",",m","0",",m","0",",m","0",",m","0",",m","23",",m","0",",m","8.9",",m,31,+","16.8",",,m,07,","26.7",",m,05,","","","33.8",",m","39.0",",,,m","17.46",",m","22.70",",,,m","12.23",",,,m"
"MXN00003112","1981-03","26.7833","-113.15","1.8","EL CARDON, MX","","","7.4",",m","3",",m","1",",m","0",",m","0",",m","0",",m","0",",m","25",",m","0",",m","7.8",",m,08,","6.4",",,m,02,","30.0",",m,23,","","","45.3",",m","7.5",",,,m","17.11",",m","23.52",",,,m","10.71",",,,m"
"MXN00003112","1981-04","26.7833","-113.15","1.8","EL CARDON, MX","","","25.4",",m","0",",m","0",",m","0",",m","0",",m","0",",m","0",",m","27",",m","1",",m","10.0",",m,22,+","0.0",",,m,30,+","32.8",",m,05,","","","12.7",",m","0.0",",,,m","18.76",",m","25.39",",,,m","12.12",",,,m"
"MXN00003112","1981-05","26.7833","-113.15","1.8","EL CARDON, MX","","","17.6",",m","1",",m","0",",m","0",",m","0",",m","0",",m","0",",m","30",",m","0",",m","10.0",",m,11,","0.3",",,m,01,","30.0",",m,01,","","","8.4",",m","0.3",",,,m","18.63",",m","23.46",",,,m","13.79",",,,m"
"MXN00003112","1981-06","26.7833","-113.15","1.8","EL CARDON, MX","","","81.1",",m","0",",m","0",",m","0",",m","0",",m","0",",m","0",",m","30",",m","0",",m","10.0",",m,06,","0.0",",,m,30,+","30.6",",m,29,","","","2.4",",m","0.0",",,,m","20.96",",m","25.30",",,,m","16.61",",,,m"
"MXN00003112","1981-07","26.7833","-113.15","1.8","EL CARDON, MX","","","232.8",",m","1",",m","0",",m","0",",m","0",",m","0",",m","0",",m","31",",m","7",",m","20.0",",m,29,+","1.8",",,m,10,","33.9",",m,21,","0.0","m","0.0",",m","1.8",",,,m","25.84",",m","30.47",",,,m","21.21",",,,m"
"MXN00003112","1981-08","26.7833","-113.15","1.8","EL CARDON, MX","","","262.7",",m","0",",m","0",",m","0",",m","0",",m","0",",m","0",",m","31",",m","16",",m","18.9",",m,04,","0.0",",,m,31,+","37.8",",m,29,","0.0","m","0.0",",m","0.0",",,,m","26.81",",m","32.53",",,,m","21.08",",,,m"
"MXN00003112","1981-09","26.7833","-113.15","1.8","EL CARDON, MX","","","201.7",",m","0",",m","0",",m","0",",m","0",",m","0",",m","0",",m","30",",m","8",",m","15.6",",m,30,+","0.0",",,m,30,+","37.8",",m,19,+","0.0","m","0.0",",m","0.0",",,,m","25.06",",m","31.47",",,,m","18.64",",,,m"
"MXN00003112","1981-10","26.7833","-113.15","1.8","EL CARDON, MX","","","83.8",",m","1",",m","0",",m","0",",m","0",",m","0",",m","0",",m","31",",m","3",",m","10.6",",m,31,+","1.3",",,m,10,","33.9",",m,20,+","1.6","m","1.6",",m","1.3",",,,m","20.98",",m","28.39",",,,m","13.57",",,,m"
"MXN00003112","1981-11","26.7833","-113.15","1.8","EL CARDON, MX","","","36.9",",m","0",",m","0",",m","0",",m","0",",m","0",",m","0",",m","30",",m","2",",m","10.0",",m,14,+","0.0",",,m,30,+","32.8",",m,10,+","6.9","m","5.3",",m","0.0",",,,m","19.39",",m","26.32",",,,m","12.45",",,,m"
"MXN00003112","1981-12","26.7833","-113.15","1.8","EL CARDON, MX","","","26.5",",m","0",",m","0",",m","0",",m","0",",m","0",",m","0",",m","26",",m","2",",m","6.7",",m,26,+","0.0",",,m,31,+","32.8",",m,08,+","46.8","m","39.9",",m","0.0",",,,m","17.90",",m","25.47",",,,m","10.33",",,,m"
"MXN00003112","1982-01","26.7833","-113.15","1.8","EL CARDON, MX","1.1","m","1.1",",m","2",",m","2",",m","0",",m","0",",m","0",",m","0",",m","15",",m","0",",m","6.7",",m,21,+","4.8",",,m,11,","28.9",",m,24,","146.2","m","99.4",",m","7.6",",,,m","15.16",",m","21.20",",,,m","9.12",",,,m"
"MXN00003112","1982-02","26.7833","-113.15","1.8","EL CARDON, MX","12.3","m","11.2",",m","0",",m","0",",m","0",",m","0",",m","0",",m","0",",m","24",",m","0",",m","5.6",",m,04,","0.0",",,m,28,+","27.8",",m,16,+","177.7","m","31.5",",m","0.0",",,,m","17.61",",m","24.59",",,,m","10.62",",,,m"
"MXN00003112","1982-03","26.7833","-113.15","1.8","EL CARDON, MX","24.7","m","12.4",",m","0",",m","0",",m","0",",m","0",",m","0",",m","0",",m","24",",m","0",",m","10.0",",m,17,+","0.0",",,m,31,+","30.6",",m,09,","211.4","m","33.7",",m","0.0",",,,m","17.65",",m","23.60",",,,m","11.69",",,,m"
"MXN00003112","1982-04","26.7833","-113.15","1.8","EL CARDON, MX","","","","","0","4,m","0","4,m","0","4,m","","","","","","","","","","","","","0.0","4,,m,30,+","","","","","","","0.0","4,,,m","","","","","",""
"MXN00003112","1982-06","26.7833","-113.15","1.8","EL CARDON, MX","","","61.5",",m","0",",m","0",",m","0",",m","0",",m","0",",m","0",",m","30",",m","0",",m","11.7",",m,22,+","0.0",",,m,30,+","30.6",",m,26,","","","0.0",",m","0.0",",,,m","20.38",",m","26.88",",,,m","13.89",",,,m"
"MXN00003112","1982-07","26.7833","-113.15","1.8","EL CARDON, MX","","","187.1",",m","4",",m","2",",m","1",",m","0",",m","0",",m","0",",m","31",",m","3",",m","15.0",",m,01,","131.8",",,m,05,","33.9",",m,27,+","0.0","m","0.0",",m","138.2",",,,m","24.37",",m","30.63",",,,m","18.10",",,,m"
"MXN00003112","1982-08","26.7833","-113.15","1.8","EL CARDON, MX","","","185.7",",m","1",",m","1",",m","0",",m","0",",m","0",",m","0",",m","31",",m","1",",m","16.7",",m,30,+","10.9",",,m,10,","33.9",",m,07,","0.0","m","0.0",",m","10.9",",,,m","24.32",",m","29.99",",,,m","18.65",",,,m"
"MXN00003112","1982-09","26.7833","-113.15","1.8","EL CARDON, MX","","","172.9",",m","0",",m","0",",m","0",",m","0",",m","0",",m","0",",m","30",",m","6",",m","10.6",",m,27,+","0.0",",,m,30,+","38.9",",m,21,","0.0","m","0.0",",m","0.0",",,,m","24.10",",m","30.80",",,,m","17.39",",,,m"
"MXN00003112","1982-12","26.7833","-113.15","1.8","EL CARDON, MX","","","4.8",",m","3",",m","2",",m","1",",m","0",",m","0",",m","0",",m","18",",m","0",",m","5.6",",m,30,+","30.0",",,m,08,","30.0",",m,09,","","","81.8",",m","33.6",",,,m","15.85",",m","22.02",",,,m","9.68",",,,m"
"MXN00003112","1983-10","26.7833","-113.15","1.8","EL CARDON, MX","","","139.8",",m","1",",m","0",",m","0",",m","0",",m","0",",m","0",",m","31",",m","0",",m","15.6",",m,18,+","1.8",",,m,02,","30.0",",m,19,+","","","0.0",",m","1.8",",,,m","22.84",",m","27.51",",,,m","18.17",",,,m"
"MXN00003112","1983-12","26.7833","-113.15","1.8","EL CARDON, MX","","","0.9",",m","1",",m","1",",m","0",",m","0",",m","0",",m","0",",m","25",",m","0",",m","8.9",",m,24,","4.8",",,m,01,","25.6",",m,28,","","","53.4",",m","4.8",",,,m","16.64",",m","22.34",",,,m","10.94",",,,m"
