"STATION","DATE","LATITUDE","LONGITUDE","ELEVATION","NAME","CDSD","CDSD_ATTRIBUTES","CLDD","CLDD_ATTRIBUTES","DP01","DP01_ATTRIBUTES","DP10","DP10_ATTRIBUTES","DP1X","DP1X_ATTRIBUTES","DT00","DT00_ATTRIBUTES","DT32","DT32_ATTRIBUTES","DX32","DX32_ATTRIBUTES","DX70","DX70_ATTRIBUTES","DX90","DX90_ATTRIBUTES","EMNT","EMNT_ATTRIBUTES","EMXP","EMXP_ATTRIBUTES","EMXT","EMXT_ATTRIBUTES","HDSD","HDSD_ATTRIBUTES","HTDD","HTDD_ATTRIBUTES","PRCP","PRCP_ATTRIBUTES","TAVG","TAVG_ATTRIBUTES","TMAX","TMAX_ATTRIBUTES","TMIN","TMIN_ATTRIBUTES"
"MXN00006016","1984-04","18.9","-103.7167","507.8","SAN GABRIEL, MX","","","","","0",",m","0",",m","0",",m","","","","","","","","","","","","","0.0",",,m,30,+","","","","","","","0.0",",,,m","","","","","",""
"MXN00006016","1984-05","18.9","-103.7167","507.8","SAN GABRIEL, MX","","","186.5",",m","0",",m","0",",m","0",",m","0",",m","0",",m","0",",m","31",",m","15",",m","13.9",",m,17,+","0.0",",,m,31,+","35.0",",m,30,","","","0.0",",m","0.0",",,,m","24.35",",m","31.44",",,,m","17.26",",,,m"
"MXN00006016","1984-06","18.9","-103.7167","507.8","SAN GABRIEL, MX","","","","","0",",m","0",",m","0",",m","","","","","","","","","","","","","0.0",",,m,30,+","","","","","","","0.0",",,,m","","","","","",""
"MXN00006016","1984-07","18.9","-103.7167","507.8","SAN GABRIEL, MX","","","174.9","1,m","16",",m","12",",m","4",",m","0","1,m","0","1,m","0","1,m","30","1,m","0","1,m","18.3","1,m,22,+","106.4",",,m,31,","30.6","1,m,26,","0.0","m","0.0","1,m","301.0",",,,m","24.16","1,m","28.60","1,,,m","19.73","1,,,m"
"MXN00006016","1984-08","18.9","-103.7167","507.8","SAN GABRIEL, MX","","","195.1",",m","0",",m","0",",m","0",",m","0",",m","0",",m","0",",m","31",",m","0",",m","18.3",",m,20,+","0.0",",,m,31,+","31.1",",m,28,+","0.0","m","0.0",",m","0.0",",,,m","24.63",",m","29.34",",,,m","19.91",",,,m"
"MXN00006016","1984-09","18.9","-103.7167","507.8","SAN GABRIEL, MX","","","178.6",",m","0",",m","0",",m","0",",m","0",",m","0",",m","0",",m","30",",m","0",",m","14.4",",m,09,","0.0",",,m,30,+","31.7",",m,17,","0.0","m","0.0",",m","0.0",",,,m","24.29",",m","29.11",",,,m","19.46",",,,m"
"MXN00006016","1984-10","18.9","-103.7167","507.8","SAN GABRIEL, MX","","","192.8",",m","0",",m","0",",m","0",",m","0",",m","0",",m","0",",m","31",",m","2",",m","14.4",",m,03,","0.0",",,m,31,+","32.2",",m,30,+","0.0","m","0.0",",m","0.0",",,,m","24.55",",m","30.44",",,,m","18.67",",,,m"
"MXN00006016","1984-11","18.9","-103.7167","507.8","SAN GABRIEL, MX","","","154.8",",m","0",",m","0",",m","0",",m","0",",m","0",",m","0",",m","30",",m","1",",m","14.4",",m,29,+","0.0",",,m,30,+","32.2",",m,22,","0.0","m","0.0",",m","0.0",",,,m","23.49",",m","29.64",",,,m","17.34",",,,m"
"MXN00006016","1984-12","18.9","-103.7167","507.8","SAN GABRIEL, MX","","","142.5",",m","0",",m","0",",m","0",",m","0",",m","0",",m","0",",m","31",",m","4",",m","14.4",",m,26,+","0.0",",,m,31,+","32.2",",m,29,+","0.0","m","0.0",",m","0.0",",,,m","22.93",",m","30.20",",,,m","15.65",",,,m"
"MXN00006016","1985-01","18.9","-103.7167","507.8","SAN GABRIEL, MX","116.6","","116.6",",m","0",",m","0",",m","0",",m","0",",m","0",",m","0",",m","31",",m","1",",m","12.2",",m,30,+","0.0",",,m,31,+","32.2",",m,08,","0.0","","0.0",",m","0.0",",,,m","22.10",",m","29.20",",,,m","14.99",",,,m"
"MXN00006016","1985-02","18.9","-103.7167","507.8","SAN GABRIEL, MX","215.2","","98.6",",m","0",",m","0",",m","0",",m","0",",m","0",",m","0",",m","28",",m","5",",m","10.0",",m,02,","0.0",",,m,28,+","34.4",",m,06,","0.0","","0.0",",m","0.0",",,,m","21.85",",m","30.54",",,,m","13.16",",,,m"
"MXN00006016","1985-03","18.9","-103.7167","507.8","SAN GABRIEL, MX","340.9","","125.7",",m","0",",m","0",",m","0",",m","0",",m","0",",m","0",",m","31",",m","11",",m","10.6",",m,16,","0.0",",,m,31,+","35.0",",m,11,","0.0","","0.0",",m","0.0",",,,m","22.39",",m","31.05",",,,m","13.73",",,,m"
"MXN00006016","1985-04","18.9","-103.7167","507.8","SAN GABRIEL, MX","483.4","","142.5",",m","0",",m","0",",m","0",",m","0",",m","0",",m","0",",m","30",",m","14",",m","10.0",",m,02,","0.0",",,m,30,+","34.4",",m,14,+","0.0","","0.0",",m","0.0",",,,m","23.08",",m","31.44",",,,m","14.72",",,,m"
"MXN00006016","1985-05","18.9","-103.7167","507.8","SAN GABRIEL, MX","667.8","","184.4",",m","0",",m","0",",m","0",",m","0",",m","0",",m","0",",m","31",",m","20",",m","13.3",",m,01,","0.0",",,m,31,+","34.4",",m,30,","0.0","","0.0",",m","0.0",",,,m","24.28",",m","31.85",",,,m","16.72",",,,m"
"MXN00006016","1985-06","18.9","-103.7167","507.8","SAN GABRIEL, MX","875.0","","207.2",",m","0",",m","0",",m","0",",m","0",",m","0",",m","0",",m","30",",m","7",",m","16.1",",m,06,+","0.0",",,m,30,+","33.3",",m,11,+","0.0","","0.0",",m","0.0",",,,m","25.24",",m","30.84",",,,m","19.64",",,,m"
"MXN00006016","1985-07","18.9","-103.7167","507.8","SAN GABRIEL, MX","1070.4","","195.4",",m","0",",m","0",",m","0",",m","0",",m","0",",m","0",",m","31",",m","0",",m","18.3",",m,24,+","0.0",",,m,31,+","31.7",",m,21,","0.0","","0.0",",m","0.0",",,,m","24.64",",m","29.47",",,,m","19.81",",,,m"
"MXN00006016","1985-08","18.9","-103.7167","507.8","SAN GABRIEL, MX","1275.9","","205.5","1,m","8",",m","7",",m","1",",m","0","1,m","0","1,m","0","1,m","30","1,m","1","1,m","18.9","1,m,31,","45.7",",,m,23,","32.2","1,m,22,","0.0","","0.0","1,m","112.0",",,,m","25.18","1,m","30.10","1,,,m","20.27","1,,,m"
"MXN00006016","1985-09","18.9","-103.7167","507.8","SAN GABRIEL, MX","1478.9","","203.0","1,m","6",",m","5",",m","1",",m","0","1,m","0","1,m","0","1,m","29","1,m","3","1,m","18.3","1,m,29,+","50.3",",,m,25,","33.3","1,m,15,","0.0","","0.0","1,m","119.7",",,,m","25.33","1,m","30.59","1,,,m","20.08","1,,,m"
"MXN00006016","1986-09","18.9","-103.7167","507.8","SAN GABRIEL, MX","","","210.0",",m","0",",m","0",",m","0",",m","0",",m","0",",m","0",",m","30",",m","3",",m","18.3",",m,29,+","0.0",",,m,30,+","33.3",",m,15,","","","0.0",",m","0.0",",,,m","25.33",",m","30.58",",,,m","20.08",",,,m"
"MXN00006016","1986-12","18.9","-103.7167","507.8","SAN GABRIEL, MX","","","106.2","2,m","0",",m","0",",m","0",",m","0","2,m","0","2,m","0","2,m","27","2,m","2","2,m","9.4","2,m,22,","0.0",",,m,31,+","32.2","2,m,13,+","","","0.6","2,m","0.0",",,,m","21.97","2,m","28.71","2,,,m","15.24","2,,,m"
"MXN00006016","1987-01","18.9","-103.7167","507.8","SAN GABRIEL, MX","101.7","m","101.7",",m","0",",m","0",",m","0",",m","0",",m","0",",m","0",",m","31",",m","3",",m","10.0",",m,22,","0.0",",,m,31,+","32.2",",m,29,+","","","0.0",",m","0.0",",,,m","21.61",",m","29.09",",,,m","14.14",",,,m"
"MXN00006016","1987-07","18.9","-103.7167","507.8","SAN GABRIEL, MX","","","286.0",",m","0",",m","0",",m","0",",m","0",",m","0",",m","0",",m","31",",m","15",",m","20.0",",m,03,+","0.0",",,m,31,+","41.7",",m,02,","0.0","m","0.0",",m","0.0",",,,m","27.56",",m","33.21",",,,m","21.91",",,,m"
"MXN00006016","1987-08","18.9","-103.7167","507.8","SAN GABRIEL, MX","","","279.8","1,m","0",",m","0",",m","0",",m","0","1,m","0","1,m","0",",m","31",",m","15",",m","20.0","1,m,30,+","0.0",",,m,31,+","42.8",",m,23,","0.0","m","0.0",",m","0.0",",,,m","27.75","1,m","33.80",",,,m","21.71","1,,,m"
"MXN00006016","1987-09","18.9","-103.7167","507.8","SAN GABRIEL, MX","","","275.2","1,m","","","","","","","0",",m","0",",m","0","1,m","29","1,m","15","1,m","20.0",",m,03,+","","","39.4","1,m,28,","0.0","m","0.0","1,m","","","27.84","1,m","33.89","1,,,m","21.79",",,,m"
"MXN00006016","1987-10","18.9","-103.7167","507.8","SAN GABRIEL, MX","","","284.9",",m","0",",m","0",",m","0",",m","0",",m","0",",m","0",",m","31",",m","25",",m","11.7",",m,18,","0.0",",,m,31,+","40.0",",m,28,+","0.0","m","0.0",",m","0.0",",,,m","27.52",",m","36.27",",,,m","18.77",",,,m"
"MXN00006016","1987-11","18.9","-103.7167","507.8","SAN GABRIEL, MX","","","257.6",",m","0",",m","0",",m","0",",m","0",",m","0",",m","0",",m","30",",m","25",",m","8.9",",m,06,","0.0",",,m,30,+","41.7",",m,20,","0.0","m","0.0",",m","0.0",",,,m","26.92",",m","36.89",",,,m","16.95",",,,m"
"MXN00006016","1987-12","18.9","-103.7167","507.8","SAN GABRIEL, MX","","","254.7",",m","0",",m","0",",m","0",",m","0",",m","0",",m","0",",m","31",",m","28",",m","11.1",",m,28,","0.0",",,m,31,+","40.0",",m,28,+","0.0","m","0.0",",m","0.0",",,,m","26.55",",m","36.66",",,,m","16.44",",,,m"
"MXN00006016","1988-01","18.9","-103.7167","507.8","SAN GABRIEL, MX","204.2","m","204.2",",m","0",",m","0",",m","0",",m","0",",m","0",",m","0",",m","31",",m","24",",m","10.0",",m,31,+","0.0",",,m,31,+","39.4",",m,29,","0.0","m","0.0",",m","0.0",",,,m","24.92",",m","35.12",",,,m","14.72",",,,m"
"MXN00006016","1988-02","18.9","-103.7167","507.8","SAN GABRIEL, MX","330.3","m","126.1",",m","0","1,m","0","1,m","0","1,m","0",",m","0",",m","0",",m","29",",m","13",",m","7.8",",m,20,","0.0","1,,m,29,+","39.4",",m,23,","0.0","m","0.0",",m","0.0","1,,,m","22.68",",m","32.81",",,,m","12.55",",,,m"
"MXN00006016","1988-03","18.9","-103.7167","507.8","SAN GABRIEL, MX","480.4","m","150.1",",m","0",",m","0",",m","0",",m","0",",m","0",",m","0",",m","31",",m","15",",m","10.0",",m,12,","0.0",",,m,31,+","38.9",",m,12,","0.0","m","0.0",",m","0.0",",,,m","23.17",",m","32.39",",,,m","13.96",",,,m"
"MXN00006016","1988-04","18.9","-103.7167","507.8","SAN GABRIEL, MX","658.3","m","177.9",",m","0",",m","0",",m","0",",m","0",",m","0",",m","0",",m","30",",m","15",",m","10.0",",m,22,","0.0",",,m,30,+","41.7",",m,29,","0.0","m","0.0",",m","0.0",",,,m","24.26",",m","33.37",",,,m","15.15",",,,m"
"MXN00006016","1988-05","18.9","-103.7167","507.8","SAN GABRIEL, MX","876.5","m","218.2",",m","0",",m","0",",m","0",",m","0",",m","0",",m","0",",m","31",",m","25",",m","11.7",",m,04,","0.0",",,m,31,+","40.0",",m,25,+","0.0","m","0.0",",m","0.0",",,,m","25.37",",m","35.83",",,,m","14.91",",,,m"
"MXN00006016","1988-06","18.9","-103.7167","507.8","SAN GABRIEL, MX","","","","","0",",m","0",",m","0",",m","","","","","","","","","","","","","0.0",",,m,30,+","","","","","","","0.0",",,,m","","","","","",""
"MXN00006016","1988-07","18.9","-103.7167","507.8","SAN GABRIEL, MX","","","","","0",",m","0",",m","0",",m","","","","","","","","","","","","","0.0",",,m,31,+","","","","","","","0.0",",,,m","","","","","",""
"MXN00006016","1988-08","18.9","-103.7167","507.8","SAN GABRIEL, MX","","","241.6",",m","0",",m","0",",m","0",",m","0",",m","0",",m","0",",m","31",",m","1",",m","20.0",",m,28,+","0.0",",,m,31,+","32.8",",m,16,","","","0.0",",m","0.0",",,,m","26.13",",m","30.13",",,,m","22.12",",,,m"
"MXN00006016","1988-09","18.9","-103.7167","507.8","SAN GABRIEL, MX","","","215.6",",m","0",",m","0",",m","0",",m","0",",m","0",",m","0",",m","30",",m","0",",m","20.0",",m,30,+","0.0",",,m,30,+","31.7",",m,28,+","","","0.0",",m","0.0",",,,m","25.52",",m","30.01",",,,m","21.03",",,,m"
"MXN00006016","1988-10","18.9","-103.7167","507.8","SAN GABRIEL, MX","","","229.9",",m","0",",m","0",",m","0",",m","0",",m","0",",m","0",",m","31",",m","5",",m","20.0",",m,25,+","0.0",",,m,31,+","32.8",",m,28,+","","","0.0",",m","0.0",",,,m","25.75",",m","30.57",",,,m","20.93",",,,m"
"MXN00006016","1988-11","18.9","-103.7167","507.8","SAN GABRIEL, MX","","","224.3",",m","0",",m","0",",m","0",",m","0",",m","0",",m","0",",m","30",",m","5",",m","17.8",",m,12,+","0.0",",,m,30,+","35.6",",m,25,","","","0.0",",m","0.0",",,,m","25.81",",m","30.91",",,,m","20.70",",,,m"
"MXN00006016","1988-12","18.9","-103.7167","507.8","SAN GABRIEL, MX","","","","","0",",m","0",",m","0",",m","","","","","","","","","","","","","0.0",",,m,31,+","","","","","","","0.0",",,,m","","","","","",""
"MXN00006016","1989-03","18.9","-103.7167","507.8","SAN GABRIEL, MX","","","69.9",",m","0",",m","0",",m","0",",m","0",",m","0",",m","0",",m","31",",m","1",",m","10.0",",m,28,","0.0",",,m,31,+","35.0",",m,03,","","","0.0",",m","0.0",",,,m","20.59",",m","29.07",",,,m","12.11",",,,m"
"MXN00006016","1989-04","18.9","-103.7167","507.8","SAN GABRIEL, MX","","","107.5","1,m","0",",m","0",",m","0",",m","0","1,m","0","1,m","0","1,m","29","1,m","5","1,m","10.0","1,m,27,","0.0",",,m,30,+","35.0","1,m,06,+","","","0.0","1,m","0.0",",,,m","22.04","1,m","30.65","1,,,m","13.43","1,,,m"
"MXN00006016","1989-05","18.9","-103.7167","507.8","SAN GABRIEL, MX","","","164.4",",m","0",",m","0",",m","0",",m","0",",m","0",",m","0",",m","31",",m","10",",m","10.6",",m,26,+","0.0",",,m,31,+","33.9",",m,23,+","","","0.0",",m","0.0",",,,m","23.64",",m","31.14",",,,m","16.14",",,,m"
"MXN00006016","1989-06","18.9","-103.7167","507.8","SAN GABRIEL, MX","","","189.0",",m","0",",m","0",",m","0",",m","0",",m","0",",m","0",",m","30",",m","9",",m","10.6",",m,19,+","0.0",",,m,30,+","33.9",",m,13,+","","","0.0",",m","0.0",",,,m","24.63",",m","30.69",",,,m","18.58",",,,m"
"MXN00006016","1989-07","18.9","-103.7167","507.8","SAN GABRIEL, MX","","","","","0",",m","0",",m","0",",m","","","","","","","","","","","","","0.0",",,m,31,+","","","","","","","0.0",",,,m","","","","","",""
"MXN00006016","1989-08","18.9","-103.7167","507.8","SAN GABRIEL, MX","","","","","0",",m","0",",m","0",",m","","","","","","","","","","","","","0.0",",,m,31,+","","","","","","","0.0",",,,m","","","","","",""
"MXN00006016","1989-09","18.9","-103.7167","507.8","SAN GABRIEL, MX","","","","","0",",m","0",",m","0",",m","","","","","0",",m","30",",m","6",",m","","","0.0",",,m,30,+","40.0",",m,02,","","","","","0.0",",,,m","","","31.12",",,,m","",""
"MXN00006016","1989-10","18.9","-103.7167","507.8","SAN GABRIEL, MX","","","","","0",",m","0",",m","0",",m","","","","","","","","","","","","","0.0",",,m,31,+","","","","","","","0.0",",,,m","","","","","",""
"MXN00006016","1989-11","18.9","-103.7167","507.8","SAN GABRIEL, MX","","","150.9",",m","0",",m","0",",m","0",",m","0",",m","0",",m","0",",m","30",",m","0",",m","10.6",",m,28,","0.0",",,m,30,+","31.7",",m,18,","","","0.0",",m","0.0",",,,m","23.36",",m","29.50",",,,m","17.23",",,,m"
"MXN00006016","1989-12","18.9","-103.7167","507.8","SAN GABRIEL, MX","","","","","0",",m","0",",m","0",",m","","","","","","","","","","","","","0.0",",,m,31,+","","","","","","","0.0",",,,m","","","","","",""
"MXN00006016","1990-01","18.9","-103.7167","507.8","SAN GABRIEL, MX","104.4","","104.4",",m","0",",m","0",",m","0",",m","0",",m","0",",m","0",",m","31",",m","1",",m","8.9",",m,08,","0.0",",,m,31,+","32.8",",m,23,","","","1.6",",m","0.0",",,,m","21.65",",m","28.93",",,,m","14.37",",,,m"
"MXN00006016","1990-02","18.9","-103.7167","507.8","SAN GABRIEL, MX","130.9","","26.5","1,m","0",",m","0",",m","0",",m","0","1,m","0","1,m","0","1,m","14","1,m","0","1,m","7.8","1,m,14,","0.0",",,m,28,+","31.7","1,m,24,","","","48.3","1,m","0.0",",,,m","17.52","1,m","23.16","1,,,m","11.89","1,,,m"
"MXN00006016","1990-03","18.9","-103.7167","507.8","SAN GABRIEL, MX","188.0","","57.1","4,m","0",",m","0",",m","0",",m","0","4,m","0","4,m","0","4,m","19","4,m","0","4,m","8.9","4,m,06,+","0.0",",,m,31,+","31.7","4,m,18,+","","","30.8","4,m","0.0",",,,m","19.30","4,m","25.41","4,,,m","13.19","4,,,m"
"MXN00006016","1990-04","18.9","-103.7167","507.8","SAN GABRIEL, MX","203.5","","15.5","2,m","0",",m","0",",m","0",",m","0","1,m","0","1,m","0","1,m","13","1,m","1","1,m","8.9","1,m,15,+","0.0",",,m,30,+","35.6","1,m,11,","","","56.4","1,m","0.0",",,,m","17.00","2,m","21.92","1,,,m","12.08","1,,,m"
"MXN00006016","1990-05","18.9","-103.7167","507.8","SAN GABRIEL, MX","233.3","","29.8","2,m","0",",m","0",",m","0",",m","0","2,m","0","2,m","0","2,m","6","2,m","3","2,m","7.8","2,m,25,","0.0",",,m,31,+","33.9","2,m,16,+","","","113.3","2,m","0.0",",,,m","15.45","2,m","19.83","2,,,m","11.08","2,,,m"
"MXN00006016","1990-06","18.9","-103.7167","507.8","SAN GABRIEL, MX","247.1","","13.8","2,m","0",",m","0",",m","0",",m","0","1,m","0","1,m","0","1,m","10","1,m","0","1,m","5.6","1,m,20,","0.0",",,m,30,+","31.7","1,m,12,","","","130.7","1,m","0.0",",,,m","14.19","2,m","19.02","1,,,m","9.37","1,,,m"
"MXN00006016","1990-07","18.9","-103.7167","507.8","SAN GABRIEL, MX","247.7","","0.6","1,m","0",",m","0",",m","0",",m","0","1,m","0","1,m","0","1,m","1","1,m","0","1,m","6.7","1,m,18,","0.0",",,m,31,+","28.9","1,m,01,","166.4","","166.4","1,m","0.0",",,,m","12.81","1,m","16.49","1,,,m","9.12","1,,,m"
"MXN00006016","1990-08","18.9","-103.7167","507.8","SAN GABRIEL, MX","248.8","","1.1","1,m","8",",m","8",",m","3",",m","0","1,m","0","1,m","0","1,m","1","1,m","0","1,m","8.9","1,m,31,+","34.8",",,m,08,+","30.0","1,m,04,","312.8","","146.4","1,m","168.9",",,,m","13.49","1,m","17.30","1,,,m","9.68","1,,,m"
"MXN00006016","1990-09","18.9","-103.7167","507.8","SAN GABRIEL, MX","","","","","7",",m","4",",m","0",",m","","","","","","","","","","","","","4.3",",,m,19,","","","","","","","19.1",",,,m","","","","","",""
"MXN00006016","1990-11","18.9","-103.7167","507.8","SAN GABRIEL, MX","","","","","0",",m","0",",m","0",",m","","","","","","","","","","","","","0.0",",,m,30,+","","","","","","","0.0",",,,m","","","","","",""
"MXN00006016","1990-12","18.9","-103.7167","507.8","SAN GABRIEL, MX","","","","","0",",m","0",",m","0",",m","","","","","","","","","","","","","0.0",",,m,31,+","","","","","","","0.0",",,,m","","","","","",""
"MXN00006016","1991-01","18.9","-103.7167","507.8","SAN GABRIEL, MX","","","","","0",",m","0",",m","0",",m","","","","","","","","","","","","","0.0",",,m,31,+","","","","","","","0.0",",,,m","","","","","",""
"MXN00006016","1991-04","18.9","-103.7167","507.8","SAN GABRIEL, MX","","","","","0",",m","0",",m","0",",m","","","","","","","","","","","","","0.0",",,m,30,+","","","","","","","0.0",",,,m","","","","","",""
"MXN00006016","1991-05","18.9","-103.7167","507.8","SAN GABRIEL, MX","","","11.0",",m","0",",m","0",",m","0",",m","0",",m","0",",m","0",",m","9",",m","0",",m","7.8",",m,22,+","0.0",",,m,31,+","30.6",",m,26,+","","","97.9",",m","0.0",",,,m","15.53",",m","20.93",",,,m","10.12",",,,m"
"MXN00006016","1991-08","18.9","-103.7167","507.8","SAN GABRIEL, MX","","","","","0",",m","0",",m","0",",m","","","","","","","","","","","","","0.0",",,m,31,+","","","","","","","0.0",",,,m","","","","","",""
"MXN00006016","1991-09","18.9","-103.7167","507.8","SAN GABRIEL, MX","","","","","0",",m","0",",m","0",",m","","","","","","","","","","","","","0.0",",,m,30,+","","","","","","","0.0",",,,m","","","","","",""
