"STATION","DATE","LATITUDE","LONGITUDE","ELEVATION","NAME","CDSD","CDSD_ATTRIBUTES","CLDD","CLDD_ATTRIBUTES","DP01","DP01_ATTRIBUTES","DP10","DP10_ATTRIBUTES","DP1X","DP1X_ATTRIBUTES","DT00","DT00_ATTRIBUTES","DT32","DT32_ATTRIBUTES","DX32","DX32_ATTRIBUTES","DX70","DX70_ATTRIBUTES","DX90","DX90_ATTRIBUTES","EMNT","EMNT_ATTRIBUTES","EMXP","EMXP_ATTRIBUTES","EMXT","EMXT_ATTRIBUTES","HDSD","HDSD_ATTRIBUTES","HTDD","HTDD_ATTRIBUTES","PRCP","PRCP_ATTRIBUTES","TAVG","TAVG_ATTRIBUTES","TMAX","TMAX_ATTRIBUTES","TMIN","TMIN_ATTRIBUTES"
"MXN00014340","1980-05","22.05","-103.9167","2439.9","BAJIO DE LOS AMOLES, MX","","","0.0",",m","0",",m","0",",m","0",",m","0",",m","0",",m","0",",m","21",",m","0",",m","3.9",",m,27,+","0.0",",,m,31,+","26.7",",m,31,+","","","132.2",",m","0.0",",,,m","14.07",",m","22.31",",,,m","5.83",",,,m"
"MXN00014340","1980-06","22.05","-103.9167","2439.9","BAJIO DE LOS AMOLES, MX","","","0.0",",m","13",",m","10",",m","0",",m","0",",m","0",",m","0",",m","29",",m","0",",m","5.0",",m,29,+","19.8",",,m,20,+","27.8",",m,13,+","","","62.7",",m","120.0",",,,m","16.24",",m","24.43",",,,m","8.06",",,,m"
"MXN00014340","1980-07","22.05","-103.9167","2439.9","BAJIO DE LOS AMOLES, MX","","","1.0",",m","17",",m","15",",m","1",",m","0",",m","0",",m","0",",m","27",",m","0",",m","6.7",",m,25,","36.8",",,m,24,","26.7",",m,16,+","58.3","m","58.3",",m","153.9",",,,m","16.48",",m","23.67",",,,m","9.30",",,,m"
"MXN00014340","1980-08","22.05","-103.9167","2439.9","BAJIO DE LOS AMOLES, MX","","","0.0",",m","20",",m","18",",m","0",",m","0",",m","0",",m","0",",m","27",",m","0",",m","6.7",",m,04,","23.9",",,m,18,","25.6",",m,30,+","127.1","m","68.8",",m","194.8",",,,m","16.11",",m","22.84",",,,m","9.39",",,,m"
"MXN00014340","1980-09","22.05","-103.9167","2439.9","BAJIO DE LOS AMOLES, MX","","","0.9",",m","13",",m","10",",m","0",",m","0",",m","0",",m","0",",m","30",",m","0",",m","5.6",",m,16,","22.9",",,m,07,","27.8",",m,24,","175.9","m","48.8",",m","80.9",",,,m","16.74",",m","24.42",",,,m","9.05",",,,m"
"MXN00014340","1980-10","22.05","-103.9167","2439.9","BAJIO DE LOS AMOLES, MX","","","0.0",",m","5",",m","4",",m","0",",m","0",",m","0",",m","0",",m","12",",m","0",",m","3.9",",m,29,+","22.9",",,m,29,","25.0",",m,21,","316.2","m","140.3",",m","43.2",",,,m","13.81",",m","21.14",",,,m","6.48",",,,m"
"MXN00014340","1980-11","22.05","-103.9167","2439.9","BAJIO DE LOS AMOLES, MX","","","0.0",",m","1",",m","1",",m","0",",m","0",",m","0",",m","0",",m","13",",m","0",",m","2.8",",m,11,","21.8",",,m,21,","25.6",",m,04,","457.9","m","141.7",",m","21.8",",,,m","13.61",",m","21.34",",,,m","5.87",",,,m"
"MXN00014340","1980-12","22.05","-103.9167","2439.9","BAJIO DE LOS AMOLES, MX","","","0.0",",m","0",",m","0",",m","0",",m","0",",m","0",",m","0",",m","9",",m","0",",m","1.7",",m,24,+","0.0",",,m,31,+","25.0",",m,29,","623.9","m","166.0",",m","0.0",",,,m","12.98",",m","20.57",",,,m","5.38",",,,m"
"MXN00014340","1981-01","22.05","-103.9167","2439.9","BAJIO DE LOS AMOLES, MX","0.0","m","0.0",",m","2",",m","2",",m","0",",m","0",",m","0",",m","0",",m","11",",m","0",",m","2.8",",m,11,","19.8",",,m,17,","25.0",",m,08,","775.1","m","151.2",",m","29.7",",,,m","13.46",",m","21.07",",,,m","5.85",",,,m"
"MXN00014340","1981-02","22.05","-103.9167","2439.9","BAJIO DE LOS AMOLES, MX","0.0","m","0.0",",m","0",",m","0",",m","0",",m","0",",m","0",",m","0",",m","21",",m","0",",m","5.6",",m,17,+","0.0",",,m,28,+","26.7",",m,26,","856.8","m","81.7",",m","0.0",",,,m","15.42",",m","22.32",",,,m","8.51",",,,m"
"MXN00014340","1981-03","22.05","-103.9167","2439.9","BAJIO DE LOS AMOLES, MX","34.1","m","34.1",",m","0",",m","0",",m","0",",m","0",",m","0",",m","0",",m","31",",m","0",",m","8.9",",m,28,+","0.0",",,m,31,+","30.0",",m,22,+","858.6","m","1.8",",m","0.0",",,,m","19.37",",m","27.92",",,,m","10.83",",,,m"
"MXN00014340","1981-04","22.05","-103.9167","2439.9","BAJIO DE LOS AMOLES, MX","41.2","m","7.1",",m","0",",m","0",",m","0",",m","0",",m","0",",m","0",",m","30",",m","0",",m","8.9",",m,26,+","0.0",",,m,30,+","28.3",",m,05,","891.8","m","33.2",",m","0.0",",,,m","17.46",",m","24.50",",,,m","10.42",",,,m"
"MXN00014340","1981-05","22.05","-103.9167","2439.9","BAJIO DE LOS AMOLES, MX","82.3","m","41.1",",m","1",",m","1",",m","0",",m","0",",m","0",",m","0",",m","31",",m","0",",m","8.9",",m,26,+","4.8",",,m,31,","30.0",",m,30,+","896.3","m","4.5",",m","4.8",",,,m","19.51",",m","27.62",",,,m","11.41",",,,m"
"MXN00014340","1981-06","22.05","-103.9167","2439.9","BAJIO DE LOS AMOLES, MX","85.5","m","3.2",",m","15",",m","14",",m","1",",m","0",",m","0",",m","0",",m","24",",m","0",",m","7.8",",m,25,+","27.9",",,m,08,","28.9",",m,25,","945.5","m","49.2",",m","159.8",",,,m","16.80",",m","23.45",",,,m","10.15",",,,m"
"MXN00014340","1981-07","22.05","-103.9167","2439.9","BAJIO DE LOS AMOLES, MX","88.1","m","2.6",",m","16",",m","15",",m","1",",m","0",",m","0",",m","0",",m","26",",m","0",",m","5.6",",m,29,","37.8",",,m,24,","27.8",",m,16,","50.8","m","50.8",",m","147.9",",,,m","16.78",",m","23.25",",,,m","10.31",",,,m"
"MXN00014340","1981-08","22.05","-103.9167","2439.9","BAJIO DE LOS AMOLES, MX","88.1","m","0.0",",m","11",",m","10",",m","0",",m","0",",m","0",",m","0",",m","21",",m","0",",m","6.7",",m,26,+","24.9",",,m,08,","25.6",",m,22,+","114.7","m","63.9",",m","115.5",",,,m","16.27",",m","22.36",",,,m","10.18",",,,m"
"MXN00014340","1981-09","22.05","-103.9167","2439.9","BAJIO DE LOS AMOLES, MX","90.4","m","2.3",",m","3",",m","2",",m","0",",m","0",",m","0",",m","0",",m","22",",m","0",",m","6.7",",m,24,","3.8",",,m,07,","25.6",",m,29,+","161.9","m","47.2",",m","8.4",",,,m","16.84",",m","22.93",",,,m","10.75",",,,m"
"MXN00014340","1981-10","22.05","-103.9167","2439.9","BAJIO DE LOS AMOLES, MX","90.7","m","0.3",",m","0",",m","0",",m","0",",m","0",",m","0",",m","0",",m","29",",m","0",",m","5.6",",m,06,+","0.0",",,m,31,+","26.7",",m,22,+","219.7","m","57.8",",m","0.0",",,,m","16.48",",m","24.41",",,,m","8.55",",,,m"
"MXN00014340","1981-11","22.05","-103.9167","2439.9","BAJIO DE LOS AMOLES, MX","91.3","m","0.6",",m","0",",m","0",",m","0",",m","0",",m","0",",m","0",",m","27",",m","0",",m","2.8",",m,30,+","0.0",",,m,30,+","26.7",",m,25,+","287.2","m","67.5",",m","0.0",",,,m","16.10",",m","24.09",",,,m","8.11",",,,m"
"MXN00014340","1981-12","22.05","-103.9167","2439.9","BAJIO DE LOS AMOLES, MX","91.3","m","0.0",",m","3",",m","3",",m","0",",m","0",",m","0",",m","0",",m","8",",m","0",",m","1.7",",m,23,","21.8",",,m,11,","23.9",",m,02,","452.9","m","165.7",",m","41.6",",,,m","12.99",",m","20.41",",,,m","5.56",",,,m"
"MXN00014340","1982-01","22.05","-103.9167","2439.9","BAJIO DE LOS AMOLES, MX","0.0","m","0.0",",m","0",",m","0",",m","0",",m","0",",m","0",",m","0",",m","16",",m","0",",m","5.6",",m,30,+","0.0",",,m,31,+","25.6",",m,13,","555.9","m","103.0",",m","0.0",",,,m","15.01",",m","21.58",",,,m","8.44",",,,m"
"MXN00014340","1982-02","22.05","-103.9167","2439.9","BAJIO DE LOS AMOLES, MX","0.0","m","0.0",",m","0",",m","0",",m","0",",m","0",",m","0",",m","0",",m","14",",m","0",",m","3.9",",m,11,+","0.0",",,m,28,+","25.6",",m,20,+","671.4","m","115.5",",m","0.0",",,,m","14.21",",m","21.95",",,,m","6.47",",,,m"
"MXN00014340","1982-03","22.05","-103.9167","2439.9","BAJIO DE LOS AMOLES, MX","40.6","m","40.6",",m","0",",m","0",",m","0",",m","0",",m","0",",m","0",",m","25",",m","1",",m","7.8",",m,11,+","0.0",",,m,31,+","32.8",",m,19,","689.3","m","17.9",",m","0.0",",,,m","19.07",",m","26.61",",,,m","11.52",",,,m"
"MXN00014340","1982-04","22.05","-103.9167","2439.9","BAJIO DE LOS AMOLES, MX","51.3","m","10.7",",m","0",",m","0",",m","0",",m","0",",m","0",",m","0",",m","30",",m","0",",m","7.2",",m,07,","0.0",",,m,30,+","27.8",",m,22,","714.2","m","24.9",",m","0.0",",,,m","17.86",",m","25.03",",,,m","10.69",",,,m"
"MXN00014340","1982-05","22.05","-103.9167","2439.9","BAJIO DE LOS AMOLES, MX","53.6","m","2.3",",m","0",",m","0",",m","0",",m","0",",m","0",",m","0",",m","31",",m","0",",m","8.9",",m,11,+","0.0",",,m,31,+","26.7",",m,12,","747.9","m","33.7",",m","0.0",",,,m","17.32",",m","23.51",",,,m","11.13",",,,m"
"MXN00014340","1982-06","22.05","-103.9167","2439.9","BAJIO DE LOS AMOLES, MX","56.1","m","2.5",",m","0",",m","0",",m","0",",m","0",",m","0",",m","0",",m","24",",m","0",",m","5.0",",m,02,","0.0",",,m,30,+","25.6",",m,25,+","810.1","m","62.2",",m","0.0",",,,m","16.34",",m","22.86",",,,m","9.82",",,,m"
"MXN00014340","1982-07","22.05","-103.9167","2439.9","BAJIO DE LOS AMOLES, MX","58.1","m","2.0",",m","9",",m","9",",m","2",",m","0",",m","0",",m","0",",m","30",",m","0",",m","7.8",",m,04,","39.9",",,m,04,","26.7",",m,28,","38.1","m","38.1",",m","162.4",",,,m","17.17",",m","23.35",",,,m","10.99",",,,m"
"MXN00014340","1982-08","22.05","-103.9167","2439.9","BAJIO DE LOS AMOLES, MX","60.1","m","2.0",",m","7",",m","7",",m","2",",m","0",",m","0",",m","0",",m","29",",m","0",",m","10.0",",m,30,+","35.8",",,m,08,","25.6",",m,12,+","68.9","m","30.8",",m","118.3",",,,m","17.40",",m","23.61",",,,m","11.20",",,,m"
"MXN00014340","1982-09","22.05","-103.9167","2439.9","BAJIO DE LOS AMOLES, MX","60.1","m","0.0",",m","0",",m","0",",m","0",",m","0",",m","0",",m","0",",m","8",",m","0",",m","5.6",",m,14,+","0.0",",,m,30,+","21.7",",m,26,+","185.6","m","116.7",",m","0.0",",,,m","14.44",",m","20.71",",,,m","8.17",",,,m"
"MXN00014340","1982-10","22.05","-103.9167","2439.9","BAJIO DE LOS AMOLES, MX","60.1","m","0.0",",m","3",",m","3",",m","0",",m","0",",m","0",",m","0",",m","16",",m","0",",m","3.3",",m,24,","9.9",",,m,23,+","25.6",",m,28,","325.8","m","140.2",",m","29.7",",,,m","13.81",",m","21.18",",,,m","6.44",",,,m"
"MXN00014340","1982-11","22.05","-103.9167","2439.9","BAJIO DE LOS AMOLES, MX","60.1","m","0.0",",m","7",",m","6",",m","1",",m","0",",m","0",",m","0",",m","17",",m","0",",m","5.6",",m,29,+","30.0",",,m,20,","25.6",",m,12,","425.0","m","99.2",",m","89.2",",,,m","15.03",",m","21.44",",,,m","8.61",",,,m"
"MXN00014340","1982-12","22.05","-103.9167","2439.9","BAJIO DE LOS AMOLES, MX","60.1","m","0.0",",m","7",",m","6",",m","0",",m","0",",m","6",",m","0",",m","10",",m","0",",m","-2.2",",m,08,","18.3",",,m,31,","23.9",",m,10,","642.8","m","217.8",",m","50.3",",,,m","11.31",",m","20.35",",,,m","2.26",",,,m"
"MXN00014340","1983-01","22.05","-103.9167","2439.9","BAJIO DE LOS AMOLES, MX","0.0","m","0.0",",m","5",",m","5",",m","3",",m","0",",m","5",",m","0",",m","15",",m","0",",m","-2.8",",m,23,","45.5",",,m,18,","25.0",",m,29,","842.7","m","199.9",",m","155.3",",,,m","11.88",",m","20.82",",,,m","2.95",",,,m"
"MXN00014340","1983-02","22.05","-103.9167","2439.9","BAJIO DE LOS AMOLES, MX","0.0","m","0.0",",m","0",",m","0",",m","0",",m","0",",m","0",",m","0",",m","20",",m","0",",m","1.1",",m,17,+","0.0",",,m,28,+","25.0",",m,28,+","986.7","m","144.0",",m","0.0",",,,m","13.19",",m","21.63",",,,m","4.75",",,,m"
"MXN00014340","1983-03","22.05","-103.9167","2439.9","BAJIO DE LOS AMOLES, MX","0.0","m","0.0",",m","3",",m","2",",m","0",",m","0",",m","0",",m","0",",m","25",",m","0",",m","1.1",",m,23,+","16.3",",,m,12,","25.6",",m,09,","1097.1","m","110.4",",m","23.4",",,,m","14.77",",m","23.24",",,,m","6.31",",,,m"
"MXN00014340","1983-04","22.05","-103.9167","2439.9","BAJIO DE LOS AMOLES, MX","16.7","m","16.7",",m","0",",m","0",",m","0",",m","0",",m","0",",m","0",",m","29",",m","2",",m","2.2",",m,10,","0.0",",,m,30,+","33.9",",m,30,","1134.8","m","37.7",",m","0.0",",,,m","17.63",",m","27.01",",,,m","8.26",",,,m"
"MXN00014340","1983-05","22.05","-103.9167","2439.9","BAJIO DE LOS AMOLES, MX","94.2","m","77.5",",m","6",",m","2",",m","0",",m","0",",m","0",",m","0",",m","31",",m","1",",m","8.9",",m,26,","9.4",",,m,25,","32.2",",m,31,","1137.5","m","2.7",",m","23.0",",,,m","20.75",",m","28.97",",,,m","12.52",",,,m"
"MXN00014340","1983-06","22.05","-103.9167","2439.9","BAJIO DE LOS AMOLES, MX","123.7","m","29.5",",m","7",",m","4",",m","0",",m","0",",m","0",",m","0",",m","30",",m","0",",m","7.8",",m,24,","18.3",",,m,28,","30.6",",m,13,","1146.2","m","8.7",",m","38.2",",,,m","19.03",",m","27.15",",,,m","10.90",",,,m"
"MXN00014340","1983-07","22.05","-103.9167","2439.9","BAJIO DE LOS AMOLES, MX","150.9","m","27.2",",m","21",",m","14",",m","3",",m","0",",m","0",",m","0",",m","31",",m","0",",m","6.7",",m,20,","67.6",",,m,31,","31.1",",m,09,","18.4","m","18.4",",m","283.5",",,,m","18.62",",m","26.68",",,,m","10.55",",,,m"
"MXN00014340","1983-08","22.05","-103.9167","2439.9","BAJIO DE LOS AMOLES, MX","191.4","m","40.5",",m","17",",m","13",",m","1",",m","0",",m","0",",m","0",",m","31",",m","0",",m","8.9",",m,31,","32.3",",,m,01,","30.0",",m,15,+","19.9","m","1.5",",m","154.0",",,,m","19.59",",m","27.29",",,,m","11.88",",,,m"
"MXN00014340","1983-09","22.05","-103.9167","2439.9","BAJIO DE LOS AMOLES, MX","192.0","m","0.6",",m","16",",m","14",",m","1",",m","0",",m","0",",m","0",",m","30",",m","0",",m","4.4",",m,30,","42.4",",,m,11,","27.2",",m,04,","79.3","m","59.4",",m","213.3",",,,m","16.37",",m","24.47",",,,m","8.27",",,,m"
"MXN00014340","1983-10","22.05","-103.9167","2439.9","BAJIO DE LOS AMOLES, MX","193.5","m","1.5",",m","2",",m","2",",m","0",",m","0",",m","0",",m","0",",m","31",",m","0",",m","2.8",",m,18,","7.4",",,m,18,","26.7",",m,29,+","137.6","m","58.3",",m","14.3",",,,m","16.50",",m","25.17",",,,m","7.83",",,,m"
"MXN00014340","1983-11","22.05","-103.9167","2439.9","BAJIO DE LOS AMOLES, MX","193.5","m","0.0",",m","3",",m","2",",m","0",",m","0",",m","1",",m","0",",m","19",",m","0",",m","-1.7",",m,28,","5.1",",,m,02,","25.6",",m,06,","316.0","m","178.4",",m","9.5",",,,m","12.39",",m","21.72",",,,m","3.05",",,,m"
"MXN00014340","1983-12","22.05","-103.9167","2439.9","BAJIO DE LOS AMOLES, MX","193.5","m","0.0",",m","0",",m","0",",m","0",",m","0",",m","3",",m","0",",m","20",",m","0",",m","-2.2",",m,27,","0.0",",,m,31,+","26.7",",m,03,","482.1","m","166.1",",m","0.0",",,,m","12.98",",m","22.06",",,,m","3.89",",,,m"
"MXN00014340","1984-01","22.05","-103.9167","2439.9","BAJIO DE LOS AMOLES, MX","0.0","m","0.0","1,m","20",",m","10",",m","1",",m","0","1,m","0","1,m","0","1,m","22","1,m","0","1,m","1.7","1,m,20,+","47.8",",,m,30,","25.0","1,m,12,+","583.3","m","101.2","1,m","120.9",",,,m","14.96","1,m","22.38","1,,,m","7.53","1,,,m"
"MXN00014340","1984-02","22.05","-103.9167","2439.9","BAJIO DE LOS AMOLES, MX","0.0","m","0.0",",m","4",",m","1",",m","0",",m","0",",m","0",",m","0",",m","25",",m","0",",m","0.6",",m,25,+","2.8",",,m,01,","26.1",",m,14,","718.2","m","134.9",",m","6.2",",,,m","13.68",",m","23.04",",,,m","4.32",",,,m"
"MXN00014340","1984-12","22.05","-103.9167","2439.9","BAJIO DE LOS AMOLES, MX","","","0.0","1,m","5",",m","4",",m","0",",m","0","1,m","0","1,m","0","1,m","0","1,m","0","1,m","2.2","1,m,31,+","22.9",",,m,13,","20.6","1,m,21,","","","218.6","1,m","48.3",",,,m","11.05","1,m","17.50","1,,,m","4.59","1,,,m"
"MXN00014340","1985-01","22.05","-103.9167","2439.9","BAJIO DE LOS AMOLES, MX","0.0","","0.0",",m","11",",m","9",",m","3",",m","0",",m","1",",m","0",",m","3",",m","0",",m","0.0",",m,24,","55.9",",,m,17,","23.9",",m,24,","","","270.4",",m","185.0",",,,m","9.61",",m","16.31",",,,m","2.91",",,,m"
"MXN00014340","1987-06","22.05","-103.9167","2439.9","BAJIO DE LOS AMOLES, MX","","","3.1",",m","11",",m","10",",m","3",",m","0",",m","0",",m","0",",m","27",",m","0",",m","5.0",",m,17,+","67.8",",,m,23,","29.4",",m,22,","","","64.9",",m","227.4",",,,m","16.27",",m","24.82",",,,m","7.73",",,,m"
"MXN00014340","1987-10","22.05","-103.9167","2439.9","BAJIO DE LOS AMOLES, MX","","","7.8",",m","15",",m","15",",m","5",",m","0",",m","0",",m","0",",m","31",",m","0",",m","3.9",",m,07,","54.9",",,m,28,","28.9",",m,22,+","","","34.0",",m","343.7",",,,m","17.49",",m","25.71",",,,m","9.27",",,,m"
"MXN00014340","1988-04","22.05","-103.9167","2439.9","BAJIO DE LOS AMOLES, MX","","","","","0",",m","0",",m","0",",m","","","","","","","","","","","","","0.0",",,m,30,+","","","","","","","0.0",",,,m","","","","","",""
"MXN00014340","1988-05","22.05","-103.9167","2439.9","BAJIO DE LOS AMOLES, MX","","","","","0",",m","0",",m","0",",m","","","","","","","","","","","","","0.0",",,m,31,+","","","","","","","0.0",",,,m","","","","","",""
