"STATION","DATE","LATITUDE","LONGITUDE","ELEVATION","NAME","CDSD","CDSD_ATTRIBUTES","CLDD","CLDD_ATTRIBUTES","DP01","DP01_ATTRIBUTES","DP10","DP10_ATTRIBUTES","DP1X","DP1X_ATTRIBUTES","DT00","DT00_ATTRIBUTES","DT32","DT32_ATTRIBUTES","DX32","DX32_ATTRIBUTES","DX70","DX70_ATTRIBUTES","DX90","DX90_ATTRIBUTES","EMNT","EMNT_ATTRIBUTES","EMXP","EMXP_ATTRIBUTES","EMXT","EMXT_ATTRIBUTES","HDSD","HDSD_ATTRIBUTES","HTDD","HTDD_ATTRIBUTES","PRCP","PRCP_ATTRIBUTES","TAVG","TAVG_ATTRIBUTES","TMAX","TMAX_ATTRIBUTES","TMIN","TMIN_ATTRIBUTES"
"MXN00003162","1979-09","25.0","-112.1833","59.7","LAS BARRANCAS, MX","","","209.5",",m","1",",m","1",",m","1",",m","0",",m","0",",m","0",",m","30",",m","8",",m","14.4",",m,12,","30.0",",,m,14,","35.6",",m,13,","","","0.0",",m","30.0",",,,m","25.32",",m","30.27",",,,m","20.36",",,,m"
"MXN00003162","1979-10","25.0","-112.1833","59.7","LAS BARRANCAS, MX","","","72.2",",m","0",",m","0",",m","0",",m","0",",m","0",",m","0",",m","31",",m","0",",m","3.9",",m,21,","0.0",",,m,31,+","30.0",",m,11,+","","","16.6",",m","0.0",",,,m","20.13",",m","26.72",",,,m","13.53",",,,m"
"MXN00003162","1979-11","25.0","-112.1833","59.7","LAS BARRANCAS, MX","","","7.9",",m","0",",m","0",",m","0",",m","0",",m","0",",m","0",",m","30",",m","0",",m","3.3",",m,11,","0.0",",,m,30,+","28.9",",m,26,+","","","38.2",",m","0.0",",,,m","17.32",",m","24.15",",,,m","10.49",",,,m"
"MXN00003162","1979-12","25.0","-112.1833","59.7","LAS BARRANCAS, MX","","","41.4",",m","0",",m","0",",m","0",",m","0",",m","0",",m","0",",m","31",",m","0",",m","3.9",",m,21,","0.0",",,m,31,+","30.0",",m,11,+","","","16.7",",m","0.0",",,,m","19.13",",m","26.63",",,,m","11.63",",,,m"
"MXN00003162","1980-01","25.0","-112.1833","59.7","LAS BARRANCAS, MX","12.6","m","12.6",",m","0",",m","0",",m","0",",m","0",",m","0",",m","0",",m","18",",m","0",",m","1.7",",m,22,","0.0",",,m,31,+","30.0",",m,04,+","","","94.1",",m","0.0",",,,m","15.70",",m","22.16",",,,m","9.25",",,,m"
"MXN00003162","1980-04","25.0","-112.1833","59.7","LAS BARRANCAS, MX","","","31.4",",m","0",",m","0",",m","0",",m","0",",m","0",",m","0",",m","29",",m","2",",m","8.9",",m,22,","0.0",",,m,30,+","33.3",",m,18,","","","16.2",",m","0.0",",,,m","18.84",",m","26.36",",,,m","11.32",",,,m"
"MXN00003162","1980-05","25.0","-112.1833","59.7","LAS BARRANCAS, MX","","","86.2",",m","0",",m","0",",m","0",",m","0",",m","0",",m","0",",m","31",",m","4",",m","6.7",",m,25,","0.0",",,m,31,+","35.0",",m,20,+","","","0.3",",m","0.0",",,,m","21.10",",m","29.61",",,,m","12.60",",,,m"
"MXN00003162","1980-06","25.0","-112.1833","59.7","LAS BARRANCAS, MX","","","101.8",",m","0",",m","0",",m","0",",m","0",",m","0",",m","0",",m","30",",m","5",",m","6.1",",m,02,","0.0",",,m,30,+","35.0",",m,18,","","","4.2",",m","0.0",",,,m","21.59",",m","28.87",",,,m","14.31",",,,m"
"MXN00003162","1980-07","25.0","-112.1833","59.7","LAS BARRANCAS, MX","","","190.4",",m","0",",m","0",",m","0",",m","0",",m","0",",m","0",",m","31",",m","12",",m","10.0",",m,04,","0.0",",,m,31,+","39.4",",m,29,","0.0","m","0.0",",m","0.0",",,,m","24.47",",m","30.65",",,,m","18.30",",,,m"
"MXN00003162","1980-08","25.0","-112.1833","59.7","LAS BARRANCAS, MX","","","212.1",",m","0",",m","0",",m","0",",m","0",",m","0",",m","0",",m","31",",m","1",",m","15.0",",m,18,","0.0",",,m,31,+","35.0",",m,25,","0.0","m","0.0",",m","0.0",",,,m","25.18",",m","29.87",",,,m","20.48",",,,m"
"MXN00003162","1980-09","25.0","-112.1833","59.7","LAS BARRANCAS, MX","","","109.0",",m","0",",m","0",",m","0",",m","0",",m","0",",m","0",",m","30",",m","1",",m","9.4",",m,25,","0.0",",,m,30,+","32.2",",m,21,","0.3","m","0.3",",m","0.0",",,,m","21.96",",m","28.63",",,,m","15.28",",,,m"
"MXN00003162","1980-10","25.0","-112.1833","59.7","LAS BARRANCAS, MX","","","65.2",",m","0",",m","0",",m","0",",m","0",",m","0",",m","0",",m","31",",m","0",",m","6.1",",m,30,","0.0",",,m,31,+","31.1",",m,31,","9.0","m","8.7",",m","0.0",",,,m","20.15",",m","26.87",",,,m","13.44",",,,m"
"MXN00003162","1980-11","25.0","-112.1833","59.7","LAS BARRANCAS, MX","","","15.8",",m","0",",m","0",",m","0",",m","0",",m","0",",m","0",",m","29",",m","0",",m","4.4",",m,20,","0.0",",,m,30,+","30.0",",m,05,+","52.2","m","43.2",",m","0.0",",,,m","17.42",",m","24.52",",,,m","10.32",",,,m"
"MXN00003162","1980-12","25.0","-112.1833","59.7","LAS BARRANCAS, MX","","","12.7",",m","5",",m","3",",m","0",",m","0",",m","0",",m","0",",m","26",",m","0",",m","6.1",",m,10,","19.8",",,m,13,","28.3",",m,27,","103.8","m","51.6",",m","37.3",",,,m","17.08",",m","23.43",",,,m","10.73",",,,m"
"MXN00003162","1981-01","25.0","-112.1833","59.7","LAS BARRANCAS, MX","62.7","m","62.7",",m","0",",m","0",",m","0",",m","0",",m","0",",m","0",",m","31",",m","3",",m","7.8",",m,31,+","0.0",",,m,31,+","32.8",",m,09,+","105.7","m","1.9",",m","0.0",",,,m","20.30",",m","29.15",",,,m","11.44",",,,m"
"MXN00003162","1981-02","25.0","-112.1833","59.7","LAS BARRANCAS, MX","63.6","m","0.9",",m","1",",m","0",",m","0",",m","0",",m","0",",m","0",",m","23",",m","0",",m","5.0",",m,11,","1.8",",,m,26,","27.8",",m,22,","160.3","m","54.6",",m","1.8",",,,m","16.41",",m","23.36",",,,m","9.47",",,,m"
"MXN00003162","1981-11","25.0","-112.1833","59.7","LAS BARRANCAS, MX","","","2.3",",m","0",",m","0",",m","0",",m","0",",m","0",",m","0",",m","20",",m","0",",m","8.9",",m,26,","0.0",",,m,30,+","23.9",",m,19,+","","","41.2",",m","0.0",",,,m","17.04",",m","21.63",",,,m","12.44",",,,m"
"MXN00003162","1981-12","25.0","-112.1833","59.7","LAS BARRANCAS, MX","","","1.4",",m","0",",m","0",",m","0",",m","0",",m","0",",m","0",",m","17",",m","0",",m","6.7",",m,25,","0.0",",,m,31,+","26.1",",m,08,","","","75.2",",m","0.0",",,,m","15.95",",m","21.57",",,,m","10.34",",,,m"
"MXN00003162","1982-01","25.0","-112.1833","59.7","LAS BARRANCAS, MX","0.0","","0.0",",m","1",",m","1",",m","0",",m","0",",m","0",",m","0",",m","10",",m","0",",m","5.6",",m,26,+","6.9",",,m,10,","25.0",",m,09,","","","122.5",",m","6.9",",,,m","14.38",",m","20.25",",,,m","8.51",",,,m"
"MXN00003162","1982-02","25.0","-112.1833","59.7","LAS BARRANCAS, MX","0.9","","0.9",",m","0",",m","0",",m","0",",m","0",",m","0",",m","0",",m","12",",m","0",",m","5.6",",m,02,","0.0",",,m,28,+","25.6",",m,22,","","","90.8",",m","0.0",",,,m","15.12",",m","20.52",",,,m","9.73",",,,m"
"MXN00003162","1982-03","25.0","-112.1833","59.7","LAS BARRANCAS, MX","8.6","","7.7",",m","0",",m","0",",m","0",",m","0",",m","0",",m","0",",m","28",",m","0",",m","7.8",",m,22,+","0.0",",,m,31,+","29.4",",m,08,","","","24.9",",m","0.0",",,,m","17.78",",m","25.51",",,,m","10.05",",,,m"
"MXN00003162","1982-04","25.0","-112.1833","59.7","LAS BARRANCAS, MX","14.5","","5.9",",m","0",",m","0",",m","0",",m","0",",m","0",",m","0",",m","16",",m","0",",m","8.3",",m,16,","0.0",",,m,30,+","28.3",",m,12,","","","78.8",",m","0.0",",,,m","15.90",",m","21.20",",,,m","10.61",",,,m"
"MXN00003162","1982-05","25.0","-112.1833","59.7","LAS BARRANCAS, MX","62.4","","47.9",",m","0",",m","0",",m","0",",m","0",",m","0",",m","0",",m","30",",m","0",",m","8.3",",m,14,","0.0",",,m,31,+","30.0",",m,13,+","","","3.6",",m","0.0",",,,m","19.76",",m","27.61",",,,m","11.92",",,,m"
"MXN00003162","1982-06","25.0","-112.1833","59.7","LAS BARRANCAS, MX","66.1","","3.7",",m","0",",m","0",",m","0",",m","0",",m","0",",m","0",",m","29",",m","0",",m","10.0",",m,20,+","0.0",",,m,30,+","27.2",",m,24,","","","19.4",",m","0.0",",,,m","17.81",",m","24.00",",,,m","11.62",",,,m"
"MXN00003162","1982-07","25.0","-112.1833","59.7","LAS BARRANCAS, MX","176.1","","110.0",",m","0",",m","0",",m","0",",m","0",",m","0",",m","0",",m","31",",m","0",",m","12.8",",m,18,","0.0",",,m,31,+","29.4",",m,01,","0.8","","0.8",",m","0.0",",,,m","21.85",",m","25.56",",,,m","18.14",",,,m"
"MXN00003162","1982-08","25.0","-112.1833","59.7","LAS BARRANCAS, MX","319.4","","143.3",",m","0",",m","0",",m","0",",m","0",",m","0",",m","0",",m","31",",m","0",",m","15.0",",m,26,","0.0",",,m,31,+","30.0",",m,31,+","0.8","","0.0",",m","0.0",",,,m","22.95",",m","26.27",",,,m","19.64",",,,m"
"MXN00003162","1982-09","25.0","-112.1833","59.7","LAS BARRANCAS, MX","524.0","","204.6",",m","0",",m","0",",m","0",",m","0",",m","0",",m","0",",m","30",",m","4",",m","16.7",",m,14,","0.0",",,m,30,+","36.7",",m,23,","0.8","","0.0",",m","0.0",",,,m","25.15",",m","29.48",",,,m","20.83",",,,m"
"MXN00003162","1982-10","25.0","-112.1833","59.7","LAS BARRANCAS, MX","586.8","","62.8",",m","0",",m","0",",m","0",",m","0",",m","0",",m","0",",m","31",",m","0",",m","10.6",",m,12,","0.0",",,m,31,+","28.9",",m,28,+","1.3","","0.5",",m","0.0",",,,m","20.34",",m","25.18",",,,m","15.50",",,,m"
