"STATION","DATE","LATITUDE","LONGITUDE","ELEVATION","NAME","CDSD","CDSD_ATTRIBUTES","CLDD","CLDD_ATTRIBUTES","DP01","DP01_ATTRIBUTES","DP10","DP10_ATTRIBUTES","DP1X","DP1X_ATTRIBUTES","DT00","DT00_ATTRIBUTES","DT32","DT32_ATTRIBUTES","DX32","DX32_ATTRIBUTES","DX70","DX70_ATTRIBUTES","DX90","DX90_ATTRIBUTES","EMNT","EMNT_ATTRIBUTES","EMXP","EMXP_ATTRIBUTES","EMXT","EMXT_ATTRIBUTES","HDSD","HDSD_ATTRIBUTES","HTDD","HTDD_ATTRIBUTES","PRCP","PRCP_ATTRIBUTES","TAVG","TAVG_ATTRIBUTES","TMAX","TMAX_ATTRIBUTES","TMIN","TMIN_ATTRIBUTES"
"MXN00030259","1973-08","18.7667","-96.7667","395.9","SAN JOSE DE ABAJO, MX","","","208.7",",m","12",",m","11",",m","4",",m","0",",m","0",",m","0",",m","31",",m","0",",m","17.8",",m,20,+","61.0",",,m,27,","31.7",",m,18,+","","","0.0",",m","244.0",",,,m","25.07",",m","30.05",",,,m","20.08",",,,m"
"MXN00030259","1973-09","18.7667","-96.7667","395.9","SAN JOSE DE ABAJO, MX","","","212.3",",m","16",",m","15",",m","5",",m","0",",m","0",",m","0",",m","30",",m","5",",m","17.8",",m,21,+","80.8",",,m,04,","33.9",",m,13,","","","0.0",",m","392.7",",,,m","25.41",",m","30.78",",,,m","20.04",",,,m"
"MXN00030259","1973-10","18.7667","-96.7667","395.9","SAN JOSE DE ABAJO, MX","","","188.3",",m","12",",m","9",",m","2",",m","0",",m","0",",m","0",",m","31",",m","0",",m","15.6",",m,24,+","59.9",",,m,13,","31.7",",m,30,+","","","0.0",",m","192.3",",,,m","24.41",",m","30.00",",,,m","18.81",",,,m"
"MXN00030259","1973-11","18.7667","-96.7667","395.9","SAN JOSE DE ABAJO, MX","","","149.4",",m","4",",m","4",",m","0",",m","0",",m","0",",m","0",",m","30",",m","3",",m","15.0",",m,30,+","13.0",",,m,11,","33.9",",m,24,","","","0.0",",m","32.6",",,,m","23.31",",m","29.88",",,,m","16.75",",,,m"
"MXN00030259","1973-12","18.7667","-96.7667","395.9","SAN JOSE DE ABAJO, MX","","","70.3",",m","9",",m","7",",m","0",",m","0",",m","0",",m","0",",m","30",",m","1",",m","6.7",",m,20,","22.9",",,m,06,","35.0",",m,20,","7.6","","8.6",",m","57.5",",,,m","20.32",",m","28.12",",,,m","12.53",",,,m"
"MXN00030259","1974-01","18.7667","-96.7667","395.9","SAN JOSE DE ABAJO, MX","92.3","m","92.3",",m","4",",m","3",",m","1",",m","0",",m","0",",m","0",",m","28",",m","0",",m","14.4",",m,05,","58.9",",,m,24,","30.6",",m,10,","11.4","m","3.8",",m","87.9",",,,m","21.19",",m","26.47",",,,m","15.90",",,,m"
"MXN00030259","1974-02","18.7667","-96.7667","395.9","SAN JOSE DE ABAJO, MX","160.2","m","67.9",",m","6",",m","3",",m","0",",m","0",",m","0",",m","0",",m","24",",m","0",",m","8.9",",m,11,","4.8",",,m,04,","31.7",",m,06,+","25.1","m","13.7",",m","17.3",",,,m","20.27",",m","26.87",",,,m","13.67",",,,m"
"MXN00030259","1974-03","18.7667","-96.7667","395.9","SAN JOSE DE ABAJO, MX","302.7","m","142.5",",m","8",",m","6",",m","1",",m","0",",m","0",",m","0",",m","31",",m","5",",m","10.0",",m,02,","41.9",",,m,10,","33.9",",m,31,+","25.1","m","0.0",",m","80.5",",,,m","22.93",",m","28.87",",,,m","16.99",",,,m"
"MXN00030259","1974-04","18.7667","-96.7667","395.9","SAN JOSE DE ABAJO, MX","503.8","m","201.1",",m","1",",m","1",",m","0",",m","0",",m","0",",m","0",",m","30",",m","9",",m","16.7",",m,12,+","2.8",",,m,18,","35.6",",m,12,","25.1","m","0.0",",m","2.8",",,,m","25.04",",m","30.81",",,,m","19.26",",,,m"
"MXN00030259","1974-05","18.7667","-96.7667","395.9","SAN JOSE DE ABAJO, MX","721.3","m","217.5",",m","6",",m","6",",m","1",",m","0",",m","0",",m","0",",m","31",",m","9",",m","17.8",",m,20,+","37.8",",,m,16,","35.0",",m,15,","25.1","m","0.0",",m","90.9",",,,m","25.35",",m","30.55",",,,m","20.15",",,,m"
"MXN00030259","1974-06","18.7667","-96.7667","395.9","SAN JOSE DE ABAJO, MX","927.5","m","206.2",",m","19",",m","18",",m","5",",m","0",",m","0",",m","0",",m","30",",m","3",",m","18.3",",m,04,","90.9",",,m,15,","33.3",",m,15,","25.1","m","0.0",",m","451.5",",,,m","25.21",",m","30.54",",,,m","19.87",",,,m"
"MXN00030259","1974-07","18.7667","-96.7667","395.9","SAN JOSE DE ABAJO, MX","1141.1","m","213.6",",m","18",",m","15",",m","4",",m","0",",m","0",",m","0",",m","31",",m","6",",m","17.8",",m,04,+","85.9",",,m,09,","35.0",",m,23,","0.0","m","0.0",",m","306.5",",,,m","25.22",",m","30.74",",,,m","19.71",",,,m"
"MXN00030259","1974-08","18.7667","-96.7667","395.9","SAN JOSE DE ABAJO, MX","1354.3","m","213.2",",m","9",",m","9",",m","2",",m","0",",m","0",",m","0",",m","31",",m","1",",m","18.9",",m,28,+","56.9",",,m,27,","32.8",",m,07,","0.0","m","0.0",",m","167.7",",,,m","25.21",",m","30.16",",,,m","20.25",",,,m"
"MXN00030259","1974-09","18.7667","-96.7667","395.9","SAN JOSE DE ABAJO, MX","1566.1","m","211.8",",m","14",",m","11",",m","5",",m","0",",m","0",",m","0",",m","30",",m","0",",m","17.8",",m,29,+","193.8",",,m,19,","31.7",",m,29,+","0.0","m","0.0",",m","448.5",",,,m","25.39",",m","30.77",",,,m","20.02",",,,m"
"MXN00030259","1974-10","18.7667","-96.7667","395.9","SAN JOSE DE ABAJO, MX","1752.5","m","186.4",",m","8",",m","5",",m","0",",m","0",",m","0",",m","0",",m","31",",m","0",",m","16.7",",m,25,+","9.9",",,m,24,","31.7",",m,11,+","0.0","m","0.0",",m","27.5",",,,m","24.35",",m","29.45",",,,m","19.25",",,,m"
"MXN00030259","1974-11","18.7667","-96.7667","395.9","SAN JOSE DE ABAJO, MX","1926.5","m","174.0",",m","9",",m","8",",m","2",",m","0",",m","0",",m","0",",m","30",",m","2",",m","15.0",",m,26,","30.0",",,m,21,","32.8",",m,27,+","0.0","m","0.0",",m","133.8",",,,m","24.13",",m","30.10",",,,m","18.17",",,,m"
"MXN00030259","1974-12","18.7667","-96.7667","395.9","SAN JOSE DE ABAJO, MX","2036.4","m","109.9",",m","1",",m","1",",m","0",",m","0",",m","0",",m","0",",m","31",",m","0",",m","11.1",",m,23,","15.0",",,m,07,","31.7",",m,30,+","0.0","m","0.0",",m","15.0",",,,m","21.88",",m","28.62",",,,m","15.14",",,,m"
"MXN00030259","1975-01","18.7667","-96.7667","395.9","SAN JOSE DE ABAJO, MX","79.7","m","79.7",",m","9",",m","4",",m","1",",m","0",",m","0",",m","0",",m","30",",m","1",",m","10.0",",m,22,+","25.9",",,m,30,","32.2",",m,30,","6.9","m","6.9",",m","77.1",",,,m","20.68",",m","27.40",",,,m","13.96",",,,m"
"MXN00030259","1975-02","18.7667","-96.7667","395.9","SAN JOSE DE ABAJO, MX","278.0","m","198.3",",m","5",",m","4",",m","1",",m","0",",m","0",",m","0",",m","28",",m","3",",m","17.8",",m,08,","67.8",",,m,06,","33.9",",m,21,","6.9","m","0.0",",m","91.2",",,,m","25.42",",m","29.39",",,,m","21.45",",,,m"
"MXN00030259","1975-03","18.7667","-96.7667","395.9","SAN JOSE DE ABAJO, MX","475.5","m","197.5",",m","1",",m","1",",m","1",",m","0",",m","0",",m","0",",m","31",",m","11",",m","11.7",",m,31,","47.8",",,m,05,","38.9",",m,23,","6.9","m","0.0",",m","47.8",",,,m","24.70",",m","31.14",",,,m","18.27",",,,m"
"MXN00030259","1975-04","18.7667","-96.7667","395.9","SAN JOSE DE ABAJO, MX","735.9","m","260.4",",m","0",",m","0",",m","0",",m","0",",m","0",",m","0",",m","30",",m","23",",m","12.8",",m,17,","0.0",",,m,30,+","39.4",",m,08,","6.9","m","0.0",",m","0.0",",,,m","27.01",",m","33.84",",,,m","20.18",",,,m"
"MXN00030259","1975-05","18.7667","-96.7667","395.9","SAN JOSE DE ABAJO, MX","1030.8","m","294.9",",m","14",",m","14",",m","5",",m","0",",m","0",",m","0",",m","31",",m","30",",m","17.8",",m,09,+","43.9",",,m,26,+","40.0",",m,06,","6.9","m","0.0",",m","282.1",",,,m","27.85",",m","35.36",",,,m","20.33",",,,m"
"MXN00030259","1975-06","18.7667","-96.7667","395.9","SAN JOSE DE ABAJO, MX","1294.2","m","263.4",",m","12",",m","10",",m","4",",m","0",",m","0",",m","0",",m","30",",m","18",",m","20.0",",m,14,","97.8",",,m,10,","37.8",",m,06,","6.9","m","0.0",",m","310.4",",,,m","27.11",",m","32.80",",,,m","21.42",",,,m"
"MXN00030259","1975-07","18.7667","-96.7667","395.9","SAN JOSE DE ABAJO, MX","1502.1","m","207.9",",m","18",",m","17",",m","5",",m","0",",m","0",",m","0",",m","31",",m","6",",m","17.8",",m,29,+","51.8",",,m,31,","33.3",",m,23,","0.0","m","0.0",",m","338.2",",,,m","25.04",",m","30.78",",,,m","19.30",",,,m"
"MXN00030259","1975-08","18.7667","-96.7667","395.9","SAN JOSE DE ABAJO, MX","1729.8","m","227.7",",m","12",",m","12",",m","2",",m","0",",m","0",",m","0",",m","31",",m","6",",m","18.9",",m,31,+","41.9",",,m,28,","32.8",",m,22,+","0.0","m","0.0",",m","192.0",",,,m","25.68",",m","31.36",",,,m","20.00",",,,m"
"MXN00030259","1975-09","18.7667","-96.7667","395.9","SAN JOSE DE ABAJO, MX","1905.8","m","176.0",",m","16",",m","16",",m","12",",m","0",",m","0",",m","0",",m","30",",m","1",",m","15.6",",m,25,","142.0",",,m,07,","32.8",",m,03,","0.0","m","0.0",",m","803.5",",,,m","24.20",",m","28.73",",,,m","19.67",",,,m"
"MXN00030259","1975-10","18.7667","-96.7667","395.9","SAN JOSE DE ABAJO, MX","2065.3","m","159.5",",m","12",",m","8",",m","0",",m","0",",m","0",",m","0",",m","31",",m","0",",m","15.0",",m,23,+","24.9",",,m,15,","30.6",",m,18,+","0.0","m","0.0",",m","98.9",",,,m","23.48",",m","28.78",",,,m","18.17",",,,m"
"MXN00030259","1975-11","18.7667","-96.7667","395.9","SAN JOSE DE ABAJO, MX","2198.8","m","133.5",",m","3",",m","0",",m","0",",m","0",",m","0",",m","0",",m","30",",m","2",",m","11.7",",m,17,","1.8",",,m,24,+","33.9",",m,30,+","0.0","m","0.0",",m","5.4",",,,m","22.78",",m","29.46",",,,m","16.10",",,,m"
"MXN00030259","1975-12","18.7667","-96.7667","395.9","SAN JOSE DE ABAJO, MX","2289.8","m","91.0",",m","8",",m","3",",m","0",",m","0",",m","0",",m","0",",m","31",",m","0",",m","11.7",",m,31,+","18.8",",,m,01,","30.6",",m,06,","0.0","m","0.0",",m","54.5",",,,m","21.27",",m","27.44",",,,m","15.10",",,,m"
"MXN00030259","1976-01","18.7667","-96.7667","395.9","SAN JOSE DE ABAJO, MX","20.6","m","20.6",",m","16",",m","5",",m","0",",m","0",",m","0",",m","0",",m","30",",m","0",",m","10.0",",m,28,+","10.9",",,m,21,","31.7",",m,25,","7.9","m","7.9",",m","35.4",",,,m","18.74",",m","25.33",",,,m","12.15",",,,m"
"MXN00030259","1976-02","18.7667","-96.7667","395.9","SAN JOSE DE ABAJO, MX","78.7","m","58.1",",m","5",",m","2",",m","0",",m","0",",m","0",",m","0",",m","28",",m","1",",m","6.7",",m,24,","5.8",",,m,21,+","33.9",",m,20,","22.5","m","14.6",",m","16.0",",,,m","19.83",",m","27.15",",,,m","12.51",",,,m"
"MXN00030259","1976-03","18.7667","-96.7667","395.9","SAN JOSE DE ABAJO, MX","276.1","m","197.4",",m","2",",m","2",",m","1",",m","0",",m","0",",m","0",",m","31",",m","12",",m","12.8",",m,03,","31.0",",,m,07,","37.8",",m,31,+","22.5","m","0.0",",m","50.8",",,,m","24.70",",m","31.99",",,,m","17.41",",,,m"
"MXN00030259","1976-04","18.7667","-96.7667","395.9","SAN JOSE DE ABAJO, MX","471.2","m","195.1",",m","7",",m","6",",m","2",",m","0",",m","0",",m","0",",m","30",",m","4",",m","11.7",",m,22,","86.9",",,m,25,","35.0",",m,25,","22.5","m","0.0",",m","175.1",",,,m","24.84",",m","30.99",",,,m","18.68",",,,m"
"MXN00030259","1976-06","18.7667","-96.7667","395.9","SAN JOSE DE ABAJO, MX","","","241.0",",m","19",",m","18",",m","6",",m","0",",m","0",",m","0",",m","30",",m","17",",m","18.9",",m,23,+","81.8",",,m,27,","35.6",",m,17,+","","","0.0",",m","456.8",",,,m","26.37",",m","32.35",",,,m","20.38",",,,m"
"MXN00030259","1976-07","18.7667","-96.7667","395.9","SAN JOSE DE ABAJO, MX","","","232.5",",m","21",",m","21",",m","10",",m","0",",m","0",",m","0",",m","31",",m","10",",m","17.8",",m,25,","101.9",",,m,09,","35.0",",m,17,","0.0","m","0.0",",m","625.8",",,,m","25.83",",m","31.26",",,,m","20.40",",,,m"
"MXN00030259","1976-08","18.7667","-96.7667","395.9","SAN JOSE DE ABAJO, MX","","","219.8",",m","13",",m","12",",m","2",",m","0",",m","0",",m","0",",m","31",",m","7",",m","17.8",",m,25,+","33.8",",,m,21,","33.9",",m,21,","0.0","m","0.0",",m","171.0",",,,m","25.42",",m","31.37",",,,m","19.47",",,,m"
"MXN00030259","1976-09","18.7667","-96.7667","395.9","SAN JOSE DE ABAJO, MX","","","214.6",",m","14",",m","12",",m","2",",m","0",",m","0",",m","0",",m","30",",m","4",",m","18.9",",m,11,+","62.0",",,m,01,","32.8",",m,30,+","0.0","m","0.0",",m","213.9",",,,m","25.49",",m","30.92",",,,m","20.05",",,,m"
"MXN00030259","1976-10","18.7667","-96.7667","395.9","SAN JOSE DE ABAJO, MX","","","151.1",",m","12",",m","9",",m","3",",m","0",",m","0",",m","0",",m","31",",m","4",",m","10.6",",m,26,+","33.8",",,m,18,","33.9",",m,01,","0.0","m","0.0",",m","149.2",",,,m","23.21",",m","28.50",",,,m","17.91",",,,m"
"MXN00030259","1976-11","18.7667","-96.7667","395.9","SAN JOSE DE ABAJO, MX","","","48.6",",m","24",",m","9",",m","0",",m","0",",m","0",",m","0",",m","27",",m","0",",m","10.6",",m,25,+","18.8",",,m,09,","31.7",",m,28,","9.1","m","9.1",",m","96.4",",,,m","19.65",",m","25.25",",,,m","14.04",",,,m"
"MXN00030259","1976-12","18.7667","-96.7667","395.9","SAN JOSE DE ABAJO, MX","","","61.5",",m","26",",m","10",",m","0",",m","0",",m","0",",m","0",",m","31",",m","1",",m","11.7",",m,26,+","17.8",",,m,20,","35.6",",m,09,","9.1","m","0.0",",m","78.9",",,,m","20.32",",m","26.28",",,,m","14.36",",,,m"
"MXN00030259","1977-01","18.7667","-96.7667","395.9","SAN JOSE DE ABAJO, MX","27.2","","27.2",",m","9",",m","6",",m","0",",m","0",",m","0",",m","0",",m","23",",m","2",",m","6.7",",m,20,","15.0",",,m,14,","33.9",",m,08,","41.3","","32.2",",m","51.4",",,,m","18.17",",m","24.15",",,,m","12.20",",,,m"
"MXN00030259","1977-02","18.7667","-96.7667","395.9","SAN JOSE DE ABAJO, MX","90.9","","63.7",",m","9",",m","2",",m","0",",m","0",",m","0",",m","0",",m","25",",m","4",",m","11.7",",m,23,+","17.8",",,m,09,","37.8",",m,23,","47.8","","6.5",",m","31.7",",,,m","20.37",",m","26.31",",,,m","14.44",",,,m"
"MXN00030259","1977-03","18.7667","-96.7667","395.9","SAN JOSE DE ABAJO, MX","337.5","","246.6",",m","2",",m","2",",m","0",",m","0",",m","0",",m","0",",m","31",",m","17",",m","11.7",",m,02,","7.9",",,m,05,","38.9",",m,31,+","47.8","","0.0",",m","13.7",",,,m","26.29",",m","33.81",",,,m","18.77",",,,m"
"MXN00030259","1977-04","18.7667","-96.7667","395.9","SAN JOSE DE ABAJO, MX","505.1","","167.6",",m","6",",m","2",",m","1",",m","0",",m","0",",m","0",",m","29",",m","8",",m","10.6",",m,25,","47.8",",,m,22,","38.9",",m,03,+","52.7","","4.9",",m","55.8",",,,m","23.76",",m","30.54",",,,m","16.97",",,,m"
"MXN00030259","1977-05","18.7667","-96.7667","395.9","SAN JOSE DE ABAJO, MX","737.3","","232.2",",m","3",",m","3",",m","1",",m","0",",m","0",",m","0",",m","31",",m","8",",m","15.6",",m,03,","25.9",",,m,02,","33.9",",m,06,","52.7","","0.0",",m","49.5",",,,m","25.82",",m","31.30",",,,m","20.35",",,,m"
"MXN00030259","1977-06","18.7667","-96.7667","395.9","SAN JOSE DE ABAJO, MX","983.2","","245.9",",m","12",",m","8",",m","0",",m","0",",m","0",",m","0",",m","30",",m","13",",m","17.8",",m,02,","22.9",",,m,17,","35.6",",m,30,+","52.7","","0.0",",m","120.9",",,,m","26.53",",m","32.27",",,,m","20.79",",,,m"
"MXN00030259","1977-07","18.7667","-96.7667","395.9","SAN JOSE DE ABAJO, MX","1234.3","","251.1",",m","19",",m","17",",m","8",",m","0",",m","0",",m","0",",m","31",",m","20",",m","16.7",",m,17,+","67.8",",,m,05,","35.0",",m,17,","0.0","","0.0",",m","462.2",",,,m","26.43",",m","32.76",",,,m","20.10",",,,m"
"MXN00030259","1977-08","18.7667","-96.7667","395.9","SAN JOSE DE ABAJO, MX","1488.7","","254.4",",m","15",",m","14",",m","3",",m","0",",m","0",",m","0",",m","31",",m","25",",m","18.9",",m,24,+","41.9",",,m,28,","35.6",",m,31,","0.0","","0.0",",m","211.2",",,,m","26.54",",m","33.39",",,,m","19.69",",,,m"
