"STATION","DATE","LATITUDE","LONGITUDE","ELEVATION","NAME","CDSD","CDSD_ATTRIBUTES","CLDD","CLDD_ATTRIBUTES","DP01","DP01_ATTRIBUTES","DP10","DP10_ATTRIBUTES","DP1X","DP1X_ATTRIBUTES","DT00","DT00_ATTRIBUTES","DT32","DT32_ATTRIBUTES","DX32","DX32_ATTRIBUTES","DX70","DX70_ATTRIBUTES","DX90","DX90_ATTRIBUTES","EMNT","EMNT_ATTRIBUTES","EMXP","EMXP_ATTRIBUTES","EMXT","EMXT_ATTRIBUTES","HDSD","HDSD_ATTRIBUTES","HTDD","HTDD_ATTRIBUTES","PRCP","PRCP_ATTRIBUTES","TAVG","TAVG_ATTRIBUTES","TMAX","TMAX_ATTRIBUTES","TMIN","TMIN_ATTRIBUTES"
"MXN00020180","1970-01","17.0667","-96.7167","1567.9","VIVERO BENITO JUAREZ, MX","5.6","m","5.6",",m","1",",m","1",",m","0",",m","0",",m","0",",m","0",",m","30",",m","0",",m","5.0",",m,16,+","2.8",",,m,23,","28.9",",m,30,","","","45.5",",m","2.8",",,,m","17.05",",m","25.21",",,,m","8.88",",,,m"
"MXN00020180","1970-02","17.0667","-96.7167","1567.9","VIVERO BENITO JUAREZ, MX","9.6","m","4.0",",m","1",",m","0",",m","0",",m","0",",m","0",",m","0",",m","27",",m","0",",m","3.9",",m,04,","1.3",",,m,18,","30.0",",m,28,+","","","37.3",",m","1.3",",,,m","17.14",",m","27.18",",,,m","7.11",",,,m"
"MXN00020180","1970-03","17.0667","-96.7167","1567.9","VIVERO BENITO JUAREZ, MX","72.9","m","63.3",",m","0",",m","0",",m","0",",m","0",",m","0",",m","0",",m","31",",m","11",",m","5.6",",m,13,+","0.0",",,m,31,+","35.0",",m,30,","","","6.3",",m","0.0",",,,m","20.17",",m","30.71",",,,m","9.63",",,,m"
"MXN00020180","1970-04","17.0667","-96.7167","1567.9","VIVERO BENITO JUAREZ, MX","221.6","m","148.7",",m","1",",m","0",",m","0",",m","0",",m","0",",m","0",",m","30",",m","29",",m","9.4",",m,03,","1.8",",,m,04,","35.0",",m,30,+","","","0.0",",m","1.8",",,,m","23.29",",m","33.78",",,,m","12.80",",,,m"
"MXN00020180","1970-05","17.0667","-96.7167","1567.9","VIVERO BENITO JUAREZ, MX","303.9","m","82.3",",m","8",",m","2",",m","0",",m","0",",m","0",",m","0",",m","31",",m","11",",m","6.1",",m,07,","3.3",",,m,31,","35.0",",m,09,+","","","0.5",",m","16.9",",,,m","20.97",",m","30.79",",,,m","11.15",",,,m"
"MXN00020180","1970-06","17.0667","-96.7167","1567.9","VIVERO BENITO JUAREZ, MX","356.4","m","52.5","1,m","12",",m","11",",m","3",",m","0","1,m","0","1,m","0","1,m","29","1,m","1","1,m","10.6","1,m,27,+","35.3",",,m,16,","33.3","1,m,09,","","","1.6","1,m","175.0",",,,m","20.09","1,m","27.75","1,,,m","12.43","1,,,m"
"MXN00020180","1970-07","17.0667","-96.7167","1567.9","VIVERO BENITO JUAREZ, MX","397.5","m","41.1",",m","10",",m","7",",m","2",",m","0",",m","0",",m","0",",m","31",",m","0",",m","10.0",",m,09,","33.8",",,m,20,","29.4",",m,12,","0.3","m","0.3",",m","114.7",",,,m","19.65",",m","26.82",",,,m","12.48",",,,m"
"MXN00020180","1970-08","17.0667","-96.7167","1567.9","VIVERO BENITO JUAREZ, MX","443.7","m","46.2",",m","14",",m","11",",m","2",",m","0",",m","0",",m","0",",m","31",",m","0",",m","10.6",",m,27,+","37.8",",,m,30,","30.0",",m,24,","0.3","m","0.0",",m","142.3",",,,m","19.82",",m","26.95",",,,m","12.70",",,,m"
"MXN00020180","1970-09","17.0667","-96.7167","1567.9","VIVERO BENITO JUAREZ, MX","483.6","m","39.9",",m","13",",m","11",",m","1",",m","0",",m","0",",m","0",",m","30",",m","0",",m","10.6",",m,09,","37.8",",,m,01,","28.3",",m,16,","0.8","m","0.5",",m","137.8",",,,m","19.65",",m","25.56",",,,m","13.73",",,,m"
"MXN00020180","1970-10","17.0667","-96.7167","1567.9","VIVERO BENITO JUAREZ, MX","546.2","m","62.6",",m","3",",m","3",",m","1",",m","0",",m","0",",m","0",",m","31",",m","0",",m","11.7",",m,22,+","35.8",",,m,28,","30.0",",m,24,+","1.9","m","1.1",",m","51.5",",,,m","20.32",",m","26.94",",,,m","13.70",",,,m"
"MXN00020180","1970-11","17.0667","-96.7167","1567.9","VIVERO BENITO JUAREZ, MX","552.2","m","6.0",",m","1",",m","1",",m","0",",m","0",",m","0",",m","0",",m","26",",m","0",",m","0.6",",m,18,","11.4",",,m,02,","28.9",",m,11,","71.8","m","69.9",",m","11.4",",,,m","16.20",",m","24.14",",,,m","8.26",",,,m"
"MXN00020180","1970-12","17.0667","-96.7167","1567.9","VIVERO BENITO JUAREZ, MX","554.5","m","2.3",",m","0",",m","0",",m","0",",m","0",",m","0",",m","0",",m","30",",m","0",",m","4.4",",m,10,","0.0",",,m,31,+","28.9",",m,30,+","115.5","m","43.7",",m","0.0",",,,m","17.00",",m","25.68",",,,m","8.32",",,,m"
"MXN00020180","1971-01","17.0667","-96.7167","1567.9","VIVERO BENITO JUAREZ, MX","3.6","m","3.6",",m","1",",m","0",",m","0",",m","0",",m","0",",m","0",",m","31",",m","0",",m","3.9",",m,27,","1.3",",,m,10,","28.9",",m,17,+","152.0","m","36.5",",m","1.3",",,,m","17.27",",m","26.76",",,,m","7.78",",,,m"
"MXN00020180","1971-02","17.0667","-96.7167","1567.9","VIVERO BENITO JUAREZ, MX","8.3","m","4.7",",m","0",",m","0",",m","0",",m","0",",m","0",",m","0",",m","28",",m","0",",m","6.1",",m,15,","0.0",",,m,28,+","28.9",",m,28,+","165.5","m","13.5",",m","0.0",",,,m","18.02",",m","27.92",",,,m","8.11",",,,m"
"MXN00020180","1971-03","17.0667","-96.7167","1567.9","VIVERO BENITO JUAREZ, MX","33.2","m","24.9",",m","1",",m","1",",m","0",",m","0",",m","0",",m","0",",m","31",",m","0",",m","7.8",",m,02,","9.4",",,m,25,","29.4",",m,29,+","166.0","m","0.5",",m","9.4",",,,m","19.12",",m","28.79",",,,m","9.45",",,,m"
"MXN00020180","1971-04","17.0667","-96.7167","1567.9","VIVERO BENITO JUAREZ, MX","84.8","m","51.6",",m","1",",m","0",",m","0",",m","0",",m","0",",m","0",",m","30",",m","4",",m","3.9",",m,11,","1.3",",,m,04,","35.0",",m,27,+","171.0","m","5.0",",m","1.3",",,,m","19.89",",m","29.84",",,,m","9.94",",,,m"
"MXN00020180","1971-05","17.0667","-96.7167","1567.9","VIVERO BENITO JUAREZ, MX","239.3","m","154.5",",m","2",",m","2",",m","1",",m","0",",m","0",",m","0",",m","31",",m","21",",m","11.1",",m,14,+","47.8",",,m,29,","38.9",",m,26,","171.0","m","0.0",",m","51.1",",,,m","23.32",",m","33.08",",,,m","13.55",",,,m"
"MXN00020180","1971-06","17.0667","-96.7167","1567.9","VIVERO BENITO JUAREZ, MX","330.8","m","91.5",",m","19",",m","6",",m","0",",m","0",",m","0",",m","0",",m","30",",m","3",",m","10.6",",m,27,+","13.5",",,m,28,","38.9",",m,27,","171.0","m","0.0",",m","61.0",",,,m","21.38",",m","30.74",",,,m","12.03",",,,m"
"MXN00020180","1971-07","17.0667","-96.7167","1567.9","VIVERO BENITO JUAREZ, MX","387.6","m","56.8",",m","6",",m","5",",m","0",",m","0",",m","0",",m","0",",m","31",",m","0",",m","10.6",",m,24,+","16.3",",,m,18,","30.6",",m,25,+","0.6","m","0.6",",m","34.9",",,,m","20.15",",m","28.16",",,,m","12.14",",,,m"
"MXN00020180","1971-08","17.0667","-96.7167","1567.9","VIVERO BENITO JUAREZ, MX","458.3","m","70.7",",m","14",",m","10",",m","0",",m","0",",m","0",",m","0",",m","31",",m","0",",m","10.6",",m,20,","24.4",",,m,31,","30.0",",m,23,+","0.6","m","0.0",",m","106.6",",,,m","20.61",",m","27.85",",,,m","13.38",",,,m"
"MXN00020180","1971-09","17.0667","-96.7167","1567.9","VIVERO BENITO JUAREZ, MX","508.7","m","50.4",",m","17",",m","12",",m","2",",m","0",",m","0",",m","0",",m","30",",m","0",",m","11.7",",m,15,","57.9",",,m,06,","28.9",",m,17,+","0.6","m","0.0",",m","209.6",",,,m","20.01",",m","26.13",",,,m","13.89",",,,m"
"MXN00020180","1971-10","17.0667","-96.7167","1567.9","VIVERO BENITO JUAREZ, MX","573.0","m","64.3",",m","8",",m","6",",m","1",",m","0",",m","0",",m","0",",m","31",",m","0",",m","10.0",",m,29,","27.9",",,m,03,","29.4",",m,12,","0.9","m","0.3",",m","80.6",",,,m","20.40",",m","26.73",",,,m","14.06",",,,m"
"MXN00020180","1971-11","17.0667","-96.7167","1567.9","VIVERO BENITO JUAREZ, MX","590.1","m","17.1",",m","1",",m","0",",m","0",",m","0",",m","0",",m","0",",m","30",",m","0",",m","5.6",",m,15,","2.3",",,m,30,","27.8",",m,28,+","17.5","m","16.6",",m","2.3",",,,m","18.35",",m","25.97",",,,m","10.73",",,,m"
"MXN00020180","1971-12","17.0667","-96.7167","1567.9","VIVERO BENITO JUAREZ, MX","600.5","m","10.4",",m","0",",m","0",",m","0",",m","0",",m","0",",m","0",",m","31",",m","0",",m","3.9",",m,24,","0.0",",,m,31,+","28.3",",m,14,+","48.6","m","31.1",",m","0.0",",,,m","17.67",",m","25.51",",,,m","9.82",",,,m"
"MXN00020180","1972-01","17.0667","-96.7167","1567.9","VIVERO BENITO JUAREZ, MX","1.7","m","1.7",",m","0",",m","0",",m","0",",m","0",",m","0",",m","0",",m","31",",m","0",",m","3.9",",m,17,","0.0",",,m,31,+","28.9",",m,24,","92.5","m","43.9",",m","0.0",",,,m","16.97",",m","26.05",",,,m","7.89",",,,m"
"MXN00020180","1972-02","17.0667","-96.7167","1567.9","VIVERO BENITO JUAREZ, MX","87.2","m","85.5",",m","2",",m","1",",m","0",",m","0",",m","0",",m","0",",m","28",",m","2",",m","10.0",",m,22,+","2.5",",,m,03,","32.8",",m,25,+","100.4","m","7.9",",m","3.3",",,,m","21.01",",m","27.68",",,,m","14.33",",,,m"
"MXN00020180","1972-03","17.0667","-96.7167","1567.9","VIVERO BENITO JUAREZ, MX","156.3","m","69.1",",m","3",",m","2",",m","0",",m","0",",m","0",",m","0",",m","31",",m","7",",m","8.3",",m,21,","8.4",",,m,04,","32.8",",m,27,+","100.4","m","0.0",",m","14.5",",,,m","20.56",",m","30.81",",,,m","10.31",",,,m"
"MXN00020180","1972-05","17.0667","-96.7167","1567.9","VIVERO BENITO JUAREZ, MX","","","154.1",",m","8",",m","7",",m","1",",m","0",",m","0",",m","0",",m","31",",m","18",",m","12.8",",m,26,+","39.4",",,m,03,","34.4",",m,24,","","","0.0",",m","80.9",",,,m","23.30",",m","31.93",",,,m","14.68",",,,m"
"MXN00020180","1972-06","17.0667","-96.7167","1567.9","VIVERO BENITO JUAREZ, MX","","","98.0",",m","20",",m","15",",m","4",",m","0",",m","0",",m","0",",m","30",",m","0",",m","13.3",",m,26,","66.3",",,m,11,","30.0",",m,30,+","","","0.0",",m","301.1",",,,m","21.60",",m","28.00",",,,m","15.20",",,,m"
"MXN00020180","1972-07","17.0667","-96.7167","1567.9","VIVERO BENITO JUAREZ, MX","","","104.5",",m","9",",m","5",",m","0",",m","0",",m","0",",m","0",",m","31",",m","0",",m","12.8",",m,07,","11.9",",,m,19,+","31.1",",m,17,+","0.0","m","0.0",",m","43.0",",,,m","21.70",",m","28.74",",,,m","14.67",",,,m"
"MXN00020180","1972-08","17.0667","-96.7167","1567.9","VIVERO BENITO JUAREZ, MX","","","67.8","1,m","5",",m","3",",m","0",",m","0",",m","0",",m","0","1,m","30","1,m","0","1,m","11.7",",m,16,","19.8",",,m,01,","28.9","1,m,31,+","0.5","m","0.5","1,m","39.7",",,,m","20.53","1,m","26.77","1,,,m","14.29",",,,m"
"MXN00020180","1972-09","17.0667","-96.7167","1567.9","VIVERO BENITO JUAREZ, MX","","","76.7",",m","10",",m","9",",m","0",",m","0",",m","0",",m","0",",m","30",",m","0",",m","12.8",",m,20,+","19.8",",,m,07,","29.4",",m,10,+","0.5","m","0.0",",m","102.9",",,,m","20.89",",m","27.32",",,,m","14.46",",,,m"
"MXN00020180","1972-10","17.0667","-96.7167","1567.9","VIVERO BENITO JUAREZ, MX","","","65.8",",m","1",",m","1",",m","0",",m","0",",m","0",",m","0",",m","31",",m","0",",m","10.6",",m,06,","4.3",",,m,26,","29.4",",m,30,","0.5","m","0.0",",m","4.3",",,,m","20.45",",m","27.80",",,,m","13.11",",,,m"
"MXN00020180","1972-11","17.0667","-96.7167","1567.9","VIVERO BENITO JUAREZ, MX","","","63.6",",m","4",",m","4",",m","1",",m","0",",m","0",",m","0",",m","30",",m","0",",m","10.6",",m,17,","26.4",",,m,15,","28.9",",m,30,+","0.5","m","0.0",",m","42.4",",,,m","20.45",",m","27.95",",,,m","12.95",",,,m"
"MXN00020180","1972-12","17.0667","-96.7167","1567.9","VIVERO BENITO JUAREZ, MX","","","42.4",",m","1",",m","0",",m","0",",m","0",",m","0",",m","0",",m","31",",m","0",",m","3.9",",m,17,","0.8",",,m,17,","28.3",",m,13,+","6.3","m","5.8",",m","0.8",",,,m","19.51",",m","27.32",",,,m","11.71",",,,m"
"MXN00020180","1973-01","17.0667","-96.7167","1567.9","VIVERO BENITO JUAREZ, MX","12.7","m","12.7",",m","0",",m","0",",m","0",",m","0",",m","0",",m","0",",m","30",",m","0",",m","1.1",",m,30,","0.0",",,m,31,+","28.9",",m,07,","59.7","m","53.4",",m","0.0",",,,m","17.02",",m","26.00",",,,m","8.04",",,,m"
"MXN00020180","1973-02","17.0667","-96.7167","1567.9","VIVERO BENITO JUAREZ, MX","35.9","m","23.2","1,m","0",",m","0",",m","0",",m","0","1,m","0","1,m","0","1,m","27","1,m","0","1,m","5.0","1,m,01,","0.0",",,m,28,+","28.9","1,m,23,+","66.0","m","6.3","1,m","0.0",",,,m","18.96","1,m","27.13","1,,,m","10.79","1,,,m"
"MXN00020180","1973-03","17.0667","-96.7167","1567.9","VIVERO BENITO JUAREZ, MX","92.1","m","56.2",",m","1",",m","1",",m","0",",m","0",",m","0",",m","0",",m","31",",m","0",",m","10.0",",m,31,+","11.4",",,m,19,","31.7",",m,26,+","66.0","m","0.0",",m","11.4",",,,m","20.15",",m","28.94",",,,m","11.36",",,,m"
"MXN00020180","1973-04","17.0667","-96.7167","1567.9","VIVERO BENITO JUAREZ, MX","242.7","m","150.6",",m","3",",m","2",",m","0",",m","0",",m","0",",m","0",",m","30",",m","17",",m","11.1",",m,28,+","19.3",",,m,17,","36.7",",m,07,","66.0","m","0.0",",m","27.4",",,,m","23.35",",m","32.67",",,,m","14.03",",,,m"
"MXN00020180","1973-05","17.0667","-96.7167","1567.9","VIVERO BENITO JUAREZ, MX","395.8","m","153.1",",m","2",",m","1",",m","0",",m","0",",m","0",",m","0",",m","31",",m","14",",m","12.8",",m,23,+","16.8",",,m,17,","35.6",",m,26,","66.0","m","0.0",",m","18.1",",,,m","23.27",",m","32.04",",,,m","14.50",",,,m"
"MXN00020180","1973-06","17.0667","-96.7167","1567.9","VIVERO BENITO JUAREZ, MX","487.4","m","91.6",",m","11",",m","7",",m","1",",m","0",",m","0",",m","0",",m","29",",m","0",",m","11.1",",m,02,","34.8",",,m,15,","31.7",",m,14,+","66.5","m","0.5",",m","117.8",",,,m","21.37",",m","28.88",",,,m","13.86",",,,m"
"MXN00020180","1973-07","17.0667","-96.7167","1567.9","VIVERO BENITO JUAREZ, MX","588.3","m","100.9",",m","12",",m","9",",m","0",",m","0",",m","0",",m","0",",m","30",",m","1",",m","10.6",",m,11,","24.4",",,m,01,","32.2",",m,08,","2.2","m","2.2",",m","98.6",",,,m","21.51",",m","29.08",",,,m","13.95",",,,m"
"MXN00020180","1973-08","17.0667","-96.7167","1567.9","VIVERO BENITO JUAREZ, MX","669.7","m","81.4",",m","15",",m","10",",m","1",",m","0",",m","0",",m","0",",m","31",",m","0",",m","12.8",",m,21,+","62.0",",,m,16,","30.6",",m,13,+","3.3","m","1.1",",m","142.5",",,,m","20.92",",m","27.71",",,,m","14.14",",,,m"
"MXN00020180","1973-11","17.0667","-96.7167","1567.9","VIVERO BENITO JUAREZ, MX","","","24.2",",m","0",",m","0",",m","0",",m","0",",m","0",",m","0",",m","29",",m","0",",m","5.6",",m,30,","0.0",",,m,30,+","28.3",",m,04,+","","","11.3",",m","0.0",",,,m","18.76",",m","25.42",",,,m","12.11",",,,m"
"MXN00020180","1973-12","17.0667","-96.7167","1567.9","VIVERO BENITO JUAREZ, MX","","","0.3",",m","0",",m","0",",m","0",",m","0",",m","0",",m","0",",m","30",",m","0",",m","1.7",",m,03,","0.0",",,m,31,+","27.8",",m,26,+","","","80.3",",m","0.0",",,,m","15.75",",m","24.92",",,,m","6.58",",,,m"
"MXN00020180","1974-01","17.0667","-96.7167","1567.9","VIVERO BENITO JUAREZ, MX","14.6","","14.6",",m","0",",m","0",",m","0",",m","0",",m","0",",m","0",",m","30",",m","0",",m","2.8",",m,02,","0.0",",,m,31,+","29.4",",m,31,","","","23.8",",m","0.0",",,,m","18.04",",m","26.58",",,,m","9.49",",,,m"
"MXN00020180","1974-02","17.0667","-96.7167","1567.9","VIVERO BENITO JUAREZ, MX","24.9","","10.3",",m","0",",m","0",",m","0",",m","0",",m","0",",m","0",",m","28",",m","0",",m","3.3",",m,11,","0.0",",,m,28,+","29.4",",m,03,","","","40.1",",m","0.0",",,,m","17.27",",m","26.68",",,,m","7.86",",,,m"
"MXN00020180","1974-03","17.0667","-96.7167","1567.9","VIVERO BENITO JUAREZ, MX","61.3","","36.4",",m","5",",m","4",",m","0",",m","0",",m","0",",m","0",",m","31",",m","0",",m","6.1",",m,04,","5.8",",,m,14,","30.6",",m,25,","","","5.5",",m","16.0",",,,m","19.33",",m","28.38",",,,m","10.28",",,,m"
"MXN00020180","1974-04","17.0667","-96.7167","1567.9","VIVERO BENITO JUAREZ, MX","137.1","","75.8",",m","3",",m","3",",m","2",",m","0",",m","0",",m","0",",m","30",",m","3",",m","7.8",",m,06,","39.4",",,m,11,","32.8",",m,10,","","","0.3",",m","69.1",",,,m","20.85",",m","29.95",",,,m","11.76",",,,m"
"MXN00020180","1974-05","17.0667","-96.7167","1567.9","VIVERO BENITO JUAREZ, MX","238.3","","101.2",",m","7",",m","7",",m","1",",m","0",",m","0",",m","0",",m","31",",m","5",",m","10.0",",m,29,+","40.4",",,m,28,","36.7",",m,11,","","","0.2",",m","97.1",",,,m","21.59",",m","29.73",",,,m","13.45",",,,m"
"MXN00020180","1974-06","17.0667","-96.7167","1567.9","VIVERO BENITO JUAREZ, MX","292.6","","54.3",",m","10",",m","9",",m","1",",m","0",",m","0",",m","0",",m","30",",m","1",",m","9.4",",m,18,+","39.4",",,m,16,","32.8",",m,06,","","","7.0",",m","127.2",",,,m","19.91",",m","26.81",",,,m","13.02",",,,m"
"MXN00020180","1974-07","17.0667","-96.7167","1567.9","VIVERO BENITO JUAREZ, MX","361.7","","69.1",",m","11",",m","8",",m","1",",m","0",",m","0",",m","0",",m","31",",m","0",",m","10.0",",m,16,","26.9",",,m,15,","31.1",",m,18,","0.5","","0.5",",m","77.2",",,,m","20.54",",m","27.66",",,,m","13.42",",,,m"
"MXN00020180","1974-08","17.0667","-96.7167","1567.9","VIVERO BENITO JUAREZ, MX","415.4","","53.7",",m","11",",m","4",",m","1",",m","0",",m","0",",m","0",",m","31",",m","0",",m","11.7",",m,28,","27.9",",,m,10,","28.9",",m,02,","0.5","","0.0",",m","48.7",",,,m","20.06",",m","26.54",",,,m","13.59",",,,m"
"MXN00020180","1976-02","17.0667","-96.7167","1567.9","VIVERO BENITO JUAREZ, MX","","","136.2",",m","1",",m","1",",m","0",",m","0",",m","0",",m","0",",m","29",",m","0",",m","15.6",",m,22,+","4.8",",,m,05,","30.6",",m,28,+","","","0.0",",m","4.8",",,,m","23.03",",m","28.11",",,,m","17.95",",,,m"
"MXN00020180","1978-04","17.0667","-96.7167","1567.9","VIVERO BENITO JUAREZ, MX","","","173.0",",m","3",",m","2",",m","0",",m","0",",m","0",",m","0",",m","30",",m","22",",m","10.6",",m,27,","14.0",",,m,14,","35.6",",m,22,+","","","0.0",",m","20.6",",,,m","24.10",",m","33.05",",,,m","15.15",",,,m"
"MXN00020180","1978-05","17.0667","-96.7167","1567.9","VIVERO BENITO JUAREZ, MX","","","177.4",",m","4",",m","3",",m","2",",m","0",",m","0",",m","0",",m","31",",m","16",",m","13.9",",m,17,+","47.0",",,m,31,","35.6",",m,08,+","","","0.0",",m","93.5",",,,m","24.06",",m","31.90",",,,m","16.21",",,,m"
