"STATION","DATE","LATITUDE","LONGITUDE","ELEVATION","NAME","CDSD","CDSD_ATTRIBUTES","CLDD","CLDD_ATTRIBUTES","DP01","DP01_ATTRIBUTES","DP10","DP10_ATTRIBUTES","DP1X","DP1X_ATTRIBUTES","DT00","DT00_ATTRIBUTES","DT32","DT32_ATTRIBUTES","DX32","DX32_ATTRIBUTES","DX70","DX70_ATTRIBUTES","DX90","DX90_ATTRIBUTES","EMNT","EMNT_ATTRIBUTES","EMXP","EMXP_ATTRIBUTES","EMXT","EMXT_ATTRIBUTES","HDSD","HDSD_ATTRIBUTES","HTDD","HTDD_ATTRIBUTES","PRCP","PRCP_ATTRIBUTES","TAVG","TAVG_ATTRIBUTES","TMAX","TMAX_ATTRIBUTES","TMIN","TMIN_ATTRIBUTES"
"MXN00025174","1978-09","26.35","-108.5833","98.8","HOYANCOS, MX","","","310.7",",m","13",",m","9",",m","1",",m","0",",m","0",",m","0",",m","30",",m","20",",m","22.8",",m,28,+","27.9",",,m,10,","37.2",",m,22,","","","0.0",",m","135.5",",,,m","28.69",",m","33.13",",,,m","24.25",",,,m"
"MXN00025174","1978-10","26.35","-108.5833","98.8","HOYANCOS, MX","","","278.2",",m","5",",m","3",",m","2",",m","0",",m","0",",m","0",",m","31",",m","18",",m","17.8",",m,28,+","59.9",",,m,04,","35.6",",m,18,+","","","0.0",",m","114.9",",,,m","27.31",",m","32.48",",,,m","22.14",",,,m"
"MXN00025174","1978-11","26.35","-108.5833","98.8","HOYANCOS, MX","","","159.3",",m","0",",m","0",",m","0",",m","0",",m","0",",m","0",",m","30",",m","6",",m","12.8",",m,29,+","0.0",",,m,30,+","35.0",",m,02,+","","","0.0",",m","0.0",",,,m","23.64",",m","30.68",",,,m","16.60",",,,m"
"MXN00025174","1978-12","26.35","-108.5833","98.8","HOYANCOS, MX","","","62.0",",m","1",",m","1",",m","1",",m","0",",m","0",",m","0",",m","31",",m","0",",m","5.0",",m,09,","37.3",",,m,30,","30.6",",m,17,+","","","12.0",",m","37.3",",,,m","19.95",",m","27.46",",,,m","12.43",",,,m"
"MXN00025174","1980-09","26.35","-108.5833","98.8","HOYANCOS, MX","","","331.7",",m","11",",m","6",",m","0",",m","0",",m","0",",m","0",",m","30",",m","28",",m","20.0",",m,02,","22.9",",,m,05,","39.4",",m,17,","","","0.0",",m","66.9",",,,m","29.39",",m","35.67",",,,m","23.10",",,,m"
"MXN00025174","1980-10","26.35","-108.5833","98.8","HOYANCOS, MX","","","234.9",",m","3",",m","3",",m","0",",m","0",",m","0",",m","0",",m","31",",m","26",",m","10.0",",m,24,","23.9",",,m,09,","40.0",",m,07,","","","0.0",",m","36.1",",,,m","25.91",",m","34.64",",,,m","17.18",",,,m"
"MXN00025174","1980-11","26.35","-108.5833","98.8","HOYANCOS, MX","","","71.7",",m","1",",m","0",",m","0",",m","0",",m","1",",m","0",",m","30",",m","15",",m","0.0",",m,27,","0.3",",,m,15,","38.3",",m,04,","","","20.1",",m","0.3",",,,m","20.06",",m","32.54",",,,m","7.57",",,,m"
"MXN00025174","1980-12","26.35","-108.5833","98.8","HOYANCOS, MX","","","32.1",",m","3",",m","3",",m","0",",m","0",",m","0",",m","0",",m","31",",m","15",",m","1.7",",m,01,","11.9",",,m,07,","35.0",",m,01,","","","7.7",",m","26.2",",,,m","19.12",",m","31.38",",,,m","6.86",",,,m"
"MXN00025174","1981-01","26.35","-108.5833","98.8","HOYANCOS, MX","10.2","m","10.2","1,m","8",",m","6",",m","2",",m","0","1,m","0","1,m","0","1,m","29","1,m","1","1,m","2.8","1,m,02,","39.9",",,m,08,","32.2","1,m,01,","","","39.7","1,m","142.4",",,,m","17.35","1,m","27.06","1,,,m","7.64","1,,,m"
"MXN00025174","1981-02","26.35","-108.5833","98.8","HOYANCOS, MX","37.0","m","26.8","5,m","4",",m","0",",m","0",",m","0","5,m","0","5,m","0","5,m","23","5,m","9","5,m","1.7","5,m,02,+","1.8",",,m,28,","35.0","5,m,15,","","","19.6","5,m","4.2",",,,m","18.65","5,m","30.43","5,,,m","6.87","5,,,m"
"MXN00025174","1981-03","26.35","-108.5833","98.8","HOYANCOS, MX","59.7","m","22.7","1,m","2",",m","2",",m","0",",m","0","1,m","0","1,m","0","1,m","30","1,m","10","1,m","2.8","1,m,22,","18.8",",,m,02,","35.6","1,m,26,+","","","10.3","1,m","23.6",",,,m","18.75","1,m","30.29","1,,,m","7.21","1,,,m"
"MXN00025174","1981-04","26.35","-108.5833","98.8","HOYANCOS, MX","","","","","1",",m","1",",m","0",",m","","","","","","","","","","","","","8.9",",,m,02,","","","","","","","8.9",",,,m","","","","","",""
"MXN00025174","1981-05","26.35","-108.5833","98.8","HOYANCOS, MX","","","340.0",",m","4",",m","3",",m","0",",m","0",",m","0",",m","0",",m","31",",m","30",",m","11.7",",m,05,+","4.8",",,m,27,","42.8",",m,26,","","","0.0",",m","11.4",",,,m","29.30",",m","38.52",",,,m","20.08",",,,m"
"MXN00025174","1981-07","26.35","-108.5833","98.8","HOYANCOS, MX","","","345.7","1,m","14",",m","9",",m","4",",m","0","1,m","0","1,m","0","1,m","30","1,m","27","1,m","20.0","1,m,11,","80.8",",,m,28,","40.6","1,m,04,","0.0","m","0.0","1,m","287.4",",,,m","29.86","1,m","36.51","1,,,m","23.20","1,,,m"
"MXN00025174","1981-08","26.35","-108.5833","98.8","HOYANCOS, MX","","","360.0",",m","10",",m","9",",m","1",",m","0",",m","0",",m","0",",m","31",",m","30",",m","21.1",",m,14,","36.3",",,m,17,","40.6",",m,28,+","0.0","m","0.0",",m","134.0",",,,m","29.95",",m","36.88",",,,m","23.01",",,,m"
"MXN00025174","1981-09","26.35","-108.5833","98.8","HOYANCOS, MX","","","302.3",",m","12",",m","7",",m","1",",m","0",",m","0",",m","0",",m","30",",m","28",",m","17.8",",m,28,","50.8",",,m,21,","39.4",",m,14,","0.0","m","0.0",",m","159.2",",,,m","28.41",",m","35.74",",,,m","21.08",",,,m"
"MXN00025174","1981-10","26.35","-108.5833","98.8","HOYANCOS, MX","","","212.7",",m","4",",m","1",",m","1",",m","0",",m","0",",m","0",",m","31",",m","27",",m","11.7",",m,31,+","69.9",",,m,07,","36.1",",m,01,","0.0","m","0.0",",m","73.3",",,,m","25.19",",m","34.03",",,,m","16.36",",,,m"
"MXN00025174","1981-11","26.35","-108.5833","98.8","HOYANCOS, MX","","","83.0",",m","0",",m","0",",m","0",",m","0",",m","0",",m","0",",m","30",",m","23",",m","5.0",",m,24,+","0.0",",,m,30,+","36.1",",m,05,","0.0","m","0.0",",m","0.0",",,,m","21.10",",m","33.55",",,,m","8.65",",,,m"
"MXN00025174","1981-12","26.35","-108.5833","98.8","HOYANCOS, MX","","","11.5",",m","0",",m","0",",m","0",",m","0",",m","0",",m","0",",m","31",",m","7",",m","0.6",",m,31,","0.0",",,m,31,+","35.0",",m,08,","41.7","m","41.7",",m","0.0",",,,m","17.36",",m","30.51",",,,m","4.21",",,,m"
"MXN00025174","1982-01","26.35","-108.5833","98.8","HOYANCOS, MX","4.8","m","4.8",",m","2",",m","1",",m","0",",m","0",",m","2",",m","0",",m","31",",m","3",",m","0.0",",m,31,+","3.3",",,m,11,","33.9",",m,26,","109.3","m","67.6",",m","5.1",",,,m","16.31",",m","29.22",",,,m","3.40",",,,m"
"MXN00025174","1982-02","26.35","-108.5833","98.8","HOYANCOS, MX","36.3","m","31.5",",m","0",",m","0",",m","0",",m","0",",m","3",",m","0",",m","28",",m","15",",m","0.0",",m,03,+","0.0",",,m,28,+","37.2",",m,25,","132.5","m","23.2",",m","0.0",",,,m","18.63",",m","32.75",",,,m","4.51",",,,m"
"MXN00025174","1982-03","26.35","-108.5833","98.8","HOYANCOS, MX","116.8","m","80.5",",m","0",",m","0",",m","0",",m","0",",m","0",",m","0",",m","31",",m","29",",m","2.8",",m,07,","0.0",",,m,31,+","37.8",",m,13,","132.5","m","0.0",",m","0.0",",,,m","20.93",",m","34.93",",,,m","6.93",",,,m"
"MXN00025174","1982-04","26.35","-108.5833","98.8","HOYANCOS, MX","292.1","m","175.3",",m","0",",m","0",",m","0",",m","0",",m","0",",m","0",",m","30",",m","29",",m","5.0",",m,01,","0.0",",,m,30,+","41.7",",m,20,+","132.5","m","0.0",",m","0.0",",,,m","24.18",",m","38.76",",,,m","9.60",",,,m"
"MXN00025174","1982-05","26.35","-108.5833","98.8","HOYANCOS, MX","491.8","m","199.7",",m","0",",m","0",",m","0",",m","0",",m","0",",m","0",",m","31",",m","31",",m","6.7",",m,18,","0.0",",,m,31,+","42.2",",m,21,","132.5","m","0.0",",m","0.0",",,,m","24.78",",m","38.44",",,,m","11.11",",,,m"
"MXN00025174","1982-06","26.35","-108.5833","98.8","HOYANCOS, MX","829.2","m","337.4",",m","0",",m","0",",m","0",",m","0",",m","0",",m","0",",m","30",",m","30",",m","15.0",",m,26,+","0.0",",,m,30,+","45.0",",m,25,","132.5","m","0.0",",m","0.0",",,,m","29.58",",m","41.94",",,,m","17.21",",,,m"
"MXN00025174","1982-07","26.35","-108.5833","98.8","HOYANCOS, MX","1163.9","m","334.7","1,m","10","1,m","9","1,m","3","1,m","0","1,m","0","1,m","0","1,m","30","1,m","29","1,m","21.1","1,m,30,","79.0","1,,m,19,","40.0","1,m,04,+","0.0","m","0.0","1,m","250.4","1,,,m","29.49","1,m","36.31","1,,,m","22.67","1,,,m"
"MXN00025174","1982-08","26.35","-108.5833","98.8","HOYANCOS, MX","1401.4","m","237.5",",m","4",",m","4",",m","0",",m","0",",m","0",",m","0",",m","31",",m","29",",m","13.9",",m,22,+","15.7",",,m,18,","38.3",",m,06,","0.0","m","0.0",",m","35.3",",,,m","25.99",",m","35.16",",,,m","16.83",",,,m"
"MXN00025174","1982-09","26.35","-108.5833","98.8","HOYANCOS, MX","1734.5","m","333.1",",m","7",",m","5",",m","2",",m","0",",m","0",",m","0",",m","30",",m","27",",m","16.7",",m,16,","88.9",",,m,29,","45.6",",m,21,","0.0","m","0.0",",m","143.4",",,,m","29.44",",m","37.48",",,,m","21.39",",,,m"
"MXN00025174","1982-10","26.35","-108.5833","98.8","HOYANCOS, MX","1922.9","m","188.4",",m","0",",m","0",",m","0",",m","0",",m","0",",m","0",",m","31",",m","31",",m","8.9",",m,13,","0.0",",,m,31,+","37.8",",m,24,+","0.0","m","0.0",",m","0.0",",,,m","24.41",",m","35.65",",,,m","13.17",",,,m"
"MXN00025174","1982-11","26.35","-108.5833","98.8","HOYANCOS, MX","1970.7","m","47.8",",m","5",",m","4",",m","1",",m","0",",m","0",",m","0",",m","30",",m","14",",m","5.6",",m,12,+","63.0",",,m,25,","35.6",",m,13,+","4.0","m","4.0",",m","90.5",",,,m","19.79",",m","31.05",",,,m","8.53",",,,m"
"MXN00025174","1982-12","26.35","-108.5833","98.8","HOYANCOS, MX","1974.7","m","4.0",",m","8",",m","5",",m","1",",m","0",",m","0",",m","0",",m","29",",m","0",",m","0.6",",m,27,+","61.0",",,m,08,","30.0",",m,20,+","80.1","m","76.1",",m","88.8",",,,m","16.01",",m","26.38",",,,m","5.63",",,,m"
"MXN00025174","1983-01","26.35","-108.5833","98.8","HOYANCOS, MX","6.8","","6.8",",m","6",",m","3",",m","0",",m","0",",m","0",",m","0",",m","31",",m","0",",m","0.6",",m,23,","13.0",",,m,13,","30.0",",m,28,+","132.9","","52.8",",m","38.2",",,,m","16.85",",m","27.00",",,,m","6.70",",,,m"
"MXN00025174","1983-02","26.35","-108.5833","98.8","HOYANCOS, MX","8.0","","1.2",",m","3",",m","3",",m","0",",m","0",",m","0",",m","0",",m","28",",m","1",",m","2.2",",m,02,","13.0",",,m,25,","32.8",",m,19,","177.7","","44.8",",m","28.3",",,,m","16.78",",m","28.32",",,,m","5.23",",,,m"
"MXN00025174","1983-03","26.35","-108.5833","98.8","HOYANCOS, MX","27.1","","19.1",",m","4",",m","4",",m","2",",m","0",",m","0",",m","0",",m","31",",m","4",",m","0.6",",m,26,","52.8",",,m,03,","36.7",",m,31,","206.2","","28.5",",m","93.7",",,,m","18.03",",m","29.39",",,,m","6.68",",,,m"
"MXN00025174","1983-04","26.35","-108.5833","98.8","HOYANCOS, MX","103.5","","76.4",",m","2",",m","2",",m","0",",m","0",",m","0",",m","0",",m","30",",m","21",",m","3.9",",m,14,+","3.8",",,m,07,+","38.9",",m,30,","219.4","","13.2",",m","7.6",",,,m","20.44",",m","32.60",",,,m","8.27",",,,m"
"MXN00025174","1983-05","26.35","-108.5833","98.8","HOYANCOS, MX","314.9","","211.4",",m","2",",m","0",",m","0",",m","0",",m","0",",m","0",",m","31",",m","31",",m","5.6",",m,10,","1.8",",,m,30,","45.0",",m,27,","219.4","","0.0",",m","2.6",",,,m","25.15",",m","39.55",",,,m","10.76",",,,m"
"MXN00025174","1983-06","26.35","-108.5833","98.8","HOYANCOS, MX","648.7","","333.8",",m","1",",m","1",",m","0",",m","0",",m","0",",m","0",",m","30",",m","30",",m","10.0",",m,06,","7.9",",,m,22,","45.0",",m,20,+","219.4","","0.0",",m","7.9",",,,m","29.46",",m","41.90",",,,m","17.02",",,,m"
"MXN00025174","1983-07","26.35","-108.5833","98.8","HOYANCOS, MX","1025.5","","376.8",",m","13",",m","12",",m","3",",m","0",",m","0",",m","0",",m","31",",m","31",",m","15.0",",m,03,+","55.9",",,m,12,","43.3",",m,02,","0.0","","0.0",",m","234.1",",,,m","30.49",",m","38.83",",,,m","22.15",",,,m"
"MXN00025174","1983-08","26.35","-108.5833","98.8","HOYANCOS, MX","1025.5","","0.0","1,m","9",",m","4",",m","1",",m","0",",m","0",",m","0","1,m","25","1,m","0","1,m","0.6",",m,08,+","64.8",",,m,12,","28.9","1,m,07,","122.7","","122.7","1,m","110.4",",,,m","14.30","1,m","24.42","1,,,m","4.18",",,,m"
"MXN00025174","1983-09","26.35","-108.5833","98.8","HOYANCOS, MX","1347.6","","322.1","1,m","10",",m","9",",m","3",",m","0","1,m","0","1,m","0",",m","30",",m","29",",m","21.1","1,m,30,","79.0",",,m,19,","40.0",",m,04,+","122.7","","0.0",",m","250.4",",,,m","29.47","1,m","36.31",",,,m","22.62","1,,,m"
"MXN00025174","1983-10","26.35","-108.5833","98.8","HOYANCOS, MX","1585.1","","237.5",",m","4",",m","4",",m","0",",m","0",",m","0",",m","0",",m","31",",m","29",",m","13.9",",m,22,+","15.7",",,m,18,","38.3",",m,06,","122.7","","0.0",",m","35.3",",,,m","25.99",",m","35.16",",,,m","16.83",",,,m"
"MXN00025174","1983-11","26.35","-108.5833","98.8","HOYANCOS, MX","1661.4","","76.3",",m","5",",m","4",",m","0",",m","0",",m","0",",m","0",",m","29",",m","18",",m","0.6",",m,29,+","5.3",",,m,22,","35.0",",m,03,+","154.0","","31.3",",m","17.5",",,,m","19.83",",m","31.08",",,,m","8.59",",,,m"
"MXN00025174","1984-01","26.35","-108.5833","98.8","HOYANCOS, MX","0.0","m","0.0",",m","2",",m","1",",m","1",",m","0",",m","0",",m","0",",m","31",",m","0",",m","0.6",",m,26,+","52.8",",,m,28,","31.7",",m,28,","","","82.6",",m","53.6",",,,m","15.67",",m","28.27",",,,m","3.06",",,,m"
"MXN00025174","1984-02","26.35","-108.5833","98.8","HOYANCOS, MX","2.7","m","2.7",",m","0",",m","0",",m","0",",m","0",",m","0",",m","0",",m","29",",m","4",",m","0.6",",m,29,+","0.0",",,m,29,+","35.0",",m,29,","","","37.6",",m","0.0",",,,m","17.13",",m","30.40",",,,m","3.85",",,,m"
"MXN00025174","1984-03","26.35","-108.5833","98.8","HOYANCOS, MX","42.2","m","39.5",",m","0",",m","0",",m","0",",m","0",",m","0",",m","0",",m","31",",m","22",",m","0.6",",m,01,","0.0",",,m,31,+","36.7",",m,17,+","","","14.2",",m","0.0",",,,m","19.15",",m","33.78",",,,m","4.51",",,,m"
"MXN00025174","1984-04","26.35","-108.5833","98.8","HOYANCOS, MX","167.4","m","125.2",",m","1",",m","1",",m","0",",m","0",",m","0",",m","0",",m","30",",m","30",",m","5.0",",m,04,","7.4",",,m,06,","40.0",",m,15,","","","0.0",",m","7.4",",,,m","22.51",",m","36.15",",,,m","8.86",",,,m"
"MXN00025174","1984-05","26.35","-108.5833","98.8","HOYANCOS, MX","463.0","m","295.6",",m","3",",m","1",",m","0",",m","0",",m","0",",m","0",",m","31",",m","31",",m","6.7",",m,03,+","6.9",",,m,11,","45.0",",m,29,","","","0.0",",m","9.0",",,,m","27.87",",m","40.39",",,,m","15.34",",,,m"
"MXN00025174","1984-07","26.35","-108.5833","98.8","HOYANCOS, MX","","","313.9",",m","16",",m","16",",m","7",",m","0",",m","0",",m","0",",m","31",",m","30",",m","15.6",",m,01,","63.8",",,m,16,","37.2",",m,31,+","0.0","m","0.0",",m","367.1",",,,m","28.46",",m","35.32",",,,m","21.60",",,,m"
"MXN00025174","1984-08","26.35","-108.5833","98.8","HOYANCOS, MX","","","318.3",",m","14",",m","12",",m","1",",m","0",",m","0",",m","0",",m","31",",m","28",",m","20.6",",m,26,+","50.3",",,m,04,","37.8",",m,24,+","0.0","m","0.0",",m","145.4",",,,m","28.60",",m","35.24",",,,m","21.96",",,,m"
"MXN00025174","1984-09","26.35","-108.5833","98.8","HOYANCOS, MX","","","311.5","1,m","9",",m","4",",m","2",",m","0",",m","0",",m","0","1,m","29","1,m","29","1,m","18.9",",m,22,+","36.8",",,m,29,","41.7","1,m,05,","0.0","m","0.0","1,m","85.5",",,,m","29.06","1,m","37.59","1,,,m","20.54",",,,m"
"MXN00025174","1984-10","26.35","-108.5833","98.8","HOYANCOS, MX","","","176.1",",m","2",",m","2",",m","0",",m","0",",m","0",",m","0",",m","31",",m","25",",m","10.0",",m,31,+","22.9",",,m,25,","35.0",",m,20,+","0.0","m","0.0",",m","42.7",",,,m","24.01",",m","33.12",",,,m","14.91",",,,m"
"MXN00025174","1984-11","26.35","-108.5833","98.8","HOYANCOS, MX","","","48.3",",m","1",",m","1",",m","0",",m","0",",m","0",",m","0",",m","30",",m","17",",m","0.6",",m,28,+","4.8",",,m,23,","36.7",",m,07,","31.5","m","31.5",",m","4.8",",,,m","18.89",",m","31.37",",,,m","6.42",",,,m"
"MXN00025174","1984-12","26.35","-108.5833","98.8","HOYANCOS, MX","","","4.6",",m","6",",m","6",",m","3",",m","0",",m","0",",m","0",",m","27",",m","2",",m","1.7",",m,01,","40.9",",,m,12,","32.8",",m,09,","72.8","m","41.3",",m","154.7",",,,m","17.15",",m","27.24",",,,m","7.05",",,,m"
"MXN00025174","1985-01","26.35","-108.5833","98.8","HOYANCOS, MX","0.0","","0.0",",m","9",",m","4",",m","1",",m","0",",m","0",",m","0",",m","25",",m","0",",m","0.6",",m,08,+","64.8",",,m,12,","28.9",",m,07,","199.6","","126.8",",m","110.4",",,,m","14.24",",m","24.30",",,,m","4.18",",,,m"
"MXN00025174","1985-02","26.35","-108.5833","98.8","HOYANCOS, MX","9.3","","9.3",",m","2",",m","0",",m","0",",m","0",",m","0",",m","0",",m","27",",m","2",",m","0.6",",m,04,+","1.8",",,m,27,","34.4",",m,14,","256.8","","57.2",",m","2.6",",,,m","16.62",",m","28.31",",,,m","4.94",",,,m"
"MXN00025174","1985-03","26.35","-108.5833","98.8","HOYANCOS, MX","47.0","","37.7",",m","1",",m","1",",m","0",",m","0",",m","0",",m","0",",m","31",",m","14",",m","0.6",",m,13,","11.4",",,m,28,","36.7",",m,10,","272.5","","15.7",",m","11.4",",,,m","19.04",",m","31.21",",,,m","6.87",",,,m"
"MXN00025174","1985-04","26.35","-108.5833","98.8","HOYANCOS, MX","","","","","1",",m","1",",m","0",",m","","","","","","","","","","","","","3.3",",,m,08,","","","","","","","3.3",",,,m","","","","","",""
"MXN00025174","1985-05","26.35","-108.5833","98.8","HOYANCOS, MX","","","","","0",",m","0",",m","0",",m","","","","","","","","","","","","","0.0",",,m,31,+","","","","","","","0.0",",,,m","","","","","",""
"MXN00025174","1985-06","26.35","-108.5833","98.8","HOYANCOS, MX","","","355.8",",m","4",",m","4",",m","0",",m","0",",m","0",",m","0",",m","30",",m","30",",m","10.6",",m,05,","16.3",",,m,26,","42.8",",m,16,+","","","0.0",",m","38.9",",,,m","30.19",",m","40.63",",,,m","19.76",",,,m"
"MXN00025174","1985-07","26.35","-108.5833","98.8","HOYANCOS, MX","","","362.2",",m","15",",m","7",",m","1",",m","0",",m","0",",m","0",",m","31",",m","29",",m","18.9",",m,08,","48.8",",,m,07,","42.8",",m,02,+","0.0","","0.0",",m","91.3",",,,m","30.02",",m","37.51",",,,m","22.53",",,,m"
"MXN00025174","1985-08","26.35","-108.5833","98.8","HOYANCOS, MX","","","386.5",",m","11",",m","9",",m","2",",m","0",",m","0",",m","0",",m","31",",m","31",",m","20.6",",m,31,+","29.5",",,m,18,","43.3",",m,28,","0.0","","0.0",",m","107.8",",,,m","30.80",",m","38.47",",,,m","23.13",",,,m"
