"STATION","DATE","LATITUDE","LONGITUDE","ELEVATION","NAME","CDSD","CDSD_ATTRIBUTES","CLDD","CLDD_ATTRIBUTES","DP01","DP01_ATTRIBUTES","DP10","DP10_ATTRIBUTES","DP1X","DP1X_ATTRIBUTES","DT00","DT00_ATTRIBUTES","DT32","DT32_ATTRIBUTES","DX32","DX32_ATTRIBUTES","DX70","DX70_ATTRIBUTES","DX90","DX90_ATTRIBUTES","EMNT","EMNT_ATTRIBUTES","EMXP","EMXP_ATTRIBUTES","EMXT","EMXT_ATTRIBUTES","HDSD","HDSD_ATTRIBUTES","HTDD","HTDD_ATTRIBUTES","PRCP","PRCP_ATTRIBUTES","TAVG","TAVG_ATTRIBUTES","TMAX","TMAX_ATTRIBUTES","TMIN","TMIN_ATTRIBUTES"
"MXN00030273","1975-07","17.25","-94.5833","86.0","AGUSTIN MELGAR, MX","","","224.9",",m","19",",m","16",",m","3",",m","0",",m","0",",m","0",",m","31",",m","4",",m","20.0",",m,30,+","125.2",",,m,09,","33.9",",m,15,+","0.0","m","0.0",",m","333.9",",,,m","25.59",",m","30.22",",,,m","20.95",",,,m"
"MXN00030273","1975-08","17.25","-94.5833","86.0","AGUSTIN MELGAR, MX","","","218.9",",m","21",",m","20",",m","8",",m","0",",m","0",",m","0",",m","31",",m","2",",m","20.0",",m,31,+","78.0",",,m,18,","33.9",",m,30,","0.0","m","0.0",",m","577.1",",,,m","25.40",",m","29.73",",,,m","21.06",",,,m"
"MXN00030273","1975-09","17.25","-94.5833","86.0","AGUSTIN MELGAR, MX","","","180.7",",m","26",",m","21",",m","6",",m","0",",m","0",",m","0",",m","28",",m","2",",m","16.7",",m,25,","112.8",",,m,09,","33.9",",m,01,","0.0","m","0.0",",m","538.6",",,,m","24.36",",m","28.17",",,,m","20.54",",,,m"
"MXN00030273","1975-10","17.25","-94.5833","86.0","AGUSTIN MELGAR, MX","","","151.1",",m","19",",m","17",",m","9",",m","0",",m","0",",m","0",",m","30",",m","3",",m","15.0",",m,21,","111.8",",,m,10,","32.8",",m,24,+","0.0","m","0.0",",m","642.0",",,,m","23.21",",m","27.11",",,,m","19.31",",,,m"
"MXN00030273","1975-11","17.25","-94.5833","86.0","AGUSTIN MELGAR, MX","","","113.0","2,m","19",",m","11",",m","3",",m","0","1,m","0","1,m","0","1,m","26","1,m","1","1,m","13.9","1,m,17,","40.6",",,m,03,","33.9","1,m,09,","1.9","m","1.9","1,m","195.9",",,,m","22.22","2,m","26.22","1,,,m","18.23","1,,,m"
"MXN00030273","1975-12","17.25","-94.5833","86.0","AGUSTIN MELGAR, MX","","","68.1",",m","18",",m","9",",m","3",",m","0",",m","0",",m","0",",m","29",",m","0",",m","12.8",",m,23,","32.0",",,m,17,","31.7",",m,29,","4.3","m","2.4",",m","186.3",",,,m","20.45",",m","24.28",",,,m","16.63",",,,m"
"MXN00030273","1976-01","17.25","-94.5833","86.0","AGUSTIN MELGAR, MX","33.9","m","33.9",",m","19",",m","14",",m","5",",m","0",",m","0",",m","0",",m","15",",m","0",",m","11.7",",m,29,+","93.0",",,m,08,","31.7",",m,25,+","36.5","m","32.2",",m","382.1",",,,m","18.39",",m","22.39",",,,m","14.39",",,,m"
"MXN00030273","1976-02","17.25","-94.5833","86.0","AGUSTIN MELGAR, MX","94.4","m","60.5","2,m","12",",m","8",",m","0",",m","0","1,m","0","1,m","0","1,m","22","1,m","3","1,m","10.0","1,m,03,","24.1",",,m,26,","33.9","1,m,20,","50.2","m","13.7","1,m","117.5",",,,m","19.95","2,m","25.36","1,,,m","14.55","1,,,m"
"MXN00030273","1976-03","17.25","-94.5833","86.0","AGUSTIN MELGAR, MX","278.0","m","183.6",",m","8",",m","4",",m","1",",m","0",",m","0",",m","0",",m","31",",m","11",",m","10.6",",m,05,","37.8",",,m,31,","36.7",",m,29,","50.2","m","0.0",",m","72.7",",,,m","24.26",",m","31.25",",,,m","17.26",",,,m"
"MXN00030273","1976-04","17.25","-94.5833","86.0","AGUSTIN MELGAR, MX","493.0","m","215.0",",m","6",",m","2",",m","0",",m","0",",m","0",",m","0",",m","29",",m","16",",m","11.7",",m,12,","4.1",",,m,01,","36.7",",m,18,+","51.0","m","0.8",",m","8.8",",,,m","25.47",",m","31.93",",,,m","19.02",",,,m"
"MXN00030273","1976-05","17.25","-94.5833","86.0","AGUSTIN MELGAR, MX","750.5","m","257.5",",m","6",",m","4",",m","1",",m","0",",m","0",",m","0",",m","31",",m","18",",m","17.8",",m,07,","63.2",",,m,01,","37.8",",m,31,+","51.0","m","0.0",",m","108.7",",,,m","26.64",",m","32.98",",,,m","20.30",",,,m"
"MXN00030273","1976-06","17.25","-94.5833","86.0","AGUSTIN MELGAR, MX","994.3","m","243.8",",m","17",",m","13",",m","2",",m","0",",m","0",",m","0",",m","30",",m","12",",m","18.9",",m,22,","58.2",",,m,26,","38.9",",m,16,","51.0","m","0.0",",m","210.5",",,,m","26.46",",m","31.43",",,,m","21.49",",,,m"
"MXN00030273","1976-07","17.25","-94.5833","86.0","AGUSTIN MELGAR, MX","1212.4","m","218.1","1,m","25",",m","21",",m","6",",m","0",",m","0",",m","0","1,m","30","1,m","7","1,m","18.9",",m,25,","81.8",",,m,14,","35.6","1,m,13,","0.0","m","0.0","1,m","451.3",",,,m","25.61","1,m","30.89","1,,,m","20.33",",,,m"
"MXN00030273","1976-08","17.25","-94.5833","86.0","AGUSTIN MELGAR, MX","1424.8","m","212.4",",m","28",",m","24",",m","10",",m","0",",m","0",",m","0",",m","31",",m","1",",m","18.9",",m,08,+","64.8",",,m,07,","35.6",",m,21,","0.0","m","0.0",",m","587.5",",,,m","25.19",",m","30.09",",,,m","20.28",",,,m"
"MXN00030273","1976-09","17.25","-94.5833","86.0","AGUSTIN MELGAR, MX","1661.3","m","236.5",",m","23",",m","22",",m","10",",m","0",",m","0",",m","0",",m","30",",m","9",",m","18.9",",m,07,","99.8",",,m,06,","37.8",",m,25,","0.0","m","0.0",",m","681.2",",,,m","26.22",",m","31.26",",,,m","21.17",",,,m"
"MXN00030273","1976-10","17.25","-94.5833","86.0","AGUSTIN MELGAR, MX","1826.4","m","165.1","2,m","18",",m","12",",m","4",",m","0","1,m","0","1,m","0","1,m","28","1,m","4","1,m","15.0","1,m,10,","40.9",",,m,17,","33.9","1,m,05,+","1.4","m","1.4","1,m","248.1",",,,m","23.87","2,m","28.37","1,,,m","19.36","1,,,m"
"MXN00030273","1976-11","17.25","-94.5833","86.0","AGUSTIN MELGAR, MX","1884.4","m","58.0",",m","19",",m","19",",m","7",",m","0",",m","0",",m","0",",m","19",",m","2",",m","12.8",",m,30,+","69.9",",,m,28,","32.8",",m,29,+","8.7","m","7.3",",m","401.7",",,,m","20.03",",m","23.50",",,,m","16.55",",,,m"
"MXN00030273","1976-12","17.25","-94.5833","86.0","AGUSTIN MELGAR, MX","1905.5","m","21.1","2,m","26",",m","22",",m","3",",m","0","1,m","0","1,m","0","1,m","10","1,m","0","1,m","11.7","1,m,28,","33.8",",,m,02,","30.0","1,m,31,+","37.5","m","28.8","1,m","265.1",",,,m","18.06","2,m","21.54","1,,,m","14.58","1,,,m"
"MXN00030273","1977-01","17.25","-94.5833","86.0","AGUSTIN MELGAR, MX","25.3","m","25.3",",m","23",",m","9",",m","0",",m","0",",m","0",",m","0",",m","13",",m","1",",m","10.0",",m,22,+","19.8",",,m,09,","35.0",",m,28,","70.9","m","33.4",",m","106.7",",,,m","18.07",",m","21.70",",,,m","14.45",",,,m"
"MXN00030273","1977-02","17.25","-94.5833","86.0","AGUSTIN MELGAR, MX","71.7","m","46.4",",m","17",",m","13",",m","0",",m","0",",m","0",",m","0",",m","16",",m","4",",m","10.6",",m,18,","21.3",",,m,05,","35.0",",m,26,","81.1","m","10.2",",m","175.7",",,,m","19.63",",m","24.80",",,,m","14.45",",,,m"
"MXN00030273","1977-03","17.25","-94.5833","86.0","AGUSTIN MELGAR, MX","209.4","m","137.7",",m","5",",m","3",",m","0",",m","0",",m","0",",m","0",",m","28",",m","18",",m","11.7",",m,11,","19.8",",,m,21,+","36.7",",m,29,","84.6","m","3.5",",m","61.0",",,,m","22.66",",m","30.77",",,,m","14.55",",,,m"
"MXN00030273","1977-04","17.25","-94.5833","86.0","AGUSTIN MELGAR, MX","365.1","m","155.7",",m","8",",m","6",",m","0",",m","0",",m","0",",m","0",",m","29",",m","8",",m","15.0",",m,25,+","19.8",",,m,08,","36.7",",m,21,+","85.4","m","0.8",",m","65.2",",,,m","23.50",",m","29.78",",,,m","17.21",",,,m"
"MXN00030273","1977-05","17.25","-94.5833","86.0","AGUSTIN MELGAR, MX","656.0","m","290.9",",m","3",",m","2",",m","0",",m","0",",m","0",",m","0",",m","31",",m","30",",m","15.6",",m,06,+","19.8",",,m,30,","38.9",",m,20,+","85.4","m","0.0",",m","37.9",",,,m","27.72",",m","35.83",",,,m","19.60",",,,m"
"MXN00030273","1977-06","17.25","-94.5833","86.0","AGUSTIN MELGAR, MX","883.4","m","227.4",",m","15",",m","11",",m","0",",m","0",",m","0",",m","0",",m","30",",m","10",",m","17.8",",m,03,+","13.0",",,m,16,","35.6",",m,19,","85.4","m","0.0",",m","88.8",",,,m","25.91",",m","31.62",",,,m","20.21",",,,m"
"MXN00030273","1977-07","17.25","-94.5833","86.0","AGUSTIN MELGAR, MX","1101.9","m","218.5",",m","25",",m","21",",m","7",",m","0",",m","0",",m","0",",m","31",",m","1",",m","18.9",",m,20,+","121.9",",,m,06,","32.8",",m,02,","0.0","m","0.0",",m","583.5",",,,m","25.38",",m","29.91",",,,m","20.85",",,,m"
"MXN00030273","1977-08","17.25","-94.5833","86.0","AGUSTIN MELGAR, MX","1357.1","m","255.2",",m","22",",m","21",",m","6",",m","0",",m","0",",m","0",",m","31",",m","14",",m","20.0",",m,29,+","48.0",",,m,08,","35.0",",m,31,+","0.0","m","0.0",",m","381.9",",,,m","26.57",",m","31.90",",,,m","21.23",",,,m"
"MXN00030273","1977-09","17.25","-94.5833","86.0","AGUSTIN MELGAR, MX","1606.1","m","249.0",",m","20",",m","14",",m","3",",m","0",",m","0",",m","0",",m","30",",m","18",",m","18.9",",m,05,+","45.7",",,m,16,","35.0",",m,25,+","0.0","m","0.0",",m","233.2",",,,m","26.63",",m","32.55",",,,m","20.71",",,,m"
"MXN00030273","1977-10","17.25","-94.5833","86.0","AGUSTIN MELGAR, MX","1813.4","m","207.3",",m","19",",m","13",",m","7",",m","0",",m","0",",m","0",",m","31",",m","6",",m","16.7",",m,19,+","133.4",",,m,25,","35.0",",m,09,","0.0","m","0.0",",m","495.2",",,,m","25.02",",m","30.34",",,,m","19.70",",,,m"
"MXN00030273","1977-11","17.25","-94.5833","86.0","AGUSTIN MELGAR, MX","1977.4","m","164.0",",m","11",",m","7",",m","4",",m","0",",m","0",",m","0",",m","28",",m","6",",m","13.9",",m,15,","65.8",",,m,10,","35.6",",m,09,","0.5","m","0.5",",m","215.5",",,,m","23.78",",m","29.17",",,,m","18.40",",,,m"
"MXN00030273","1977-12","17.25","-94.5833","86.0","AGUSTIN MELGAR, MX","2089.0","m","111.6",",m","14",",m","12",",m","6",",m","0",",m","0",",m","0",",m","28",",m","1",",m","10.6",",m,23,","63.5",",,m,09,","32.8",",m,17,","9.8","m","9.3",",m","325.9",",,,m","21.63",",m","25.84",",,,m","17.42",",,,m"
"MXN00030273","1978-01","17.25","-94.5833","86.0","AGUSTIN MELGAR, MX","66.7","m","66.7",",m","14",",m","11",",m","3",",m","0",",m","0",",m","0",",m","30",",m","2",",m","10.6",",m,11,+","49.8",",,m,02,","33.9",",m,25,","11.4","m","1.6",",m","212.8",",,,m","20.43",",m","25.72",",,,m","15.15",",,,m"
"MXN00030273","1978-02","17.25","-94.5833","86.0","AGUSTIN MELGAR, MX","124.8","m","58.1",",m","14",",m","10",",m","2",",m","0",",m","0",",m","0",",m","21",",m","3",",m","10.0",",m,08,+","26.9",",,m,18,","33.9",",m,13,","33.1","m","21.7",",m","156.5",",,,m","19.64",",m","25.14",",,,m","14.13",",,,m"
"MXN00030273","1978-03","17.25","-94.5833","86.0","AGUSTIN MELGAR, MX","251.1","m","126.3","2,m","12",",m","7",",m","3",",m","0","1,m","0","1,m","0","1,m","27","1,m","11","1,m","11.7","1,m,29,+","48.3",",,m,26,","36.7","1,m,24,+","39.7","m","6.6","1,m","162.7",",,,m","22.29","2,m","29.59","1,,,m","14.98","1,,,m"
"MXN00030273","1978-04","17.25","-94.5833","86.0","AGUSTIN MELGAR, MX","481.5","m","230.4",",m","4",",m","3",",m","0",",m","0",",m","0",",m","0",",m","30",",m","23",",m","12.8",",m,03,+","4.6",",,m,11,","40.0",",m,30,","39.7","m","0.0",",m","12.8",",,,m","26.01",",m","34.28",",,,m","17.75",",,,m"
"MXN00030273","1978-05","17.25","-94.5833","86.0","AGUSTIN MELGAR, MX","786.7","m","305.2",",m","7",",m","6",",m","2",",m","0",",m","0",",m","0",",m","31",",m","28",",m","15.6",",m,02,","59.4",",,m,29,","38.9",",m,18,+","39.7","m","0.0",",m","130.5",",,,m","28.18",",m","36.27",",,,m","20.08",",,,m"
"MXN00030273","1978-06","17.25","-94.5833","86.0","AGUSTIN MELGAR, MX","1023.9","m","237.2",",m","25",",m","23",",m","11",",m","0",",m","0",",m","0",",m","30",",m","13",",m","20.0",",m,23,+","142.0",",,m,04,","35.6",",m,06,+","39.7","m","0.0",",m","759.3",",,,m","26.24",",m","31.82",",,,m","20.66",",,,m"
"MXN00030273","1978-11","17.25","-94.5833","86.0","AGUSTIN MELGAR, MX","","","160.1",",m","18",",m","11",",m","2",",m","0",",m","0",",m","0",",m","30",",m","1",",m","16.7",",m,07,+","75.9",",,m,24,","33.9",",m,27,","","","0.0",",m","266.0",",,,m","23.67",",m","28.24",",,,m","19.10",",,,m"
"MXN00030273","1978-12","17.25","-94.5833","86.0","AGUSTIN MELGAR, MX","","","116.1","2,m","12",",m","12",",m","6",",m","0","1,m","0","1,m","0","1,m","28","1,m","4","1,m","10.6","1,m,11,+","65.8",",,m,12,","35.0","1,m,08,","","","4.9","1,m","302.5",",,,m","21.99","2,m","27.04","1,,,m","16.93","1,,,m"
"MXN00030273","1979-01","17.25","-94.5833","86.0","AGUSTIN MELGAR, MX","49.0","m","49.0","2,m","22",",m","19",",m","4",",m","0","1,m","0","1,m","0","1,m","20","1,m","2","1,m","8.9","1,m,05,","62.5",",,m,08,","33.9","1,m,30,","","","21.5","1,m","288.7",",,,m","19.27","2,m","24.20","1,,,m","14.33","1,,,m"
"MXN00030273","1979-02","17.25","-94.5833","86.0","AGUSTIN MELGAR, MX","106.1","m","57.1",",m","11",",m","9",",m","1",",m","0",",m","0",",m","0",",m","21",",m","4",",m","10.6",",m,06,","41.9",",,m,18,","36.7",",m,24,","","","10.2",",m","116.4",",,,m","20.01",",m","25.78",",,,m","14.24",",,,m"
"MXN00030273","1979-03","17.25","-94.5833","86.0","AGUSTIN MELGAR, MX","250.9","m","144.8",",m","13",",m","9",",m","1",",m","0",",m","0",",m","0",",m","28",",m","11",",m","12.8",",m,24,+","26.9",",,m,11,","37.8",",m,31,","","","2.2",",m","95.9",",,,m","22.93",",m","29.85",",,,m","16.02",",,,m"
"MXN00030273","1979-04","17.25","-94.5833","86.0","AGUSTIN MELGAR, MX","484.9","m","234.0",",m","6",",m","4",",m","1",",m","0",",m","0",",m","0",",m","30",",m","22",",m","15.0",",m,27,+","27.9",",,m,20,","38.9",",m,28,","","","0.0",",m","70.6",",,,m","26.13",",m","34.08",",,,m","18.19",",,,m"
"MXN00030273","1979-05","17.25","-94.5833","86.0","AGUSTIN MELGAR, MX","689.9","m","205.0",",m","7",",m","7",",m","3",",m","0",",m","0",",m","0",",m","31",",m","9",",m","13.9",",m,20,","85.1",",,m,24,","40.0",",m,11,+","","","0.0",",m","253.0",",,,m","24.95",",m","31.90",",,,m","17.99",",,,m"
"MXN00030273","1979-06","17.25","-94.5833","86.0","AGUSTIN MELGAR, MX","905.6","m","215.7",",m","22",",m","18",",m","9",",m","0",",m","0",",m","0",",m","30",",m","7",",m","18.9",",m,16,","160.0",",,m,26,","33.9",",m,18,+","","","0.0",",m","616.4",",,,m","25.52",",m","30.37",",,,m","20.67",",,,m"
"MXN00030273","1979-07","17.25","-94.5833","86.0","AGUSTIN MELGAR, MX","1160.7","m","255.1",",m","19",",m","17",",m","8",",m","0",",m","0",",m","0",",m","31",",m","22",",m","18.9",",m,28,+","73.4",",,m,20,","36.7",",m,26,+","0.0","m","0.0",",m","483.2",",,,m","26.56",",m","33.03",",,,m","20.09",",,,m"
"MXN00030273","1979-08","17.25","-94.5833","86.0","AGUSTIN MELGAR, MX","1385.1","m","224.4",",m","30",",m","27",",m","15",",m","0",",m","0",",m","0",",m","31",",m","5",",m","18.9",",m,27,+","161.5",",,m,31,","35.0",",m,28,+","0.0","m","0.0",",m","1019.5",",,,m","25.57",",m","30.62",",,,m","20.53",",,,m"
"MXN00030273","1979-09","17.25","-94.5833","86.0","AGUSTIN MELGAR, MX","1587.9","m","202.8",",m","22",",m","17",",m","5",",m","0",",m","0",",m","0",",m","30",",m","5",",m","15.6",",m,28,+","85.9",",,m,01,","33.9",",m,19,+","0.0","m","0.0",",m","441.3",",,,m","25.09",",m","30.71",",,,m","19.47",",,,m"
"MXN00030273","1979-10","17.25","-94.5833","86.0","AGUSTIN MELGAR, MX","1769.5","m","181.6","2,m","13",",m","13",",m","6",",m","0","1,m","0","1,m","0","1,m","30","1,m","8","1,m","13.9","1,m,01,","74.9",",,m,31,","35.0","1,m,31,+","0.0","m","0.0","1,m","343.7",",,,m","24.57","2,m","30.70","1,,,m","18.44","1,,,m"
"MXN00030273","1979-11","17.25","-94.5833","86.0","AGUSTIN MELGAR, MX","1874.5","m","105.0",",m","15",",m","9",",m","3",",m","0",",m","0",",m","0",",m","27",",m","3",",m","13.9",",m,16,","58.9",",,m,13,","33.9",",m,01,","0.2","m","0.2",",m","179.4",",,,m","21.83",",m","26.45",",,,m","17.20",",,,m"
"MXN00030273","1979-12","17.25","-94.5833","86.0","AGUSTIN MELGAR, MX","1930.3","m","55.8","2,m","17",",m","16",",m","8",",m","0","1,m","0","1,m","0","1,m","21","1,m","0","1,m","12.8","1,m,21,","49.8",",,m,17,","31.7","1,m,23,+","7.5","m","7.3","1,m","373.7",",,,m","19.90","2,m","23.64","1,,,m","16.17","1,,,m"
"MXN00030273","1980-01","17.25","-94.5833","86.0","AGUSTIN MELGAR, MX","96.4","","96.4","4,m","13",",m","9",",m","3",",m","0","2,m","0","2,m","0","2,m","26","2,m","2","2,m","10.6","2,m,03,","56.9",",,m,20,","33.9","2,m,11,","9.7","","2.2","2,m","158.6",",,,m","21.58","4,m","26.84","2,,,m","16.32","2,,,m"
"MXN00030273","1980-02","17.25","-94.5833","86.0","AGUSTIN MELGAR, MX","171.0","","74.6","1,m","16",",m","14",",m","2",",m","0",",m","0",",m","0","1,m","19","1,m","7","1,m","12.8",",m,09,+","43.2",",,m,03,","35.6","1,m,24,","22.3","","12.6","1,m","186.6",",,,m","20.54","1,m","25.87","1,,,m","15.21",",,,m"
"MXN00030273","1980-03","17.25","-94.5833","86.0","AGUSTIN MELGAR, MX","353.0","","182.0",",m","9",",m","6",",m","2",",m","0",",m","0",",m","0",",m","29",",m","17",",m","10.0",",m,04,","40.4",",,m,01,","38.9",",m,29,","33.0","","10.7",",m","115.4",",,,m","23.86",",m","31.30",",,,m","16.42",",,,m"
"MXN00030273","1980-04","17.25","-94.5833","86.0","AGUSTIN MELGAR, MX","516.6","","163.6",",m","10",",m","8",",m","1",",m","0",",m","0",",m","0",",m","28",",m","11",",m","10.6",",m,21,","40.6",",,m,13,","38.9",",m,03,","33.5","","0.5",",m","109.3",",,,m","23.77",",m","30.21",",,,m","17.33",",,,m"
"MXN00030273","1980-05","17.25","-94.5833","86.0","AGUSTIN MELGAR, MX","837.3","","320.7","1,m","1",",m","1",",m","0",",m","0",",m","0",",m","0","1,m","30","1,m","29","1,m","17.8",",m,01,","22.9",",,m,19,","41.7","1,m,11,","33.5","","0.0","1,m","22.9",",,,m","29.03","1,m","36.95","1,,,m","21.12",",,,m"
"MXN00030273","1980-06","17.25","-94.5833","86.0","AGUSTIN MELGAR, MX","1080.7","","243.4",",m","24",",m","22",",m","6",",m","0",",m","0",",m","0",",m","30",",m","13",",m","18.9",",m,10,+","75.2",",,m,24,","35.6",",m,05,+","33.5","","0.0",",m","487.8",",,,m","26.45",",m","31.89",",,,m","21.00",",,,m"
