"STATION","DATE","LATITUDE","LONGITUDE","ELEVATION","NAME","CDSD","CDSD_ATTRIBUTES","CLDD","CLDD_ATTRIBUTES","DP01","DP01_ATTRIBUTES","DP10","DP10_ATTRIBUTES","DP1X","DP1X_ATTRIBUTES","DT00","DT00_ATTRIBUTES","DT32","DT32_ATTRIBUTES","DX32","DX32_ATTRIBUTES","DX70","DX70_ATTRIBUTES","DX90","DX90_ATTRIBUTES","EMNT","EMNT_ATTRIBUTES","EMXP","EMXP_ATTRIBUTES","EMXT","EMXT_ATTRIBUTES","HDSD","HDSD_ATTRIBUTES","HTDD","HTDD_ATTRIBUTES","PRCP","PRCP_ATTRIBUTES","TAVG","TAVG_ATTRIBUTES","TMAX","TMAX_ATTRIBUTES","TMIN","TMIN_ATTRIBUTES"
"MXN00025010","1970-11","24.8333","-107.4333","50.9","CULIACAN CAADES, MX","","","181.2",",m","0",",m","0",",m","0",",m","0",",m","0",",m","0",",m","30",",m","19",",m","11.1",",m,19,","0.0",",,m,30,+","38.9",",m,30,","","","0.0",",m","0.0",",,,m","24.37",",m","33.00",",,,m","15.74",",,,m"
"MXN00025010","1970-12","24.8333","-107.4333","50.9","CULIACAN CAADES, MX","","","90.5",",m","0",",m","0",",m","0",",m","0",",m","0",",m","0",",m","31",",m","3",",m","8.9",",m,12,","0.0",",,m,31,+","33.9",",m,02,","","","0.0",",m","0.0",",,,m","21.25",",m","30.25",",,,m","12.25",",,,m"
"MXN00025010","1971-01","24.8333","-107.4333","50.9","CULIACAN CAADES, MX","138.8","m","138.8",",m","0",",m","0",",m","0",",m","0",",m","0",",m","0",",m","31",",m","22",",m","6.1",",m,03,+","0.0",",,m,31,+","37.8",",m,02,","","","0.0",",m","0.0",",,,m","22.81",",m","33.40",",,,m","12.22",",,,m"
"MXN00025010","1971-02","24.8333","-107.4333","50.9","CULIACAN CAADES, MX","167.0","m","28.2",",m","2",",m","0",",m","0",",m","0",",m","0",",m","0",",m","28",",m","1",",m","6.1",",m,05,","2.3",",,m,24,","33.3",",m,12,","","","5.6",",m","2.6",",,,m","19.14",",m","27.88",",,,m","10.40",",,,m"
"MXN00025010","1971-03","24.8333","-107.4333","50.9","CULIACAN CAADES, MX","296.6","m","129.6",",m","0",",m","0",",m","0",",m","0",",m","0",",m","0",",m","31",",m","20",",m","6.1",",m,03,+","0.0",",,m,31,+","36.1",",m,28,","","","2.0",",m","0.0",",,,m","22.45",",m","32.75",",,,m","12.15",",,,m"
"MXN00025010","1971-04","24.8333","-107.4333","50.9","CULIACAN CAADES, MX","438.3","m","141.7",",m","0",",m","0",",m","0",",m","0",",m","0",",m","0",",m","30",",m","12",",m","12.2",",m,07,+","0.0",",,m,30,+","35.6",",m,08,+","","","0.0",",m","0.0",",,,m","23.06",",m","31.37",",,,m","14.74",",,,m"
"MXN00025010","1971-05","24.8333","-107.4333","50.9","CULIACAN CAADES, MX","675.7","m","237.4",",m","0",",m","0",",m","0",",m","0",",m","0",",m","0",",m","31",",m","28",",m","13.9",",m,02,","0.0",",,m,31,+","35.6",",m,31,+","","","0.0",",m","0.0",",,,m","25.99",",m","34.18",",,,m","17.80",",,,m"
"MXN00025010","1971-06","24.8333","-107.4333","50.9","CULIACAN CAADES, MX","997.5","m","321.8",",m","6",",m","5",",m","1",",m","0",",m","0",",m","0",",m","30",",m","28",",m","18.3",",m,11,","64.8",",,m,26,","39.4",",m,07,","","","0.0",",m","85.1",",,,m","29.06",",m","35.67",",,,m","22.45",",,,m"
"MXN00025010","1971-07","24.8333","-107.4333","50.9","CULIACAN CAADES, MX","1364.7","m","367.2",",m","19",",m","10",",m","1",",m","0",",m","0",",m","0",",m","31",",m","30",",m","22.2",",m,14,","27.4",",,m,20,","40.6",",m,09,","0.0","m","0.0",",m","121.6",",,,m","30.18",",m","36.11",",,,m","24.24",",,,m"
"MXN00025010","1971-08","24.8333","-107.4333","50.9","CULIACAN CAADES, MX","1692.8","m","328.1",",m","15",",m","11",",m","3",",m","0",",m","0",",m","0",",m","31",",m","26",",m","21.7",",m,15,","64.8",",,m,31,","37.8",",m,28,","0.0","m","0.0",",m","219.4",",,,m","28.92",",m","34.30",",,,m","23.53",",,,m"
"MXN00025010","1971-09","24.8333","-107.4333","50.9","CULIACAN CAADES, MX","2014.1","m","321.3",",m","9",",m","5",",m","1",",m","0",",m","0",",m","0",",m","30",",m","26",",m","21.1",",m,26,+","39.4",",,m,13,","37.2",",m,23,+","0.0","m","0.0",",m","105.2",",,,m","29.04",",m","34.47",",,,m","23.61",",,,m"
"MXN00025010","1971-10","24.8333","-107.4333","50.9","CULIACAN CAADES, MX","2290.3","m","276.2",",m","5",",m","3",",m","0",",m","0",",m","0",",m","0",",m","31",",m","26",",m","14.4",",m,31,","11.9",",,m,25,","38.9",",m,09,","0.0","m","0.0",",m","28.5",",,,m","27.24",",m","33.75",",,,m","20.74",",,,m"
"MXN00025010","1971-11","24.8333","-107.4333","50.9","CULIACAN CAADES, MX","2467.2","m","176.9",",m","2",",m","0",",m","0",",m","0",",m","0",",m","0",",m","30",",m","14",",m","11.1",",m,23,","1.5",",,m,14,","36.7",",m,11,+","0.0","m","0.0",",m","1.8",",,,m","24.23",",m","31.78",",,,m","16.68",",,,m"
"MXN00025010","1971-12","24.8333","-107.4333","50.9","CULIACAN CAADES, MX","2539.3","m","72.1",",m","2",",m","1",",m","0",",m","0",",m","0",",m","0",",m","31",",m","4",",m","7.2",",m,06,","8.4",",,m,15,","33.9",",m,23,","3.3","m","3.3",",m","9.2",",,,m","20.55",",m","28.12",",,,m","12.98",",,,m"
"MXN00025010","1972-01","24.8333","-107.4333","50.9","CULIACAN CAADES, MX","66.4","m","66.4",",m","2",",m","2",",m","0",",m","0",",m","0",",m","0",",m","30",",m","0",",m","9.4",",m,10,","15.5",",,m,02,","31.7",",m,26,","5.3","m","2.0",",m","20.3",",,,m","20.41",",m","27.75",",,,m","13.07",",,,m"
"MXN00025010","1972-02","24.8333","-107.4333","50.9","CULIACAN CAADES, MX","131.7","m","65.3",",m","0",",m","0",",m","0",",m","0",",m","0",",m","0",",m","29",",m","6",",m","8.3",",m,08,","0.0",",,m,29,+","34.4",",m,26,+","6.5","m","1.2",",m","0.0",",,,m","20.54",",m","29.75",",,,m","11.34",",,,m"
"MXN00025010","1972-03","24.8333","-107.4333","50.9","CULIACAN CAADES, MX","286.7","m","155.0",",m","0",",m","0",",m","0",",m","0",",m","0",",m","0",",m","31",",m","25",",m","9.4",",m,31,+","0.0",",,m,31,+","36.1",",m,22,+","6.5","m","0.0",",m","0.0",",,,m","23.33",",m","33.17",",,,m","13.50",",,,m"
"MXN00025010","1972-04","24.8333","-107.4333","50.9","CULIACAN CAADES, MX","477.6","m","190.9",",m","0",",m","0",",m","0",",m","0",",m","0",",m","0",",m","30",",m","28",",m","11.1",",m,02,+","0.0",",,m,30,+","38.9",",m,29,","6.5","m","0.0",",m","0.0",",,,m","24.70",",m","34.72",",,,m","14.67",",,,m"
"MXN00025010","1972-05","24.8333","-107.4333","50.9","CULIACAN CAADES, MX","737.0","m","259.4",",m","3",",m","2",",m","1",",m","0",",m","0",",m","0",",m","31",",m","29",",m","14.4",",m,13,+","30.0",",,m,30,","39.4",",m,24,","6.5","m","0.0",",m","51.6",",,,m","26.70",",m","35.35",",,,m","18.05",",,,m"
"MXN00025010","1972-06","24.8333","-107.4333","50.9","CULIACAN CAADES, MX","1065.4","m","328.4",",m","2",",m","1",",m","0",",m","0",",m","0",",m","0",",m","30",",m","26",",m","20.0",",m,08,","4.8",",,m,16,","38.9",",m,30,","6.5","m","0.0",",m","5.6",",,,m","29.28",",m","34.55",",,,m","24.01",",,,m"
"MXN00025010","1972-07","24.8333","-107.4333","50.9","CULIACAN CAADES, MX","1463.4","m","398.0",",m","11",",m","7",",m","2",",m","0",",m","0",",m","0",",m","31",",m","31",",m","21.7",",m,26,","30.5",",,m,25,","40.0",",m,08,+","0.0","m","0.0",",m","94.3",",,,m","31.17",",m","37.32",",,,m","25.03",",,,m"
"MXN00025010","1972-08","24.8333","-107.4333","50.9","CULIACAN CAADES, MX","1804.7","m","341.3",",m","13",",m","11",",m","6",",m","0",",m","0",",m","0",",m","31",",m","27",",m","21.1",",m,17,","79.8",",,m,31,","40.0",",m,21,","0.0","m","0.0",",m","349.7",",,,m","29.34",",m","35.15",",,,m","23.53",",,,m"
"MXN00025010","1972-09","24.8333","-107.4333","50.9","CULIACAN CAADES, MX","2124.0","m","319.3",",m","7",",m","6",",m","1",",m","0",",m","0",",m","0",",m","30",",m","29",",m","21.1",",m,27,+","30.0",",,m,17,","37.8",",m,29,","0.0","m","0.0",",m","90.7",",,,m","28.98",",m","34.45",",,,m","23.50",",,,m"
"MXN00025010","1972-10","24.8333","-107.4333","50.9","CULIACAN CAADES, MX","2434.4","m","310.4",",m","6",",m","4",",m","1",",m","0",",m","0",",m","0",",m","31",",m","27",",m","16.1",",m,23,","76.7",",,m,29,","39.4",",m,13,","0.0","m","0.0",",m","114.4",",,,m","28.35",",m","34.53",",,,m","22.16",",,,m"
"MXN00025010","1972-11","24.8333","-107.4333","50.9","CULIACAN CAADES, MX","2597.5","m","163.1",",m","3",",m","3",",m","0",",m","0",",m","0",",m","0",",m","30",",m","8",",m","13.9",",m,25,","12.4",",,m,23,","35.0",",m,09,+","0.0","m","0.0",",m","31.2",",,,m","23.77",",m","30.57",",,,m","16.97",",,,m"
"MXN00025010","1972-12","24.8333","-107.4333","50.9","CULIACAN CAADES, MX","2716.5","m","119.0",",m","0",",m","0",",m","0",",m","0",",m","0",",m","0",",m","30",",m","9",",m","8.9",",m,14,","0.0",",,m,31,+","35.0",",m,26,","0.0","m","0.0",",m","0.0",",,,m","22.17",",m","30.15",",,,m","14.19",",,,m"
"MXN00025010","1973-01","24.8333","-107.4333","50.9","CULIACAN CAADES, MX","46.5","m","46.5",",m","2",",m","0",",m","0",",m","0",",m","0",",m","0",",m","29",",m","4",",m","5.0",",m,28,+","0.8",",,m,06,+","35.0",",m,29,","23.3","m","23.3",",m","1.6",",,,m","19.08",",m","27.24",",,,m","10.92",",,,m"
"MXN00025010","1973-02","24.8333","-107.4333","50.9","CULIACAN CAADES, MX","124.0","m","77.5",",m","4",",m","2",",m","1",",m","0",",m","0",",m","0",",m","27",",m","5",",m","7.8",",m,15,","40.4",",,m,20,","36.7",",m,03,","24.4","m","1.1",",m","58.8",",,,m","21.06",",m","28.54",",,,m","13.59",",,,m"
"MXN00025010","1973-03","24.8333","-107.4333","50.9","CULIACAN CAADES, MX","198.8","m","74.8",",m","1",",m","0",",m","0",",m","0",",m","0",",m","0",",m","31",",m","5",",m","9.4",",m,10,","1.8",",,m,09,","34.4",",m,16,","26.0","m","1.6",",m","1.8",",,,m","20.69",",m","28.98",",,,m","12.41",",,,m"
"MXN00025010","1973-04","24.8333","-107.4333","50.9","CULIACAN CAADES, MX","319.2","m","120.4",",m","0",",m","0",",m","0",",m","0",",m","0",",m","0",",m","30",",m","17",",m","7.2",",m,04,","0.0",",,m,30,+","35.0",",m,11,","26.9","m","0.9",",m","0.0",",,,m","22.32",",m","31.56",",,,m","13.07",",,,m"
"MXN00025010","1973-05","24.8333","-107.4333","50.9","CULIACAN CAADES, MX","581.8","m","262.6",",m","0",",m","0",",m","0",",m","0",",m","0",",m","0",",m","31",",m","27",",m","13.3",",m,07,","0.0",",,m,31,+","39.4",",m,19,+","26.9","m","0.0",",m","0.0",",,,m","26.80",",m","34.99",",,,m","18.62",",,,m"
"MXN00025010","1973-06","24.8333","-107.4333","50.9","CULIACAN CAADES, MX","897.6","m","315.8",",m","0",",m","0",",m","0",",m","0",",m","0",",m","0",",m","30",",m","30",",m","19.4",",m,05,+","0.0",",,m,30,+","42.8",",m,23,","26.9","m","0.0",",m","0.0",",,,m","28.86",",m","35.56",",,,m","22.16",",,,m"
"MXN00025010","1973-07","24.8333","-107.4333","50.9","CULIACAN CAADES, MX","1272.3","m","374.7",",m","7",",m","4",",m","0",",m","0",",m","0",",m","0",",m","31",",m","31",",m","21.7",",m,26,+","12.4",",,m,15,","39.4",",m,18,","0.0","m","0.0",",m","36.3",",,,m","30.42",",m","36.66",",,,m","24.18",",,,m"
"MXN00025010","1973-08","24.8333","-107.4333","50.9","CULIACAN CAADES, MX","1635.4","m","363.1",",m","16",",m","12",",m","2",",m","0",",m","0",",m","0",",m","31",",m","30",",m","21.7",",m,15,+","59.9",",,m,12,","43.9",",m,22,","0.0","m","0.0",",m","221.4",",,,m","30.05",",m","35.82",",,,m","24.27",",,,m"
"MXN00025010","1973-09","24.8333","-107.4333","50.9","CULIACAN CAADES, MX","1948.2","m","312.8",",m","13",",m","11",",m","3",",m","0",",m","0",",m","0",",m","30",",m","23",",m","20.6",",m,08,","48.8",",,m,01,","37.8",",m,05,+","0.0","m","0.0",",m","218.2",",,,m","28.76",",m","33.69",",,,m","23.82",",,,m"
"MXN00025010","1973-10","24.8333","-107.4333","50.9","CULIACAN CAADES, MX","2244.3","m","296.1",",m","1",",m","0",",m","0",",m","0",",m","0",",m","0",",m","31",",m","28",",m","16.7",",m,14,+","1.8",",,m,29,","38.9",",m,19,","0.0","m","0.0",",m","1.8",",,,m","27.89",",m","35.04",",,,m","20.74",",,,m"
"MXN00025010","1973-12","24.8333","-107.4333","50.9","CULIACAN CAADES, MX","","","72.9",",m","0",",m","0",",m","0",",m","0",",m","0",",m","0",",m","31",",m","4",",m","8.3",",m,26,+","0.0",",,m,31,+","35.0",",m,10,","","","5.5",",m","0.0",",,,m","20.51",",m","29.58",",,,m","11.43",",,,m"
"MXN00025010","1974-01","24.8333","-107.4333","50.9","CULIACAN CAADES, MX","48.8","","48.8",",m","0",",m","0",",m","0",",m","0",",m","0",",m","0",",m","31",",m","1",",m","5.6",",m,26,+","0.0",",,m,31,+","32.2",",m,15,","","","11.6",",m","0.0",",,,m","19.53",",m","28.18",",,,m","10.88",",,,m"
"MXN00025010","1974-02","24.8333","-107.4333","50.9","CULIACAN CAADES, MX","83.1","","34.3",",m","0",",m","0",",m","0",",m","0",",m","0",",m","0",",m","28",",m","3",",m","6.1",",m,09,+","0.0",",,m,28,+","33.9",",m,27,","","","6.6",",m","0.0",",,,m","19.32",",m","29.49",",,,m","9.15",",,,m"
"MXN00025010","1974-03","24.8333","-107.4333","50.9","CULIACAN CAADES, MX","167.0","","83.9",",m","0",",m","0",",m","0",",m","0",",m","0",",m","0",",m","31",",m","5",",m","8.9",",m,11,+","0.0",",,m,31,+","35.0",",m,29,","","","0.2",",m","0.0",",,,m","21.03",",m","29.53",",,,m","12.54",",,,m"
"MXN00025010","1974-04","24.8333","-107.4333","50.9","CULIACAN CAADES, MX","371.3","","204.3",",m","0",",m","0",",m","0",",m","0",",m","0",",m","0",",m","30",",m","28",",m","11.7",",m,16,+","0.0",",,m,30,+","36.7",",m,19,","","","0.0",",m","0.0",",,,m","25.14",",m","34.57",",,,m","15.72",",,,m"
"MXN00025010","1974-05","24.8333","-107.4333","50.9","CULIACAN CAADES, MX","606.6","","235.3",",m","2",",m","1",",m","0",",m","0",",m","0",",m","0",",m","31",",m","25",",m","13.3",",m,03,","2.5",",,m,29,","36.1",",m,27,+","","","0.0",",m","3.3",",,,m","25.92",",m","33.37",",,,m","18.48",",,,m"
"MXN00025010","1974-06","24.8333","-107.4333","50.9","CULIACAN CAADES, MX","943.2","","336.6",",m","0",",m","0",",m","0",",m","0",",m","0",",m","0",",m","30",",m","29",",m","18.3",",m,08,","0.0",",,m,30,+","37.8",",m,20,","","","0.0",",m","0.0",",,,m","29.55",",m","35.09",",,,m","24.01",",,,m"
