"STATION","DATE","LATITUDE","LONGITUDE","ELEVATION","NAME","CDSD","CDSD_ATTRIBUTES","CLDD","CLDD_ATTRIBUTES","DP01","DP01_ATTRIBUTES","DP10","DP10_ATTRIBUTES","DP1X","DP1X_ATTRIBUTES","DT00","DT00_ATTRIBUTES","DT32","DT32_ATTRIBUTES","DX32","DX32_ATTRIBUTES","DX70","DX70_ATTRIBUTES","DX90","DX90_ATTRIBUTES","EMNT","EMNT_ATTRIBUTES","EMXP","EMXP_ATTRIBUTES","EMXT","EMXT_ATTRIBUTES","HDSD","HDSD_ATTRIBUTES","HTDD","HTDD_ATTRIBUTES","PRCP","PRCP_ATTRIBUTES","TAVG","TAVG_ATTRIBUTES","TMAX","TMAX_ATTRIBUTES","TMIN","TMIN_ATTRIBUTES"
"MXN00026234","1980-05","27.1667","-108.8167","456.0","COCHIBAMPO, MX","","","","","1",",m","0",",m","0",",m","","","","","","","","","","","","","1.3",",,m,29,","","","","","","","1.3",",,,m","","","","","",""
"MXN00026234","1980-06","27.1667","-108.8167","456.0","COCHIBAMPO, MX","","","","","3",",m","0",",m","0",",m","","","","","","","","","","","","","1.8",",,m,03,+","","","","","","","4.9",",,,m","","","","","",""
"MXN00026234","1980-09","27.1667","-108.8167","456.0","COCHIBAMPO, MX","","","164.4","1,m","9",",m","6",",m","0",",m","0","1,m","0","1,m","0","1,m","29","1,m","9","1,m","11.7","1,m,10,+","19.8",",,m,20,+","38.9","1,m,20,+","","","0.0","1,m","115.9",",,,m","24.00","1,m","32.18","1,,,m","15.82","1,,,m"
"MXN00026234","1980-10","27.1667","-108.8167","456.0","COCHIBAMPO, MX","","","154.6",",m","6",",m","4",",m","0",",m","0",",m","0",",m","0",",m","30",",m","10",",m","10.0",",m,27,+","19.8",",,m,08,","41.7",",m,02,","","","5.0",",m","41.9",",,,m","23.16",",m","30.76",",,,m","15.56",",,,m"
"MXN00026234","1980-11","27.1667","-108.8167","456.0","COCHIBAMPO, MX","","","27.3",",m","0",",m","0",",m","0",",m","0",",m","0",",m","0",",m","23",",m","0",",m","0.6",",m,20,","0.0",",,m,30,+","31.7",",m,06,+","","","101.0",",m","0.0",",,,m","15.88",",m","24.98",",,,m","6.78",",,,m"
"MXN00026234","1980-12","27.1667","-108.8167","456.0","COCHIBAMPO, MX","","","33.0",",m","0",",m","0",",m","0",",m","0",",m","0",",m","0",",m","30",",m","0",",m","1.7",",m,29,+","0.0",",,m,31,+","31.7",",m,10,","","","47.6",",m","0.0",",,,m","17.86",",m","27.09",",,,m","8.64",",,,m"
"MXN00026234","1981-01","27.1667","-108.8167","456.0","COCHIBAMPO, MX","0.0","m","0.0",",m","0",",m","0",",m","0",",m","0",",m","8",",m","0",",m","16",",m","0",",m","0.0",",m,31,+","0.0",",,m,31,+","30.0",",m,02,","","","192.8",",m","0.0",",,,m","12.11",",m","22.22",",,,m","2.01",",,,m"
"MXN00026234","1981-02","27.1667","-108.8167","456.0","COCHIBAMPO, MX","0.9","m","0.9",",m","0",",m","0",",m","0",",m","0",",m","0",",m","0",",m","12",",m","0",",m","1.7",",m,28,+","0.0",",,m,28,+","30.0",",m,21,","","","157.8",",m","0.0",",,,m","12.73",",m","21.69",",,,m","3.76",",,,m"
"MXN00026234","1981-03","27.1667","-108.8167","456.0","COCHIBAMPO, MX","67.3","m","66.4",",m","0",",m","0",",m","0",",m","0",",m","0",",m","0",",m","30",",m","0",",m","5.0",",m,02,","0.0",",,m,31,+","31.7",",m,28,+","","","10.2",",m","0.0",",,,m","20.15",",m","28.54",",,,m","11.75",",,,m"
"MXN00026234","1981-04","27.1667","-108.8167","456.0","COCHIBAMPO, MX","202.0","m","134.7",",m","0",",m","0",",m","0",",m","0",",m","0",",m","0",",m","30",",m","11",",m","7.8",",m,30,+","0.0",",,m,30,+","38.9",",m,05,","","","5.5",",m","0.0",",,,m","22.64",",m","31.41",",,,m","13.87",",,,m"
"MXN00026234","1981-05","27.1667","-108.8167","456.0","COCHIBAMPO, MX","278.4","m","76.4",",m","0",",m","0",",m","0",",m","0",",m","0",",m","0",",m","31",",m","1",",m","7.8",",m,12,+","0.0",",,m,31,+","32.8",",m,07,","","","6.3",",m","0.0",",,,m","20.59",",m","27.98",",,,m","13.20",",,,m"
"MXN00026234","1981-06","27.1667","-108.8167","456.0","COCHIBAMPO, MX","473.0","m","194.6",",m","0",",m","0",",m","0",",m","0",",m","0",",m","0",",m","30",",m","16",",m","13.9",",m,14,+","0.0",",,m,30,+","40.0",",m,13,+","","","0.0",",m","0.0",",,,m","24.82",",m","32.78",",,,m","16.85",",,,m"
"MXN00026234","1981-07","27.1667","-108.8167","456.0","COCHIBAMPO, MX","783.7","m","310.7",",m","0",",m","0",",m","0",",m","0",",m","0",",m","0",",m","31",",m","24",",m","15.0",",m,11,","0.0",",,m,31,+","45.0",",m,25,","0.0","m","0.0",",m","0.0",",,,m","28.36",",m","36.46",",,,m","20.25",",,,m"
"MXN00026234","1981-08","27.1667","-108.8167","456.0","COCHIBAMPO, MX","1150.0","m","366.3",",m","0",",m","0",",m","0",",m","0",",m","0",",m","0",",m","31",",m","26",",m","17.8",",m,31,+","0.0",",,m,31,+","48.9",",m,24,+","0.0","m","0.0",",m","0.0",",,,m","30.15",",m","38.36",",,,m","21.93",",,,m"
"MXN00026234","1981-09","27.1667","-108.8167","456.0","COCHIBAMPO, MX","1547.0","m","397.0",",m","0",",m","0",",m","0",",m","0",",m","0",",m","0",",m","30",",m","30",",m","17.8",",m,23,+","0.0",",,m,30,+","47.8",",m,16,+","0.0","m","0.0",",m","0.0",",,,m","31.57",",m","40.47",",,,m","22.66",",,,m"
"MXN00026234","1981-10","27.1667","-108.8167","456.0","COCHIBAMPO, MX","1908.6","m","361.6",",m","0",",m","0",",m","0",",m","0",",m","0",",m","0",",m","31",",m","26",",m","15.6",",m,19,+","0.0",",,m,31,+","45.6",",m,07,","0.0","m","0.0",",m","0.0",",,,m","30.00",",m","37.88",",,,m","22.11",",,,m"
"MXN00026234","1981-11","27.1667","-108.8167","456.0","COCHIBAMPO, MX","","","","","0",",m","0",",m","0",",m","","","","","","","","","","","","","0.0",",,m,30,+","","","","","","","0.0",",,,m","","","","","",""
"MXN00026234","1981-12","27.1667","-108.8167","456.0","COCHIBAMPO, MX","","","","","0",",m","0",",m","0",",m","","","","","","","","","","","","","0.0",",,m,31,+","","","","","","","0.0",",,,m","","","","","",""
"MXN00026234","1982-01","27.1667","-108.8167","456.0","COCHIBAMPO, MX","112.4","","112.4",",m","0",",m","0",",m","0",",m","0",",m","0",",m","0",",m","29",",m","14",",m","7.2",",m,23,+","0.0",",,m,31,+","37.2",",m,28,+","","","20.1",",m","0.0",",,,m","21.31",",m","29.49",",,,m","13.13",",,,m"
"MXN00026234","1982-02","27.1667","-108.8167","456.0","COCHIBAMPO, MX","376.6","","264.2",",m","0",",m","0",",m","0",",m","0",",m","0",",m","0",",m","28",",m","25",",m","10.0",",m,10,","0.0",",,m,28,+","47.8",",m,04,","","","0.0",",m","0.0",",,,m","27.77",",m","37.59",",,,m","17.95",",,,m"
"MXN00026234","1982-03","27.1667","-108.8167","456.0","COCHIBAMPO, MX","658.5","","281.9","1,m","0",",m","0",",m","0",",m","0","1,m","0","1,m","0","1,m","30","1,m","20","1,m","11.7","1,m,29,","0.0",",,m,31,+","45.0","1,m,12,+","","","0.0","1,m","0.0",",,,m","27.73","1,m","35.17","1,,,m","20.29","1,,,m"
"MXN00026234","1982-04","27.1667","-108.8167","456.0","COCHIBAMPO, MX","1014.4","","355.9",",m","0",",m","0",",m","0",",m","0",",m","0",",m","0",",m","30",",m","30",",m","19.4",",m,13,","0.0",",,m,30,+","45.0",",m,08,","","","0.0",",m","0.0",",,,m","30.20",",m","37.65",",,,m","22.74",",,,m"
"MXN00026234","1982-05","27.1667","-108.8167","456.0","COCHIBAMPO, MX","1381.8","","367.4","1,m","0",",m","0",",m","0",",m","0","1,m","0","1,m","0","1,m","30","1,m","30","1,m","15.0","1,m,13,","0.0",",,m,31,+","45.0","1,m,24,+","","","0.0","1,m","0.0",",,,m","30.58","1,m","38.79","1,,,m","22.37","1,,,m"
"MXN00026234","1982-07","27.1667","-108.8167","456.0","COCHIBAMPO, MX","","","499.0","1,m","8","1,m","8","1,m","4","1,m","0","1,m","0","1,m","0","1,m","30","1,m","30","1,m","15.0","1,m,05,","60.2","1,,m,10,","49.4","1,m,29,","0.0","","0.0","1,m","209.3","1,,,m","34.97","1,m","43.07","1,,,m","26.86","1,,,m"
"MXN00026234","1982-08","27.1667","-108.8167","456.0","COCHIBAMPO, MX","","","330.7","1,m","1","1,m","1","1,m","1","1,m","0","1,m","0","1,m","0","1,m","30","1,m","25","1,m","18.3","1,m,11,","35.3","1,,m,08,","46.7","1,m,06,","0.0","","0.0","1,m","35.3","1,,,m","29.36","1,m","36.44","1,,,m","22.27","1,,,m"
"MXN00026234","1982-09","27.1667","-108.8167","456.0","COCHIBAMPO, MX","","","312.1",",m","7",",m","7",",m","2",",m","0",",m","0",",m","0",",m","30",",m","26",",m","15.0",",m,12,","50.3",",,m,05,","40.0",",m,24,+","0.0","","0.0",",m","180.3",",,,m","28.74",",m","36.58",",,,m","20.89",",,,m"
"MXN00026234","1982-10","27.1667","-108.8167","456.0","COCHIBAMPO, MX","","","317.3",",m","0",",m","0",",m","0",",m","0",",m","0",",m","0",",m","31",",m","29",",m","13.9",",m,10,","0.0",",,m,31,+","40.0",",m,22,+","0.0","","0.0",",m","0.0",",,,m","28.57",",m","36.57",",,,m","20.57",",,,m"
"MXN00026234","1982-11","27.1667","-108.8167","456.0","COCHIBAMPO, MX","","","96.6","1,m","3",",m","3",",m","2",",m","0","1,m","0","1,m","0","1,m","29","1,m","4","1,m","10.0","1,m,11,+","61.5",",,m,24,","36.1","1,m,21,","1.1","","1.1","1,m","106.2",",,,m","21.63","1,m","29.38","1,,,m","13.87","1,,,m"
"MXN00026234","1983-04","27.1667","-108.8167","456.0","COCHIBAMPO, MX","","","27.3",",m","0",",m","0",",m","0",",m","0",",m","0",",m","0",",m","26",",m","5",",m","3.9",",m,13,","0.0",",,m,30,+","35.6",",m,25,","","","47.6",",m","0.0",",,,m","17.66",",m","27.10",",,,m","8.21",",,,m"
"MXN00026234","1983-05","27.1667","-108.8167","456.0","COCHIBAMPO, MX","","","167.1",",m","0",",m","0",",m","0",",m","0",",m","0",",m","0",",m","29",",m","13",",m","5.6",",m,05,+","0.0",",,m,31,+","40.0",",m,30,","","","15.2",",m","0.0",",,,m","23.23",",m","31.54",",,,m","14.93",",,,m"
"MXN00026234","1983-06","27.1667","-108.8167","456.0","COCHIBAMPO, MX","","","273.8",",m","0",",m","0",",m","0",",m","0",",m","0",",m","0",",m","30",",m","30",",m","9.4",",m,05,","0.0",",,m,30,+","41.7",",m,22,+","","","0.0",",m","0.0",",,,m","27.46",",m","38.16",",,,m","16.76",",,,m"
"MXN00026234","1983-07","27.1667","-108.8167","456.0","COCHIBAMPO, MX","","","311.2",",m","12",",m","12",",m","5",",m","0",",m","0",",m","0",",m","31",",m","30",",m","14.4",",m,03,","67.8",",,m,27,","40.0",",m,06,+","0.0","m","0.0",",m","267.2",",,,m","28.37",",m","36.99",",,,m","19.75",",,,m"
"MXN00026234","1983-08","27.1667","-108.8167","456.0","COCHIBAMPO, MX","","","367.8",",m","12",",m","12",",m","2",",m","0",",m","0",",m","0",",m","31",",m","31",",m","15.0",",m,21,","54.9",",,m,26,","45.6",",m,28,","0.0","m","0.0",",m","207.9",",,,m","30.20",",m","39.78",",,,m","20.62",",,,m"
"MXN00026234","1983-09","27.1667","-108.8167","456.0","COCHIBAMPO, MX","","","336.0",",m","6",",m","6",",m","2",",m","0",",m","0",",m","0",",m","30",",m","27",",m","15.0",",m,30,+","56.9",",,m,05,","45.0",",m,22,+","0.0","m","0.0",",m","147.1",",,,m","29.53",",m","38.62",",,,m","20.44",",,,m"
"MXN00026234","1983-10","27.1667","-108.8167","456.0","COCHIBAMPO, MX","","","245.8",",m","4",",m","4",",m","2",",m","0",",m","0",",m","0",",m","31",",m","28",",m","10.0",",m,21,","91.9",",,m,17,","42.2",",m,26,+","0.0","m","0.0",",m","143.5",",,,m","26.26",",m","36.46",",,,m","16.06",",,,m"
"MXN00026234","1983-11","27.1667","-108.8167","456.0","COCHIBAMPO, MX","","","281.6",",m","3",",m","3",",m","2",",m","0",",m","0",",m","0",",m","30",",m","25",",m","9.4",",m,25,","31.8",",,m,20,","42.2",",m,20,","0.0","m","0.0",",m","68.6",",,,m","27.72",",m","36.20",",,,m","19.24",",,,m"
"MXN00026234","1983-12","27.1667","-108.8167","456.0","COCHIBAMPO, MX","","","170.4",",m","1",",m","1",",m","0",",m","0",",m","0",",m","0",",m","31",",m","11",",m","10.0",",m,31,+","15.7",",,m,01,","36.1",",m,12,","0.0","m","0.0",",m","15.7",",,,m","23.83",",m","31.30",",,,m","16.35",",,,m"
"MXN00026234","1984-01","27.1667","-108.8167","456.0","COCHIBAMPO, MX","199.3","","199.3",",m","4",",m","4",",m","2",",m","0",",m","0",",m","0",",m","31",",m","24",",m","9.4",",m,19,","47.8",",,m,30,","41.1",",m,30,","0.0","","0.0",",m","111.3",",,,m","24.76",",m","34.40",",,,m","15.12",",,,m"
"MXN00026234","1984-03","27.1667","-108.8167","456.0","COCHIBAMPO, MX","","","228.7","1,m","0",",m","0",",m","0",",m","0","1,m","0","1,m","0","1,m","30","1,m","29","1,m","10.0","1,m,21,+","0.0",",,m,31,+","40.0","1,m,28,+","","","0.0","1,m","0.0",",,,m","25.96","1,m","36.20","1,,,m","15.71","1,,,m"
"MXN00026234","1984-04","27.1667","-108.8167","456.0","COCHIBAMPO, MX","","","165.9",",m","0",",m","0",",m","0",",m","0",",m","0",",m","0",",m","30",",m","17",",m","6.7",",m,30,","0.0",",,m,30,+","37.2",",m,10,","","","6.4",",m","0.0",",,,m","23.65",",m","32.13",",,,m","15.17",",,,m"
"MXN00026234","1984-05","27.1667","-108.8167","456.0","COCHIBAMPO, MX","","","107.4",",m","3",",m","3",",m","0",",m","0",",m","0",",m","0",",m","28",",m","12",",m","5.0",",m,30,","20.8",",,m,15,","37.8",",m,10,","","","21.7",",m","46.4",",,,m","21.10",",m","29.63",",,,m","12.57",",,,m"
"MXN00026234","1985-03","27.1667","-108.8167","456.0","COCHIBAMPO, MX","","","53.7",",m","1",",m","1",",m","0",",m","0",",m","0",",m","0",",m","31",",m","21",",m","2.8",",m,23,+","11.9",",,m,28,","40.6",",m,10,","","","4.2",",m","11.9",",,,m","19.93",",m","33.44",",,,m","6.42",",,,m"
"MXN00026234","1985-04","27.1667","-108.8167","456.0","COCHIBAMPO, MX","","","124.4",",m","3",",m","2",",m","0",",m","0",",m","0",",m","0",",m","30",",m","23",",m","5.0",",m,02,","20.8",",,m,27,","40.0",",m,15,+","","","0.0",",m","32.5",",,,m","22.48",",m","35.50",",,,m","9.45",",,,m"
"MXN00026234","1985-05","27.1667","-108.8167","456.0","COCHIBAMPO, MX","","","176.1",",m","0",",m","0",",m","0",",m","0",",m","0",",m","0",",m","31",",m","24",",m","8.3",",m,13,","0.0",",,m,31,+","40.0",",m,07,","","","0.0",",m","0.0",",,,m","24.01",",m","33.96",",,,m","14.07",",,,m"
"MXN00026234","1985-06","27.1667","-108.8167","456.0","COCHIBAMPO, MX","","","123.3",",m","1",",m","1",",m","0",",m","0",",m","0",",m","0",",m","30",",m","16",",m","5.0",",m,24,+","3.8",",,m,20,","39.4",",m,09,","","","5.3",",m","3.8",",,,m","22.27",",m","32.57",",,,m","11.96",",,,m"
"MXN00026234","1985-07","27.1667","-108.8167","456.0","COCHIBAMPO, MX","","","236.1",",m","14",",m","12",",m","4",",m","0",",m","0",",m","0",",m","31",",m","24",",m","10.0",",m,31,","67.8",",,m,08,","40.6",",m,31,","0.0","m","0.0",",m","284.5",",,,m","25.95",",m","35.11",",,,m","16.79",",,,m"
"MXN00026234","1985-08","27.1667","-108.8167","456.0","COCHIBAMPO, MX","","","151.8",",m","8",",m","8",",m","3",",m","0",",m","0",",m","0",",m","31",",m","14",",m","7.8",",m,16,","49.8",",,m,10,","40.0",",m,27,","1.1","m","1.1",",m","184.6",",,,m","23.20",",m","31.70",",,,m","14.70",",,,m"
"MXN00026234","1985-09","27.1667","-108.8167","456.0","COCHIBAMPO, MX","","","184.7",",m","2",",m","2",",m","2",",m","0",",m","0",",m","0",",m","30",",m","24",",m","5.6",",m,06,","46.0",",,m,11,","41.7",",m,12,+","1.1","m","0.0",",m","91.0",",,,m","24.49",",m","35.03",",,,m","13.95",",,,m"
"MXN00026234","1985-10","27.1667","-108.8167","456.0","COCHIBAMPO, MX","","","168.1","2,m","2","1,m","2","1,m","0","1,m","0","2,m","0","2,m","0","2,m","29","2,m","15","2,m","7.8","2,m,17,","24.9","1,,m,09,","39.4","2,m,17,+","2.7","m","1.6","2,m","36.8","1,,,m","24.07","2,m","32.66","2,,,m","15.49","2,,,m"
"MXN00026234","1985-11","27.1667","-108.8167","456.0","COCHIBAMPO, MX","","","126.6",",m","1",",m","1",",m","1",",m","0",",m","0",",m","0",",m","30",",m","16",",m","5.0",",m,16,","35.8",",,m,25,","42.8",",m,08,","5.2","m","2.5",",m","35.8",",,,m","22.47",",m","32.33",",,,m","12.61",",,,m"
"MXN00026234","1985-12","27.1667","-108.8167","456.0","COCHIBAMPO, MX","","","85.8",",m","0",",m","0",",m","0",",m","0",",m","0",",m","0",",m","31",",m","15",",m","1.7",",m,18,","0.0",",,m,31,+","37.8",",m,30,","12.3","m","7.1",",m","0.0",",,,m","20.87",",m","31.98",",,,m","9.77",",,,m"
"MXN00026234","1986-01","27.1667","-108.8167","456.0","COCHIBAMPO, MX","161.0","","161.0",",m","1",",m","1",",m","0",",m","0",",m","0",",m","0",",m","31",",m","25",",m","5.6",",m,17,+","11.9",",,m,31,","40.0",",m,26,","12.8","","0.5",",m","11.9",",,,m","23.51",",m","35.75",",,,m","11.27",",,,m"
"MXN00026234","1986-02","27.1667","-108.8167","456.0","COCHIBAMPO, MX","249.5","","88.5",",m","2",",m","2",",m","0",",m","0",",m","0",",m","0",",m","28",",m","14",",m","6.7",",m,26,+","4.8",",,m,09,","43.9",",m,26,","13.3","","0.5",",m","9.1",",,,m","21.48",",m","33.97",",,,m","8.98",",,,m"
"MXN00026234","1986-03","27.1667","-108.8167","456.0","COCHIBAMPO, MX","378.0","","128.5",",m","0",",m","0",",m","0",",m","0",",m","0",",m","0",",m","31",",m","25",",m","3.9",",m,31,","0.0",",,m,31,+","43.9",",m,23,","14.1","","0.8",",m","0.0",",,,m","22.45",",m","36.33",",,,m","8.57",",,,m"
