"STATION","DATE","LATITUDE","LONGITUDE","ELEVATION","NAME","CDSD","CDSD_ATTRIBUTES","CLDD","CLDD_ATTRIBUTES","DP01","DP01_ATTRIBUTES","DP10","DP10_ATTRIBUTES","DP1X","DP1X_ATTRIBUTES","DT00","DT00_ATTRIBUTES","DT32","DT32_ATTRIBUTES","DX32","DX32_ATTRIBUTES","DX70","DX70_ATTRIBUTES","DX90","DX90_ATTRIBUTES","EMNT","EMNT_ATTRIBUTES","EMXP","EMXP_ATTRIBUTES","EMXT","EMXT_ATTRIBUTES","HDSD","HDSD_ATTRIBUTES","HTDD","HTDD_ATTRIBUTES","PRCP","PRCP_ATTRIBUTES","TAVG","TAVG_ATTRIBUTES","TMAX","TMAX_ATTRIBUTES","TMIN","TMIN_ATTRIBUTES"
"MXN00020195","2004-01","18.2333","-96.4","34.7","TEMASCAL CFE, MX","99.3","","99.3","2,m","7",",m","4",",m","0",",m","0","1,m","0","1,m","0","1,m","26","1,m","1","1,m","16.1","1,m,30,+","8.1",",,m,27,","32.8","1,m,26,","","","0.0","1,m","25.2",",,,m","21.67","2,m","25.51","1,,,m","17.83","1,,,m"
"MXN00020195","2004-02","18.2333","-96.4","34.7","TEMASCAL CFE, MX","218.1","","118.8",",m","8",",m","6",",m","0",",m","0",",m","0",",m","0",",m","27",",m","0",",m","10.6",",m,21,","6.9",",,m,18,","31.7",",m,11,","","","1.6",",m","34.7",",,,m","22.37",",m","26.94",",,,m","17.81",",,,m"
"MXN00020195","2004-03","18.2333","-96.4","34.7","TEMASCAL CFE, MX","434.5","","216.4",",m","9",",m","5",",m","1",",m","0",",m","0",",m","0",",m","31",",m","8",",m","16.7",",m,26,","30.7",",,m,09,","35.0",",m,28,+","","","0.0",",m","69.9",",,,m","25.31",",m","29.83",",,,m","20.80",",,,m"
"MXN00020195","2004-04","18.2333","-96.4","34.7","TEMASCAL CFE, MX","658.1","","223.6",",m","6",",m","4",",m","1",",m","0",",m","0",",m","0",",m","30",",m","12",",m","14.4",",m,24,","135.9",",,m,26,","36.1",",m,25,+","","","0.0",",m","169.2",",,,m","25.79",",m","31.46",",,,m","20.11",",,,m"
"MXN00020195","2004-05","18.2333","-96.4","34.7","TEMASCAL CFE, MX","936.6","","278.5",",m","10",",m","9",",m","1",",m","0",",m","0",",m","0",",m","31",",m","19",",m","16.1",",m,06,","37.8",",,m,15,","36.7",",m,30,+","","","0.0",",m","151.7",",,,m","27.32",",m","32.17",",,,m","22.46",",,,m"
"MXN00020195","2005-07","18.2333","-96.4","34.7","TEMASCAL CFE, MX","","","304.4",",m","17",",m","16",",m","9",",m","0",",m","0",",m","0",",m","31",",m","22",",m","18.9",",m,20,","72.6",",,m,22,","35.6",",m,10,+","0.0","","0.0",",m","556.9",",,,m","28.15",",m","32.94",",,,m","23.37",",,,m"
"MXN00020195","2005-08","18.2333","-96.4","34.7","TEMASCAL CFE, MX","","","285.1",",m","22",",m","18",",m","6",",m","0",",m","0",",m","0",",m","31",",m","16",",m","21.7",",m,21,+","75.7",",,m,31,","35.6",",m,30,","0.0","","0.0",",m","466.4",",,,m","27.53",",m","31.95",",,,m","23.11",",,,m"
"MXN00020195","2006-04","18.2333","-96.4","34.7","TEMASCAL CFE, MX","","","354.9",",m","0",",m","0",",m","0",",m","0",",m","0",",m","0",",m","30",",m","30",",m","18.9",",m,16,+","0.0",",,m,30,+","40.6",",m,29,+","","","0.0",",m","0.0",",,,m","30.16",",m","38.41",",,,m","21.92",",,,m"
"MXN00020195","2006-05","18.2333","-96.4","34.7","TEMASCAL CFE, MX","","","332.4",",m","11",",m","7",",m","4",",m","0",",m","0",",m","0",",m","31",",m","26",",m","20.0",",m,18,","90.9",",,m,30,","40.0",",m,09,","","","0.0",",m","290.7",",,,m","29.06",",m","34.46",",,,m","23.65",",,,m"
"MXN00020195","2006-06","18.2333","-96.4","34.7","TEMASCAL CFE, MX","","","304.6",",m","14",",m","12",",m","2",",m","0",",m","0",",m","0",",m","30",",m","21",",m","20.6",",m,26,","31.8",",,m,17,","38.9",",m,26,+","","","0.0",",m","169.8",",,,m","28.49",",m","33.61",",,,m","23.37",",,,m"
"MXN00020195","2006-10","18.2333","-96.4","34.7","TEMASCAL CFE, MX","","","287.3",",m","11",",m","8",",m","1",",m","0",",m","0",",m","0",",m","31",",m","22",",m","16.7",",m,25,","27.7",",,m,05,","41.7",",m,21,","","","0.0",",m","111.4",",,,m","27.60",",m","33.45",",,,m","21.76",",,,m"
"MXN00020195","2006-11","18.2333","-96.4","34.7","TEMASCAL CFE, MX","","","226.4",",m","16",",m","9",",m","6",",m","0",",m","0",",m","0",",m","30",",m","11",",m","18.3",",m,13,+","43.9",",,m,21,+","35.0",",m,29,+","","","0.0",",m","316.1",",,,m","25.88",",m","30.97",",,,m","20.79",",,,m"
"MXN00020195","2006-12","18.2333","-96.4","34.7","TEMASCAL CFE, MX","","","241.2",",m","9",",m","5",",m","1",",m","0",",m","0",",m","0",",m","31",",m","11",",m","17.2",",m,05,","36.3",",,m,03,","35.0",",m,29,+","","","0.0",",m","89.1",",,,m","26.11",",m","30.87",",,,m","21.36",",,,m"
"MXN00020195","2007-01","18.2333","-96.4","34.7","TEMASCAL CFE, MX","214.2","m","214.2","3,m","6",",m","2",",m","0",",m","0","2,m","0","2,m","0","2,m","29","2,m","18","2,m","10.0","2,m,18,","11.9",",,m,16,","40.0","2,m,15,","","","0.0","2,m","18.9",",,,m","25.88","3,m","32.26","2,,,m","19.50","2,,,m"
"MXN00020195","2007-02","18.2333","-96.4","34.7","TEMASCAL CFE, MX","327.0","m","112.8","2,m","8",",m","5",",m","1",",m","0","1,m","0","1,m","0","1,m","24","1,m","2","1,m","13.3","1,m,17,","25.9",",,m,03,","33.3","1,m,02,","","","2.8","1,m","75.9",",,,m","22.48","2,m","27.36","1,,,m","17.60","1,,,m"
"MXN00020195","2007-03","18.2333","-96.4","34.7","TEMASCAL CFE, MX","572.6","m","245.6",",m","2",",m","1",",m","1",",m","0",",m","0",",m","0",",m","31",",m","17",",m","15.6",",m,06,+","30.0",",,m,13,","38.9",",m,31,","","","0.0",",m","31.3",",,,m","26.26",",m","32.39",",,,m","20.12",",,,m"
"MXN00020195","2007-04","18.2333","-96.4","34.7","TEMASCAL CFE, MX","890.4","m","317.8",",m","5",",m","2",",m","1",",m","0",",m","0",",m","0",",m","30",",m","28",",m","19.4",",m,16,","42.4",",,m,02,","40.0",",m,30,+","","","0.0",",m","69.2",",,,m","28.93",",m","36.22",",,,m","21.63",",,,m"
"MXN00020195","2007-05","18.2333","-96.4","34.7","TEMASCAL CFE, MX","1270.6","m","380.2","1,m","7",",m","4",",m","1",",m","0",",m","0",",m","0","1,m","30","1,m","29","1,m","21.1",",m,26,","36.3",",,m,25,","41.1","1,m,23,","","","0.0","1,m","67.4",",,,m","31.02","1,m","38.24","1,,,m","23.81",",,,m"
"MXN00020195","2007-06","18.2333","-96.4","34.7","TEMASCAL CFE, MX","1676.0","m","405.4",",m","9",",m","7",",m","4",",m","0",",m","0",",m","0",",m","30",",m","30",",m","22.8",",m,10,+","90.9",",,m,08,","42.2",",m,08,","","","0.0",",m","262.5",",,,m","31.85",",m","39.24",",,,m","24.46",",,,m"
"MXN00020195","2007-07","18.2333","-96.4","34.7","TEMASCAL CFE, MX","2057.8","m","381.8",",m","18",",m","14",",m","4",",m","0",",m","0",",m","0",",m","31",",m","31",",m","20.6",",m,13,","59.9",",,m,21,","40.0",",m,23,+","0.0","m","0.0",",m","292.7",",,,m","30.65",",m","38.02",",,,m","23.28",",,,m"
"MXN00020195","2007-08","18.2333","-96.4","34.7","TEMASCAL CFE, MX","2399.3","m","341.5",",m","19",",m","18",",m","7",",m","0",",m","0",",m","0",",m","31",",m","24",",m","21.1",",m,06,","111.8",",,m,26,","40.0",",m,04,+","0.0","m","0.0",",m","536.0",",,,m","29.35",",m","35.19",",,,m","23.51",",,,m"
"MXN00020195","2007-09","18.2333","-96.4","34.7","TEMASCAL CFE, MX","2729.4","m","330.1",",m","19",",m","19",",m","6",",m","0",",m","0",",m","0",",m","30",",m","29",",m","21.7",",m,13,+","99.8",",,m,27,","38.9",",m,26,","0.0","m","0.0",",m","482.4",",,,m","29.34",",m","35.61",",,,m","23.06",",,,m"
"MXN00020195","2007-10","18.2333","-96.4","34.7","TEMASCAL CFE, MX","3029.4","m","300.0",",m","8",",m","6",",m","1",",m","0",",m","0",",m","0",",m","31",",m","27",",m","19.4",",m,27,","99.8",",,m,19,","37.8",",m,16,","0.0","m","0.0",",m","164.2",",,,m","28.01",",m","33.83",",,,m","22.19",",,,m"
"MXN00020195","2007-11","18.2333","-96.4","34.7","TEMASCAL CFE, MX","3264.8","m","235.4",",m","10",",m","7",",m","0",",m","0",",m","0",",m","0",",m","30",",m","20",",m","17.8",",m,13,","17.8",",,m,15,+","35.0",",m,13,","0.0","m","0.0",",m","72.7",",,,m","26.18",",m","32.15",",,,m","20.21",",,,m"
"MXN00020195","2007-12","18.2333","-96.4","34.7","TEMASCAL CFE, MX","3476.0","m","211.2",",m","3",",m","2",",m","0",",m","0",",m","0",",m","0",",m","31",",m","10",",m","16.7",",m,25,","19.8",",,m,15,","35.0",",m,12,","0.0","m","0.0",",m","24.9",",,,m","25.15",",m","30.61",",,,m","19.68",",,,m"
"MXN00020195","2008-01","18.2333","-96.4","34.7","TEMASCAL CFE, MX","180.4","","180.4",",m","4",",m","1",",m","0",",m","0",",m","0",",m","0",",m","31",",m","11",",m","15.0",",m,04,+","19.8",",,m,01,","35.0",",m,24,","0.0","","0.0",",m","24.7",",,,m","24.15",",m","29.88",",,,m","18.43",",,,m"
"MXN00020195","2008-02","18.2333","-96.4","34.7","TEMASCAL CFE, MX","383.3","","202.9",",m","2",",m","1",",m","0",",m","0",",m","0",",m","0",",m","29",",m","9",",m","16.7",",m,03,","3.3",",,m,10,","38.9",",m,24,","0.0","","0.0",",m","4.6",",,,m","25.33",",m","31.41",",,,m","19.25",",,,m"
"MXN00020195","2008-03","18.2333","-96.4","34.7","TEMASCAL CFE, MX","643.7","","260.4",",m","2",",m","2",",m","0",",m","0",",m","0",",m","0",",m","31",",m","22",",m","14.4",",m,08,","8.9",",,m,07,","41.7",",m,17,","0.0","","0.0",",m","13.7",",,,m","26.73",",m","34.68",",,,m","18.78",",,,m"
"MXN00020195","2008-04","18.2333","-96.4","34.7","TEMASCAL CFE, MX","991.6","","347.9",",m","2",",m","1",",m","0",",m","0",",m","0",",m","0",",m","30",",m","24",",m","18.3",",m,17,","5.8",",,m,12,","44.4",",m,10,","0.0","","0.0",",m","7.1",",,,m","29.93",",m","37.68",",,,m","22.18",",,,m"
"MXN00020195","2008-05","18.2333","-96.4","34.7","TEMASCAL CFE, MX","1372.2","","380.6",",m","7",",m","4",",m","3",",m","0",",m","0",",m","0",",m","31",",m","25",",m","20.6",",m,01,","131.3",",,m,18,","43.9",",m,15,","0.0","","0.0",",m","217.8",",,,m","30.61",",m","37.58",",,,m","23.64",",,,m"
"MXN00020195","2008-06","18.2333","-96.4","34.7","TEMASCAL CFE, MX","1648.0","","275.8",",m","22",",m","19",",m","7",",m","0",",m","0",",m","0",",m","30",",m","18",",m","19.4",",m,13,","168.9",",,m,30,","40.0",",m,11,","0.0","","0.0",",m","596.7",",,,m","27.53",",m","33.43",",,,m","21.63",",,,m"
"MXN00020195","2008-07","18.2333","-96.4","34.7","TEMASCAL CFE, MX","1912.6","","264.6",",m","17",",m","14",",m","9",",m","0",",m","0",",m","0",",m","31",",m","17",",m","20.0",",m,26,+","72.9",",,m,12,","36.7",",m,24,+","0.0","","0.0",",m","407.5",",,,m","26.87",",m","32.53",",,,m","21.21",",,,m"
"MXN00020195","2008-08","18.2333","-96.4","34.7","TEMASCAL CFE, MX","2229.0","","316.4",",m","17",",m","16",",m","7",",m","0",",m","0",",m","0",",m","31",",m","25",",m","21.1",",m,07,+","119.9",",,m,02,","36.7",",m,23,+","0.0","","0.0",",m","534.9",",,,m","28.54",",m","33.97",",,,m","23.11",",,,m"
"MXN00020195","2008-09","18.2333","-96.4","34.7","TEMASCAL CFE, MX","2491.9","","262.9",",m","17",",m","12",",m","8",",m","0",",m","0",",m","0",",m","30",",m","14",",m","20.6",",m,28,+","99.8",",,m,07,","36.1",",m,14,+","0.0","","0.0",",m","511.1",",,,m","27.10",",m","31.63",",,,m","22.56",",,,m"
"MXN00020195","2009-04","18.2333","-96.4","34.7","TEMASCAL CFE, MX","","","302.9",",m","2",",m","2",",m","0",",m","0",",m","0",",m","0",",m","30",",m","27",",m","17.8",",m,10,+","4.8",",,m,19,","40.0",",m,05,","","","0.0",",m","7.8",",,,m","28.43",",m","35.54",",,,m","21.32",",,,m"
"MXN00020195","2009-05","18.2333","-96.4","34.7","TEMASCAL CFE, MX","","","354.4",",m","7",",m","3",",m","0",",m","0",",m","0",",m","0",",m","31",",m","28",",m","20.6",",m,21,","7.4",",,m,17,","40.0",",m,07,","","","0.0",",m","24.4",",,,m","29.77",",m","36.06",",,,m","23.47",",,,m"
"MXN00020195","2009-06","18.2333","-96.4","34.7","TEMASCAL CFE, MX","","","325.8",",m","15",",m","13",",m","3",",m","0",",m","0",",m","0",",m","30",",m","27",",m","21.1",",m,16,","50.3",",,m,15,","38.9",",m,12,","","","0.0",",m","266.0",",,,m","29.19",",m","34.81",",,,m","23.57",",,,m"
"MXN00020195","2009-07","18.2333","-96.4","34.7","TEMASCAL CFE, MX","","","304.3",",m","11",",m","11",",m","3",",m","0",",m","0",",m","0",",m","31",",m","21",",m","20.6",",m,15,+","140.5",",,m,10,","37.2",",m,06,","0.0","","0.0",",m","401.3",",,,m","28.15",",m","33.18",",,,m","23.12",",,,m"
"MXN00020195","2009-08","18.2333","-96.4","34.7","TEMASCAL CFE, MX","","","301.1",",m","16",",m","14",",m","4",",m","0",",m","0",",m","0",",m","31",",m","25",",m","20.6",",m,01,","69.9",",,m,09,","36.1",",m,14,","0.0","","0.0",",m","354.9",",,,m","28.05",",m","33.17",",,,m","22.92",",,,m"
"MXN00020195","2009-09","18.2333","-96.4","34.7","TEMASCAL CFE, MX","","","268.9",",m","21",",m","18",",m","5",",m","0",",m","0",",m","0",",m","30",",m","16",",m","21.1",",m,06,+","64.8",",,m,27,","34.4",",m,13,","0.0","","0.0",",m","398.3",",,,m","27.30",",m","31.94",",,,m","22.65",",,,m"
"MXN00020195","2011-01","18.2333","-96.4","34.7","TEMASCAL CFE, MX","106.0","","106.0",",m","10",",m","3",",m","0",",m","0",",m","0",",m","0",",m","27",",m","0",",m","15.0",",m,14,","10.9",",,m,13,","30.6",",m,01,","","","1.7",",m","32.2",",,,m","21.70",",m","26.05",",,,m","17.35",",,,m"
"MXN00020195","2011-02","18.2333","-96.4","34.7","TEMASCAL CFE, MX","219.0","","113.0",",m","4",",m","2",",m","0",",m","0",",m","0",",m","0",",m","23",",m","5",",m","11.7",",m,06,","18.3",",,m,12,","35.0",",m,28,","","","6.6",",m","22.7",",,,m","22.13",",m","27.09",",,,m","17.17",",,,m"
"MXN00020195","2011-03","18.2333","-96.4","34.7","TEMASCAL CFE, MX","444.5","","225.5",",m","0",",m","0",",m","0",",m","0",",m","0",",m","0",",m","31",",m","15",",m","15.6",",m,12,","0.0",",,m,31,+","37.8",",m,30,","","","0.0",",m","0.0",",,,m","25.61",",m","31.60",",,,m","19.62",",,,m"
"MXN00020195","2012-01","18.2333","-96.4","34.7","TEMASCAL CFE, MX","116.4","","116.4",",m","7",",m","6",",m","3",",m","0",",m","0",",m","0",",m","28",",m","0",",m","15.6",",m,08,+","74.9",",,m,01,","31.7",",m,25,","","","0.5",",m","184.0",",,,m","22.07",",m","25.84",",,,m","18.30",",,,m"
"MXN00020195","2012-02","18.2333","-96.4","34.7","TEMASCAL CFE, MX","257.5","","141.1",",m","8",",m","3",",m","0",",m","0",",m","0",",m","0",",m","28",",m","0",",m","16.7",",m,27,+","16.3",",,m,05,","31.7",",m,24,+","","","0.0",",m","48.4",",,,m","23.20",",m","27.46",",,,m","18.94",",,,m"
"MXN00020195","2012-03","18.2333","-96.4","34.7","TEMASCAL CFE, MX","495.4","","237.9",",m","3",",m","2",",m","0",",m","0",",m","0",",m","0",",m","31",",m","16",",m","17.8",",m,05,","15.7",",,m,09,","34.4",",m,25,","","","0.0",",m","23.4",",,,m","26.01",",m","31.39",",,,m","20.62",",,,m"
"MXN00020195","2012-04","18.2333","-96.4","34.7","TEMASCAL CFE, MX","762.7","","267.3",",m","5",",m","3",",m","1",",m","0",",m","0",",m","0",",m","30",",m","24",",m","18.3",",m,24,","63.0",",,m,08,","36.1",",m,16,","","","0.0",",m","85.4",",,,m","27.24",",m","33.35",",,,m","21.14",",,,m"
