"STATION","DATE","LATITUDE","LONGITUDE","ELEVATION","NAME","CDSD","CDSD_ATTRIBUTES","CLDD","CLDD_ATTRIBUTES","DP01","DP01_ATTRIBUTES","DP10","DP10_ATTRIBUTES","DP1X","DP1X_ATTRIBUTES","DT00","DT00_ATTRIBUTES","DT32","DT32_ATTRIBUTES","DX32","DX32_ATTRIBUTES","DX70","DX70_ATTRIBUTES","DX90","DX90_ATTRIBUTES","EMNT","EMNT_ATTRIBUTES","EMXP","EMXP_ATTRIBUTES","EMXT","EMXT_ATTRIBUTES","HDSD","HDSD_ATTRIBUTES","HTDD","HTDD_ATTRIBUTES","PRCP","PRCP_ATTRIBUTES","TAVG","TAVG_ATTRIBUTES","TMAX","TMAX_ATTRIBUTES","TMIN","TMIN_ATTRIBUTES"
"MXN00031053","1975-10","21.4","-87.8667","8.8","DZONOT CARRETERO, MX","","","190.7",",m","12",",m","11",",m","0",",m","0",",m","0",",m","0",",m","31",",m","0",",m","17.8",",m,22,+","21.8",",,m,09,","31.1",",m,05,+","","","0.0",",m","105.3",",,,m","24.49",",m","29.15",",,,m","19.82",",,,m"
"MXN00031053","1975-11","21.4","-87.8667","8.8","DZONOT CARRETERO, MX","","","113.0",",m","6",",m","4",",m","0",",m","0",",m","0",",m","0",",m","30",",m","0",",m","10.0",",m,05,","9.9",",,m,12,+","31.1",",m,17,","","","0.0",",m","29.0",",,,m","22.10",",m","28.32",",,,m","15.87",",,,m"
"MXN00031053","1975-12","21.4","-87.8667","8.8","DZONOT CARRETERO, MX","","","67.8",",m","0",",m","0",",m","0",",m","0",",m","0",",m","0",",m","31",",m","0",",m","5.6",",m,30,","0.0",",,m,31,+","30.0",",m,31,+","","","6.3",",m","0.0",",,,m","20.32",",m","27.49",",,,m","13.15",",,,m"
"MXN00031053","1976-01","21.4","-87.8667","8.8","DZONOT CARRETERO, MX","154.3","m","154.3",",m","1",",m","1",",m","0",",m","0",",m","0",",m","0",",m","31",",m","14",",m","10.0",",m,23,+","2.8",",,m,21,","36.7",",m,30,+","","","0.0",",m","2.8",",,,m","23.31",",m","31.81",",,,m","14.82",",,,m"
"MXN00031053","1976-02","21.4","-87.8667","8.8","DZONOT CARRETERO, MX","304.5","m","150.2",",m","2",",m","1",",m","0",",m","0",",m","0",",m","0",",m","29",",m","4",",m","13.9",",m,14,","2.8",",,m,26,","32.8",",m,21,+","","","0.0",",m","3.6",",,,m","23.51",",m","30.11",",,,m","16.91",",,,m"
"MXN00031053","1976-03","21.4","-87.8667","8.8","DZONOT CARRETERO, MX","508.1","m","203.6",",m","0",",m","0",",m","0",",m","0",",m","0",",m","0",",m","31",",m","11",",m","15.0",",m,20,+","0.0",",,m,31,+","33.9",",m,30,+","","","0.0",",m","0.0",",,,m","24.90",",m","31.51",",,,m","18.29",",,,m"
"MXN00031053","1976-04","21.4","-87.8667","8.8","DZONOT CARRETERO, MX","699.8","m","191.7",",m","1",",m","0",",m","0",",m","0",",m","0",",m","0",",m","30",",m","14",",m","12.8",",m,20,+","1.0",",,m,07,","35.0",",m,21,","","","0.0",",m","1.0",",,,m","24.72",",m","31.92",",,,m","17.52",",,,m"
"MXN00031053","1976-05","21.4","-87.8667","8.8","DZONOT CARRETERO, MX","929.3","m","229.5",",m","4",",m","4",",m","2",",m","0",",m","0",",m","0",",m","31",",m","9",",m","15.0",",m,08,","110.0",",,m,13,","35.0",",m,16,","","","0.0",",m","199.4",",,,m","25.74",",m","31.11",",,,m","20.36",",,,m"
"MXN00031053","1976-06","21.4","-87.8667","8.8","DZONOT CARRETERO, MX","1170.9","m","241.6",",m","11",",m","6",",m","0",",m","0",",m","0",",m","0",",m","30",",m","12",",m","18.3",",m,15,","9.9",",,m,16,+","36.7",",m,24,","","","0.0",",m","48.7",",,,m","26.39",",m","31.39",",,,m","21.39",",,,m"
"MXN00031053","1976-07","21.4","-87.8667","8.8","DZONOT CARRETERO, MX","1412.9","m","242.0",",m","7",",m","4",",m","2",",m","0",",m","0",",m","0",",m","31",",m","15",",m","17.2",",m,24,","89.9",",,m,11,","37.8",",m,15,","0.0","m","0.0",",m","140.6",",,,m","26.14",",m","32.45",",,,m","19.83",",,,m"
"MXN00031053","1976-08","21.4","-87.8667","8.8","DZONOT CARRETERO, MX","1645.0","m","232.1",",m","3",",m","2",",m","0",",m","0",",m","0",",m","0",",m","31",",m","10",",m","17.8",",m,22,+","6.9",",,m,19,","35.0",",m,17,+","0.0","m","0.0",",m","14.0",",,,m","25.82",",m","31.61",",,,m","20.03",",,,m"
"MXN00031053","1976-09","21.4","-87.8667","8.8","DZONOT CARRETERO, MX","1885.8","m","240.8",",m","11",",m","7",",m","1",",m","0",",m","0",",m","0",",m","30",",m","22",",m","15.0",",m,21,","33.8",",,m,06,","35.0",",m,22,+","0.0","m","0.0",",m","79.8",",,,m","26.36",",m","32.70",",,,m","20.01",",,,m"
"MXN00031053","1976-10","21.4","-87.8667","8.8","DZONOT CARRETERO, MX","2102.3","m","216.5",",m","8",",m","3",",m","0",",m","0",",m","0",",m","0",",m","31",",m","7",",m","15.0",",m,15,","6.9",",,m,07,+","35.0",",m,25,","0.0","m","0.0",",m","24.6",",,,m","25.32",",m","30.55",",,,m","20.09",",,,m"
"MXN00031053","1976-11","21.4","-87.8667","8.8","DZONOT CARRETERO, MX","2285.9","m","183.6",",m","10",",m","7",",m","1",",m","0",",m","0",",m","0",",m","30",",m","6",",m","12.8",",m,09,+","26.9",",,m,14,","35.6",",m,02,","0.0","m","0.0",",m","98.4",",,,m","24.45",",m","30.59",",,,m","18.31",",,,m"
"MXN00031053","1976-12","21.4","-87.8667","8.8","DZONOT CARRETERO, MX","2444.5","m","158.6",",m","10",",m","7",",m","1",",m","0",",m","0",",m","0",",m","31",",m","0",",m","15.0",",m,31,+","41.9",",,m,15,","30.6",",m,29,+","0.0","m","0.0",",m","106.3",",,,m","23.45",",m","28.73",",,,m","18.17",",,,m"
"MXN00031053","1977-01","21.4","-87.8667","8.8","DZONOT CARRETERO, MX","176.1","m","176.1",",m","2",",m","2",",m","0",",m","0",",m","0",",m","0",",m","31",",m","0",",m","17.8",",m,31,+","13.0",",,m,31,","31.7",",m,31,+","0.0","m","0.0",",m","16.8",",,,m","24.01",",m","28.85",",,,m","19.17",",,,m"
"MXN00031053","1977-02","21.4","-87.8667","8.8","DZONOT CARRETERO, MX","326.7","m","150.6",",m","8",",m","8",",m","0",",m","0",",m","0",",m","0",",m","28",",m","3",",m","15.6",",m,20,+","8.9",",,m,13,","32.8",",m,26,+","0.0","m","0.0",",m","44.7",",,,m","23.71",",m","28.95",",,,m","18.48",",,,m"
"MXN00031053","1977-03","21.4","-87.8667","8.8","DZONOT CARRETERO, MX","653.0","m","326.3",",m","3",",m","0",",m","0",",m","0",",m","0",",m","0",",m","31",",m","28",",m","17.8",",m,01,","1.3",",,m,07,","39.4",",m,28,","0.0","m","0.0",",m","1.9",",,,m","28.86",",m","35.97",",,,m","21.75",",,,m"
"MXN00031053","1977-04","21.4","-87.8667","8.8","DZONOT CARRETERO, MX","844.2","m","191.2",",m","5",",m","3",",m","3",",m","0",",m","0",",m","0",",m","30",",m","9",",m","13.9",",m,26,","48.8",",,m,22,","35.0",",m,17,+","0.0","m","0.0",",m","117.2",",,,m","24.71",",m","30.75",",,,m","18.66",",,,m"
"MXN00031053","1977-05","21.4","-87.8667","8.8","DZONOT CARRETERO, MX","1049.7","m","205.5",",m","1",",m","1",",m","1",",m","0",",m","0",",m","0",",m","31",",m","6",",m","16.7",",m,26,+","40.9",",,m,17,","33.9",",m,08,","0.0","m","0.0",",m","40.9",",,,m","24.96",",m","30.88",",,,m","19.05",",,,m"
"MXN00031053","1977-06","21.4","-87.8667","8.8","DZONOT CARRETERO, MX","1233.7","m","184.0",",m","3",",m","2",",m","0",",m","0",",m","0",",m","0",",m","30",",m","11",",m","15.6",",m,30,+","15.7",",,m,11,","35.0",",m,13,+","0.0","m","0.0",",m","19.3",",,,m","24.47",",m","31.67",",,,m","17.26",",,,m"
"MXN00031053","1977-07","21.4","-87.8667","8.8","DZONOT CARRETERO, MX","1467.2","m","233.5",",m","4",",m","2",",m","0",",m","0",",m","0",",m","0",",m","31",",m","10",",m","17.8",",m,27,","17.8",",,m,12,","33.9",",m,31,+","0.0","m","0.0",",m","27.3",",,,m","25.86",",m","31.86",",,,m","19.87",",,,m"
"MXN00031053","1977-08","21.4","-87.8667","8.8","DZONOT CARRETERO, MX","1732.2","m","265.0",",m","10",",m","10",",m","6",",m","0",",m","0",",m","0",",m","31",",m","24",",m","18.9",",m,10,","49.8",",,m,03,","35.0",",m,31,+","0.0","m","0.0",",m","269.1",",,,m","26.88",",m","33.03",",,,m","20.74",",,,m"
"MXN00031053","1977-09","21.4","-87.8667","8.8","DZONOT CARRETERO, MX","1983.8","m","251.6",",m","7",",m","7",",m","3",",m","0",",m","0",",m","0",",m","30",",m","18",",m","20.0",",m,29,+","50.3",",,m,04,","35.0",",m,30,+","0.0","m","0.0",",m","177.1",",,,m","26.72",",m","32.87",",,,m","20.57",",,,m"
"MXN00031053","1977-10","21.4","-87.8667","8.8","DZONOT CARRETERO, MX","2212.8","m","229.0",",m","4",",m","4",",m","0",",m","0",",m","0",",m","0",",m","31",",m","10",",m","17.8",",m,28,+","12.2",",,m,14,","36.7",",m,24,","0.0","m","0.0",",m","45.9",",,,m","25.72",",m","31.85",",,,m","19.59",",,,m"
"MXN00031053","1977-11","21.4","-87.8667","8.8","DZONOT CARRETERO, MX","2455.4","m","242.6",",m","2",",m","2",",m","0",",m","0",",m","0",",m","0",",m","30",",m","17",",m","16.7",",m,14,","10.9",",,m,09,+","37.8",",m,24,","0.0","m","0.0",",m","21.8",",,,m","26.42",",m","33.06",",,,m","19.78",",,,m"
"MXN00031053","1977-12","21.4","-87.8667","8.8","DZONOT CARRETERO, MX","2659.9","m","204.5",",m","5",",m","5",",m","1",",m","0",",m","0",",m","0",",m","31",",m","1",",m","16.7",",m,26,","30.0",",,m,11,","32.8",",m,01,","0.0","m","0.0",",m","67.6",",,,m","24.93",",m","29.84",",,,m","20.02",",,,m"
"MXN00031053","1978-01","21.4","-87.8667","8.8","DZONOT CARRETERO, MX","209.0","","209.0",",m","2",",m","1",",m","0",",m","0",",m","0",",m","0",",m","31",",m","1",",m","16.7",",m,10,","4.8",",,m,16,","32.8",",m,29,","0.0","","0.0",",m","6.6",",,,m","25.08",",m","29.91",",,,m","20.25",",,,m"
"MXN00031053","1978-02","21.4","-87.8667","8.8","DZONOT CARRETERO, MX","405.6","","196.6",",m","0",",m","0",",m","0",",m","0",",m","0",",m","0",",m","28",",m","4",",m","17.8",",m,28,+","0.0",",,m,28,+","35.6",",m,13,","0.0","","0.0",",m","0.0",",,,m","25.35",",m","30.93",",,,m","19.78",",,,m"
"MXN00031053","1978-03","21.4","-87.8667","8.8","DZONOT CARRETERO, MX","648.2","","242.6",",m","4",",m","4",",m","1",",m","0",",m","0",",m","0",",m","31",",m","9",",m","20.0",",m,30,+","31.8",",,m,24,","35.6",",m,11,","0.0","","0.0",",m","75.5",",,,m","26.16",",m","31.26",",,,m","21.06",",,,m"
"MXN00031053","1982-05","21.4","-87.8667","8.8","DZONOT CARRETERO, MX","","","295.8",",m","2",",m","1",",m","0",",m","0",",m","0",",m","0",",m","31",",m","27",",m","20.0",",m,23,+","7.4",",,m,23,","38.3",",m,05,","","","0.0",",m","8.9",",,,m","27.87",",m","34.34",",,,m","21.41",",,,m"
"MXN00031053","1982-06","21.4","-87.8667","8.8","DZONOT CARRETERO, MX","","","271.1",",m","3",",m","3",",m","1",",m","0",",m","0",",m","0",",m","30",",m","21",",m","18.9",",m,19,+","40.1",",,m,02,","36.7",",m,30,+","","","0.0",",m","70.6",",,,m","27.37",",m","33.33",",,,m","21.41",",,,m"
