"STATION","DATE","LATITUDE","LONGITUDE","ELEVATION","NAME","CDSD","CDSD_ATTRIBUTES","CLDD","CLDD_ATTRIBUTES","DT00","DT00_ATTRIBUTES","DT32","DT32_ATTRIBUTES","DX32","DX32_ATTRIBUTES","DX70","DX70_ATTRIBUTES","DX90","DX90_ATTRIBUTES","EMNT","EMNT_ATTRIBUTES","EMXT","EMXT_ATTRIBUTES","HDSD","HDSD_ATTRIBUTES","HTDD","HTDD_ATTRIBUTES","TAVG","TAVG_ATTRIBUTES","TMAX","TMAX_ATTRIBUTES","TMIN","TMIN_ATTRIBUTES"
"NOE00156755","2014-11","68.4208","17.4803","1000.0","NARVIK FAGERNESFJELLET, NO","","","0.0",",E","0",",E","29",",E","17",",E","0",",E","0",",E","-11.1",",E,05,","6.2",",E,17,","","","620.6",",E","-2.35",",E","-0.11",",,,E","-4.60",",,,E"
"NOE00156755","2014-12","68.4208","17.4803","1000.0","NARVIK FAGERNESFJELLET, NO","","","0.0",",E","0",",E","31",",E","28",",E","0",",E","0",",E","-12.1",",E,29,+","1.3",",E,05,","","","770.3",",E","-6.52",",E","-4.85",",,,E","-8.18",",,,E"
"NOE00156755","2015-01","68.4208","17.4803","1000.0","NARVIK FAGERNESFJELLET, NO","0.0","E","0.0",",E","0",",E","31",",E","28",",E","0",",E","0",",E","-16.8",",E,13,","1.5",",E,01,","","","768.8",",E","-6.47",",E","-4.34",",,,E","-8.60",",,,E"
"NOE00156755","2015-02","68.4208","17.4803","1000.0","NARVIK FAGERNESFJELLET, NO","0.0","E","0.0",",E","0",",E","28",",E","27",",E","0",",E","0",",E","-15.0",",E,04,","1.3",",E,16,","","","703.1",",E","-6.78",",E","-4.33",",,,E","-9.23",",,,E"
"NOE00156755","2015-03","68.4208","17.4803","1000.0","NARVIK FAGERNESFJELLET, NO","0.0","E","0.0",",E","0",",E","31",",E","26",",E","0",",E","0",",E","-13.5",",E,21,","3.8",",E,15,","","","712.3",",E","-4.65",",E","-2.71",",,,E","-6.58",",,,E"
"NOE00156755","2015-04","68.4208","17.4803","1000.0","NARVIK FAGERNESFJELLET, NO","0.0","E","0.0",",E","0",",E","30",",E","30",",E","0",",E","0",",E","-9.7",",E,29,","-0.2",",E,12,","","","679.9",",E","-4.33",",E","-2.74",",,,E","-5.92",",,,E"
"NOE00156755","2015-05","68.4208","17.4803","1000.0","NARVIK FAGERNESFJELLET, NO","0.0","E","0.0",",E","0",",E","25",",E","12",",E","0",",E","0",",E","-8.2",",E,16,","8.0",",E,31,","","","584.4",",E","-0.52",",E","1.65",",,,E","-2.68",",,,E"
"NOE00156755","2015-06","68.4208","17.4803","1000.0","NARVIK FAGERNESFJELLET, NO","0.0","E","0.0",",E","0",",E","19",",E","7",",E","0",",E","0",",E","-3.7",",E,13,","12.5",",E,23,","","","503.5",",E","1.55",",E","3.45",",,,E","-0.35",",,,E"
"NOE00156755","2015-07","68.4208","17.4803","1000.0","NARVIK FAGERNESFJELLET, NO","0.0","E","0.0",",E","0",",E","1",",E","0",",E","0",",E","0",",E","-0.4",",E,05,","13.9",",E,13,","349.5","E","349.5",",E","7.06",",E","9.55",",,,E","4.57",",,,E"
"NOE00156755","2015-08","68.4208","17.4803","1000.0","NARVIK FAGERNESFJELLET, NO","0.0","E","0.0",",E","0",",E","0",",E","0",",E","0",",E","0",",E","1.6",",E,13,","18.2",",E,20,","613.2","E","263.7",",E","9.83",",E","12.13",",,,E","7.52",",,,E"
"NOE00156755","2015-09","68.4208","17.4803","1000.0","NARVIK FAGERNESFJELLET, NO","0.0","E","0.0",",E","0",",E","5",",E","0",",E","0",",E","0",",E","-1.2",",E,02,","17.4",",E,11,","996.4","E","383.2",",E","5.56",",E","7.47",",,,E","3.65",",,,E"
"NOE00156755","2015-10","68.4208","17.4803","1000.0","NARVIK FAGERNESFJELLET, NO","0.0","E","0.0",",E","0",",E","27",",E","11",",E","0",",E","0",",E","-9.3",",E,27,","6.0",",E,31,","1590.5","E","594.1",",E","-0.83",",E","0.98",",,,E","-2.64",",,,E"
"NOE00156755","2015-11","68.4208","17.4803","1000.0","NARVIK FAGERNESFJELLET, NO","0.0","E","0.0",",E","0",",E","30",",E","22",",E","0",",E","0",",E","-11.8",",E,22,","5.0",",E,07,","2230.0","E","639.5",",E","-2.99",",E","-1.44",",,,E","-4.53",",,,E"
"NOE00156755","2015-12","68.4208","17.4803","1000.0","NARVIK FAGERNESFJELLET, NO","0.0","E","0.0",",E","0",",E","31",",E","23",",E","0",",E","0",",E","-12.8",",E,27,","6.2",",E,29,","2944.2","E","714.2",",E","-4.71",",E","-2.34",",,,E","-7.07",",,,E"
"NOE00156755","2016-01","68.4208","17.4803","1000.0","NARVIK FAGERNESFJELLET, NO","0.0","E","0.0",",E","2",",E","31",",E","28",",E","0",",E","0",",E","-20.7",",E,08,","4.7",",E,01,","3771.8","E","827.6",",E","-8.36",",E","-6.24",",,,E","-10.49",",,,E"
"NOE00156755","2016-02","68.4208","17.4803","1000.0","NARVIK FAGERNESFJELLET, NO","0.0","E","0.0",",E","0",",E","29",",E","29",",E","0",",E","0",",E","-12.3",",E,26,","-0.3",",E,18,","4515.6","E","743.8",",E","-7.32",",E","-5.69",",,,E","-8.94",",,,E"
"NOE00156755","2016-03","68.4208","17.4803","1000.0","NARVIK FAGERNESFJELLET, NO","0.0","E","0.0",",E","0",",E","31",",E","26",",E","0",",E","0",",E","-13.5",",E,22,+","2.1",",E,30,","5251.1","E","735.5",",E","-5.39",",E","-3.69",",,,E","-7.10",",,,E"
"NOE00156755","2016-04","68.4208","17.4803","1000.0","NARVIK FAGERNESFJELLET, NO","0.0","E","0.0",",E","0",",E","30",",E","26",",E","0",",E","0",",E","-13.5",",E,02,","5.9",",E,29,","5945.5","E","694.4",",E","-4.82",",E","-1.79",",,,E","-7.84",",,,E"
"NOE00156755","2016-05","68.4208","17.4803","1000.0","NARVIK FAGERNESFJELLET, NO","0.0","E","0.0",",E","0",",E","25",",E","11",",E","0",",E","0",",E","-6.8",",E,11,","14.2",",E,30,","6494.4","E","548.9",",E","0.63",",E","3.47",",,,E","-2.22",",,,E"
"NOE00156755","2016-06","68.4208","17.4803","1000.0","NARVIK FAGERNESFJELLET, NO","0.0","E","0.0",",E","0",",E","16",",E","2",",E","0",",E","0",",E","-3.7",",E,08,","17.7",",E,27,","6943.5","E","449.1",",E","3.36",",E","6.03",",,,E","0.70",",,,E"
"NOE00156755","2016-07","68.4208","17.4803","1000.0","NARVIK FAGERNESFJELLET, NO","0.0","E","0.0",",E","0",",E","0",",E","0",",E","0",",E","0",",E","1.5",",E,18,","20.4",",E,22,","285.1","E","285.1",",E","9.14",",E","11.54",",,,E","6.74",",,,E"
"NOE00156755","2016-08","68.4208","17.4803","1000.0","NARVIK FAGERNESFJELLET, NO","0.0","E","0.0",",E","0",",E","5",",E","0",",E","0",",E","0",",E","-1.2",",E,28,","16.9",",E,18,","654.7","E","369.6",",E","6.41",",E","8.90",",,,E","3.92",",,,E"
"NOE00156755","2016-09","68.4208","17.4803","1000.0","NARVIK FAGERNESFJELLET, NO","0.0","E","0.0",",E","0",",E","3",",E","0",",E","0",",E","0",",E","-1.2",",E,05,","13.5",",E,14,","1025.9","E","371.2",",E","5.96",",E","8.33",",,,E","3.59",",,,E"
"NOE00156755","2016-10","68.4208","17.4803","1000.0","NARVIK FAGERNESFJELLET, NO","0.0","E","0.0",",E","0",",E","19",",E","7",",E","0",",E","0",",E","-5.3",",E,31,","12.1",",E,09,","1545.2","E","519.3",",E","1.58",",E","3.61",",,,E","-0.45",",,,E"
"NOE00156755","2016-11","68.4208","17.4803","1000.0","NARVIK FAGERNESFJELLET, NO","0.0","E","0.0",",E","0",",E","30",",E","25",",E","0",",E","0",",E","-10.4",",E,05,","2.9",",E,14,","2235.4","E","690.2",",E","-4.67",",E","-3.01",",,,E","-6.34",",,,E"
"NOE00156755","2016-12","68.4208","17.4803","1000.0","NARVIK FAGERNESFJELLET, NO","0.0","E","0.0",",E","0",",E","31",",E","24",",E","0",",E","0",",E","-11.4",",E,09,","4.3",",E,19,","2943.2","E","707.8",",E","-4.50",",E","-2.71",",,,E","-6.29",",,,E"
"NOE00156755","2017-01","68.4208","17.4803","1000.0","NARVIK FAGERNESFJELLET, NO","0.0","E","0.0",",E","1",",E","31",",E","27",",E","0",",E","0",",E","-18.8",",E,04,","1.5",",E,27,","3713.2","E","770.0",",E","-6.51",",E","-4.31",",,,E","-8.70",",,,E"
"NOE00156755","2017-02","68.4208","17.4803","1000.0","NARVIK FAGERNESFJELLET, NO","0.0","E","0.0",",E","0",",E","28",",E","24",",E","0",",E","0",",E","-14.9",",E,23,","2.2",",E,04,","4389.0","E","675.8",",E","-5.80",",E","-3.96",",,,E","-7.64",",,,E"
"NOE00156755","2017-03","68.4208","17.4803","1000.0","NARVIK FAGERNESFJELLET, NO","0.0","E","0.0",",E","0",",E","31",",E","31",",E","0",",E","0",",E","-12.5",",E,19,","-0.5",",E,26,","5158.3","E","769.3",",E","-6.48",",E","-4.57",",,,E","-8.40",",,,E"
"NOE00156755","2017-04","68.4208","17.4803","1000.0","NARVIK FAGERNESFJELLET, NO","0.0","E","0.0",",E","0",",E","30",",E","30",",E","0",",E","0",",E","-12.8",",E,14,","-0.1",",E,04,","5884.4","E","726.1",",E","-5.87",",E","-3.79",",,,E","-7.95",",,,E"
"NOE00156755","2017-05","68.4208","17.4803","1000.0","NARVIK FAGERNESFJELLET, NO","0.0","E","0.0",",E","0",",E","29",",E","20",",E","0",",E","0",",E","-10.9",",E,08,","6.5",",E,17,","6536.0","E","651.6",",E","-2.69",",E","-0.52",",,,E","-4.85",",,,E"
"NOE00156755","2017-06","68.4208","17.4803","1000.0","NARVIK FAGERNESFJELLET, NO","0.0","E","0.0",",E","0",",E","8",",E","2",",E","0",",E","0",",E","-5.4",",E,02,","16.8",",E,09,","6933.2","E","397.2",",E","5.09",",E","7.36",",,,E","2.82",",,,E"
"NOE00156755","2017-07","68.4208","17.4803","1000.0","NARVIK FAGERNESFJELLET, NO","0.0","E","0.0",",E","0",",E","3",",E","0",",E","0",",E","0",",E","-1.3",",E,06,","18.9",",E,27,","322.0","E","322.0",",E","7.95",",E","10.34",",,,E","5.55",",,,E"
"NOE00156755","2017-08","68.4208","17.4803","1000.0","NARVIK FAGERNESFJELLET, NO","0.0","E","0.0",",E","0",",E","1",",E","0",",E","0",",E","0",",E","-0.4",",E,22,","14.4",",E,04,","693.7","E","371.7",",E","6.34",",E","8.66",",,,E","4.02",",,,E"
"NOE00156755","2017-09","68.4208","17.4803","1000.0","NARVIK FAGERNESFJELLET, NO","0.0","E","0.0",",E","0",",E","3",",E","0",",E","0",",E","0",",E","-1.4",",E,21,","16.5",",E,30,","1023.8","E","330.1",",E","7.33",",E","9.69",",,,E","4.96",",,,E"
"NOE00156755","2017-11","68.4208","17.4803","1000.0","NARVIK FAGERNESFJELLET, NO","","","0.0",",E","0",",E","30",",E","26",",E","0",",E","0",",E","-11.5",",E,23,+","3.6",",E,08,","","","697.3",",E","-4.91",",E","-3.32",",,,E","-6.50",",,,E"
"NOE00156755","2017-12","68.4208","17.4803","1000.0","NARVIK FAGERNESFJELLET, NO","","","0.0","1,E","0","1,E","30","1,E","28","1,E","0","1,E","0","1,E","-12.3","1,E,28,","2.1","1,E,20,","","","748.5","1,E","-6.62","1,E","-4.97","1,,,E","-8.26","1,,,E"
"NOE00156755","2018-01","68.4208","17.4803","1000.0","NARVIK FAGERNESFJELLET, NO","0.0","E","0.0",",E","0",",E","31",",E","28",",E","0",",E","0",",E","-14.6",",E,18,","4.0",",E,11,","","","797.2",",E","-7.38",",E","-5.42",",,,E","-9.35",",,,E"
"NOE00156755","2018-02","68.4208","17.4803","1000.0","NARVIK FAGERNESFJELLET, NO","0.0","E","0.0",",E","0",",E","28",",E","28",",E","0",",E","0",",E","-13.5",",E,25,","-0.5",",E,06,","","","734.6",",E","-7.90",",E","-5.70",",,,E","-10.11",",,,E"
"NOE00156755","2018-03","68.4208","17.4803","1000.0","NARVIK FAGERNESFJELLET, NO","0.0","E","0.0",",E","0",",E","31",",E","30",",E","0",",E","0",",E","-15.2",",E,25,","1.5",",E,24,","","","846.9",",E","-8.99",",E","-6.47",",,,E","-11.50",",,,E"
"NOE00156755","2018-04","68.4208","17.4803","1000.0","NARVIK FAGERNESFJELLET, NO","0.0","E","0.0",",E","0",",E","26",",E","15",",E","0",",E","0",",E","-11.5",",E,08,","9.9",",E,15,","","","604.1",",E","-1.81",",E","0.63",",,,E","-4.24",",,,E"
"NOE00156755","2018-05","68.4208","17.4803","1000.0","NARVIK FAGERNESFJELLET, NO","0.0","E","0.0",",E","0",",E","18",",E","2",",E","0",",E","0",",E","-5.5",",E,01,","14.7",",E,31,","","","468.9",",E","3.21",",E","6.41",",,,E","0.01",",,,E"
"NOE00156755","2018-06","68.4208","17.4803","1000.0","NARVIK FAGERNESFJELLET, NO","0.0","E","0.0",",E","0",",E","17",",E","2",",E","0",",E","0",",E","-4.9",",E,07,","12.2",",E,17,","","","497.1",",E","1.76",",E","3.90",",,,E","-0.37",",,,E"
"NOE00156755","2018-07","68.4208","17.4803","1000.0","NARVIK FAGERNESFJELLET, NO","13.2","E","13.2",",E","0",",E","0",",E","0",",E","8",",E","0",",E","0.9",",E,01,","25.0",",E,18,","200.8","E","200.8",",E","12.28",",E","16.04",",,,E","8.52",",,,E"
"NOE00156755","2018-08","68.4208","17.4803","1000.0","NARVIK FAGERNESFJELLET, NO","13.2","E","0.0",",E","0",",E","0",",E","0",",E","1",",E","0",",E","0.3",",E,31,","23.0",",E,01,","547.9","E","347.1",",E","7.14",",E","9.81",",,,E","4.46",",,,E"
"NOE00156755","2018-09","68.4208","17.4803","1000.0","NARVIK FAGERNESFJELLET, NO","13.2","E","0.0",",E","0",",E","9",",E","7",",E","0",",E","0",",E","-6.3",",E,29,","14.5",",E,09,","981.8","E","433.9",",E","3.87",",E","5.92",",,,E","1.81",",,,E"
"NOE00156755","2019-02","68.4208","17.4803","1000.0","NARVIK FAGERNESFJELLET, NO","","","0.0",",E","0",",E","28",",E","25",",E","0",",E","0",",E","-16.3",",E,05,","1.6",",E,24,","","","706.2",",E","-6.89",",E","-4.54",",,,E","-9.24",",,,E"
"NOE00156755","2019-03","68.4208","17.4803","1000.0","NARVIK FAGERNESFJELLET, NO","","","0.0",",E","1",",E","31",",E","31",",E","0",",E","0",",E","-19.0",",E,05,","-0.7",",E,23,","","","849.6",",E","-9.07",",E","-7.02",",,,E","-11.13",",,,E"
"NOE00156755","2019-04","68.4208","17.4803","1000.0","NARVIK FAGERNESFJELLET, NO","","","0.0",",E","0",",E","25",",E","18",",E","0",",E","0",",E","-13.1",",E,10,","10.3",",E,24,","","","615.1",",E","-2.17",",E","-0.24",",,,E","-4.10",",,,E"
"NOE00156755","2019-05","68.4208","17.4803","1000.0","NARVIK FAGERNESFJELLET, NO","","","0.0",",E","0",",E","23",",E","12",",E","0",",E","0",",E","-11.2",",E,03,","14.0",",E,19,","","","561.4",",E","0.22",",E","2.58",",,,E","-2.13",",,,E"
"NOE00156755","2019-06","68.4208","17.4803","1000.0","NARVIK FAGERNESFJELLET, NO","","","0.0",",E","0",",E","10",",E","2",",E","0",",E","0",",E","-3.2",",E,11,","16.0",",E,07,","","","405.9",",E","4.80",",E","7.40",",,,E","2.21",",,,E"
"NOE00156755","2019-10","68.4208","17.4803","1000.0","NARVIK FAGERNESFJELLET, NO","","","0.0",",E","0",",E","31",",E","27",",E","0",",E","0",",E","-9.2",",E,29,","3.3",",E,01,","","","683.8",",E","-3.72",",E","-2.12",",,,E","-5.33",",,,E"
"NOE00156755","2019-11","68.4208","17.4803","1000.0","NARVIK FAGERNESFJELLET, NO","","","0.0",",E","0",",E","30",",E","26",",E","0",",E","0",",E","-12.9",",E,09,","4.1",",E,22,","","","722.7",",E","-5.76",",E","-4.29",",,,E","-7.23",",,,E"
"NOE00156755","2019-12","68.4208","17.4803","1000.0","NARVIK FAGERNESFJELLET, NO","","","0.0",",E","0",",E","31",",E","26",",E","0",",E","0",",E","-12.7",",E,01,","1.2",",E,29,","","","727.1",",E","-5.12",",E","-3.31",",,,E","-6.93",",,,E"
"NOE00156755","2020-01","68.4208","17.4803","1000.0","NARVIK FAGERNESFJELLET, NO","0.0","E","0.0",",E","0",",E","31",",E","31",",E","0",",E","0",",E","-15.2",",E,26,","-0.1",",E,07,+","","","755.9",",E","-6.05",",E","-4.17",",,,E","-7.93",",,,E"
"NOE00156755","2020-02","68.4208","17.4803","1000.0","NARVIK FAGERNESFJELLET, NO","0.0","E","0.0",",E","0",",E","29",",E","29",",E","0",",E","0",",E","-14.4",",E,05,","-0.1",",E,08,","","","738.8",",E","-7.14",",E","-5.31",",,,E","-8.98",",,,E"
"NOE00156755","2020-03","68.4208","17.4803","1000.0","NARVIK FAGERNESFJELLET, NO","0.0","E","0.0",",E","0",",E","31",",E","31",",E","0",",E","0",",E","-14.8",",E,13,","-0.1",",E,09,","","","795.2",",E","-7.32",",E","-5.27",",,,E","-9.36",",,,E"
"NOE00156755","2020-04","68.4208","17.4803","1000.0","NARVIK FAGERNESFJELLET, NO","0.0","E","0.0",",E","0",",E","30",",E","28",",E","0",",E","0",",E","-13.3",",E,02,","4.4",",E,07,","","","729.3",",E","-5.98",",E","-4.20",",,,E","-7.76",",,,E"
"NOE00156755","2020-05","68.4208","17.4803","1000.0","NARVIK FAGERNESFJELLET, NO","0.0","E","0.0",",E","0",",E","27",",E","23",",E","0",",E","0",",E","-8.6",",E,10,","9.6",",E,31,","","","645.1",",E","-2.48",",E","-0.92",",,,E","-4.03",",,,E"
"NOE00156755","2020-06","68.4208","17.4803","1000.0","NARVIK FAGERNESFJELLET, NO","0.0","E","0.0",",E","0",",E","6",",E","0",",E","0",",E","0",",E","-1.5",",E,09,","19.0",",E,22,","","","323.3",",E","7.56",",E","10.84",",,,E","4.27",",,,E"
"NOE00156755","2020-07","68.4208","17.4803","1000.0","NARVIK FAGERNESFJELLET, NO","0.0","E","0.0",",E","0",",E","1",",E","0",",E","0",",E","0",",E","-0.3",",E,02,","17.1",",E,30,","347.5","E","347.5",",E","7.12",",E","9.31",",,,E","4.94",",,,E"
"NOE00156755","2020-08","68.4208","17.4803","1000.0","NARVIK FAGERNESFJELLET, NO","0.0","E","0.0",",E","0",",E","3",",E","0",",E","0",",E","0",",E","-0.8",",E,31,","18.9",",E,08,","702.9","E","355.4",",E","6.87",",E","9.33",",,,E","4.41",",,,E"
"NOE00156755","2020-09","68.4208","17.4803","1000.0","NARVIK FAGERNESFJELLET, NO","0.0","E","0.0",",E","0",",E","12",",E","1",",E","0",",E","0",",E","-3.9",",E,27,","12.9",",E,29,","1148.3","E","445.4",",E","3.49",",E","5.61",",,,E","1.36",",,,E"
"NOE00156755","2020-10","68.4208","17.4803","1000.0","NARVIK FAGERNESFJELLET, NO","0.0","E","0.0",",E","0",",E","20",",E","13",",E","0",",E","0",",E","-8.0",",E,22,+","10.8",",E,01,","1711.4","E","563.1",",E","0.17",",E","1.82",",,,E","-1.48",",,,E"
"NOE00156755","2020-11","68.4208","17.4803","1000.0","NARVIK FAGERNESFJELLET, NO","0.0","E","0.0",",E","0",",E","26",",E","13",",E","0",",E","0",",E","-11.5",",E,19,","7.2",",E,12,","2302.5","E","591.1",",E","-1.37",",E","0.79",",,,E","-3.53",",,,E"
"NOE00156755","2020-12","68.4208","17.4803","1000.0","NARVIK FAGERNESFJELLET, NO","0.0","E","0.0",",E","0",",E","31",",E","21",",E","0",",E","0",",E","-12.2",",E,27,","5.5",",E,20,","2975.7","E","673.2",",E","-3.38",",E","-1.26",",,,E","-5.50",",,,E"
"NOE00156755","2021-01","68.4208","17.4803","1000.0","NARVIK FAGERNESFJELLET, NO","0.0","","0.0",",E","0",",E","31",",E","30",",E","0",",E","0",",E","-15.9",",E,22,","0.3",",E,07,","3786.4","","810.7",",E","-7.82",",E","-6.06",",,,E","-9.58",",,,E"
"NOE00156755","2021-02","68.4208","17.4803","1000.0","NARVIK FAGERNESFJELLET, NO","0.0","","0.0",",E","0",",E","28",",E","27",",E","0",",E","0",",E","-15.9",",E,10,","1.9",",E,24,","4508.3","","721.9",",E","-7.45",",E","-5.20",",,,E","-9.70",",,,E"
"NOE00156755","2021-03","68.4208","17.4803","1000.0","NARVIK FAGERNESFJELLET, NO","0.0","","0.0",",E","0",",E","31",",E","31",",E","0",",E","0",",E","-14.9",",E,07,+","-1.0",",E,29,+","5279.4","","771.1",",E","-6.54",",E","-4.41",",,,E","-8.67",",,,E"
"NOE00156755","2021-04","68.4208","17.4803","1000.0","NARVIK FAGERNESFJELLET, NO","0.0","","0.0",",E","0",",E","29",",E","25",",E","0",",E","0",",E","-10.0",",E,25,","5.0",",E,20,","5984.3","","704.9",",E","-5.17",",E","-3.55",",,,E","-6.78",",,,E"
"NOE00156755","2021-05","68.4208","17.4803","1000.0","NARVIK FAGERNESFJELLET, NO","0.0","","0.0",",E","0",",E","26",",E","14",",E","0",",E","0",",E","-10.0",",E,01,","7.7",",E,16,","6581.2","","596.9",",E","-0.92",",E","1.04",",,,E","-2.88",",,,E"
