"STATION","DATE","LATITUDE","LONGITUDE","ELEVATION","NAME","CDSD","CDSD_ATTRIBUTES","CLDD","CLDD_ATTRIBUTES","DP01","DP01_ATTRIBUTES","DP10","DP10_ATTRIBUTES","DP1X","DP1X_ATTRIBUTES","DSND","DSND_ATTRIBUTES","DT00","DT00_ATTRIBUTES","DT32","DT32_ATTRIBUTES","DX32","DX32_ATTRIBUTES","DX70","DX70_ATTRIBUTES","DX90","DX90_ATTRIBUTES","EMNT","EMNT_ATTRIBUTES","EMSD","EMSD_ATTRIBUTES","EMXP","EMXP_ATTRIBUTES","EMXT","EMXT_ATTRIBUTES","HDSD","HDSD_ATTRIBUTES","HTDD","HTDD_ATTRIBUTES","PRCP","PRCP_ATTRIBUTES","TAVG","TAVG_ATTRIBUTES","TMAX","TMAX_ATTRIBUTES","TMIN","TMIN_ATTRIBUTES"
"NOE00134850","1962-10","59.1831","9.5667","136.0","SKIEN GEITERYGGEN, NO","","","0.0",",E","5",",E","5",",E","0",",E","0",",","0",",E","2",",E","0",",E","0",",E","0",",E","0.0",",E,31,+","0",",,E,31,+","11.0",",,E,31,+","17.5",",E,18,+","","","309.8",",E","39.5",",,,E","8.34",",E","12.00",",,,E","4.68",",,,E"
"NOE00134850","1962-11","59.1831","9.5667","136.0","SKIEN GEITERYGGEN, NO","","","0.0",",E","13",",E","7",",E","2",",E","0","1,","0",",E","20",",E","12",",E","0",",E","0",",E","-9.0",",E,24,+","0","1,,E,30,+","27.0",",,E,04,+","8.0",",E,07,+","","","532.0",",E","106.3",",,,E","0.60",",E","2.48",",,,E","-1.28",",,,E"
"NOE00134850","1962-12","59.1831","9.5667","136.0","SKIEN GEITERYGGEN, NO","","","0.0",",E","6","1,E","6","1,E","0","1,E","30","1,","0",",E","30",",E","25",",E","0",",E","0",",E","-15.0",",E,31,","400","1,,E,20,+","25.0","1,,E,14,","5.5",",E,04,","","","719.9",",E","74.7","1,,,E","-4.89",",E","-2.60",",,,E","-7.18",",,,E"
"NOE00134850","1963-01","59.1831","9.5667","136.0","SKIEN GEITERYGGEN, NO","0.0","E","0.0",",E","2",",E","0",",E","0",",E","31",",","1",",E","31",",E","27",",E","0",",E","0",",E","-19.1",",E,17,","350",",,E,31,+","1.4",",,E,13,","2.6",",E,25,","","","801.2",",E","1.8",",,,E","-7.51",",E","-4.90",",,,E","-10.12",",,,E"
"NOE00134850","1963-02","59.1831","9.5667","136.0","SKIEN GEITERYGGEN, NO","0.0","E","0.0",",E","0",",E","0",",E","0",",E","28",",","4",",E","28",",E","26",",E","0",",E","0",",E","-21.0",",E,20,","350",",,E,28,+","0.0",",,E,28,+","7.0",",E,25,","","","738.4",",E","0.0",",,,E","-8.04",",E","-4.21",",,,E","-11.87",",,,E"
"NOE00134850","1963-03","59.1831","9.5667","136.0","SKIEN GEITERYGGEN, NO","0.0","E","0.0",",E","4",",E","4",",E","1",",E","31",",","0",",E","30",",E","18",",E","0",",E","0",",E","-15.5",",E,02,","390",",,E,31,+","30.0",",,E,28,","12.0",",E,25,","","","648.6",",E","56.0",",,,E","-2.59",",E","1.03",",,,E","-6.21",",,,E"
"NOE00134850","1963-04","59.1831","9.5667","136.0","SKIEN GEITERYGGEN, NO","0.0","E","0.0",",E","6",",E","3",",E","0",",E","18",",","0",",E","15",",E","1",",E","0",",E","0",",E","-4.5",",E,09,","350",",,E,06,+","25.0",",,E,14,","15.0",",E,26,","","","426.0",",E","44.2",",,,E","4.13",",E","7.81",",,,E","0.45",",,,E"
"NOE00134850","1963-05","59.1831","9.5667","136.0","SKIEN GEITERYGGEN, NO","0.0","E","0.0",",E","14",",E","8",",E","1",",E","0",",","0",",E","2",",E","0",",E","5",",E","0",",E","0.0",",E,04,+","0",",,E,31,+","40.0",",,E,21,","24.0",",E,30,","","","254.1",",E","118.1",",,,E","10.14",",E","14.39",",,,E","5.88",",,,E"
"NOE00134850","1963-06","59.1831","9.5667","136.0","SKIEN GEITERYGGEN, NO","1.1","E","1.1",",E","6",",E","6",",E","1",",E","0",",","0",",E","0",",E","0",",E","13",",E","0",",E","8.0",",E,21,","0",",,E,30,+","50.0",",,E,18,","28.0",",E,08,","","","89.1",",E","90.6",",,,E","15.40",",E","20.23",",,,E","10.57",",,,E"
"NOE00134850","1963-07","59.1831","9.5667","136.0","SKIEN GEITERYGGEN, NO","4.4","E","3.3",",E","7",",E","4",",E","0",",E","0",",","0",",E","0",",E","0",",E","10",",E","0",",E","6.5",",E,13,","0",",,E,31,+","19.0",",,E,31,","27.0",",E,04,","90.5","E","90.5",",E","41.8",",,,E","15.52",",E","20.46",",,,E","10.58",",,,E"
"NOE00134850","1963-08","59.1831","9.5667","136.0","SKIEN GEITERYGGEN, NO","4.6","E","0.2",",E","14",",E","11",",E","2",",E","0",",","0",",E","0",",E","0",",E","1",",E","0",",E","7.0",",E,29,","0",",,E,31,+","62.0",",,E,08,","21.1",",E,01,","206.2","E","115.7",",E","196.0",",,,E","14.61",",E","17.77",",,,E","11.45",",,,E"
"NOE00134850","1963-09","59.1831","9.5667","136.0","SKIEN GEITERYGGEN, NO","4.6","E","0.0",",E","8",",E","7",",E","1",",E","0",",","0",",E","0",",E","0",",E","1",",E","0",",E","3.0",",E,11,","0",",,E,30,+","29.0",",,E,24,","22.0",",E,16,","419.0","E","212.8",",E","101.0",",,,E","11.24",",E","15.33",",,,E","7.15",",,,E"
"NOE00134850","1963-10","59.1831","9.5667","136.0","SKIEN GEITERYGGEN, NO","4.6","E","0.0",",E","7",",E","5",",E","0",",E","0",",","0",",E","2",",E","0",",E","0",",E","0",",E","0.0",",E,30,+","0",",,E,31,+","17.2",",,E,13,","14.5",",E,12,+","769.5","E","350.5",",E","48.0",",,,E","7.03",",E","9.71",",,,E","4.34",",,,E"
"NOE00134850","1963-11","59.1831","9.5667","136.0","SKIEN GEITERYGGEN, NO","4.6","E","0.0",",E","17",",E","16",",E","1",",E","13",",","0",",E","14",",E","4",",E","0",",E","0",",E","-5.5",",E,24,","190",",,E,26,+","29.9",",,E,12,","7.0",",E,13,","1275.2","E","505.7",",E","149.6",",,,E","1.48",",E","2.53",",,,E","0.42",",,,E"
"NOE00134850","1963-12","59.1831","9.5667","136.0","SKIEN GEITERYGGEN, NO","4.6","E","0.0",",E","2",",E","1",",E","0",",E","15",",","0",",E","26",",E","20",",E","0",",E","0",",E","-13.0",",E,22,+","40",",,E,02,+","3.0",",,E,17,","6.2",",E,30,","1943.8","E","668.6",",E","4.1",",,,E","-3.24",",E","-1.52",",,,E","-4.95",",,,E"
"NOE00134850","1964-01","59.1831","9.5667","136.0","SKIEN GEITERYGGEN, NO","0.0","E","0.0",",E","3",",E","2",",E","0",",E","0",",","0",",E","26",",E","14",",E","0",",E","0",",E","-12.0",",E,19,+","20",",,E,29,","5.0",",,E,31,+","6.0",",E,26,+","2597.5","E","653.7",",E","11.0",",,,E","-2.75",",E","-0.50",",,,E","-5.01",",,,E"
"NOE00134850","1964-02","59.1831","9.5667","136.0","SKIEN GEITERYGGEN, NO","0.0","E","0.0",",E","1",",E","1",",E","0",",E","5",",","0",",E","28",",E","16",",E","0",",E","0",",E","-12.4",",E,18,","110",",,E,26,+","5.0",",,E,24,","10.0",",E,08,","3188.0","E","590.5",",E","5.0",",,,E","-2.03",",E","0.81",",,,E","-4.87",",,,E"
"NOE00134850","1964-03","59.1831","9.5667","136.0","SKIEN GEITERYGGEN, NO","0.0","E","0.0",",E","0",",E","0",",E","0",",E","12",",","0",",E","29",",E","4",",E","0",",E","0",",E","-10.2",",E,16,","90",",,E,07,+","0.0",",,E,31,+","12.8",",E,10,","3757.0","E","569.0",",E","0.0",",,,E","-0.02",",E","4.14",",,,E","-4.18",",,,E"
"NOE00134850","1964-04","59.1831","9.5667","136.0","SKIEN GEITERYGGEN, NO","0.0","E","0.0",",E","3",",E","3",",E","0",",E","0",",","0",",E","12",",E","0",",E","0",",E","0",",E","-4.8",",E,01,","0",",,E,30,+","7.0",",,E,29,","18.5",",E,19,","4128.6","E","371.6",",E","15.0",",,,E","5.95",",E","10.89",",,,E","1.00",",,,E"
"NOE00134850","1964-05","59.1831","9.5667","136.0","SKIEN GEITERYGGEN, NO","0.0","E","0.0",",E","5",",E","3",",E","0",",E","0",",","0",",E","0",",E","0",",E","3",",E","0",",E","1.0",",E,02,","0",",,E,31,+","20.0",",,E,07,","24.0",",E,28,","4350.2","E","221.6",",E","38.9",",,,E","11.19",",E","16.06",",,,E","6.31",",,,E"
"NOE00134850","1964-06","59.1831","9.5667","136.0","SKIEN GEITERYGGEN, NO","0.2","E","0.2",",E","9",",E","5",",E","0",",E","0",",","0",",E","0",",E","0",",E","4",",E","0",",E","3.0",",E,01,","0",",,E,30,+","25.0",",,E,19,","24.0",",E,25,","4490.5","E","140.3",",E","62.0",",,,E","13.66",",E","17.95",",,,E","9.38",",,,E"
"NOE00134850","1964-07","59.1831","9.5667","136.0","SKIEN GEITERYGGEN, NO","1.5","E","1.3",",E","9",",E","5",",E","0",",E","0",",","0",",E","0",",E","0",",E","7",",E","0",",E","6.5",",E,30,","0",",,E,31,+","13.0",",,E,23,","25.0",",E,18,","121.0","E","121.0",",E","50.0",",,,E","14.47",",E","18.80",",,,E","10.15",",,,E"
"NOE00134850","1964-08","59.1831","9.5667","136.0","SKIEN GEITERYGGEN, NO","8.1","E","6.6",",E","5",",E","4",",E","0",",E","0",",","0",",E","0",",E","0",",E","10",",E","0",",E","5.1",",E,21,","0",",,E,31,+","22.0",",,E,29,","25.1",",E,11,","224.5","E","103.5",",E","43.0",",,,E","15.21",",E","19.61",",,,E","10.81",",,,E"
"NOE00134850","1964-09","59.1831","9.5667","136.0","SKIEN GEITERYGGEN, NO","8.1","E","0.0",",E","13",",E","5",",E","0",",E","0",",","0",",E","0",",E","0",",E","0",",E","0",",E","3.0",",E,10,","0",",,E,30,+","19.0",",,E,06,","20.5",",E,05,","446.1","E","221.6",",E","53.0",",,,E","10.95",",E","14.90",",,,E","6.99",",,,E"
"NOE00134850","1964-10","59.1831","9.5667","136.0","SKIEN GEITERYGGEN, NO","8.1","E","0.0",",E","13",",E","11",",E","3",",E","0",",","0",",E","6",",E","0",",E","0",",E","0",",E","-2.5",",E,27,","0",",,E,31,+","56.4",",,E,12,","15.5",",E,04,","834.9","E","388.8",",E","224.8",",,,E","5.79",",E","8.39",",,,E","3.19",",,,E"
"NOE00134850","1964-11","59.1831","9.5667","136.0","SKIEN GEITERYGGEN, NO","8.1","E","0.0",",E","7",",E","5",",E","0",",E","0",",","0",",E","17",",E","2",",E","0",",E","0",",E","-4.0",",E,30,","0",",,E,30,+","7.9",",,E,12,","9.8",",E,08,","1317.9","E","483.0",",E","33.1",",,,E","2.23",",E","4.68",",,,E","-0.22",",,,E"
"NOE00134850","1964-12","59.1831","9.5667","136.0","SKIEN GEITERYGGEN, NO","8.1","E","0.0",",E","10",",E","7",",E","0",",E","0",",","0",",E","27",",E","16",",E","0",",E","0",",E","-12.7",",E,29,+","0",",,E,31,+","9.2",",,E,29,","8.2",",E,09,","1955.8","E","637.9",",E","41.6",",,,E","-2.24",",E","-0.21",",,,E","-4.28",",,,E"
"NOE00134850","1965-01","59.1831","9.5667","136.0","SKIEN GEITERYGGEN, NO","0.0","E","0.0",",E","14",",E","8",",E","0",",E","24",",","0",",E","27",",E","19",",E","0",",E","0",",E","-10.4",",E,10,","80",",,E,11,","15.9",",,E,10,","5.2",",E,11,","2599.5","E","643.7",",E","75.7",",,,E","-2.43",",E","-0.55",",,,E","-4.31",",,,E"
"NOE00134850","1965-02","59.1831","9.5667","136.0","SKIEN GEITERYGGEN, NO","0.0","E","0.0",",E","2",",E","1",",E","0",",E","28",",","0",",E","26",",E","8",",E","0",",E","0",",E","-11.4",",E,28,","90",",,E,03,+","6.0",",,E,27,","10.6",",E,07,","3136.1","E","536.6",",E","7.0",",,,E","-0.83",",E","2.71",",,,E","-4.37",",,,E"
"NOE00134850","1965-03","59.1831","9.5667","136.0","SKIEN GEITERYGGEN, NO","0.0","E","0.0",",E","4","1,E","2","1,E","0","1,E","14",",","0",",E","28",",E","3",",E","0",",E","0",",E","-15.0",",E,01,","70",",,E,04,+","5.0","1,,E,16,","17.6",",E,29,","3706.6","E","570.5",",E","12.0","1,,,E","-0.07",",E","4.34",",,,E","-4.48",",,,E"
"NOE00134850","1965-05","59.1831","9.5667","136.0","SKIEN GEITERYGGEN, NO","","","0.0",",E","9",",E","8",",E","0",",E","0",",","0",",E","0",",E","0",",E","0",",E","0",",E","0.1",",E,19,","0",",,E,31,+","22.5",",,E,16,","19.8",",E,12,","","","287.9",",E","89.7",",,,E","9.05",",E","13.64",",,,E","4.45",",,,E"
"NOE00134850","1965-06","59.1831","9.5667","136.0","SKIEN GEITERYGGEN, NO","","","0.0",",E","14",",E","10",",E","0",",E","0",",","0",",E","0",",E","0",",E","4",",E","0",",E","4.1",",E,01,","0",",,E,30,+","14.8",",,E,21,","22.3",",E,07,","","","121.7",",E","83.1",",,,E","14.28",",E","18.70",",,,E","9.85",",,,E"
"NOE00134850","1965-07","59.1831","9.5667","136.0","SKIEN GEITERYGGEN, NO","","","2.0",",E","13",",E","11",",E","0",",E","0",",","0",",E","0",",E","0",",E","7",",E","0",",E","8.5",",E,14,","0",",,E,31,+","18.4",",,E,24,","24.9",",E,18,","112.1","E","112.1",",E","119.8",",,,E","14.78",",E","18.70",",,,E","10.87",",,,E"
"NOE00134850","1965-08","59.1831","9.5667","136.0","SKIEN GEITERYGGEN, NO","","","0.0",",E","8",",E","7",",E","1",",E","0",",","0",",E","0",",E","0",",E","3",",E","0",",E","4.8",",E,02,","0",",,E,31,+","26.1",",,E,23,","23.1",",E,14,","252.0","E","139.9",",E","85.6",",,,E","13.82",",E","18.16",",,,E","9.48",",,,E"
"NOE00134850","1965-09","59.1831","9.5667","136.0","SKIEN GEITERYGGEN, NO","","","0.0",",E","17",",E","14",",E","1",",E","0",",","0",",E","0",",E","0",",E","0",",E","0",",E","4.1",",E,14,","0",",,E,30,+","30.3",",,E,18,","20.1",",E,02,","436.6","E","184.6",",E","176.6",",,,E","12.18",",E","14.94",",,,E","9.42",",,,E"
"NOE00134850","1965-10","59.1831","9.5667","136.0","SKIEN GEITERYGGEN, NO","","","0.0",",E","2",",E","1",",E","0",",E","0",",","0",",E","0",",E","0",",E","0",",E","0",",E","0.1",",E,25,","0",",,E,31,+","8.9",",,E,05,","16.1",",E,07,","740.6","E","304.0",",E","10.2",",,,E","8.53",",E","11.78",",,,E","5.27",",,,E"
"NOE00134850","1965-11","59.1831","9.5667","136.0","SKIEN GEITERYGGEN, NO","","","0.0",",E","6",",E","4",",E","0",",E","5",",","0",",E","21",",E","15",",E","0",",E","0",",E","-13.2",",E,23,","170",",,E,26,","22.2",",,E,25,","10.2",",E,06,","1338.6","E","598.0",",E","69.9",",,,E","-1.60",",E","0.62",",,,E","-3.83",",,,E"
"NOE00134850","1965-12","59.1831","9.5667","136.0","SKIEN GEITERYGGEN, NO","","","0.0",",E","8",",E","7",",E","0",",E","31",",","0",",E","31",",E","27",",E","0",",E","0",",E","-14.2",",E,30,","520",",,E,31,+","21.0",",,E,23,","1.3",",E,06,","2103.4","E","764.8",",E","69.4",",,,E","-6.34",",E","-3.85",",,,E","-8.83",",,,E"
"NOE00134850","1966-01","59.1831","9.5667","136.0","SKIEN GEITERYGGEN, NO","0.0","","0.0",",E","5","2,E","3","2,E","0","2,E","31",",","0",",E","31",",E","29",",E","0",",E","0",",E","-17.3",",E,19,","700",",,E,30,","14.5","2,,E,27,","4.1",",E,31,","2904.1","","800.7",",E","26.8","2,,,E","-7.50",",E","-4.91",",,,E","-10.08",",,,E"
"NOE00134850","2005-10","59.1831","9.5667","136.0","SKIEN GEITERYGGEN, NO","","","0.0",",E","","","","","","","","","0",",E","2",",E","0",",E","0",",E","0",",E","-2.1",",E,24,","","","","","18.3",",E,04,","","","317.9",",E","","","8.08",",E","11.23",",,,E","4.93",",,,E"
"NOE00134850","2005-11","59.1831","9.5667","136.0","SKIEN GEITERYGGEN, NO","","","0.0","2,E","","","","","","","","","0","2,E","10","2,E","1","2,E","0","2,E","0","2,E","-5.9","2,E,30,+","","","","","13.5","2,E,15,","","","386.1","2,E","","","4.54","2,E","6.86","2,,,E","2.23","2,,,E"
"NOE00134850","2005-12","59.1831","9.5667","136.0","SKIEN GEITERYGGEN, NO","","","0.0","2,E","","","","","","","","","0","2,E","25","2,E","9","2,E","0","2,E","0","2,E","-7.2","2,E,28,","","","","","8.1","2,E,12,+","","","561.6","2,E","","","-1.03","2,E","0.89","2,,,E","-2.96","2,,,E"
"NOE00134850","2006-01","59.1831","9.5667","136.0","SKIEN GEITERYGGEN, NO","0.0","E","0.0","2,E","","","","","","","","","0","2,E","24","2,E","16","2,E","0","2,E","0","2,E","-8.0","2,E,03,","","","","","9.9","2,E,31,","","","580.2","2,E","","","-1.67","2,E","0.09","2,,,E","-3.43","2,,,E"
"NOE00134850","2006-02","59.1831","9.5667","136.0","SKIEN GEITERYGGEN, NO","0.0","E","0.0",",E","","","","","","","","","0",",E","28",",E","15",",E","0",",E","0",",E","-12.3",",E,12,","","","","","9.1",",E,23,","","","580.5",",E","","","-2.40",",E","0.58",",,,E","-5.38",",,,E"
"NOE00134850","2006-03","59.1831","9.5667","136.0","SKIEN GEITERYGGEN, NO","0.0","E","0.0",",E","","","","","","","","","0",",E","29",",E","12",",E","0",",E","0",",E","-14.7",",E,05,","","","","","9.7",",E,19,","","","656.0",",E","","","-2.83",",E","1.34",",,,E","-6.99",",,,E"
"NOE00134850","2006-04","59.1831","9.5667","136.0","SKIEN GEITERYGGEN, NO","0.0","E","0.0",",E","","","","","","","","","0",",E","16",",E","0",",E","0",",E","0",",E","-4.3",",E,04,","","","","","12.9",",E,24,","","","423.0",",E","","","4.23",",E","8.21",",,,E","0.26",",,,E"
"NOE00134850","2006-06","59.1831","9.5667","136.0","SKIEN GEITERYGGEN, NO","","","3.1","2,E","","","","","","","","","0","2,E","0","2,E","0","2,E","12","2,E","0","2,E","6.6","2,E,06,","","","","","27.8","2,E,12,","","","84.8","2,E","","","15.42","2,E","20.46","2,,,E","10.38","2,,,E"
"NOE00134850","2006-07","59.1831","9.5667","136.0","SKIEN GEITERYGGEN, NO","","","44.6","2,E","","","","","","","","","0","2,E","0","2,E","0","2,E","25","2,E","0","2,E","9.7","2,E,12,","","","","","28.6","2,E,28,","12.1","E","12.1","2,E","","","19.45","2,E","24.72","2,,,E","14.19","2,,,E"
"NOE00134850","2006-09","59.1831","9.5667","136.0","SKIEN GEITERYGGEN, NO","","","0.0",",E","","","","","","","","","0",",E","0",",E","0",",E","4",",E","0",",E","8.4",",E,01,","","","","","22.3",",E,14,","","","103.5",",E","","","14.88",",E","18.50",",,,E","11.26",",,,E"
"NOE00134850","2006-10","59.1831","9.5667","136.0","SKIEN GEITERYGGEN, NO","","","0.0",",E","","","","","","","","","0",",E","1",",E","0",",E","0",",E","0",",E","0.0",",E,28,","","","","","17.3",",E,01,","","","299.7",",E","","","8.66",",E","10.94",",,,E","6.39",",,,E"
"NOE00134850","2006-11","59.1831","9.5667","136.0","SKIEN GEITERYGGEN, NO","","","0.0",",E","","","","","","","","","0",",E","12",",E","0",",E","0",",E","0",",E","-3.2",",E,03,","","","","","15.0",",E,07,","","","415.4",",E","","","4.49",",E","7.62",",,,E","1.35",",,,E"
"NOE00134850","2006-12","59.1831","9.5667","136.0","SKIEN GEITERYGGEN, NO","","","0.0",",E","","","","","","","","","0",",E","15",",E","2",",E","0",",E","0",",E","-5.1",",E,29,","","","","","10.4",",E,24,","","","468.6",",E","","","3.22",",E","6.05",",,,E","0.38",",,,E"
"NOE00134850","2007-01","59.1831","9.5667","136.0","SKIEN GEITERYGGEN, NO","0.0","E","0.0",",E","","","","","","","","","0",",E","23",",E","7",",E","0",",E","0",",E","-11.7",",E,25,","","","","","9.4",",E,09,","","","565.3",",E","","","0.10",",E","3.21",",,,E","-3.02",",,,E"
"NOE00134850","2007-02","59.1831","9.5667","136.0","SKIEN GEITERYGGEN, NO","0.0","E","0.0",",E","","","","","","","","","0",",E","25",",E","16",",E","0",",E","0",",E","-12.2",",E,11,","","","","","8.3",",E,03,","","","586.8",",E","","","-2.63",",E","-0.57",",,,E","-4.68",",,,E"
"NOE00134850","2007-03","59.1831","9.5667","136.0","SKIEN GEITERYGGEN, NO","0.0","E","0.0",",E","","","","","","","","","0",",E","14",",E","0",",E","0",",E","0",",E","-3.2",",E,22,","","","","","14.8",",E,30,+","","","435.1",",E","","","4.30",",E","8.45",",,,E","0.14",",,,E"
"NOE00134850","2007-04","59.1831","9.5667","136.0","SKIEN GEITERYGGEN, NO","0.0","E","0.0",",E","","","","","","","","","0",",E","7",",E","0",",E","0",",E","0",",E","-2.1",",E,21,","","","","","20.3",",E,27,","","","309.3",",E","","","8.02",",E","13.35",",,,E","2.69",",,,E"
"NOE00134850","2007-05","59.1831","9.5667","136.0","SKIEN GEITERYGGEN, NO","0.0","E","0.0",",E","","","","","","","","","0",",E","0",",E","0",",E","1",",E","0",",E","1.7",",E,16,","","","","","21.3",",E,02,","","","247.3",",E","","","10.35",",E","14.74",",,,E","5.97",",,,E"
"NOE00134850","2007-06","59.1831","9.5667","136.0","SKIEN GEITERYGGEN, NO","19.4","E","19.4",",E","","","","","","","","","0",",E","0",",E","0",",E","15",",E","0",",E","5.6",",E,15,","","","","","29.4",",E,08,","","","78.8",",E","","","16.35",",E","21.63",",,,E","11.07",",,,E"
"NOE00134850","2007-07","59.1831","9.5667","136.0","SKIEN GEITERYGGEN, NO","20.9","E","1.5","2,E","","","","","","","","","0","2,E","0","2,E","0","2,E","7","2,E","0","2,E","8.0","2,E,30,","","","","","23.5","2,E,25,","80.8","E","80.8","2,E","","","15.60","2,E","19.22","2,,,E","11.98","2,,,E"
"NOE00134850","2007-08","59.1831","9.5667","136.0","SKIEN GEITERYGGEN, NO","30.4","E","9.5",",E","","","","","","","","","0",",E","0",",E","0",",E","13",",E","0",",E","6.0",",E,29,","","","","","25.7",",E,24,","152.8","E","72.0",",E","","","16.32",",E","20.63",",,,E","12.01",",,,E"
"NOE00134850","2007-09","59.1831","9.5667","136.0","SKIEN GEITERYGGEN, NO","30.4","E","0.0",",E","","","","","","","","","0",",E","0",",E","0",",E","1",",E","0",",E","0.9",",E,19,","","","","","21.9",",E,07,","357.1","E","204.3",",E","","","11.52",",E","15.39",",,,E","7.65",",,,E"
"NOE00134850","2007-10","59.1831","9.5667","136.0","SKIEN GEITERYGGEN, NO","30.4","E","0.0",",E","","","","","","","","","0",",E","3",",E","0",",E","0",",E","0",",E","-1.5",",E,31,","","","","","16.5",",E,01,","693.8","E","336.7",",E","","","7.47",",E","11.02",",,,E","3.92",",,,E"
"NOE00134850","2007-11","59.1831","9.5667","136.0","SKIEN GEITERYGGEN, NO","30.4","E","0.0",",E","","","","","","","","","0",",E","21",",E","2",",E","0",",E","0",",E","-6.3",",E,24,","","","","","13.9",",E,01,","1178.3","E","484.5",",E","","","2.18",",E","5.04",",,,E","-0.67",",,,E"
"NOE00134850","2007-12","59.1831","9.5667","136.0","SKIEN GEITERYGGEN, NO","30.4","E","0.0",",E","","","","","","","","","0",",E","24",",E","11",",E","0",",E","0",",E","-10.3",",E,22,+","","","","","8.0",",E,06,","1791.5","E","613.2",",E","","","-1.45",",E","0.79",",,,E","-3.68",",,,E"
"NOE00134850","2008-01","59.1831","9.5667","136.0","SKIEN GEITERYGGEN, NO","0.0","E","0.0",",E","","","","","","","","","0",",E","24",",E","5",",E","0",",E","0",",E","-4.5",",E,22,","","","","","9.2",",E,29,","2335.6","E","544.1",",E","","","0.78",",E","3.02",",,,E","-1.46",",,,E"
"NOE00134850","2008-02","59.1831","9.5667","136.0","SKIEN GEITERYGGEN, NO","0.0","E","0.0",",E","","","","","","","","","0",",E","16",",E","1",",E","0",",E","0",",E","-7.4",",E,16,","","","","","11.6",",E,18,","2794.7","E","459.1",",E","","","2.50",",E","5.81",",,,E","-0.80",",,,E"
"NOE00134850","2008-03","59.1831","9.5667","136.0","SKIEN GEITERYGGEN, NO","0.0","E","0.0",",E","","","","","","","","","0",",E","22",",E","4",",E","0",",E","0",",E","-12.1",",E,23,","","","","","9.6",",E,14,","3324.0","E","529.3",",E","","","1.26",",E","4.53",",,,E","-2.02",",,,E"
"NOE00134850","2008-04","59.1831","9.5667","136.0","SKIEN GEITERYGGEN, NO","0.0","E","0.0",",E","","","","","","","","","0",",E","10",",E","0",",E","0",",E","0",",E","-2.4",",E,10,","","","","","16.3",",E,21,","3697.1","E","373.1",",E","","","5.90",",E","10.24",",,,E","1.55",",,,E"
"NOE00134850","2008-05","59.1831","9.5667","136.0","SKIEN GEITERYGGEN, NO","0.5","E","0.5",",E","","","","","","","","","0",",E","0",",E","0",",E","8",",E","0",",E","0.7",",E,19,+","","","","","25.9",",E,31,","3894.2","E","197.1",",E","","","11.99",",E","18.16",",,,E","5.82",",,,E"
"NOE00134850","2008-06","59.1831","9.5667","136.0","SKIEN GEITERYGGEN, NO","4.3","E","3.8",",E","","","","","","","","","0",",E","0",",E","0",",E","10",",E","0",",E","5.8",",E,17,","","","","","27.8",",E,06,","4001.9","E","107.7",",E","","","14.87",",E","20.23",",,,E","9.51",",,,E"
"NOE00134850","2008-07","59.1831","9.5667","136.0","SKIEN GEITERYGGEN, NO","38.8","E","34.5",",E","","","","","","","","","0",",E","0",",E","0",",E","19",",E","0",",E","8.7",",E,09,","","","","","30.9",",E,28,","52.5","E","52.5",",E","","","17.75",",E","23.06",",,,E","12.45",",,,E"
"NOE00134850","2008-08","59.1831","9.5667","136.0","SKIEN GEITERYGGEN, NO","40.3","E","1.5",",E","","","","","","","","","0",",E","0",",E","0",",E","7",",E","0",",E","8.9",",E,25,","","","","","26.3",",E,01,","142.3","E","89.8",",E","","","15.49",",E","19.65",",,,E","11.32",",,,E"
"NOE00134850","2008-09","59.1831","9.5667","136.0","SKIEN GEITERYGGEN, NO","40.3","E","0.0",",E","","","","","","","","","0",",E","0",",E","0",",E","0",",E","0",",E","3.4",",E,30,","","","","","18.4",",E,24,+","357.7","E","215.4",",E","","","11.15",",E","14.35",",,,E","7.96",",,,E"
"NOE00134850","2008-10","59.1831","9.5667","136.0","SKIEN GEITERYGGEN, NO","40.3","E","0.0",",E","","","","","","","","","0",",E","5",",E","0",",E","0",",E","0",",E","-1.6",",E,29,","","","","","16.1",",E,11,","706.6","E","348.9",",E","","","7.08",",E","10.36",",,,E","3.79",",,,E"
"NOE00134850","2008-11","59.1831","9.5667","136.0","SKIEN GEITERYGGEN, NO","40.3","E","0.0",",E","","","","","","","","","0",",E","18",",E","0",",E","0",",E","0",",E","-4.3",",E,24,","","","","","10.6",",E,27,","1187.6","E","481.0",",E","","","2.30",",E","5.16",",,,E","-0.56",",,,E"
"NOE00134850","2008-12","59.1831","9.5667","136.0","SKIEN GEITERYGGEN, NO","40.3","E","0.0",",E","","","","","","","","","0",",E","28",",E","15",",E","0",",E","0",",E","-9.6",",E,10,","","","","","7.5",",E,22,","1800.4","E","612.8",",E","","","-1.43",",E","0.70",",,,E","-3.57",",,,E"
"NOE00134850","2009-01","59.1831","9.5667","136.0","SKIEN GEITERYGGEN, NO","0.0","E","0.0",",E","","","","","","","","","0",",E","28",",E","12",",E","0",",E","0",",E","-11.5",",E,05,","","","","","8.8",",E,12,","2424.6","E","624.2",",E","","","-1.80",",E","0.65",",,,E","-4.26",",,,E"
"NOE00134850","2009-02","59.1831","9.5667","136.0","SKIEN GEITERYGGEN, NO","0.0","E","0.0",",E","","","","","","","","","0",",E","28",",E","22",",E","0",",E","0",",E","-14.2",",E,09,","","","","","6.2",",E,26,","3070.1","E","645.5",",E","","","-4.72",",E","-2.15",",,,E","-7.29",",,,E"
"NOE00134850","2009-03","59.1831","9.5667","136.0","SKIEN GEITERYGGEN, NO","0.0","E","0.0",",E","","","","","","","","","0",",E","28",",E","2",",E","0",",E","0",",E","-6.7",",E,26,","","","","","11.9",",E,21,","3588.0","E","517.9",",E","","","1.63",",E","4.94",",,,E","-1.69",",,,E"
"NOE00134850","2009-04","59.1831","9.5667","136.0","SKIEN GEITERYGGEN, NO","0.0","E","0.0",",E","","","","","","","","","0",",E","5",",E","0",",E","0",",E","0",",E","-1.7",",E,03,","","","","","18.8",",E,30,","3907.9","E","319.9",",E","","","7.67",",E","12.81",",,,E","2.53",",,,E"
"NOE00134850","2009-05","59.1831","9.5667","136.0","SKIEN GEITERYGGEN, NO","0.0","E","0.0",",E","","","","","","","","","0",",E","0",",E","0",",E","3",",E","0",",E","1.7",",E,15,","","","","","23.7",",E,31,+","4132.4","E","224.5",",E","","","11.09",",E","16.26",",,,E","5.92",",,,E"
"NOE00134850","2009-06","59.1831","9.5667","136.0","SKIEN GEITERYGGEN, NO","18.9","E","18.9",",E","","","","","","","","","0",",E","0",",E","0",",E","11",",E","0",",E","4.6",",E,09,","","","","","30.8",",E,28,","4251.8","E","119.4",",E","","","14.98",",E","20.38",",,,E","9.59",",,,E"
"NOE00134850","2009-07","59.1831","9.5667","136.0","SKIEN GEITERYGGEN, NO","39.3","E","20.4",",E","","","","","","","","","0",",E","0",",E","0",",E","13",",E","0",",E","10.2",",E,14,","","","","","30.7",",E,03,","60.7","E","60.7",",E","","","17.03",",E","21.16",",,,E","12.90",",,,E"
"NOE00134850","2009-08","59.1831","9.5667","136.0","SKIEN GEITERYGGEN, NO","39.3","E","0.0",",E","","","","","","","","","0",",E","0",",E","0",",E","9",",E","0",",E","7.4",",E,23,","","","","","24.3",",E,07,","141.0","E","80.3",",E","","","15.75",",E","19.74",",,,E","11.75",",,,E"
"NOE00134850","2009-09","59.1831","9.5667","136.0","SKIEN GEITERYGGEN, NO","39.3","E","0.0",",E","","","","","","","","","0",",E","0",",E","0",",E","0",",E","0",",E","1.1",",E,30,+","","","","","20.8",",E,25,","307.5","E","166.5",",E","","","12.78",",E","17.11",",,,E","8.45",",,,E"
"NOE00134850","2009-10","59.1831","9.5667","136.0","SKIEN GEITERYGGEN, NO","39.3","E","0.0",",E","","","","","","","","","0",",E","7",",E","0",",E","0",",E","0",",E","-2.5",",E,30,","","","","","12.4",",E,07,","728.2","E","420.7",",E","","","4.76",",E","7.88",",,,E","1.65",",,,E"
"NOE00134850","2009-11","59.1831","9.5667","136.0","SKIEN GEITERYGGEN, NO","39.3","E","0.0",",E","","","","","","","","","0",",E","11",",E","0",",E","0",",E","0",",E","-2.1",",E,25,","","","","","10.5",",E,20,","1184.1","E","455.9",",E","","","3.14",",E","5.19",",,,E","1.08",",,,E"
"NOE00134850","2009-12","59.1831","9.5667","136.0","SKIEN GEITERYGGEN, NO","39.3","E","0.0",",E","","","","","","","","","0",",E","25",",E","19",",E","0",",E","0",",E","-13.3",",E,19,","","","","","4.6",",E,12,","1867.3","E","683.2",",E","","","-3.70",",E","-1.89",",,,E","-5.52",",,,E"
"NOE00134850","2010-01","59.1831","9.5667","136.0","SKIEN GEITERYGGEN, NO","0.0","E","0.0",",E","","","","","","","","","0",",E","31",",E","30",",E","0",",E","0",",E","-16.8",",E,09,","","","","","0.2",",E,28,","2673.5","E","806.2",",E","","","-7.67",",E","-5.79",",,,E","-9.55",",,,E"
"NOE00134850","2010-02","59.1831","9.5667","136.0","SKIEN GEITERYGGEN, NO","0.0","E","0.0",",E","","","","","","","","","1",",E","28",",E","26",",E","0",",E","0",",E","-18.0",",E,01,","","","","","1.4",",E,14,","3373.2","E","699.7",",E","","","-6.66",",E","-3.86",",,,E","-9.45",",,,E"
"NOE00134850","2010-03","59.1831","9.5667","136.0","SKIEN GEITERYGGEN, NO","0.0","E","0.0",",E","","","","","","","","","0",",E","23",",E","2",",E","0",",E","0",",E","-15.7",",E,06,","","","","","11.3",",E,11,","3910.1","E","536.9",",E","","","1.01",",E","5.70",",,,E","-3.67",",,,E"
"NOE00134850","2010-04","59.1831","9.5667","136.0","SKIEN GEITERYGGEN, NO","0.0","E","0.0",",E","","","","","","","","","0",",E","10",",E","0",",E","0",",E","0",",E","-2.5",",E,23,","","","","","18.3",",E,29,","4290.6","E","380.5",",E","","","5.65",",E","10.48",",,,E","0.82",",,,E"
"NOE00134850","2010-05","59.1831","9.5667","136.0","SKIEN GEITERYGGEN, NO","0.6","E","0.6",",E","","","","","","","","","0",",E","4",",E","0",",E","5",",E","0",",E","-1.8",",E,11,","","","","","25.1",",E,19,","4549.9","E","259.3",",E","","","9.99",",E","15.05",",,,E","4.92",",,,E"
"NOE00134850","2010-06","59.1831","9.5667","136.0","SKIEN GEITERYGGEN, NO","0.6","E","0.0",",E","","","","","","","","","0",",E","0",",E","0",",E","8",",E","0",",E","6.0",",E,21,","","","","","23.3",",E,26,","4663.9","E","114.0",",E","","","14.53",",E","19.48",",,,E","9.59",",,,E"
"NOE00134850","2010-07","59.1831","9.5667","136.0","SKIEN GEITERYGGEN, NO","10.0","E","9.4",",E","","","","","","","","","0",",E","0",",E","0",",E","22",",E","0",",E","10.4",",E,24,","","","","","26.8",",E,10,","33.0","E","33.0",",E","","","17.57",",E","21.75",",,,E","13.39",",,,E"
"NOE00134850","2010-08","59.1831","9.5667","136.0","SKIEN GEITERYGGEN, NO","13.5","E","3.5",",E","","","","","","","","","0",",E","0",",E","0",",E","9",",E","0",",E","6.6",",E,29,","","","","","25.1",",E,08,","108.3","E","75.3",",E","","","16.02",",E","20.06",",,,E","11.98",",,,E"
"NOE00134850","2010-09","59.1831","9.5667","136.0","SKIEN GEITERYGGEN, NO","13.5","E","0.0",",E","","","","","","","","","0",",E","0",",E","0",",E","0",",E","0",",E","2.1",",E,29,","","","","","19.2",",E,14,+","319.5","E","211.2",",E","","","11.29",",E","15.19",",,,E","7.40",",,,E"
"NOE00134850","2010-10","59.1831","9.5667","136.0","SKIEN GEITERYGGEN, NO","13.5","E","0.0",",E","","","","","","","","","0",",E","9",",E","0",",E","0",",E","0",",E","-4.4",",E,21,","","","","","16.1",",E,07,","706.4","E","386.9",",E","","","5.85",",E","8.99",",,,E","2.72",",,,E"
"NOE00134850","2010-11","59.1831","9.5667","136.0","SKIEN GEITERYGGEN, NO","13.5","E","0.0",",E","","","","","","","","","0",",E","25",",E","16",",E","0",",E","0",",E","-10.9",",E,26,","","","","","9.0",",E,04,","1314.6","E","608.2",",E","","","-1.94",",E","-0.03",",,,E","-3.86",",,,E"
"NOE00134850","2010-12","59.1831","9.5667","136.0","SKIEN GEITERYGGEN, NO","13.5","E","0.0",",E","","","","","","","","","1",",E","31",",E","28",",E","0",",E","0",",E","-18.0",",E,22,","","","","","3.0",",E,11,","2172.3","E","857.7",",E","","","-9.33",",E","-6.85",",,,E","-11.82",",,,E"
"NOE00134850","2011-01","59.1831","9.5667","136.0","SKIEN GEITERYGGEN, NO","0.0","E","0.0",",E","","","","","","","","","0",",E","31",",E","17",",E","0",",E","0",",E","-14.0",",E,27,","","","","","4.9",",E,01,","2873.1","E","700.8",",E","","","-4.27",",E","-1.27",",,,E","-7.28",",,,E"
"NOE00134850","2011-02","59.1831","9.5667","136.0","SKIEN GEITERYGGEN, NO","0.0","E","0.0",",E","","","","","","","","","3",",E","27",",E","18",",E","0",",E","0",",E","-19.5",",E,13,","","","","","5.6",",E,03,","3527.1","E","654.0",",E","","","-5.03",",E","-2.08",",,,E","-7.98",",,,E"
"NOE00134850","2011-03","59.1831","9.5667","136.0","SKIEN GEITERYGGEN, NO","0.0","E","0.0",",E","","","","","","","","","0",",E","28",",E","2",",E","0",",E","0",",E","-9.9",",E,02,","","","","","13.7",",E,21,","4060.8","E","533.7",",E","","","1.12",",E","5.40",",,,E","-3.17",",,,E"
"NOE00134850","2011-04","59.1831","9.5667","136.0","SKIEN GEITERYGGEN, NO","0.0","E","0.0",",E","","","","","","","","","0",",E","4",",E","0",",E","0",",E","0",",E","-2.0",",E,04,","","","","","19.5",",E,30,+","4341.3","E","280.5",",E","","","8.98",",E","14.80",",,,E","3.17",",,,E"
"NOE00134850","2011-05","59.1831","9.5667","136.0","SKIEN GEITERYGGEN, NO","0.0","E","0.0",",E","","","","","","","","","0",",E","1",",E","0",",E","0",",E","0",",E","-1.6",",E,04,","","","","","20.2",",E,11,","4594.4","E","253.1",",E","","","10.17",",E","15.20",",,,E","5.14",",,,E"
"NOE00134850","2011-06","59.1831","9.5667","136.0","SKIEN GEITERYGGEN, NO","0.0","E","0.0",",E","","","","","","","","","0",",E","0",",E","0",",E","5",",E","0",",E","6.8",",E,18,","","","","","26.1",",E,03,","4691.9","E","97.5",",E","","","15.08",",E","19.45",",,,E","10.72",",,,E"
"NOE00134850","2011-07","59.1831","9.5667","136.0","SKIEN GEITERYGGEN, NO","12.6","E","12.6",",E","","","","","","","","","0",",E","0",",E","0",",E","13",",E","0",",E","7.7",",E,16,","","","","","27.5",",E,29,","55.8","E","55.8",",E","","","16.94",",E","20.84",",,,E","13.03",",,,E"
"NOE00134850","2011-08","59.1831","9.5667","136.0","SKIEN GEITERYGGEN, NO","18.4","E","5.8",",E","","","","","","","","","0",",E","0",",E","0",",E","7",",E","0",",E","8.0",",E,12,","","","","","25.0",",E,01,","149.2","E","93.4",",E","","","15.51",",E","19.43",",,,E","11.59",",,,E"
"NOE00134850","2011-09","59.1831","9.5667","136.0","SKIEN GEITERYGGEN, NO","18.4","E","0.0",",E","","","","","","","","","0",",E","0",",E","0",",E","1",",E","0",",E","4.4",",E,17,","","","","","22.8",",E,29,","317.7","E","168.5",",E","","","12.72",",E","16.44",",,,E","8.99",",,,E"
"NOE00134850","2011-10","59.1831","9.5667","136.0","SKIEN GEITERYGGEN, NO","18.4","E","0.0",",E","","","","","","","","","0",",E","1",",E","0",",E","0",",E","0",",E","-1.6",",E,21,","","","","","17.3",",E,01,","631.8","E","314.1",",E","","","8.20",",E","11.41",",,,E","4.99",",,,E"
"NOE00134850","2011-11","59.1831","9.5667","136.0","SKIEN GEITERYGGEN, NO","18.4","E","0.0",",E","","","","","","","","","0",",E","6",",E","1",",E","0",",E","0",",E","-2.8",",E,17,","","","","","12.8",",E,02,","1037.2","E","405.4",",E","","","4.82",",E","6.91",",,,E","2.73",",,,E"
"NOE00134850","2011-12","59.1831","9.5667","136.0","SKIEN GEITERYGGEN, NO","18.4","E","0.0",",E","","","","","","","","","0",",E","23",",E","5",",E","0",",E","0",",E","-6.4",",E,08,","","","","","12.2",",E,26,","1571.4","E","534.2",",E","","","1.10",",E","3.75",",,,E","-1.55",",,,E"
"NOE00134850","2012-01","59.1831","9.5667","136.0","SKIEN GEITERYGGEN, NO","0.0","E","0.0",",E","","","","","","","","","0",",E","28",",E","17",",E","0",",E","0",",E","-11.0",",E,31,","","","","","5.9",",E,12,","2191.0","E","619.6",",E","","","-1.65",",E","0.39",",,,E","-3.70",",,,E"
"NOE00134850","2012-02","59.1831","9.5667","136.0","SKIEN GEITERYGGEN, NO","0.0","E","0.0",",E","","","","","","","","","0",",E","25",",E","12",",E","0",",E","0",",E","-15.5",",E,04,","","","","","15.4",",E,28,","2770.4","E","579.4",",E","","","-1.65",",E","1.78",",,,E","-5.07",",,,E"
"NOE00134850","2012-03","59.1831","9.5667","136.0","SKIEN GEITERYGGEN, NO","0.0","E","0.0",",E","","","","","","","","","0",",E","10",",E","0",",E","0",",E","0",",E","-3.5",",E,03,","","","","","20.7",",E,27,","3135.6","E","365.2",",E","","","6.55",",E","11.45",",,,E","1.65",",,,E"
"NOE00134850","2012-04","59.1831","9.5667","136.0","SKIEN GEITERYGGEN, NO","0.0","E","0.0",",E","","","","","","","","","0",",E","7",",E","0",",E","0",",E","0",",E","-3.8",",E,05,","","","","","14.6",",E,29,","3535.7","E","400.1",",E","","","5.00",",E","8.57",",,,E","1.42",",,,E"
"NOE00134850","2012-05","59.1831","9.5667","136.0","SKIEN GEITERYGGEN, NO","12.9","E","12.9",",E","","","","","","","","","0",",E","2",",E","0",",E","7",",E","0",",E","-0.5",",E,06,","","","","","29.7",",E,25,","3740.6","E","204.9",",E","","","12.14",",E","16.99",",,,E","7.29",",,,E"
"NOE00134850","2012-06","59.1831","9.5667","136.0","SKIEN GEITERYGGEN, NO","12.9","E","0.0",",E","","","","","","","","","0",",E","0",",E","0",",E","2",",E","0",",E","3.6",",E,01,","","","","","21.2",",E,22,","3895.9","E","155.3",",E","","","13.16",",E","17.21",",,,E","9.10",",,,E"
"NOE00134850","2012-07","59.1831","9.5667","136.0","SKIEN GEITERYGGEN, NO","19.1","E","6.2",",E","","","","","","","","","0",",E","0",",E","0",",E","11",",E","0",",E","9.3",",E,17,","","","","","25.5",",E,25,","72.6","E","72.6",",E","","","16.19",",E","20.41",",,,E","11.98",",,,E"
"NOE00134850","2012-08","59.1831","9.5667","136.0","SKIEN GEITERYGGEN, NO","22.0","E","2.9",",E","","","","","","","","","0",",E","0",",E","0",",E","12",",E","0",",E","8.8",",E,29,","","","","","26.0",",E,19,","144.7","E","72.1",",E","","","16.10",",E","20.36",",,,E","11.84",",,,E"
"NOE00134850","2012-09","59.1831","9.5667","136.0","SKIEN GEITERYGGEN, NO","22.0","E","0.0",",E","","","","","","","","","0",",E","0",",E","0",",E","3",",E","0",",E","2.4",",E,21,","","","","","21.7",",E,03,","348.4","E","203.7",",E","","","11.54",",E","15.48",",,,E","7.61",",,,E"
"NOE00134850","2012-10","59.1831","9.5667","136.0","SKIEN GEITERYGGEN, NO","22.0","E","0.0",",E","","","","","","","","","0",",E","7",",E","0",",E","0",",E","0",",E","-3.5",",E,30,","","","","","15.2",",E,02,","741.5","E","393.1",",E","","","5.65",",E","8.49",",,,E","2.82",",,,E"
"NOE00134850","2012-11","59.1831","9.5667","136.0","SKIEN GEITERYGGEN, NO","22.0","E","0.0",",E","","","","","","","","","0",",E","11",",E","1",",E","0",",E","0",",E","-5.0",",E,30,","","","","","9.0",",E,20,","1197.6","E","456.1",",E","","","3.13",",E","5.19",",,,E","1.07",",,,E"
"NOE00134850","2012-12","59.1831","9.5667","136.0","SKIEN GEITERYGGEN, NO","22.0","E","0.0",",E","","","","","","","","","0",",E","29",",E","25",",E","0",",E","0",",E","-12.6",",E,04,","","","","","5.2",",E,30,","1922.0","E","724.4",",E","","","-5.03",",E","-3.27",",,,E","-6.80",",,,E"
"NOE00134850","2013-01","59.1831","9.5667","136.0","SKIEN GEITERYGGEN, NO","0.0","E","0.0",",E","","","","","","","","","0",",E","31",",E","22",",E","0",",E","0",",E","-16.1",",E,23,","","","","","5.9",",E,04,","2637.8","E","715.8",",E","","","-4.76",",E","-2.23",",,,E","-7.28",",,,E"
"NOE00134850","2013-02","59.1831","9.5667","136.0","SKIEN GEITERYGGEN, NO","0.0","E","0.0",",E","","","","","","","","","0",",E","28",",E","16",",E","0",",E","0",",E","-12.6",",E,21,","","","","","9.3",",E,28,","3239.2","E","601.4",",E","","","-3.15",",E","0.05",",,,E","-6.34",",,,E"
"NOE00134850","2013-03","59.1831","9.5667","136.0","SKIEN GEITERYGGEN, NO","0.0","E","0.0",",E","","","","","","","","","0",",E","31",",E","10",",E","0",",E","0",",E","-14.7",",E,14,","","","","","9.2",",E,02,","3877.2","E","638.0",",E","","","-2.25",",E","2.56",",,,E","-7.06",",,,E"
"NOE00134850","2013-04","59.1831","9.5667","136.0","SKIEN GEITERYGGEN, NO","0.0","E","0.0",",E","","","","","","","","","0",",E","15",",E","0",",E","0",",E","0",",E","-5.5",",E,09,","","","","","13.3",",E,25,","4307.1","E","429.9",",E","","","4.00",",E","8.57",",,,E","-0.56",",,,E"
"NOE00134850","2013-05","59.1831","9.5667","136.0","SKIEN GEITERYGGEN, NO","3.5","E","3.5",",E","","","","","","","","","0",",E","0",",E","0",",E","8",",E","0",",E","0.2",",E,01,","","","","","26.1",",E,18,","4518.6","E","211.5",",E","","","11.62",",E","16.07",",,,E","7.17",",,,E"
"NOE00134850","2013-06","59.1831","9.5667","136.0","SKIEN GEITERYGGEN, NO","3.5","E","0.0",",E","","","","","","","","","0",",E","0",",E","0",",E","7",",E","0",",E","7.3",",E,07,","","","","","23.0",",E,01,","4633.0","E","114.4",",E","","","14.52",",E","18.79",",,,E","10.25",",,,E"
"NOE00134850","2013-07","59.1831","9.5667","136.0","SKIEN GEITERYGGEN, NO","25.3","E","21.8",",E","","","","","","","","","0",",E","0",",E","0",",E","25",",E","0",",E","8.1",",E,03,","","","","","27.0",",E,20,","30.1","E","30.1",",E","","","18.06",",E","23.23",",,,E","12.90",",,,E"
"NOE00134850","2013-08","59.1831","9.5667","136.0","SKIEN GEITERYGGEN, NO","27.8","E","2.5",",E","","","","","","","","","0",",E","0",",E","0",",E","15",",E","0",",E","8.4",",E,20,","","","","","23.6",",E,07,","99.4","E","69.3",",E","","","16.18",",E","20.85",",,,E","11.50",",,,E"
"NOE00134850","2013-09","59.1831","9.5667","136.0","SKIEN GEITERYGGEN, NO","27.8","E","0.0",",E","","","","","","","","","0",",E","0",",E","0",",E","2",",E","0",",E","2.7",",E,28,","","","","","21.8",",E,03,","277.7","E","178.3",",E","","","12.39",",E","16.11",",,,E","8.67",",,,E"
"NOE00134850","2013-10","59.1831","9.5667","136.0","SKIEN GEITERYGGEN, NO","27.8","E","0.0",",E","","","","","","","","","0",",E","1",",E","0",",E","0",",E","0",",E","-0.3",",E,19,","","","","","18.8",",E,07,","601.6","E","323.9",",E","","","7.89",",E","11.15",",,,E","4.62",",,,E"
"NOE00134850","2013-11","59.1831","9.5667","136.0","SKIEN GEITERYGGEN, NO","27.8","E","0.0",",E","","","","","","","","","0",",E","17",",E","4",",E","0",",E","0",",E","-5.5",",E,22,","","","","","13.8",",E,16,","1068.2","E","466.6",",E","","","2.78",",E","5.67",",,,E","-0.11",",,,E"
"NOE00134850","2013-12","59.1831","9.5667","136.0","SKIEN GEITERYGGEN, NO","27.8","E","0.0",",E","","","","","","","","","0",",E","18",",E","5",",E","0",",E","0",",E","-7.7",",E,08,","","","","","9.3",",E,16,","1572.8","E","504.6",",E","","","2.06",",E","4.67",",,,E","-0.55",",,,E"
"NOE00134850","2014-01","59.1831","9.5667","136.0","SKIEN GEITERYGGEN, NO","0.0","E","0.0",",E","","","","","","","","","0",",E","24",",E","21",",E","0",",E","0",",E","-11.1",",E,13,","","","","","8.2",",E,07,","2206.0","E","633.2",",E","","","-2.09",",E","-0.62",",,,E","-3.57",",,,E"
"NOE00134850","2014-02","59.1831","9.5667","136.0","SKIEN GEITERYGGEN, NO","0.0","E","0.0",",E","","","","","","","","","0",",E","16",",E","2",",E","0",",E","0",",E","-5.4",",E,20,","","","","","7.1",",E,17,","2679.4","E","473.4",",E","","","1.43",",E","2.89",",,,E","-0.04",",,,E"
"NOE00134850","2014-03","59.1831","9.5667","136.0","SKIEN GEITERYGGEN, NO","0.0","E","0.0",",E","","","","","","","","","0",",E","12",",E","0",",E","0",",E","0",",E","-2.0",",E,24,","","","","","15.3",",E,29,","3101.8","E","422.4",",E","","","4.71",",E","8.37",",,,E","1.04",",,,E"
"NOE00134850","2014-04","59.1831","9.5667","136.0","SKIEN GEITERYGGEN, NO","0.0","E","0.0",",E","","","","","","","","","0",",E","6",",E","0",",E","1",",E","0",",E","-2.0",",E,05,","","","","","22.2",",E,28,","3413.4","E","311.6",",E","","","7.95",",E","13.02",",,,E","2.87",",,,E"
"NOE00134850","2014-05","59.1831","9.5667","136.0","SKIEN GEITERYGGEN, NO","1.4","E","1.4",",E","","","","","","","","","0",",E","1",",E","0",",E","6",",E","0",",E","-0.1",",E,02,","","","","","25.1",",E,30,","3622.9","E","209.5",",E","","","11.62",",E","16.15",",,,E","7.09",",,,E"
"NOE00134850","2014-06","59.1831","9.5667","136.0","SKIEN GEITERYGGEN, NO","3.2","E","1.8",",E","","","","","","","","","0",",E","0",",E","0",",E","16",",E","0",",E","7.4",",E,22,","","","","","25.8",",E,18,","3705.5","E","82.6",",E","","","15.64",",E","20.48",",,,E","10.80",",,,E"
"NOE00134850","2014-07","59.1831","9.5667","136.0","SKIEN GEITERYGGEN, NO","72.7","E","69.5",",E","","","","","","","","","0",",E","0",",E","0",",E","27",",E","0",",E","9.1",",E,04,","","","","","31.5",",E,24,+","12.0","E","12.0",",E","","","20.19",",E","25.36",",,,E","15.01",",,,E"
"NOE00134850","2014-08","59.1831","9.5667","136.0","SKIEN GEITERYGGEN, NO","80.8","E","8.1",",E","","","","","","","","","0",",E","0",",E","0",",E","12",",E","0",",E","7.9",",E,22,","","","","","24.6",",E,08,","95.5","E","83.5",",E","","","15.90",",E","20.05",",,,E","11.75",",,,E"
"NOE00134850","2014-09","59.1831","9.5667","136.0","SKIEN GEITERYGGEN, NO","80.8","E","0.0",",E","","","","","","","","","0",",E","0",",E","0",",E","2",",E","0",",E","4.8",",E,23,","","","","","21.5",",E,02,","235.7","E","140.2",",E","","","13.66",",E","18.02",",,,E","9.30",",,,E"
"NOE00134850","2014-10","59.1831","9.5667","136.0","SKIEN GEITERYGGEN, NO","80.8","E","0.0",",E","","","","","","","","","0",",E","0",",E","0",",E","0",",E","0",",E","0.5",",E,30,","","","","","16.4",",E,02,","511.1","E","275.4",",E","","","9.45",",E","11.99",",,,E","6.90",",,,E"
"NOE00134850","2014-11","59.1831","9.5667","136.0","SKIEN GEITERYGGEN, NO","80.8","E","0.0",",E","","","","","","","","","0",",E","5",",E","0",",E","0",",E","0",",E","-1.7",",E,22,","","","","","12.4",",E,02,","932.1","E","421.0",",E","","","4.30",",E","5.76",",,,E","2.84",",,,E"
"NOE00134850","2014-12","59.1831","9.5667","136.0","SKIEN GEITERYGGEN, NO","80.8","E","0.0",",E","","","","","","","","","0",",E","29",",E","8",",E","0",",E","0",",E","-11.9",",E,26,","","","","","7.3",",E,07,","1533.9","E","601.8",",E","","","-1.08",",E","1.17",",,,E","-3.33",",,,E"
"NOE00134850","2015-01","59.1831","9.5667","136.0","SKIEN GEITERYGGEN, NO","0.0","E","0.0",",E","","","","","","","","","0",",E","28",",E","6",",E","0",",E","0",",E","-10.2",",E,23,","","","","","8.5",",E,02,","2086.9","E","553.0",",E","","","0.49",",E","2.90",",,,E","-1.92",",,,E"
"NOE00134850","2015-02","59.1831","9.5667","136.0","SKIEN GEITERYGGEN, NO","0.0","E","0.0",",E","","","","","","","","","0",",E","20",",E","4",",E","0",",E","0",",E","-9.0",",E,05,","","","","","9.6",",E,09,","2576.7","E","489.8",",E","","","0.84",",E","3.66",",,,E","-1.98",",,,E"
"NOE00134850","2015-03","59.1831","9.5667","136.0","SKIEN GEITERYGGEN, NO","0.0","E","0.0",",E","","","","","","","","","0",",E","14",",E","0",",E","0",",E","0",",E","-4.0",",E,04,","","","","","12.8",",E,08,","3028.5","E","451.8",",E","","","3.76",",E","7.45",",,,E","0.07",",,,E"
"NOE00134850","2015-04","59.1831","9.5667","136.0","SKIEN GEITERYGGEN, NO","0.0","E","0.0",",E","","","","","","","","","0",",E","9",",E","0",",E","1",",E","0",",E","-2.1",",E,01,","","","","","22.2",",E,20,","3361.2","E","332.7",",E","","","7.24",",E","12.49",",,,E","2.00",",,,E"
"NOE00134850","2015-05","59.1831","9.5667","136.0","SKIEN GEITERYGGEN, NO","0.0","E","0.0",",E","","","","","","","","","0",",E","1",",E","0",",E","0",",E","0",",E","-0.3",",E,01,","","","","","17.1",",E,15,","3655.2","E","294.0",",E","","","8.85",",E","13.37",",,,E","4.33",",,,E"
"NOE00134850","2015-06","59.1831","9.5667","136.0","SKIEN GEITERYGGEN, NO","0.0","E","0.0",",E","","","","","","","","","0",",E","0",",E","0",",E","4",",E","0",",E","5.9",",E,02,","","","","","23.2",",E,30,","3790.7","E","135.5",",E","","","13.82",",E","18.66",",,,E","8.97",",,,E"
"NOE00134850","2015-07","59.1831","9.5667","136.0","SKIEN GEITERYGGEN, NO","3.6","E","3.6",",E","","","","","","","","","0",",E","0",",E","0",",E","12",",E","0",",E","8.5",",E,25,","","","","","25.1",",E,05,","75.7","E","75.7",",E","","","16.01",",E","20.28",",,,E","11.74",",,,E"
"NOE00134850","2015-08","59.1831","9.5667","136.0","SKIEN GEITERYGGEN, NO","3.6","E","0.0",",E","","","","","","","","","0",",E","0",",E","0",",E","16",",E","0",",E","8.9",",E,03,","","","","","24.1",",E,23,","148.2","E","72.5",",E","","","16.00",",E","20.51",",,,E","11.48",",,,E"
"NOE00134850","2015-09","59.1831","9.5667","136.0","SKIEN GEITERYGGEN, NO","3.6","E","0.0",",E","","","","","","","","","0",",E","0",",E","0",",E","0",",E","0",",E","4.2",",E,29,+","","","","","21.0",",E,07,","319.7","E","171.5",",E","","","12.62",",E","16.32",",,,E","8.91",",,,E"
"NOE00134850","2015-10","59.1831","9.5667","136.0","SKIEN GEITERYGGEN, NO","3.6","E","0.0",",E","","","","","","","","","0",",E","0",",E","0",",E","0",",E","0",",E","0.6",",E,17,","","","","","18.3",",E,02,","651.4","E","331.7",",E","","","7.63",",E","10.74",",,,E","4.53",",,,E"
"NOE00134850","2015-11","59.1831","9.5667","136.0","SKIEN GEITERYGGEN, NO","3.6","E","0.0",",E","","","","","","","","","0",",E","14",",E","4",",E","0",",E","0",",E","-5.7",",E,23,","","","","","11.7",",E,02,","1100.2","E","448.8",",E","","","3.37",",E","5.99",",,,E","0.75",",,,E"
"NOE00134850","2015-12","59.1831","9.5667","136.0","SKIEN GEITERYGGEN, NO","3.6","E","0.0",",E","","","","","","","","","0",",E","17",",E","7",",E","0",",E","0",",E","-5.6",",E,15,","","","","","11.5",",E,06,","1591.3","E","491.1",",E","","","2.49",",E","5.00",",,,E","-0.02",",,,E"
"NOE00134850","2016-01","59.1831","9.5667","136.0","SKIEN GEITERYGGEN, NO","0.0","","0.0",",E","","","","","","","","","0",",E","27",",E","23",",E","0",",E","0",",E","-12.7",",E,07,","","","","","8.1",",E,29,","2297.1","","705.8",",E","","","-4.44",",E","-2.39",",,,E","-6.48",",,,E"
"NOE00134850","2016-02","59.1831","9.5667","136.0","SKIEN GEITERYGGEN, NO","0.0","","0.0",",E","","","","","","","","","0",",E","25",",E","2",",E","0",",E","0",",E","-8.9",",E,16,","","","","","5.7",",E,23,+","2828.3","","531.2",",E","","","0.02",",E","2.93",",,,E","-2.90",",,,E"
"NOE00134850","2016-03","59.1831","9.5667","136.0","SKIEN GEITERYGGEN, NO","0.0","","0.0",",E","","","","","","","","","0",",E","21",",E","1",",E","0",",E","0",",E","-3.4",",E,11,","","","","","15.7",",E,15,","3292.7","","464.4",",E","","","3.35",",E","6.94",",,,E","-0.23",",,,E"
"NOE00134850","2016-04","59.1831","9.5667","136.0","SKIEN GEITERYGGEN, NO","0.0","","0.0",",E","","","","","","","","","0",",E","6",",E","0",",E","0",",E","0",",E","-3.1",",E,01,","","","","","13.3",",E,20,","3674.6","","381.9",",E","","","5.60",",E","9.39",",,,E","1.82",",,,E"
"NOE00134850","2016-05","59.1831","9.5667","136.0","SKIEN GEITERYGGEN, NO","1.9","","1.9",",E","","","","","","","","","0",",E","0",",E","0",",E","7",",E","0",",E","1.4",",E,02,","","","","","25.9",",E,31,","3863.6","","189.0",",E","","","12.30",",E","17.12",",,,E","7.47",",,,E"
