"STATION","DATE","LATITUDE","LONGITUDE","ELEVATION","NAME","CDSD","CDSD_ATTRIBUTES","CLDD","CLDD_ATTRIBUTES","DP01","DP01_ATTRIBUTES","DP10","DP10_ATTRIBUTES","DP1X","DP1X_ATTRIBUTES","DSND","DSND_ATTRIBUTES","DSNW","DSNW_ATTRIBUTES","DT00","DT00_ATTRIBUTES","DT32","DT32_ATTRIBUTES","DX32","DX32_ATTRIBUTES","DX70","DX70_ATTRIBUTES","DX90","DX90_ATTRIBUTES","DYTS","DYTS_ATTRIBUTES","EMNT","EMNT_ATTRIBUTES","EMSD","EMSD_ATTRIBUTES","EMSN","EMSN_ATTRIBUTES","EMXP","EMXP_ATTRIBUTES","EMXT","EMXT_ATTRIBUTES","HDSD","HDSD_ATTRIBUTES","HTDD","HTDD_ATTRIBUTES","PRCP","PRCP_ATTRIBUTES","SNOW","SNOW_ATTRIBUTES","TAVG","TAVG_ATTRIBUTES","TMAX","TMAX_ATTRIBUTES","TMIN","TMIN_ATTRIBUTES","WDFG","WDFG_ATTRIBUTES","WSFG","WSFG_ATTRIBUTES"
"PMW00010705","1949-01","8.91667","-79.6","10.1","HOWARD, PM","268.2","","268.2",",X","2",",X","0",",X","0",",X","0",",X","0",",X","0",",X","0",",X","0",",X","31",",X","12",",X","","","18.9",",X,24,","0",",,X,31,+","0",",,X,31,+","2.0",",,X,30,","32.8",",X,28,+","","","0.0",",X","3.0",",,,X","0",",,,X","26.99",",X","31.82",",,,X","22.15",",,,X","338",",X","13.4",",X"
"PMW00010705","1949-02","8.91667","-79.6","10.1","HOWARD, PM","526.2","","258.0",",X","0",",X","0",",X","0",",X","0",",X","0",",X","0",",X","0",",X","0",",X","28",",X","19",",X","","","21.1",",X,28,+","0",",,X,28,+","0",",,X,28,+","0.0",",T,X,28,+","33.3",",X,07,+","","","0.0",",X","0.0",",T,,X","0",",,,X","27.55",",X","32.08",",,,X","23.01",",,,X","360","3,X","14.3","3,X"
"PMW00010705","1949-03","8.91667","-79.6","10.1","HOWARD, PM","819.2","","293.0",",X","0",",X","0",",X","0",",X","0",",X","0",",X","0",",X","0",",X","0",",X","31",",X","24",",X","","","21.1",",X,10,+","0",",,X,31,+","0",",,X,31,+","0.0",",T,X,31,+","33.9",",X,10,+","","","0.0",",X","0.0",",T,,X","0",",,,X","27.78",",X","32.60",",,,X","22.97",",,,X","360","3,X","15.2","3,X"
"PMW00010705","1949-04","8.91667","-79.6","10.1","HOWARD, PM","1127.2","","308.0",",X","4",",X","4",",X","1",",X","0",",X","0",",X","0",",X","0",",X","0",",X","30",",X","26",",X","3","","22.2",",X,01,","0",",,X,30,+","0",",,X,30,+","48.5",",,X,30,","35.0",",X,23,+","","","0.0",",X","80.8",",,,X","0",",,,X","28.60",",X","33.00",",,,X","24.20",",,,X","","","",""
"PMW00010705","1949-05","8.91667","-79.6","10.1","HOWARD, PM","1414.6","","287.4",",X","21",",X","14",",X","3",",X","0",",X","0",",X","0",",X","0",",X","0",",X","31",",X","9",",X","16","","22.8",",X,16,+","0",",,X,31,+","0",",,X,31,+","67.6",",,X,15,","33.9",",X,12,","","","0.0",",X","262.2",",,,X","0",",,,X","27.60",",X","30.99",",,,X","24.22",",,,X","","","",""
"PMW00010705","1949-06","8.91667","-79.6","10.1","HOWARD, PM","1664.8","","250.2",",X","16",",X","9",",X","5",",X","0",",X","0",",X","0",",X","0",",X","0",",X","30",",X","6",",X","18","","21.1",",X,07,","0",",,X,30,+","0",",,X,30,+","40.4",",,X,11,","32.8",",X,24,","","","0.0",",X","221.0",",,,X","0",",,,X","26.67",",X","30.01",",,,X","23.33",",,,X","","","",""
"PMW00010705","1949-07","8.91667","-79.6","10.1","HOWARD, PM","1936.5","","271.7",",X","18",",X","14",",X","2",",X","0",",X","0",",X","0",",X","0",",X","0",",X","31",",X","5",",X","18","","21.1",",X,15,","0",",,X,31,+","0",",,X,31,+","48.8",",,X,06,","32.8",",X,30,+","0.0","","0.0",",X","204.3",",,,X","0",",,,X","27.10",",X","30.57",",,,X","23.62",",,,X","","","",""
"PMW00010705","1949-08","8.91667","-79.6","10.1","HOWARD, PM","2204.3","","267.8","1,X","15","1,X","12","1,X","1","1,X","0","1,X","0","1,X","0","1,X","0","1,X","0","1,X","30","1,X","8","1,X","16","","21.7","1,X,17,","0","1,,X,31,+","0","1,,X,31,+","56.1","1,,X,28,","32.8","1,X,24,","0.0","","0.0","1,X","148.0","1,,,X","0","1,,,X","27.26","1,X","30.70","1,,,X","23.82","1,,,X","","","",""
"PMW00010705","1949-09","8.91667","-79.6","10.1","HOWARD, PM","2456.3","","252.0",",X","11","5,X","8","5,X","0","5,X","0",",X","0",",X","0",",X","0",",X","0",",X","30",",X","3",",X","11","","21.1",",X,20,","0",",,X,30,+","0",",,X,30,+","23.6","5,,X,23,","33.3",",X,18,","0.0","","0.0",",X","103.9","5,,,X","0",",,,X","26.73",",X","30.29",",,,X","23.17",",,,X","","","",""
