"STATION","DATE","LATITUDE","LONGITUDE","ELEVATION","NAME","DP01","DP01_ATTRIBUTES","DP10","DP10_ATTRIBUTES","DP1X","DP1X_ATTRIBUTES","EMXP","EMXP_ATTRIBUTES","PRCP","PRCP_ATTRIBUTES"
"SF003254710","1920-09","-28.37","25.28","1280.0","BORDEAUX, SF","2",",I","2",",I","0",",I","7.6",",,I,06,","10.1",",,,I"
"SF003254710","1920-10","-28.37","25.28","1280.0","BORDEAUX, SF","3",",I","3",",I","0",",I","16.0",",,I,23,","39.4",",,,I"
"SF003254710","1920-11","-28.37","25.28","1280.0","BORDEAUX, SF","4",",I","4",",I","0",",I","13.5",",,I,25,","25.0",",,,I"
"SF003254710","1920-12","-28.37","25.28","1280.0","BORDEAUX, SF","1",",I","1",",I","0",",I","13.0",",,I,15,","13.0",",,,I"
"SF003254710","1921-01","-28.37","25.28","1280.0","BORDEAUX, SF","3",",I","2",",I","0",",I","9.4",",,I,07,","13.9",",,,I"
"SF003254710","1921-02","-28.37","25.28","1280.0","BORDEAUX, SF","6",",I","6",",I","3",",I","29.2",",,I,03,","104.6",",,,I"
"SF003254710","1921-03","-28.37","25.28","1280.0","BORDEAUX, SF","5",",I","5",",I","0",",I","17.3",",,I,06,","50.6",",,,I"
"SF003254710","1921-04","-28.37","25.28","1280.0","BORDEAUX, SF","2",",I","2",",I","0",",I","12.4",",,I,09,","18.8",",,,I"
"SF003254710","1921-05","-28.37","25.28","1280.0","BORDEAUX, SF","1",",I","1",",I","0",",I","3.3",",,I,01,","3.3",",,,I"
"SF003254710","1921-08","-28.37","25.28","1280.0","BORDEAUX, SF","0",",I","0",",I","0",",I","0.0",",,I,31,+","0.0",",,,I"
"SF003254710","1921-09","-28.37","25.28","1280.0","BORDEAUX, SF","0",",I","0",",I","0",",I","0.0",",,I,30,+","0.0",",,,I"
"SF003254710","1921-11","-28.37","25.28","1280.0","BORDEAUX, SF","8",",I","6",",I","0",",I","16.5",",,I,24,","65.9",",,,I"
"SF003254710","1921-12","-28.37","25.28","1280.0","BORDEAUX, SF","6",",I","6",",I","0",",I","23.4",",,I,21,","71.8",",,,I"
"SF003254710","1922-01","-28.37","25.28","1280.0","BORDEAUX, SF","4",",I","4",",I","0",",I","12.7",",,I,25,","30.3",",,,I"
"SF003254710","1922-02","-28.37","25.28","1280.0","BORDEAUX, SF","1",",I","1",",I","0",",I","19.8",",,I,02,","19.8",",,,I"
"SF003254710","1922-03","-28.37","25.28","1280.0","BORDEAUX, SF","3",",I","2",",I","0",",I","10.4",",,I,26,","18.3",",,,I"
"SF003254710","1922-04","-28.37","25.28","1280.0","BORDEAUX, SF","2",",I","2",",I","0",",I","12.4",",,I,09,","18.8",",,,I"
"SF003254710","1922-05","-28.37","25.28","1280.0","BORDEAUX, SF","1",",I","1",",I","0",",I","5.1",",,I,31,","5.1",",,,I"
"SF003254710","1922-07","-28.37","25.28","1280.0","BORDEAUX, SF","0",",I","0",",I","0",",I","0.0",",,I,31,+","0.0",",,,I"
"SF003254710","1922-09","-28.37","25.28","1280.0","BORDEAUX, SF","0",",I","0",",I","0",",I","0.0",",,I,30,+","0.0",",,,I"
"SF003254710","1922-11","-28.37","25.28","1280.0","BORDEAUX, SF","5",",I","4",",I","0",",I","21.8",",,I,13,","51.2",",,,I"
"SF003254710","1922-12","-28.37","25.28","1280.0","BORDEAUX, SF","5",",I","4",",I","0",",I","18.0",",,I,29,","38.6",",,,I"
"SF003254710","1923-01","-28.37","25.28","1280.0","BORDEAUX, SF","6",",I","6",",I","2",",I","59.7",",,I,26,","150.7",",,,I"
"SF003254710","1923-02","-28.37","25.28","1280.0","BORDEAUX, SF","10",",I","8",",I","0",",I","13.5",",,I,23,","68.8",",,,I"
"SF003254710","1923-03","-28.37","25.28","1280.0","BORDEAUX, SF","1",",I","1",",I","0",",I","7.6",",,I,20,","7.6",",,,I"
"SF003254710","1923-04","-28.37","25.28","1280.0","BORDEAUX, SF","3",",I","3",",I","0",",I","11.9",",,I,12,+","30.4",",,,I"
"SF003254710","1923-05","-28.37","25.28","1280.0","BORDEAUX, SF","3",",I","1",",I","0",",I","10.4",",,I,13,","12.2",",,,I"
"SF003254710","1923-06","-28.37","25.28","1280.0","BORDEAUX, SF","3",",I","2",",I","0",",I","4.1",",,I,20,","8.1",",,,I"
"SF003254710","1923-07","-28.37","25.28","1280.0","BORDEAUX, SF","1",",I","1",",I","0",",I","7.6",",,I,20,","7.6",",,,I"
"SF003254710","1923-08","-28.37","25.28","1280.0","BORDEAUX, SF","0",",I","0",",I","0",",I","0.0",",,I,31,+","0.0",",,,I"
"SF003254710","1923-09","-28.37","25.28","1280.0","BORDEAUX, SF","0",",I","0",",I","0",",I","0.0",",,I,30,+","0.0",",,,I"
"SF003254710","1923-10","-28.37","25.28","1280.0","BORDEAUX, SF","2",",I","2",",I","0",",I","12.4",",,I,30,","16.7",",,,I"
"SF003254710","1923-11","-28.37","25.28","1280.0","BORDEAUX, SF","2",",I","2",",I","1",",I","40.1",",,I,13,","45.2",",,,I"
"SF003254710","1923-12","-28.37","25.28","1280.0","BORDEAUX, SF","3",",I","3",",I","0",",I","9.9",",,I,19,","22.1",",,,I"
"SF003254710","1924-01","-28.37","25.28","1280.0","BORDEAUX, SF","5",",I","4",",I","2",",I","46.5",",,I,26,","82.5",",,,I"
"SF003254710","1924-02","-28.37","25.28","1280.0","BORDEAUX, SF","4",",I","4",",I","0",",I","21.1",",,I,17,","44.2",",,,I"
"SF003254710","1924-03","-28.37","25.28","1280.0","BORDEAUX, SF","9",",I","9",",I","1",",I","29.5",",,I,02,","110.8",",,,I"
"SF003254710","1924-04","-28.37","25.28","1280.0","BORDEAUX, SF","3",",I","2",",I","0",",I","9.4",",,I,19,","19.1",",,,I"
"SF003254710","1924-05","-28.37","25.28","1280.0","BORDEAUX, SF","2",",I","1",",I","0",",I","5.1",",,I,19,","5.9",",,,I"
"SF003254710","1924-06","-28.37","25.28","1280.0","BORDEAUX, SF","0",",I","0",",I","0",",I","0.0",",,I,30,+","0.0",",,,I"
"SF003254710","1924-07","-28.37","25.28","1280.0","BORDEAUX, SF","0",",I","0",",I","0",",I","0.0",",,I,31,+","0.0",",,,I"
"SF003254710","1924-08","-28.37","25.28","1280.0","BORDEAUX, SF","0",",I","0",",I","0",",I","0.0",",,I,31,+","0.0",",,,I"
"SF003254710","1924-09","-28.37","25.28","1280.0","BORDEAUX, SF","3",",I","3",",I","1",",I","32.5",",,I,25,","40.8",",,,I"
"SF003254710","1924-10","-28.37","25.28","1280.0","BORDEAUX, SF","4",",I","2",",I","1",",I","30.5",",,I,28,","41.4",",,,I"
"SF003254710","1924-11","-28.37","25.28","1280.0","BORDEAUX, SF","6",",I","6",",I","1",",I","26.7",",,I,12,","55.7",",,,I"
"SF003254710","1924-12","-28.37","25.28","1280.0","BORDEAUX, SF","8",",I","8",",I","1",",I","44.5",",,I,04,","99.7",",,,I"
"SF003254710","1925-01","-28.37","25.28","1280.0","BORDEAUX, SF","1",",I","1",",I","0",",I","10.2",",,I,18,","10.2",",,,I"
"SF003254710","1925-02","-28.37","25.28","1280.0","BORDEAUX, SF","5",",I","5",",I","0",",I","19.6",",,I,14,","46.9",",,,I"
"SF003254710","1925-03","-28.37","25.28","1280.0","BORDEAUX, SF","8",",I","8",",I","3",",I","36.8",",,I,08,","148.2",",,,I"
"SF003254710","1925-04","-28.37","25.28","1280.0","BORDEAUX, SF","6",",I","6",",I","1",",I","42.7",",,I,27,","70.7",",,,I"
"SF003254710","1925-05","-28.37","25.28","1280.0","BORDEAUX, SF","6",",I","6",",I","0",",I","22.1",",,I,02,","66.5",",,,I"
"SF003254710","1925-06","-28.37","25.28","1280.0","BORDEAUX, SF","0",",I","0",",I","0",",I","0.0",",,I,30,+","0.0",",,,I"
"SF003254710","1925-07","-28.37","25.28","1280.0","BORDEAUX, SF","0",",I","0",",I","0",",I","0.0",",,I,31,+","0.0",",,,I"
"SF003254710","1925-08","-28.37","25.28","1280.0","BORDEAUX, SF","0",",I","0",",I","0",",I","0.0",",,I,31,+","0.0",",,,I"
"SF003254710","1925-09","-28.37","25.28","1280.0","BORDEAUX, SF","3",",I","2",",I","0",",I","13.7",",,I,14,","19.3",",,,I"
"SF003254710","1925-10","-28.37","25.28","1280.0","BORDEAUX, SF","2",",I","1",",I","0",",I","2.5",",,I,21,","3.8",",,,I"
"SF003254710","1925-11","-28.37","25.28","1280.0","BORDEAUX, SF","1",",I","1",",I","0",",I","6.1",",,I,23,","6.1",",,,I"
"SF003254710","1925-12","-28.37","25.28","1280.0","BORDEAUX, SF","2",",I","2",",I","0",",I","10.2",",,I,06,","17.6",",,,I"
"SF003254710","1926-01","-28.37","25.28","1280.0","BORDEAUX, SF","1",",I","1",",I","0",",I","4.1",",,I,25,","4.1",",,,I"
"SF003254710","1926-02","-28.37","25.28","1280.0","BORDEAUX, SF","0",",I","0",",I","0",",I","0.0",",,I,28,+","0.0",",,,I"
"SF003254710","1926-03","-28.37","25.28","1280.0","BORDEAUX, SF","9",",I","8",",I","0",",I","21.6",",,I,28,","91.1",",,,I"
"SF003254710","1926-04","-28.37","25.28","1280.0","BORDEAUX, SF","3",",I","3",",I","1",",I","28.7",",,I,08,","36.1",",,,I"
"SF003254710","1926-05","-28.37","25.28","1280.0","BORDEAUX, SF","2",",I","2",",I","0",",I","10.9",",,I,03,","14.2",",,,I"
"SF003254710","1926-06","-28.37","25.28","1280.0","BORDEAUX, SF","0",",I","0",",I","0",",I","0.0",",,I,30,+","0.0",",,,I"
"SF003254710","1926-07","-28.37","25.28","1280.0","BORDEAUX, SF","0",",I","0",",I","0",",I","0.0",",,I,31,+","0.0",",,,I"
"SF003254710","1926-08","-28.37","25.28","1280.0","BORDEAUX, SF","0",",I","0",",I","0",",I","0.0",",,I,31,+","0.0",",,,I"
"SF003254710","1926-09","-28.37","25.28","1280.0","BORDEAUX, SF","1",",I","1",",I","0",",I","5.6",",,I,30,","5.6",",,,I"
"SF003254710","1926-10","-28.37","25.28","1280.0","BORDEAUX, SF","2",",I","2",",I","0",",I","10.9",",,I,05,+","21.8",",,,I"
"SF003254710","1926-11","-28.37","25.28","1280.0","BORDEAUX, SF","4",",I","4",",I","0",",I","11.7",",,I,17,","27.7",",,,I"
"SF003254710","1926-12","-28.37","25.28","1280.0","BORDEAUX, SF","8",",I","7",",I","2",",I","38.1",",,I,08,","132.1",",,,I"
"SF003254710","1927-01","-28.37","25.28","1280.0","BORDEAUX, SF","4",",I","4",",I","1",",I","25.9",",,I,21,","43.0",",,,I"
"SF003254710","1927-02","-28.37","25.28","1280.0","BORDEAUX, SF","1",",I","1",",I","1",",I","50.0",",,I,24,","50.0",",,,I"
"SF003254710","1927-03","-28.37","25.28","1280.0","BORDEAUX, SF","8",",I","7",",I","1",",I","31.8",",,I,16,","96.5",",,,I"
"SF003254710","1927-04","-28.37","25.28","1280.0","BORDEAUX, SF","0",",I","0",",I","0",",I","0.0",",,I,30,+","0.0",",,,I"
"SF003254710","1927-05","-28.37","25.28","1280.0","BORDEAUX, SF","1",",I","0",",I","0",",I","1.8",",,I,05,","1.8",",,,I"
"SF003254710","1927-06","-28.37","25.28","1280.0","BORDEAUX, SF","0",",I","0",",I","0",",I","0.0",",,I,30,+","0.0",",,,I"
"SF003254710","1927-07","-28.37","25.28","1280.0","BORDEAUX, SF","1",",I","1",",I","0",",I","8.4",",,I,25,","8.4",",,,I"
"SF003254710","1927-08","-28.37","25.28","1280.0","BORDEAUX, SF","1",",I","1",",I","0",",I","6.1",",,I,05,","6.1",",,,I"
"SF003254710","1927-09","-28.37","25.28","1280.0","BORDEAUX, SF","0",",I","0",",I","0",",I","0.0",",,I,30,+","0.0",",,,I"
"SF003254710","1927-10","-28.37","25.28","1280.0","BORDEAUX, SF","2",",I","2",",I","0",",I","16.0",",,I,19,","21.6",",,,I"
"SF003254710","1927-11","-28.37","25.28","1280.0","BORDEAUX, SF","1",",I","1",",I","0",",I","5.8",",,I,23,","5.8",",,,I"
"SF003254710","1927-12","-28.37","25.28","1280.0","BORDEAUX, SF","4",",I","4",",I","0",",I","15.2",",,I,27,+","54.2",",,,I"
"SF003254710","1928-01","-28.37","25.28","1280.0","BORDEAUX, SF","5",",I","5",",I","3",",I","42.9",",,I,11,","126.0",",,,I"
"SF003254710","1928-03","-28.37","25.28","1280.0","BORDEAUX, SF","4",",I","4",",I","1",",I","25.4",",,I,27,","58.0",",,,I"
"SF003254710","1928-04","-28.37","25.28","1280.0","BORDEAUX, SF","2",",I","2",",I","0",",I","16.0",",,I,09,","21.1",",,,I"
"SF003254710","1928-05","-28.37","25.28","1280.0","BORDEAUX, SF","0",",I","0",",I","0",",I","0.0",",,I,31,+","0.0",",,,I"
"SF003254710","1928-06","-28.37","25.28","1280.0","BORDEAUX, SF","0",",I","0",",I","0",",I","0.0",",,I,30,+","0.0",",,,I"
"SF003254710","1928-07","-28.37","25.28","1280.0","BORDEAUX, SF","0",",I","0",",I","0",",I","0.0",",,I,31,+","0.0",",,,I"
"SF003254710","1928-08","-28.37","25.28","1280.0","BORDEAUX, SF","1",",I","1",",I","0",",I","3.0",",,I,12,","3.0",",,,I"
"SF003254710","1928-09","-28.37","25.28","1280.0","BORDEAUX, SF","1",",I","1",",I","0",",I","4.3",",,I,30,","4.3",",,,I"
"SF003254710","1928-10","-28.37","25.28","1280.0","BORDEAUX, SF","3",",I","2",",I","0",",I","7.6",",,I,17,","14.7",",,,I"
"SF003254710","1928-12","-28.37","25.28","1280.0","BORDEAUX, SF","5",",I","3",",I","0",",I","16.0",",,I,13,","38.4",",,,I"
"SF003254710","1929-01","-28.37","25.28","1280.0","BORDEAUX, SF","6",",I","6",",I","0",",I","22.4",",,I,17,","66.3",",,,I"
"SF003254710","1929-02","-28.37","25.28","1280.0","BORDEAUX, SF","2",",I","2",",I","0",",I","5.1",",,I,25,","7.6",",,,I"
"SF003254710","1929-03","-28.37","25.28","1280.0","BORDEAUX, SF","9",",I","9",",I","1",",I","41.9",",,I,05,","137.3",",,,I"
"SF003254710","1929-04","-28.37","25.28","1280.0","BORDEAUX, SF","3",",I","3",",I","0",",I","9.9",",,I,01,","16.7",",,,I"
"SF003254710","1929-05","-28.37","25.28","1280.0","BORDEAUX, SF","2",",I","2",",I","0",",I","10.9",",,I,03,","17.3",",,,I"
"SF003254710","1929-06","-28.37","25.28","1280.0","BORDEAUX, SF","2",",I","1",",I","0",",I","3.3",",,I,06,","5.3",",,,I"
"SF003254710","1929-07","-28.37","25.28","1280.0","BORDEAUX, SF","0",",I","0",",I","0",",I","0.0",",,I,31,+","0.0",",,,I"
"SF003254710","1929-08","-28.37","25.28","1280.0","BORDEAUX, SF","2",",I","2",",I","0",",I","14.0",",,I,23,","24.9",",,,I"
"SF003254710","1929-09","-28.37","25.28","1280.0","BORDEAUX, SF","5",",I","5",",I","1",",I","33.0",",,I,16,","81.6",",,,I"
"SF003254710","1929-10","-28.37","25.28","1280.0","BORDEAUX, SF","0",",I","0",",I","0",",I","0.0",",,I,31,+","0.0",",,,I"
"SF003254710","1929-12","-28.37","25.28","1280.0","BORDEAUX, SF","0",",I","0",",I","0",",I","0.0",",,I,31,+","0.0",",,,I"
"SF003254710","1930-01","-28.37","25.28","1280.0","BORDEAUX, SF","4",",I","3",",I","2",",I","30.5",",,I,15,+","86.9",",,,I"
"SF003254710","1930-02","-28.37","25.28","1280.0","BORDEAUX, SF","4",",I","4",",I","0",",I","16.3",",,I,25,","52.3",",,,I"
"SF003254710","1930-03","-28.37","25.28","1280.0","BORDEAUX, SF","2",",I","2",",I","1",",I","37.3",",,I,30,","42.6",",,,I"
"SF003254710","1930-04","-28.37","25.28","1280.0","BORDEAUX, SF","4",",I","3",",I","0",",I","14.7",",,I,07,","30.8",",,,I"
"SF003254710","1930-05","-28.37","25.28","1280.0","BORDEAUX, SF","1",",I","1",",I","0",",I","3.3",",,I,30,","3.3",",,,I"
"SF003254710","1930-06","-28.37","25.28","1280.0","BORDEAUX, SF","0",",I","0",",I","0",",I","0.0",",,I,30,+","0.0",",,,I"
"SF003254710","1930-07","-28.37","25.28","1280.0","BORDEAUX, SF","0",",I","0",",I","0",",I","0.0",",,I,31,+","0.0",",,,I"
"SF003254710","1930-08","-28.37","25.28","1280.0","BORDEAUX, SF","0",",I","0",",I","0",",I","0.0",",,I,31,+","0.0",",,,I"
"SF003254710","1930-09","-28.37","25.28","1280.0","BORDEAUX, SF","0",",I","0",",I","0",",I","0.0",",,I,30,+","0.0",",,,I"
"SF003254710","1930-10","-28.37","25.28","1280.0","BORDEAUX, SF","2",",I","1",",I","0",",I","10.7",",,I,05,","13.0",",,,I"
"SF003254710","1930-11","-28.37","25.28","1280.0","BORDEAUX, SF","3",",I","3",",I","0",",I","3.3",",,I,14,","8.6",",,,I"
"SF003254710","1930-12","-28.37","25.28","1280.0","BORDEAUX, SF","2",",I","2",",I","0",",I","16.0",",,I,28,","26.2",",,,I"
"SF003254710","1931-01","-28.37","25.28","1280.0","BORDEAUX, SF","9",",I","9",",I","0",",I","24.4",",,I,01,","117.4",",,,I"
"SF003254710","1931-02","-28.37","25.28","1280.0","BORDEAUX, SF","4",",I","4",",I","0",",I","13.5",",,I,19,","34.3",",,,I"
"SF003254710","1931-03","-28.37","25.28","1280.0","BORDEAUX, SF","5",",I","5",",I","1",",I","28.4",",,I,28,","72.7",",,,I"
"SF003254710","1931-04","-28.37","25.28","1280.0","BORDEAUX, SF","3",",I","3",",I","1",",I","26.7",",,I,16,","39.4",",,,I"
"SF003254710","1931-05","-28.37","25.28","1280.0","BORDEAUX, SF","0",",I","0",",I","0",",I","0.0",",,I,31,+","0.0",",,,I"
"SF003254710","1931-06","-28.37","25.28","1280.0","BORDEAUX, SF","0",",I","0",",I","0",",I","0.0",",,I,30,+","0.0",",,,I"
"SF003254710","1931-07","-28.37","25.28","1280.0","BORDEAUX, SF","0",",I","0",",I","0",",I","0.0",",,I,31,+","0.0",",,,I"
"SF003254710","1931-08","-28.37","25.28","1280.0","BORDEAUX, SF","0",",I","0",",I","0",",I","0.0",",,I,31,+","0.0",",,,I"
"SF003254710","1931-09","-28.37","25.28","1280.0","BORDEAUX, SF","0",",I","0",",I","0",",I","0.0",",,I,30,+","0.0",",,,I"
"SF003254710","1931-10","-28.37","25.28","1280.0","BORDEAUX, SF","3",",I","2",",I","0",",I","18.5",",,I,09,","30.7",",,,I"
"SF003254710","1931-11","-28.37","25.28","1280.0","BORDEAUX, SF","6",",I","5",",I","0",",I","19.1",",,I,06,","51.4",",,,I"
"SF003254710","1931-12","-28.37","25.28","1280.0","BORDEAUX, SF","1",",I","1",",I","0",",I","3.8",",,I,01,","3.8",",,,I"
"SF003254710","1932-01","-28.37","25.28","1280.0","BORDEAUX, SF","2",",I","2",",I","0",",I","20.3",",,I,24,","25.4",",,,I"
"SF003254710","1932-02","-28.37","25.28","1280.0","BORDEAUX, SF","4",",I","3",",I","1",",I","28.7",",,I,27,","57.4",",,,I"
"SF003254710","1932-03","-28.37","25.28","1280.0","BORDEAUX, SF","3",",I","3",",I","0",",I","15.2",",,I,18,","37.0",",,,I"
"SF003254710","1932-04","-28.37","25.28","1280.0","BORDEAUX, SF","1",",I","1",",I","0",",I","9.7",",,I,24,","9.7",",,,I"
"SF003254710","1932-05","-28.37","25.28","1280.0","BORDEAUX, SF","0",",I","0",",I","0",",I","0.0",",,I,31,+","0.0",",,,I"
"SF003254710","1932-06","-28.37","25.28","1280.0","BORDEAUX, SF","0",",I","0",",I","0",",I","0.0",",,I,30,+","0.0",",,,I"
"SF003254710","1932-07","-28.37","25.28","1280.0","BORDEAUX, SF","0",",I","0",",I","0",",I","0.0",",,I,31,+","0.0",",,,I"
"SF003254710","1932-08","-28.37","25.28","1280.0","BORDEAUX, SF","0",",I","0",",I","0",",I","0.0",",,I,31,+","0.0",",,,I"
"SF003254710","1932-09","-28.37","25.28","1280.0","BORDEAUX, SF","2",",I","2",",I","1",",I","33.8",",,I,16,","49.8",",,,I"
"SF003254710","1932-10","-28.37","25.28","1280.0","BORDEAUX, SF","0",",I","0",",I","0",",I","0.0",",,I,31,+","0.0",",,,I"
"SF003254710","1932-11","-28.37","25.28","1280.0","BORDEAUX, SF","3",",I","3",",I","0",",I","7.1",",,I,17,","18.1",",,,I"
"SF003254710","1932-12","-28.37","25.28","1280.0","BORDEAUX, SF","4",",I","4",",I","0",",I","23.6",",,I,23,","75.4",",,,I"
"SF003254710","1933-01","-28.37","25.28","1280.0","BORDEAUX, SF","1",",I","1",",I","0",",I","20.3",",,I,30,","20.3",",,,I"
"SF003254710","1933-02","-28.37","25.28","1280.0","BORDEAUX, SF","2",",I","2",",I","0",",I","4.3",",,I,07,","8.4",",,,I"
"SF003254710","1933-03","-28.37","25.28","1280.0","BORDEAUX, SF","3",",I","3",",I","0",",I","15.7",",,I,01,","32.5",",,,I"
"SF003254710","1933-04","-28.37","25.28","1280.0","BORDEAUX, SF","2",",I","2",",I","0",",I","10.2",",,I,02,","17.8",",,,I"
"SF003254710","1933-05","-28.37","25.28","1280.0","BORDEAUX, SF","0",",I","0",",I","0",",I","0.0",",,I,31,+","0.0",",,,I"
"SF003254710","1933-06","-28.37","25.28","1280.0","BORDEAUX, SF","0",",I","0",",I","0",",I","0.0",",,I,30,+","0.0",",,,I"
"SF003254710","1933-07","-28.37","25.28","1280.0","BORDEAUX, SF","0",",I","0",",I","0",",I","0.0",",,I,31,+","0.0",",,,I"
"SF003254710","1933-08","-28.37","25.28","1280.0","BORDEAUX, SF","1",",I","0",",I","0",",I","2.0",",,I,03,","2.0",",,,I"
"SF003254710","1933-09","-28.37","25.28","1280.0","BORDEAUX, SF","0",",I","0",",I","0",",I","0.0",",,I,30,+","0.0",",,,I"
"SF003254710","1933-10","-28.37","25.28","1280.0","BORDEAUX, SF","1",",I","1",",I","1",",I","26.7",",,I,24,","26.7",",,,I"
"SF003254710","1933-11","-28.37","25.28","1280.0","BORDEAUX, SF","11",",I","10",",I","1",",I","25.4",",,I,17,","104.5",",,,I"
"SF003254710","1933-12","-28.37","25.28","1280.0","BORDEAUX, SF","6",",I","6",",I","0",",I","19.1",",,I,13,","49.1",",,,I"
"SF003254710","1934-01","-28.37","25.28","1280.0","BORDEAUX, SF","8",",I","7",",I","2",",I","27.9",",,I,02,","109.7",",,,I"
"SF003254710","1934-02","-28.37","25.28","1280.0","BORDEAUX, SF","2",",I","2",",I","0",",I","19.6",",,I,12,","26.5",",,,I"
"SF003254710","1934-03","-28.37","25.28","1280.0","BORDEAUX, SF","5",",I","5",",I","0",",I","7.1",",,I,02,","26.0",",,,I"
"SF003254710","1934-04","-28.37","25.28","1280.0","BORDEAUX, SF","5",",I","5",",I","1",",I","47.0",",,I,05,","90.7",",,,I"
"SF003254710","1934-05","-28.37","25.28","1280.0","BORDEAUX, SF","3",",I","3",",I","1",",I","27.9",",,I,24,","58.6",",,,I"
"SF003254710","1934-06","-28.37","25.28","1280.0","BORDEAUX, SF","0",",I","0",",I","0",",I","0.0",",,I,30,+","0.0",",,,I"
"SF003254710","1934-07","-28.37","25.28","1280.0","BORDEAUX, SF","0",",I","0",",I","0",",I","0.0",",,I,31,+","0.0",",,,I"
"SF003254710","1934-08","-28.37","25.28","1280.0","BORDEAUX, SF","0",",I","0",",I","0",",I","0.0",",,I,31,+","0.0",",,,I"
"SF003254710","1934-09","-28.37","25.28","1280.0","BORDEAUX, SF","0",",I","0",",I","0",",I","0.0",",,I,30,+","0.0",",,,I"
"SF003254710","1934-10","-28.37","25.28","1280.0","BORDEAUX, SF","4",",I","4",",I","0",",I","12.7",",,I,26,","37.1",",,,I"
"SF003254710","1934-11","-28.37","25.28","1280.0","BORDEAUX, SF","6",",I","6",",I","1",",I","40.6",",,I,17,","72.1",",,,I"
"SF003254710","1934-12","-28.37","25.28","1280.0","BORDEAUX, SF","4",",I","4",",I","0",",I","15.2",",,I,25,","32.8",",,,I"
"SF003254710","1935-01","-28.37","25.28","1280.0","BORDEAUX, SF","1",",I","1",",I","0",",I","14.0",",,I,24,","14.0",",,,I"
"SF003254710","1935-02","-28.37","25.28","1280.0","BORDEAUX, SF","4",",I","4",",I","0",",I","18.3",",,I,28,","39.9",",,,I"
"SF003254710","1935-03","-28.37","25.28","1280.0","BORDEAUX, SF","6",",I","6",",I","1",",I","25.4",",,I,23,","72.5",",,,I"
"SF003254710","1935-04","-28.37","25.28","1280.0","BORDEAUX, SF","5",",I","5",",I","0",",I","19.1",",,I,05,","52.5",",,,I"
"SF003254710","1935-05","-28.37","25.28","1280.0","BORDEAUX, SF","3",",I","3",",I","0",",I","14.0",",,I,11,","31.6",",,,I"
"SF003254710","1935-06","-28.37","25.28","1280.0","BORDEAUX, SF","1",",I","1",",I","0",",I","20.3",",,I,11,","20.3",",,,I"
"SF003254710","1935-07","-28.37","25.28","1280.0","BORDEAUX, SF","0",",I","0",",I","0",",I","0.0",",,I,31,+","0.0",",,,I"
"SF003254710","1935-08","-28.37","25.28","1280.0","BORDEAUX, SF","0",",I","0",",I","0",",I","0.0",",,I,31,+","0.0",",,,I"
"SF003254710","1935-09","-28.37","25.28","1280.0","BORDEAUX, SF","1",",I","1",",I","0",",I","19.1",",,I,15,","19.1",",,,I"
"SF003254710","1935-10","-28.37","25.28","1280.0","BORDEAUX, SF","1",",I","1",",I","1",",I","25.4",",,I,31,","25.4",",,,I"
"SF003254710","1935-11","-28.37","25.28","1280.0","BORDEAUX, SF","2",",I","2",",I","0",",I","15.2",",,I,02,","21.6",",,,I"
"SF003254710","1935-12","-28.37","25.28","1280.0","BORDEAUX, SF","3",",I","3",",I","0",",I","17.3",",,I,14,","28.5",",,,I"
"SF003254710","1936-01","-28.37","25.28","1280.0","BORDEAUX, SF","3",",I","3",",I","0",",I","17.3",",,I,14,","28.5",",,,I"
"SF003254710","1936-02","-28.37","25.28","1280.0","BORDEAUX, SF","4",",I","4",",I","0",",I","8.9",",,I,05,","24.6",",,,I"
"SF003254710","1936-03","-28.37","25.28","1280.0","BORDEAUX, SF","11",",I","11",",I","1",",I","25.4",",,I,23,","120.4",",,,I"
"SF003254710","1936-04","-28.37","25.28","1280.0","BORDEAUX, SF","3",",I","2",",I","0",",I","14.2",",,I,05,","23.1",",,,I"
"SF003254710","1936-05","-28.37","25.28","1280.0","BORDEAUX, SF","4",",I","4",",I","0",",I","10.2",",,I,11,","24.4",",,,I"
"SF003254710","1936-06","-28.37","25.28","1280.0","BORDEAUX, SF","0",",I","0",",I","0",",I","0.0",",,I,30,+","0.0",",,,I"
"SF003254710","1936-07","-28.37","25.28","1280.0","BORDEAUX, SF","0",",I","0",",I","0",",I","0.0",",,I,31,+","0.0",",,,I"
"SF003254710","1936-08","-28.37","25.28","1280.0","BORDEAUX, SF","0",",I","0",",I","0",",I","0.0",",,I,31,+","0.0",",,,I"
"SF003254710","1936-09","-28.37","25.28","1280.0","BORDEAUX, SF","2",",I","1",",I","0",",I","7.4",",,I,25,","8.9",",,,I"
"SF003254710","1936-10","-28.37","25.28","1280.0","BORDEAUX, SF","3",",I","3",",I","0",",I","13.7",",,I,27,","21.8",",,,I"
"SF003254710","1936-11","-28.37","25.28","1280.0","BORDEAUX, SF","5",",I","5",",I","1",",I","25.4",",,I,18,","73.2",",,,I"
"SF003254710","1936-12","-28.37","25.28","1280.0","BORDEAUX, SF","4",",I","4",",I","1",",I","25.4",",,I,10,","51.3",",,,I"
"SF003254710","1937-01","-28.37","25.28","1280.0","BORDEAUX, SF","7",",I","7",",I","0",",I","16.5",",,I,23,","60.4",",,,I"
"SF003254710","1937-02","-28.37","25.28","1280.0","BORDEAUX, SF","5",",I","5",",I","2",",I","45.7",",,I,19,","108.0",",,,I"
"SF003254710","1937-03","-28.37","25.28","1280.0","BORDEAUX, SF","6",",I","6",",I","0",",I","20.3",",,I,28,","63.2",",,,I"
"SF003254710","1937-04","-28.37","25.28","1280.0","BORDEAUX, SF","2",",I","2",",I","0",",I","9.7",",,I,06,","12.2",",,,I"
"SF003254710","1937-05","-28.37","25.28","1280.0","BORDEAUX, SF","2",",I","2",",I","0",",I","10.2",",,I,11,","13.8",",,,I"
"SF003254710","1937-06","-28.37","25.28","1280.0","BORDEAUX, SF","0",",I","0",",I","0",",I","0.0",",,I,30,+","0.0",",,,I"
"SF003254710","1937-07","-28.37","25.28","1280.0","BORDEAUX, SF","0",",I","0",",I","0",",I","0.0",",,I,31,+","0.0",",,,I"
"SF003254710","1937-08","-28.37","25.28","1280.0","BORDEAUX, SF","0",",I","0",",I","0",",I","0.0",",,I,31,+","0.0",",,,I"
"SF003254710","1937-09","-28.37","25.28","1280.0","BORDEAUX, SF","0",",I","0",",I","0",",I","0.0",",,I,30,+","0.0",",,,I"
"SF003254710","1937-10","-28.37","25.28","1280.0","BORDEAUX, SF","0",",I","0",",I","0",",I","0.0",",,I,31,+","0.0",",,,I"
"SF003254710","1937-11","-28.37","25.28","1280.0","BORDEAUX, SF","1",",I","1",",I","0",",I","15.2",",,I,03,","15.2",",,,I"
"SF003254710","1937-12","-28.37","25.28","1280.0","BORDEAUX, SF","3",",I","3",",I","0",",I","16.5",",,I,06,","41.6",",,,I"
"SF003254710","1938-01","-28.37","25.28","1280.0","BORDEAUX, SF","4",",I","4",",I","1",",I","94.0",",,I,28,","119.9",",,,I"
"SF003254710","1938-02","-28.37","25.28","1280.0","BORDEAUX, SF","9",",I","9",",I","1",",I","33.0",",,I,17,","115.7",",,,I"
"SF003254710","1938-03","-28.37","25.28","1280.0","BORDEAUX, SF","2",",I","2",",I","0",",I","7.9",",,I,04,","11.7",",,,I"
"SF003254710","1938-04","-28.37","25.28","1280.0","BORDEAUX, SF","2",",I","2",",I","0",",I","7.9",",,I,04,","11.7",",,,I"
"SF003254710","1938-05","-28.37","25.28","1280.0","BORDEAUX, SF","1",",I","1",",I","0",",I","7.6",",,I,14,","7.6",",,,I"
"SF003254710","1938-06","-28.37","25.28","1280.0","BORDEAUX, SF","2",",I","2",",I","0",",I","8.1",",,I,14,","10.6",",,,I"
"SF003254710","1938-07","-28.37","25.28","1280.0","BORDEAUX, SF","1",",I","1",",I","0",",I","4.6",",,I,07,","4.6",",,,I"
"SF003254710","1938-08","-28.37","25.28","1280.0","BORDEAUX, SF","1",",I","1",",I","0",",I","6.4",",,I,28,","6.4",",,,I"
"SF003254710","1938-09","-28.37","25.28","1280.0","BORDEAUX, SF","0",",I","0",",I","0",",I","0.0",",,I,30,+","0.0",",,,I"
"SF003254710","1938-10","-28.37","25.28","1280.0","BORDEAUX, SF","3",",I","3",",I","0",",I","15.2",",,I,25,","30.9",",,,I"
"SF003254710","1938-11","-28.37","25.28","1280.0","BORDEAUX, SF","2",",I","2",",I","0",",I","11.4",",,I,03,","16.5",",,,I"
"SF003254710","1938-12","-28.37","25.28","1280.0","BORDEAUX, SF","5",",I","5",",I","0",",I","15.7",",,I,09,","48.3",",,,I"
"SF003254710","1939-01","-28.37","25.28","1280.0","BORDEAUX, SF","5",",I","5",",I","1",",I","31.8",",,I,31,","57.6",",,,I"
"SF003254710","1939-02","-28.37","25.28","1280.0","BORDEAUX, SF","6",",I","6",",I","2",",I","41.1",",,I,14,","98.9",",,,I"
"SF003254710","1939-03","-28.37","25.28","1280.0","BORDEAUX, SF","1",",I","1",",I","1",",I","33.0",",,I,04,","33.0",",,,I"
"SF003254710","1939-04","-28.37","25.28","1280.0","BORDEAUX, SF","1",",I","1",",I","0",",I","3.8",",,I,05,","3.8",",,,I"
"SF003254710","1939-05","-28.37","25.28","1280.0","BORDEAUX, SF","1",",I","1",",I","0",",I","8.4",",,I,16,","8.4",",,,I"
"SF003254710","1939-06","-28.37","25.28","1280.0","BORDEAUX, SF","0",",I","0",",I","0",",I","0.0",",,I,30,+","0.0",",,,I"
"SF003254710","1939-07","-28.37","25.28","1280.0","BORDEAUX, SF","1",",I","1",",I","0",",I","9.4",",,I,15,","9.4",",,,I"
"SF003254710","1939-08","-28.37","25.28","1280.0","BORDEAUX, SF","1",",I","1",",I","1",",I","25.9",",,I,15,","25.9",",,,I"
"SF003254710","1939-09","-28.37","25.28","1280.0","BORDEAUX, SF","1",",I","1",",I","0",",I","8.4",",,I,07,","8.4",",,,I"
"SF003254710","1939-10","-28.37","25.28","1280.0","BORDEAUX, SF","3",",I","3",",I","1",",I","38.1",",,I,20,","74.2",",,,I"
"SF003254710","1939-11","-28.37","25.28","1280.0","BORDEAUX, SF","2",",I","2",",I","0",",I","16.0",",,I,03,","24.4",",,,I"
"SF003254710","1939-12","-28.37","25.28","1280.0","BORDEAUX, SF","0",",I","0",",I","0",",I","0.0",",,I,31,+","0.0",",,,I"
"SF003254710","1940-01","-28.37","25.28","1280.0","BORDEAUX, SF","5",",I","5",",I","1",",I","27.9",",,I,25,","52.8",",,,I"
"SF003254710","1940-02","-28.37","25.28","1280.0","BORDEAUX, SF","4",",I","4",",I","1",",I","25.4",",,I,08,","47.2",",,,I"
"SF003254710","1940-03","-28.37","25.28","1280.0","BORDEAUX, SF","3",",I","3",",I","1",",I","29.2",",,I,20,","49.7",",,,I"
"SF003254710","1940-04","-28.37","25.28","1280.0","BORDEAUX, SF","1",",I","1",",I","0",",I","7.6",",,I,16,","7.6",",,,I"
"SF003254710","1940-05","-28.37","25.28","1280.0","BORDEAUX, SF","1",",I","1",",I","0",",I","7.1",",,I,04,","7.1",",,,I"
"SF003254710","1940-06","-28.37","25.28","1280.0","BORDEAUX, SF","1",",I","1",",I","0",",I","7.6",",,I,15,","7.6",",,,I"
"SF003254710","1940-07","-28.37","25.28","1280.0","BORDEAUX, SF","0",",I","0",",I","0",",I","0.0",",,I,31,+","0.0",",,,I"
"SF003254710","1940-08","-28.37","25.28","1280.0","BORDEAUX, SF","0",",I","0",",I","0",",I","0.0",",,I,31,+","0.0",",,,I"
"SF003254710","1940-09","-28.37","25.28","1280.0","BORDEAUX, SF","2",",I","2",",I","0",",I","7.6",",,I,22,","12.7",",,,I"
"SF003254710","1940-10","-28.37","25.28","1280.0","BORDEAUX, SF","2",",I","2",",I","0",",I","3.8",",,I,22,","6.3",",,,I"
"SF003254710","1940-12","-28.37","25.28","1280.0","BORDEAUX, SF","3",",I","3",",I","0",",I","21.8",",,I,28,","44.7",",,,I"
"SF003254710","1941-01","-28.37","25.28","1280.0","BORDEAUX, SF","6",",I","6",",I","0",",I","11.4",",,I,31,","46.9",",,,I"
"SF003254710","1941-02","-28.37","25.28","1280.0","BORDEAUX, SF","4",",I","4",",I","2",",I","39.4",",,I,08,","94.1",",,,I"
"SF003254710","1941-03","-28.37","25.28","1280.0","BORDEAUX, SF","0",",I","0",",I","0",",I","0.0",",,I,31,+","0.0",",,,I"
"SF003254710","1941-04","-28.37","25.28","1280.0","BORDEAUX, SF","0",",I","0",",I","0",",I","0.0",",,I,30,+","0.0",",,,I"
"SF003254710","1941-05","-28.37","25.28","1280.0","BORDEAUX, SF","0",",I","0",",I","0",",I","0.0",",,I,31,+","0.0",",,,I"
"SF003254710","1941-06","-28.37","25.28","1280.0","BORDEAUX, SF","0",",I","0",",I","0",",I","0.0",",,I,30,+","0.0",",,,I"
"SF003254710","1941-07","-28.37","25.28","1280.0","BORDEAUX, SF","0",",I","0",",I","0",",I","0.0",",,I,31,+","0.0",",,,I"
"SF003254710","1941-08","-28.37","25.28","1280.0","BORDEAUX, SF","0",",I","0",",I","0",",I","0.0",",,I,31,+","0.0",",,,I"
"SF003254710","1941-09","-28.37","25.28","1280.0","BORDEAUX, SF","0",",I","0",",I","0",",I","0.0",",,I,30,+","0.0",",,,I"
"SF003254710","1941-10","-28.37","25.28","1280.0","BORDEAUX, SF","1",",I","1",",I","0",",I","19.6",",,I,19,","19.6",",,,I"
"SF003254710","1941-11","-28.37","25.28","1280.0","BORDEAUX, SF","0",",I","0",",I","0",",I","0.0",",,I,30,+","0.0",",,,I"
"SF003254710","1941-12","-28.37","25.28","1280.0","BORDEAUX, SF","0",",I","0",",I","0",",I","0.0",",,I,31,+","0.0",",,,I"
"SF003254710","1942-01","-28.37","25.28","1280.0","BORDEAUX, SF","0",",I","0",",I","0",",I","0.0",",,I,31,+","0.0",",,,I"
"SF003254710","1942-02","-28.37","25.28","1280.0","BORDEAUX, SF","2",",I","2",",I","1",",I","30.5",",,I,12,","48.3",",,,I"
"SF003254710","1942-03","-28.37","25.28","1280.0","BORDEAUX, SF","5",",I","5",",I","2",",I","38.1",",,I,01,","92.7",",,,I"
"SF003254710","1942-04","-28.37","25.28","1280.0","BORDEAUX, SF","3",",I","3",",I","0",",I","25.1",",,I,19,","51.8",",,,I"
"SF003254710","1942-05","-28.37","25.28","1280.0","BORDEAUX, SF","0",",I","0",",I","0",",I","0.0",",,I,31,+","0.0",",,,I"
"SF003254710","1942-06","-28.37","25.28","1280.0","BORDEAUX, SF","0",",I","0",",I","0",",I","0.0",",,I,30,+","0.0",",,,I"
"SF003254710","1942-07","-28.37","25.28","1280.0","BORDEAUX, SF","0",",I","0",",I","0",",I","0.0",",,I,31,+","0.0",",,,I"
"SF003254710","1942-08","-28.37","25.28","1280.0","BORDEAUX, SF","1",",I","1",",I","1",",I","47.2",",,I,09,","47.2",",,,I"
"SF003254710","1942-09","-28.37","25.28","1280.0","BORDEAUX, SF","0",",I","0",",I","0",",I","0.0",",,I,30,+","0.0",",,,I"
"SF003254710","1942-10","-28.37","25.28","1280.0","BORDEAUX, SF","5",",I","5",",I","2",",I","38.1",",,I,12,","94.1",",,,I"
"SF003254710","1942-11","-28.37","25.28","1280.0","BORDEAUX, SF","2",",I","2",",I","0",",I","9.7",",,I,11,","17.3",",,,I"
"SF003254710","1942-12","-28.37","25.28","1280.0","BORDEAUX, SF","7",",I","7",",I","1",",I","29.5",",,I,17,","99.9",",,,I"
"SF003254710","1943-01","-28.37","25.28","1280.0","BORDEAUX, SF","2",",I","2",",I","0",",I","8.9",",,I,13,","16.5",",,,I"
"SF003254710","1943-02","-28.37","25.28","1280.0","BORDEAUX, SF","2",",I","2",",I","0",",I","8.9",",,I,22,","14.0",",,,I"
"SF003254710","1943-03","-28.37","25.28","1280.0","BORDEAUX, SF","4",",I","3",",I","1",",I","25.9",",,I,06,","53.9",",,,I"
"SF003254710","1943-04","-28.37","25.28","1280.0","BORDEAUX, SF","8",",I","8",",I","2",",I","25.4",",,I,23,+","124.5",",,,I"
"SF003254710","1943-05","-28.37","25.28","1280.0","BORDEAUX, SF","3",",I","3",",I","0",",I","20.3",",,I,07,","38.8",",,,I"
"SF003254710","1943-06","-28.37","25.28","1280.0","BORDEAUX, SF","0",",I","0",",I","0",",I","0.0",",,I,30,+","0.0",",,,I"
"SF003254710","1943-07","-28.37","25.28","1280.0","BORDEAUX, SF","1",",I","1",",I","0",",I","21.6",",,I,28,","21.6",",,,I"
"SF003254710","1943-08","-28.37","25.28","1280.0","BORDEAUX, SF","2",",I","2",",I","2",",I","38.1",",,I,30,","71.1",",,,I"
"SF003254710","1943-09","-28.37","25.28","1280.0","BORDEAUX, SF","1",",I","1",",I","0",",I","12.7",",,I,20,","12.7",",,,I"
"SF003254710","1943-10","-28.37","25.28","1280.0","BORDEAUX, SF","1",",I","1",",I","0",",I","19.1",",,I,11,","19.1",",,,I"
"SF003254710","1943-11","-28.37","25.28","1280.0","BORDEAUX, SF","6",",I","6",",I","0",",I","16.5",",,I,08,","74.4",",,,I"
"SF003254710","1943-12","-28.37","25.28","1280.0","BORDEAUX, SF","3",",I","3",",I","1",",I","31.8",",,I,31,","63.6",",,,I"
"SF003254710","1944-01","-28.37","25.28","1280.0","BORDEAUX, SF","2",",I","2",",I","1",",I","64.8",",,I,31,","83.9",",,,I"
"SF003254710","1944-02","-28.37","25.28","1280.0","BORDEAUX, SF","2",",I","2",",I","0",",I","11.4",",,I,07,","17.2",",,,I"
"SF003254710","1944-03","-28.37","25.28","1280.0","BORDEAUX, SF","2",",I","2",",I","0",",I","6.4",",,I,29,","12.0",",,,I"
"SF003254710","1944-04","-28.37","25.28","1280.0","BORDEAUX, SF","0",",I","0",",I","0",",I","0.0",",,I,30,+","0.0",",,,I"
"SF003254710","1944-05","-28.37","25.28","1280.0","BORDEAUX, SF","4",",I","4",",I","0",",I","12.7",",,I,26,","27.6",",,,I"
"SF003254710","1944-06","-28.37","25.28","1280.0","BORDEAUX, SF","1",",I","1",",I","1",",I","48.3",",,I,13,","48.3",",,,I"
"SF003254710","1944-07","-28.37","25.28","1280.0","BORDEAUX, SF","0",",I","0",",I","0",",I","0.0",",,I,31,+","0.0",",,,I"
"SF003254710","1944-08","-28.37","25.28","1280.0","BORDEAUX, SF","0",",I","0",",I","0",",I","0.0",",,I,31,+","0.0",",,,I"
"SF003254710","1944-09","-28.37","25.28","1280.0","BORDEAUX, SF","2",",I","2",",I","1",",I","25.9",",,I,18,","29.7",",,,I"
"SF003254710","1944-10","-28.37","25.28","1280.0","BORDEAUX, SF","4",",I","4",",I","2",",I","41.1",",,I,14,","98.2",",,,I"
"SF003254710","1944-11","-28.37","25.28","1280.0","BORDEAUX, SF","1",",I","1",",I","1",",I","41.9",",,I,05,","41.9",",,,I"
"SF003254710","1944-12","-28.37","25.28","1280.0","BORDEAUX, SF","0",",I","0",",I","0",",I","0.0",",,I,31,+","0.0",",,,I"
"SF003254710","1945-01","-28.37","25.28","1280.0","BORDEAUX, SF","2",",I","2",",I","0",",I","19.1",",,I,31,","35.6",",,,I"
"SF003254710","1945-02","-28.37","25.28","1280.0","BORDEAUX, SF","3",",I","3",",I","1",",I","48.3",",,I,02,","69.9",",,,I"
"SF003254710","1945-03","-28.37","25.28","1280.0","BORDEAUX, SF","2",",I","2",",I","0",",I","21.6",",,I,06,","30.5",",,,I"
"SF003254710","1945-04","-28.37","25.28","1280.0","BORDEAUX, SF","0",",I","0",",I","0",",I","0.0",",,I,30,+","0.0",",,,I"
"SF003254710","1945-05","-28.37","25.28","1280.0","BORDEAUX, SF","0",",I","0",",I","0",",I","0.0",",,I,31,+","0.0",",,,I"
"SF003254710","1945-06","-28.37","25.28","1280.0","BORDEAUX, SF","0",",I","0",",I","0",",I","0.0",",,I,30,+","0.0",",,,I"
"SF003254710","1945-07","-28.37","25.28","1280.0","BORDEAUX, SF","0",",I","0",",I","0",",I","0.0",",,I,31,+","0.0",",,,I"
"SF003254710","1945-08","-28.37","25.28","1280.0","BORDEAUX, SF","0",",I","0",",I","0",",I","0.0",",,I,31,+","0.0",",,,I"
"SF003254710","1945-09","-28.37","25.28","1280.0","BORDEAUX, SF","0",",I","0",",I","0",",I","0.0",",,I,30,+","0.0",",,,I"
"SF003254710","1945-10","-28.37","25.28","1280.0","BORDEAUX, SF","0",",I","0",",I","0",",I","0.0",",,I,31,+","0.0",",,,I"
"SF003254710","1945-11","-28.37","25.28","1280.0","BORDEAUX, SF","2",",I","2",",I","0",",I","5.6",",,I,09,","8.4",",,,I"
"SF003254710","1945-12","-28.37","25.28","1280.0","BORDEAUX, SF","0",",I","0",",I","0",",I","0.0",",,I,31,+","0.0",",,,I"
"SF003254710","1946-01","-28.37","25.28","1280.0","BORDEAUX, SF","3",",I","3",",I","1",",I","43.2",",,I,19,","72.7",",,,I"
"SF003254710","1946-02","-28.37","25.28","1280.0","BORDEAUX, SF","4",",I","4",",I","1",",I","43.2",",,I,10,","94.3",",,,I"
"SF003254710","1946-03","-28.37","25.28","1280.0","BORDEAUX, SF","2",",I","2",",I","1",",I","38.6",",,I,21,","49.3",",,,I"
"SF003254710","1946-04","-28.37","25.28","1280.0","BORDEAUX, SF","2",",I","2",",I","0",",I","6.4",",,I,21,+","12.8",",,,I"
"SF003254710","1946-05","-28.37","25.28","1280.0","BORDEAUX, SF","4",",I","4",",I","1",",I","27.9",",,I,24,","56.1",",,,I"
"SF003254710","1946-06","-28.37","25.28","1280.0","BORDEAUX, SF","0",",I","0",",I","0",",I","0.0",",,I,30,+","0.0",",,,I"
"SF003254710","1946-07","-28.37","25.28","1280.0","BORDEAUX, SF","0",",I","0",",I","0",",I","0.0",",,I,31,+","0.0",",,,I"
"SF003254710","1946-10","-28.37","25.28","1280.0","BORDEAUX, SF","4",",I","4",",I","0",",I","18.5",",,I,06,","35.0",",,,I"
"SF003254710","1946-11","-28.37","25.28","1280.0","BORDEAUX, SF","1",",I","1",",I","0",",I","19.1",",,I,21,","19.1",",,,I"
"SF003254710","1946-12","-28.37","25.28","1280.0","BORDEAUX, SF","5",",I","4",",I","0",",I","8.1",",,I,14,","28.4",",,,I"
"SF003254710","1947-01","-28.37","25.28","1280.0","BORDEAUX, SF","2",",I","2",",I","0",",I","20.3",",,I,12,","25.4",",,,I"
"SF003254710","1947-02","-28.37","25.28","1280.0","BORDEAUX, SF","2",",I","2",",I","1",",I","32.5",",,I,10,","52.8",",,,I"
"SF003254710","1947-03","-28.37","25.28","1280.0","BORDEAUX, SF","0",",I","0",",I","0",",I","0.0",",,I,31,+","0.0",",,,I"
"SF003254710","1947-04","-28.37","25.28","1280.0","BORDEAUX, SF","5",",I","5",",I","2",",I","38.1",",,I,01,","91.4",",,,I"
"SF003254710","1947-05","-28.37","25.28","1280.0","BORDEAUX, SF","1",",I","1",",I","0",",I","10.7",",,I,12,","10.7",",,,I"
"SF003254710","1947-06","-28.37","25.28","1280.0","BORDEAUX, SF","0",",I","0",",I","0",",I","0.0",",,I,30,+","0.0",",,,I"
"SF003254710","1947-07","-28.37","25.28","1280.0","BORDEAUX, SF","0",",I","0",",I","0",",I","0.0",",,I,31,+","0.0",",,,I"
"SF003254710","1947-08","-28.37","25.28","1280.0","BORDEAUX, SF","0",",I","0",",I","0",",I","0.0",",,I,31,+","0.0",",,,I"
"SF003254710","1947-09","-28.37","25.28","1280.0","BORDEAUX, SF","1",",I","1",",I","0",",I","19.1",",,I,13,","19.1",",,,I"
"SF003254710","1947-10","-28.37","25.28","1280.0","BORDEAUX, SF","0",",I","0",",I","0",",I","0.0",",,I,31,+","0.0",",,,I"
"SF003254710","1947-11","-28.37","25.28","1280.0","BORDEAUX, SF","3",",I","3",",I","0",",I","6.4",",,I,22,+","17.9",",,,I"
"SF003254710","1947-12","-28.37","25.28","1280.0","BORDEAUX, SF","6",",I","6",",I","2",",I","44.5",",,I,25,","105.7",",,,I"
"SF003254710","1948-01","-28.37","25.28","1280.0","BORDEAUX, SF","4",",I","4",",I","0",",I","22.4",",,I,31,","74.5",",,,I"
"SF003254710","1948-02","-28.37","25.28","1280.0","BORDEAUX, SF","3",",I","3",",I","1",",I","33.0",",,I,14,","56.6",",,,I"
"SF003254710","1948-03","-28.37","25.28","1280.0","BORDEAUX, SF","6",",I","6",",I","2",",I","68.6",",,I,17,","160.0",",,,I"
"SF003254710","1948-04","-28.37","25.28","1280.0","BORDEAUX, SF","2",",I","2",",I","0",",I","20.6",",,I,15,","29.7",",,,I"
"SF003254710","1948-05","-28.37","25.28","1280.0","BORDEAUX, SF","0",",I","0",",I","0",",I","0.0",",,I,31,+","0.0",",,,I"
"SF003254710","1948-06","-28.37","25.28","1280.0","BORDEAUX, SF","0",",I","0",",I","0",",I","0.0",",,I,30,+","0.0",",,,I"
"SF003254710","1948-07","-28.37","25.28","1280.0","BORDEAUX, SF","0",",I","0",",I","0",",I","0.0",",,I,31,+","0.0",",,,I"
"SF003254710","1948-08","-28.37","25.28","1280.0","BORDEAUX, SF","0",",I","0",",I","0",",I","0.0",",,I,31,+","0.0",",,,I"
"SF003254710","1948-09","-28.37","25.28","1280.0","BORDEAUX, SF","0",",I","0",",I","0",",I","0.0",",,I,30,+","0.0",",,,I"
"SF003254710","1948-10","-28.37","25.28","1280.0","BORDEAUX, SF","2",",I","2",",I","0",",I","9.4",",,I,20,+","18.8",",,,I"
"SF003254710","1948-11","-28.37","25.28","1280.0","BORDEAUX, SF","2",",I","2",",I","0",",I","9.7",",,I,07,","16.1",",,,I"
"SF003254710","1948-12","-28.37","25.28","1280.0","BORDEAUX, SF","0",",I","0",",I","0",",I","0.0",",,I,31,+","0.0",",,,I"
"SF003254710","1949-01","-28.37","25.28","1280.0","BORDEAUX, SF","1",",I","1",",I","0",",I","12.7",",,I,25,","12.7",",,,I"
"SF003254710","1949-02","-28.37","25.28","1280.0","BORDEAUX, SF","2",",I","2",",I","0",",I","12.2",",,I,13,","18.0",",,,I"
"SF003254710","1949-03","-28.37","25.28","1280.0","BORDEAUX, SF","3",",I","3",",I","1",",I","40.6",",,I,19,","69.1",",,,I"
"SF003254710","1949-04","-28.37","25.28","1280.0","BORDEAUX, SF","0",",I","0",",I","0",",I","0.0",",,I,30,+","0.0",",,,I"
"SF003254710","1949-06","-28.37","25.28","1280.0","BORDEAUX, SF","0",",I","0",",I","0",",I","0.0",",,I,30,+","0.0",",,,I"
"SF003254710","1949-07","-28.37","25.28","1280.0","BORDEAUX, SF","0",",I","0",",I","0",",I","0.0",",,I,31,+","0.0",",,,I"
"SF003254710","1949-08","-28.37","25.28","1280.0","BORDEAUX, SF","1",",I","1",",I","0",",I","12.7",",,I,13,","12.7",",,,I"
"SF003254710","1949-09","-28.37","25.28","1280.0","BORDEAUX, SF","0",",I","0",",I","0",",I","0.0",",,I,30,+","0.0",",,,I"
"SF003254710","1949-10","-28.37","25.28","1280.0","BORDEAUX, SF","0",",I","0",",I","0",",I","0.0",",,I,31,+","0.0",",,,I"
"SF003254710","1949-11","-28.37","25.28","1280.0","BORDEAUX, SF","1",",I","1",",I","0",",I","5.1",",,I,15,","5.1",",,,I"
"SF003254710","1949-12","-28.37","25.28","1280.0","BORDEAUX, SF","5",",I","5",",I","1",",I","29.2",",,I,12,","75.4",",,,I"
"SF003254710","1950-01","-28.37","25.28","1280.0","BORDEAUX, SF","5",",I","5",",I","1",",I","49.5",",,I,06,","79.2",",,,I"
"SF003254710","1950-02","-28.37","25.28","1280.0","BORDEAUX, SF","1",",I","1",",I","0",",I","14.0",",,I,16,","14.0",",,,I"
"SF003254710","1950-03","-28.37","25.28","1280.0","BORDEAUX, SF","5",",I","5",",I","0",",I","17.8",",,I,29,","69.8",",,,I"
"SF003254710","1950-04","-28.37","25.28","1280.0","BORDEAUX, SF","5",",I","5",",I","0",",I","22.9",",,I,08,","78.8",",,,I"
"SF003254710","1950-05","-28.37","25.28","1280.0","BORDEAUX, SF","2",",I","2",",I","0",",I","21.6",",,I,12,","34.3",",,,I"
"SF003254710","1950-06","-28.37","25.28","1280.0","BORDEAUX, SF","0",",I","0",",I","0",",I","0.0",",,I,30,+","0.0",",,,I"
"SF003254710","1950-07","-28.37","25.28","1280.0","BORDEAUX, SF","1",",I","1",",I","0",",I","12.7",",,I,27,","12.7",",,,I"
"SF003254710","1950-08","-28.37","25.28","1280.0","BORDEAUX, SF","5",",I","5",",I","1",",I","26.7",",,I,28,","66.6",",,,I"
"SF003254710","1950-09","-28.37","25.28","1280.0","BORDEAUX, SF","0",",I","0",",I","0",",I","0.0",",,I,30,+","0.0",",,,I"
"SF003254710","1950-10","-28.37","25.28","1280.0","BORDEAUX, SF","0",",I","0",",I","0",",I","0.0",",,I,31,+","0.0",",,,I"
"SF003254710","1950-11","-28.37","25.28","1280.0","BORDEAUX, SF","0",",I","0",",I","0",",I","0.0",",,I,30,+","0.0",",,,I"
"SF003254710","1950-12","-28.37","25.28","1280.0","BORDEAUX, SF","4",",I","4",",I","1",",I","35.6",",,I,05,","65.3",",,,I"
"SF003254710","1951-01","-28.37","25.28","1280.0","BORDEAUX, SF","3",",I","3",",I","1",",I","35.6",",,I,26,","69.9",",,,I"
"SF003254710","1951-02","-28.37","25.28","1280.0","BORDEAUX, SF","2",",I","2",",I","1",",I","34.3",",,I,23,","50.8",",,,I"
"SF003254710","1951-03","-28.37","25.28","1280.0","BORDEAUX, SF","6",",I","6",",I","1",",I","29.2",",,I,11,","83.1",",,,I"
"SF003254710","1951-04","-28.37","25.28","1280.0","BORDEAUX, SF","1",",I","1",",I","0",",I","12.7",",,I,02,","12.7",",,,I"
"SF003254710","1951-05","-28.37","25.28","1280.0","BORDEAUX, SF","1",",I","1",",I","0",",I","13.2",",,I,16,","13.2",",,,I"
"SF003254710","1951-06","-28.37","25.28","1280.0","BORDEAUX, SF","0",",I","0",",I","0",",I","0.0",",,I,30,+","0.0",",,,I"
"SF003254710","1951-07","-28.37","25.28","1280.0","BORDEAUX, SF","0",",I","0",",I","0",",I","0.0",",,I,31,+","0.0",",,,I"
"SF003254710","1951-08","-28.37","25.28","1280.0","BORDEAUX, SF","0",",I","0",",I","0",",I","0.0",",,I,31,+","0.0",",,,I"
"SF003254710","1951-09","-28.37","25.28","1280.0","BORDEAUX, SF","2",",I","0",",I","0",",I","2.3",",,I,28,","3.6",",,,I"
"SF003254710","1951-10","-28.37","25.28","1280.0","BORDEAUX, SF","2",",I","2",",I","1",",I","28.7",",,I,03,","32.8",",,,I"
"SF003254710","1951-11","-28.37","25.28","1280.0","BORDEAUX, SF","0",",I","0",",I","0",",I","0.0",",,I,30,+","0.0",",,,I"
"SF003254710","1951-12","-28.37","25.28","1280.0","BORDEAUX, SF","2",",I","2",",I","0",",I","9.4",",,I,17,","14.5",",,,I"
"SF003254710","1952-01","-28.37","25.28","1280.0","BORDEAUX, SF","5",",I","5",",I","0",",I","19.1",",,I,30,","47.9",",,,I"
"SF003254710","1952-02","-28.37","25.28","1280.0","BORDEAUX, SF","9",",I","9",",I","0",",I","11.4",",,I,11,","67.4",",,,I"
"SF003254710","1952-03","-28.37","25.28","1280.0","BORDEAUX, SF","2",",I","2",",I","1",",I","34.8",",,I,01,","43.4",",,,I"
"SF003254710","1952-04","-28.37","25.28","1280.0","BORDEAUX, SF","0",",I","0",",I","0",",I","0.0",",,I,30,+","0.0",",,,I"
"SF003254710","1952-05","-28.37","25.28","1280.0","BORDEAUX, SF","0",",I","0",",I","0",",I","0.0",",,I,31,+","0.0",",,,I"
"SF003254710","1952-06","-28.37","25.28","1280.0","BORDEAUX, SF","0",",I","0",",I","0",",I","0.0",",,I,30,+","0.0",",,,I"
"SF003254710","1952-07","-28.37","25.28","1280.0","BORDEAUX, SF","1",",I","1",",I","1",",I","28.4",",,I,17,","28.4",",,,I"
"SF003254710","1952-08","-28.37","25.28","1280.0","BORDEAUX, SF","0",",I","0",",I","0",",I","0.0",",,I,31,+","0.0",",,,I"
"SF003254710","1952-09","-28.37","25.28","1280.0","BORDEAUX, SF","2",",I","2",",I","0",",I","21.1",",,I,24,","28.2",",,,I"
"SF003254710","1952-10","-28.37","25.28","1280.0","BORDEAUX, SF","2",",I","2",",I","1",",I","49.5",",,I,30,","59.2",",,,I"
"SF003254710","1952-11","-28.37","25.28","1280.0","BORDEAUX, SF","6",",I","6",",I","0",",I","24.1",",,I,02,","64.0",",,,I"
"SF003254710","1952-12","-28.37","25.28","1280.0","BORDEAUX, SF","4",",I","4",",I","1",",I","27.9",",,I,16,","46.2",",,,I"
"SF003254710","1953-01","-28.37","25.28","1280.0","BORDEAUX, SF","0",",I","0",",I","0",",I","0.0",",,I,31,+","0.0",",,,I"
"SF003254710","1953-02","-28.37","25.28","1280.0","BORDEAUX, SF","5",",I","5",",I","0",",I","21.6",",,I,16,","61.0",",,,I"
"SF003254710","1953-03","-28.37","25.28","1280.0","BORDEAUX, SF","2",",I","2",",I","0",",I","11.5",",,I,14,","15.0",",,,I"
"SF003254710","1953-04","-28.37","25.28","1280.0","BORDEAUX, SF","2",",I","2",",I","2",",I","71.0",",,I,07,","98.0",",,,I"
"SF003254710","1953-05","-28.37","25.28","1280.0","BORDEAUX, SF","0",",I","0",",I","0",",I","0.0",",,I,31,+","0.0",",,,I"
"SF003254710","1953-06","-28.37","25.28","1280.0","BORDEAUX, SF","0",",I","0",",I","0",",I","0.0",",,I,30,+","0.0",",,,I"
"SF003254710","1953-07","-28.37","25.28","1280.0","BORDEAUX, SF","0",",I","0",",I","0",",I","0.0",",,I,31,+","0.0",",,,I"
"SF003254710","1953-08","-28.37","25.28","1280.0","BORDEAUX, SF","0",",I","0",",I","0",",I","0.0",",,I,31,+","0.0",",,,I"
"SF003254710","1953-09","-28.37","25.28","1280.0","BORDEAUX, SF","0",",I","0",",I","0",",I","0.0",",,I,30,+","0.0",",,,I"
"SF003254710","1953-10","-28.37","25.28","1280.0","BORDEAUX, SF","2",",I","2",",I","0",",I","18.5",",,I,18,","27.0",",,,I"
"SF003254710","1953-11","-28.37","25.28","1280.0","BORDEAUX, SF","4",",I","3",",I","0",",I","21.0",",,I,13,","50.5",",,,I"
"SF003254710","1953-12","-28.37","25.28","1280.0","BORDEAUX, SF","5",",I","5",",I","1",",I","36.0",",,I,11,","90.0",",,,I"
"SF003254710","1954-01","-28.37","25.28","1280.0","BORDEAUX, SF","4",",I","4",",I","0",",I","13.0",",,I,19,","40.0",",,,I"
"SF003254710","1954-02","-28.37","25.28","1280.0","BORDEAUX, SF","5",",I","5",",I","0",",I","14.0",",,I,15,","40.8",",,,I"
"SF003254710","1954-03","-28.37","25.28","1280.0","BORDEAUX, SF","6",",I","6",",I","0",",I","17.5",",,I,24,","52.7",",,,I"
"SF003254710","1954-04","-28.37","25.28","1280.0","BORDEAUX, SF","2",",I","2",",I","0",",I","19.5",",,I,30,","30.0",",,,I"
"SF003254710","1954-05","-28.37","25.28","1280.0","BORDEAUX, SF","1",",I","1",",I","0",",I","3.8",",,I,09,","3.8",",,,I"
"SF003254710","1954-06","-28.37","25.28","1280.0","BORDEAUX, SF","0",",I","0",",I","0",",I","0.0",",,I,30,+","0.0",",,,I"
"SF003254710","1954-07","-28.37","25.28","1280.0","BORDEAUX, SF","0",",I","0",",I","0",",I","0.0",",,I,31,+","0.0",",,,I"
"SF003254710","1954-08","-28.37","25.28","1280.0","BORDEAUX, SF","0",",I","0",",I","0",",I","0.0",",,I,31,+","0.0",",,,I"
"SF003254710","1954-09","-28.37","25.28","1280.0","BORDEAUX, SF","0",",I","0",",I","0",",I","0.0",",,I,30,+","0.0",",,,I"
"SF003254710","1954-10","-28.37","25.28","1280.0","BORDEAUX, SF","0",",I","0",",I","0",",I","0.0",",,I,31,+","0.0",",,,I"
"SF003254710","1954-11","-28.37","25.28","1280.0","BORDEAUX, SF","4",",I","4",",I","0",",I","13.5",",,I,18,","33.5",",,,I"
"SF003254710","1954-12","-28.37","25.28","1280.0","BORDEAUX, SF","3",",I","3",",I","0",",I","14.0",",,I,19,","21.5",",,,I"
"SF003254710","1955-01","-28.37","25.28","1280.0","BORDEAUX, SF","8",",I","8",",I","2",",I","41.2",",,I,25,","150.2",",,,I"
"SF003254710","1955-02","-28.37","25.28","1280.0","BORDEAUX, SF","8",",I","8",",I","0",",I","18.0",",,I,06,","78.7",",,,I"
"SF003254710","1955-03","-28.37","25.28","1280.0","BORDEAUX, SF","0",",I","0",",I","0",",I","0.0",",,I,31,+","0.0",",,,I"
"SF003254710","1955-04","-28.37","25.28","1280.0","BORDEAUX, SF","8",",I","8",",I","0",",I","20.2",",,I,21,","67.1",",,,I"
"SF003254710","1955-05","-28.37","25.28","1280.0","BORDEAUX, SF","2",",I","2",",I","0",",I","12.7",",,I,16,","16.4",",,,I"
"SF003254710","1955-06","-28.37","25.28","1280.0","BORDEAUX, SF","3",",I","3",",I","0",",I","10.2",",,I,17,","21.6",",,,I"
"SF003254710","1955-07","-28.37","25.28","1280.0","BORDEAUX, SF","0",",I","0",",I","0",",I","0.0",",,I,31,+","0.0",",,,I"
"SF003254710","1955-08","-28.37","25.28","1280.0","BORDEAUX, SF","0",",I","0",",I","0",",I","0.0",",,I,31,+","0.0",",,,I"
"SF003254710","1955-09","-28.37","25.28","1280.0","BORDEAUX, SF","0",",I","0",",I","0",",I","0.0",",,I,30,+","0.0",",,,I"
"SF003254710","1955-10","-28.37","25.28","1280.0","BORDEAUX, SF","3",",I","2",",I","1",",I","50.0",",,I,18,","58.7",",,,I"
"SF003254710","1955-11","-28.37","25.28","1280.0","BORDEAUX, SF","4",",I","4",",I","0",",I","25.0",",,I,22,","55.0",",,,I"
"SF003254710","1955-12","-28.37","25.28","1280.0","BORDEAUX, SF","7",",I","7",",I","0",",I","25.0",",,I,20,","74.0",",,,I"
"SF003254710","1956-01","-28.37","25.28","1280.0","BORDEAUX, SF","3",",I","3",",I","0",",I","6.2",",,I,06,","16.9",",,,I"
"SF003254710","1956-02","-28.37","25.28","1280.0","BORDEAUX, SF","3",",I","3",",I","2",",I","40.5",",,I,25,","94.7",",,,I"
"SF003254710","1956-03","-28.37","25.28","1280.0","BORDEAUX, SF","9",",I","9",",I","2",",I","35.5",",,I,28,","143.2",",,,I"
"SF003254710","1956-04","-28.37","25.28","1280.0","BORDEAUX, SF","1",",I","1",",I","0",",I","5.7",",,I,19,","5.7",",,,I"
"SF003254710","1956-05","-28.37","25.28","1280.0","BORDEAUX, SF","0",",I","0",",I","0",",I","0.0",",,I,31,+","0.0",",,,I"
"SF003254710","1956-06","-28.37","25.28","1280.0","BORDEAUX, SF","0",",I","0",",I","0",",I","0.0",",,I,30,+","0.0",",,,I"
"SF003254710","1956-07","-28.37","25.28","1280.0","BORDEAUX, SF","0",",I","0",",I","0",",I","0.0",",,I,31,+","0.0",",,,I"
"SF003254710","1956-08","-28.37","25.28","1280.0","BORDEAUX, SF","0",",I","0",",I","0",",I","0.0",",,I,31,+","0.0",",,,I"
"SF003254710","1956-09","-28.37","25.28","1280.0","BORDEAUX, SF","1",",I","1",",I","0",",I","9.0",",,I,18,","9.0",",,,I"
"SF003254710","1956-10","-28.37","25.28","1280.0","BORDEAUX, SF","3",",I","3",",I","2",",I","41.5",",,I,31,","96.0",",,,I"
"SF003254710","1956-11","-28.37","25.28","1280.0","BORDEAUX, SF","5",",I","5",",I","1",",I","33.0",",,I,18,","59.7",",,,I"
"SF003254710","1956-12","-28.37","25.28","1280.0","BORDEAUX, SF","3",",I","3",",I","0",",I","12.7",",,I,06,","22.2",",,,I"
"SF003254710","1957-01","-28.37","25.28","1280.0","BORDEAUX, SF","5",",I","5",",I","0",",I","8.0",",,I,11,","27.4",",,,I"
"SF003254710","1957-02","-28.37","25.28","1280.0","BORDEAUX, SF","4",",I","4",",I","0",",I","9.5",",,I,23,","22.0",",,,I"
"SF003254710","1957-03","-28.37","25.28","1280.0","BORDEAUX, SF","5",",I","5",",I","0",",I","11.5",",,I,08,","39.9",",,,I"
"SF003254710","1957-04","-28.37","25.28","1280.0","BORDEAUX, SF","4",",I","3",",I","0",",I","12.7",",,I,10,","24.7",",,,I"
"SF003254710","1957-05","-28.37","25.28","1280.0","BORDEAUX, SF","0",",I","0",",I","0",",I","0.0",",,I,31,+","0.0",",,,I"
"SF003254710","1957-06","-28.37","25.28","1280.0","BORDEAUX, SF","3",",I","3",",I","1",",I","31.5",",,I,25,","52.2",",,,I"
"SF003254710","1957-07","-28.37","25.28","1280.0","BORDEAUX, SF","2",",I","2",",I","0",",I","8.2",",,I,02,","12.7",",,,I"
"SF003254710","1957-08","-28.37","25.28","1280.0","BORDEAUX, SF","4",",I","4",",I","0",",I","20.7",",,I,21,","38.2",",,,I"
"SF003254710","1957-09","-28.37","25.28","1280.0","BORDEAUX, SF","6",",I","5",",I","1",",I","50.7",",,I,12,","94.1",",,,I"
"SF003254710","1957-10","-28.37","25.28","1280.0","BORDEAUX, SF","9",",I","7",",I","1",",I","33.5",",,I,10,","89.7",",,,I"
"SF003254710","1957-11","-28.37","25.28","1280.0","BORDEAUX, SF","5",",I","5",",I","0",",I","20.3",",,I,22,","66.9",",,,I"
"SF003254710","1957-12","-28.37","25.28","1280.0","BORDEAUX, SF","4",",I","4",",I","1",",I","35.4",",,I,04,","74.2",",,,I"
"SF003254710","1958-01","-28.37","25.28","1280.0","BORDEAUX, SF","4",",I","3",",I","1",",I","29.5",",,I,08,","57.3",",,,I"
"SF003254710","1958-02","-28.37","25.28","1280.0","BORDEAUX, SF","2",",I","2",",I","0",",I","13.0",",,I,02,","24.5",",,,I"
"SF003254710","1958-03","-28.37","25.28","1280.0","BORDEAUX, SF","3",",I","3",",I","0",",I","20.2",",,I,13,","35.7",",,,I"
"SF003254710","1958-04","-28.37","25.28","1280.0","BORDEAUX, SF","2",",I","2",",I","0",",I","16.5",",,I,03,","23.5",",,,I"
"SF003254710","1958-05","-28.37","25.28","1280.0","BORDEAUX, SF","4",",I","4",",I","0",",I","19.0",",,I,01,","37.5",",,,I"
"SF003254710","1958-06","-28.37","25.28","1280.0","BORDEAUX, SF","0",",I","0",",I","0",",I","0.0",",,I,30,+","0.0",",,,I"
"SF003254710","1958-07","-28.37","25.28","1280.0","BORDEAUX, SF","0",",I","0",",I","0",",I","0.0",",,I,31,+","0.0",",,,I"
"SF003254710","1958-08","-28.37","25.28","1280.0","BORDEAUX, SF","0",",I","0",",I","0",",I","0.0",",,I,31,+","0.0",",,,I"
"SF003254710","1958-09","-28.37","25.28","1280.0","BORDEAUX, SF","0",",I","0",",I","0",",I","0.0",",,I,30,+","0.0",",,,I"
"SF003254710","1958-10","-28.37","25.28","1280.0","BORDEAUX, SF","1",",I","1",",I","0",",I","3.7",",,I,24,","3.7",",,,I"
"SF003254710","1958-11","-28.37","25.28","1280.0","BORDEAUX, SF","5",",I","2",",I","0",",I","24.0",",,I,08,","36.7",",,,I"
"SF003254710","1958-12","-28.37","25.28","1280.0","BORDEAUX, SF","5",",I","5",",I","0",",I","20.2",",,I,10,","53.1",",,,I"
"SF003254710","1959-01","-28.37","25.28","1280.0","BORDEAUX, SF","7",",I","7",",I","2",",I","28.0",",,I,25,","85.2",",,,I"
"SF003254710","1959-02","-28.37","25.28","1280.0","BORDEAUX, SF","6",",I","6",",I","0",",I","19.0",",,I,15,","72.5",",,,I"
"SF003254710","1959-03","-28.37","25.28","1280.0","BORDEAUX, SF","5",",I","5",",I","0",",I","15.0",",,I,17,","43.2",",,,I"
"SF003254710","1959-04","-28.37","25.28","1280.0","BORDEAUX, SF","3",",I","3",",I","1",",I","27.0",",,I,29,","55.0",",,,I"
"SF003254710","1959-05","-28.37","25.28","1280.0","BORDEAUX, SF","3",",I","2",",I","0",",I","13.8",",,I,12,","27.1",",,,I"
"SF003254710","1959-06","-28.37","25.28","1280.0","BORDEAUX, SF","0",",I","0",",I","0",",I","0.0",",,I,30,+","0.0",",,,I"
"SF003254710","1959-07","-28.37","25.28","1280.0","BORDEAUX, SF","2",",I","1",",I","0",",I","11.5",",,I,13,","12.8",",,,I"
"SF003254710","1959-08","-28.37","25.28","1280.0","BORDEAUX, SF","0",",I","0",",I","0",",I","0.0",",,I,31,+","0.0",",,,I"
"SF003254710","1959-09","-28.37","25.28","1280.0","BORDEAUX, SF","0",",I","0",",I","0",",I","0.0",",,I,30,+","0.0",",,,I"
"SF003254710","1959-10","-28.37","25.28","1280.0","BORDEAUX, SF","1",",I","1",",I","0",",I","17.9",",,I,21,","17.9",",,,I"
"SF003254710","1959-11","-28.37","25.28","1280.0","BORDEAUX, SF","4",",I","4",",I","0",",I","19.5",",,I,07,","63.1",",,,I"
"SF003254710","1959-12","-28.37","25.28","1280.0","BORDEAUX, SF","5",",I","5",",I","2",",I","36.0",",,I,03,","126.3",",,,I"
"SF003254710","1960-01","-28.37","25.28","1280.0","BORDEAUX, SF","2",",I","2",",I","0",",I","13.8",",,I,21,","24.8",",,,I"
"SF003254710","1960-02","-28.37","25.28","1280.0","BORDEAUX, SF","5",",I","5",",I","0",",I","10.3",",,I,21,","29.7",",,,I"
"SF003254710","1960-03","-28.37","25.28","1280.0","BORDEAUX, SF","6",",I","6",",I","0",",I","20.2",",,I,15,","59.1",",,,I"
"SF003254710","1960-04","-28.37","25.28","1280.0","BORDEAUX, SF","3",",I","3",",I","0",",I","23.0",",,I,20,","47.5",",,,I"
"SF003254710","1960-05","-28.37","25.28","1280.0","BORDEAUX, SF","0",",I","0",",I","0",",I","0.0",",,I,31,+","0.0",",,,I"
"SF003254710","1960-06","-28.37","25.28","1280.0","BORDEAUX, SF","1",",I","1",",I","0",",I","12.5",",,I,22,","12.5",",,,I"
"SF003254710","1960-07","-28.37","25.28","1280.0","BORDEAUX, SF","0",",I","0",",I","0",",I","0.0",",,I,31,+","0.0",",,,I"
"SF003254710","1960-08","-28.37","25.28","1280.0","BORDEAUX, SF","3",",I","3",",I","0",",I","10.7",",,I,19,","29.4",",,,I"
"SF003254710","1960-09","-28.37","25.28","1280.0","BORDEAUX, SF","0",",I","0",",I","0",",I","0.0",",,I,30,+","0.0",",,,I"
"SF003254710","1960-10","-28.37","25.28","1280.0","BORDEAUX, SF","4",",I","3",",I","1",",I","28.0",",,I,12,","43.9",",,,I"
"SF003254710","1960-11","-28.37","25.28","1280.0","BORDEAUX, SF","4",",I","4",",I","0",",I","11.0",",,I,24,","28.7",",,,I"
"SF003254710","1960-12","-28.37","25.28","1280.0","BORDEAUX, SF","3",",I","3",",I","0",",I","16.5",",,I,18,","29.0",",,,I"
"SF003254710","1961-01","-28.37","25.28","1280.0","BORDEAUX, SF","5",",I","4",",I","1",",I","30.4",",,I,17,","65.9",",,,I"
"SF003254710","1961-02","-28.37","25.28","1280.0","BORDEAUX, SF","4",",I","4",",I","0",",I","12.7",",,I,07,","45.2",",,,I"
"SF003254710","1961-03","-28.37","25.28","1280.0","BORDEAUX, SF","2",",I","2",",I","0",",I","24.5",",,I,19,","30.8",",,,I"
"SF003254710","1961-04","-28.37","25.28","1280.0","BORDEAUX, SF","4",",I","4",",I","0",",I","16.0",",,I,20,","38.9",",,,I"
"SF003254710","1961-05","-28.37","25.28","1280.0","BORDEAUX, SF","0",",I","0",",I","0",",I","0.0",",,I,31,+","0.0",",,,I"
"SF003254710","1961-06","-28.37","25.28","1280.0","BORDEAUX, SF","2",",I","2",",I","0",",I","20.2",",,I,03,","29.9",",,,I"
"SF003254710","1961-07","-28.37","25.28","1280.0","BORDEAUX, SF","1",",I","1",",I","1",",I","33.7",",,I,28,","33.7",",,,I"
"SF003254710","1961-08","-28.37","25.28","1280.0","BORDEAUX, SF","0",",I","0",",I","0",",I","0.0",",,I,31,+","0.0",",,,I"
"SF003254710","1961-09","-28.37","25.28","1280.0","BORDEAUX, SF","0",",I","0",",I","0",",I","0.0",",,I,30,+","0.0",",,,I"
"SF003254710","1961-10","-28.37","25.28","1280.0","BORDEAUX, SF","0",",I","0",",I","0",",I","0.0",",,I,31,+","0.0",",,,I"
"SF003254710","1961-11","-28.37","25.28","1280.0","BORDEAUX, SF","8",",I","8",",I","1",",I","32.0",",,I,21,","81.3",",,,I"
"SF003254710","1961-12","-28.37","25.28","1280.0","BORDEAUX, SF","3",",I","3",",I","1",",I","36.0",",,I,15,","65.2",",,,I"
"SF003254710","1962-01","-28.37","25.28","1280.0","BORDEAUX, SF","1",",I","1",",I","0",",I","2.7",",,I,31,","2.7",",,,I"
"SF003254710","1962-02","-28.37","25.28","1280.0","BORDEAUX, SF","7",",I","7",",I","0",",I","23.5",",,I,10,","83.9",",,,I"
"SF003254710","1962-03","-28.37","25.28","1280.0","BORDEAUX, SF","6",",I","6",",I","1",",I","83.5",",,I,30,","140.3",",,,I"
"SF003254710","1962-04","-28.37","25.28","1280.0","BORDEAUX, SF","3",",I","3",",I","1",",I","52.0",",,I,01,","72.5",",,,I"
"SF003254710","1962-05","-28.37","25.28","1280.0","BORDEAUX, SF","0",",I","0",",I","0",",I","0.0",",,I,31,+","0.0",",,,I"
"SF003254710","1962-06","-28.37","25.28","1280.0","BORDEAUX, SF","0",",I","0",",I","0",",I","0.0",",,I,30,+","0.0",",,,I"
"SF003254710","1962-07","-28.37","25.28","1280.0","BORDEAUX, SF","0",",I","0",",I","0",",I","0.0",",,I,31,+","0.0",",,,I"
"SF003254710","1962-08","-28.37","25.28","1280.0","BORDEAUX, SF","0",",I","0",",I","0",",I","0.0",",,I,31,+","0.0",",,,I"
"SF003254710","1962-09","-28.37","25.28","1280.0","BORDEAUX, SF","1",",I","1",",I","0",",I","7.5",",,I,11,","7.5",",,,I"
"SF003254710","1962-10","-28.37","25.28","1280.0","BORDEAUX, SF","1",",I","1",",I","0",",I","23.5",",,I,21,","23.5",",,,I"
"SF003254710","1962-11","-28.37","25.28","1280.0","BORDEAUX, SF","4",",I","4",",I","2",",I","48.5",",,I,19,","98.5",",,,I"
"SF003254710","1962-12","-28.37","25.28","1280.0","BORDEAUX, SF","5",",I","5",",I","0",",I","22.0",",,I,03,","70.4",",,,I"
"SF003254710","1963-01","-28.37","25.28","1280.0","BORDEAUX, SF","8",",I","8",",I","1",",I","38.5",",,I,26,","108.7",",,,I"
"SF003254710","1963-02","-28.37","25.28","1280.0","BORDEAUX, SF","3",",I","3",",I","0",",I","7.5",",,I,20,","16.7",",,,I"
"SF003254710","1963-03","-28.37","25.28","1280.0","BORDEAUX, SF","8",",I","8",",I","0",",I","21.3",",,I,27,","97.9",",,,I"
"SF003254710","1963-04","-28.37","25.28","1280.0","BORDEAUX, SF","6",",I","6",",I","0",",I","18.5",",,I,12,","77.9",",,,I"
"SF003254710","1963-05","-28.37","25.28","1280.0","BORDEAUX, SF","1",",I","1",",I","0",",I","9.5",",,I,11,","9.5",",,,I"
"SF003254710","1963-06","-28.37","25.28","1280.0","BORDEAUX, SF","2",",I","2",",I","0",",I","6.5",",,I,30,","12.7",",,,I"
"SF003254710","1963-07","-28.37","25.28","1280.0","BORDEAUX, SF","2",",I","2",",I","0",",I","11.5",",,I,21,","17.7",",,,I"
"SF003254710","1963-08","-28.37","25.28","1280.0","BORDEAUX, SF","0",",I","0",",I","0",",I","0.0",",,I,31,+","0.0",",,,I"
"SF003254710","1963-09","-28.37","25.28","1280.0","BORDEAUX, SF","0",",I","0",",I","0",",I","0.0",",,I,30,+","0.0",",,,I"
"SF003254710","1963-10","-28.37","25.28","1280.0","BORDEAUX, SF","4",",I","3",",I","0",",I","7.5",",,I,10,","16.7",",,,I"
"SF003254710","1963-11","-28.37","25.28","1280.0","BORDEAUX, SF","6",",I","6",",I","1",",I","29.2",",,I,18,","83.1",",,,I"
"SF003254710","1963-12","-28.37","25.28","1280.0","BORDEAUX, SF","2",",I","2",",I","0",",I","20.8",",,I,08,","41.3",",,,I"
"SF003254710","1964-01","-28.37","25.28","1280.0","BORDEAUX, SF","0",",I","0",",I","0",",I","0.0",",,I,31,+","0.0",",,,I"
"SF003254710","1964-02","-28.37","25.28","1280.0","BORDEAUX, SF","2",",I","2",",I","0",",I","17.8",",,I,11,","25.3",",,,I"
"SF003254710","1964-03","-28.37","25.28","1280.0","BORDEAUX, SF","7",",I","7",",I","0",",I","19.0",",,I,30,","60.1",",,,I"
"SF003254710","1964-04","-28.37","25.28","1280.0","BORDEAUX, SF","2",",I","2",",I","0",",I","9.0",",,I,10,","15.0",",,,I"
"SF003254710","1964-05","-28.37","25.28","1280.0","BORDEAUX, SF","0",",I","0",",I","0",",I","0.0",",,I,31,+","0.0",",,,I"
"SF003254710","1964-06","-28.37","25.28","1280.0","BORDEAUX, SF","1",",I","1",",I","1",",I","26.0",",,I,18,","26.0",",,,I"
"SF003254710","1964-07","-28.37","25.28","1280.0","BORDEAUX, SF","0",",I","0",",I","0",",I","0.0",",,I,31,+","0.0",",,,I"
"SF003254710","1964-08","-28.37","25.28","1280.0","BORDEAUX, SF","0",",I","0",",I","0",",I","0.0",",,I,31,+","0.0",",,,I"
"SF003254710","1964-09","-28.37","25.28","1280.0","BORDEAUX, SF","0",",I","0",",I","0",",I","0.0",",,I,30,+","0.0",",,,I"
"SF003254710","1964-10","-28.37","25.28","1280.0","BORDEAUX, SF","3",",I","3",",I","0",",I","22.5",",,I,19,","42.2",",,,I"
"SF003254710","1964-11","-28.37","25.28","1280.0","BORDEAUX, SF","1",",I","1",",I","0",",I","6.2",",,I,06,","6.2",",,,I"
"SF003254710","1964-12","-28.37","25.28","1280.0","BORDEAUX, SF","4",",I","4",",I","0",",I","16.0",",,I,12,","32.2",",,,I"
"SF003254710","1965-01","-28.37","25.28","1280.0","BORDEAUX, SF","5",",I","5",",I","1",",I","34.2",",,I,14,","79.1",",,,I"
"SF003254710","1965-02","-28.37","25.28","1280.0","BORDEAUX, SF","1",",I","1",",I","0",",I","10.2",",,I,01,","10.2",",,,I"
"SF003254710","1965-03","-28.37","25.28","1280.0","BORDEAUX, SF","0",",I","0",",I","0",",I","0.0",",,I,31,+","0.0",",,,I"
"SF003254710","1965-04","-28.37","25.28","1280.0","BORDEAUX, SF","3",",I","3",",I","0",",I","16.5",",,I,02,","31.2",",,,I"
"SF003254710","1965-05","-28.37","25.28","1280.0","BORDEAUX, SF","0",",I","0",",I","0",",I","0.0",",,I,31,+","0.0",",,,I"
"SF003254710","1965-06","-28.37","25.28","1280.0","BORDEAUX, SF","1",",I","1",",I","0",",I","5.0",",,I,13,","5.0",",,,I"
"SF003254710","1965-07","-28.37","25.28","1280.0","BORDEAUX, SF","2",",I","2",",I","0",",I","4.2",",,I,17,","7.9",",,,I"
"SF003254710","1965-08","-28.37","25.28","1280.0","BORDEAUX, SF","1",",I","1",",I","0",",I","5.7",",,I,29,","5.7",",,,I"
"SF003254710","1965-09","-28.37","25.28","1280.0","BORDEAUX, SF","0",",I","0",",I","0",",I","0.0",",,I,30,+","0.0",",,,I"
"SF003254710","1965-10","-28.37","25.28","1280.0","BORDEAUX, SF","0",",I","0",",I","0",",I","0.0",",,I,31,+","0.0",",,,I"
"SF003254710","1965-11","-28.37","25.28","1280.0","BORDEAUX, SF","5",",I","5",",I","0",",I","16.5",",,I,14,","40.2",",,,I"
"SF003254710","1965-12","-28.37","25.28","1280.0","BORDEAUX, SF","0",",I","0",",I","0",",I","0.0",",,I,31,+","0.0",",,,I"
"SF003254710","1966-01","-28.37","25.28","1280.0","BORDEAUX, SF","5",",I","5",",I","1",",I","26.0",",,I,20,","78.4",",,,I"
"SF003254710","1966-02","-28.37","25.28","1280.0","BORDEAUX, SF","7",",I","7",",I","0",",I","18.3",",,I,02,","83.7",",,,I"
"SF003254710","1966-03","-28.37","25.28","1280.0","BORDEAUX, SF","1",",I","1",",I","0",",I","4.5",",,I,28,","4.5",",,,I"
"SF003254710","1966-04","-28.37","25.28","1280.0","BORDEAUX, SF","3",",I","3",",I","0",",I","5.0",",,I,27,+","13.0",",,,I"
"SF003254710","1966-05","-28.37","25.28","1280.0","BORDEAUX, SF","0",",I","0",",I","0",",I","0.0",",,I,31,+","0.0",",,,I"
"SF003254710","1966-06","-28.37","25.28","1280.0","BORDEAUX, SF","1",",I","1",",I","0",",I","14.3",",,I,05,","14.3",",,,I"
"SF003254710","1966-07","-28.37","25.28","1280.0","BORDEAUX, SF","0",",I","0",",I","0",",I","0.0",",,I,31,+","0.0",",,,I"
"SF003254710","1966-08","-28.37","25.28","1280.0","BORDEAUX, SF","0",",I","0",",I","0",",I","0.0",",,I,31,+","0.0",",,,I"
"SF003254710","1966-09","-28.37","25.28","1280.0","BORDEAUX, SF","0",",I","0",",I","0",",I","0.0",",,I,30,+","0.0",",,,I"
"SF003254710","1966-10","-28.37","25.28","1280.0","BORDEAUX, SF","2",",I","2",",I","0",",I","11.0",",,I,14,","14.7",",,,I"
"SF003254710","1966-11","-28.37","25.28","1280.0","BORDEAUX, SF","2",",I","2",",I","0",",I","12.7",",,I,10,","22.9",",,,I"
"SF003254710","1966-12","-28.37","25.28","1280.0","BORDEAUX, SF","4",",I","4",",I","1",",I","40.4",",,I,10,","58.9",",,,I"
"SF003254710","1967-01","-28.37","25.28","1280.0","BORDEAUX, SF","5",",I","5",",I","1",",I","32.0",",,I,12,","61.9",",,,I"
"SF003254710","1967-02","-28.37","25.28","1280.0","BORDEAUX, SF","5",",I","4",",I","0",",I","10.2",",,I,13,","25.2",",,,I"
"SF003254710","1967-03","-28.37","25.28","1280.0","BORDEAUX, SF","4",",I","4",",I","1",",I","44.5",",,I,25,","81.4",",,,I"
"SF003254710","1967-04","-28.37","25.28","1280.0","BORDEAUX, SF","6",",I","6",",I","0",",I","15.2",",,I,18,","63.9",",,,I"
"SF003254710","1967-05","-28.37","25.28","1280.0","BORDEAUX, SF","3",",I","3",",I","1",",I","42.5",",,I,29,","55.5",",,,I"
"SF003254710","1967-06","-28.37","25.28","1280.0","BORDEAUX, SF","0",",I","0",",I","0",",I","0.0",",,I,30,+","0.0",",,,I"
"SF003254710","1967-07","-28.37","25.28","1280.0","BORDEAUX, SF","0",",I","0",",I","0",",I","0.0",",,I,31,+","0.0",",,,I"
"SF003254710","1967-08","-28.37","25.28","1280.0","BORDEAUX, SF","1",",I","1",",I","0",",I","10.0",",,I,15,","10.0",",,,I"
"SF003254710","1967-09","-28.37","25.28","1280.0","BORDEAUX, SF","0",",I","0",",I","0",",I","0.0",",,I,30,+","0.0",",,,I"
"SF003254710","1967-10","-28.37","25.28","1280.0","BORDEAUX, SF","2",",I","2",",I","2",",I","27.2",",,I,31,","52.7",",,,I"
"SF003254710","1967-11","-28.37","25.28","1280.0","BORDEAUX, SF","4",",I","4",",I","0",",I","19.5",",,I,08,","40.9",",,,I"
"SF003254710","1967-12","-28.37","25.28","1280.0","BORDEAUX, SF","0",",I","0",",I","0",",I","0.0",",,I,31,+","0.0",",,,I"
"SF003254710","1968-01","-28.37","25.28","1280.0","BORDEAUX, SF","0",",I","0",",I","0",",I","0.0",",,I,31,+","0.0",",,,I"
"SF003254710","1968-02","-28.37","25.28","1280.0","BORDEAUX, SF","0",",I","0",",I","0",",I","0.0",",,I,29,+","0.0",",,,I"
"SF003254710","1968-03","-28.37","25.28","1280.0","BORDEAUX, SF","4",",I","4",",I","1",",I","25.5",",,I,02,","45.7",",,,I"
"SF003254710","1968-04","-28.37","25.28","1280.0","BORDEAUX, SF","5",",I","5",",I","0",",I","16.0",",,I,05,","52.7",",,,I"
"SF003254710","1968-05","-28.37","25.28","1280.0","BORDEAUX, SF","2",",I","2",",I","0",",I","16.2",",,I,13,","31.4",",,,I"
"SF003254710","1968-06","-28.37","25.28","1280.0","BORDEAUX, SF","0",",I","0",",I","0",",I","0.0",",,I,30,+","0.0",",,,I"
"SF003254710","1968-07","-28.37","25.28","1280.0","BORDEAUX, SF","1",",I","1",",I","0",",I","3.0",",,I,03,","3.0",",,,I"
"SF003254710","1968-08","-28.37","25.28","1280.0","BORDEAUX, SF","0",",I","0",",I","0",",I","0.0",",,I,31,+","0.0",",,,I"
"SF003254710","1968-09","-28.37","25.28","1280.0","BORDEAUX, SF","0",",I","0",",I","0",",I","0.0",",,I,30,+","0.0",",,,I"
"SF003254710","1968-10","-28.37","25.28","1280.0","BORDEAUX, SF","2",",I","2",",I","1",",I","33.0",",,I,22,","49.0",",,,I"
"SF003254710","1968-11","-28.37","25.28","1280.0","BORDEAUX, SF","2",",I","2",",I","0",",I","14.0",",,I,12,","17.7",",,,I"
"SF003254710","1968-12","-28.37","25.28","1280.0","BORDEAUX, SF","7",",I","7",",I","1",",I","32.0",",,I,07,","105.8",",,,I"
"SF003254710","1969-01","-28.37","25.28","1280.0","BORDEAUX, SF","3",",I","3",",I","0",",I","21.5",",,I,29,","33.7",",,,I"
"SF003254710","1969-02","-28.37","25.28","1280.0","BORDEAUX, SF","5",",I","5",",I","0",",I","17.7",",,I,26,","42.7",",,,I"
"SF003254710","1969-03","-28.37","25.28","1280.0","BORDEAUX, SF","4",",I","4",",I","0",",I","15.0",",,I,09,","35.0",",,,I"
"SF003254710","1969-04","-28.37","25.28","1280.0","BORDEAUX, SF","3",",I","3",",I","1",",I","32.0",",,I,09,","50.5",",,,I"
"SF003254710","1969-05","-28.37","25.28","1280.0","BORDEAUX, SF","5",",I","5",",I","1",",I","28.0",",,I,20,","76.2",",,,I"
"SF003254710","1969-06","-28.37","25.28","1280.0","BORDEAUX, SF","0",",I","0",",I","0",",I","0.0",",,I,30,+","0.0",",,,I"
"SF003254710","1969-07","-28.37","25.28","1280.0","BORDEAUX, SF","0",",I","0",",I","0",",I","0.0",",,I,31,+","0.0",",,,I"
"SF003254710","1969-08","-28.37","25.28","1280.0","BORDEAUX, SF","1",",I","1",",I","0",",I","12.5",",,I,08,","12.5",",,,I"
"SF003254710","1969-09","-28.37","25.28","1280.0","BORDEAUX, SF","0",",I","0",",I","0",",I","0.0",",,I,30,+","0.0",",,,I"
"SF003254710","1969-10","-28.37","25.28","1280.0","BORDEAUX, SF","4",",I","4",",I","0",",I","23.2",",,I,21,","62.7",",,,I"
"SF003254710","1969-11","-28.37","25.28","1280.0","BORDEAUX, SF","1",",I","1",",I","0",",I","11.5",",,I,08,","11.5",",,,I"
"SF003254710","1969-12","-28.37","25.28","1280.0","BORDEAUX, SF","2",",I","2",",I","0",",I","19.7",",,I,18,","38.7",",,,I"
"SF003254710","1970-01","-28.37","25.28","1280.0","BORDEAUX, SF","4",",I","4",",I","1",",I","28.0",",,I,17,","55.2",",,,I"
"SF003254710","1970-02","-28.37","25.28","1280.0","BORDEAUX, SF","2",",I","2",",I","1",",I","42.0",",,I,05,","52.2",",,,I"
"SF003254710","1970-03","-28.37","25.28","1280.0","BORDEAUX, SF","3",",I","3",",I","1",",I","40.4",",,I,08,","54.9",",,,I"
"SF003254710","1970-04","-28.37","25.28","1280.0","BORDEAUX, SF","1",",I","1",",I","1",",I","28.0",",,I,19,","28.0",",,,I"
"SF003254710","1970-05","-28.37","25.28","1280.0","BORDEAUX, SF","2",",I","1",",I","1",",I","25.5",",,I,13,","26.7",",,,I"
"SF003254710","1970-06","-28.37","25.28","1280.0","BORDEAUX, SF","2",",I","2",",I","0",",I","19.5",",,I,25,","27.0",",,,I"
"SF003254710","1970-07","-28.37","25.28","1280.0","BORDEAUX, SF","1",",I","1",",I","0",",I","3.7",",,I,15,","3.7",",,,I"
"SF003254710","1970-08","-28.37","25.28","1280.0","BORDEAUX, SF","0",",I","0",",I","0",",I","0.0",",,I,31,+","0.0",",,,I"
"SF003254710","1970-09","-28.37","25.28","1280.0","BORDEAUX, SF","3",",I","3",",I","0",",I","12.2",",,I,29,","21.5",",,,I"
"SF003254710","1970-10","-28.37","25.28","1280.0","BORDEAUX, SF","2",",I","2",",I","1",",I","52.5",",,I,11,","65.2",",,,I"
"SF003254710","1970-11","-28.37","25.28","1280.0","BORDEAUX, SF","5",",I","5",",I","0",",I","19.0",",,I,11,","44.2",",,,I"
"SF003254710","1970-12","-28.37","25.28","1280.0","BORDEAUX, SF","6",",I","6",",I","1",",I","28.0",",,I,05,","64.9",",,,I"
"SF003254710","1971-01","-28.37","25.28","1280.0","BORDEAUX, SF","6",",I","6",",I","0",",I","12.2",",,I,07,+","49.4",",,,I"
"SF003254710","1971-02","-28.37","25.28","1280.0","BORDEAUX, SF","4",",I","4",",I","0",",I","22.5",",,I,19,","45.2",",,,I"
"SF003254710","1971-03","-28.37","25.28","1280.0","BORDEAUX, SF","4",",I","4",",I","0",",I","19.0",",,I,22,","42.2",",,,I"
"SF003254710","1971-04","-28.37","25.28","1280.0","BORDEAUX, SF","2",",I","2",",I","0",",I","19.0",",,I,04,","34.5",",,,I"
"SF003254710","1971-05","-28.37","25.28","1280.0","BORDEAUX, SF","3",",I","3",",I","0",",I","17.7",",,I,02,","45.6",",,,I"
"SF003254710","1971-06","-28.37","25.28","1280.0","BORDEAUX, SF","0",",I","0",",I","0",",I","0.0",",,I,30,+","0.0",",,,I"
"SF003254710","1971-07","-28.37","25.28","1280.0","BORDEAUX, SF","1",",I","1",",I","0",",I","7.5",",,I,24,","7.5",",,,I"
"SF003254710","1971-08","-28.37","25.28","1280.0","BORDEAUX, SF","0",",I","0",",I","0",",I","0.0",",,I,31,+","0.0",",,,I"
"SF003254710","1971-09","-28.37","25.28","1280.0","BORDEAUX, SF","0",",I","0",",I","0",",I","0.0",",,I,30,+","0.0",",,,I"
"SF003254710","1971-10","-28.37","25.28","1280.0","BORDEAUX, SF","5",",I","5",",I","1",",I","50.2",",,I,15,","76.5",",,,I"
"SF003254710","1971-11","-28.37","25.28","1280.0","BORDEAUX, SF","3",",I","3",",I","0",",I","14.0",",,I,06,","28.7",",,,I"
"SF003254710","1971-12","-28.37","25.28","1280.0","BORDEAUX, SF","5",",I","5",",I","3",",I","40.4",",,I,01,","111.0",",,,I"
"SF003254710","1972-01","-28.37","25.28","1280.0","BORDEAUX, SF","9",",I","8",",I","0",",I","24.7",",,I,09,","74.5",",,,I"
"SF003254710","1972-02","-28.37","25.28","1280.0","BORDEAUX, SF","5",",I","5",",I","1",",I","30.5",",,I,21,","75.9",",,,I"
"SF003254710","1972-03","-28.37","25.28","1280.0","BORDEAUX, SF","8",",I","8",",I","2",",I","44.4",",,I,25,","129.6",",,,I"
"SF003254710","1972-04","-28.37","25.28","1280.0","BORDEAUX, SF","1",",I","1",",I","0",",I","9.0",",,I,12,","9.0",",,,I"
"SF003254710","1972-05","-28.37","25.28","1280.0","BORDEAUX, SF","0",",I","0",",I","0",",I","0.0",",,I,31,+","0.0",",,,I"
"SF003254710","1972-06","-28.37","25.28","1280.0","BORDEAUX, SF","0",",I","0",",I","0",",I","0.0",",,I,30,+","0.0",",,,I"
"SF003254710","1972-07","-28.37","25.28","1280.0","BORDEAUX, SF","1",",I","1",",I","0",",I","3.0",",,I,31,","3.0",",,,I"
"SF003254710","1972-08","-28.37","25.28","1280.0","BORDEAUX, SF","0",",I","0",",I","0",",I","0.0",",,I,31,+","0.0",",,,I"
"SF003254710","1972-09","-28.37","25.28","1280.0","BORDEAUX, SF","0",",I","0",",I","0",",I","0.0",",,I,30,+","0.0",",,,I"
"SF003254710","1972-10","-28.37","25.28","1280.0","BORDEAUX, SF","1",",I","1",",I","0",",I","5.0",",,I,13,","5.0",",,,I"
"SF003254710","1972-11","-28.37","25.28","1280.0","BORDEAUX, SF","2",",I","2",",I","0",",I","12.8",",,I,05,","21.8",",,,I"
"SF003254710","1972-12","-28.37","25.28","1280.0","BORDEAUX, SF","0",",I","0",",I","0",",I","0.0",",,I,31,+","0.0",",,,I"
"SF003254710","1973-01","-28.37","25.28","1280.0","BORDEAUX, SF","1",",I","1",",I","0",",I","6.3",",,I,01,","6.3",",,,I"
"SF003254710","1973-02","-28.37","25.28","1280.0","BORDEAUX, SF","9",",I","9",",I","2",",I","26.8",",,I,09,","141.7",",,,I"
"SF003254710","1973-03","-28.37","25.28","1280.0","BORDEAUX, SF","6",",I","6",",I","1",",I","35.5",",,I,17,","63.8",",,,I"
"SF003254710","1973-04","-28.37","25.28","1280.0","BORDEAUX, SF","4",",I","4",",I","1",",I","29.2",",,I,07,","50.1",",,,I"
"SF003254710","1973-05","-28.37","25.28","1280.0","BORDEAUX, SF","0",",I","0",",I","0",",I","0.0",",,I,31,+","0.0",",,,I"
"SF003254710","1973-06","-28.37","25.28","1280.0","BORDEAUX, SF","0",",I","0",",I","0",",I","0.0",",,I,30,+","0.0",",,,I"
"SF003254710","1973-07","-28.37","25.28","1280.0","BORDEAUX, SF","0",",I","0",",I","0",",I","0.0",",,I,31,+","0.0",",,,I"
"SF003254710","1973-08","-28.37","25.28","1280.0","BORDEAUX, SF","0",",I","0",",I","0",",I","0.0",",,I,31,+","0.0",",,,I"
"SF003254710","1973-09","-28.37","25.28","1280.0","BORDEAUX, SF","1",",I","1",",I","1",",I","81.0",",,I,26,","81.0",",,,I"
"SF003254710","1973-10","-28.37","25.28","1280.0","BORDEAUX, SF","0",",I","0",",I","0",",I","0.0",",,I,31,+","0.0",",,,I"
"SF003254710","1973-11","-28.37","25.28","1280.0","BORDEAUX, SF","3",",I","3",",I","1",",I","28.0",",,I,21,","47.2",",,,I"
"SF003254710","1973-12","-28.37","25.28","1280.0","BORDEAUX, SF","3",",I","3",",I","1",",I","39.0",",,I,03,","54.0",",,,I"
"SF003254710","1974-01","-28.37","25.28","1280.0","BORDEAUX, SF","9",",I","9",",I","1",",I","78.0",",,I,28,","182.6",",,,I"
"SF003254710","1974-02","-28.37","25.28","1280.0","BORDEAUX, SF","4",",I","4",",I","1",",I","30.5",",,I,13,","71.3",",,,I"
"SF003254710","1974-03","-28.37","25.28","1280.0","BORDEAUX, SF","6",",I","6",",I","2",",I","46.0",",,I,30,","141.2",",,,I"
"SF003254710","1974-04","-28.37","25.28","1280.0","BORDEAUX, SF","4",",I","4",",I","0",",I","16.5",",,I,24,","32.7",",,,I"
"SF003254710","1974-05","-28.37","25.28","1280.0","BORDEAUX, SF","2",",I","2",",I","1",",I","35.0",",,I,05,","38.0",",,,I"
"SF003254710","1974-06","-28.37","25.28","1280.0","BORDEAUX, SF","0",",I","0",",I","0",",I","0.0",",,I,30,+","0.0",",,,I"
"SF003254710","1974-07","-28.37","25.28","1280.0","BORDEAUX, SF","0",",I","0",",I","0",",I","0.0",",,I,31,+","0.0",",,,I"
"SF003254710","1974-08","-28.37","25.28","1280.0","BORDEAUX, SF","3",",I","2",",I","0",",I","24.8",",,I,19,","32.2",",,,I"
"SF003254710","1974-09","-28.37","25.28","1280.0","BORDEAUX, SF","0",",I","0",",I","0",",I","0.0",",,I,30,+","0.0",",,,I"
"SF003254710","1974-10","-28.37","25.28","1280.0","BORDEAUX, SF","1",",I","1",",I","1",",I","25.5",",,I,31,","25.5",",,,I"
"SF003254710","1974-11","-28.37","25.28","1280.0","BORDEAUX, SF","6",",I","6",",I","2",",I","33.0",",,I,28,","110.6",",,,I"
"SF003254710","1974-12","-28.37","25.28","1280.0","BORDEAUX, SF","2",",I","2",",I","1",",I","30.5",",,I,19,","36.7",",,,I"
"SF003254710","1975-01","-28.37","25.28","1280.0","BORDEAUX, SF","5",",I","5",",I","2",",I","48.0",",,I,23,","104.3",",,,I"
"SF003254710","1975-02","-28.37","25.28","1280.0","BORDEAUX, SF","4",",I","4",",I","2",",I","37.5",",,I,18,","99.5",",,,I"
"SF003254710","1975-03","-28.37","25.28","1280.0","BORDEAUX, SF","5",",I","5",",I","3",",I","52.0",",,I,07,","143.2",",,,I"
"SF003254710","1975-04","-28.37","25.28","1280.0","BORDEAUX, SF","2",",I","2",",I","0",",I","15.0",",,I,22,","22.5",",,,I"
"SF003254710","1975-05","-28.37","25.28","1280.0","BORDEAUX, SF","1",",I","1",",I","1",",I","33.0",",,I,04,","33.0",",,,I"
"SF003254710","1975-06","-28.37","25.28","1280.0","BORDEAUX, SF","1",",I","1",",I","0",",I","9.0",",,I,27,","9.0",",,,I"
"SF003254710","1975-07","-28.37","25.28","1280.0","BORDEAUX, SF","0",",I","0",",I","0",",I","0.0",",,I,31,+","0.0",",,,I"
"SF003254710","1975-08","-28.37","25.28","1280.0","BORDEAUX, SF","0",",I","0",",I","0",",I","0.0",",,I,31,+","0.0",",,,I"
"SF003254710","1975-09","-28.37","25.28","1280.0","BORDEAUX, SF","0",",I","0",",I","0",",I","0.0",",,I,30,+","0.0",",,,I"
"SF003254710","1975-10","-28.37","25.28","1280.0","BORDEAUX, SF","3",",I","3",",I","0",",I","15.3",",,I,24,","31.8",",,,I"
"SF003254710","1975-11","-28.37","25.28","1280.0","BORDEAUX, SF","5",",I","5",",I","0",",I","11.5",",,I,26,","43.1",",,,I"
"SF003254710","1975-12","-28.37","25.28","1280.0","BORDEAUX, SF","8",",I","8",",I","0",",I","24.2",",,I,15,","95.1",",,,I"
"SF003254710","1976-01","-28.37","25.28","1280.0","BORDEAUX, SF","11",",I","11",",I","2",",I","36.0",",,I,24,","188.6",",,,I"
"SF003254710","1976-02","-28.37","25.28","1280.0","BORDEAUX, SF","4",",I","4",",I","2",",I","33.0",",,I,28,+","96.4",",,,I"
"SF003254710","1976-03","-28.37","25.28","1280.0","BORDEAUX, SF","5",",I","5",",I","3",",I","48.0",",,I,01,","161.2",",,,I"
"SF003254710","1976-04","-28.37","25.28","1280.0","BORDEAUX, SF","2",",I","2",",I","1",",I","30.5",",,I,15,","50.8",",,,I"
"SF003254710","1976-05","-28.37","25.28","1280.0","BORDEAUX, SF","3",",I","3",",I","0",",I","25.3",",,I,03,","51.5",",,,I"
"SF003254710","1976-06","-28.37","25.28","1280.0","BORDEAUX, SF","1",",I","1",",I","0",",I","22.5",",,I,16,","22.5",",,,I"
"SF003254710","1976-07","-28.37","25.28","1280.0","BORDEAUX, SF","0",",I","0",",I","0",",I","0.0",",,I,31,+","0.0",",,,I"
"SF003254710","1976-08","-28.37","25.28","1280.0","BORDEAUX, SF","0",",I","0",",I","0",",I","0.0",",,I,31,+","0.0",",,,I"
"SF003254710","1976-09","-28.37","25.28","1280.0","BORDEAUX, SF","3",",I","3",",I","0",",I","15.3",",,I,27,","24.1",",,,I"
"SF003254710","1976-10","-28.37","25.28","1280.0","BORDEAUX, SF","2",",I","2",",I","0",",I","21.6",",,I,24,","29.1",",,,I"
"SF003254710","1976-11","-28.37","25.28","1280.0","BORDEAUX, SF","1",",I","1",",I","0",",I","12.7",",,I,03,","12.7",",,,I"
"SF003254710","1976-12","-28.37","25.28","1280.0","BORDEAUX, SF","2",",I","2",",I","0",",I","9.1",",,I,03,","18.1",",,,I"
"SF003254710","1977-01","-28.37","25.28","1280.0","BORDEAUX, SF","3",",I","3",",I","2",",I","38.0",",,I,10,","74.8",",,,I"
"SF003254710","1977-02","-28.37","25.28","1280.0","BORDEAUX, SF","3",",I","3",",I","1",",I","35.5",",,I,14,","74.8",",,,I"
"SF003254710","1977-03","-28.37","25.28","1280.0","BORDEAUX, SF","2",",I","2",",I","1",",I","48.2",",,I,05,","59.7",",,,I"
"SF003254710","1977-04","-28.37","25.28","1280.0","BORDEAUX, SF","4",",I","4",",I","0",",I","7.5",",,I,17,","22.4",",,,I"
"SF003254710","1977-05","-28.37","25.28","1280.0","BORDEAUX, SF","0",",I","0",",I","0",",I","0.0",",,I,31,+","0.0",",,,I"
"SF003254710","1977-06","-28.37","25.28","1280.0","BORDEAUX, SF","0",",I","0",",I","0",",I","0.0",",,I,30,+","0.0",",,,I"
"SF003254710","1977-07","-28.37","25.28","1280.0","BORDEAUX, SF","0",",I","0",",I","0",",I","0.0",",,I,31,+","0.0",",,,I"
"SF003254710","1977-08","-28.37","25.28","1280.0","BORDEAUX, SF","1",",I","1",",I","0",",I","19.5",",,I,12,","19.5",",,,I"
"SF003254710","1977-09","-28.37","25.28","1280.0","BORDEAUX, SF","6",",I","6",",I","0",",I","17.7",",,I,26,","71.7",",,,I"
"SF003254710","1977-10","-28.37","25.28","1280.0","BORDEAUX, SF","4",",I","4",",I","1",",I","33.0",",,I,16,","50.2",",,,I"
"SF003254710","1977-11","-28.37","25.28","1280.0","BORDEAUX, SF","5",",I","5",",I","0",",I","7.5",",,I,30,","22.5",",,,I"
"SF003254710","1977-12","-28.37","25.28","1280.0","BORDEAUX, SF","4",",I","3",",I","0",",I","15.0",",,I,01,","28.7",",,,I"
"SF003254710","1978-01","-28.37","25.28","1280.0","BORDEAUX, SF","5",",I","3",",I","1",",I","27.5",",,I,21,","45.5",",,,I"
"SF003254710","1978-02","-28.37","25.28","1280.0","BORDEAUX, SF","5",",I","5",",I","1",",I","39.8",",,I,09,","68.3",",,,I"
"SF003254710","1978-03","-28.37","25.28","1280.0","BORDEAUX, SF","7",",I","6",",I","1",",I","27.5",",,I,14,","69.2",",,,I"
"SF003254710","1978-04","-28.37","25.28","1280.0","BORDEAUX, SF","7",",I","7",",I","1",",I","31.0",",,I,18,","91.2",",,,I"
"SF003254710","1978-05","-28.37","25.28","1280.0","BORDEAUX, SF","1",",I","1",",I","0",",I","12.0",",,I,24,","12.0",",,,I"
"SF003254710","1978-06","-28.37","25.28","1280.0","BORDEAUX, SF","1",",I","1",",I","0",",I","3.7",",,I,11,","3.7",",,,I"
"SF003254710","1978-07","-28.37","25.28","1280.0","BORDEAUX, SF","0",",I","0",",I","0",",I","0.0",",,I,31,+","0.0",",,,I"
"SF003254710","1978-08","-28.37","25.28","1280.0","BORDEAUX, SF","0",",I","0",",I","0",",I","0.0",",,I,31,+","0.0",",,,I"
"SF003254710","1978-09","-28.37","25.28","1280.0","BORDEAUX, SF","3",",I","3",",I","0",",I","16.0",",,I,20,","25.5",",,,I"
"SF003254710","1978-10","-28.37","25.28","1280.0","BORDEAUX, SF","2",",I","2",",I","0",",I","15.0",",,I,23,","24.0",",,,I"
"SF003254710","1978-11","-28.37","25.28","1280.0","BORDEAUX, SF","3",",I","3",",I","0",",I","11.0",",,I,01,","22.0",",,,I"
"SF003254710","1978-12","-28.37","25.28","1280.0","BORDEAUX, SF","3",",I","3",",I","0",",I","15.2",",,I,09,","29.2",",,,I"
"SF003254710","1979-01","-28.37","25.28","1280.0","BORDEAUX, SF","6",",I","6",",I","0",",I","14.0",",,I,17,","53.3",",,,I"
"SF003254710","1979-02","-28.37","25.28","1280.0","BORDEAUX, SF","7",",I","7",",I","1",",I","35.5",",,I,22,","84.0",",,,I"
"SF003254710","1979-03","-28.37","25.28","1280.0","BORDEAUX, SF","2",",I","2",",I","0",",I","9.0",",,I,24,","14.0",",,,I"
"SF003254710","1979-04","-28.37","25.28","1280.0","BORDEAUX, SF","3",",I","3",",I","0",",I","5.0",",,I,15,","10.5",",,,I"
"SF003254710","1979-05","-28.37","25.28","1280.0","BORDEAUX, SF","3",",I","3",",I","0",",I","4.0",",,I,04,","10.0",",,,I"
"SF003254710","1979-06","-28.37","25.28","1280.0","BORDEAUX, SF","0",",I","0",",I","0",",I","0.0",",,I,30,+","0.0",",,,I"
"SF003254710","1979-07","-28.37","25.28","1280.0","BORDEAUX, SF","3",",I","3",",I","0",",I","9.0",",,I,14,","16.1",",,,I"
"SF003254710","1979-08","-28.37","25.28","1280.0","BORDEAUX, SF","4",",I","4",",I","0",",I","16.5",",,I,19,","36.4",",,,I"
"SF003254710","1979-09","-28.37","25.28","1280.0","BORDEAUX, SF","1",",I","0",",I","0",",I","1.3",",,I,27,","1.3",",,,I"
"SF003254710","1979-10","-28.37","25.28","1280.0","BORDEAUX, SF","3",",I","3",",I","0",",I","20.0",",,I,18,","41.0",",,,I"
"SF003254710","1979-11","-28.37","25.28","1280.0","BORDEAUX, SF","4",",I","4",",I","1",",I","25.5",",,I,11,","59.0",",,,I"
"SF003254710","1979-12","-28.37","25.28","1280.0","BORDEAUX, SF","4",",I","4",",I","0",",I","17.6",",,I,14,","37.5",",,,I"
"SF003254710","1980-01","-28.37","25.28","1280.0","BORDEAUX, SF","1",",I","1",",I","0",",I","22.0",",,I,22,","22.0",",,,I"
"SF003254710","1980-02","-28.37","25.28","1280.0","BORDEAUX, SF","7",",I","7",",I","2",",I","57.5",",,I,27,","126.7",",,,I"
"SF003254710","1980-03","-28.37","25.28","1280.0","BORDEAUX, SF","4",",I","4",",I","0",",I","15.5",",,I,22,","34.2",",,,I"
"SF003254710","1980-04","-28.37","25.28","1280.0","BORDEAUX, SF","1",",I","1",",I","0",",I","5.5",",,I,09,","5.5",",,,I"
"SF003254710","1980-05","-28.37","25.28","1280.0","BORDEAUX, SF","0",",I","0",",I","0",",I","0.0",",,I,31,+","0.0",",,,I"
"SF003254710","1980-06","-28.37","25.28","1280.0","BORDEAUX, SF","0",",I","0",",I","0",",I","0.0",",,I,30,+","0.0",",,,I"
"SF003254710","1980-07","-28.37","25.28","1280.0","BORDEAUX, SF","0",",I","0",",I","0",",I","0.0",",,I,31,+","0.0",",,,I"
"SF003254710","1980-08","-28.37","25.28","1280.0","BORDEAUX, SF","3",",I","3",",I","0",",I","3.5",",,I,13,+","10.0",",,,I"
"SF003254710","1980-09","-28.37","25.28","1280.0","BORDEAUX, SF","3",",I","1",",I","0",",I","3.3",",,I,24,","6.4",",,,I"
"SF003254710","1980-10","-28.37","25.28","1280.0","BORDEAUX, SF","0",",I","0",",I","0",",I","0.0",",,I,31,+","0.0",",,,I"
"SF003254710","1980-11","-28.37","25.28","1280.0","BORDEAUX, SF","9",",I","6",",I","0",",I","6.0",",,I,27,","26.7",",,,I"
"SF003254710","1980-12","-28.37","25.28","1280.0","BORDEAUX, SF","3",",I","3",",I","1",",I","28.0",",,I,25,","41.2",",,,I"
"SF003254710","1981-01","-28.37","25.28","1280.0","BORDEAUX, SF","12",",I","11",",I","1",",I","31.2",",,I,22,","130.3",",,,I"
"SF003254710","1981-02","-28.37","25.28","1280.0","BORDEAUX, SF","6",",I","5",",I","1",",I","27.0",",,I,15,","63.0",",,,I"
"SF003254710","1981-03","-28.37","25.28","1280.0","BORDEAUX, SF","2",",I","2",",I","0",",I","6.0",",,I,14,","9.5",",,,I"
"SF003254710","1981-04","-28.37","25.28","1280.0","BORDEAUX, SF","4",",I","4",",I","0",",I","13.0",",,I,24,","26.1",",,,I"
"SF003254710","1981-05","-28.37","25.28","1280.0","BORDEAUX, SF","3",",I","2",",I","0",",I","10.0",",,I,08,","15.4",",,,I"
"SF003254710","1981-06","-28.37","25.28","1280.0","BORDEAUX, SF","1",",I","1",",I","0",",I","4.0",",,I,03,","4.0",",,,I"
"SF003254710","1981-07","-28.37","25.28","1280.0","BORDEAUX, SF","0",",I","0",",I","0",",I","0.0",",,I,31,+","0.0",",,,I"
"SF003254710","1981-08","-28.37","25.28","1280.0","BORDEAUX, SF","3",",I","2",",I","0",",I","21.0",",,I,22,","26.3",",,,I"
"SF003254710","1981-09","-28.37","25.28","1280.0","BORDEAUX, SF","0",",I","0",",I","0",",I","0.0",",,I,30,+","0.0",",,,I"
"SF003254710","1981-10","-28.37","25.28","1280.0","BORDEAUX, SF","3",",I","2",",I","0",",I","3.2",",,I,18,","7.2",",,,I"
"SF003254710","1981-11","-28.37","25.28","1280.0","BORDEAUX, SF","6","2,I","6","2,I","0","2,I","11.0","2,,I,18,","55.4",",a,,I"
"SF003254710","1981-12","-28.37","25.28","1280.0","BORDEAUX, SF","12",",I","10",",I","1",",I","29.5",",,I,11,","144.7",",,,I"
"SF003254710","1982-01","-28.37","25.28","1280.0","BORDEAUX, SF","6",",I","6",",I","0",",I","13.0",",,I,20,","43.0",",,,I"
"SF003254710","1982-02","-28.37","25.28","1280.0","BORDEAUX, SF","4",",I","4",",I","1",",I","26.5",",,I,21,","49.4",",,,I"
"SF003254710","1982-03","-28.37","25.28","1280.0","BORDEAUX, SF","3",",I","3",",I","0",",I","15.5",",,I,21,","26.8",",,,I"
"SF003254710","1982-04","-28.37","25.28","1280.0","BORDEAUX, SF","5",",I","3",",I","1",",I","33.0",",,I,15,","66.0",",,,I"
"SF003254710","1982-05","-28.37","25.28","1280.0","BORDEAUX, SF","0",",I","0",",I","0",",I","0.0",",,I,31,+","0.0",",,,I"
"SF003254710","1982-06","-28.37","25.28","1280.0","BORDEAUX, SF","0",",I","0",",I","0",",I","0.0",",,I,30,+","0.0",",,,I"
"SF003254710","1982-07","-28.37","25.28","1280.0","BORDEAUX, SF","2",",I","2",",I","0",",I","25.0",",,I,14,","29.0",",,,I"
"SF003254710","1982-08","-28.37","25.28","1280.0","BORDEAUX, SF","0",",I","0",",I","0",",I","0.0",",,I,31,+","0.0",",,,I"
"SF003254710","1982-09","-28.37","25.28","1280.0","BORDEAUX, SF","0",",I","0",",I","0",",I","0.0",",,I,30,+","0.0",",,,I"
"SF003254710","1982-10","-28.37","25.28","1280.0","BORDEAUX, SF","8",",I","7",",I","0",",I","15.5",",,I,31,","49.2",",,,I"
"SF003254710","1982-11","-28.37","25.28","1280.0","BORDEAUX, SF","5",",I","3",",I","0",",I","14.0",",,I,13,","30.9",",,,I"
"SF003254710","1982-12","-28.37","25.28","1280.0","BORDEAUX, SF","3",",I","3",",I","0",",I","20.0",",,I,05,","34.4",",,,I"
"SF003254710","1983-01","-28.37","25.28","1280.0","BORDEAUX, SF","3",",I","3",",I","2",",I","45.0",",,I,31,","77.0",",,,I"
"SF003254710","1983-02","-28.37","25.28","1280.0","BORDEAUX, SF","2",",I","1",",I","0",",I","8.0",",,I,01,","10.0",",,,I"
"SF003254710","1983-03","-28.37","25.28","1280.0","BORDEAUX, SF","1",",I","1",",I","0",",I","5.0",",,I,07,","5.0",",,,I"
"SF003254710","1983-04","-28.37","25.28","1280.0","BORDEAUX, SF","2",",I","2",",I","0",",I","9.3",",,I,13,","12.3",",,,I"
"SF003254710","1983-05","-28.37","25.28","1280.0","BORDEAUX, SF","1",",I","1",",I","0",",I","18.5",",,I,14,","18.5",",,,I"
"SF003254710","1983-06","-28.37","25.28","1280.0","BORDEAUX, SF","2",",I","2",",I","0",",I","13.5",",,I,11,","17.9",",,,I"
"SF003254710","1983-07","-28.37","25.28","1280.0","BORDEAUX, SF","0",",I","0",",I","0",",I","0.0",",,I,31,+","0.0",",,,I"
"SF003254710","1983-08","-28.37","25.28","1280.0","BORDEAUX, SF","0",",I","0",",I","0",",I","0.0",",,I,31,+","0.0",",,,I"
"SF003254710","1983-09","-28.37","25.28","1280.0","BORDEAUX, SF","0",",I","0",",I","0",",I","0.0",",,I,30,+","0.0",",,,I"
"SF003254710","1983-10","-28.37","25.28","1280.0","BORDEAUX, SF","5",",I","3",",I","0",",I","20.4",",,I,17,","40.7",",,,I"
"SF003254710","1983-11","-28.37","25.28","1280.0","BORDEAUX, SF","7",",I","5",",I","2",",I","37.0",",,I,28,","99.7",",,,I"
"SF003254710","1983-12","-28.37","25.28","1280.0","BORDEAUX, SF","6",",I","4",",I","0",",I","25.0",",,I,30,","59.8",",,,I"
"SF003254710","1984-01","-28.37","25.28","1280.0","BORDEAUX, SF","2",",I","2",",I","0",",I","9.4",",,I,08,","13.9",",,,I"
"SF003254710","1984-02","-28.37","25.28","1280.0","BORDEAUX, SF","1",",I","1",",I","1",",I","32.5",",,I,26,","32.5",",,,I"
"SF003254710","1984-04","-28.37","25.28","1280.0","BORDEAUX, SF","1",",I","1",",I","0",",I","13.8",",,I,08,","13.8",",,,I"
"SF003254710","1984-05","-28.37","25.28","1280.0","BORDEAUX, SF","3",",I","2",",I","0",",I","23.5",",,I,04,","31.3",",,,I"
"SF003254710","1984-06","-28.37","25.28","1280.0","BORDEAUX, SF","0",",I","0",",I","0",",I","0.0",",,I,30,+","0.0",",,,I"
"SF003254710","1984-07","-28.37","25.28","1280.0","BORDEAUX, SF","0",",I","0",",I","0",",I","0.0",",,I,31,+","0.0",",,,I"
"SF003254710","1984-08","-28.37","25.28","1280.0","BORDEAUX, SF","0",",I","0",",I","0",",I","0.0",",,I,31,+","0.0",",,,I"
"SF003254710","1984-09","-28.37","25.28","1280.0","BORDEAUX, SF","0",",I","0",",I","0",",I","0.0",",,I,30,+","0.0",",,,I"
"SF003254710","1984-10","-28.37","25.28","1280.0","BORDEAUX, SF","2",",I","2",",I","1",",I","50.0",",,I,10,","53.0",",,,I"
"SF003254710","1984-11","-28.37","25.28","1280.0","BORDEAUX, SF","3",",I","3",",I","0",",I","25.3",",,I,27,","64.3",",,,I"
"SF003254710","1984-12","-28.37","25.28","1280.0","BORDEAUX, SF","2",",I","2",",I","0",",I","25.0",",,I,08,","38.5",",,,I"
"SF003254710","1985-01","-28.37","25.28","1280.0","BORDEAUX, SF","0",",I","0",",I","0",",I","0.0",",,I,31,+","0.0",",,,I"
"SF003254710","1985-02","-28.37","25.28","1280.0","BORDEAUX, SF","3",",I","2",",I","0",",I","25.0",",,I,26,","34.4",",,,I"
"SF003254710","1985-03","-28.37","25.28","1280.0","BORDEAUX, SF","2",",I","2",",I","1",",I","41.5",",,I,11,","50.5",",,,I"
"SF003254710","1985-04","-28.37","25.28","1280.0","BORDEAUX, SF","0",",I","0",",I","0",",I","0.0",",,I,30,+","0.0",",,,I"
"SF003254710","1985-05","-28.37","25.28","1280.0","BORDEAUX, SF","0",",I","0",",I","0",",I","0.0",",,I,31,+","0.0",",,,I"
"SF003254710","1985-06","-28.37","25.28","1280.0","BORDEAUX, SF","0",",I","0",",I","0",",I","0.0",",,I,30,+","0.0",",,,I"
"SF003254710","1985-07","-28.37","25.28","1280.0","BORDEAUX, SF","0",",I","0",",I","0",",I","0.0",",,I,31,+","0.0",",,,I"
"SF003254710","1985-08","-28.37","25.28","1280.0","BORDEAUX, SF","0",",I","0",",I","0",",I","0.0",",,I,31,+","0.0",",,,I"
"SF003254710","1985-09","-28.37","25.28","1280.0","BORDEAUX, SF","0",",I","0",",I","0",",I","0.0",",,I,30,+","0.0",",,,I"
"SF003254710","1985-10","-28.37","25.28","1280.0","BORDEAUX, SF","3",",I","3",",I","2",",I","36.5",",,I,30,","76.0",",,,I"
"SF003254710","1985-11","-28.37","25.28","1280.0","BORDEAUX, SF","3",",I","3",",I","0",",I","8.2",",,I,27,","18.4",",,,I"
"SF003254710","1985-12","-28.37","25.28","1280.0","BORDEAUX, SF","7",",I","6",",I","1",",I","25.6",",,I,14,","66.0",",,,I"
"SF003254710","1986-01","-28.37","25.28","1280.0","BORDEAUX, SF","1",",I","1",",I","1",",I","38.0",",,I,31,","38.0",",,,I"
"SF003254710","1986-02","-28.37","25.28","1280.0","BORDEAUX, SF","1",",I","1",",I","1",",I","27.5",",,I,06,","27.5",",,,I"
"SF003254710","1986-03","-28.37","25.28","1280.0","BORDEAUX, SF","0",",I","0",",I","0",",I","0.0",",,I,31,+","0.0",",,,I"
"SF003254710","1986-04","-28.37","25.28","1280.0","BORDEAUX, SF","2",",I","2",",I","0",",I","13.0",",,I,10,","25.0",",,,I"
"SF003254710","1986-05","-28.37","25.28","1280.0","BORDEAUX, SF","0",",I","0",",I","0",",I","0.0",",,I,31,+","0.0",",,,I"
"SF003254710","1986-06","-28.37","25.28","1280.0","BORDEAUX, SF","0",",I","0",",I","0",",I","0.0",",,I,30,+","0.0",",,,I"
"SF003254710","1986-07","-28.37","25.28","1280.0","BORDEAUX, SF","0",",I","0",",I","0",",I","0.0",",,I,31,+","0.0",",,,I"
"SF003254710","1986-08","-28.37","25.28","1280.0","BORDEAUX, SF","1",",I","1",",I","0",",I","22.0",",,I,28,","22.0",",,,I"
"SF003254710","1986-09","-28.37","25.28","1280.0","BORDEAUX, SF","2",",I","2",",I","0",",I","15.2",",,I,13,","29.7",",,,I"
"SF003254710","1986-10","-28.37","25.28","1280.0","BORDEAUX, SF","5",",I","5",",I","1",",I","25.5",",,I,30,","74.2",",,,I"
"SF003254710","1986-11","-28.37","25.28","1280.0","BORDEAUX, SF","6",",I","6",",I","1",",I","28.6",",,I,04,","62.9",",,,I"
"SF003254710","1986-12","-28.37","25.28","1280.0","BORDEAUX, SF","3",",I","3",",I","0",",I","17.3",",,I,24,","40.3",",,,I"
"SF003254710","1987-01","-28.37","25.28","1280.0","BORDEAUX, SF","4",",I","4",",I","0",",I","13.0",",,I,29,","41.5",",,,I"
"SF003254710","1987-02","-28.37","25.28","1280.0","BORDEAUX, SF","8",",I","7",",I","2",",I","35.5",",,I,11,","133.5",",,,I"
"SF003254710","1987-03","-28.37","25.28","1280.0","BORDEAUX, SF","2",",I","2",",I","0",",I","12.5",",,I,22,","22.0",",,,I"
"SF003254710","1987-04","-28.37","25.28","1280.0","BORDEAUX, SF","0","1,I","0","1,I","0","1,I","0.0","1,,I,30,+","0.0","1,,,I"
"SF003254710","1987-05","-28.37","25.28","1280.0","BORDEAUX, SF","0",",I","0",",I","0",",I","0.0",",,I,31,+","0.0",",,,I"
"SF003254710","1987-06","-28.37","25.28","1280.0","BORDEAUX, SF","0",",I","0",",I","0",",I","0.0",",,I,30,+","0.0",",,,I"
"SF003254710","1987-07","-28.37","25.28","1280.0","BORDEAUX, SF","0",",I","0",",I","0",",I","0.0",",,I,31,+","0.0",",,,I"
"SF003254710","1987-08","-28.37","25.28","1280.0","BORDEAUX, SF","1",",I","1",",I","0",",I","6.0",",,I,20,","6.0",",,,I"
"SF003254710","1987-09","-28.37","25.28","1280.0","BORDEAUX, SF","4",",I","4",",I","1",",I","27.9",",,I,20,","57.1",",,,I"
"SF003254710","1987-10","-28.37","25.28","1280.0","BORDEAUX, SF","1",",I","1",",I","0",",I","11.0",",,I,30,","11.0",",,,I"
"SF003254710","1987-11","-28.37","25.28","1280.0","BORDEAUX, SF","4",",I","4",",I","0",",I","12.5",",,I,20,","38.1",",,,I"
"SF003254710","1987-12","-28.37","25.28","1280.0","BORDEAUX, SF","0","1,I","0","1,I","0","1,I","0.0","1,,I,31,+","0.0","1,,,I"
"SF003254710","1988-01","-28.37","25.28","1280.0","BORDEAUX, SF","0",",I","0",",I","0",",I","0.0",",,I,31,+","0.0",",,,I"
"SF003254710","1988-02","-28.37","25.28","1280.0","BORDEAUX, SF","11",",I","11",",I","8",",I","160.0",",,I,21,","712.8",",,,I"
"SF003254710","1988-03","-28.37","25.28","1280.0","BORDEAUX, SF","11",",I","11",",I","0",",I","25.0",",,I,01,","117.5",",,,I"
"SF003254710","1988-04","-28.37","25.28","1280.0","BORDEAUX, SF","3","1,I","3","1,I","0","1,I","20.0","1,,I,03,","34.6","1,,,I"
"SF003254710","1988-05","-28.37","25.28","1280.0","BORDEAUX, SF","0",",I","0",",I","0",",I","0.0",",,I,31,+","0.0",",,,I"
"SF003254710","1988-06","-28.37","25.28","1280.0","BORDEAUX, SF","0",",I","0",",I","0",",I","0.0",",,I,30,+","0.0",",,,I"
"SF003254710","1988-07","-28.37","25.28","1280.0","BORDEAUX, SF","0",",I","0",",I","0",",I","0.0",",,I,31,+","0.0",",,,I"
"SF003254710","1988-08","-28.37","25.28","1280.0","BORDEAUX, SF","0",",I","0",",I","0",",I","0.0",",,I,31,+","0.0",",,,I"
"SF003254710","1988-09","-28.37","25.28","1280.0","BORDEAUX, SF","2",",I","2",",I","1",",I","28.0",",,I,01,","50.5",",,,I"
"SF003254710","1988-10","-28.37","25.28","1280.0","BORDEAUX, SF","4",",I","4",",I","2",",I","29.1",",,I,12,","76.6",",,,I"
"SF003254710","1988-11","-28.37","25.28","1280.0","BORDEAUX, SF","4",",I","4",",I","0",",I","13.5",",,I,01,","23.5",",,,I"
"SF003254710","1988-12","-28.37","25.28","1280.0","BORDEAUX, SF","4",",I","4",",I","0",",I","22.0",",,I,31,","72.3",",,,I"
"SF003254710","1989-01","-28.37","25.28","1280.0","BORDEAUX, SF","0",",I","0",",I","0",",I","0.0",",,I,31,+","0.0",",,,I"
"SF003254710","1989-02","-28.37","25.28","1280.0","BORDEAUX, SF","3",",I","3",",I","0",",I","20.0",",,I,09,","37.0",",,,I"
"SF003254710","1989-03","-28.37","25.28","1280.0","BORDEAUX, SF","4",",I","4",",I","1",",I","28.0",",,I,29,","62.9",",,,I"
"SF003254710","1989-04","-28.37","25.28","1280.0","BORDEAUX, SF","3",",I","3",",I","2",",I","55.3",",,I,29,","95.8",",,,I"
"SF003254710","1989-05","-28.37","25.28","1280.0","BORDEAUX, SF","4",",I","4",",I","0",",I","20.0",",,I,29,+","68.5",",,,I"
"SF003254710","1989-06","-28.37","25.28","1280.0","BORDEAUX, SF","0",",I","0",",I","0",",I","0.0",",,I,30,+","0.0",",,,I"
"SF003254710","1989-07","-28.37","25.28","1280.0","BORDEAUX, SF","0",",I","0",",I","0",",I","0.0",",,I,31,+","0.0",",,,I"
"SF003254710","1989-08","-28.37","25.28","1280.0","BORDEAUX, SF","0",",I","0",",I","0",",I","0.0",",,I,31,+","0.0",",,,I"
"SF003254710","1989-09","-28.37","25.28","1280.0","BORDEAUX, SF","0",",I","0",",I","0",",I","0.0",",,I,30,+","0.0",",,,I"
"SF003254710","1989-10","-28.37","25.28","1280.0","BORDEAUX, SF","1",",I","0",",I","0",",I","1.0",",,I,15,","1.0",",,,I"
"SF003254710","1989-11","-28.37","25.28","1280.0","BORDEAUX, SF","4",",I","3",",I","1",",I","38.5",",,I,07,","62.3",",,,I"
"SF003254710","1989-12","-28.37","25.28","1280.0","BORDEAUX, SF","0",",I","0",",I","0",",I","0.0",",,I,31,+","0.0",",,,I"
"SF003254710","1990-01","-28.37","25.28","1280.0","BORDEAUX, SF","1",",I","1",",I","0",",I","8.0",",,I,17,","8.0",",,,I"
"SF003254710","1990-02","-28.37","25.28","1280.0","BORDEAUX, SF","0",",I","0",",I","0",",I","0.0",",,I,28,+","0.0",",,,I"
"SF003254710","1990-03","-28.37","25.28","1280.0","BORDEAUX, SF","0",",I","0",",I","0",",I","0.0",",,I,31,+","0.0",",,,I"
"SF003254710","1990-04","-28.37","25.28","1280.0","BORDEAUX, SF","1",",I","0",",I","0",",I","2.0",",,I,03,","2.0",",,,I"
"SF003254710","1990-05","-28.37","25.28","1280.0","BORDEAUX, SF","1",",I","1",",I","0",",I","4.0",",,I,17,","4.0",",,,I"
"SF003254710","1990-06","-28.37","25.28","1280.0","BORDEAUX, SF","1",",I","1",",I","0",",I","12.5",",,I,18,","12.5",",,,I"
"SF003254710","1990-07","-28.37","25.28","1280.0","BORDEAUX, SF","0",",I","0",",I","0",",I","0.0",",,I,31,+","0.0",",,,I"
"SF003254710","1990-08","-28.37","25.28","1280.0","BORDEAUX, SF","1",",I","1",",I","0",",I","3.2",",,I,04,","3.2",",,,I"
"SF003254710","1990-09","-28.37","25.28","1280.0","BORDEAUX, SF","0",",I","0",",I","0",",I","0.0",",,I,30,+","0.0",",,,I"
"SF003254710","1990-10","-28.37","25.28","1280.0","BORDEAUX, SF","2",",I","2",",I","0",",I","6.3",",,I,25,","11.1",",,,I"
"SF003254710","1990-11","-28.37","25.28","1280.0","BORDEAUX, SF","1",",I","0",",I","0",",I","1.0",",,I,28,","1.0",",,,I"
"SF003254710","1990-12","-28.37","25.28","1280.0","BORDEAUX, SF","2",",I","2",",I","0",",I","5.0",",,I,13,","8.1",",,,I"
"SF003254710","1991-01","-28.37","25.28","1280.0","BORDEAUX, SF","6",",I","6",",I","1",",I","30.0",",,I,29,","94.5",",,,I"
"SF003254710","1991-02","-28.37","25.28","1280.0","BORDEAUX, SF","0",",I","0",",I","0",",I","0.0",",,I,28,+","0.0",",,,I"
"SF003254710","1991-03","-28.37","25.28","1280.0","BORDEAUX, SF","4",",I","4",",I","2",",I","77.0",",,I,12,","151.7",",,,I"
"SF003254710","1991-04","-28.37","25.28","1280.0","BORDEAUX, SF","0",",I","0",",I","0",",I","0.0",",,I,30,+","0.0",",,,I"
"SF003254710","1991-05","-28.37","25.28","1280.0","BORDEAUX, SF","0",",I","0",",I","0",",I","0.0",",,I,31,+","0.0",",,,I"
"SF003254710","1991-06","-28.37","25.28","1280.0","BORDEAUX, SF","1",",I","1",",I","0",",I","10.0",",,I,14,","10.0",",,,I"
"SF003254710","1991-07","-28.37","25.28","1280.0","BORDEAUX, SF","0",",I","0",",I","0",",I","0.0",",,I,31,+","0.0",",,,I"
"SF003254710","1991-08","-28.37","25.28","1280.0","BORDEAUX, SF","0",",I","0",",I","0",",I","0.0",",,I,31,+","0.0",",,,I"
"SF003254710","1991-09","-28.37","25.28","1280.0","BORDEAUX, SF","2",",I","2",",I","0",",I","12.5",",,I,23,","15.7",",,,I"
"SF003254710","1991-10","-28.37","25.28","1280.0","BORDEAUX, SF","7",",I","7",",I","2",",I","75.0",",,I,13,","169.0",",,,I"
"SF003254710","1991-11","-28.37","25.28","1280.0","BORDEAUX, SF","1",",I","1",",I","0",",I","18.0",",,I,16,","18.0",",,,I"
"SF003254710","1991-12","-28.37","25.28","1280.0","BORDEAUX, SF","1",",I","1",",I","0",",I","3.0",",,I,04,","3.0",",,,I"
"SF003254710","1992-01","-28.37","25.28","1280.0","BORDEAUX, SF","0",",I","0",",I","0",",I","0.0",",,I,31,+","0.0",",,,I"
"SF003254710","1992-02","-28.37","25.28","1280.0","BORDEAUX, SF","0",",I","0",",I","0",",I","0.0",",,I,29,+","0.0",",,,I"
"SF003254710","1992-03","-28.37","25.28","1280.0","BORDEAUX, SF","3",",I","3",",I","0",",I","21.2",",,I,27,","34.2",",,,I"
"SF003254710","1992-04","-28.37","25.28","1280.0","BORDEAUX, SF","2",",I","1",",I","0",",I","6.3",",,I,05,","8.5",",,,I"
"SF003254710","1992-05","-28.37","25.28","1280.0","BORDEAUX, SF","0",",I","0",",I","0",",I","0.0",",,I,31,+","0.0",",,,I"
"SF003254710","1992-06","-28.37","25.28","1280.0","BORDEAUX, SF","0",",I","0",",I","0",",I","0.0",",,I,30,+","0.0",",,,I"
"SF003254710","1992-07","-28.37","25.28","1280.0","BORDEAUX, SF","0",",I","0",",I","0",",I","0.0",",,I,31,+","0.0",",,,I"
"SF003254710","1992-08","-28.37","25.28","1280.0","BORDEAUX, SF","2",",I","1",",I","0",",I","13.5",",,I,27,","15.6",",,,I"
"SF003254710","1992-09","-28.37","25.28","1280.0","BORDEAUX, SF","1",",I","1",",I","0",",I","7.2",",,I,30,","7.2",",,,I"
"SF003254710","1992-10","-28.37","25.28","1280.0","BORDEAUX, SF","1",",I","1",",I","0",",I","9.0",",,I,01,","9.0",",,,I"
"SF003254710","1992-11","-28.37","25.28","1280.0","BORDEAUX, SF","4",",I","4",",I","0",",I","14.2",",,I,11,","36.8",",,,I"
"SF003254710","1992-12","-28.37","25.28","1280.0","BORDEAUX, SF","1",",I","0",",I","0",",I","2.0",",,I,13,","2.0",",,,I"
"SF003254710","1993-01","-28.37","25.28","1280.0","BORDEAUX, SF","5",",I","4",",I","0",",I","12.5",",,I,07,","37.8",",,,I"
"SF003254710","1993-02","-28.37","25.28","1280.0","BORDEAUX, SF","8",",I","5",",I","0",",I","22.0",",,I,10,","79.7",",,,I"
"SF003254710","1993-03","-28.37","25.28","1280.0","BORDEAUX, SF","1",",I","1",",I","0",",I","17.0",",,I,15,","17.0",",,,I"
"SF003254710","1993-04","-28.37","25.28","1280.0","BORDEAUX, SF","0",",I","0",",I","0",",I","0.0",",,I,30,+","0.0",",,,I"
"SF003254710","1993-05","-28.37","25.28","1280.0","BORDEAUX, SF","0",",I","0",",I","0",",I","0.0",",,I,31,+","0.0",",,,I"
"SF003254710","1993-06","-28.37","25.28","1280.0","BORDEAUX, SF","0",",I","0",",I","0",",I","0.0",",,I,30,+","0.0",",,,I"
"SF003254710","1993-07","-28.37","25.28","1280.0","BORDEAUX, SF","0",",I","0",",I","0",",I","0.0",",,I,31,+","0.0",",,,I"
"SF003254710","1993-08","-28.37","25.28","1280.0","BORDEAUX, SF","1",",I","1",",I","0",",I","5.0",",,I,10,","5.0",",,,I"
"SF003254710","1993-09","-28.37","25.28","1280.0","BORDEAUX, SF","0",",I","0",",I","0",",I","0.0",",,I,30,+","0.0",",,,I"
"SF003254710","1993-10","-28.37","25.28","1280.0","BORDEAUX, SF","9",",I","8",",I","2",",I","29.0",",,I,15,","98.5",",,,I"
"SF003254710","1993-11","-28.37","25.28","1280.0","BORDEAUX, SF","5",",I","4",",I","1",",I","28.3",",,I,09,","53.3",",,,I"
"SF003254710","1993-12","-28.37","25.28","1280.0","BORDEAUX, SF","5",",I","4",",I","1",",I","27.4",",,I,24,","72.4",",,,I"
"SF003254710","1994-01","-28.37","25.28","1280.0","BORDEAUX, SF","9",",I","9",",I","0",",I","24.5",",,I,23,","95.8",",,,I"
"SF003254710","1994-02","-28.37","25.28","1280.0","BORDEAUX, SF","7",",I","6",",I","1",",I","35.1",",,I,11,","114.4",",,,I"
"SF003254710","1994-03","-28.37","25.28","1280.0","BORDEAUX, SF","4",",I","4",",I","1",",I","26.2",",,I,04,","68.2",",,,I"
"SF003254710","1994-04","-28.37","25.28","1280.0","BORDEAUX, SF","0",",I","0",",I","0",",I","0.0",",,I,30,+","0.0",",,,I"
"SF003254710","1994-05","-28.37","25.28","1280.0","BORDEAUX, SF","0",",I","0",",I","0",",I","0.0",",,I,31,+","0.0",",,,I"
"SF003254710","1994-06","-28.37","25.28","1280.0","BORDEAUX, SF","2",",I","0",",I","0",",I","0.7",",,I,27,","1.0",",,,I"
"SF003254710","1994-07","-28.37","25.28","1280.0","BORDEAUX, SF","0",",I","0",",I","0",",I","0.0",",,I,31,+","0.0",",,,I"
"SF003254710","1994-08","-28.37","25.28","1280.0","BORDEAUX, SF","0",",I","0",",I","0",",I","0.0",",,I,31,+","0.0",",,,I"
"SF003254710","1994-09","-28.37","25.28","1280.0","BORDEAUX, SF","0",",I","0",",I","0",",I","0.0",",,I,30,+","0.0",",,,I"
"SF003254710","1994-10","-28.37","25.28","1280.0","BORDEAUX, SF","0",",I","0",",I","0",",I","0.0",",,I,31,+","0.0",",,,I"
"SF003254710","1994-11","-28.37","25.28","1280.0","BORDEAUX, SF","6",",I","5",",I","0",",I","23.0",",,I,03,","41.5",",,,I"
"SF003254710","1994-12","-28.37","25.28","1280.0","BORDEAUX, SF","1",",I","1",",I","0",",I","6.0",",,I,22,","6.0",",,,I"
"SF003254710","1995-01","-28.37","25.28","1280.0","BORDEAUX, SF","4",",I","4",",I","1",",I","42.5",",,I,13,","65.0",",,,I"
"SF003254710","1995-02","-28.37","25.28","1280.0","BORDEAUX, SF","3",",I","3",",I","0",",I","21.5",",,I,18,","44.5",",,,I"
"SF003254710","1995-03","-28.37","25.28","1280.0","BORDEAUX, SF","5",",I","5",",I","2",",I","48.0",",,I,29,","118.5",",,,I"
"SF003254710","1995-04","-28.37","25.28","1280.0","BORDEAUX, SF","3",",I","2",",I","0",",I","9.0",",,I,19,","16.1",",,,I"
"SF003254710","1995-05","-28.37","25.28","1280.0","BORDEAUX, SF","3",",I","3",",I","0",",I","18.0",",,I,05,","31.0",",,,I"
"SF003254710","1995-06","-28.37","25.28","1280.0","BORDEAUX, SF","0",",I","0",",I","0",",I","0.0",",,I,30,+","0.0",",,,I"
"SF003254710","1995-07","-28.37","25.28","1280.0","BORDEAUX, SF","0",",I","0",",I","0",",I","0.0",",,I,31,+","0.0",",,,I"
"SF003254710","1995-08","-28.37","25.28","1280.0","BORDEAUX, SF","1",",I","1",",I","0",",I","2.5",",,I,28,","2.5",",,,I"
"SF003254710","1995-09","-28.37","25.28","1280.0","BORDEAUX, SF","0",",I","0",",I","0",",I","0.0",",,I,30,+","0.0",",,,I"
"SF003254710","1995-10","-28.37","25.28","1280.0","BORDEAUX, SF","4",",I","4",",I","0",",I","21.0",",,I,28,","42.0",",,,I"
"SF003254710","1995-11","-28.37","25.28","1280.0","BORDEAUX, SF","4",",I","3",",I","1",",I","32.5",",,I,21,","47.5",",,,I"
"SF003254710","1995-12","-28.37","25.28","1280.0","BORDEAUX, SF","7",",I","7",",I","3",",I","38.5",",,I,05,","123.5",",,,I"
"SF003254710","1996-01","-28.37","25.28","1280.0","BORDEAUX, SF","9",",I","9",",I","0",",I","22.0",",,I,22,","94.0",",,,I"
"SF003254710","1996-02","-28.37","25.28","1280.0","BORDEAUX, SF","8",",I","8",",I","0",",I","23.0",",,I,22,","96.0",",,,I"
"SF003254710","1996-03","-28.37","25.28","1280.0","BORDEAUX, SF","0",",I","0",",I","0",",I","0.0",",,I,31,+","0.0",",,,I"
"SF003254710","1996-04","-28.37","25.28","1280.0","BORDEAUX, SF","3",",I","3",",I","2",",I","32.0",",,I,17,","72.0",",,,I"
"SF003254710","1996-05","-28.37","25.28","1280.0","BORDEAUX, SF","1",",I","1",",I","0",",I","10.0",",,I,16,","10.0",",,,I"
"SF003254710","1996-06","-28.37","25.28","1280.0","BORDEAUX, SF","0",",I","0",",I","0",",I","0.0",",,I,30,+","0.0",",,,I"
"SF003254710","1996-07","-28.37","25.28","1280.0","BORDEAUX, SF","1",",I","0",",I","0",",I","2.0",",,I,06,","2.0",",,,I"
"SF003254710","1996-12","-28.37","25.28","1280.0","BORDEAUX, SF","2",",I","2",",I","2",",I","82.0",",,I,29,","108.5",",,,I"
"SF003254710","1997-01","-28.37","25.28","1280.0","BORDEAUX, SF","4",",I","4",",I","3",",I","52.0",",,I,17,","133.0",",,,I"
"SF003254710","1997-02","-28.37","25.28","1280.0","BORDEAUX, SF","2",",I","2",",I","1",",I","43.0",",,I,24,","54.0",",,,I"
"SF003254710","1997-03","-28.37","25.28","1280.0","BORDEAUX, SF","3",",I","3",",I","3",",I","60.0",",,I,29,","154.5",",,,I"
"SF003254710","1997-04","-28.37","25.28","1280.0","BORDEAUX, SF","1",",I","1",",I","0",",I","5.0",",,I,29,","5.0",",,,I"
"SF003254710","1997-05","-28.37","25.28","1280.0","BORDEAUX, SF","2",",I","2",",I","1",",I","50.0",",,I,07,","71.7",",,,I"
"SF003254710","1997-06","-28.37","25.28","1280.0","BORDEAUX, SF","0",",I","0",",I","0",",I","0.0",",,I,30,+","0.0",",,,I"
"SF003254710","1997-07","-28.37","25.28","1280.0","BORDEAUX, SF","1",",I","1",",I","1",",I","28.0",",,I,28,","28.0",",,,I"
