"STATION","DATE","LATITUDE","LONGITUDE","ELEVATION","NAME","DP01","DP01_ATTRIBUTES","DP10","DP10_ATTRIBUTES","DP1X","DP1X_ATTRIBUTES","EMXP","EMXP_ATTRIBUTES","PRCP","PRCP_ATTRIBUTES"
"SF001012570","1879-03","-32.28","27.15","1181.0","CATHCART, SF","7",",I","5",",I","0",",I","7.9",",,I,30,","34.5",",,,I"
"SF001012570","1879-04","-32.28","27.15","1181.0","CATHCART, SF","8",",I","4",",I","1",",I","82.6",",,I,02,","110.6",",,,I"
"SF001012570","1879-05","-32.28","27.15","1181.0","CATHCART, SF","4",",I","1",",I","0",",I","10.9",",,I,12,","15.0",",,,I"
"SF001012570","1879-06","-32.28","27.15","1181.0","CATHCART, SF","8",",I","4",",I","0",",I","8.4",",,I,04,","24.7",",,,I"
"SF001012570","1879-07","-32.28","27.15","1181.0","CATHCART, SF","7",",I","5",",I","0",",I","12.2",",,I,19,","32.4",",,,I"
"SF001012570","1879-08","-32.28","27.15","1181.0","CATHCART, SF","3",",I","2",",I","0",",I","24.9",",,I,07,","30.2",",,,I"
"SF001012570","1879-09","-32.28","27.15","1181.0","CATHCART, SF","7",",I","4",",I","0",",I","24.6",",,I,13,","66.3",",,,I"
"SF001012570","1879-10","-32.28","27.15","1181.0","CATHCART, SF","2",",I","2",",I","0",",I","6.4",",,I,13,","9.4",",,,I"
"SF001012570","1879-11","-32.28","27.15","1181.0","CATHCART, SF","1",",I","1",",I","0",",I","6.9",",,I,29,","6.9",",,,I"
"SF001012570","1879-12","-32.28","27.15","1181.0","CATHCART, SF","2",",I","2",",I","0",",I","24.6",",,I,29,","38.3",",,,I"
"SF001012570","1880-01","-32.28","27.15","1181.0","CATHCART, SF","7",",I","5",",I","0",",I","11.4",",,I,28,+","45.2",",,,I"
"SF001012570","1880-02","-32.28","27.15","1181.0","CATHCART, SF","16",",I","15",",I","2",",I","55.4",",,I,19,","176.6",",,,I"
"SF001012570","1880-03","-32.28","27.15","1181.0","CATHCART, SF","5",",I","5",",I","1",",I","26.4",",,I,10,","70.0",",,,I"
"SF001012570","1880-04","-32.28","27.15","1181.0","CATHCART, SF","2",",I","2",",I","0",",I","18.8",",,I,08,","27.4",",,,I"
"SF001012570","1880-05","-32.28","27.15","1181.0","CATHCART, SF","3",",I","3",",I","0",",I","13.7",",,I,17,","27.6",",,,I"
"SF001012570","1880-06","-32.28","27.15","1181.0","CATHCART, SF","0",",I","0",",I","0",",I","0.0",",,I,30,+","0.0",",,,I"
"SF001012570","1880-07","-32.28","27.15","1181.0","CATHCART, SF","0",",I","0",",I","0",",I","0.0",",,I,31,+","0.0",",,,I"
"SF001012570","1880-08","-32.28","27.15","1181.0","CATHCART, SF","1",",I","0",",I","0",",I","1.0",",,I,23,","1.0",",,,I"
"SF001012570","1880-09","-32.28","27.15","1181.0","CATHCART, SF","2",",I","2",",I","0",",I","3.8",",,I,19,","6.3",",,,I"
"SF001012570","1880-10","-32.28","27.15","1181.0","CATHCART, SF","12",",I","11",",I","1",",I","57.4",",,I,23,","150.9",",,,I"
"SF001012570","1880-11","-32.28","27.15","1181.0","CATHCART, SF","10",",I","10",",I","1",",I","47.0",",,I,18,","102.5",",,,I"
"SF001012570","1880-12","-32.28","27.15","1181.0","CATHCART, SF","10",",I","9",",I","1",",I","29.2",",,I,25,","110.9",",,,I"
"SF001012570","1881-01","-32.28","27.15","1181.0","CATHCART, SF","13",",I","12",",I","1",",I","48.8",",,I,30,","130.4",",,,I"
"SF001012570","1881-02","-32.28","27.15","1181.0","CATHCART, SF","10",",I","10",",I","0",",I","25.1",",,I,03,","82.2",",,,I"
"SF001012570","1881-03","-32.28","27.15","1181.0","CATHCART, SF","14",",I","14",",I","2",",I","63.5",",,I,17,","184.6",",,,I"
"SF001012570","1881-04","-32.28","27.15","1181.0","CATHCART, SF","3",",I","3",",I","0",",I","14.5",",,I,20,","34.0",",,,I"
"SF001012570","1881-05","-32.28","27.15","1181.0","CATHCART, SF","2",",I","2",",I","0",",I","14.0",",,I,19,","25.4",",,,I"
"SF001012570","1881-06","-32.28","27.15","1181.0","CATHCART, SF","3",",I","3",",I","1",",I","38.1",",,I,22,","69.8",",,,I"
"SF001012570","1881-07","-32.28","27.15","1181.0","CATHCART, SF","2",",I","2",",I","1",",I","49.5",",,I,25,","60.9",",,,I"
"SF001012570","1881-08","-32.28","27.15","1181.0","CATHCART, SF","2",",I","2",",I","0",",I","7.6",",,I,27,","10.1",",,,I"
"SF001012570","1881-09","-32.28","27.15","1181.0","CATHCART, SF","2",",I","1",",I","0",",I","16.8",",,I,19,","18.1",",,,I"
"SF001012570","1881-10","-32.28","27.15","1181.0","CATHCART, SF","1",",I","1",",I","0",",I","18.8",",,I,14,","18.8",",,,I"
"SF001012570","1881-11","-32.28","27.15","1181.0","CATHCART, SF","4",",I","4",",I","1",",I","37.3",",,I,04,","84.8",",,,I"
"SF001012570","1881-12","-32.28","27.15","1181.0","CATHCART, SF","2",",I","2",",I","0",",I","11.2",",,I,09,","16.0",",,,I"
"SF001012570","1882-01","-32.28","27.15","1181.0","CATHCART, SF","6",",I","5",",I","0",",I","22.9",",,I,02,","67.1",",,,I"
"SF001012570","1882-02","-32.28","27.15","1181.0","CATHCART, SF","7",",I","7",",I","2",",I","39.4",",,I,12,","149.1",",,,I"
"SF001012570","1882-04","-32.28","27.15","1181.0","CATHCART, SF","6",",I","6",",I","0",",I","21.3",",,I,01,","77.0",",,,I"
"SF001012570","1882-05","-32.28","27.15","1181.0","CATHCART, SF","0",",I","0",",I","0",",I","0.0",",,I,31,+","0.0",",,,I"
"SF001012570","1882-06","-32.28","27.15","1181.0","CATHCART, SF","0",",I","0",",I","0",",I","0.0",",,I,30,+","0.0",",,,I"
"SF001012570","1882-07","-32.28","27.15","1181.0","CATHCART, SF","5",",I","5",",I","0",",I","17.5",",,I,03,","59.0",",,,I"
"SF001012570","1882-08","-32.28","27.15","1181.0","CATHCART, SF","1",",I","1",",I","0",",I","11.4",",,I,13,","11.4",",,,I"
"SF001012570","1882-09","-32.28","27.15","1181.0","CATHCART, SF","1",",I","1",",I","0",",I","24.9",",,I,30,","24.9",",,,I"
"SF001012570","1882-10","-32.28","27.15","1181.0","CATHCART, SF","2",",I","2",",I","0",",I","17.3",",,I,15,","22.4",",,,I"
"SF001012570","1882-11","-32.28","27.15","1181.0","CATHCART, SF","7",",I","7",",I","0",",I","17.3",",,I,21,","59.4",",,,I"
"SF001012570","1882-12","-32.28","27.15","1181.0","CATHCART, SF","9",",I","9",",I","2",",I","38.1",",,I,21,","147.6",",,,I"
"SF001012570","1883-01","-32.28","27.15","1181.0","CATHCART, SF","7",",I","7",",I","0",",I","23.9",",,I,07,","97.1",",,,I"
"SF001012570","1883-02","-32.28","27.15","1181.0","CATHCART, SF","6",",I","6",",I","1",",I","41.7",",,I,20,","94.8",",,,I"
"SF001012570","1883-03","-32.28","27.15","1181.0","CATHCART, SF","8",",I","8",",I","1",",I","70.1",",,I,04,","166.7",",,,I"
"SF001012570","1883-04","-32.28","27.15","1181.0","CATHCART, SF","4",",I","4",",I","0",",I","19.3",",,I,10,","51.3",",,,I"
"SF001012570","1883-07","-32.28","27.15","1181.0","CATHCART, SF","0",",I","0",",I","0",",I","0.0",",,I,31,+","0.0",",,,I"
"SF001012570","1883-08","-32.28","27.15","1181.0","CATHCART, SF","0",",I","0",",I","0",",I","0.0",",,I,31,+","0.0",",,,I"
"SF001012570","1883-09","-32.28","27.15","1181.0","CATHCART, SF","3",",I","2",",I","0",",I","7.6",",,I,14,","12.7",",,,I"
"SF001012570","1883-10","-32.28","27.15","1181.0","CATHCART, SF","12",",I","12",",I","1",",I","38.1",",,I,30,","132.7",",,,I"
"SF001012570","1883-11","-32.28","27.15","1181.0","CATHCART, SF","7",",I","6",",I","0",",I","14.7",",,I,27,","53.8",",,,I"
"SF001012570","1883-12","-32.28","27.15","1181.0","CATHCART, SF","0",",I","0",",I","0",",I","0.0",",,I,31,+","0.0",",,,I"
"SF001012570","1884-01","-32.28","27.15","1181.0","CATHCART, SF","7",",I","7",",I","2",",I","49.5",",,I,07,","187.9",",,,I"
"SF001012570","1884-02","-32.28","27.15","1181.0","CATHCART, SF","11",",I","11",",I","0",",I","23.9",",,I,26,","144.4",",,,I"
"SF001012570","1884-03","-32.28","27.15","1181.0","CATHCART, SF","9",",I","9",",I","3",",I","78.5",",,I,20,","243.4",",,,I"
"SF001012570","1884-04","-32.28","27.15","1181.0","CATHCART, SF","4",",I","4",",I","0",",I","23.9",",,I,01,","51.6",",,,I"
"SF001012570","1884-05","-32.28","27.15","1181.0","CATHCART, SF","8",",I","8",",I","1",",I","35.6",",,I,24,","91.0",",,,I"
"SF001012570","1884-06","-32.28","27.15","1181.0","CATHCART, SF","3",",I","3",",I","0",",I","16.3",",,I,03,","29.2",",,,I"
"SF001012570","1884-07","-32.28","27.15","1181.0","CATHCART, SF","0",",I","0",",I","0",",I","0.0",",,I,31,+","0.0",",,,I"
"SF001012570","1884-08","-32.28","27.15","1181.0","CATHCART, SF","0",",I","0",",I","0",",I","0.0",",,I,31,+","0.0",",,,I"
"SF001012570","1884-09","-32.28","27.15","1181.0","CATHCART, SF","3",",I","2",",I","0",",I","4.1",",,I,22,","9.2",",,,I"
"SF001012570","1884-10","-32.28","27.15","1181.0","CATHCART, SF","11",",I","10",",I","2",",I","35.6",",,I,18,","149.7",",,,I"
"SF001012570","1884-11","-32.28","27.15","1181.0","CATHCART, SF","8",",I","6",",I","2",",I","45.7",",,I,05,","145.0",",,,I"
"SF001012570","1884-12","-32.28","27.15","1181.0","CATHCART, SF","3",",I","1",",I","0",",I","3.6",",,I,25,","6.6",",,,I"
"SF001012570","1885-01","-32.28","27.15","1181.0","CATHCART, SF","1",",I","1",",I","0",",I","12.4",",,I,19,","12.4",",,,I"
"SF001012570","1885-02","-32.28","27.15","1181.0","CATHCART, SF","6",",I","6",",I","2",",I","37.1",",,I,22,","110.8",",,,I"
"SF001012570","1885-03","-32.28","27.15","1181.0","CATHCART, SF","3",",I","3",",I","1",",I","38.1",",,I,15,","69.3",",,,I"
"SF001012570","1885-04","-32.28","27.15","1181.0","CATHCART, SF","5",",I","5",",I","1",",I","52.3",",,I,02,","97.0",",,,I"
"SF001012570","1885-05","-32.28","27.15","1181.0","CATHCART, SF","2",",I","2",",I","1",",I","27.4",",,I,02,","39.8",",,,I"
"SF001012570","1885-06","-32.28","27.15","1181.0","CATHCART, SF","0",",I","0",",I","0",",I","0.0",",,I,30,+","0.0",",,,I"
"SF001012570","1885-07","-32.28","27.15","1181.0","CATHCART, SF","0",",I","0",",I","0",",I","0.0",",,I,31,+","0.0",",,,I"
"SF001012570","1885-08","-32.28","27.15","1181.0","CATHCART, SF","2",",I","2",",I","0",",I","7.6",",,I,30,","13.7",",,,I"
"SF001012570","1885-09","-32.28","27.15","1181.0","CATHCART, SF","4",",I","4",",I","0",",I","24.4",",,I,06,","68.5",",,,I"
"SF001012570","1885-10","-32.28","27.15","1181.0","CATHCART, SF","2",",I","2",",I","1",",I","52.1",",,I,03,","64.0",",,,I"
"SF001012570","1885-11","-32.28","27.15","1181.0","CATHCART, SF","13",",I","12",",I","0",",I","19.3",",,I,01,","105.3",",,,I"
"SF001012570","1885-12","-32.28","27.15","1181.0","CATHCART, SF","12",",I","11",",I","3",",I","58.4",",,I,27,","203.2",",,,I"
"SF001012570","1886-01","-32.28","27.15","1181.0","CATHCART, SF","9",",I","7",",I","3",",I","64.0",",,I,17,","187.7",",,,I"
"SF001012570","1886-03","-32.28","27.15","1181.0","CATHCART, SF","8",",I","5",",I","0",",I","13.5",",,I,10,","56.8",",,,I"
"SF001012570","1886-04","-32.28","27.15","1181.0","CATHCART, SF","8",",I","8",",I","1",",I","44.5",",,I,29,","83.7",",,,I"
"SF001012570","1886-05","-32.28","27.15","1181.0","CATHCART, SF","1",",I","1",",I","0",",I","4.8",",,I,10,","4.8",",,,I"
"SF001012570","1886-06","-32.28","27.15","1181.0","CATHCART, SF","1",",I","0",",I","0",",I","1.8",",,I,27,","1.8",",,,I"
"SF001012570","1886-07","-32.28","27.15","1181.0","CATHCART, SF","4",",I","3",",I","2",",I","53.3",",,I,13,","99.6",",,,I"
"SF001012570","1886-08","-32.28","27.15","1181.0","CATHCART, SF","3",",I","3",",I","0",",I","7.1",",,I,14,","13.7",",,,I"
"SF001012570","1886-09","-32.28","27.15","1181.0","CATHCART, SF","1",",I","1",",I","0",",I","5.1",",,I,27,","5.1",",,,I"
"SF001012570","1886-10","-32.28","27.15","1181.0","CATHCART, SF","6",",I","5",",I","1",",I","46.2",",,I,16,","88.3",",,,I"
"SF001012570","1886-11","-32.28","27.15","1181.0","CATHCART, SF","5",",I","4",",I","1",",I","47.0",",,I,18,","83.6",",,,I"
"SF001012570","1887-01","-32.28","27.15","1181.0","CATHCART, SF","8",",I","6",",I","1",",I","33.5",",,I,22,","105.7",",,,I"
"SF001012570","1887-02","-32.28","27.15","1181.0","CATHCART, SF","11",",I","11",",I","2",",I","29.7",",,I,17,","157.8",",,,I"
"SF001012570","1887-03","-32.28","27.15","1181.0","CATHCART, SF","10",",I","6",",I","1",",I","38.4",",,I,15,","80.3",",,,I"
"SF001012570","1887-04","-32.28","27.15","1181.0","CATHCART, SF","12",",I","8",",I","0",",I","23.4",",,I,28,","67.8",",,,I"
"SF001012570","1887-05","-32.28","27.15","1181.0","CATHCART, SF","6",",I","3",",I","0",",I","21.3",",,I,19,","42.4",",,,I"
"SF001012570","1887-06","-32.28","27.15","1181.0","CATHCART, SF","0",",I","0",",I","0",",I","0.0",",,I,30,+","0.0",",,,I"
"SF001012570","1887-07","-32.28","27.15","1181.0","CATHCART, SF","5",",I","5",",I","1",",I","26.4",",,I,02,","76.9",",,,I"
"SF001012570","1887-09","-32.28","27.15","1181.0","CATHCART, SF","0",",I","0",",I","0",",I","0.0",",,I,30,+","0.0",",,,I"
"SF001012570","1887-10","-32.28","27.15","1181.0","CATHCART, SF","9",",I","6",",I","0",",I","11.9",",,I,20,","39.9",",,,I"
"SF001012570","1887-11","-32.28","27.15","1181.0","CATHCART, SF","14",",I","8",",I","2",",I","41.7",",,I,20,","138.0",",,,I"
"SF001012570","1887-12","-32.28","27.15","1181.0","CATHCART, SF","11",",I","7",",I","0",",I","13.7",",,I,24,","61.0",",,,I"
"SF001012570","1888-01","-32.28","27.15","1181.0","CATHCART, SF","12",",I","9",",I","0",",I","25.1",",,I,03,","93.8",",,,I"
"SF001012570","1888-02","-32.28","27.15","1181.0","CATHCART, SF","10",",I","7",",I","1",",I","40.1",",,I,19,","106.5",",,,I"
"SF001012570","1888-03","-32.28","27.15","1181.0","CATHCART, SF","10",",I","8",",I","2",",I","48.3",",,I,02,","116.7",",,,I"
"SF001012570","1888-04","-32.28","27.15","1181.0","CATHCART, SF","5",",I","5",",I","0",",I","23.9",",,I,06,","79.2",",,,I"
"SF001012570","1888-05","-32.28","27.15","1181.0","CATHCART, SF","5",",I","5",",I","0",",I","16.0",",,I,04,","47.5",",,,I"
"SF001012570","1888-06","-32.28","27.15","1181.0","CATHCART, SF","1",",I","1",",I","0",",I","2.5",",,I,14,","2.5",",,,I"
"SF001012570","1888-07","-32.28","27.15","1181.0","CATHCART, SF","0",",I","0",",I","0",",I","0.0",",,I,31,+","0.0",",,,I"
"SF001012570","1888-08","-32.28","27.15","1181.0","CATHCART, SF","8",",I","7",",I","2",",I","30.5",",,I,25,","115.3",",,,I"
"SF001012570","1888-09","-32.28","27.15","1181.0","CATHCART, SF","7",",I","5",",I","0",",I","16.0",",,I,22,","54.6",",,,I"
"SF001012570","1888-10","-32.28","27.15","1181.0","CATHCART, SF","12",",I","8",",I","0",",I","19.1",",,I,15,","76.1",",,,I"
"SF001012570","1888-11","-32.28","27.15","1181.0","CATHCART, SF","6",",I","3",",I","0",",I","4.6",",,I,15,","15.4",",,,I"
"SF001012570","1888-12","-32.28","27.15","1181.0","CATHCART, SF","5",",I","5",",I","0",",I","18.8",",,I,23,","57.5",",,,I"
"SF001012570","1889-01","-32.28","27.15","1181.0","CATHCART, SF","9",",I","9",",I","1",",I","50.0",",,I,05,","144.4",",,,I"
"SF001012570","1889-02","-32.28","27.15","1181.0","CATHCART, SF","12",",I","12",",I","1",",I","30.2",",,I,21,","150.8",",,,I"
"SF001012570","1889-04","-32.28","27.15","1181.0","CATHCART, SF","7",",I","6",",I","0",",I","6.9",",,I,22,","28.0",",,,I"
"SF001012570","1889-05","-32.28","27.15","1181.0","CATHCART, SF","1",",I","0",",I","0",",I","2.3",",,I,27,","2.3",",,,I"
"SF001012570","1889-06","-32.28","27.15","1181.0","CATHCART, SF","3",",I","1",",I","0",",I","3.8",",,I,21,","5.6",",,,I"
"SF001012570","1889-07","-32.28","27.15","1181.0","CATHCART, SF","0",",I","0",",I","0",",I","0.0",",,I,31,+","0.0",",,,I"
"SF001012570","1889-08","-32.28","27.15","1181.0","CATHCART, SF","3",",I","0",",I","0",",I","2.0",",,I,28,","3.8",",,,I"
"SF001012570","1889-09","-32.28","27.15","1181.0","CATHCART, SF","1",",I","0",",I","0",",I","1.5",",,I,25,","1.5",",,,I"
"SF001012570","1889-10","-32.28","27.15","1181.0","CATHCART, SF","10",",I","6",",I","1",",I","26.7",",,I,11,","78.5",",,,I"
"SF001012570","1889-11","-32.28","27.15","1181.0","CATHCART, SF","10",",I","8",",I","1",",I","34.3",",,I,04,","97.4",",,,I"
"SF001012570","1889-12","-32.28","27.15","1181.0","CATHCART, SF","9",",I","9",",I","2",",I","95.5",",,I,20,","179.3",",,,I"
"SF001012570","1890-01","-32.28","27.15","1181.0","CATHCART, SF","6",",I","5",",I","1",",I","34.3",",,I,02,","71.8",",,,I"
"SF001012570","1890-02","-32.28","27.15","1181.0","CATHCART, SF","8",",I","8",",I","1",",I","57.2",",,I,12,","132.8",",,,I"
"SF001012570","1890-03","-32.28","27.15","1181.0","CATHCART, SF","7",",I","5",",I","0",",I","15.2",",,I,11,","61.2",",,,I"
"SF001012570","1890-04","-32.28","27.15","1181.0","CATHCART, SF","6",",I","6",",I","1",",I","28.4",",,I,25,","66.6",",,,I"
"SF001012570","1890-05","-32.28","27.15","1181.0","CATHCART, SF","1",",I","1",",I","0",",I","3.8",",,I,06,","3.8",",,,I"
"SF001012570","1890-07","-32.28","27.15","1181.0","CATHCART, SF","1",",I","1",",I","0",",I","2.5",",,I,17,","2.5",",,,I"
"SF001012570","1890-08","-32.28","27.15","1181.0","CATHCART, SF","1",",I","1",",I","0",",I","3.8",",,I,12,","3.8",",,,I"
"SF001012570","1890-09","-32.28","27.15","1181.0","CATHCART, SF","2",",I","2",",I","0",",I","4.1",",,I,07,","7.9",",,,I"
"SF001012570","1890-10","-32.28","27.15","1181.0","CATHCART, SF","9",",I","6",",I","1",",I","30.2",",,I,31,","91.0",",,,I"
"SF001012570","1890-11","-32.28","27.15","1181.0","CATHCART, SF","10",",I","9",",I","1",",I","28.2",",,I,25,","148.9",",,,I"
"SF001012570","1890-12","-32.28","27.15","1181.0","CATHCART, SF","8",",I","8",",I","0",",I","20.3",",,I,05,","80.5",",,,I"
"SF001012570","1891-01","-32.28","27.15","1181.0","CATHCART, SF","14",",I","11",",I","1",",I","38.1",",,I,26,","144.3",",,,I"
"SF001012570","1891-02","-32.28","27.15","1181.0","CATHCART, SF","12",",I","8",",I","0",",I","11.9",",,I,04,","52.5",",,,I"
"SF001012570","1891-03","-32.28","27.15","1181.0","CATHCART, SF","13",",I","12",",I","0",",I","24.1",",,I,30,","140.4",",,,I"
"SF001012570","1891-04","-32.28","27.15","1181.0","CATHCART, SF","8",",I","5",",I","0",",I","16.5",",,I,06,","65.4",",,,I"
"SF001012570","1891-05","-32.28","27.15","1181.0","CATHCART, SF","4",",I","3",",I","1",",I","37.3",",,I,16,","55.8",",,,I"
"SF001012570","1891-06","-32.28","27.15","1181.0","CATHCART, SF","9",",I","6",",I","0",",I","17.5",",,I,09,","51.2",",,,I"
"SF001012570","1891-07","-32.28","27.15","1181.0","CATHCART, SF","2",",I","2",",I","1",",I","42.7",",,I,16,","62.5",",,,I"
"SF001012570","1891-08","-32.28","27.15","1181.0","CATHCART, SF","3",",I","3",",I","1",",I","36.8",",,I,09,","49.5",",,,I"
"SF001012570","1891-09","-32.28","27.15","1181.0","CATHCART, SF","4",",I","2",",I","0",",I","21.6",",,I,23,","27.4",",,,I"
"SF001012570","1891-10","-32.28","27.15","1181.0","CATHCART, SF","3",",I","1",",I","0",",I","14.7",",,I,03,","17.7",",,,I"
"SF001012570","1891-11","-32.28","27.15","1181.0","CATHCART, SF","10",",I","10",",I","2",",I","48.8",",,I,13,","161.0",",,,I"
"SF001012570","1891-12","-32.28","27.15","1181.0","CATHCART, SF","11",",I","11",",I","2",",I","41.4",",,I,05,","152.1",",,,I"
"SF001012570","1892-01","-32.28","27.15","1181.0","CATHCART, SF","10",",I","5",",I","1",",I","35.6",",,I,20,","77.0",",,,I"
"SF001012570","1892-02","-32.28","27.15","1181.0","CATHCART, SF","6",",I","4",",I","0",",I","17.8",",,I,02,","48.6",",,,I"
"SF001012570","1892-03","-32.28","27.15","1181.0","CATHCART, SF","11",",I","10",",I","4",",I","31.8",",,I,21,","197.1",",,,I"
"SF001012570","1892-04","-32.28","27.15","1181.0","CATHCART, SF","7",",I","7",",I","0",",I","22.4",",,I,14,","75.2",",,,I"
"SF001012570","1892-05","-32.28","27.15","1181.0","CATHCART, SF","3",",I","3",",I","0",",I","5.1",",,I,06,","10.4",",,,I"
"SF001012570","1892-06","-32.28","27.15","1181.0","CATHCART, SF","4",",I","4",",I","0",",I","4.6",",,I,09,","14.0",",,,I"
"SF001012570","1892-07","-32.28","27.15","1181.0","CATHCART, SF","0",",I","0",",I","0",",I","0.0",",,I,31,+","0.0",",,,I"
"SF001012570","1892-08","-32.28","27.15","1181.0","CATHCART, SF","3",",I","3",",I","0",",I","14.0",",,I,28,","25.2",",,,I"
"SF001012570","1892-09","-32.28","27.15","1181.0","CATHCART, SF","9",",I","9",",I","0",",I","21.8",",,I,18,","84.9",",,,I"
"SF001012570","1892-10","-32.28","27.15","1181.0","CATHCART, SF","9",",I","6",",I","1",",I","39.1",",,I,21,","70.4",",,,I"
"SF001012570","1892-11","-32.28","27.15","1181.0","CATHCART, SF","3",",I","3",",I","1",",I","25.9",",,I,26,","57.7",",,,I"
"SF001012570","1892-12","-32.28","27.15","1181.0","CATHCART, SF","7",",I","5",",I","0",",I","15.2",",,I,12,","29.1",",,,I"
"SF001012570","1893-01","-32.28","27.15","1181.0","CATHCART, SF","9",",I","8",",I","1",",I","29.2",",,I,22,","81.2",",,,I"
"SF001012570","1893-02","-32.28","27.15","1181.0","CATHCART, SF","6",",I","4",",I","1",",I","36.3",",,I,07,","77.1",",,,I"
"SF001012570","1893-03","-32.28","27.15","1181.0","CATHCART, SF","11",",I","9",",I","0",",I","18.3",",,I,23,","91.8",",,,I"
"SF001012570","1893-04","-32.28","27.15","1181.0","CATHCART, SF","4",",I","3",",I","1",",I","36.8",",,I,12,","54.1",",,,I"
"SF001012570","1893-05","-32.28","27.15","1181.0","CATHCART, SF","3",",I","0",",I","0",",I","1.0",",,I,18,+","2.8",",,,I"
"SF001012570","1893-06","-32.28","27.15","1181.0","CATHCART, SF","3",",I","3",",I","0",",I","4.3",",,I,29,+","11.9",",,,I"
"SF001012570","1893-07","-32.28","27.15","1181.0","CATHCART, SF","2",",I","2",",I","0",",I","24.1",",,I,07,","36.0",",,,I"
"SF001012570","1893-08","-32.28","27.15","1181.0","CATHCART, SF","1",",I","1",",I","0",",I","16.5",",,I,28,","16.5",",,,I"
"SF001012570","1893-09","-32.28","27.15","1181.0","CATHCART, SF","8",",I","8",",I","0",",I","19.3",",,I,27,","76.5",",,,I"
"SF001012570","1893-10","-32.28","27.15","1181.0","CATHCART, SF","6",",I","6",",I","1",",I","31.8",",,I,07,","66.4",",,,I"
"SF001012570","1893-11","-32.28","27.15","1181.0","CATHCART, SF","13",",I","10",",I","3",",I","51.8",",,I,18,","177.3",",,,I"
"SF001012570","1893-12","-32.28","27.15","1181.0","CATHCART, SF","10",",I","10",",I","1",",I","30.0",",,I,14,","99.6",",,,I"
"SF001012570","1894-01","-32.28","27.15","1181.0","CATHCART, SF","9",",I","7",",I","2",",I","33.0",",,I,01,","111.5",",,,I"
"SF001012570","1894-02","-32.28","27.15","1181.0","CATHCART, SF","5",",I","5",",I","0",",I","13.0",",,I,23,+","46.6",",,,I"
"SF001012570","1894-04","-32.28","27.15","1181.0","CATHCART, SF","6",",I","5",",I","1",",I","27.2",",,I,03,","57.7",",,,I"
"SF001012570","1894-05","-32.28","27.15","1181.0","CATHCART, SF","3",",I","2",",I","0",",I","6.9",",,I,04,","13.3",",,,I"
"SF001012570","1894-06","-32.28","27.15","1181.0","CATHCART, SF","0",",I","0",",I","0",",I","0.0",",,I,30,+","0.0",",,,I"
"SF001012570","1894-07","-32.28","27.15","1181.0","CATHCART, SF","0",",I","0",",I","0",",I","0.0",",,I,31,+","0.0",",,,I"
"SF001012570","1894-08","-32.28","27.15","1181.0","CATHCART, SF","1",",I","1",",I","0",",I","5.1",",,I,24,","5.1",",,,I"
"SF001012570","1894-09","-32.28","27.15","1181.0","CATHCART, SF","2",",I","2",",I","0",",I","5.1",",,I,09,","9.4",",,,I"
"SF001012570","1894-10","-32.28","27.15","1181.0","CATHCART, SF","4",",I","3",",I","1",",I","35.6",",,I,29,","46.5",",,,I"
"SF001012570","1894-11","-32.28","27.15","1181.0","CATHCART, SF","7",",I","6",",I","0",",I","24.9",",,I,08,","65.3",",,,I"
"SF001012570","1894-12","-32.28","27.15","1181.0","CATHCART, SF","7",",I","3",",I","0",",I","10.9",",,I,15,","25.5",",,,I"
"SF001012570","1895-01","-32.28","27.15","1181.0","CATHCART, SF","12",",I","9",",I","2",",I","39.6",",,I,24,","120.7",",,,I"
"SF001012570","1895-02","-32.28","27.15","1181.0","CATHCART, SF","13",",I","12",",I","1",",I","26.4",",,I,02,","123.4",",,,I"
"SF001012570","1895-03","-32.28","27.15","1181.0","CATHCART, SF","13",",I","12",",I","0",",I","24.1",",,I,24,","126.2",",,,I"
"SF001012570","1895-04","-32.28","27.15","1181.0","CATHCART, SF","7",",I","7",",I","0",",I","13.0",",,I,09,","48.5",",,,I"
"SF001012570","1895-05","-32.28","27.15","1181.0","CATHCART, SF","5",",I","4",",I","0",",I","7.9",",,I,06,","21.0",",,,I"
"SF001012570","1895-06","-32.28","27.15","1181.0","CATHCART, SF","0",",I","0",",I","0",",I","0.0",",,I,30,+","0.0",",,,I"
"SF001012570","1895-07","-32.28","27.15","1181.0","CATHCART, SF","2",",I","2",",I","0",",I","5.6",",,I,13,","9.4",",,,I"
"SF001012570","1895-08","-32.28","27.15","1181.0","CATHCART, SF","2",",I","2",",I","0",",I","3.8",",,I,26,","6.3",",,,I"
"SF001012570","1895-09","-32.28","27.15","1181.0","CATHCART, SF","2",",I","2",",I","0",",I","5.8",",,I,05,","10.4",",,,I"
"SF001012570","1895-10","-32.28","27.15","1181.0","CATHCART, SF","5",",I","5",",I","0",",I","20.8",",,I,10,","51.8",",,,I"
"SF001012570","1895-11","-32.28","27.15","1181.0","CATHCART, SF","8",",I","5",",I","0",",I","8.4",",,I,16,+","36.3",",,,I"
"SF001012570","1895-12","-32.28","27.15","1181.0","CATHCART, SF","13",",I","11",",I","1",",I","28.2",",,I,26,","97.2",",,,I"
"SF001012570","1896-01","-32.28","27.15","1181.0","CATHCART, SF","11",",I","11",",I","0",",I","11.2",",,I,15,","67.5",",,,I"
"SF001012570","1896-02","-32.28","27.15","1181.0","CATHCART, SF","11",",I","10",",I","1",",I","40.6",",,I,02,","89.5",",,,I"
"SF001012570","1896-03","-32.28","27.15","1181.0","CATHCART, SF","14",",I","12",",I","2",",I","40.6",",,I,20,","155.8",",,,I"
"SF001012570","1896-04","-32.28","27.15","1181.0","CATHCART, SF","4",",I","4",",I","1",",I","31.8",",,I,09,","52.8",",,,I"
"SF001012570","1896-05","-32.28","27.15","1181.0","CATHCART, SF","3",",I","2",",I","0",",I","5.6",",,I,10,","9.1",",,,I"
"SF001012570","1896-06","-32.28","27.15","1181.0","CATHCART, SF","7",",I","3",",I","0",",I","10.7",",,I,13,","29.2",",,,I"
"SF001012570","1896-07","-32.28","27.15","1181.0","CATHCART, SF","2",",I","1",",I","0",",I","3.0",",,I,08,","3.3",",,,I"
"SF001012570","1896-08","-32.28","27.15","1181.0","CATHCART, SF","4",",I","3",",I","2",",I","42.2",",,I,09,","87.9",",,,I"
"SF001012570","1896-09","-32.28","27.15","1181.0","CATHCART, SF","2",",I","2",",I","0",",I","14.2",",,I,27,","17.2",",,,I"
"SF001012570","1896-10","-32.28","27.15","1181.0","CATHCART, SF","2",",I","2",",I","0",",I","7.6",",,I,26,","10.6",",,,I"
"SF001012570","1896-11","-32.28","27.15","1181.0","CATHCART, SF","8",",I","6",",I","2",",I","38.4",",,I,17,","100.3",",,,I"
"SF001012570","1897-01","-32.28","27.15","1181.0","CATHCART, SF","11",",I","8",",I","0",",I","23.6",",,I,22,","68.9",",,,I"
"SF001012570","1897-02","-32.28","27.15","1181.0","CATHCART, SF","3",",I","2",",I","0",",I","21.1",",,I,02,","26.5",",,,I"
"SF001012570","1897-03","-32.28","27.15","1181.0","CATHCART, SF","12",",I","9",",I","1",",I","69.9",",,I,20,","146.9",",,,I"
"SF001012570","1897-04","-32.28","27.15","1181.0","CATHCART, SF","7",",I","5",",I","0",",I","7.6",",,I,15,","24.9",",,,I"
"SF001012570","1897-05","-32.28","27.15","1181.0","CATHCART, SF","7",",I","5",",I","0",",I","8.4",",,I,03,","28.2",",,,I"
"SF001012570","1897-06","-32.28","27.15","1181.0","CATHCART, SF","3",",I","1",",I","0",",I","10.2",",,I,07,","14.0",",,,I"
"SF001012570","1897-07","-32.28","27.15","1181.0","CATHCART, SF","1",",I","0",",I","0",",I","0.5",",,I,21,","0.5",",,,I"
"SF001012570","1897-08","-32.28","27.15","1181.0","CATHCART, SF","2",",I","0",",I","0",",I","0.5",",,I,21,","0.8",",,,I"
"SF001012570","1897-10","-32.28","27.15","1181.0","CATHCART, SF","12",",I","5",",I","0",",I","7.9",",,I,05,","30.8",",,,I"
"SF001012570","1897-11","-32.28","27.15","1181.0","CATHCART, SF","1",",I","0",",I","0",",I","1.5",",,I,05,","1.5",",,,I"
"SF001012570","1897-12","-32.28","27.15","1181.0","CATHCART, SF","9",",I","7",",I","0",",I","21.3",",,I,01,","52.7",",,,I"
"SF001012570","1898-01","-32.28","27.15","1181.0","CATHCART, SF","24",",I","19",",I","3",",I","43.2",",,I,24,","255.2",",,,I"
"SF001012570","1898-02","-32.28","27.15","1181.0","CATHCART, SF","9",",I","8",",I","3",",I","89.7",",,I,18,","225.2",",,,I"
"SF001012570","1898-03","-32.28","27.15","1181.0","CATHCART, SF","5",",I","5",",I","0",",I","16.5",",,I,23,","31.5",",,,I"
"SF001012570","1898-04","-32.28","27.15","1181.0","CATHCART, SF","3",",I","2",",I","0",",I","12.7",",,I,11,","20.4",",,,I"
"SF001012570","1898-05","-32.28","27.15","1181.0","CATHCART, SF","4",",I","2",",I","0",",I","7.6",",,I,01,","15.0",",,,I"
"SF001012570","1898-06","-32.28","27.15","1181.0","CATHCART, SF","1",",I","1",",I","0",",I","3.0",",,I,17,","3.0",",,,I"
"SF001012570","1898-07","-32.28","27.15","1181.0","CATHCART, SF","1",",I","1",",I","0",",I","4.6",",,I,31,","4.6",",,,I"
"SF001012570","1898-08","-32.28","27.15","1181.0","CATHCART, SF","3",",I","0",",I","0",",I","2.0",",,I,27,","3.8",",,,I"
"SF001012570","1898-09","-32.28","27.15","1181.0","CATHCART, SF","2",",I","2",",I","0",",I","25.1",",,I,30,","29.2",",,,I"
"SF001012570","1898-10","-32.28","27.15","1181.0","CATHCART, SF","9",",I","7",",I","0",",I","14.5",",,I,03,","48.1",",,,I"
"SF001012570","1898-11","-32.28","27.15","1181.0","CATHCART, SF","8",",I","6",",I","1",",I","47.0",",,I,23,","86.3",",,,I"
"SF001012570","1898-12","-32.28","27.15","1181.0","CATHCART, SF","6",",I","4",",I","1",",I","48.3",",,I,06,","88.0",",,,I"
"SF001012570","1899-01","-32.28","27.15","1181.0","CATHCART, SF","6",",I","5",",I","1",",I","26.7",",,I,08,","60.8",",,,I"
"SF001012570","1899-02","-32.28","27.15","1181.0","CATHCART, SF","13",",I","9",",I","0",",I","18.0",",,I,26,","65.4",",,,I"
"SF001012570","1899-03","-32.28","27.15","1181.0","CATHCART, SF","17",",I","7",",I","2",",I","39.4",",,I,08,","108.6",",,,I"
"SF001012570","1899-04","-32.28","27.15","1181.0","CATHCART, SF","7",",I","4",",I","0",",I","12.4",",,I,25,","30.0",",,,I"
"SF001012570","1899-05","-32.28","27.15","1181.0","CATHCART, SF","6",",I","1",",I","0",",I","3.6",",,I,17,","9.5",",,,I"
"SF001012570","1899-06","-32.28","27.15","1181.0","CATHCART, SF","2",",I","2",",I","0",",I","17.8",",,I,27,","22.9",",,,I"
"SF001012570","1899-07","-32.28","27.15","1181.0","CATHCART, SF","4",",I","4",",I","0",",I","15.2",",,I,18,","28.2",",,,I"
"SF001012570","1899-09","-32.28","27.15","1181.0","CATHCART, SF","4",",I","4",",I","0",",I","3.8",",,I,26,","12.9",",,,I"
"SF001012570","1899-10","-32.28","27.15","1181.0","CATHCART, SF","7",",I","5",",I","0",",I","17.8",",,I,27,","34.8",",,,I"
"SF001012570","1899-12","-32.28","27.15","1181.0","CATHCART, SF","8",",I","6",",I","1",",I","101.6",",,I,27,","129.0",",,,I"
"SF001012570","1900-01","-32.28","27.15","1181.0","CATHCART, SF","10",",I","6",",I","2",",I","50.8",",,I,09,","130.1",",,,I"
"SF001012570","1900-02","-32.28","27.15","1181.0","CATHCART, SF","11",",I","6",",I","2",",I","36.8",",,I,25,","87.8",",,,I"
"SF001012570","1900-03","-32.28","27.15","1181.0","CATHCART, SF","8",",I","6",",I","1",",I","63.5",",,I,24,","103.5",",,,I"
"SF001012570","1900-04","-32.28","27.15","1181.0","CATHCART, SF","6",",I","3",",I","0",",I","19.1",",,I,20,","29.5",",,,I"
"SF001012570","1900-05","-32.28","27.15","1181.0","CATHCART, SF","2",",I","1",",I","0",",I","3.8",",,I,24,","5.1",",,,I"
"SF001012570","1900-06","-32.28","27.15","1181.0","CATHCART, SF","1",",I","1",",I","0",",I","5.6",",,I,20,","5.6",",,,I"
"SF001012570","1900-07","-32.28","27.15","1181.0","CATHCART, SF","4",",I","2",",I","0",",I","6.4",",,I,24,","10.8",",,,I"
"SF001012570","1900-08","-32.28","27.15","1181.0","CATHCART, SF","4",",I","2",",I","0",",I","6.4",",,I,31,","13.8",",,,I"
"SF001012570","1900-09","-32.28","27.15","1181.0","CATHCART, SF","3",",I","1",",I","0",",I","6.4",",,I,17,","8.5",",,,I"
"SF001012570","1900-10","-32.28","27.15","1181.0","CATHCART, SF","6",",I","1",",I","1",",I","38.1",",,I,26,","45.2",",,,I"
"SF001012570","1900-11","-32.28","27.15","1181.0","CATHCART, SF","5",",I","1",",I","0",",I","3.0",",,I,04,","4.6",",,,I"
"SF001012570","1900-12","-32.28","27.15","1181.0","CATHCART, SF","11",",I","10",",I","4",",I","43.9",",,I,04,","203.2",",,,I"
"SF001012570","1901-01","-32.28","27.15","1181.0","CATHCART, SF","5",",I","1",",I","0",",I","4.1",",,I,28,","9.0",",,,I"
"SF001012570","1901-02","-32.28","27.15","1181.0","CATHCART, SF","12",",I","9",",I","2",",I","72.4",",,I,06,","179.3",",,,I"
"SF001012570","1901-03","-32.28","27.15","1181.0","CATHCART, SF","10",",I","7",",I","0",",I","20.6",",,I,08,","87.8",",,,I"
"SF001012570","1901-04","-32.28","27.15","1181.0","CATHCART, SF","8",",I","6",",I","1",",I","38.1",",,I,06,","99.6",",,,I"
"SF001012570","1901-05","-32.28","27.15","1181.0","CATHCART, SF","3",",I","1",",I","0",",I","4.1",",,I,13,","7.4",",,,I"
"SF001012570","1901-06","-32.28","27.15","1181.0","CATHCART, SF","3",",I","1",",I","0",",I","3.6",",,I,28,","5.9",",,,I"
"SF001012570","1901-07","-32.28","27.15","1181.0","CATHCART, SF","1",",I","0",",I","0",",I","0.8",",,I,28,","0.8",",,,I"
"SF001012570","1901-08","-32.28","27.15","1181.0","CATHCART, SF","2",",I","2",",I","0",",I","23.1",",,I,24,","30.5",",,,I"
"SF001012570","1901-09","-32.28","27.15","1181.0","CATHCART, SF","8",",I","7",",I","3",",I","50.8",",,I,24,","167.9",",,,I"
"SF001012570","1901-10","-32.28","27.15","1181.0","CATHCART, SF","9",",I","5",",I","1",",I","31.8",",,I,31,","65.6",",,,I"
"SF001012570","1901-11","-32.28","27.15","1181.0","CATHCART, SF","8",",I","4",",I","0",",I","13.7",",,I,16,","31.3",",,,I"
"SF001012570","1901-12","-32.28","27.15","1181.0","CATHCART, SF","3",",I","2",",I","0",",I","12.7",",,I,02,","23.3",",,,I"
"SF001012570","1902-01","-32.28","27.15","1181.0","CATHCART, SF","8",",I","6",",I","1",",I","30.7",",,I,13,","77.8",",,,I"
"SF001012570","1902-02","-32.28","27.15","1181.0","CATHCART, SF","10",",I","7",",I","0",",I","17.8",",,I,08,","68.6",",,,I"
"SF001012570","1902-03","-32.28","27.15","1181.0","CATHCART, SF","10",",I","9",",I","0",",I","19.1",",,I,13,","100.9",",,,I"
"SF001012570","1902-04","-32.28","27.15","1181.0","CATHCART, SF","5",",I","4",",I","1",",I","25.4",",,I,03,","48.0",",,,I"
"SF001012570","1902-05","-32.28","27.15","1181.0","CATHCART, SF","1",",I","0",",I","0",",I","0.5",",,I,20,","0.5",",,,I"
"SF001012570","1902-06","-32.28","27.15","1181.0","CATHCART, SF","3",",I","3",",I","1",",I","30.5",",,I,11,","54.6",",,,I"
"SF001012570","1902-07","-32.28","27.15","1181.0","CATHCART, SF","1",",I","1",",I","0",",I","5.8",",,I,29,","5.8",",,,I"
"SF001012570","1902-08","-32.28","27.15","1181.0","CATHCART, SF","3",",I","2",",I","0",",I","6.9",",,I,12,","10.7",",,,I"
"SF001012570","1902-09","-32.28","27.15","1181.0","CATHCART, SF","11",",I","7",",I","1",",I","44.5",",,I,02,","89.7",",,,I"
"SF001012570","1902-10","-32.28","27.15","1181.0","CATHCART, SF","3",",I","1",",I","0",",I","2.5",",,I,26,","3.8",",,,I"
"SF001012570","1902-11","-32.28","27.15","1181.0","CATHCART, SF","3",",I","2",",I","0",",I","21.6",",,I,14,","26.2",",,,I"
"SF001012570","1902-12","-32.28","27.15","1181.0","CATHCART, SF","6",",I","6",",I","1",",I","31.8",",,I,15,","74.2",",,,I"
"SF001012570","1903-01","-32.28","27.15","1181.0","CATHCART, SF","8",",I","4",",I","0",",I","9.4",",,I,23,","32.0",",,,I"
"SF001012570","1903-02","-32.28","27.15","1181.0","CATHCART, SF","9",",I","8",",I","0",",I","22.9",",,I,15,","127.6",",,,I"
"SF001012570","1903-03","-32.28","27.15","1181.0","CATHCART, SF","5",",I","3",",I","0",",I","8.4",",,I,07,","19.1",",,,I"
"SF001012570","1903-04","-32.28","27.15","1181.0","CATHCART, SF","8",",I","8",",I","1",",I","38.1",",,I,29,","98.3",",,,I"
"SF001012570","1903-05","-32.28","27.15","1181.0","CATHCART, SF","5",",I","4",",I","0",",I","19.1",",,I,27,","50.9",",,,I"
"SF001012570","1903-06","-32.28","27.15","1181.0","CATHCART, SF","2",",I","1",",I","0",",I","3.0",",,I,09,","4.5",",,,I"
"SF001012570","1903-07","-32.28","27.15","1181.0","CATHCART, SF","2",",I","1",",I","0",",I","2.8",",,I,31,","3.8",",,,I"
"SF001012570","1903-08","-32.28","27.15","1181.0","CATHCART, SF","4",",I","2",",I","0",",I","7.6",",,I,27,","18.3",",,,I"
"SF001012570","1903-09","-32.28","27.15","1181.0","CATHCART, SF","0",",I","0",",I","0",",I","0.0",",,I,30,+","0.0",",,,I"
"SF001012570","1903-10","-32.28","27.15","1181.0","CATHCART, SF","4",",I","2",",I","0",",I","10.2",",,I,29,","19.6",",,,I"
"SF001012570","1903-11","-32.28","27.15","1181.0","CATHCART, SF","7",",I","2",",I","0",",I","3.8",",,I,30,","16.3",",,,I"
"SF001012570","1903-12","-32.28","27.15","1181.0","CATHCART, SF","5",",I","3",",I","2",",I","53.3",",,I,12,","87.9",",,,I"
"SF001012570","1904-01","-32.28","27.15","1181.0","CATHCART, SF","9",",I","8",",I","2",",I","41.9",",,I,27,","149.9",",,,I"
"SF001012570","1904-02","-32.28","27.15","1181.0","CATHCART, SF","10",",I","9",",I","2",",I","27.9",",,I,04,","115.3",",,,I"
"SF001012570","1904-03","-32.28","27.15","1181.0","CATHCART, SF","11",",I","10",",I","0",",I","11.4",",,I,29,","63.6",",,,I"
"SF001012570","1904-04","-32.28","27.15","1181.0","CATHCART, SF","4",",I","2",",I","0",",I","3.8",",,I,01,","8.6",",,,I"
"SF001012570","1904-05","-32.28","27.15","1181.0","CATHCART, SF","2",",I","2",",I","0",",I","3.8",",,I,06,","6.8",",,,I"
"SF001012570","1904-06","-32.28","27.15","1181.0","CATHCART, SF","1",",I","0",",I","0",",I","1.0",",,I,23,","1.0",",,,I"
"SF001012570","1904-07","-32.28","27.15","1181.0","CATHCART, SF","0",",I","0",",I","0",",I","0.0",",,I,31,+","0.0",",,,I"
"SF001012570","1904-08","-32.28","27.15","1181.0","CATHCART, SF","2",",I","1",",I","0",",I","8.9",",,I,22,","10.2",",,,I"
"SF001012570","1904-09","-32.28","27.15","1181.0","CATHCART, SF","4",",I","2",",I","0",",I","5.6",",,I,10,","13.5",",,,I"
"SF001012570","1904-10","-32.28","27.15","1181.0","CATHCART, SF","7",",I","5",",I","0",",I","21.6",",,I,26,","44.0",",,,I"
"SF001012570","1904-11","-32.28","27.15","1181.0","CATHCART, SF","2",",I","2",",I","0",",I","7.1",",,I,12,","10.9",",,,I"
"SF001012570","1904-12","-32.28","27.15","1181.0","CATHCART, SF","5",",I","4",",I","0",",I","19.1",",,I,06,","48.1",",,,I"
"SF001012570","1905-01","-32.28","27.15","1181.0","CATHCART, SF","6",",I","6",",I","0",",I","8.6",",,I,03,","38.3",",,,I"
"SF001012570","1905-02","-32.28","27.15","1181.0","CATHCART, SF","9",",I","9",",I","1",",I","33.8",",,I,08,","99.6",",,,I"
"SF001012570","1905-03","-32.28","27.15","1181.0","CATHCART, SF","7",",I","5",",I","1",",I","26.7",",,I,03,","54.4",",,,I"
"SF001012570","1905-04","-32.28","27.15","1181.0","CATHCART, SF","8",",I","7",",I","1",",I","29.2",",,I,10,","84.0",",,,I"
"SF001012570","1905-05","-32.28","27.15","1181.0","CATHCART, SF","2",",I","2",",I","1",",I","26.9",",,I,31,","40.6",",,,I"
"SF001012570","1905-06","-32.28","27.15","1181.0","CATHCART, SF","2",",I","2",",I","0",",I","14.5",",,I,24,","20.9",",,,I"
"SF001012570","1905-07","-32.28","27.15","1181.0","CATHCART, SF","0",",I","0",",I","0",",I","0.0",",,I,31,+","0.0",",,,I"
"SF001012570","1905-08","-32.28","27.15","1181.0","CATHCART, SF","3",",I","3",",I","0",",I","19.1",",,I,16,","38.2",",,,I"
"SF001012570","1905-09","-32.28","27.15","1181.0","CATHCART, SF","9",",I","8",",I","0",",I","22.9",",,I,12,","89.0",",,,I"
"SF001012570","1905-10","-32.28","27.15","1181.0","CATHCART, SF","3",",I","2",",I","0",",I","21.8",",,I,11,","43.9",",,,I"
"SF001012570","1905-11","-32.28","27.15","1181.0","CATHCART, SF","3",",I","2",",I","0",",I","8.1",",,I,24,","17.3",",,,I"
"SF001012570","1905-12","-32.28","27.15","1181.0","CATHCART, SF","13",",I","10",",I","2",",I","52.8",",,I,29,","143.2",",,,I"
"SF001012570","1906-01","-32.28","27.15","1181.0","CATHCART, SF","7",",I","6",",I","1",",I","56.6",",,I,16,","102.9",",,,I"
"SF001012570","1906-02","-32.28","27.15","1181.0","CATHCART, SF","9",",I","7",",I","0",",I","16.5",",,I,11,","48.3",",,,I"
"SF001012570","1906-03","-32.28","27.15","1181.0","CATHCART, SF","7",",I","6",",I","0",",I","9.1",",,I,21,","32.1",",,,I"
"SF001012570","1906-04","-32.28","27.15","1181.0","CATHCART, SF","7",",I","3",",I","0",",I","19.8",",,I,05,","31.7",",,,I"
"SF001012570","1906-05","-32.28","27.15","1181.0","CATHCART, SF","4",",I","3",",I","0",",I","11.7",",,I,17,","21.6",",,,I"
"SF001012570","1906-06","-32.28","27.15","1181.0","CATHCART, SF","5",",I","1",",I","0",",I","6.4",",,I,23,","8.5",",,,I"
"SF001012570","1906-07","-32.28","27.15","1181.0","CATHCART, SF","0",",I","0",",I","0",",I","0.0",",,I,31,+","0.0",",,,I"
"SF001012570","1906-08","-32.28","27.15","1181.0","CATHCART, SF","0",",I","0",",I","0",",I","0.0",",,I,31,+","0.0",",,,I"
"SF001012570","1906-09","-32.28","27.15","1181.0","CATHCART, SF","8",",I","5",",I","0",",I","12.2",",,I,19,","40.3",",,,I"
"SF001012570","1906-10","-32.28","27.15","1181.0","CATHCART, SF","9",",I","8",",I","1",",I","25.4",",,I,12,","112.1",",,,I"
"SF001012570","1906-11","-32.28","27.15","1181.0","CATHCART, SF","15",",I","8",",I","2",",I","77.2",",,I,25,","153.5",",,,I"
"SF001012570","1906-12","-32.28","27.15","1181.0","CATHCART, SF","13",",I","9",",I","0",",I","17.8",",,I,13,","82.2",",,,I"
"SF001012570","1907-01","-32.28","27.15","1181.0","CATHCART, SF","11",",I","11",",I","0",",I","16.5",",,I,29,","88.5",",,,I"
"SF001012570","1907-02","-32.28","27.15","1181.0","CATHCART, SF","10",",I","7",",I","0",",I","17.3",",,I,28,","48.3",",,,I"
"SF001012570","1907-03","-32.28","27.15","1181.0","CATHCART, SF","11",",I","5",",I","0",",I","17.8",",,I,26,","50.8",",,,I"
"SF001012570","1907-04","-32.28","27.15","1181.0","CATHCART, SF","13",",I","7",",I","0",",I","13.0",",,I,23,","55.7",",,,I"
"SF001012570","1907-05","-32.28","27.15","1181.0","CATHCART, SF","8",",I","5",",I","0",",I","9.1",",,I,15,","35.4",",,,I"
"SF001012570","1907-06","-32.28","27.15","1181.0","CATHCART, SF","1",",I","1",",I","0",",I","4.1",",,I,11,","4.1",",,,I"
"SF001012570","1907-07","-32.28","27.15","1181.0","CATHCART, SF","1",",I","1",",I","0",",I","3.0",",,I,15,","3.0",",,,I"
"SF001012570","1907-08","-32.28","27.15","1181.0","CATHCART, SF","0",",I","0",",I","0",",I","0.0",",,I,31,+","0.0",",,,I"
"SF001012570","1907-09","-32.28","27.15","1181.0","CATHCART, SF","3",",I","2",",I","0",",I","3.8",",,I,18,","7.6",",,,I"
"SF001012570","1907-10","-32.28","27.15","1181.0","CATHCART, SF","4",",I","2",",I","0",",I","10.9",",,I,01,","17.5",",,,I"
"SF001012570","1907-11","-32.28","27.15","1181.0","CATHCART, SF","6",",I","6",",I","0",",I","21.8",",,I,19,","63.3",",,,I"
"SF001012570","1907-12","-32.28","27.15","1181.0","CATHCART, SF","11",",I","7",",I","1",",I","33.0",",,I,27,","81.1",",,,I"
"SF001012570","1908-01","-32.28","27.15","1181.0","CATHCART, SF","7",",I","5",",I","0",",I","24.1",",,I,29,","60.0",",,,I"
"SF001012570","1908-02","-32.28","27.15","1181.0","CATHCART, SF","9",",I","5",",I","1",",I","32.8",",,I,06,","81.8",",,,I"
"SF001012570","1908-03","-32.28","27.15","1181.0","CATHCART, SF","13",",I","8",",I","0",",I","16.5",",,I,26,","51.4",",,,I"
"SF001012570","1908-04","-32.28","27.15","1181.0","CATHCART, SF","8",",I","3",",I","0",",I","13.5",",,I,17,","34.5",",,,I"
"SF001012570","1908-05","-32.28","27.15","1181.0","CATHCART, SF","3",",I","2",",I","0",",I","13.2",",,I,25,","22.9",",,,I"
"SF001012570","1908-06","-32.28","27.15","1181.0","CATHCART, SF","5",",I","5",",I","0",",I","17.5",",,I,17,","33.0",",,,I"
"SF001012570","1908-07","-32.28","27.15","1181.0","CATHCART, SF","1",",I","1",",I","0",",I","2.5",",,I,13,","2.5",",,,I"
"SF001012570","1908-08","-32.28","27.15","1181.0","CATHCART, SF","4",",I","3",",I","0",",I","10.2",",,I,16,","23.2",",,,I"
"SF001012570","1908-09","-32.28","27.15","1181.0","CATHCART, SF","5",",I","5",",I","0",",I","21.6",",,I,11,","40.4",",,,I"
"SF001012570","1908-10","-32.28","27.15","1181.0","CATHCART, SF","10",",I","6",",I","0",",I","9.7",",,I,30,","41.8",",,,I"
"SF001012570","1908-11","-32.28","27.15","1181.0","CATHCART, SF","9",",I","6",",I","0",",I","18.3",",,I,16,","50.7",",,,I"
"SF001012570","1908-12","-32.28","27.15","1181.0","CATHCART, SF","7",",I","5",",I","0",",I","19.6",",,I,21,","67.1",",,,I"
"SF001012570","1909-01","-32.28","27.15","1181.0","CATHCART, SF","16",",I","10",",I","0",",I","13.5",",,I,25,","81.8",",,,I"
"SF001012570","1909-02","-32.28","27.15","1181.0","CATHCART, SF","13",",I","8",",I","1",",I","36.3",",,I,08,","151.6",",,,I"
"SF001012570","1909-03","-32.28","27.15","1181.0","CATHCART, SF","10",",I","5",",I","0",",I","20.3",",,I,07,","62.4",",,,I"
"SF001012570","1909-04","-32.28","27.15","1181.0","CATHCART, SF","12",",I","10",",I","0",",I","21.8",",,I,19,","99.5",",,,I"
"SF001012570","1909-05","-32.28","27.15","1181.0","CATHCART, SF","7",",I","4",",I","0",",I","17.8",",,I,09,","38.4",",,,I"
"SF001012570","1909-06","-32.28","27.15","1181.0","CATHCART, SF","0",",I","0",",I","0",",I","0.0",",,I,30,+","0.0",",,,I"
"SF001012570","1909-07","-32.28","27.15","1181.0","CATHCART, SF","1",",I","0",",I","0",",I","0.8",",,I,06,","0.8",",,,I"
"SF001012570","1909-08","-32.28","27.15","1181.0","CATHCART, SF","2",",I","1",",I","0",",I","2.5",",,I,31,","3.8",",,,I"
"SF001012570","1909-09","-32.28","27.15","1181.0","CATHCART, SF","9",",I","5",",I","0",",I","9.7",",,I,12,","41.3",",,,I"
"SF001012570","1909-10","-32.28","27.15","1181.0","CATHCART, SF","7",",I","3",",I","0",",I","7.6",",,I,17,","16.4",",,,I"
"SF001012570","1909-11","-32.28","27.15","1181.0","CATHCART, SF","6",",I","3",",I","1",",I","30.0",",,I,30,","40.4",",,,I"
"SF001012570","1909-12","-32.28","27.15","1181.0","CATHCART, SF","11",",I","7",",I","2",",I","57.2",",,I,11,","124.8",",,,I"
"SF001012570","1910-01","-32.28","27.15","1181.0","CATHCART, SF","13",",I","6",",I","1",",I","31.8",",,I,18,","93.6",",,,I"
"SF001012570","1910-02","-32.28","27.15","1181.0","CATHCART, SF","17",",I","16",",I","2",",I","36.1",",,I,05,","193.5",",,,I"
"SF001012570","1910-03","-32.28","27.15","1181.0","CATHCART, SF","9",",I","4",",I","1",",I","40.1",",,I,01,","66.3",",,,I"
"SF001012570","1910-04","-32.28","27.15","1181.0","CATHCART, SF","2",",I","1",",I","0",",I","5.1",",,I,21,","5.6",",,,I"
"SF001012570","1910-05","-32.28","27.15","1181.0","CATHCART, SF","2",",I","2",",I","0",",I","12.4",",,I,24,","15.4",",,,I"
"SF001012570","1910-06","-32.28","27.15","1181.0","CATHCART, SF","4",",I","2",",I","0",",I","12.2",",,I,12,","19.1",",,,I"
"SF001012570","1910-07","-32.28","27.15","1181.0","CATHCART, SF","2",",I","2",",I","1",",I","26.2",",,I,31,","30.3",",,,I"
"SF001012570","1910-08","-32.28","27.15","1181.0","CATHCART, SF","1",",I","1",",I","0",",I","2.8",",,I,01,","2.8",",,,I"
"SF001012570","1910-09","-32.28","27.15","1181.0","CATHCART, SF","6",",I","1",",I","0",",I","2.8",",,I,16,","8.9",",,,I"
"SF001012570","1910-10","-32.28","27.15","1181.0","CATHCART, SF","14",",I","7",",I","2",",I","31.2",",,I,24,","107.0",",,,I"
"SF001012570","1910-11","-32.28","27.15","1181.0","CATHCART, SF","6",",I","4",",I","1",",I","38.9",",,I,21,","68.8",",,,I"
"SF001012570","1910-12","-32.28","27.15","1181.0","CATHCART, SF","8",",I","3",",I","3",",I","41.9",",,I,29,","110.8",",,,I"
"SF001012570","1911-01","-32.28","27.15","1181.0","CATHCART, SF","9",",I","5",",I","1",",I","46.2",",,I,06,","98.1",",,,I"
"SF001012570","1911-02","-32.28","27.15","1181.0","CATHCART, SF","11",",I","6",",I","2",",I","38.4",",,I,13,","104.1",",,,I"
"SF001012570","1911-03","-32.28","27.15","1181.0","CATHCART, SF","15",",I","11",",I","1",",I","55.6",",,I,19,","168.2",",,,I"
"SF001012570","1911-04","-32.28","27.15","1181.0","CATHCART, SF","9",",I","6",",I","1",",I","27.7",",,I,17,","63.8",",,,I"
"SF001012570","1911-05","-32.28","27.15","1181.0","CATHCART, SF","9",",I","6",",I","0",",I","15.0",",,I,26,","46.5",",,,I"
"SF001012570","1911-07","-32.28","27.15","1181.0","CATHCART, SF","4",",I","2",",I","0",",I","13.5",",,I,26,","20.3",",,,I"
"SF001012570","1911-09","-32.28","27.15","1181.0","CATHCART, SF","5",",I","2",",I","0",",I","20.1",",,I,30,","31.3",",,,I"
"SF001012570","1911-10","-32.28","27.15","1181.0","CATHCART, SF","7",",I","7",",I","1",",I","25.4",",,I,24,","65.4",",,,I"
"SF001012570","1911-11","-32.28","27.15","1181.0","CATHCART, SF","12",",I","10",",I","0",",I","13.2",",,I,02,","80.5",",,,I"
"SF001012570","1911-12","-32.28","27.15","1181.0","CATHCART, SF","1",",I","0",",I","0",",I","1.0",",,I,28,","1.0",",,,I"
"SF001012570","1912-01","-32.28","27.15","1181.0","CATHCART, SF","7",",I","3",",I","1",",I","35.6",",,I,13,","51.9",",,,I"
"SF001012570","1912-02","-32.28","27.15","1181.0","CATHCART, SF","14",",I","10",",I","1",",I","28.2",",,I,03,","118.1",",,,I"
"SF001012570","1912-03","-32.28","27.15","1181.0","CATHCART, SF","6",",I","5",",I","0",",I","8.4",",,I,29,","24.4",",,,I"
"SF001012570","1912-04","-32.28","27.15","1181.0","CATHCART, SF","6",",I","6",",I","2",",I","35.6",",,I,08,","96.5",",,,I"
"SF001012570","1912-05","-32.28","27.15","1181.0","CATHCART, SF","2",",I","0",",I","0",",I","1.0",",,I,08,","1.5",",,,I"
"SF001012570","1912-06","-32.28","27.15","1181.0","CATHCART, SF","2",",I","2",",I","1",",I","31.8",",,I,17,","36.1",",,,I"
"SF001012570","1912-07","-32.28","27.15","1181.0","CATHCART, SF","2",",I","2",",I","0",",I","22.6",",,I,27,","31.0",",,,I"
"SF001012570","1912-08","-32.28","27.15","1181.0","CATHCART, SF","2",",I","1",",I","0",",I","3.6",",,I,30,","3.9",",,,I"
"SF001012570","1912-09","-32.28","27.15","1181.0","CATHCART, SF","4",",I","0",",I","0",",I","2.0",",,I,28,","5.3",",,,I"
"SF001012570","1912-10","-32.28","27.15","1181.0","CATHCART, SF","5",",I","1",",I","0",",I","2.8",",,I,25,","8.4",",,,I"
"SF001012570","1912-11","-32.28","27.15","1181.0","CATHCART, SF","4",",I","3",",I","0",",I","2.8",",,I,23,+","8.6",",,,I"
"SF001012570","1912-12","-32.28","27.15","1181.0","CATHCART, SF","10",",I","5",",I","0",",I","8.4",",,I,31,","39.5",",,,I"
"SF001012570","1913-01","-32.28","27.15","1181.0","CATHCART, SF","12",",I","9",",I","0",",I","25.1",",,I,17,","111.5",",,,I"
"SF001012570","1913-02","-32.28","27.15","1181.0","CATHCART, SF","12",",I","6",",I","2",",I","39.4",",,I,02,","92.6",",,,I"
"SF001012570","1913-03","-32.28","27.15","1181.0","CATHCART, SF","18",",I","10",",I","1",",I","49.0",",,I,30,","128.8",",,,I"
"SF001012570","1913-04","-32.28","27.15","1181.0","CATHCART, SF","4",",I","0",",I","0",",I","2.0",",,I,26,+","6.0",",,,I"
"SF001012570","1913-05","-32.28","27.15","1181.0","CATHCART, SF","1",",I","1",",I","0",",I","5.3",",,I,22,","5.3",",,,I"
"SF001012570","1913-06","-32.28","27.15","1181.0","CATHCART, SF","2",",I","2",",I","0",",I","11.9",",,I,29,","21.3",",,,I"
"SF001012570","1913-07","-32.28","27.15","1181.0","CATHCART, SF","3",",I","0",",I","0",",I","1.5",",,I,03,","2.8",",,,I"
"SF001012570","1913-08","-32.28","27.15","1181.0","CATHCART, SF","3",",I","1",",I","0",",I","3.3",",,I,02,","5.1",",,,I"
"SF001012570","1913-09","-32.28","27.15","1181.0","CATHCART, SF","11",",I","9",",I","3",",I","42.2",",,I,19,","172.2",",,,I"
"SF001012570","1913-10","-32.28","27.15","1181.0","CATHCART, SF","2",",I","1",",I","0",",I","13.5",",,I,08,","13.8",",,,I"
"SF001012570","1913-11","-32.28","27.15","1181.0","CATHCART, SF","5",",I","5",",I","1",",I","54.6",",,I,06,","97.5",",,,I"
"SF001012570","1913-12","-32.28","27.15","1181.0","CATHCART, SF","4",",I","0",",I","0",",I","2.3",",,I,06,","5.7",",,,I"
"SF001012570","1914-01","-32.28","27.15","1181.0","CATHCART, SF","9",",I","4",",I","0",",I","13.5",",,I,22,","55.4",",,,I"
"SF001012570","1914-02","-32.28","27.15","1181.0","CATHCART, SF","15",",I","9",",I","2",",I","38.9",",,I,11,","137.7",",,,I"
"SF001012570","1914-03","-32.28","27.15","1181.0","CATHCART, SF","9",",I","8",",I","1",",I","31.0",",,I,03,","89.5",",,,I"
"SF001012570","1914-04","-32.28","27.15","1181.0","CATHCART, SF","5",",I","3",",I","1",",I","27.9",",,I,03,","48.8",",,,I"
"SF001012570","1914-05","-32.28","27.15","1181.0","CATHCART, SF","7",",I","6",",I","1",",I","41.9",",,I,29,","64.5",",,,I"
"SF001012570","1914-06","-32.28","27.15","1181.0","CATHCART, SF","1",",I","1",",I","0",",I","8.6",",,I,27,","8.6",",,,I"
"SF001012570","1914-07","-32.28","27.15","1181.0","CATHCART, SF","2",",I","1",",I","0",",I","2.5",",,I,31,","3.8",",,,I"
"SF001012570","1914-08","-32.28","27.15","1181.0","CATHCART, SF","1",",I","1",",I","0",",I","11.4",",,I,17,","11.4",",,,I"
"SF001012570","1914-09","-32.28","27.15","1181.0","CATHCART, SF","0",",I","0",",I","0",",I","0.0",",,I,30,+","0.0",",,,I"
"SF001012570","1914-10","-32.28","27.15","1181.0","CATHCART, SF","6",",I","4",",I","1",",I","30.5",",,I,04,","66.8",",,,I"
"SF001012570","1914-11","-32.28","27.15","1181.0","CATHCART, SF","5",",I","5",",I","0",",I","9.9",",,I,25,","25.5",",,,I"
"SF001012570","1914-12","-32.28","27.15","1181.0","CATHCART, SF","12",",I","7",",I","0",",I","20.3",",,I,26,","75.1",",,,I"
"SF001012570","1915-01","-32.28","27.15","1181.0","CATHCART, SF","18",",I","10",",I","2",",I","38.1",",,I,03,","132.1",",,,I"
"SF001012570","1915-02","-32.28","27.15","1181.0","CATHCART, SF","9",",I","5",",I","0",",I","21.6",",,I,16,","61.5",",,,I"
"SF001012570","1915-03","-32.28","27.15","1181.0","CATHCART, SF","3",",I","1",",I","0",",I","9.7",",,I,26,","12.3",",,,I"
"SF001012570","1915-04","-32.28","27.15","1181.0","CATHCART, SF","7",",I","4",",I","0",",I","7.6",",,I,24,","23.1",",,,I"
"SF001012570","1915-05","-32.28","27.15","1181.0","CATHCART, SF","5",",I","3",",I","0",",I","7.6",",,I,02,","17.7",",,,I"
"SF001012570","1915-06","-32.28","27.15","1181.0","CATHCART, SF","3",",I","2",",I","0",",I","8.6",",,I,17,","13.2",",,,I"
"SF001012570","1915-07","-32.28","27.15","1181.0","CATHCART, SF","3",",I","2",",I","0",",I","4.3",",,I,18,","9.4",",,,I"
"SF001012570","1915-08","-32.28","27.15","1181.0","CATHCART, SF","2",",I","0",",I","0",",I","1.5",",,I,23,","2.3",",,,I"
"SF001012570","1915-09","-32.28","27.15","1181.0","CATHCART, SF","5",",I","2",",I","0",",I","7.6",",,I,26,","15.8",",,,I"
"SF001012570","1915-10","-32.28","27.15","1181.0","CATHCART, SF","7",",I","6",",I","0",",I","19.1",",,I,27,","55.4",",,,I"
"SF001012570","1915-11","-32.28","27.15","1181.0","CATHCART, SF","8",",I","7",",I","1",",I","29.7",",,I,24,","56.3",",,,I"
"SF001012570","1915-12","-32.28","27.15","1181.0","CATHCART, SF","8",",I","5",",I","1",",I","34.8",",,I,30,","75.1",",,,I"
"SF001012570","1916-01","-32.28","27.15","1181.0","CATHCART, SF","8",",I","8",",I","2",",I","27.7",",,I,18,","114.9",",,,I"
"SF001012570","1916-02","-32.28","27.15","1181.0","CATHCART, SF","3",",I","3",",I","0",",I","11.4",",,I,28,","26.7",",,,I"
"SF001012570","1916-03","-32.28","27.15","1181.0","CATHCART, SF","8",",I","7",",I","2",",I","41.9",",,I,02,","141.4",",,,I"
"SF001012570","1916-04","-32.28","27.15","1181.0","CATHCART, SF","10",",I","4",",I","0",",I","6.6",",,I,01,","30.8",",,,I"
"SF001012570","1916-05","-32.28","27.15","1181.0","CATHCART, SF","7",",I","3",",I","1",",I","27.4",",,I,04,","51.1",",,,I"
"SF001012570","1916-06","-32.28","27.15","1181.0","CATHCART, SF","0",",I","0",",I","0",",I","0.0",",,I,30,+","0.0",",,,I"
"SF001012570","1916-07","-32.28","27.15","1181.0","CATHCART, SF","2",",I","0",",I","0",",I","1.8",",,I,07,","2.6",",,,I"
"SF001012570","1916-08","-32.28","27.15","1181.0","CATHCART, SF","2",",I","1",",I","0",",I","5.3",",,I,18,","5.8",",,,I"
"SF001012570","1916-09","-32.28","27.15","1181.0","CATHCART, SF","4",",I","2",",I","0",",I","12.4",",,I,11,","19.8",",,,I"
"SF001012570","1916-10","-32.28","27.15","1181.0","CATHCART, SF","7",",I","4",",I","0",",I","10.4",",,I,25,","39.1",",,,I"
"SF001012570","1916-11","-32.28","27.15","1181.0","CATHCART, SF","9",",I","5",",I","0",",I","10.4",",,I,17,","43.3",",,,I"
"SF001012570","1917-01","-32.28","27.15","1181.0","CATHCART, SF","12",",I","10",",I","0",",I","16.0",",,I,17,","73.3",",,,I"
"SF001012570","1917-02","-32.28","27.15","1181.0","CATHCART, SF","13",",I","9",",I","0",",I","21.1",",,I,16,","92.9",",,,I"
"SF001012570","1917-03","-32.28","27.15","1181.0","CATHCART, SF","16",",I","13",",I","0",",I","16.5",",,I,29,","114.4",",,,I"
"SF001012570","1917-04","-32.28","27.15","1181.0","CATHCART, SF","6",",I","6",",I","0",",I","14.0",",,I,03,","39.4",",,,I"
"SF001012570","1917-05","-32.28","27.15","1181.0","CATHCART, SF","2",",I","2",",I","0",",I","16.5",",,I,05,","32.2",",,,I"
"SF001012570","1917-06","-32.28","27.15","1181.0","CATHCART, SF","3",",I","2",",I","1",",I","55.9",",,I,07,","64.8",",,,I"
"SF001012570","1917-07","-32.28","27.15","1181.0","CATHCART, SF","8",",I","2",",I","0",",I","12.2",",,I,29,","29.0",",,,I"
"SF001012570","1917-08","-32.28","27.15","1181.0","CATHCART, SF","5",",I","3",",I","0",",I","4.1",",,I,12,","11.2",",,,I"
"SF001012570","1917-09","-32.28","27.15","1181.0","CATHCART, SF","5",",I","2",",I","1",",I","25.9",",,I,12,","40.9",",,,I"
"SF001012570","1917-10","-32.28","27.15","1181.0","CATHCART, SF","12",",I","6",",I","2",",I","51.1",",,I,26,","138.0",",,,I"
"SF001012570","1917-11","-32.28","27.15","1181.0","CATHCART, SF","10",",I","8",",I","0",",I","20.3",",,I,15,","62.6",",,,I"
"SF001012570","1917-12","-32.28","27.15","1181.0","CATHCART, SF","12",",I","11",",I","2",",I","38.6",",,I,30,","159.7",",,,I"
"SF001012570","1918-01","-32.28","27.15","1181.0","CATHCART, SF","17",",I","9",",I","1",",I","38.9",",,I,13,","91.8",",,,I"
"SF001012570","1918-02","-32.28","27.15","1181.0","CATHCART, SF","11",",I","8",",I","0",",I","24.1",",,I,27,","103.7",",,,I"
"SF001012570","1918-03","-32.28","27.15","1181.0","CATHCART, SF","17",",I","11",",I","1",",I","62.0",",,I,15,","200.9",",,,I"
"SF001012570","1918-04","-32.28","27.15","1181.0","CATHCART, SF","4",",I","4",",I","0",",I","3.3",",,I,24,","11.8",",,,I"
"SF001012570","1918-05","-32.28","27.15","1181.0","CATHCART, SF","3",",I","1",",I","0",",I","6.1",",,I,07,","9.7",",,,I"
"SF001012570","1918-06","-32.28","27.15","1181.0","CATHCART, SF","1",",I","1",",I","0",",I","9.9",",,I,21,","9.9",",,,I"
"SF001012570","1918-07","-32.28","27.15","1181.0","CATHCART, SF","3",",I","3",",I","0",",I","5.6",",,I,18,","14.5",",,,I"
"SF001012570","1918-08","-32.28","27.15","1181.0","CATHCART, SF","4",",I","3",",I","0",",I","14.5",",,I,31,","35.9",",,,I"
"SF001012570","1918-09","-32.28","27.15","1181.0","CATHCART, SF","3",",I","2",",I","0",",I","21.6",",,I,28,","26.5",",,,I"
"SF001012570","1918-10","-32.28","27.15","1181.0","CATHCART, SF","3",",I","1",",I","0",",I","4.6",",,I,04,","6.7",",,,I"
"SF001012570","1918-11","-32.28","27.15","1181.0","CATHCART, SF","0",",I","0",",I","0",",I","0.0",",,I,30,+","0.0",",,,I"
"SF001012570","1918-12","-32.28","27.15","1181.0","CATHCART, SF","3",",I","2",",I","1",",I","27.7",",,I,04,","37.6",",,,I"
"SF001012570","1919-01","-32.28","27.15","1181.0","CATHCART, SF","3",",I","3",",I","0",",I","9.7",",,I,01,","17.6",",,,I"
"SF001012570","1919-02","-32.28","27.15","1181.0","CATHCART, SF","9",",I","9",",I","0",",I","14.2",",,I,16,","50.8",",,,I"
"SF001012570","1919-03","-32.28","27.15","1181.0","CATHCART, SF","12",",I","10",",I","0",",I","16.5",",,I,16,","72.4",",,,I"
"SF001012570","1919-04","-32.28","27.15","1181.0","CATHCART, SF","10",",I","7",",I","0",",I","17.5",",,I,01,","73.0",",,,I"
"SF001012570","1919-05","-32.28","27.15","1181.0","CATHCART, SF","2",",I","1",",I","0",",I","6.4",",,I,01,","8.2",",,,I"
"SF001012570","1919-06","-32.28","27.15","1181.0","CATHCART, SF","0",",I","0",",I","0",",I","0.0",",,I,30,+","0.0",",,,I"
"SF001012570","1919-07","-32.28","27.15","1181.0","CATHCART, SF","1",",I","0",",I","0",",I","1.0",",,I,21,","1.0",",,,I"
"SF001012570","1919-08","-32.28","27.15","1181.0","CATHCART, SF","1",",I","1",",I","0",",I","11.7",",,I,29,","11.7",",,,I"
"SF001012570","1919-09","-32.28","27.15","1181.0","CATHCART, SF","1",",I","0",",I","0",",I","0.8",",,I,07,","0.8",",,,I"
"SF001012570","1919-10","-32.28","27.15","1181.0","CATHCART, SF","5",",I","3",",I","0",",I","6.4",",,I,12,","14.4",",,,I"
"SF001012570","1919-11","-32.28","27.15","1181.0","CATHCART, SF","8",",I","5",",I","0",",I","14.2",",,I,07,","45.9",",,,I"
"SF001012570","1919-12","-32.28","27.15","1181.0","CATHCART, SF","8",",I","1",",I","0",",I","5.1",",,I,31,","13.5",",,,I"
"SF001012570","1920-12","-32.28","27.15","1181.0","CATHCART, SF","10",",I","9",",I","1",",I","55.9",",,I,18,","114.3",",,,I"
"SF001012570","1921-01","-32.28","27.15","1181.0","CATHCART, SF","8",",I","5",",I","0",",I","22.9",",,I,04,","44.1",",,,I"
"SF001012570","1921-02","-32.28","27.15","1181.0","CATHCART, SF","10",",I","8",",I","1",",I","30.5",",,I,15,","113.9",",,,I"
"SF001012570","1921-03","-32.28","27.15","1181.0","CATHCART, SF","15",",I","12",",I","0",",I","24.4",",,I,16,","163.8",",,,I"
"SF001012570","1921-04","-32.28","27.15","1181.0","CATHCART, SF","10",",I","10",",I","2",",I","33.0",",,I,22,+","134.2",",,,I"
"SF001012570","1921-05","-32.28","27.15","1181.0","CATHCART, SF","2",",I","2",",I","0",",I","12.7",",,I,01,","18.0",",,,I"
"SF001012570","1921-06","-32.28","27.15","1181.0","CATHCART, SF","0",",I","0",",I","0",",I","0.0",",,I,30,+","0.0",",,,I"
"SF001012570","1921-07","-32.28","27.15","1181.0","CATHCART, SF","2",",I","0",",I","0",",I","2.0",",,I,06,","3.5",",,,I"
"SF001012570","1921-08","-32.28","27.15","1181.0","CATHCART, SF","1",",I","1",",I","0",",I","3.0",",,I,07,","3.0",",,,I"
"SF001012570","1921-11","-32.28","27.15","1181.0","CATHCART, SF","12",",I","12",",I","2",",I","31.8",",,I,09,","146.5",",,,I"
"SF001012570","1921-12","-32.28","27.15","1181.0","CATHCART, SF","12",",I","11",",I","0",",I","23.9",",,I,13,","117.4",",,,I"
"SF001012570","1922-01","-32.28","27.15","1181.0","CATHCART, SF","8",",I","7",",I","1",",I","25.4",",,I,11,","66.8",",,,I"
"SF001012570","1922-02","-32.28","27.15","1181.0","CATHCART, SF","5",",I","4",",I","0",",I","15.2",",,I,08,","38.7",",,,I"
"SF001012570","1922-03","-32.28","27.15","1181.0","CATHCART, SF","3",",I","3",",I","0",",I","17.3",",,I,15,","38.1",",,,I"
"SF001012570","1922-04","-32.28","27.15","1181.0","CATHCART, SF","4",",I","4",",I","1",",I","26.2",",,I,28,","53.6",",,,I"
"SF001012570","1922-05","-32.28","27.15","1181.0","CATHCART, SF","4",",I","3",",I","0",",I","15.7",",,I,11,","29.4",",,,I"
"SF001012570","1922-06","-32.28","27.15","1181.0","CATHCART, SF","2",",I","2",",I","0",",I","22.9",",,I,14,","33.1",",,,I"
"SF001012570","1922-07","-32.28","27.15","1181.0","CATHCART, SF","1",",I","1",",I","0",",I","10.2",",,I,20,","10.2",",,,I"
"SF001012570","1922-08","-32.28","27.15","1181.0","CATHCART, SF","5",",I","3",",I","0",",I","22.9",",,I,05,","42.2",",,,I"
"SF001012570","1922-09","-32.28","27.15","1181.0","CATHCART, SF","3",",I","2",",I","0",",I","5.6",",,I,27,","12.7",",,,I"
"SF001012570","1922-10","-32.28","27.15","1181.0","CATHCART, SF","3",",I","3",",I","0",",I","14.2",",,I,30,","31.0",",,,I"
"SF001012570","1922-11","-32.28","27.15","1181.0","CATHCART, SF","14",",I","12",",I","1",",I","30.5",",,I,22,","146.7",",,,I"
"SF001012570","1923-01","-32.28","27.15","1181.0","CATHCART, SF","19",",I","15",",I","3",",I","30.2",",,I,27,","200.9",",,,I"
"SF001012570","1923-02","-32.28","27.15","1181.0","CATHCART, SF","14",",I","14",",I","3",",I","48.3",",,I,27,","194.3",",,,I"
"SF001012570","1923-03","-32.28","27.15","1181.0","CATHCART, SF","4",",I","4",",I","1",",I","35.6",",,I,20,","85.1",",,,I"
"SF001012570","1923-04","-32.28","27.15","1181.0","CATHCART, SF","5",",I","2",",I","0",",I","14.0",",,I,08,","21.1",",,,I"
"SF001012570","1923-05","-32.28","27.15","1181.0","CATHCART, SF","3",",I","3",",I","0",",I","10.2",",,I,08,","18.3",",,,I"
"SF001012570","1923-06","-32.28","27.15","1181.0","CATHCART, SF","4",",I","2",",I","0",",I","12.7",",,I,20,","22.4",",,,I"
"SF001012570","1923-07","-32.28","27.15","1181.0","CATHCART, SF","3",",I","2",",I","0",",I","14.7",",,I,19,","23.9",",,,I"
"SF001012570","1923-08","-32.28","27.15","1181.0","CATHCART, SF","0",",I","0",",I","0",",I","0.0",",,I,31,+","0.0",",,,I"
"SF001012570","1923-09","-32.28","27.15","1181.0","CATHCART, SF","0",",I","0",",I","0",",I","0.0",",,I,30,+","0.0",",,,I"
"SF001012570","1923-10","-32.28","27.15","1181.0","CATHCART, SF","4",",I","4",",I","0",",I","15.2",",,I,30,","35.5",",,,I"
"SF001012570","1923-11","-32.28","27.15","1181.0","CATHCART, SF","7",",I","6",",I","2",",I","40.6",",,I,13,","101.1",",,,I"
"SF001012570","1923-12","-32.28","27.15","1181.0","CATHCART, SF","7",",I","6",",I","0",",I","14.7",",,I,17,","47.2",",,,I"
"SF001012570","1924-01","-32.28","27.15","1181.0","CATHCART, SF","11",",I","5",",I","1",",I","45.7",",,I,10,","82.0",",,,I"
"SF001012570","1924-02","-32.28","27.15","1181.0","CATHCART, SF","8",",I","7",",I","1",",I","26.7",",,I,07,","60.8",",,,I"
"SF001012570","1924-03","-32.28","27.15","1181.0","CATHCART, SF","9",",I","9",",I","1",",I","31.5",",,I,12,","102.1",",,,I"
"SF001012570","1924-04","-32.28","27.15","1181.0","CATHCART, SF","5",",I","3",",I","0",",I","3.8",",,I,30,+","14.1",",,,I"
"SF001012570","1924-05","-32.28","27.15","1181.0","CATHCART, SF","2",",I","1",",I","0",",I","2.5",",,I,18,","4.5",",,,I"
"SF001012570","1924-06","-32.28","27.15","1181.0","CATHCART, SF","2",",I","1",",I","0",",I","3.8",",,I,24,","5.8",",,,I"
"SF001012570","1924-07","-32.28","27.15","1181.0","CATHCART, SF","0",",I","0",",I","0",",I","0.0",",,I,31,+","0.0",",,,I"
"SF001012570","1924-10","-32.28","27.15","1181.0","CATHCART, SF","3",",I","2",",I","0",",I","9.4",",,I,26,","15.0",",,,I"
"SF001012570","1924-11","-32.28","27.15","1181.0","CATHCART, SF","8",",I","5",",I","0",",I","18.3",",,I,06,","53.2",",,,I"
"SF001012570","1924-12","-32.28","27.15","1181.0","CATHCART, SF","14",",I","11",",I","0",",I","17.8",",,I,27,","99.3",",,,I"
"SF001012570","1925-01","-32.28","27.15","1181.0","CATHCART, SF","11",",I","11",",I","0",",I","15.2",",,I,22,","73.0",",,,I"
"SF001012570","1925-02","-32.28","27.15","1181.0","CATHCART, SF","7",",I","6",",I","2",",I","31.8",",,I,14,","86.9",",,,I"
"SF001012570","1925-03","-32.28","27.15","1181.0","CATHCART, SF","14",",I","14",",I","4",",I","47.8",",,I,22,","211.1",",,,I"
"SF001012570","1925-04","-32.28","27.15","1181.0","CATHCART, SF","9",",I","8",",I","2",",I","29.2",",,I,11,","123.0",",,,I"
"SF001012570","1925-05","-32.28","27.15","1181.0","CATHCART, SF","5",",I","4",",I","0",",I","12.7",",,I,30,","38.9",",,,I"
"SF001012570","1925-06","-32.28","27.15","1181.0","CATHCART, SF","2",",I","1",",I","0",",I","4.8",",,I,19,","6.8",",,,I"
"SF001012570","1925-07","-32.28","27.15","1181.0","CATHCART, SF","4",",I","3",",I","0",",I","8.9",",,I,12,","17.5",",,,I"
"SF001012570","1925-08","-32.28","27.15","1181.0","CATHCART, SF","3",",I","1",",I","0",",I","10.2",",,I,10,","13.5",",,,I"
"SF001012570","1925-09","-32.28","27.15","1181.0","CATHCART, SF","5",",I","4",",I","0",",I","8.9",",,I,22,","22.9",",,,I"
"SF001012570","1925-10","-32.28","27.15","1181.0","CATHCART, SF","5",",I","3",",I","0",",I","10.2",",,I,31,","23.2",",,,I"
"SF001012570","1925-11","-32.28","27.15","1181.0","CATHCART, SF","4",",I","4",",I","1",",I","40.6",",,I,13,","78.6",",,,I"
"SF001012570","1925-12","-32.28","27.15","1181.0","CATHCART, SF","6",",I","2",",I","0",",I","10.2",",,I,05,","23.7",",,,I"
"SF001012570","1926-01","-32.28","27.15","1181.0","CATHCART, SF","8",",I","5",",I","1",",I","38.1",",,I,25,","85.4",",,,I"
"SF001012570","1926-02","-32.28","27.15","1181.0","CATHCART, SF","8",",I","3",",I","0",",I","18.8",",,I,01,","34.9",",,,I"
"SF001012570","1926-04","-32.28","27.15","1181.0","CATHCART, SF","5",",I","4",",I","0",",I","10.7",",,I,15,","28.7",",,,I"
"SF001012570","1926-05","-32.28","27.15","1181.0","CATHCART, SF","3",",I","1",",I","0",",I","6.6",",,I,04,","9.7",",,,I"
"SF001012570","1926-06","-32.28","27.15","1181.0","CATHCART, SF","5",",I","3",",I","0",",I","9.4",",,I,10,","28.0",",,,I"
"SF001012570","1926-07","-32.28","27.15","1181.0","CATHCART, SF","2",",I","1",",I","0",",I","3.3",",,I,20,","4.1",",,,I"
"SF001012570","1926-08","-32.28","27.15","1181.0","CATHCART, SF","1",",I","0",",I","0",",I","0.8",",,I,31,","0.8",",,,I"
"SF001012570","1926-09","-32.28","27.15","1181.0","CATHCART, SF","5",",I","4",",I","1",",I","39.4",",,I,30,","83.8",",,,I"
"SF001012570","1926-10","-32.28","27.15","1181.0","CATHCART, SF","5",",I","5",",I","0",",I","12.7",",,I,18,","38.9",",,,I"
"SF001012570","1926-11","-32.28","27.15","1181.0","CATHCART, SF","9",",I","7",",I","1",",I","41.1",",,I,06,","99.0",",,,I"
"SF001012570","1926-12","-32.28","27.15","1181.0","CATHCART, SF","9",",I","6",",I","1",",I","25.4",",,I,27,","65.6",",,,I"
"SF001012570","1927-01","-32.28","27.15","1181.0","CATHCART, SF","3",",I","3",",I","0",",I","5.3",",,I,21,","13.7",",,,I"
"SF001012570","1927-02","-32.28","27.15","1181.0","CATHCART, SF","6",",I","5",",I","0",",I","12.2",",,I,02,","36.5",",,,I"
"SF001012570","1927-05","-32.28","27.15","1181.0","CATHCART, SF","2",",I","1",",I","0",",I","3.0",",,I,12,","5.0",",,,I"
"SF001012570","1927-06","-32.28","27.15","1181.0","CATHCART, SF","0",",I","0",",I","0",",I","0.0",",,I,30,+","0.0",",,,I"
"SF001012570","1927-07","-32.28","27.15","1181.0","CATHCART, SF","1",",I","1",",I","0",",I","3.8",",,I,20,","3.8",",,,I"
"SF001012570","1927-08","-32.28","27.15","1181.0","CATHCART, SF","4",",I","3",",I","0",",I","6.4",",,I,30,","17.1",",,,I"
"SF001012570","1927-09","-32.28","27.15","1181.0","CATHCART, SF","1",",I","1",",I","0",",I","5.1",",,I,11,","5.1",",,,I"
"SF001012570","1927-10","-32.28","27.15","1181.0","CATHCART, SF","8",",I","5",",I","0",",I","6.4",",,I,21,","23.9",",,,I"
"SF001012570","1927-11","-32.28","27.15","1181.0","CATHCART, SF","7",",I","4",",I","1",",I","44.7",",,I,24,","78.0",",,,I"
"SF001012570","1927-12","-32.28","27.15","1181.0","CATHCART, SF","8",",I","8",",I","1",",I","53.1",",,I,29,","139.8",",,,I"
"SF001012570","1928-01","-32.28","27.15","1181.0","CATHCART, SF","17",",I","10",",I","0",",I","24.1",",,I,09,","102.4",",,,I"
"SF001012570","1928-02","-32.28","27.15","1181.0","CATHCART, SF","8",",I","6",",I","0",",I","24.9",",,I,14,","68.7",",,,I"
"SF001012570","1928-03","-32.28","27.15","1181.0","CATHCART, SF","9",",I","9",",I","2",",I","49.8",",,I,28,","130.4",",,,I"
"SF001012570","1928-04","-32.28","27.15","1181.0","CATHCART, SF","3",",I","2",",I","0",",I","12.7",",,I,04,","19.8",",,,I"
"SF001012570","1928-05","-32.28","27.15","1181.0","CATHCART, SF","0",",I","0",",I","0",",I","0.0",",,I,31,+","0.0",",,,I"
"SF001012570","1928-07","-32.28","27.15","1181.0","CATHCART, SF","1",",I","0",",I","0",",I","1.3",",,I,08,","1.3",",,,I"
"SF001012570","1928-08","-32.28","27.15","1181.0","CATHCART, SF","1",",I","1",",I","0",",I","5.1",",,I,09,","5.1",",,,I"
"SF001012570","1928-09","-32.28","27.15","1181.0","CATHCART, SF","7",",I","4",",I","0",",I","8.9",",,I,30,","26.8",",,,I"
"SF001012570","1928-10","-32.28","27.15","1181.0","CATHCART, SF","6",",I","4",",I","0",",I","12.7",",,I,16,","35.6",",,,I"
"SF001012570","1928-12","-32.28","27.15","1181.0","CATHCART, SF","7",",I","5",",I","0",",I","16.5",",,I,20,","64.1",",,,I"
"SF001012570","1929-01","-32.28","27.15","1181.0","CATHCART, SF","4",",I","3",",I","1",",I","30.5",",,I,18,","50.2",",,,I"
"SF001012570","1929-02","-32.28","27.15","1181.0","CATHCART, SF","7",",I","6",",I","0",",I","17.3",",,I,01,","37.6",",,,I"
"SF001012570","1929-03","-32.28","27.15","1181.0","CATHCART, SF","9",",I","8",",I","1",",I","27.4",",,I,05,","93.9",",,,I"
"SF001012570","1929-04","-32.28","27.15","1181.0","CATHCART, SF","1",",I","1",",I","0",",I","11.4",",,I,26,","11.4",",,,I"
"SF001012570","1929-05","-32.28","27.15","1181.0","CATHCART, SF","7",",I","7",",I","0",",I","8.9",",,I,06,","33.4",",,,I"
"SF001012570","1929-06","-32.28","27.15","1181.0","CATHCART, SF","9",",I","9",",I","0",",I","14.7",",,I,09,","63.0",",,,I"
"SF001012570","1929-07","-32.28","27.15","1181.0","CATHCART, SF","4",",I","4",",I","1",",I","28.4",",,I,09,","52.0",",,,I"
"SF001012570","1929-08","-32.28","27.15","1181.0","CATHCART, SF","1",",I","1",",I","0",",I","10.2",",,I,18,","10.2",",,,I"
"SF001012570","1929-09","-32.28","27.15","1181.0","CATHCART, SF","10",",I","10",",I","2",",I","29.7",",,I,06,","142.2",",,,I"
"SF001012570","1929-10","-32.28","27.15","1181.0","CATHCART, SF","7",",I","6",",I","0",",I","24.4",",,I,22,","54.4",",,,I"
"SF001012570","1929-11","-32.28","27.15","1181.0","CATHCART, SF","5",",I","3",",I","0",",I","5.1",",,I,27,","17.3",",,,I"
"SF001012570","1929-12","-32.28","27.15","1181.0","CATHCART, SF","5",",I","5",",I","1",",I","35.1",",,I,29,","86.5",",,,I"
"SF001012570","1930-01","-32.28","27.15","1181.0","CATHCART, SF","6",",I","6",",I","0",",I","24.4",",,I,14,","60.5",",,,I"
"SF001012570","1930-02","-32.28","27.15","1181.0","CATHCART, SF","4",",I","3",",I","2",",I","72.1",",,I,13,","113.8",",,,I"
"SF001012570","1930-03","-32.28","27.15","1181.0","CATHCART, SF","10",",I","10",",I","2",",I","25.4",",,I,29,+","113.6",",,,I"
"SF001012570","1930-04","-32.28","27.15","1181.0","CATHCART, SF","2",",I","2",",I","0",",I","5.1",",,I,07,","8.9",",,,I"
"SF001012570","1930-05","-32.28","27.15","1181.0","CATHCART, SF","1",",I","1",",I","0",",I","12.7",",,I,31,","12.7",",,,I"
"SF001012570","1930-06","-32.28","27.15","1181.0","CATHCART, SF","3",",I","3",",I","0",",I","11.7",",,I,08,","19.3",",,,I"
"SF001012570","1930-07","-32.28","27.15","1181.0","CATHCART, SF","0",",I","0",",I","0",",I","0.0",",,I,31,+","0.0",",,,I"
"SF001012570","1930-08","-32.28","27.15","1181.0","CATHCART, SF","6",",I","6",",I","1",",I","25.4",",,I,12,","86.5",",,,I"
"SF001012570","1930-09","-32.28","27.15","1181.0","CATHCART, SF","4",",I","4",",I","0",",I","5.3",",,I,24,","17.8",",,,I"
"SF001012570","1930-10","-32.28","27.15","1181.0","CATHCART, SF","9",",I","8",",I","0",",I","24.9",",,I,04,","82.2",",,,I"
"SF001012570","1930-11","-32.28","27.15","1181.0","CATHCART, SF","3",",I","3",",I","0",",I","11.7",",,I,12,","26.9",",,,I"
"SF001012570","1930-12","-32.28","27.15","1181.0","CATHCART, SF","9",",I","9",",I","0",",I","10.2",",,I,31,+","56.1",",,,I"
"SF001012570","1931-02","-32.28","27.15","1181.0","CATHCART, SF","7",",I","7",",I","1",",I","28.7",",,I,24,","68.9",",,,I"
"SF001012570","1931-03","-32.28","27.15","1181.0","CATHCART, SF","11",",I","11",",I","0",",I","23.4",",,I,29,","108.4",",,,I"
"SF001012570","1931-04","-32.28","27.15","1181.0","CATHCART, SF","4",",I","4",",I","0",",I","22.9",",,I,25,","43.7",",,,I"
"SF001012570","1931-05","-32.28","27.15","1181.0","CATHCART, SF","0",",I","0",",I","0",",I","0.0",",,I,31,+","0.0",",,,I"
"SF001012570","1931-06","-32.28","27.15","1181.0","CATHCART, SF","1",",I","1",",I","0",",I","5.1",",,I,05,","5.1",",,,I"
"SF001012570","1931-07","-32.28","27.15","1181.0","CATHCART, SF","8",",I","8",",I","3",",I","83.8",",,I,13,","209.5",",,,I"
"SF001012570","1931-08","-32.28","27.15","1181.0","CATHCART, SF","1",",I","1",",I","0",",I","4.8",",,I,03,","4.8",",,,I"
"SF001012570","1931-09","-32.28","27.15","1181.0","CATHCART, SF","0",",I","0",",I","0",",I","0.0",",,I,30,+","0.0",",,,I"
"SF001012570","1931-10","-32.28","27.15","1181.0","CATHCART, SF","6",",I","5",",I","0",",I","15.2",",,I,01,","43.1",",,,I"
"SF001012570","1931-11","-32.28","27.15","1181.0","CATHCART, SF","7",",I","6",",I","1",",I","38.1",",,I,10,","101.5",",,,I"
"SF001012570","1931-12","-32.28","27.15","1181.0","CATHCART, SF","4",",I","4",",I","2",",I","42.4",",,I,28,","88.9",",,,I"
"SF001012570","1932-01","-32.28","27.15","1181.0","CATHCART, SF","4",",I","4",",I","0",",I","17.8",",,I,02,","51.8",",,,I"
"SF001012570","1932-02","-32.28","27.15","1181.0","CATHCART, SF","7",",I","7",",I","3",",I","43.2",",,I,09,","147.4",",,,I"
"SF001012570","1932-03","-32.28","27.15","1181.0","CATHCART, SF","2",",I","2",",I","0",",I","6.4",",,I,09,","10.2",",,,I"
"SF001012570","1932-04","-32.28","27.15","1181.0","CATHCART, SF","3",",I","3",",I","0",",I","18.3",",,I,04,","31.0",",,,I"
"SF001012570","1932-05","-32.28","27.15","1181.0","CATHCART, SF","6",",I","6",",I","0",",I","20.3",",,I,14,","55.8",",,,I"
"SF001012570","1932-06","-32.28","27.15","1181.0","CATHCART, SF","2",",I","2",",I","0",",I","3.8",",,I,07,+","7.6",",,,I"
"SF001012570","1932-07","-32.28","27.15","1181.0","CATHCART, SF","2",",I","2",",I","0",",I","19.8",",,I,07,","23.1",",,,I"
"SF001012570","1932-08","-32.28","27.15","1181.0","CATHCART, SF","1",",I","0",",I","0",",I","2.3",",,I,10,","2.3",",,,I"
"SF001012570","1932-09","-32.28","27.15","1181.0","CATHCART, SF","8",",I","7",",I","0",",I","23.6",",,I,17,","80.2",",,,I"
"SF001012570","1932-10","-32.28","27.15","1181.0","CATHCART, SF","7",",I","7",",I","0",",I","13.7",",,I,24,","51.7",",,,I"
"SF001012570","1932-11","-32.28","27.15","1181.0","CATHCART, SF","14",",I","12",",I","1",",I","38.6",",,I,08,","130.1",",,,I"
"SF001012570","1932-12","-32.28","27.15","1181.0","CATHCART, SF","8",",I","3",",I","0",",I","11.7",",,I,25,","35.6",",,,I"
"SF001012570","1933-01","-32.28","27.15","1181.0","CATHCART, SF","5",",I","5",",I","0",",I","14.0",",,I,02,","30.5",",,,I"
"SF001012570","1933-02","-32.28","27.15","1181.0","CATHCART, SF","5",",I","5",",I","1",",I","28.2",",,I,22,","53.6",",,,I"
"SF001012570","1933-03","-32.28","27.15","1181.0","CATHCART, SF","10",",I","9",",I","1",",I","30.5",",,I,02,","114.0",",,,I"
"SF001012570","1933-04","-32.28","27.15","1181.0","CATHCART, SF","3",",I","3",",I","1",",I","36.1",",,I,03,","53.9",",,,I"
"SF001012570","1933-05","-32.28","27.15","1181.0","CATHCART, SF","0",",I","0",",I","0",",I","0.0",",,I,31,+","0.0",",,,I"
"SF001012570","1933-06","-32.28","27.15","1181.0","CATHCART, SF","2",",I","2",",I","0",",I","10.9",",,I,22,","13.9",",,,I"
"SF001012570","1933-07","-32.28","27.15","1181.0","CATHCART, SF","0",",I","0",",I","0",",I","0.0",",,I,31,+","0.0",",,,I"
"SF001012570","1933-08","-32.28","27.15","1181.0","CATHCART, SF","1",",I","1",",I","0",",I","3.8",",,I,30,","3.8",",,,I"
"SF001012570","1933-09","-32.28","27.15","1181.0","CATHCART, SF","1",",I","0",",I","0",",I","0.8",",,I,19,","0.8",",,,I"
"SF001012570","1933-10","-32.28","27.15","1181.0","CATHCART, SF","2",",I","2",",I","0",",I","17.8",",,I,31,","21.6",",,,I"
"SF001012570","1933-11","-32.28","27.15","1181.0","CATHCART, SF","16",",I","15",",I","2",",I","44.5",",,I,28,","247.7",",,,I"
"SF001012570","1933-12","-32.28","27.15","1181.0","CATHCART, SF","10",",I","9",",I","2",",I","36.6",",,I,29,","155.4",",,,I"
"SF001012570","1934-01","-32.28","27.15","1181.0","CATHCART, SF","15",",I","11",",I","2",",I","57.7",",,I,09,","162.7",",,,I"
"SF001012570","1934-02","-32.28","27.15","1181.0","CATHCART, SF","5",",I","5",",I","1",",I","39.6",",,I,23,","77.0",",,,I"
"SF001012570","1934-03","-32.28","27.15","1181.0","CATHCART, SF","11",",I","11",",I","2",",I","34.0",",,I,14,","154.8",",,,I"
"SF001012570","1934-04","-32.28","27.15","1181.0","CATHCART, SF","3",",I","3",",I","0",",I","14.7",",,I,01,","24.9",",,,I"
"SF001012570","1934-05","-32.28","27.15","1181.0","CATHCART, SF","1",",I","1",",I","0",",I","19.1",",,I,29,","19.1",",,,I"
"SF001012570","1934-06","-32.28","27.15","1181.0","CATHCART, SF","0",",I","0",",I","0",",I","0.0",",,I,30,+","0.0",",,,I"
"SF001012570","1934-07","-32.28","27.15","1181.0","CATHCART, SF","4",",I","4",",I","0",",I","17.8",",,I,22,","38.1",",,,I"
"SF001012570","1934-08","-32.28","27.15","1181.0","CATHCART, SF","0",",I","0",",I","0",",I","0.0",",,I,31,+","0.0",",,,I"
"SF001012570","1934-09","-32.28","27.15","1181.0","CATHCART, SF","1",",I","1",",I","1",",I","30.0",",,I,09,","30.0",",,,I"
"SF001012570","1934-10","-32.28","27.15","1181.0","CATHCART, SF","6",",I","5",",I","0",",I","15.2",",,I,26,","41.6",",,,I"
"SF001012570","1934-11","-32.28","27.15","1181.0","CATHCART, SF","6",",I","6",",I","0",",I","19.1",",,I,26,","48.0",",,,I"
"SF001012570","1934-12","-32.28","27.15","1181.0","CATHCART, SF","6",",I","6",",I","0",",I","24.1",",,I,25,","54.9",",,,I"
"SF001012570","1959-01","-32.28","27.15","1181.0","CATHCART, SF","13","1,I","10","1,I","0","1,I","19.0","1,,I,28,","72.8","1,,,I"
"SF001012570","1959-02","-32.28","27.15","1181.0","CATHCART, SF","8","4,I","5","4,I","2","4,I","27.0","4,,I,14,+","73.8","4,,,I"
"SF001012570","1959-03","-32.28","27.15","1181.0","CATHCART, SF","11","3,I","8","3,I","1","3,I","30.0","3,,I,17,","99.2","3,,,I"
"SF001012570","1959-04","-32.28","27.15","1181.0","CATHCART, SF","8",",I","6",",I","3",",I","29.5",",,I,21,","112.5",",,,I"
"SF001012570","1959-05","-32.28","27.15","1181.0","CATHCART, SF","5",",I","2",",I","0",",I","3.0",",,I,16,+","10.1",",,,I"
"SF001012570","1959-06","-32.28","27.15","1181.0","CATHCART, SF","0",",I","0",",I","0",",I","0.0",",,I,30,+","0.0",",,,I"
"SF001012570","1959-07","-32.28","27.15","1181.0","CATHCART, SF","5",",I","3",",I","0",",I","23.0",",,I,18,","41.7",",,,I"
"SF001012570","1959-08","-32.28","27.15","1181.0","CATHCART, SF","1",",I","1",",I","0",",I","6.0",",,I,30,","6.0",",,,I"
"SF001012570","1959-09","-32.28","27.15","1181.0","CATHCART, SF","0",",I","0",",I","0",",I","0.0",",,I,30,+","0.0",",,,I"
"SF001012570","1959-10","-32.28","27.15","1181.0","CATHCART, SF","8",",I","6",",I","0",",I","10.0",",,I,08,","32.5",",,,I"
"SF001012570","1959-11","-32.28","27.15","1181.0","CATHCART, SF","7",",I","5",",I","0",",I","11.0",",,I,17,","29.4",",,,I"
"SF001012570","1959-12","-32.28","27.15","1181.0","CATHCART, SF","9",",I","7",",I","0",",I","19.0",",,I,03,","71.0",",,,I"
"SF001012570","1960-01","-32.28","27.15","1181.0","CATHCART, SF","14",",I","12",",I","2",",I","51.5",",,I,17,","163.1",",,,I"
"SF001012570","1960-02","-32.28","27.15","1181.0","CATHCART, SF","9",",I","6",",I","0",",I","18.4",",,I,13,","45.9",",,,I"
"SF001012570","1960-03","-32.28","27.15","1181.0","CATHCART, SF","9",",I","5",",I","1",",I","25.5",",,I,11,","58.9",",,,I"
"SF001012570","1960-04","-32.28","27.15","1181.0","CATHCART, SF","5",",I","5",",I","0",",I","6.5",",,I,20,","18.5",",,,I"
"SF001012570","1960-05","-32.28","27.15","1181.0","CATHCART, SF","4",",I","3",",I","0",",I","11.0",",,I,06,","33.6",",,,I"
"SF001012570","1960-06","-32.28","27.15","1181.0","CATHCART, SF","3",",I","2",",I","0",",I","3.0",",,I,20,","7.0",",,,I"
"SF001012570","1960-07","-32.28","27.15","1181.0","CATHCART, SF","0",",I","0",",I","0",",I","0.0",",,I,31,+","0.0",",,,I"
"SF001012570","1960-08","-32.28","27.15","1181.0","CATHCART, SF","6",",I","4",",I","0",",I","10.0",",,I,18,","26.5",",,,I"
"SF001012570","1960-09","-32.28","27.15","1181.0","CATHCART, SF","6",",I","3",",I","0",",I","7.0",",,I,21,","18.5",",,,I"
"SF001012570","1960-10","-32.28","27.15","1181.0","CATHCART, SF","7",",I","4",",I","0",",I","14.5",",,I,21,","34.7",",,,I"
"SF001012570","1960-11","-32.28","27.15","1181.0","CATHCART, SF","11",",I","9",",I","0",",I","22.5",",,I,27,","88.7",",,,I"
"SF001012570","1960-12","-32.28","27.15","1181.0","CATHCART, SF","12",",I","10",",I","2",",I","39.5",",,I,18,","128.5",",,,I"
"SF001012570","1961-01","-32.28","27.15","1181.0","CATHCART, SF","12",",I","10",",I","0",",I","22.5",",,I,16,","84.7",",,,I"
"SF001012570","1961-02","-32.28","27.15","1181.0","CATHCART, SF","4",",I","4",",I","0",",I","23.7",",,I,09,","75.2",",,,I"
"SF001012570","1961-03","-32.28","27.15","1181.0","CATHCART, SF","12",",I","9",",I","3",",I","50.0",",,I,09,","163.5",",,,I"
"SF001012570","1961-04","-32.28","27.15","1181.0","CATHCART, SF","7",",I","5",",I","0",",I","18.5",",,I,11,","46.4",",,,I"
"SF001012570","1961-06","-32.28","27.15","1181.0","CATHCART, SF","2",",I","1",",I","0",",I","6.0",",,I,16,","7.5",",,,I"
"SF001012570","1961-07","-32.28","27.15","1181.0","CATHCART, SF","2",",I","2",",I","0",",I","9.5",",,I,31,","16.0",",,,I"
"SF001012570","1961-08","-32.28","27.15","1181.0","CATHCART, SF","4",",I","4",",I","1",",I","33.0",",,I,28,","47.0",",,,I"
"SF001012570","1961-09","-32.28","27.15","1181.0","CATHCART, SF","4",",I","2",",I","0",",I","18.5",",,I,18,","23.1",",,,I"
"SF001012570","1961-10","-32.28","27.15","1181.0","CATHCART, SF","1",",I","1",",I","0",",I","2.5",",,I,21,","2.5",",,,I"
"SF001012570","1961-11","-32.28","27.15","1181.0","CATHCART, SF","8",",I","5",",I","1",",I","44.0",",,I,26,","84.0",",,,I"
"SF001012570","1961-12","-32.28","27.15","1181.0","CATHCART, SF","6",",I","3",",I","0",",I","11.0",",,I,15,","27.4",",,,I"
"SF001012570","1962-01","-32.28","27.15","1181.0","CATHCART, SF","6",",I","6",",I","0",",I","13.5",",,I,19,","45.5",",,,I"
"SF001012570","1962-02","-32.28","27.15","1181.0","CATHCART, SF","13",",I","11",",I","0",",I","24.0",",,I,22,","107.0",",,,I"
"SF001012570","1962-03","-32.28","27.15","1181.0","CATHCART, SF","17",",I","12",",I","2",",I","28.0",",,I,09,","121.7",",,,I"
"SF001012570","1962-04","-32.28","27.15","1181.0","CATHCART, SF","7",",I","4",",I","0",",I","24.5",",,I,19,","47.2",",,,I"
"SF001012570","1962-05","-32.28","27.15","1181.0","CATHCART, SF","4",",I","2",",I","1",",I","36.0",",,I,01,","45.6",",,,I"
"SF001012570","1962-06","-32.28","27.15","1181.0","CATHCART, SF","1",",I","1",",I","0",",I","4.5",",,I,12,","4.5",",,,I"
"SF001012570","1962-07","-32.28","27.15","1181.0","CATHCART, SF","0",",I","0",",I","0",",I","0.0",",,I,31,+","0.0",",,,I"
"SF001012570","1962-08","-32.28","27.15","1181.0","CATHCART, SF","3",",I","3",",I","0",",I","4.0",",,I,22,","10.0",",,,I"
"SF001012570","1962-09","-32.28","27.15","1181.0","CATHCART, SF","0",",I","0",",I","0",",I","0.0",",,I,30,+","0.0",",,,I"
"SF001012570","1962-10","-32.28","27.15","1181.0","CATHCART, SF","8",",I","5",",I","0",",I","15.0",",,I,08,","40.6",",,,I"
"SF001012570","1962-11","-32.28","27.15","1181.0","CATHCART, SF","10",",I","7",",I","0",",I","23.8",",,I,24,","91.5",",,,I"
"SF001012570","1962-12","-32.28","27.15","1181.0","CATHCART, SF","6",",I","6",",I","0",",I","22.5",",,I,27,","73.1",",,,I"
"SF001012570","1963-01","-32.28","27.15","1181.0","CATHCART, SF","17",",I","16",",I","1",",I","40.4",",,I,04,","166.4",",,,I"
"SF001012570","1963-02","-32.28","27.15","1181.0","CATHCART, SF","5",",I","3",",I","1",",I","82.0",",,I,19,","94.5",",,,I"
"SF001012570","1963-03","-32.28","27.15","1181.0","CATHCART, SF","19",",I","17",",I","4",",I","48.5",",,I,10,","229.4",",,,I"
"SF001012570","1963-04","-32.28","27.15","1181.0","CATHCART, SF","9",",I","7",",I","0",",I","20.0",",,I,03,","61.5",",,,I"
"SF001012570","1963-05","-32.28","27.15","1181.0","CATHCART, SF","2",",I","1",",I","0",",I","4.0",",,I,12,","4.6",",,,I"
"SF001012570","1963-06","-32.28","27.15","1181.0","CATHCART, SF","2",",I","2",",I","0",",I","8.0",",,I,21,","13.0",",,,I"
"SF001012570","1963-07","-32.28","27.15","1181.0","CATHCART, SF","4",",I","3",",I","0",",I","6.5",",,I,21,","17.0",",,,I"
"SF001012570","1963-08","-32.28","27.15","1181.0","CATHCART, SF","0",",I","0",",I","0",",I","0.0",",,I,31,+","0.0",",,,I"
"SF001012570","1963-09","-32.28","27.15","1181.0","CATHCART, SF","1",",I","1",",I","0",",I","15.0",",,I,13,","15.0",",,,I"
"SF001012570","1963-10","-32.28","27.15","1181.0","CATHCART, SF","13",",I","9",",I","1",",I","41.0",",,I,29,","107.3",",,,I"
"SF001012570","1963-11","-32.28","27.15","1181.0","CATHCART, SF","11",",I","10",",I","0",",I","23.5",",,I,18,","98.0",",,,I"
"SF001012570","1963-12","-32.28","27.15","1181.0","CATHCART, SF","5",",I","5",",I","1",",I","27.5",",,I,11,","77.0",",,,I"
"SF001012570","1964-01","-32.28","27.15","1181.0","CATHCART, SF","8",",I","6",",I","1",",I","26.5",",,I,01,","51.0",",,,I"
"SF001012570","1964-02","-32.28","27.15","1181.0","CATHCART, SF","6",",I","5",",I","1",",I","54.0",",,I,01,","76.5",",,,I"
"SF001012570","1964-03","-32.28","27.15","1181.0","CATHCART, SF","11",",I","10",",I","0",",I","22.3",",,I,23,","99.8",",,,I"
"SF001012570","1964-04","-32.28","27.15","1181.0","CATHCART, SF","4",",I","4",",I","0",",I","16.4",",,I,02,","37.9",",,,I"
"SF001012570","1964-05","-32.28","27.15","1181.0","CATHCART, SF","0",",I","0",",I","0",",I","0.0",",,I,31,+","0.0",",,,I"
"SF001012570","1964-06","-32.28","27.15","1181.0","CATHCART, SF","4",",I","1",",I","0",",I","19.0",",,I,17,","24.5",",,,I"
"SF001012570","1964-07","-32.28","27.15","1181.0","CATHCART, SF","0",",I","0",",I","0",",I","0.0",",,I,31,+","0.0",",,,I"
"SF001012570","1964-08","-32.28","27.15","1181.0","CATHCART, SF","4",",I","4",",I","0",",I","10.5",",,I,12,","28.0",",,,I"
"SF001012570","1964-09","-32.28","27.15","1181.0","CATHCART, SF","5",",I","3",",I","0",",I","20.0",",,I,15,","33.8",",,,I"
"SF001012570","1964-10","-32.28","27.15","1181.0","CATHCART, SF","11",",I","6",",I","0",",I","13.5",",,I,19,","54.0",",,,I"
"SF001012570","1964-11","-32.28","27.15","1181.0","CATHCART, SF","1",",I","1",",I","0",",I","12.5",",,I,06,","12.5",",,,I"
"SF001012570","1964-12","-32.28","27.15","1181.0","CATHCART, SF","4",",I","4",",I","1",",I","32.0",",,I,07,","71.5",",,,I"
"SF001012570","1965-01","-32.28","27.15","1181.0","CATHCART, SF","5",",I","3",",I","0",",I","23.8",",,I,04,","38.8",",,,I"
"SF001012570","1965-02","-32.28","27.15","1181.0","CATHCART, SF","4",",I","4",",I","0",",I","15.0",",,I,07,","40.5",",,,I"
"SF001012570","1965-04","-32.28","27.15","1181.0","CATHCART, SF","6",",I","5",",I","1",",I","39.0",",,I,23,","63.7",",,,I"
"SF001012570","1965-05","-32.28","27.15","1181.0","CATHCART, SF","3",",I","3",",I","0",",I","19.0",",,I,30,","24.5",",,,I"
"SF001012570","1965-06","-32.28","27.15","1181.0","CATHCART, SF","4",",I","2",",I","1",",I","31.5",",,I,17,","43.0",",,,I"
"SF001012570","1965-07","-32.28","27.15","1181.0","CATHCART, SF","5",",I","1",",I","0",",I","3.0",",,I,16,","8.1",",,,I"
"SF001012570","1965-08","-32.28","27.15","1181.0","CATHCART, SF","3",",I","1",",I","0",",I","10.5",",,I,27,","11.8",",,,I"
"SF001012570","1965-09","-32.28","27.15","1181.0","CATHCART, SF","3",",I","3",",I","0",",I","9.5",",,I,17,","25.0",",,,I"
"SF001012570","1965-10","-32.28","27.15","1181.0","CATHCART, SF","10",",I","7",",I","0",",I","20.0",",,I,02,","52.4",",,,I"
"SF001012570","1965-11","-32.28","27.15","1181.0","CATHCART, SF","10",",I","8",",I","2",",I","39.0",",,I,02,","111.2",",,,I"
"SF001012570","1965-12","-32.28","27.15","1181.0","CATHCART, SF","5",",I","3",",I","1",",I","36.5",",,I,16,","51.5",",,,I"
"SF001012570","1966-01","-32.28","27.15","1181.0","CATHCART, SF","12",",I","7",",I","1",",I","49.0",",,I,31,","98.0",",,,I"
"SF001012570","1966-02","-32.28","27.15","1181.0","CATHCART, SF","6",",I","4",",I","0",",I","14.5",",,I,15,","32.4",",,,I"
"SF001012570","1966-03","-32.28","27.15","1181.0","CATHCART, SF","4",",I","2",",I","0",",I","3.5",",,I,18,+","10.8",",,,I"
"SF001012570","1966-04","-32.28","27.15","1181.0","CATHCART, SF","6",",I","4",",I","0",",I","8.0",",,I,30,+","29.0",",,,I"
"SF001012570","1966-05","-32.28","27.15","1181.0","CATHCART, SF","4",",I","2",",I","0",",I","5.0",",,I,20,","10.0",",,,I"
"SF001012570","1966-06","-32.28","27.15","1181.0","CATHCART, SF","2",",I","2",",I","0",",I","6.0",",,I,05,","10.5",",,,I"
"SF001012570","1966-07","-32.28","27.15","1181.0","CATHCART, SF","1",",I","0",",I","0",",I","0.7",",,I,25,","0.7",",,,I"
"SF001012570","1966-08","-32.28","27.15","1181.0","CATHCART, SF","3",",I","1",",I","0",",I","2.5",",,I,28,","6.5",",,,I"
"SF001012570","1966-09","-32.28","27.15","1181.0","CATHCART, SF","3",",I","2",",I","0",",I","7.0",",,I,15,","13.5",",,,I"
"SF001012570","1966-10","-32.28","27.15","1181.0","CATHCART, SF","7",",I","3",",I","0",",I","7.0",",,I,19,+","25.7",",,,I"
"SF001012570","1966-11","-32.28","27.15","1181.0","CATHCART, SF","5",",I","4",",I","1",",I","43.5",",,I,04,","57.0",",,,I"
"SF001012570","1966-12","-32.28","27.15","1181.0","CATHCART, SF","8",",I","7",",I","0",",I","8.5",",,I,17,","42.5",",,,I"
"SF001012570","1967-01","-32.28","27.15","1181.0","CATHCART, SF","9",",I","8",",I","1",",I","26.5",",,I,29,","89.0",",,,I"
"SF001012570","1967-02","-32.28","27.15","1181.0","CATHCART, SF","8",",I","5",",I","1",",I","80.4",",,I,15,","118.4",",,,I"
"SF001012570","1967-03","-32.28","27.15","1181.0","CATHCART, SF","10",",I","9",",I","2",",I","48.0",",,I,18,","128.0",",,,I"
"SF001012570","1967-04","-32.28","27.15","1181.0","CATHCART, SF","13",",I","12",",I","1",",I","29.0",",,I,26,","118.2",",,,I"
"SF001012570","1967-05","-32.28","27.15","1181.0","CATHCART, SF","7",",I","5",",I","1",",I","28.0",",,I,31,","59.0",",,,I"
"SF001012570","1967-06","-32.28","27.15","1181.0","CATHCART, SF","3",",I","1",",I","0",",I","3.5",",,I,09,","6.0",",,,I"
"SF001012570","1967-07","-32.28","27.15","1181.0","CATHCART, SF","3",",I","1",",I","0",",I","3.5",",,I,13,","5.6",",,,I"
"SF001012570","1967-08","-32.28","27.15","1181.0","CATHCART, SF","5",",I","3",",I","0",",I","8.5",",,I,13,","20.5",",,,I"
"SF001012570","1967-09","-32.28","27.15","1181.0","CATHCART, SF","1",",I","1",",I","0",",I","2.5",",,I,30,","2.5",",,,I"
"SF001012570","1967-11","-32.28","27.15","1181.0","CATHCART, SF","9",",I","5",",I","0",",I","17.0",",,I,16,","46.8",",,,I"
"SF001012570","1967-12","-32.28","27.15","1181.0","CATHCART, SF","5",",I","4",",I","0",",I","5.5",",,I,29,","15.0",",,,I"
"SF001012570","1968-01","-32.28","27.15","1181.0","CATHCART, SF","1",",I","1",",I","0",",I","12.0",",,I,09,","12.0",",,,I"
"SF001012570","1968-02","-32.28","27.15","1181.0","CATHCART, SF","2",",I","2",",I","0",",I","8.0",",,I,11,","13.0",",,,I"
"SF001012570","1968-03","-32.28","27.15","1181.0","CATHCART, SF","6",",I","5",",I","0",",I","12.0",",,I,28,+","40.5",",,,I"
"SF001012570","1968-04","-32.28","27.15","1181.0","CATHCART, SF","10",",I","7",",I","1",",I","40.0",",,I,08,","100.2",",,,I"
"SF001012570","1968-05","-32.28","27.15","1181.0","CATHCART, SF","3",",I","3",",I","0",",I","9.0",",,I,16,","15.0",",,,I"
"SF001012570","1968-06","-32.28","27.15","1181.0","CATHCART, SF","0",",I","0",",I","0",",I","0.0",",,I,30,+","0.0",",,,I"
"SF001012570","1968-07","-32.28","27.15","1181.0","CATHCART, SF","2",",I","1",",I","0",",I","2.5",",,I,09,","4.5",",,,I"
"SF001012570","1968-08","-32.28","27.15","1181.0","CATHCART, SF","2",",I","1",",I","0",",I","2.5",",,I,23,","4.0",",,,I"
"SF001012570","1968-09","-32.28","27.15","1181.0","CATHCART, SF","6",",I","3",",I","2",",I","28.0",",,I,02,","62.1",",,,I"
"SF001012570","1968-10","-32.28","27.15","1181.0","CATHCART, SF","7",",I","4",",I","0",",I","10.0",",,I,10,","35.9",",,,I"
"SF001012570","1968-11","-32.28","27.15","1181.0","CATHCART, SF","2",",I","2",",I","0",",I","13.3",",,I,14,","20.8",",,,I"
"SF001012570","1968-12","-32.28","27.15","1181.0","CATHCART, SF","4",",I","3",",I","0",",I","15.5",",,I,07,","41.5",",,,I"
"SF001012570","1969-01","-32.28","27.15","1181.0","CATHCART, SF","5",",I","4",",I","0",",I","25.0",",,I,30,","45.5",",,,I"
"SF001012570","1969-02","-32.28","27.15","1181.0","CATHCART, SF","7",",I","7",",I","1",",I","27.0",",,I,24,","90.0",",,,I"
"SF001012570","1969-03","-32.28","27.15","1181.0","CATHCART, SF","12",",I","8",",I","2",",I","33.0",",,I,07,","125.8",",,,I"
"SF001012570","1969-04","-32.28","27.15","1181.0","CATHCART, SF","6",",I","3",",I","0",",I","20.4",",,I,02,","49.9",",,,I"
"SF001012570","1969-05","-32.28","27.15","1181.0","CATHCART, SF","1",",I","1",",I","0",",I","4.0",",,I,16,","4.0",",,,I"
"SF001012570","1969-06","-32.28","27.15","1181.0","CATHCART, SF","2",",I","0",",I","0",",I","1.0",",,I,15,+","2.0",",,,I"
"SF001012570","1969-07","-32.28","27.15","1181.0","CATHCART, SF","1",",I","1",",I","0",",I","3.0",",,I,01,","3.0",",,,I"
"SF001012570","1969-08","-32.28","27.15","1181.0","CATHCART, SF","1",",I","1",",I","0",",I","6.5",",,I,31,","6.5",",,,I"
"SF001012570","1969-09","-32.28","27.15","1181.0","CATHCART, SF","4",",I","2",",I","0",",I","12.5",",,I,11,","17.6",",,,I"
"SF001012570","1969-10","-32.28","27.15","1181.0","CATHCART, SF","9",",I","6",",I","0",",I","25.0",",,I,19,","70.5",",,,I"
"SF001012570","1969-11","-32.28","27.15","1181.0","CATHCART, SF","6",",I","4",",I","0",",I","24.0",",,I,07,","54.0",",,,I"
"SF001012570","1969-12","-32.28","27.15","1181.0","CATHCART, SF","4",",I","4",",I","1",",I","28.5",",,I,07,","47.0",",,,I"
"SF001012570","1970-01","-32.28","27.15","1181.0","CATHCART, SF","3",",I","2",",I","0",",I","9.5",",,I,31,","17.0",",,,I"
"SF001012570","1970-02","-32.28","27.15","1181.0","CATHCART, SF","7",",I","5",",I","0",",I","12.5",",,I,07,","42.3",",,,I"
"SF001012570","1970-03","-32.28","27.15","1181.0","CATHCART, SF","3",",I","3",",I","1",",I","28.5",",,I,18,","45.0",",,,I"
"SF001012570","1970-04","-32.28","27.15","1181.0","CATHCART, SF","3",",I","3",",I","0",",I","13.0",",,I,19,","22.5",",,,I"
"SF001012570","1970-05","-32.28","27.15","1181.0","CATHCART, SF","3",",I","3",",I","0",",I","7.0",",,I,07,","12.0",",,,I"
"SF001012570","1970-06","-32.28","27.15","1181.0","CATHCART, SF","3",",I","3",",I","1",",I","33.5",",,I,25,","48.0",",,,I"
"SF001012570","1970-07","-32.28","27.15","1181.0","CATHCART, SF","1",",I","0",",I","0",",I","1.6",",,I,29,","1.6",",,,I"
"SF001012570","1970-08","-32.28","27.15","1181.0","CATHCART, SF","6",",I","5",",I","3",",I","51.5",",,I,28,","137.1",",,,I"
"SF001012570","1970-09","-32.28","27.15","1181.0","CATHCART, SF","6",",I","4",",I","0",",I","13.5",",,I,07,","41.5",",,,I"
"SF001012570","1970-10","-32.28","27.15","1181.0","CATHCART, SF","11",",I","9",",I","0",",I","17.5",",,I,11,","58.0",",,,I"
"SF001012570","1970-11","-32.28","27.15","1181.0","CATHCART, SF","5",",I","3",",I","0",",I","8.0",",,I,14,","23.5",",,,I"
"SF001012570","1970-12","-32.28","27.15","1181.0","CATHCART, SF","8",",I","7",",I","2",",I","75.0",",,I,06,","166.6",",,,I"
"SF001012570","1971-01","-32.28","27.15","1181.0","CATHCART, SF","16",",I","15",",I","1",",I","48.0",",,I,09,","178.4",",,,I"
"SF001012570","1971-02","-32.28","27.15","1181.0","CATHCART, SF","7",",I","6",",I","1",",I","25.5",",,I,10,","78.5",",,,I"
"SF001012570","1971-03","-32.28","27.15","1181.0","CATHCART, SF","10",",I","8",",I","0",",I","16.0",",,I,23,","70.7",",,,I"
"SF001012570","1971-04","-32.28","27.15","1181.0","CATHCART, SF","7",",I","6",",I","0",",I","21.0",",,I,02,","74.1",",,,I"
"SF001012570","1971-05","-32.28","27.15","1181.0","CATHCART, SF","7",",I","2",",I","0",",I","8.5",",,I,02,","15.5",",,,I"
"SF001012570","1971-06","-32.28","27.15","1181.0","CATHCART, SF","2",",I","1",",I","0",",I","6.0",",,I,21,","7.0",",,,I"
"SF001012570","1971-07","-32.28","27.15","1181.0","CATHCART, SF","5",",I","2",",I","0",",I","16.5",",,I,30,","24.5",",,,I"
"SF001012570","1971-08","-32.28","27.15","1181.0","CATHCART, SF","3",",I","2",",I","2",",I","39.0",",,I,20,","71.8",",,,I"
"SF001012570","1971-09","-32.28","27.15","1181.0","CATHCART, SF","4",",I","2",",I","0",",I","6.0",",,I,28,","13.5",",,,I"
"SF001012570","1971-10","-32.28","27.15","1181.0","CATHCART, SF","7",",I","6",",I","1",",I","34.5",",,I,07,","73.0",",,,I"
"SF001012570","1971-11","-32.28","27.15","1181.0","CATHCART, SF","10",",I","9",",I","0",",I","13.5",",,I,14,","69.0",",,,I"
"SF001012570","1971-12","-32.28","27.15","1181.0","CATHCART, SF","9",",I","8",",I","0",",I","11.5",",,I,11,","61.5",",,,I"
"SF001012570","1972-01","-32.28","27.15","1181.0","CATHCART, SF","7",",I","5",",I","0",",I","23.0",",,I,10,","69.2",",,,I"
"SF001012570","1972-02","-32.28","27.15","1181.0","CATHCART, SF","10",",I","8",",I","2",",I","99.0",",,I,21,","198.4",",,,I"
"SF001012570","1972-03","-32.28","27.15","1181.0","CATHCART, SF","10",",I","9",",I","1",",I","45.5",",,I,18,","118.0",",,,I"
"SF001012570","1972-04","-32.28","27.15","1181.0","CATHCART, SF","4",",I","3",",I","0",",I","18.5",",,I,12,","34.8",",,,I"
"SF001012570","1972-05","-32.28","27.15","1181.0","CATHCART, SF","1",",I","0",",I","0",",I","1.5",",,I,11,","1.5",",,,I"
"SF001012570","1972-06","-32.28","27.15","1181.0","CATHCART, SF","5",",I","4",",I","0",",I","8.5",",,I,05,","26.5",",,,I"
"SF001012570","1972-07","-32.28","27.15","1181.0","CATHCART, SF","1",",I","0",",I","0",",I","0.8",",,I,18,","0.8",",,,I"
"SF001012570","1972-08","-32.28","27.15","1181.0","CATHCART, SF","2",",I","2",",I","0",",I","7.5",",,I,10,","10.0",",,,I"
"SF001012570","1972-09","-32.28","27.15","1181.0","CATHCART, SF","2",",I","2",",I","0",",I","15.5",",,I,02,","18.5",",,,I"
"SF001012570","1972-10","-32.28","27.15","1181.0","CATHCART, SF","3",",I","3",",I","1",",I","29.0",",,I,13,","46.0",",,,I"
"SF001012570","1972-11","-32.28","27.15","1181.0","CATHCART, SF","6",",I","4",",I","0",",I","15.0",",,I,03,","42.6",",,,I"
"SF001012570","1972-12","-32.28","27.15","1181.0","CATHCART, SF","2",",I","2",",I","0",",I","12.5",",,I,16,","17.5",",,,I"
"SF001012570","1973-01","-32.28","27.15","1181.0","CATHCART, SF","3",",I","1",",I","0",",I","14.0",",,I,05,","16.5",",,,I"
"SF001012570","1973-02","-32.28","27.15","1181.0","CATHCART, SF","12",",I","9",",I","1",",I","31.5",",,I,18,","118.5",",,,I"
"SF001012570","1973-03","-32.28","27.15","1181.0","CATHCART, SF","5",",I","5",",I","0",",I","22.5",",,I,20,","48.0",",,,I"
"SF001012570","1973-04","-32.28","27.15","1181.0","CATHCART, SF","6",",I","5",",I","0",",I","23.0",",,I,02,","52.7",",,,I"
"SF001012570","1973-05","-32.28","27.15","1181.0","CATHCART, SF","5",",I","2",",I","0",",I","5.0",",,I,24,","8.9",",,,I"
"SF001012570","1973-06","-32.28","27.15","1181.0","CATHCART, SF","0",",I","0",",I","0",",I","0.0",",,I,30,+","0.0",",,,I"
"SF001012570","1973-07","-32.28","27.15","1181.0","CATHCART, SF","1",",I","1",",I","0",",I","5.0",",,I,26,","5.0",",,,I"
"SF001012570","1973-08","-32.28","27.15","1181.0","CATHCART, SF","8",",I","6",",I","0",",I","7.0",",,I,05,","34.6",",,,I"
"SF001012570","1973-09","-32.28","27.15","1181.0","CATHCART, SF","3",",I","2",",I","0",",I","9.0",",,I,14,","12.1",",,,I"
"SF001012570","1973-10","-32.28","27.15","1181.0","CATHCART, SF","5",",I","4",",I","0",",I","21.5",",,I,21,","38.0",",,,I"
"SF001012570","1973-11","-32.28","27.15","1181.0","CATHCART, SF","10",",I","9",",I","0",",I","13.5",",,I,24,","63.0",",,,I"
"SF001012570","1973-12","-32.28","27.15","1181.0","CATHCART, SF","11",",I","8",",I","1",",I","59.0",",,I,22,","131.0",",,,I"
"SF001012570","1974-01","-32.28","27.15","1181.0","CATHCART, SF","14","2,I","9","2,I","2","2,I","43.0","2,,I,16,","182.8",",a,,I"
"SF001012570","1974-02","-32.28","27.15","1181.0","CATHCART, SF","10","2,I","7","2,I","1","2,I","28.5","2,,I,06,","92.2",",a,,I"
"SF001012570","1974-03","-32.28","27.15","1181.0","CATHCART, SF","16",",I","13",",I","3",",I","35.5",",,I,01,","190.8",",,,I"
"SF001012570","1974-04","-32.28","27.15","1181.0","CATHCART, SF","8",",I","4",",I","0",",I","4.5",",,I,14,","20.3",",,,I"
"SF001012570","1974-05","-32.28","27.15","1181.0","CATHCART, SF","9",",I","6",",I","0",",I","15.5",",,I,12,","49.0",",,,I"
"SF001012570","1974-06","-32.28","27.15","1181.0","CATHCART, SF","2",",I","2",",I","0",",I","15.0",",,I,30,","18.0",",,,I"
"SF001012570","1974-07","-32.28","27.15","1181.0","CATHCART, SF","0",",I","0",",I","0",",I","0.0",",,I,31,+","0.0",",,,I"
"SF001012570","1974-08","-32.28","27.15","1181.0","CATHCART, SF","7",",I","6",",I","2",",I","29.0",",,I,16,","87.8",",,,I"
"SF001012570","1974-09","-32.28","27.15","1181.0","CATHCART, SF","3",",I","0",",I","0",",I","1.5",",,I,30,","3.4",",,,I"
"SF001012570","1974-10","-32.28","27.15","1181.0","CATHCART, SF","7",",I","3",",I","0",",I","8.0",",,I,04,","23.7",",,,I"
"SF001012570","1974-11","-32.28","27.15","1181.0","CATHCART, SF","14","2,I","11","2,I","0","2,I","23.5","2,,I,29,","131.1",",a,,I"
"SF001012570","1974-12","-32.28","27.15","1181.0","CATHCART, SF","8",",I","5",",I","0",",I","14.0",",,I,17,","37.5",",,,I"
"SF001012570","1975-01","-32.28","27.15","1181.0","CATHCART, SF","9",",I","7",",I","0",",I","12.0",",,I,22,","44.1",",,,I"
"SF001012570","1975-02","-32.28","27.15","1181.0","CATHCART, SF","9",",I","8",",I","0",",I","17.5",",,I,18,","61.5",",,,I"
"SF001012570","1975-03","-32.28","27.15","1181.0","CATHCART, SF","7",",I","5",",I","0",",I","24.0",",,I,04,","90.6",",,,I"
"SF001012570","1975-04","-32.28","27.15","1181.0","CATHCART, SF","5",",I","3",",I","1",",I","51.0",",,I,21,","62.0",",,,I"
"SF001012570","1975-05","-32.28","27.15","1181.0","CATHCART, SF","2",",I","1",",I","0",",I","5.0",",,I,24,","6.5",",,,I"
"SF001012570","1975-06","-32.28","27.15","1181.0","CATHCART, SF","3",",I","1",",I","0",",I","18.5",",,I,27,","21.0",",,,I"
"SF001012570","1975-07","-32.28","27.15","1181.0","CATHCART, SF","3",",I","2",",I","0",",I","13.5",",,I,13,","20.0",",,,I"
"SF001012570","1975-08","-32.28","27.15","1181.0","CATHCART, SF","2",",I","2",",I","0",",I","9.5",",,I,31,","13.0",",,,I"
"SF001012570","1975-09","-32.28","27.15","1181.0","CATHCART, SF","10",",I","6",",I","0",",I","21.5",",,I,27,","65.0",",,,I"
"SF001012570","1975-10","-32.28","27.15","1181.0","CATHCART, SF","2",",I","0",",I","0",",I","1.5",",,I,30,","2.5",",,,I"
"SF001012570","1975-11","-32.28","27.15","1181.0","CATHCART, SF","9",",I","5",",I","1",",I","26.5",",,I,13,","83.7",",,,I"
"SF001012570","1975-12","-32.28","27.15","1181.0","CATHCART, SF","16",",I","10",",I","3",",I","52.0",",,I,14,","209.7",",,,I"
"SF001012570","1976-01","-32.28","27.15","1181.0","CATHCART, SF","9",",I","7",",I","1",",I","25.5",",,I,25,","69.0",",,,I"
"SF001012570","1976-02","-32.28","27.15","1181.0","CATHCART, SF","14",",I","13",",I","0",",I","24.2",",,I,26,","150.7",",,,I"
"SF001012570","1976-03","-32.28","27.15","1181.0","CATHCART, SF","13",",I","13",",I","5",",I","51.5",",,I,07,","270.0",",,,I"
"SF001012570","1976-04","-32.28","27.15","1181.0","CATHCART, SF","10",",I","7",",I","0",",I","13.5",",,I,29,","51.5",",,,I"
"SF001012570","1976-05","-32.28","27.15","1181.0","CATHCART, SF","6",",I","5",",I","0",",I","8.5",",,I,03,","31.5",",,,I"
"SF001012570","1976-06","-32.28","27.15","1181.0","CATHCART, SF","2",",I","2",",I","0",",I","5.6",",,I,19,","9.6",",,,I"
"SF001012570","1976-07","-32.28","27.15","1181.0","CATHCART, SF","5","2,I","0","2,I","0","2,I","2.0","2,,I,08,","31.3",",a,,I"
"SF001012570","1976-08","-32.28","27.15","1181.0","CATHCART, SF","2",",I","1",",I","0",",I","3.0",",,I,28,","3.7",",,,I"
"SF001012570","1976-09","-32.28","27.15","1181.0","CATHCART, SF","9",",I","6",",I","0",",I","14.0",",,I,27,","48.5",",,,I"
"SF001012570","1976-10","-32.28","27.15","1181.0","CATHCART, SF","18",",I","13",",I","0",",I","20.0",",,I,04,","141.6",",,,I"
"SF001012570","1976-11","-32.28","27.15","1181.0","CATHCART, SF","5",",I","5",",I","0",",I","20.5",",,I,03,","50.0",",,,I"
"SF001012570","1976-12","-32.28","27.15","1181.0","CATHCART, SF","7",",I","6",",I","1",",I","57.5",",,I,15,","136.5",",,,I"
"SF001012570","1977-01","-32.28","27.15","1181.0","CATHCART, SF","6",",I","5",",I","0",",I","21.5",",,I,11,","58.8",",,,I"
"SF001012570","1977-02","-32.28","27.15","1181.0","CATHCART, SF","11",",I","9",",I","3",",I","37.0",",,I,18,","139.5",",,,I"
"SF001012570","1977-03","-32.28","27.15","1181.0","CATHCART, SF","5",",I","4",",I","0",",I","5.0",",,I,22,","16.5",",,,I"
"SF001012570","1977-04","-32.28","27.15","1181.0","CATHCART, SF","5",",I","5",",I","0",",I","16.0",",,I,16,","34.0",",,,I"
"SF001012570","1977-05","-32.28","27.15","1181.0","CATHCART, SF","5",",I","5",",I","0",",I","6.0",",,I,09,","24.0",",,,I"
"SF001012570","1977-06","-32.28","27.15","1181.0","CATHCART, SF","2",",I","2",",I","0",",I","10.5",",,I,30,","16.5",",,,I"
"SF001012570","1977-07","-32.28","27.15","1181.0","CATHCART, SF","1",",I","0",",I","0",",I","0.5",",,I,01,","0.5",",,,I"
"SF001012570","1977-08","-32.28","27.15","1181.0","CATHCART, SF","2",",I","2",",I","0",",I","4.0",",,I,10,","7.0",",,,I"
"SF001012570","1977-09","-32.28","27.15","1181.0","CATHCART, SF","8",",I","8",",I","0",",I","21.0",",,I,17,","79.3",",,,I"
"SF001012570","1977-10","-32.28","27.15","1181.0","CATHCART, SF","5",",I","4",",I","0",",I","21.5",",,I,21,","47.0",",,,I"
"SF001012570","1977-11","-32.28","27.15","1181.0","CATHCART, SF","8",",I","5",",I","0",",I","17.0",",,I,02,","47.5",",,,I"
"SF001012570","1977-12","-32.28","27.15","1181.0","CATHCART, SF","8",",I","6",",I","1",",I","79.0",",,I,30,","130.3",",,,I"
"SF001012570","1978-01","-32.28","27.15","1181.0","CATHCART, SF","9",",I","6",",I","2",",I","33.5",",,I,25,","88.3",",,,I"
"SF001012570","1978-02","-32.28","27.15","1181.0","CATHCART, SF","9",",I","5",",I","0",",I","22.2",",,I,18,","61.6",",,,I"
"SF001012570","1978-03","-32.28","27.15","1181.0","CATHCART, SF","12",",I","10",",I","0",",I","24.0",",,I,13,","125.3",",,,I"
"SF001012570","1978-04","-32.28","27.15","1181.0","CATHCART, SF","8",",I","6",",I","0",",I","19.0",",,I,20,","44.5",",,,I"
"SF001012570","1978-05","-32.28","27.15","1181.0","CATHCART, SF","1",",I","0",",I","0",",I","0.8",",,I,01,","0.8",",,,I"
"SF001012570","1978-06","-32.28","27.15","1181.0","CATHCART, SF","3",",I","1",",I","0",",I","9.5",",,I,10,","12.3",",,,I"
"SF001012570","1978-07","-32.28","27.15","1181.0","CATHCART, SF","1",",I","0",",I","0",",I","2.2",",,I,31,","2.2",",,,I"
"SF001012570","1978-08","-32.28","27.15","1181.0","CATHCART, SF","5",",I","1",",I","0",",I","3.5",",,I,20,","9.2",",,,I"
"SF001012570","1978-09","-32.28","27.15","1181.0","CATHCART, SF","7",",I","2",",I","0",",I","10.0",",,I,20,","21.8",",,,I"
"SF001012570","1978-10","-32.28","27.15","1181.0","CATHCART, SF","5",",I","5",",I","1",",I","26.0",",,I,31,","72.0",",,,I"
"SF001012570","1978-11","-32.28","27.15","1181.0","CATHCART, SF","4",",I","2",",I","0",",I","18.0",",,I,10,","30.0",",,,I"
"SF001012570","1978-12","-32.28","27.15","1181.0","CATHCART, SF","10",",I","10",",I","1",",I","31.5",",,I,07,","102.0",",,,I"
"SF001012570","1979-01","-32.28","27.15","1181.0","CATHCART, SF","7",",I","5",",I","1",",I","32.0",",,I,25,","69.0",",,,I"
"SF001012570","1979-02","-32.28","27.15","1181.0","CATHCART, SF","10",",I","7",",I","1",",I","37.0",",,I,26,","83.1",",,,I"
"SF001012570","1979-03","-32.28","27.15","1181.0","CATHCART, SF","6",",I","5",",I","1",",I","37.5",",,I,12,","78.5",",,,I"
"SF001012570","1979-04","-32.28","27.15","1181.0","CATHCART, SF","3",",I","3",",I","0",",I","23.0",",,I,11,","45.5",",,,I"
"SF001012570","1979-05","-32.28","27.15","1181.0","CATHCART, SF","4",",I","4",",I","1",",I","32.5",",,I,03,","84.0",",,,I"
"SF001012570","1979-06","-32.28","27.15","1181.0","CATHCART, SF","2",",I","0",",I","0",",I","1.0",",,I,11,","1.6",",,,I"
"SF001012570","1979-07","-32.28","27.15","1181.0","CATHCART, SF","5",",I","4",",I","2",",I","63.5",",,I,19,","117.5",",,,I"
"SF001012570","1979-08","-32.28","27.15","1181.0","CATHCART, SF","10",",I","7",",I","1",",I","41.5",",,I,19,","101.1",",,,I"
"SF001012570","1979-09","-32.28","27.15","1181.0","CATHCART, SF","4",",I","2",",I","0",",I","23.5",",,I,27,","36.5",",,,I"
"SF001012570","1979-10","-32.28","27.15","1181.0","CATHCART, SF","5",",I","3",",I","0",",I","23.0",",,I,18,","31.3",",,,I"
"SF001012570","1979-11","-32.28","27.15","1181.0","CATHCART, SF","7",",I","6",",I","1",",I","48.5",",,I,13,","74.5",",,,I"
"SF001012570","1979-12","-32.28","27.15","1181.0","CATHCART, SF","6",",I","4",",I","0",",I","16.4",",,I,14,","31.4",",,,I"
"SF001012570","1980-01","-32.28","27.15","1181.0","CATHCART, SF","9",",I","6",",I","1",",I","25.5",",,I,11,","74.4",",,,I"
"SF001012570","1980-02","-32.28","27.15","1181.0","CATHCART, SF","10",",I","10",",I","2",",I","32.0",",,I,26,","133.0",",,,I"
"SF001012570","1980-03","-32.28","27.15","1181.0","CATHCART, SF","8",",I","7",",I","1",",I","35.0",",,I,21,","95.7",",,,I"
"SF001012570","1980-04","-32.28","27.15","1181.0","CATHCART, SF","2",",I","2",",I","0",",I","4.0",",,I,03,","6.5",",,,I"
"SF001012570","1980-05","-32.28","27.15","1181.0","CATHCART, SF","1",",I","0",",I","0",",I","1.5",",,I,05,","1.5",",,,I"
"SF001012570","1980-06","-32.28","27.15","1181.0","CATHCART, SF","3",",I","1",",I","0",",I","3.5",",,I,28,","6.5",",,,I"
"SF001012570","1980-07","-32.28","27.15","1181.0","CATHCART, SF","2",",I","2",",I","0",",I","6.0",",,I,30,","9.0",",,,I"
"SF001012570","1980-08","-32.28","27.15","1181.0","CATHCART, SF","2",",I","2",",I","0",",I","4.0",",,I,07,","7.0",",,,I"
"SF001012570","1980-09","-32.28","27.15","1181.0","CATHCART, SF","5",",I","4",",I","0",",I","10.0",",,I,28,","27.0",",,,I"
"SF001012570","1980-10","-32.28","27.15","1181.0","CATHCART, SF","4",",I","2",",I","0",",I","5.0",",,I,17,","12.0",",,,I"
"SF001012570","1980-11","-32.28","27.15","1181.0","CATHCART, SF","10",",I","9",",I","0",",I","22.0",",,I,25,","78.5",",,,I"
"SF001012570","1980-12","-32.28","27.15","1181.0","CATHCART, SF","6",",I","3",",I","0",",I","10.0",",,I,15,","21.8",",,,I"
"SF001012570","1981-01","-32.28","27.15","1181.0","CATHCART, SF","9",",I","8",",I","1",",I","48.5",",,I,23,","121.0",",,,I"
"SF001012570","1981-02","-32.28","27.15","1181.0","CATHCART, SF","11",",I","9",",I","1",",I","25.5",",,I,24,","115.6",",,,I"
"SF001012570","1981-04","-32.28","27.15","1181.0","CATHCART, SF","4",",I","1",",I","0",",I","13.5",",,I,24,","19.5",",,,I"
"SF001012570","1981-05","-32.28","27.15","1181.0","CATHCART, SF","8",",I","5",",I","0",",I","20.0",",,I,26,","55.3",",,,I"
"SF001012570","1981-06","-32.28","27.15","1181.0","CATHCART, SF","3",",I","2",",I","0",",I","11.0",",,I,03,","19.0",",,,I"
"SF001012570","1981-07","-32.28","27.15","1181.0","CATHCART, SF","1",",I","0",",I","0",",I","2.0",",,I,28,","2.0",",,,I"
"SF001012570","1981-08","-32.28","27.15","1181.0","CATHCART, SF","10",",I","5",",I","0",",I","23.0",",,I,22,","47.8",",,,I"
"SF001012570","1981-09","-32.28","27.15","1181.0","CATHCART, SF","2",",I","1",",I","0",",I","5.0",",,I,26,","6.5",",,,I"
"SF001012570","1981-10","-32.28","27.15","1181.0","CATHCART, SF","4",",I","4",",I","0",",I","14.0",",,I,22,","38.2",",,,I"
"SF001012570","1981-11","-32.28","27.15","1181.0","CATHCART, SF","3",",I","2",",I","0",",I","15.0",",,I,24,","25.2",",,,I"
"SF001012570","1981-12","-32.28","27.15","1181.0","CATHCART, SF","8",",I","5",",I","1",",I","36.5",",,I,05,","81.8",",,,I"
"SF001012570","1982-01","-32.28","27.15","1181.0","CATHCART, SF","8",",I","2",",I","0",",I","5.5",",,I,10,","16.7",",,,I"
"SF001012570","1982-02","-32.28","27.15","1181.0","CATHCART, SF","10",",I","6",",I","0",",I","14.0",",,I,19,","73.0",",,,I"
"SF001012570","1982-03","-32.28","27.15","1181.0","CATHCART, SF","12",",I","5",",I","2",",I","26.0",",,I,01,","88.1",",,,I"
"SF001012570","1982-04","-32.28","27.15","1181.0","CATHCART, SF","13",",I","9",",I","0",",I","18.0",",,I,08,","73.3",",,,I"
"SF001012570","1982-05","-32.28","27.15","1181.0","CATHCART, SF","0",",I","0",",I","0",",I","0.0",",,I,31,+","0.0",",,,I"
"SF001012570","1982-06","-32.28","27.15","1181.0","CATHCART, SF","5",",I","3",",I","1",",I","31.5",",,I,13,","53.5",",,,I"
"SF001012570","1982-07","-32.28","27.15","1181.0","CATHCART, SF","4",",I","2",",I","0",",I","4.0",",,I,25,","9.5",",,,I"
"SF001012570","1982-08","-32.28","27.15","1181.0","CATHCART, SF","3",",I","1",",I","0",",I","3.5",",,I,31,","5.2",",,,I"
"SF001012570","1982-09","-32.28","27.15","1181.0","CATHCART, SF","6",",I","2",",I","0",",I","20.0",",,I,14,","39.7",",,,I"
"SF001012570","1982-10","-32.28","27.15","1181.0","CATHCART, SF","10",",I","7",",I","0",",I","23.5",",,I,18,","97.3",",,,I"
"SF001012570","1982-11","-32.28","27.15","1181.0","CATHCART, SF","7",",I","6",",I","0",",I","23.0",",,I,14,","80.9",",,,I"
"SF001012570","1982-12","-32.28","27.15","1181.0","CATHCART, SF","3",",I","2",",I","0",",I","9.0",",,I,04,","13.5",",,,I"
"SF001012570","1983-01","-32.28","27.15","1181.0","CATHCART, SF","7",",I","5",",I","1",",I","31.5",",,I,29,","75.9",",,,I"
"SF001012570","1983-02","-32.28","27.15","1181.0","CATHCART, SF","3",",I","0",",I","0",",I","2.0",",,I,27,","4.5",",,,I"
"SF001012570","1983-03","-32.28","27.15","1181.0","CATHCART, SF","7",",I","4",",I","0",",I","14.0",",,I,01,","29.2",",,,I"
"SF001012570","1983-04","-32.28","27.15","1181.0","CATHCART, SF","6",",I","6",",I","0",",I","12.0",",,I,08,","37.5",",,,I"
"SF001012570","1983-05","-32.28","27.15","1181.0","CATHCART, SF","4",",I","3",",I","0",",I","9.0",",,I,13,","17.2",",,,I"
"SF001012570","1983-06","-32.28","27.15","1181.0","CATHCART, SF","4",",I","3",",I","0",",I","14.0",",,I,11,","27.2",",,,I"
"SF001012570","1983-07","-32.28","27.15","1181.0","CATHCART, SF","5",",I","3",",I","1",",I","48.0",",,I,23,","65.4",",,,I"
"SF001012570","1983-08","-32.28","27.15","1181.0","CATHCART, SF","1",",I","0",",I","0",",I","2.0",",,I,07,","2.0",",,,I"
"SF001012570","1983-09","-32.28","27.15","1181.0","CATHCART, SF","8",",I","3",",I","1",",I","51.0",",,I,21,","68.8",",,,I"
"SF001012570","1983-10","-32.28","27.15","1181.0","CATHCART, SF","12",",I","7",",I","0",",I","23.5",",,I,02,","86.2",",,,I"
"SF001012570","1983-11","-32.28","27.15","1181.0","CATHCART, SF","9",",I","7",",I","0",",I","17.0",",,I,21,","53.3",",,,I"
"SF001012570","1983-12","-32.28","27.15","1181.0","CATHCART, SF","14",",I","8",",I","1",",I","61.5",",,I,29,","119.0",",,,I"
"SF001012570","1984-01","-32.28","27.15","1181.0","CATHCART, SF","8",",I","4",",I","0",",I","20.0",",,I,12,","62.5",",,,I"
"SF001012570","1984-02","-32.28","27.15","1181.0","CATHCART, SF","3",",I","3",",I","0",",I","8.5",",,I,14,","17.5",",,,I"
"SF001012570","1984-03","-32.28","27.15","1181.0","CATHCART, SF","12",",I","9",",I","0",",I","14.0",",,I,06,","55.1",",,,I"
"SF001012570","1984-04","-32.28","27.15","1181.0","CATHCART, SF","4",",I","4",",I","0",",I","22.0",",,I,07,","45.5",",,,I"
"SF001012570","1984-05","-32.28","27.15","1181.0","CATHCART, SF","4",",I","3",",I","1",",I","36.0",",,I,01,","53.5",",,,I"
"SF001012570","1984-06","-32.28","27.15","1181.0","CATHCART, SF","1",",I","1",",I","0",",I","4.5",",,I,19,","4.5",",,,I"
"SF001012570","1984-07","-32.28","27.15","1181.0","CATHCART, SF","3",",I","2",",I","0",",I","4.5",",,I,29,","8.8",",,,I"
"SF001012570","1984-08","-32.28","27.15","1181.0","CATHCART, SF","3",",I","2",",I","0",",I","12.0",",,I,30,","15.1",",,,I"
"SF001012570","1984-09","-32.28","27.15","1181.0","CATHCART, SF","4",",I","0",",I","0",",I","2.0",",,I,13,","5.1",",,,I"
"SF001012570","1984-10","-32.28","27.15","1181.0","CATHCART, SF","9",",I","8",",I","0",",I","24.5",",,I,03,","95.2",",,,I"
"SF001012570","1984-11","-32.28","27.15","1181.0","CATHCART, SF","8",",I","4",",I","0",",I","23.5",",,I,27,","67.0",",,,I"
"SF001012570","1984-12","-32.28","27.15","1181.0","CATHCART, SF","8",",I","6",",I","0",",I","22.8",",,I,19,","55.5",",,,I"
"SF001012570","1985-01","-32.28","27.15","1181.0","CATHCART, SF","19",",I","14",",I","2",",I","34.0",",,I,11,","161.5",",,,I"
"SF001012570","1985-02","-32.28","27.15","1181.0","CATHCART, SF","20",",I","16",",I","1",",I","36.5",",,I,05,","186.3",",,,I"
"SF001012570","1985-03","-32.28","27.15","1181.0","CATHCART, SF","5",",I","4",",I","0",",I","5.0",",,I,11,","15.0",",,,I"
"SF001012570","1985-04","-32.28","27.15","1181.0","CATHCART, SF","5",",I","4",",I","0",",I","19.0",",,I,04,","37.1",",,,I"
"SF001012570","1985-05","-32.28","27.15","1181.0","CATHCART, SF","1",",I","1",",I","0",",I","4.0",",,I,28,","4.0",",,,I"
"SF001012570","1985-06","-32.28","27.15","1181.0","CATHCART, SF","3",",I","2",",I","0",",I","19.5",",,I,24,","25.0",",,,I"
"SF001012570","1985-07","-32.28","27.15","1181.0","CATHCART, SF","0",",I","0",",I","0",",I","0.0",",,I,31,+","0.0",",,,I"
"SF001012570","1985-08","-32.28","27.15","1181.0","CATHCART, SF","0",",I","0",",I","0",",I","0.0",",,I,31,+","0.0",",,,I"
"SF001012570","1985-09","-32.28","27.15","1181.0","CATHCART, SF","4",",I","1",",I","0",",I","3.5",",,I,13,","8.2",",,,I"
"SF001012570","1985-10","-32.28","27.15","1181.0","CATHCART, SF","13",",I","11",",I","1",",I","29.0",",,I,30,","127.0",",,,I"
"SF001012570","1985-11","-32.28","27.15","1181.0","CATHCART, SF","10",",I","9",",I","2",",I","39.5",",,I,02,","117.2",",,,I"
"SF001012570","1985-12","-32.28","27.15","1181.0","CATHCART, SF","12",",I","10",",I","2",",I","46.0",",,I,23,","179.8",",,,I"
"SF001012570","1986-01","-32.28","27.15","1181.0","CATHCART, SF","11",",I","5",",I","0",",I","20.0",",,I,03,","58.0",",,,I"
"SF001012570","1986-02","-32.28","27.15","1181.0","CATHCART, SF","9",",I","5",",I","0",",I","21.5",",,I,20,","67.2",",,,I"
"SF001012570","1986-03","-32.28","27.15","1181.0","CATHCART, SF","10",",I","9",",I","0",",I","19.0",",,I,09,","83.6",",,,I"
"SF001012570","1986-04","-32.28","27.15","1181.0","CATHCART, SF","5",",I","3",",I","0",",I","24.0",",,I,26,","49.7",",,,I"
"SF001012570","1986-05","-32.28","27.15","1181.0","CATHCART, SF","1",",I","0",",I","0",",I","1.8",",,I,03,","1.8",",,,I"
"SF001012570","1986-06","-32.28","27.15","1181.0","CATHCART, SF","1",",I","0",",I","0",",I","1.5",",,I,02,","1.5",",,,I"
"SF001012570","1986-07","-32.28","27.15","1181.0","CATHCART, SF","1",",I","1",",I","0",",I","4.0",",,I,01,","4.0",",,,I"
"SF001012570","1986-08","-32.28","27.15","1181.0","CATHCART, SF","4",",I","2",",I","1",",I","38.5",",,I,27,","43.6",",,,I"
"SF001012570","1986-09","-32.28","27.15","1181.0","CATHCART, SF","5",",I","4",",I","0",",I","22.5",",,I,13,","53.0",",,,I"
"SF001012570","1986-10","-32.28","27.15","1181.0","CATHCART, SF","11",",I","10",",I","1",",I","27.0",",,I,04,","140.5",",,,I"
"SF001012570","1986-11","-32.28","27.15","1181.0","CATHCART, SF","10",",I","8",",I","1",",I","27.0",",,I,20,","93.0",",,,I"
"SF001012570","1986-12","-32.28","27.15","1181.0","CATHCART, SF","6",",I","3",",I","0",",I","8.5",",,I,02,","25.0",",,,I"
"SF001012570","1987-01","-32.28","27.15","1181.0","CATHCART, SF","7",",I","5",",I","0",",I","7.5",",,I,11,","21.4",",,,I"
"SF001012570","1987-02","-32.28","27.15","1181.0","CATHCART, SF","9",",I","8",",I","1",",I","27.0",",,I,15,","115.0",",,,I"
"SF001012570","1987-03","-32.28","27.15","1181.0","CATHCART, SF","8",",I","6",",I","0",",I","7.8",",,I,19,","31.0",",,,I"
"SF001012570","1987-04","-32.28","27.15","1181.0","CATHCART, SF","5",",I","4",",I","0",",I","15.0",",,I,20,","26.5",",,,I"
"SF001012570","1987-05","-32.28","27.15","1181.0","CATHCART, SF","3",",I","3",",I","0",",I","3.5",",,I,11,","9.5",",,,I"
"SF001012570","1987-06","-32.28","27.15","1181.0","CATHCART, SF","4",",I","1",",I","0",",I","3.0",",,I,10,","6.1",",,,I"
"SF001012570","1987-07","-32.28","27.15","1181.0","CATHCART, SF","2",",I","1",",I","0",",I","12.0",",,I,18,","12.8",",,,I"
"SF001012570","1987-08","-32.28","27.15","1181.0","CATHCART, SF","1",",I","1",",I","0",",I","6.5",",,I,23,","6.5",",,,I"
"SF001012570","1987-09","-32.28","27.15","1181.0","CATHCART, SF","12",",I","11",",I","1",",I","53.5",",,I,26,","154.5",",,,I"
"SF001012570","1987-10","-32.28","27.15","1181.0","CATHCART, SF","8",",I","4",",I","0",",I","10.0",",,I,24,","30.2",",,,I"
"SF001012570","1987-11","-32.28","27.15","1181.0","CATHCART, SF","9",",I","7",",I","0",",I","16.5",",,I,13,","49.8",",,,I"
"SF001012570","1987-12","-32.28","27.15","1181.0","CATHCART, SF","9",",I","8",",I","1",",I","30.5",",,I,05,","92.5",",,,I"
"SF001012570","1988-01","-32.28","27.15","1181.0","CATHCART, SF","5",",I","5",",I","0",",I","16.0",",,I,15,+","48.0",",,,I"
"SF001012570","1988-02","-32.28","27.15","1181.0","CATHCART, SF","14",",I","10",",I","3",",I","70.0",",,I,19,","187.8",",,,I"
"SF001012570","1988-03","-32.28","27.15","1181.0","CATHCART, SF","11",",I","7",",I","1",",I","26.0",",,I,04,","79.3",",,,I"
"SF001012570","1988-04","-32.28","27.15","1181.0","CATHCART, SF","6",",I","5",",I","0",",I","11.0",",,I,05,","31.5",",,,I"
"SF001012570","1988-05","-32.28","27.15","1181.0","CATHCART, SF","4",",I","4",",I","0",",I","9.0",",,I,27,","26.0",",,,I"
"SF001012570","1988-06","-32.28","27.15","1181.0","CATHCART, SF","1",",I","1",",I","0",",I","6.5",",,I,27,","6.5",",,,I"
"SF001012570","1988-07","-32.28","27.15","1181.0","CATHCART, SF","2",",I","1",",I","0",",I","7.0",",,I,03,","7.5",",,,I"
