"STATION","DATE","LATITUDE","LONGITUDE","ELEVATION","NAME","DP01","DP01_ATTRIBUTES","DP10","DP10_ATTRIBUTES","DP1X","DP1X_ATTRIBUTES","DSND","DSND_ATTRIBUTES","EMSD","EMSD_ATTRIBUTES","EMXP","EMXP_ATTRIBUTES","PRCP","PRCP_ATTRIBUTES"
"SWE00138900","1952-11","59.36","17.7197","10.0","SVARTSJO, SW","15",",E","8",",E","0",",E","","","","","10.0",",,E,16,","51.8",",,,E"
"SWE00138900","1952-12","59.36","17.7197","10.0","SVARTSJO, SW","14",",E","7",",E","0",",E","","","","","10.1",",,E,22,","51.0",",,,E"
"SWE00138900","1953-01","59.36","17.7197","10.0","SVARTSJO, SW","6",",E","3",",E","0",",E","","","","","13.0",",,E,31,","26.2",",,,E"
"SWE00138900","1953-02","59.36","17.7197","10.0","SVARTSJO, SW","11",",E","5",",E","0",",E","","","","","11.0",",,E,04,","41.1",",,,E"
"SWE00138900","1953-03","59.36","17.7197","10.0","SVARTSJO, SW","1",",E","0",",E","0",",E","","","","","2.2",",,E,30,","2.2",",,,E"
"SWE00138900","1953-04","59.36","17.7197","10.0","SVARTSJO, SW","8",",E","1",",E","0",",E","","","","","2.8",",,E,01,","10.6",",,,E"
"SWE00138900","1953-05","59.36","17.7197","10.0","SVARTSJO, SW","15",",E","7",",E","0",",E","","","","","10.2",",,E,26,","41.3",",,,E"
"SWE00138900","1953-06","59.36","17.7197","10.0","SVARTSJO, SW","8",",E","5",",E","0",",E","","","","","8.5",",,E,03,","28.1",",,,E"
"SWE00138900","1953-07","59.36","17.7197","10.0","SVARTSJO, SW","17",",E","9",",E","1",",E","","","","","34.0",",,E,22,","107.6",",,,E"
"SWE00138900","1953-08","59.36","17.7197","10.0","SVARTSJO, SW","10",",E","7",",E","0",",E","","","","","9.0",",,E,21,","41.3",",,,E"
"SWE00138900","1953-09","59.36","17.7197","10.0","SVARTSJO, SW","13",",E","10",",E","0",",E","","","","","13.0",",,E,22,","65.5",",,,E"
"SWE00138900","1953-10","59.36","17.7197","10.0","SVARTSJO, SW","5",",E","2",",E","1",",E","","","","","30.0",",,E,15,","43.6",",,,E"
"SWE00138900","1953-11","59.36","17.7197","10.0","SVARTSJO, SW","5",",E","1",",E","0",",E","","","","","6.1",",,E,04,","13.8",",,,E"
"SWE00138900","1953-12","59.36","17.7197","10.0","SVARTSJO, SW","5",",E","1",",E","0",",E","","","","","3.5",",,E,27,","9.8",",,,E"
"SWE00138900","1954-01","59.36","17.7197","10.0","SVARTSJO, SW","13",",E","7",",E","0",",E","","","","","14.5",",,E,19,","57.8",",,,E"
"SWE00138900","1954-02","59.36","17.7197","10.0","SVARTSJO, SW","4",",E","1",",E","0",",E","","","","","3.2",",,E,26,","6.4",",,,E"
"SWE00138900","1954-03","59.36","17.7197","10.0","SVARTSJO, SW","7",",E","3",",E","0",",E","","","","","15.1",",,E,05,","28.6",",,,E"
"SWE00138900","1954-04","59.36","17.7197","10.0","SVARTSJO, SW","6",",E","3",",E","0",",E","","","","","8.5",",,E,01,","23.2",",,,E"
"SWE00138900","1954-05","59.36","17.7197","10.0","SVARTSJO, SW","8",",E","5",",E","0",",E","","","","","12.5",",,E,23,","36.9",",,,E"
"SWE00138900","1954-06","59.36","17.7197","10.0","SVARTSJO, SW","8",",E","8",",E","0",",E","","","","","10.5",",,E,21,","39.7",",,,E"
"SWE00138900","1954-07","59.36","17.7197","10.0","SVARTSJO, SW","12",",E","8",",E","1",",E","","","","","65.0",",,E,14,","118.3",",,,E"
"SWE00138900","1954-08","59.36","17.7197","10.0","SVARTSJO, SW","10",",E","8",",E","0",",E","","","","","20.0",",,E,10,","96.2",",,,E"
"SWE00138900","1954-09","59.36","17.7197","10.0","SVARTSJO, SW","12",",E","11",",E","0",",E","","","","","22.0",",,E,17,","93.0",",,,E"
"SWE00138900","1954-10","59.36","17.7197","10.0","SVARTSJO, SW","7",",E","6",",E","0",",E","","","","","11.0",",,E,16,","40.6",",,,E"
"SWE00138900","1954-11","59.36","17.7197","10.0","SVARTSJO, SW","12",",E","7",",E","1",",E","","","","","30.5",",,E,12,","63.0",",,,E"
"SWE00138900","1954-12","59.36","17.7197","10.0","SVARTSJO, SW","13",",E","9",",E","0",",E","","","","","10.0",",,E,07,","53.5",",,,E"
"SWE00138900","1955-01","59.36","17.7197","10.0","SVARTSJO, SW","5",",E","1",",E","0",",E","","","","","7.8",",,E,30,","14.6",",,,E"
"SWE00138900","1955-02","59.36","17.7197","10.0","SVARTSJO, SW","5",",E","2",",E","0",",E","","","","","10.5",",,E,11,","19.4",",,,E"
"SWE00138900","1955-03","59.36","17.7197","10.0","SVARTSJO, SW","2",",E","1",",E","0",",E","","","","","5.1",",,E,26,","7.2",",,,E"
"SWE00138900","1955-04","59.36","17.7197","10.0","SVARTSJO, SW","4",",E","4",",E","0",",E","","","","","7.8",",,E,20,","22.8",",,,E"
"SWE00138900","1955-05","59.36","17.7197","10.0","SVARTSJO, SW","10",",E","4",",E","0",",E","","","","","11.0",",,E,18,","38.2",",,,E"
"SWE00138900","1955-06","59.36","17.7197","10.0","SVARTSJO, SW","4",",E","4",",E","0",",E","","","","","6.3",",,E,15,","19.4",",,,E"
"SWE00138900","1955-07","59.36","17.7197","10.0","SVARTSJO, SW","2",",E","1",",E","0",",E","","","","","2.5",",,E,02,","2.8",",,,E"
"SWE00138900","1955-08","59.36","17.7197","10.0","SVARTSJO, SW","3",",E","1",",E","0",",E","","","","","7.9",",,E,31,","10.8",",,,E"
"SWE00138900","1955-09","59.36","17.7197","10.0","SVARTSJO, SW","13",",E","5",",E","0",",E","","","","","12.1",",,E,16,","40.8",",,,E"
"SWE00138900","1955-10","59.36","17.7197","10.0","SVARTSJO, SW","13",",E","9",",E","0",",E","","","","","13.0",",,E,21,","71.5",",,,E"
"SWE00138900","1955-11","59.36","17.7197","10.0","SVARTSJO, SW","8",",E","4",",E","0",",E","","","","","12.0",",,E,08,","28.1",",,,E"
"SWE00138900","1955-12","59.36","17.7197","10.0","SVARTSJO, SW","16",",E","13",",E","0",",E","","","","","25.0",",,E,21,","104.7",",,,E"
"SWE00138900","1956-01","59.36","17.7197","10.0","SVARTSJO, SW","9",",E","5",",E","0",",E","","","","","16.5",",,E,13,","42.0",",,,E"
"SWE00138900","1956-02","59.36","17.7197","10.0","SVARTSJO, SW","11",",E","5",",E","0",",E","","","","","8.3",",,E,19,","33.7",",,,E"
"SWE00138900","1956-03","59.36","17.7197","10.0","SVARTSJO, SW","2",",E","2",",E","0",",E","","","","","6.2",",,E,05,","8.8",",,,E"
"SWE00138900","1956-04","59.36","17.7197","10.0","SVARTSJO, SW","7",",E","6",",E","0",",E","","","","","7.0",",,E,11,","31.4",",,,E"
"SWE00138900","1956-05","59.36","17.7197","10.0","SVARTSJO, SW","5",",E","1",",E","0",",E","","","","","2.6",",,E,18,","9.7",",,,E"
"SWE00138900","1956-06","59.36","17.7197","10.0","SVARTSJO, SW","13",",E","9",",E","1",",E","","","","","28.5",",,E,15,","124.5",",,,E"
"SWE00138900","1956-07","59.36","17.7197","10.0","SVARTSJO, SW","9",",E","5",",E","0",",E","","","","","10.5",",,E,27,","37.1",",,,E"
"SWE00138900","1956-08","59.36","17.7197","10.0","SVARTSJO, SW","11",",E","8",",E","0",",E","","","","","18.2",",,E,14,","92.4",",,,E"
"SWE00138900","1956-09","59.36","17.7197","10.0","SVARTSJO, SW","6",",E","5",",E","0",",E","","","","","9.0",",,E,11,","31.9",",,,E"
"SWE00138900","1956-10","59.36","17.7197","10.0","SVARTSJO, SW","8",",E","4",",E","0",",E","","","","","11.0",",,E,06,","29.2",",,,E"
"SWE00138900","1956-11","59.36","17.7197","10.0","SVARTSJO, SW","2",",E","2",",E","0",",E","","","","","18.0",",,E,29,","21.6",",,,E"
"SWE00138900","1956-12","59.36","17.7197","10.0","SVARTSJO, SW","10",",E","3",",E","0",",E","","","","","6.0",",,E,25,","24.5",",,,E"
"SWE00138900","1957-01","59.36","17.7197","10.0","SVARTSJO, SW","7",",E","4",",E","0",",E","","","","","10.0",",,E,05,","25.7",",,,E"
"SWE00138900","1957-02","59.36","17.7197","10.0","SVARTSJO, SW","12",",E","7",",E","0",",E","","","","","15.0",",,E,01,","57.5",",,,E"
"SWE00138900","1957-03","59.36","17.7197","10.0","SVARTSJO, SW","7",",E","5",",E","0",",E","","","","","9.0",",,E,17,","29.5",",,,E"
"SWE00138900","1957-04","59.36","17.7197","10.0","SVARTSJO, SW","5",",E","4",",E","0",",E","","","","","4.0",",,E,23,+","14.5",",,,E"
"SWE00138900","1957-05","59.36","17.7197","10.0","SVARTSJO, SW","6",",E","2",",E","0",",E","","","","","3.1",",,E,03,","9.6",",,,E"
"SWE00138900","1957-06","59.36","17.7197","10.0","SVARTSJO, SW","12",",E","6",",E","0",",E","","","","","20.5",",,E,09,","55.2",",,,E"
"SWE00138900","1957-07","59.36","17.7197","10.0","SVARTSJO, SW","9",",E","7",",E","0",",E","","","","","15.3",",,E,13,","57.3",",,,E"
"SWE00138900","1957-08","59.36","17.7197","10.0","SVARTSJO, SW","11",",E","9",",E","0",",E","","","","","20.0",",,E,24,","65.5",",,,E"
"SWE00138900","1957-09","59.36","17.7197","10.0","SVARTSJO, SW","18",",E","12",",E","0",",E","","","","","19.0",",,E,24,","100.2",",,,E"
"SWE00138900","1957-10","59.36","17.7197","10.0","SVARTSJO, SW","14",",E","9",",E","0",",E","","","","","10.0",",,E,17,","59.1",",,,E"
"SWE00138900","1957-11","59.36","17.7197","10.0","SVARTSJO, SW","6",",E","4",",E","0",",E","","","","","11.0",",,E,04,","33.0",",,,E"
"SWE00138900","1957-12","59.36","17.7197","10.0","SVARTSJO, SW","6",",E","3",",E","0",",E","","","","","10.0",",,E,08,","27.6",",,,E"
"SWE00138900","1958-01","59.36","17.7197","10.0","SVARTSJO, SW","9",",E","4",",E","0",",E","","","","","7.9",",,E,04,","28.3",",,,E"
"SWE00138900","1958-02","59.36","17.7197","10.0","SVARTSJO, SW","7",",E","5",",E","0",",E","","","","","10.0",",,E,09,","31.4",",,,E"
"SWE00138900","1958-03","59.36","17.7197","10.0","SVARTSJO, SW","8",",E","5",",E","0",",E","","","","","10.0",",,E,06,","35.6",",,,E"
"SWE00138900","1958-04","59.36","17.7197","10.0","SVARTSJO, SW","8",",E","4",",E","0",",E","","","","","9.2",",,E,01,","29.4",",,,E"
"SWE00138900","1958-05","59.36","17.7197","10.0","SVARTSJO, SW","11",",E","6",",E","0",",E","","","","","17.0",",,E,18,","65.0",",,,E"
"SWE00138900","1958-06","59.36","17.7197","10.0","SVARTSJO, SW","8",",E","4",",E","0",",E","","","","","20.0",",,E,09,","51.4",",,,E"
"SWE00138900","1958-07","59.36","17.7197","10.0","SVARTSJO, SW","11",",E","7",",E","0",",E","","","","","15.0",",,E,17,","52.7",",,,E"
"SWE00138900","1958-08","59.36","17.7197","10.0","SVARTSJO, SW","13",",E","13",",E","0",",E","","","","","20.0",",,E,23,","128.6",",,,E"
"SWE00138900","1958-09","59.36","17.7197","10.0","SVARTSJO, SW","5",",E","4",",E","0",",E","","","","","21.4",",,E,22,","34.0",",,,E"
"SWE00138900","1958-10","59.36","17.7197","10.0","SVARTSJO, SW","5",",E","4",",E","0",",E","","","","","10.0",",,E,07,","23.7",",,,E"
"SWE00138900","1958-11","59.36","17.7197","10.0","SVARTSJO, SW","8",",E","5",",E","0",",E","","","","","10.4",",,E,07,","32.5",",,,E"
"SWE00138900","1958-12","59.36","17.7197","10.0","SVARTSJO, SW","5",",E","5",",E","0",",E","","","","","16.0",",,E,31,","57.4",",,,E"
"SWE00138900","1959-01","59.36","17.7197","10.0","SVARTSJO, SW","10",",E","10",",E","0",",E","","","","","17.0",",,E,12,","90.5",",,,E"
"SWE00138900","1959-02","59.36","17.7197","10.0","SVARTSJO, SW","3",",E","1",",E","0",",E","","","","","4.3",",,E,23,","7.8",",,,E"
"SWE00138900","1959-03","59.36","17.7197","10.0","SVARTSJO, SW","3",",E","2",",E","0",",E","","","","","14.0",",,E,06,","25.7",",,,E"
"SWE00138900","1959-04","59.36","17.7197","10.0","SVARTSJO, SW","5",",E","4",",E","0",",E","","","","","13.0",",,E,10,","40.6",",,,E"
"SWE00138900","1959-05","59.36","17.7197","10.0","SVARTSJO, SW","5",",E","1",",E","0",",E","","","","","5.0",",,E,03,","8.8",",,,E"
"SWE00138900","1959-06","59.36","17.7197","10.0","SVARTSJO, SW","7",",E","5",",E","0",",E","","","","","5.2",",,E,29,","22.2",",,,E"
"SWE00138900","1959-07","59.36","17.7197","10.0","SVARTSJO, SW","5",",E","3",",E","0",",E","","","","","11.0",",,E,13,","25.2",",,,E"
"SWE00138900","1959-08","59.36","17.7197","10.0","SVARTSJO, SW","5",",E","2",",E","0",",E","","","","","5.2",",,E,01,","10.2",",,,E"
"SWE00138900","1959-09","59.36","17.7197","10.0","SVARTSJO, SW","6",",E","3",",E","0",",E","","","","","12.0",",,E,15,","31.3",",,,E"
"SWE00138900","1959-10","59.36","17.7197","10.0","SVARTSJO, SW","8",",E","5",",E","0",",E","","","","","19.0",",,E,31,","52.8",",,,E"
"SWE00138900","1959-11","59.36","17.7197","10.0","SVARTSJO, SW","11",",E","5",",E","0",",E","","","","","6.6",",,E,01,","31.6",",,,E"
"SWE00138900","1959-12","59.36","17.7197","10.0","SVARTSJO, SW","9",",E","7",",E","0",",E","","","","","14.2",",,E,09,","52.7",",,,E"
"SWE00138900","1960-01","59.36","17.7197","10.0","SVARTSJO, SW","10",",E","10",",E","0",",E","","","","","12.5",",,E,10,","63.9",",,,E"
"SWE00138900","1960-02","59.36","17.7197","10.0","SVARTSJO, SW","4",",E","2",",E","0",",E","","","","","4.5",",,E,22,","9.2",",,,E"
"SWE00138900","1960-03","59.36","17.7197","10.0","SVARTSJO, SW","3",",E","2",",E","0",",E","","","","","7.7",",,E,03,","15.5",",,,E"
"SWE00138900","1960-04","59.36","17.7197","10.0","SVARTSJO, SW","7",",E","2",",E","0",",E","","","","","4.6",",,E,25,","16.4",",,,E"
"SWE00138900","1960-05","59.36","17.7197","10.0","SVARTSJO, SW","5",",E","4",",E","0",",E","","","","","15.5",",,E,28,","29.9",",,,E"
"SWE00138900","1960-06","59.36","17.7197","10.0","SVARTSJO, SW","5",",E","3",",E","0",",E","","","","","6.5",",,E,30,","16.2",",,,E"
"SWE00138900","1960-07","59.36","17.7197","10.0","SVARTSJO, SW","11",",E","11",",E","1",",E","","","","","30.0",",,E,07,","110.1",",,,E"
"SWE00138900","1960-08","59.36","17.7197","10.0","SVARTSJO, SW","10",",E","10",",E","2",",E","","","","","32.2",",,E,07,","156.1",",,,E"
"SWE00138900","1960-09","59.36","17.7197","10.0","SVARTSJO, SW","6",",E","3",",E","0",",E","","","","","13.5",",,E,05,","30.8",",,,E"
"SWE00138900","1960-10","59.36","17.7197","10.0","SVARTSJO, SW","3",",E","3",",E","0",",E","","","","","16.0",",,E,20,","31.9",",,,E"
"SWE00138900","1960-11","59.36","17.7197","10.0","SVARTSJO, SW","9",",E","7",",E","0",",E","","","","","17.2",",,E,18,","57.6",",,,E"
"SWE00138900","1960-12","59.36","17.7197","10.0","SVARTSJO, SW","10",",E","8",",E","0",",E","","","","","18.0",",,E,08,","64.4",",,,E"
"SWE00138900","1961-01","59.36","17.7197","10.0","SVARTSJO, SW","4",",E","2",",E","0",",E","","","","","4.2",",,E,09,","10.8",",,,E"
"SWE00138900","1961-02","59.36","17.7197","10.0","SVARTSJO, SW","5",",E","3",",E","0",",E","","","","","7.7",",,E,04,","20.0",",,,E"
"SWE00138900","1961-03","59.36","17.7197","10.0","SVARTSJO, SW","5",",E","3",",E","0",",E","","","","","8.0",",,E,29,","17.2",",,,E"
"SWE00138900","1961-04","59.36","17.7197","10.0","SVARTSJO, SW","1",",E","1",",E","0",",E","","","","","12.2",",,E,03,","12.2",",,,E"
"SWE00138900","1961-05","59.36","17.7197","10.0","SVARTSJO, SW","11",",E","8",",E","0",",E","","","","","16.5",",,E,31,","57.2",",,,E"
"SWE00138900","1961-06","59.36","17.7197","10.0","SVARTSJO, SW","9",",E","5",",E","0",",E","","","","","23.7",",,E,15,","58.8",",,,E"
"SWE00138900","1961-07","59.36","17.7197","10.0","SVARTSJO, SW","14",",E","9",",E","0",",E","","","","","20.0",",,E,21,","85.2",",,,E"
"SWE00138900","1961-08","59.36","17.7197","10.0","SVARTSJO, SW","9",",E","8",",E","0",",E","","","","","22.0",",,E,18,","54.0",",,,E"
"SWE00138900","1961-09","59.36","17.7197","10.0","SVARTSJO, SW","5",",E","4",",E","0",",E","","","","","13.0",",,E,14,","30.6",",,,E"
"SWE00138900","1961-10","59.36","17.7197","10.0","SVARTSJO, SW","7",",E","5",",E","0",",E","","","","","15.5",",,E,18,","37.6",",,,E"
"SWE00138900","1961-11","59.36","17.7197","10.0","SVARTSJO, SW","4",",E","4",",E","0",",E","","","","","10.0",",,E,03,","18.8",",,,E"
"SWE00138900","1961-12","59.36","17.7197","10.0","SVARTSJO, SW","6",",E","6",",E","0",",E","","","","","15.0",",,E,31,","46.5",",,,E"
"SWE00138900","1962-01","59.36","17.7197","10.0","SVARTSJO, SW","9",",E","7",",E","0",",E","","","","","10.0",",,E,23,","42.0",",,,E"
"SWE00138900","1962-02","59.36","17.7197","10.0","SVARTSJO, SW","9",",E","6",",E","0",",E","","","","","7.0",",,E,16,+","35.7",",,,E"
"SWE00138900","1962-03","59.36","17.7197","10.0","SVARTSJO, SW","3",",E","3",",E","0",",E","","","","","8.0",",,E,31,","17.0",",,,E"
"SWE00138900","1962-04","59.36","17.7197","10.0","SVARTSJO, SW","4",",E","3",",E","0",",E","","","","","16.0",",,E,05,","28.5",",,,E"
"SWE00138900","1962-05","59.36","17.7197","10.0","SVARTSJO, SW","9",",E","6",",E","0",",E","","","","","14.0",",,E,30,","48.3",",,,E"
"SWE00138900","1962-09","59.36","17.7197","10.0","SVARTSJO, SW","12",",E","8",",E","0",",E","","","","","20.0",",,E,12,","65.7",",,,E"
"SWE00138900","1962-10","59.36","17.7197","10.0","SVARTSJO, SW","9",",E","3",",E","0",",E","","","","","16.7",",,E,26,","27.5",",,,E"
"SWE00138900","1962-11","59.36","17.7197","10.0","SVARTSJO, SW","9",",E","6",",E","0",",E","","","","","12.6",",,E,21,","55.2",",,,E"
"SWE00138900","1962-12","59.36","17.7197","10.0","SVARTSJO, SW","9",",E","4",",E","0",",E","","","","","6.5",",,E,29,","24.0",",,,E"
"SWE00138900","1963-01","59.36","17.7197","10.0","SVARTSJO, SW","6",",E","4",",E","0",",E","31",",","310",",,E,29,+","8.6",",,E,05,","25.6",",,,E"
"SWE00138900","1963-02","59.36","17.7197","10.0","SVARTSJO, SW","9",",E","4",",E","0",",E","28",",","430",",,E,18,+","8.3",",,E,04,","21.6",",,,E"
"SWE00138900","1963-03","59.36","17.7197","10.0","SVARTSJO, SW","7",",E","2",",E","0",",E","31",",","350",",,E,03,+","4.7",",,E,25,","13.0",",,,E"
"SWE00138900","1963-04","59.36","17.7197","10.0","SVARTSJO, SW","7",",E","3",",E","0",",E","","","","","7.0",",,E,20,","20.1",",,,E"
"SWE00138900","1963-05","59.36","17.7197","10.0","SVARTSJO, SW","5",",E","0",",E","0",",E","","","","","2.3",",,E,06,","6.5",",,,E"
"SWE00138900","1963-06","59.36","17.7197","10.0","SVARTSJO, SW","4",",E","2",",E","0",",E","","","","","9.1",",,E,19,","19.7",",,,E"
"SWE00138900","1963-07","59.36","17.7197","10.0","SVARTSJO, SW","11",",E","7",",E","0",",E","","","","","14.6",",,E,06,","60.8",",,,E"
"SWE00138900","1963-08","59.36","17.7197","10.0","SVARTSJO, SW","13",",E","7",",E","0",",E","","","","","19.1",",,E,19,","73.7",",,,E"
"SWE00138900","1963-09","59.36","17.7197","10.0","SVARTSJO, SW","7",",E","3",",E","0",",E","","","","","8.5",",,E,06,","24.8",",,,E"
"SWE00138900","1963-10","59.36","17.7197","10.0","SVARTSJO, SW","12",",E","6",",E","1",",E","","","","","30.4",",,E,13,","55.1",",,,E"
"SWE00138900","1963-11","59.36","17.7197","10.0","SVARTSJO, SW","21",",E","8",",E","0",",E","","","","","12.8",",,E,16,","53.4",",,,E"
"SWE00138900","1963-12","59.36","17.7197","10.0","SVARTSJO, SW","9",",E","2",",E","0",",E","","","","","12.9",",,E,18,","22.1",",,,E"
"SWE00138900","1964-01","59.36","17.7197","10.0","SVARTSJO, SW","4",",E","1",",E","0",",E","","","","","2.8",",,E,26,","5.6",",,,E"
"SWE00138900","1964-02","59.36","17.7197","10.0","SVARTSJO, SW","12",",E","3",",E","0",",E","20",",","120",",,E,18,+","4.9",",,E,10,","20.0",",,,E"
"SWE00138900","1964-03","59.36","17.7197","10.0","SVARTSJO, SW","0",",E","0",",E","0",",E","","","","","0.1",",,E,03,","0.1",",,,E"
"SWE00138900","1964-04","59.36","17.7197","10.0","SVARTSJO, SW","6",",E","1",",E","0",",E","","","","","3.1",",,E,12,","7.7",",,,E"
"SWE00138900","1964-05","59.36","17.7197","10.0","SVARTSJO, SW","6",",E","3",",E","0",",E","","","","","8.3",",,E,13,","24.2",",,,E"
"SWE00138900","1964-06","59.36","17.7197","10.0","SVARTSJO, SW","14",",E","7",",E","0",",E","","","","","11.1",",,E,04,","50.1",",,,E"
"SWE00138900","1964-07","59.36","17.7197","10.0","SVARTSJO, SW","7",",E","3",",E","0",",E","","","","","6.2",",,E,31,","17.9",",,,E"
"SWE00138900","1964-08","59.36","17.7197","10.0","SVARTSJO, SW","10",",E","6",",E","1",",E","","","","","26.2",",,E,19,","51.6",",,,E"
"SWE00138900","1964-09","59.36","17.7197","10.0","SVARTSJO, SW","16",",E","4",",E","0",",E","","","","","6.4",",,E,17,","34.3",",,,E"
"SWE00138900","1964-10","59.36","17.7197","10.0","SVARTSJO, SW","14",",E","8",",E","0",",E","","","","","16.1",",,E,14,","60.3",",,,E"
"SWE00138900","1964-11","59.36","17.7197","10.0","SVARTSJO, SW","15",",E","5",",E","0",",E","","","","","14.0",",,E,22,","44.0",",,,E"
"SWE00138900","1964-12","59.36","17.7197","10.0","SVARTSJO, SW","15",",E","6",",E","0",",E","","","","","17.0",",,E,13,","52.9",",,,E"
"SWE00138900","1965-01","59.36","17.7197","10.0","SVARTSJO, SW","17",",E","10",",E","0",",E","16",",","140",",,E,31,+","7.3",",,E,21,","53.0",",,,E"
"SWE00138900","1965-02","59.36","17.7197","10.0","SVARTSJO, SW","13",",E","4",",E","0",",E","27",",","210",",,E,28,+","5.3",",,E,04,","24.9",",,,E"
"SWE00138900","1965-03","59.36","17.7197","10.0","SVARTSJO, SW","5",",E","0",",E","0",",E","19",",","210",",,E,11,+","2.1",",,E,24,","4.5",",,,E"
"SWE00138900","1965-04","59.36","17.7197","10.0","SVARTSJO, SW","12",",E","3",",E","0",",E","","","","","5.1",",,E,18,","20.7",",,,E"
"SWE00138900","1965-05","59.36","17.7197","10.0","SVARTSJO, SW","5",",E","1",",E","0",",E","","","","","2.6",",,E,16,","6.0",",,,E"
"SWE00138900","1965-06","59.36","17.7197","10.0","SVARTSJO, SW","14",",E","6",",E","0",",E","","","","","16.7",",,E,07,","56.6",",,,E"
"SWE00138900","1965-07","59.36","17.7197","10.0","SVARTSJO, SW","16",",E","9",",E","0",",E","","","","","14.6",",,E,24,","87.6",",,,E"
"SWE00138900","1965-08","59.36","17.7197","10.0","SVARTSJO, SW","19",",E","7",",E","0",",E","","","","","22.3",",,E,27,","66.3",",,,E"
"SWE00138900","1965-09","59.36","17.7197","10.0","SVARTSJO, SW","18",",E","9",",E","0",",E","","","","","20.0",",,E,29,","79.5",",,,E"
"SWE00138900","1965-10","59.36","17.7197","10.0","SVARTSJO, SW","10",",E","2",",E","0",",E","","","","","10.4",",,E,30,","21.9",",,,E"
"SWE00138900","1965-11","59.36","17.7197","10.0","SVARTSJO, SW","15",",E","6",",E","0",",E","","","","","10.3",",,E,26,","36.8",",,,E"
"SWE00138900","1965-12","59.36","17.7197","10.0","SVARTSJO, SW","17",",E","10",",E","0",",E","30",",","260",",,E,19,","12.9",",,E,10,","61.4",",,,E"
"SWE00138900","1966-01","59.36","17.7197","10.0","SVARTSJO, SW","15",",E","3",",E","0",",E","31",",","470",",,E,29,","15.3",",,E,29,","40.3",",,,E"
"SWE00138900","1966-02","59.36","17.7197","10.0","SVARTSJO, SW","15",",E","6",",E","0",",E","28",",","560",",,E,07,","7.5",",,E,21,","40.3",",,,E"
"SWE00138900","1966-03","59.36","17.7197","10.0","SVARTSJO, SW","17",",E","2",",E","0",",E","29","2,","430","2,,E,02,+","6.1",",,E,27,","28.5",",,,E"
"SWE00138900","1966-04","59.36","17.7197","10.0","SVARTSJO, SW","8",",E","4",",E","0",",E","0","4,","0","4,,E,30,+","11.9",",,E,25,","37.7",",,,E"
"SWE00138900","1966-05","59.36","17.7197","10.0","SVARTSJO, SW","11",",E","1",",E","0",",E","","","","","3.7",",,E,23,","14.0",",,,E"
"SWE00138900","1966-06","59.36","17.7197","10.0","SVARTSJO, SW","11",",E","2",",E","0",",E","","","","","10.2",",,E,02,","23.1",",,,E"
"SWE00138900","1966-07","59.36","17.7197","10.0","SVARTSJO, SW","12",",E","5",",E","0",",E","","","","","11.1",",,E,13,","37.9",",,,E"
"SWE00138900","1966-08","59.36","17.7197","10.0","SVARTSJO, SW","11",",E","6",",E","0",",E","","","","","12.3",",,E,04,","53.5",",,,E"
"SWE00138900","1966-09","59.36","17.7197","10.0","SVARTSJO, SW","14",",E","4",",E","0",",E","","","","","8.5",",,E,12,","30.9",",,,E"
"SWE00138900","1966-10","59.36","17.7197","10.0","SVARTSJO, SW","14",",E","6",",E","0",",E","","","","","8.0",",,E,16,","41.2",",,,E"
"SWE00138900","1966-11","59.36","17.7197","10.0","SVARTSJO, SW","16",",E","8",",E","0",",E","","","","","11.1",",,E,10,","67.4",",,,E"
"SWE00138900","1966-12","59.36","17.7197","10.0","SVARTSJO, SW","22",",E","15",",E","0",",E","","","","","14.6",",,E,10,","101.3",",,,E"
"SWE00138900","1967-01","59.36","17.7197","10.0","SVARTSJO, SW","17",",E","4",",E","0",",E","","","","","7.7",",,E,31,","35.6",",,,E"
"SWE00138900","1967-02","59.36","17.7197","10.0","SVARTSJO, SW","12",",E","6",",E","0",",E","28",",","330",",,E,03,+","9.5",",,E,01,","44.1",",,,E"
"SWE00138900","1967-03","59.36","17.7197","10.0","SVARTSJO, SW","12",",E","3",",E","0",",E","","","","","3.8",",,E,28,","19.6",",,,E"
"SWE00138900","1967-04","59.36","17.7197","10.0","SVARTSJO, SW","14",",E","5",",E","0",",E","","","","","8.2",",,E,30,","32.6",",,,E"
"SWE00138900","1967-05","59.36","17.7197","10.0","SVARTSJO, SW","16",",E","5",",E","0",",E","","","","","22.7",",,E,18,","63.8",",,,E"
"SWE00138900","1967-06","59.36","17.7197","10.0","SVARTSJO, SW","9",",E","6",",E","0",",E","","","","","4.8",",,E,07,","24.4",",,,E"
"SWE00138900","1967-07","59.36","17.7197","10.0","SVARTSJO, SW","7",",E","3",",E","0",",E","","","","","11.3",",,E,14,","24.0",",,,E"
"SWE00138900","1967-08","59.36","17.7197","10.0","SVARTSJO, SW","19",",E","9",",E","0",",E","","","","","13.0",",,E,19,","67.2",",,,E"
"SWE00138900","1967-09","59.36","17.7197","10.0","SVARTSJO, SW","16",",E","10",",E","0",",E","","","","","21.8",",,E,20,","102.8",",,,E"
"SWE00138900","1967-10","59.36","17.7197","10.0","SVARTSJO, SW","19",",E","7",",E","0",",E","","","","","23.9",",,E,17,","80.8",",,,E"
"SWE00138900","1967-11","59.36","17.7197","10.0","SVARTSJO, SW","14",",E","7",",E","0",",E","","","","","13.9",",,E,11,","55.2",",,,E"
"SWE00138900","1967-12","59.36","17.7197","10.0","SVARTSJO, SW","17",",E","5",",E","0",",E","","","","","10.8",",,E,03,","40.7",",,,E"
"SWE00138900","1968-01","59.36","17.7197","10.0","SVARTSJO, SW","14",",E","4",",E","0",",E","31",",","320",",,E,30,+","7.7",",,E,25,","29.3",",,,E"
"SWE00138900","1968-02","59.36","17.7197","10.0","SVARTSJO, SW","11",",E","1",",E","0",",E","29",",","230",",,E,29,+","3.7",",,E,05,","15.1",",,,E"
"SWE00138900","1968-03","59.36","17.7197","10.0","SVARTSJO, SW","9",",E","3",",E","0",",E","20","4,","230","4,,E,15,+","6.3",",,E,06,","16.8",",,,E"
"SWE00138900","1968-04","59.36","17.7197","10.0","SVARTSJO, SW","7",",E","3",",E","0",",E","","","","","16.1",",,E,23,","34.7",",,,E"
"SWE00138900","1968-05","59.36","17.7197","10.0","SVARTSJO, SW","22",",E","9",",E","0",",E","","","","","22.3",",,E,07,","92.3",",,,E"
"SWE00138900","1968-06","59.36","17.7197","10.0","SVARTSJO, SW","9",",E","5",",E","0",",E","","","","","7.5",",,E,21,","33.1",",,,E"
"SWE00138900","1968-07","59.36","17.7197","10.0","SVARTSJO, SW","11",",E","7",",E","1",",E","","","","","30.6",",,E,07,","83.9",",,,E"
"SWE00138900","1968-08","59.36","17.7197","10.0","SVARTSJO, SW","7",",E","6",",E","0",",E","","","","","13.0",",,E,12,","48.3",",,,E"
"SWE00138900","1968-09","59.36","17.7197","10.0","SVARTSJO, SW","16",",E","4",",E","0",",E","","","","","9.6",",,E,21,","33.8",",,,E"
"SWE00138900","1968-10","59.36","17.7197","10.0","SVARTSJO, SW","19",",E","9",",E","1",",E","","","","","36.0",",,E,31,","116.3",",,,E"
"SWE00138900","1968-11","59.36","17.7197","10.0","SVARTSJO, SW","15",",E","5",",E","0",",E","","","","","7.3",",,E,02,","41.0",",,,E"
"SWE00138900","1968-12","59.36","17.7197","10.0","SVARTSJO, SW","12",",E","5",",E","0",",E","","","","","10.2",",,E,18,","36.2",",,,E"
"SWE00138900","1969-01","59.36","17.7197","10.0","SVARTSJO, SW","20",",E","2",",E","0",",E","31",",","260",",,E,22,+","8.2",",,E,13,","30.7",",,,E"
"SWE00138900","1969-02","59.36","17.7197","10.0","SVARTSJO, SW","17",",E","2",",E","0",",E","28",",","300",",,E,22,","5.4",",,E,08,","30.7",",,,E"
"SWE00138900","1969-03","59.36","17.7197","10.0","SVARTSJO, SW","4",",E","1",",E","0",",E","29",",","230",",,E,09,","4.5",",,E,08,","7.9",",,,E"
"SWE00138900","1969-04","59.36","17.7197","10.0","SVARTSJO, SW","15",",E","7",",E","0",",E","","","","","13.6",",,E,18,","50.8",",,,E"
"SWE00138900","1969-05","59.36","17.7197","10.0","SVARTSJO, SW","10",",E","4",",E","0",",E","","","","","9.4",",,E,14,","34.9",",,,E"
"SWE00138900","1969-06","59.36","17.7197","10.0","SVARTSJO, SW","4",",E","0",",E","0",",E","","","","","0.5",",,E,30,","1.4",",,,E"
"SWE00138900","1969-07","59.36","17.7197","10.0","SVARTSJO, SW","8",",E","1",",E","0",",E","","","","","7.6",",,E,03,","15.0",",,,E"
"SWE00138900","1969-08","59.36","17.7197","10.0","SVARTSJO, SW","11",",E","6",",E","1",",E","","","","","54.0",",,E,27,","97.3",",,,E"
"SWE00138900","1969-09","59.36","17.7197","10.0","SVARTSJO, SW","12",",E","4",",E","0",",E","","","","","14.8",",,E,22,","35.5",",,,E"
"SWE00138900","1969-10","59.36","17.7197","10.0","SVARTSJO, SW","11",",E","3",",E","0",",E","","","","","6.5",",,E,01,","20.3",",,,E"
"SWE00138900","1969-11","59.36","17.7197","10.0","SVARTSJO, SW","20",",E","6",",E","0",",E","","","","","20.1",",,E,23,","68.9",",,,E"
"SWE00138900","1969-12","59.36","17.7197","10.0","SVARTSJO, SW","8",",E","1",",E","0",",E","31",",","210",",,E,09,","2.7",",,E,31,","8.6",",,,E"
"SWE00138900","1970-01","59.36","17.7197","10.0","SVARTSJO, SW","13",",E","4",",E","0",",E","31",",","470",",,E,29,+","10.7",",,E,13,","33.6",",,,E"
"SWE00138900","1970-02","59.36","17.7197","10.0","SVARTSJO, SW","11",",E","1",",E","0",",E","28",",","460",",,E,16,","2.8",",,E,24,","10.5",",,,E"
"SWE00138900","1970-03","59.36","17.7197","10.0","SVARTSJO, SW","14",",E","6",",E","0",",E","31",",","510",",,E,09,+","9.5",",,E,05,","39.8",",,,E"
"SWE00138900","1970-04","59.36","17.7197","10.0","SVARTSJO, SW","19",",E","11",",E","0",",E","","","","","11.4",",,E,02,","75.1",",,,E"
"SWE00138900","1970-05","59.36","17.7197","10.0","SVARTSJO, SW","7",",E","1",",E","0",",E","","","","","3.6",",,E,22,","13.1",",,,E"
"SWE00138900","1970-06","59.36","17.7197","10.0","SVARTSJO, SW","7",",E","3",",E","0",",E","","","","","8.5",",,E,11,","20.8",",,,E"
"SWE00138900","1970-07","59.36","17.7197","10.0","SVARTSJO, SW","18",",E","7",",E","1",",E","","","","","25.7",",,E,03,","84.8",",,,E"
"SWE00138900","1970-08","59.36","17.7197","10.0","SVARTSJO, SW","3",",E","1",",E","0",",E","","","","","11.2",",,E,25,","13.7",",,,E"
"SWE00138900","1970-09","59.36","17.7197","10.0","SVARTSJO, SW","15",",E","5",",E","0",",E","","","","","13.2",",,E,16,","40.8",",,,E"
"SWE00138900","1970-10","59.36","17.7197","10.0","SVARTSJO, SW","18",",E","5",",E","0",",E","","","","","9.8",",,E,29,","37.0",",,,E"
"SWE00138900","1970-11","59.36","17.7197","10.0","SVARTSJO, SW","20",",E","9",",E","0",",E","","","","","11.2",",,E,01,","63.6",",,,E"
"SWE00138900","1970-12","59.36","17.7197","10.0","SVARTSJO, SW","16",",E","3",",E","0",",E","","","","","5.7",",,E,20,","23.4",",,,E"
"SWE00138900","1971-01","59.36","17.7197","10.0","SVARTSJO, SW","12",",E","1",",E","0",",E","","","","","4.2",",,E,22,","15.2",",,,E"
"SWE00138900","1971-02","59.36","17.7197","10.0","SVARTSJO, SW","15",",E","3",",E","0",",E","","","","","3.6",",,E,25,","21.8",",,,E"
"SWE00138900","1971-03","59.36","17.7197","10.0","SVARTSJO, SW","13",",E","4",",E","0",",E","","","","","6.2",",,E,20,","25.4",",,,E"
"SWE00138900","1971-04","59.36","17.7197","10.0","SVARTSJO, SW","9",",E","2",",E","0",",E","","","","","7.1",",,E,07,","21.5",",,,E"
"SWE00138900","1971-05","59.36","17.7197","10.0","SVARTSJO, SW","6",",E","2",",E","0",",E","","","","","4.1",",,E,25,","11.1",",,,E"
"SWE00138900","1971-06","59.36","17.7197","10.0","SVARTSJO, SW","10",",E","2",",E","0",",E","","","","","5.9",",,E,24,","17.4",",,,E"
"SWE00138900","1971-07","59.36","17.7197","10.0","SVARTSJO, SW","15",",E","7",",E","0",",E","","","","","11.6",",,E,16,","48.4",",,,E"
"SWE00138900","1971-08","59.36","17.7197","10.0","SVARTSJO, SW","13",",E","7",",E","0",",E","","","","","15.1",",,E,11,","49.3",",,,E"
"SWE00138900","1971-09","59.36","17.7197","10.0","SVARTSJO, SW","9",",E","3",",E","0",",E","","","","","5.8",",,E,25,","20.6",",,,E"
"SWE00138900","1971-10","59.36","17.7197","10.0","SVARTSJO, SW","13",",E","5",",E","0",",E","","","","","7.3",",,E,03,","30.6",",,,E"
"SWE00138900","1971-11","59.36","17.7197","10.0","SVARTSJO, SW","15",",E","6",",E","0",",E","","","","","15.1",",,E,06,","53.0",",,,E"
"SWE00138900","1971-12","59.36","17.7197","10.0","SVARTSJO, SW","10",",E","4",",E","0",",E","","","","","5.7",",,E,15,","22.5",",,,E"
"SWE00138900","1972-01","59.36","17.7197","10.0","SVARTSJO, SW","14",",E","4",",E","0",",E","","","","","5.3",",,E,30,","24.9",",,,E"
"SWE00138900","1972-02","59.36","17.7197","10.0","SVARTSJO, SW","14",",E","5",",E","0",",E","29",",","300",",,E,21,","10.1",",,E,20,","34.4",",,,E"
"SWE00138900","1972-03","59.36","17.7197","10.0","SVARTSJO, SW","5",",E","3",",E","0",",E","21","5,","180","5,,E,02,+","8.9",",,E,26,","26.5",",,,E"
"SWE00138900","1972-04","59.36","17.7197","10.0","SVARTSJO, SW","15",",E","5",",E","0",",E","","","","","7.0",",,E,14,","30.3",",,,E"
"SWE00138900","1972-05","59.36","17.7197","10.0","SVARTSJO, SW","9",",E","6",",E","0",",E","","","","","22.3",",,E,20,","48.1",",,,E"
"SWE00138900","1972-06","59.36","17.7197","10.0","SVARTSJO, SW","8",",E","3",",E","0",",E","","","","","9.0",",,E,12,","20.9",",,,E"
"SWE00138900","1972-07","59.36","17.7197","10.0","SVARTSJO, SW","7",",E","3",",E","0",",E","","","","","13.0",",,E,26,","24.6",",,,E"
"SWE00138900","1972-08","59.36","17.7197","10.0","SVARTSJO, SW","11",",E","8",",E","0",",E","","","","","21.3",",,E,01,","79.9",",,,E"
"SWE00138900","1972-09","59.36","17.7197","10.0","SVARTSJO, SW","11",",E","5",",E","0",",E","","","","","7.3",",,E,16,","25.2",",,,E"
"SWE00138900","1972-10","59.36","17.7197","10.0","SVARTSJO, SW","9",",E","4",",E","0",",E","","","","","11.0",",,E,23,","33.6",",,,E"
"SWE00138900","1972-11","59.36","17.7197","10.0","SVARTSJO, SW","17",",E","7",",E","0",",E","","","","","7.0",",,E,01,","36.8",",,,E"
"SWE00138900","1972-12","59.36","17.7197","10.0","SVARTSJO, SW","9",",E","0",",E","0",",E","","","","","2.2",",,E,11,+","10.2",",,,E"
"SWE00138900","1973-01","59.36","17.7197","10.0","SVARTSJO, SW","13",",E","3",",E","0",",E","","","","","7.9",",,E,27,","29.9",",,,E"
"SWE00138900","1973-02","59.36","17.7197","10.0","SVARTSJO, SW","12",",E","3",",E","0",",E","","","","","9.6",",,E,16,","36.6",",,,E"
"SWE00138900","1973-03","59.36","17.7197","10.0","SVARTSJO, SW","4",",E","0",",E","0",",E","","","","","1.5",",,E,28,","4.6",",,,E"
"SWE00138900","1973-04","59.36","17.7197","10.0","SVARTSJO, SW","14",",E","3",",E","0",",E","","","","","4.9",",,E,29,","25.0",",,,E"
"SWE00138900","1973-05","59.36","17.7197","10.0","SVARTSJO, SW","8",",E","3",",E","0",",E","","","","","8.8",",,E,01,","21.0",",,,E"
"SWE00138900","1973-06","59.36","17.7197","10.0","SVARTSJO, SW","8",",E","6",",E","0",",E","","","","","7.2",",,E,28,","26.1",",,,E"
"SWE00138900","1973-07","59.36","17.7197","10.0","SVARTSJO, SW","9",",E","8",",E","0",",E","","","","","21.3",",,E,18,","82.3",",,,E"
"SWE00138900","1973-08","59.36","17.7197","10.0","SVARTSJO, SW","10",",E","2",",E","0",",E","","","","","9.6",",,E,08,","22.0",",,,E"
"SWE00138900","1973-09","59.36","17.7197","10.0","SVARTSJO, SW","11",",E","3",",E","0",",E","","","","","14.4",",,E,20,","31.0",",,,E"
"SWE00138900","1973-10","59.36","17.7197","10.0","SVARTSJO, SW","10",",E","5",",E","0",",E","","","","","6.2",",,E,09,","32.3",",,,E"
"SWE00138900","1973-11","59.36","17.7197","10.0","SVARTSJO, SW","11",",E","6",",E","0",",E","","","","","18.8",",,E,22,","43.9",",,,E"
"SWE00138900","1973-12","59.36","17.7197","10.0","SVARTSJO, SW","18",",E","6",",E","0",",E","","","","","7.6",",,E,25,","40.2",",,,E"
"SWE00138900","1974-01","59.36","17.7197","10.0","SVARTSJO, SW","13",",E","2",",E","0",",E","","","","","12.7",",,E,15,","27.8",",,,E"
"SWE00138900","1974-02","59.36","17.7197","10.0","SVARTSJO, SW","8",",E","5",",E","0",",E","","","","","10.3",",,E,07,","35.7",",,,E"
"SWE00138900","1974-03","59.36","17.7197","10.0","SVARTSJO, SW","5",",E","2",",E","0",",E","","","","","23.5",",,E,21,","29.9",",,,E"
"SWE00138900","1974-04","59.36","17.7197","10.0","SVARTSJO, SW","5",",E","1",",E","0",",E","","","","","5.5",",,E,14,","7.8",",,,E"
"SWE00138900","1974-05","59.36","17.7197","10.0","SVARTSJO, SW","7",",E","4",",E","0",",E","","","","","6.2",",,E,27,","23.5",",,,E"
"SWE00138900","1974-06","59.36","17.7197","10.0","SVARTSJO, SW","9",",E","5",",E","0",",E","","","","","10.3",",,E,21,","36.4",",,,E"
"SWE00138900","1974-07","59.36","17.7197","10.0","SVARTSJO, SW","21",",E","13",",E","0",",E","","","","","18.6",",,E,09,","132.0",",,,E"
"SWE00138900","1974-08","59.36","17.7197","10.0","SVARTSJO, SW","8",",E","5",",E","0",",E","","","","","16.1",",,E,29,","33.8",",,,E"
"SWE00138900","1974-09","59.36","17.7197","10.0","SVARTSJO, SW","16",",E","5",",E","0",",E","","","","","11.0",",,E,24,","40.4",",,,E"
"SWE00138900","1974-10","59.36","17.7197","10.0","SVARTSJO, SW","21",",E","10",",E","1",",E","","","","","26.5",",,E,02,","127.8",",,,E"
"SWE00138900","1974-11","59.36","17.7197","10.0","SVARTSJO, SW","22",",E","14",",E","0",",E","","","","","9.6",",,E,26,","89.0",",,,E"
"SWE00138900","1974-12","59.36","17.7197","10.0","SVARTSJO, SW","17",",E","8",",E","0",",E","","","","","12.7",",,E,12,","59.2",",,,E"
"SWE00138900","1975-01","59.36","17.7197","10.0","SVARTSJO, SW","14",",E","4",",E","0",",E","","","","","4.7",",,E,22,+","24.2",",,,E"
"SWE00138900","1975-02","59.36","17.7197","10.0","SVARTSJO, SW","3",",E","1",",E","0",",E","","","","","5.3",",,E,01,","7.7",",,,E"
"SWE00138900","1975-03","59.36","17.7197","10.0","SVARTSJO, SW","9",",E","3",",E","0",",E","","","","","14.8",",,E,15,","34.7",",,,E"
"SWE00138900","1975-04","59.36","17.7197","10.0","SVARTSJO, SW","10",",E","5",",E","0",",E","","","","","9.1",",,E,07,","28.7",",,,E"
"SWE00138900","1975-05","59.36","17.7197","10.0","SVARTSJO, SW","16",",E","7",",E","0",",E","","","","","16.3",",,E,12,","50.5",",,,E"
"SWE00138900","1975-06","59.36","17.7197","10.0","SVARTSJO, SW","5",",E","3",",E","0",",E","","","","","4.4",",,E,01,","12.5",",,,E"
"SWE00138900","1975-07","59.36","17.7197","10.0","SVARTSJO, SW","9",",E","3",",E","0",",E","","","","","12.1",",,E,24,","31.9",",,,E"
"SWE00138900","1975-08","59.36","17.7197","10.0","SVARTSJO, SW","12",",E","6",",E","0",",E","","","","","17.6",",,E,16,","49.5",",,,E"
"SWE00138900","1975-09","59.36","17.7197","10.0","SVARTSJO, SW","14",",E","9",",E","0",",E","","","","","17.2",",,E,12,","61.6",",,,E"
"SWE00138900","1975-10","59.36","17.7197","10.0","SVARTSJO, SW","8",",E","1",",E","0",",E","","","","","3.1",",,E,31,","9.3",",,,E"
"SWE00138900","1975-11","59.36","17.7197","10.0","SVARTSJO, SW","16",",E","1",",E","0",",E","","","","","10.5",",,E,29,","24.2",",,,E"
"SWE00138900","1975-12","59.36","17.7197","10.0","SVARTSJO, SW","10",",E","6",",E","0",",E","","","","","10.1",",,E,23,","42.0",",,,E"
"SWE00138900","1976-01","59.36","17.7197","10.0","SVARTSJO, SW","13",",E","3",",E","0",",E","","","","","8.2",",,E,05,","26.7",",,,E"
"SWE00138900","1976-02","59.36","17.7197","10.0","SVARTSJO, SW","8",",E","0",",E","0",",E","","","","","2.3",",,E,10,","9.4",",,,E"
"SWE00138900","1976-03","59.36","17.7197","10.0","SVARTSJO, SW","13",",E","1",",E","0",",E","","","","","5.3",",,E,08,","14.1",",,,E"
"SWE00138900","1976-04","59.36","17.7197","10.0","SVARTSJO, SW","11",",E","2",",E","0",",E","","","","","12.5",",,E,26,","26.2",",,,E"
"SWE00138900","1976-05","59.36","17.7197","10.0","SVARTSJO, SW","12",",E","5",",E","0",",E","","","","","8.5",",,E,14,","33.1",",,,E"
"SWE00138900","1976-06","59.36","17.7197","10.0","SVARTSJO, SW","10",",E","5",",E","0",",E","","","","","23.1",",,E,15,","64.7",",,,E"
"SWE00138900","1976-07","59.36","17.7197","10.0","SVARTSJO, SW","12",",E","2",",E","0",",E","","","","","11.4",",,E,31,","26.1",",,,E"
"SWE00138900","1976-08","59.36","17.7197","10.0","SVARTSJO, SW","9",",E","4",",E","0",",E","","","","","5.2",",,E,04,","22.0",",,,E"
"SWE00138900","1976-09","59.36","17.7197","10.0","SVARTSJO, SW","7",",E","2",",E","1",",E","","","","","26.8",",,E,14,","47.8",",,,E"
"SWE00138900","1976-10","59.36","17.7197","10.0","SVARTSJO, SW","11",",E","3",",E","0",",E","","","","","8.1",",,E,31,","26.5",",,,E"
"SWE00138900","1976-11","59.36","17.7197","10.0","SVARTSJO, SW","18",",E","8",",E","0",",E","","","","","16.1",",,E,08,","53.9",",,,E"
"SWE00138900","1976-12","59.36","17.7197","10.0","SVARTSJO, SW","24",",E","12",",E","0",",E","","","","","16.6",",,E,03,","93.3",",,,E"
"SWE00138900","1977-01","59.36","17.7197","10.0","SVARTSJO, SW","24",",E","9",",E","0",",E","31",",","320",",,E,27,+","9.7",",,E,11,","59.8",",,,E"
"SWE00138900","1977-02","59.36","17.7197","10.0","SVARTSJO, SW","19",",E","4",",E","0",",E","28",",","400",",,E,22,+","8.0",",,E,19,","30.7",",,,E"
"SWE00138900","1977-03","59.36","17.7197","10.0","SVARTSJO, SW","12",",E","3",",E","0",",E","","","","","7.2",",,E,17,","26.2",",,,E"
"SWE00138900","1977-04","59.36","17.7197","10.0","SVARTSJO, SW","21",",E","8",",E","0",",E","","","","","9.3",",,E,06,","50.2",",,,E"
"SWE00138900","1977-05","59.36","17.7197","10.0","SVARTSJO, SW","10",",E","2",",E","0",",E","","","","","13.6",",,E,28,","27.6",",,,E"
"SWE00138900","1977-06","59.36","17.7197","10.0","SVARTSJO, SW","14",",E","5",",E","0",",E","","","","","17.6",",,E,26,","63.7",",,,E"
"SWE00138900","1977-07","59.36","17.7197","10.0","SVARTSJO, SW","19",",E","16",",E","1",",E","","","","","37.0",",,E,13,","151.1",",,,E"
"SWE00138900","1977-08","59.36","17.7197","10.0","SVARTSJO, SW","13",",E","6",",E","1",",E","","","","","31.2",",,E,10,","59.2",",,,E"
"SWE00138900","1977-09","59.36","17.7197","10.0","SVARTSJO, SW","11",",E","6",",E","0",",E","","","","","10.7",",,E,14,","33.8",",,,E"
"SWE00138900","1977-10","59.36","17.7197","10.0","SVARTSJO, SW","14",",E","5",",E","0",",E","","","","","10.9",",,E,04,+","46.0",",,,E"
"SWE00138900","1977-11","59.36","17.7197","10.0","SVARTSJO, SW","21",",E","10",",E","0",",E","","","","","11.3",",,E,22,","76.0",",,,E"
"SWE00138900","1977-12","59.36","17.7197","10.0","SVARTSJO, SW","12",",E","5",",E","0",",E","","","","","7.2",",,E,06,","35.8",",,,E"
"SWE00138900","1978-01","59.36","17.7197","10.0","SVARTSJO, SW","12",",E","3",",E","0",",E","","","","","4.0",",,E,29,","23.2",",,,E"
"SWE00138900","1978-02","59.36","17.7197","10.0","SVARTSJO, SW","12",",E","2",",E","0",",E","27","1,","150","1,,E,16,+","4.4",",,E,12,","18.1",",,,E"
"SWE00138900","1978-03","59.36","17.7197","10.0","SVARTSJO, SW","25",",E","8",",E","0",",E","","","","","11.4",",,E,05,","71.9",",,,E"
"SWE00138900","1978-04","59.36","17.7197","10.0","SVARTSJO, SW","7",",E","2",",E","0",",E","","","","","6.0",",,E,12,","14.1",",,,E"
"SWE00138900","1978-05","59.36","17.7197","10.0","SVARTSJO, SW","7",",E","3",",E","0",",E","","","","","6.3",",,E,14,","14.9",",,,E"
"SWE00138900","1978-06","59.36","17.7197","10.0","SVARTSJO, SW","13",",E","8",",E","0",",E","","","","","13.4",",,E,25,","61.1",",,,E"
"SWE00138900","1978-07","59.36","17.7197","10.0","SVARTSJO, SW","17",",E","3",",E","0",",E","","","","","18.1",",,E,06,","42.3",",,,E"
"SWE00138900","1978-08","59.36","17.7197","10.0","SVARTSJO, SW","18",",E","10",",E","1",",E","","","","","29.1",",,E,31,","100.7",",,,E"
"SWE00138900","1978-09","59.36","17.7197","10.0","SVARTSJO, SW","15",",E","9",",E","1",",E","","","","","26.7",",,E,01,","95.6",",,,E"
"SWE00138900","1978-10","59.36","17.7197","10.0","SVARTSJO, SW","9",",E","2",",E","0",",E","","","","","9.5",",,E,20,","20.6",",,,E"
"SWE00138900","1978-11","59.36","17.7197","10.0","SVARTSJO, SW","14",",E","5",",E","0",",E","","","","","4.7",",,E,27,","28.2",",,,E"
"SWE00138900","1978-12","59.36","17.7197","10.0","SVARTSJO, SW","13",",E","3",",E","0",",E","31",",","180",",,E,31,","3.6",",,E,24,","16.7",",,,E"
"SWE00138900","1979-01","59.36","17.7197","10.0","SVARTSJO, SW","15",",E","6",",E","0",",E","31",",","480",",,E,28,+","13.3",",,E,12,","54.5",",,,E"
"SWE00138900","1979-02","59.36","17.7197","10.0","SVARTSJO, SW","8",",E","1",",E","0",",E","28",",","470",",,E,02,","3.4",",,E,03,","8.1",",,,E"
"SWE00138900","1979-03","59.36","17.7197","10.0","SVARTSJO, SW","15",",E","2",",E","0",",E","","","","","4.9",",,E,27,","24.6",",,,E"
"SWE00138900","1979-04","59.36","17.7197","10.0","SVARTSJO, SW","13",",E","8",",E","0",",E","","","","","6.8",",,E,13,","41.8",",,,E"
"SWE00138900","1979-05","59.36","17.7197","10.0","SVARTSJO, SW","16",",E","7",",E","0",",E","","","","","21.2",",,E,10,","67.5",",,,E"
"SWE00138900","1979-06","59.36","17.7197","10.0","SVARTSJO, SW","9",",E","3",",E","1",",E","","","","","30.4",",,E,08,","61.0",",,,E"
"SWE00138900","1979-07","59.36","17.7197","10.0","SVARTSJO, SW","19",",E","9",",E","0",",E","","","","","17.6",",,E,07,","82.0",",,,E"
"SWE00138900","1979-08","59.36","17.7197","10.0","SVARTSJO, SW","13",",E","5",",E","1",",E","","","","","32.5",",,E,26,","67.3",",,,E"
"SWE00138900","1979-09","59.36","17.7197","10.0","SVARTSJO, SW","16",",E","4",",E","0",",E","","","","","18.1",",,E,02,","50.9",",,,E"
"SWE00138900","1979-10","59.36","17.7197","10.0","SVARTSJO, SW","13",",E","3",",E","0",",E","","","","","8.0",",,E,16,","23.5",",,,E"
"SWE00138900","1979-11","59.36","17.7197","10.0","SVARTSJO, SW","18",",E","9",",E","0",",E","","","","","18.2",",,E,16,","91.3",",,,E"
"SWE00138900","1979-12","59.36","17.7197","10.0","SVARTSJO, SW","16",",E","2",",E","0",",E","","","","","5.3",",,E,25,","23.1",",,,E"
"SWE00138900","1980-01","59.36","17.7197","10.0","SVARTSJO, SW","9",",E","2",",E","0",",E","","","","","4.1",",,E,22,","13.6",",,,E"
"SWE00138900","1980-02","59.36","17.7197","10.0","SVARTSJO, SW","5",",E","0",",E","0",",E","","","","","1.2",",,E,15,","4.1",",,,E"
"SWE00138900","1980-03","59.36","17.7197","10.0","SVARTSJO, SW","10",",E","2",",E","0",",E","","","","","8.8",",,E,30,","25.1",",,,E"
"SWE00138900","1980-04","59.36","17.7197","10.0","SVARTSJO, SW","8",",E","5",",E","0",",E","","","","","14.8",",,E,24,","33.0",",,,E"
"SWE00138900","1980-05","59.36","17.7197","10.0","SVARTSJO, SW","6",",E","3",",E","0",",E","","","","","4.7",",,E,24,","12.5",",,,E"
"SWE00138900","1980-06","59.36","17.7197","10.0","SVARTSJO, SW","10",",E","5",",E","2",",E","","","","","46.3",",,E,01,","116.8",",,,E"
"SWE00138900","1980-07","59.36","17.7197","10.0","SVARTSJO, SW","7",",E","7",",E","0",",E","","","","","18.7",",,E,16,","61.2",",,,E"
"SWE00138900","1980-08","59.36","17.7197","10.0","SVARTSJO, SW","10",",E","8",",E","0",",E","","","","","15.9",",,E,28,","72.6",",,,E"
"SWE00138900","1980-09","59.36","17.7197","10.0","SVARTSJO, SW","17",",E","9",",E","0",",E","","","","","5.8",",,E,14,","47.4",",,,E"
"SWE00138900","1980-10","59.36","17.7197","10.0","SVARTSJO, SW","20",",E","13",",E","0",",E","","","","","16.3",",,E,11,","130.6",",,,E"
"SWE00138900","1980-11","59.36","17.7197","10.0","SVARTSJO, SW","14",",E","8",",E","0",",E","","","","","10.9",",,E,20,","52.6",",,,E"
"SWE00138900","1980-12","59.36","17.7197","10.0","SVARTSJO, SW","23",",E","5",",E","0",",E","","","","","9.2",",,E,13,","44.7",",,,E"
"SWE00138900","1981-01","59.36","17.7197","10.0","SVARTSJO, SW","11",",E","2",",E","0",",E","","","","","7.3",",,E,14,","21.6",",,,E"
"SWE00138900","1981-02","59.36","17.7197","10.0","SVARTSJO, SW","15",",E","2",",E","0",",E","","","","","4.9",",,E,06,","19.1",",,,E"
"SWE00138900","1981-03","59.36","17.7197","10.0","SVARTSJO, SW","12",",E","7",",E","0",",E","","","","","7.1",",,E,07,","37.6",",,,E"
"SWE00138900","1981-04","59.36","17.7197","10.0","SVARTSJO, SW","4",",E","1",",E","0",",E","","","","","14.1",",,E,30,","17.0",",,,E"
"SWE00138900","1981-05","59.36","17.7197","10.0","SVARTSJO, SW","5",",E","2",",E","0",",E","","","","","8.0",",,E,01,","16.2",",,,E"
"SWE00138900","1981-06","59.36","17.7197","10.0","SVARTSJO, SW","15",",E","8",",E","0",",E","","","","","9.8",",,E,04,","55.6",",,,E"
"SWE00138900","1981-07","59.36","17.7197","10.0","SVARTSJO, SW","13",",E","4",",E","0",",E","","","","","17.8",",,E,30,","39.6",",,,E"
"SWE00138900","1981-08","59.36","17.7197","10.0","SVARTSJO, SW","14",",E","6",",E","0",",E","","","","","23.7",",,E,16,","73.5",",,,E"
"SWE00138900","1981-09","59.36","17.7197","10.0","SVARTSJO, SW","7",",E","3",",E","0",",E","","","","","4.9",",,E,20,","15.2",",,,E"
"SWE00138900","1981-10","59.36","17.7197","10.0","SVARTSJO, SW","19",",E","12",",E","0",",E","","","","","20.1",",,E,20,","122.7",",,,E"
"SWE00138900","1981-11","59.36","17.7197","10.0","SVARTSJO, SW","17",",E","11",",E","0",",E","","","","","12.6",",,E,02,","83.2",",,,E"
"SWE00138900","1981-12","59.36","17.7197","10.0","SVARTSJO, SW","20",",E","9",",E","0",",E","","","","","6.9",",,E,24,","52.0",",,,E"
"SWE00138900","1982-01","59.36","17.7197","10.0","SVARTSJO, SW","13",",E","6",",E","0",",E","31",",","550",",,E,31,","7.2",",,E,26,","32.0",",,,E"
"SWE00138900","1982-02","59.36","17.7197","10.0","SVARTSJO, SW","5",",E","3",",E","0",",E","28",",","600",",,E,08,","11.6",",,E,06,","19.2",",,,E"
"SWE00138900","1982-03","59.36","17.7197","10.0","SVARTSJO, SW","12",",E","4",",E","0",",E","","","","","5.7",",,E,03,","25.6",",,,E"
"SWE00138900","1982-04","59.36","17.7197","10.0","SVARTSJO, SW","12",",E","5",",E","0",",E","","","","","6.7",",,E,28,","34.9",",,,E"
"SWE00138900","1982-05","59.36","17.7197","10.0","SVARTSJO, SW","9",",E","3",",E","0",",E","","","","","6.7",",,E,24,","19.8",",,,E"
"SWE00138900","1982-06","59.36","17.7197","10.0","SVARTSJO, SW","9",",E","5",",E","0",",E","","","","","19.0",",,E,29,","56.4",",,,E"
"SWE00138900","1982-07","59.36","17.7197","10.0","SVARTSJO, SW","9",",E","4",",E","1",",E","","","","","48.4",",,E,06,","95.9",",,,E"
"SWE00138900","1982-08","59.36","17.7197","10.0","SVARTSJO, SW","15",",E","9",",E","0",",E","","","","","11.4",",,E,08,","63.0",",,,E"
"SWE00138900","1982-09","59.36","17.7197","10.0","SVARTSJO, SW","10",",E","5",",E","0",",E","","","","","6.2",",,E,04,","22.9",",,,E"
"SWE00138900","1982-10","59.36","17.7197","10.0","SVARTSJO, SW","12",",E","6",",E","0",",E","","","","","15.5",",,E,20,","44.4",",,,E"
"SWE00138900","1982-11","59.36","17.7197","10.0","SVARTSJO, SW","14",",E","7",",E","0",",E","","","","","6.2",",,E,24,","38.8",",,,E"
"SWE00138900","1982-12","59.36","17.7197","10.0","SVARTSJO, SW","14",",E","4",",E","0",",E","","","","","9.2",",,E,15,","39.0",",,,E"
"SWE00138900","1983-01","59.36","17.7197","10.0","SVARTSJO, SW","16",",E","6",",E","0",",E","","","","","8.7",",,E,04,","35.0",",,,E"
"SWE00138900","1983-02","59.36","17.7197","10.0","SVARTSJO, SW","2",",E","1",",E","0",",E","28",",","150",",,E,03,+","5.8",",,E,01,","6.6",",,,E"
"SWE00138900","1983-03","59.36","17.7197","10.0","SVARTSJO, SW","14",",E","9",",E","0",",E","","","","","14.0",",,E,15,","59.5",",,,E"
"SWE00138900","1983-04","59.36","17.7197","10.0","SVARTSJO, SW","9",",E","5",",E","0",",E","","","","","7.8",",,E,02,","28.5",",,,E"
"SWE00138900","1983-05","59.36","17.7197","10.0","SVARTSJO, SW","12",",E","3",",E","0",",E","","","","","21.2",",,E,16,","44.6",",,,E"
"SWE00138900","1983-06","59.36","17.7197","10.0","SVARTSJO, SW","14",",E","5",",E","0",",E","","","","","7.8",",,E,10,","33.5",",,,E"
"SWE00138900","1983-07","59.36","17.7197","10.0","SVARTSJO, SW","12",",E","3",",E","0",",E","","","","","10.9",",,E,12,","24.1",",,,E"
"SWE00138900","1983-08","59.36","17.7197","10.0","SVARTSJO, SW","5",",E","1",",E","0",",E","","","","","2.9",",,E,12,","9.0",",,,E"
"SWE00138900","1983-09","59.36","17.7197","10.0","SVARTSJO, SW","20",",E","10",",E","1",",E","","","","","34.8",",,E,17,","133.0",",,,E"
"SWE00138900","1983-10","59.36","17.7197","10.0","SVARTSJO, SW","19",",E","7",",E","0",",E","","","","","10.7",",,E,05,","52.9",",,,E"
"SWE00138900","1983-11","59.36","17.7197","10.0","SVARTSJO, SW","9",",E","1",",E","0",",E","","","","","8.4",",,E,14,","15.9",",,,E"
"SWE00138900","1983-12","59.36","17.7197","10.0","SVARTSJO, SW","18",",E","6",",E","0",",E","","","","","7.4",",,E,04,","43.8",",,,E"
"SWE00138900","1984-01","59.36","17.7197","10.0","SVARTSJO, SW","21",",E","11",",E","0",",E","","","","","7.8",",,E,17,","54.1",",,,E"
"SWE00138900","1984-02","59.36","17.7197","10.0","SVARTSJO, SW","13",",E","3",",E","0",",E","25","4,","140","4,,E,01,","4.7",",,E,05,","20.3",",,,E"
"SWE00138900","1984-03","59.36","17.7197","10.0","SVARTSJO, SW","7",",E","2",",E","0",",E","","","","","3.6",",,E,29,","11.3",",,,E"
"SWE00138900","1984-04","59.36","17.7197","10.0","SVARTSJO, SW","10",",E","2",",E","0",",E","","","","","4.4",",,E,04,","14.3",",,,E"
"SWE00138900","1984-05","59.36","17.7197","10.0","SVARTSJO, SW","7",",E","1",",E","0",",E","","","","","6.4",",,E,03,","11.6",",,,E"
"SWE00138900","1984-06","59.36","17.7197","10.0","SVARTSJO, SW","16",",E","7",",E","0",",E","","","","","17.5",",,E,23,","71.1",",,,E"
"SWE00138900","1984-07","59.36","17.7197","10.0","SVARTSJO, SW","15",",E","6",",E","0",",E","","","","","16.4",",,E,21,","64.6",",,,E"
"SWE00138900","1984-08","59.36","17.7197","10.0","SVARTSJO, SW","12",",E","3",",E","0",",E","","","","","19.4",",,E,09,","40.0",",,,E"
"SWE00138900","1984-09","59.36","17.7197","10.0","SVARTSJO, SW","22",",E","10",",E","0",",E","","","","","11.6",",,E,22,","74.7",",,,E"
"SWE00138900","1984-10","59.36","17.7197","10.0","SVARTSJO, SW","22",",E","12",",E","0",",E","","","","","15.1",",,E,23,","103.9",",,,E"
"SWE00138900","1984-11","59.36","17.7197","10.0","SVARTSJO, SW","12",",E","3",",E","0",",E","","","","","10.6",",,E,07,","27.8",",,,E"
"SWE00138900","1984-12","59.36","17.7197","10.0","SVARTSJO, SW","18",",E","5",",E","0",",E","","","","","8.9",",,E,20,","41.8",",,,E"
"SWE00138900","1985-01","59.36","17.7197","10.0","SVARTSJO, SW","15",",E","6",",E","0",",E","31",",","360",",,E,31,+","16.1",",,E,22,","46.6",",,,E"
"SWE00138900","1985-02","59.36","17.7197","10.0","SVARTSJO, SW","14",",E","2",",E","0",",E","23","5,","480","5,,E,07,","5.0",",,E,05,","18.4",",,,E"
"SWE00138900","1985-03","59.36","17.7197","10.0","SVARTSJO, SW","13",",E","6",",E","0",",E","29","2,","500","2,,E,11,","7.6",",,E,10,","28.4",",,,E"
"SWE00138900","1985-04","59.36","17.7197","10.0","SVARTSJO, SW","15",",E","8",",E","0",",E","","","","","16.0",",,E,20,","49.2",",,,E"
"SWE00138900","1985-05","59.36","17.7197","10.0","SVARTSJO, SW","8",",E","1",",E","0",",E","","","","","3.7",",,E,01,","9.8",",,,E"
"SWE00138900","1985-06","59.36","17.7197","10.0","SVARTSJO, SW","13",",E","4",",E","0",",E","","","","","9.5",",,E,08,","36.2",",,,E"
"SWE00138900","1985-07","59.36","17.7197","10.0","SVARTSJO, SW","15",",E","9",",E","1",",E","","","","","29.3",",,E,23,","101.3",",,,E"
"SWE00138900","1985-08","59.36","17.7197","10.0","SVARTSJO, SW","16",",E","6",",E","0",",E","","","","","19.2",",,E,19,","75.9",",,,E"
"SWE00138900","1985-09","59.36","17.7197","10.0","SVARTSJO, SW","17",",E","7",",E","0",",E","","","","","9.8",",,E,03,","52.1",",,,E"
"SWE00138900","1985-10","59.36","17.7197","10.0","SVARTSJO, SW","8",",E","4",",E","0",",E","","","","","9.1",",,E,07,","24.7",",,,E"
"SWE00138900","1985-11","59.36","17.7197","10.0","SVARTSJO, SW","18",",E","8",",E","0",",E","","","","","9.3",",,E,07,","59.9",",,,E"
"SWE00138900","1985-12","59.36","17.7197","10.0","SVARTSJO, SW","19",",E","6",",E","0",",E","27","4,","240","4,,E,09,+","9.5",",,E,06,","52.6",",,,E"
"SWE00138900","1986-01","59.36","17.7197","10.0","SVARTSJO, SW","23",",E","6",",E","0",",E","31",",","340",",,E,06,","13.0",",,E,02,","46.6",",,,E"
"SWE00138900","1986-02","59.36","17.7197","10.0","SVARTSJO, SW","10",",E","2",",E","0",",E","23","5,","220","5,,E,22,","2.9",",,E,04,","13.7",",,,E"
"SWE00138900","1986-03","59.36","17.7197","10.0","SVARTSJO, SW","13",",E","8",",E","0",",E","","","","","16.2",",,E,23,","49.6",",,,E"
"SWE00138900","1986-04","59.36","17.7197","10.0","SVARTSJO, SW","12",",E","6",",E","0",",E","","","","","11.5",",,E,20,","42.2",",,,E"
"SWE00138900","1986-05","59.36","17.7197","10.0","SVARTSJO, SW","11",",E","5",",E","0",",E","","","","","11.5",",,E,24,","37.2",",,,E"
"SWE00138900","1986-06","59.36","17.7197","10.0","SVARTSJO, SW","8",",E","5",",E","0",",E","","","","","15.1",",,E,06,","41.8",",,,E"
"SWE00138900","1986-07","59.36","17.7197","10.0","SVARTSJO, SW","14",",E","11",",E","1",",E","","","","","38.5",",,E,26,","110.6",",,,E"
"SWE00138900","1986-08","59.36","17.7197","10.0","SVARTSJO, SW","19",",E","12",",E","2",",E","","","","","32.9",",,E,16,","119.1",",,,E"
"SWE00138900","1986-09","59.36","17.7197","10.0","SVARTSJO, SW","17",",E","4",",E","0",",E","","","","","10.8",",,E,14,","34.7",",,,E"
"SWE00138900","1986-10","59.36","17.7197","10.0","SVARTSJO, SW","12",",E","2",",E","0",",E","","","","","5.9",",,E,21,","22.0",",,,E"
"SWE00138900","1986-11","59.36","17.7197","10.0","SVARTSJO, SW","18",",E","5",",E","0",",E","","","","","7.6",",,E,20,","42.2",",,,E"
"SWE00138900","1986-12","59.36","17.7197","10.0","SVARTSJO, SW","23",",E","5",",E","0",",E","","","","","14.9",",,E,05,","52.9",",,,E"
"SWE00138900","1987-01","59.36","17.7197","10.0","SVARTSJO, SW","15",",E","3",",E","0",",E","31",",","340",",,E,31,+","5.6",",,E,06,","23.2",",,,E"
"SWE00138900","1987-02","59.36","17.7197","10.0","SVARTSJO, SW","8",",E","2",",E","0",",E","","","","","4.4",",,E,10,","13.8",",,,E"
"SWE00138900","1987-03","59.36","17.7197","10.0","SVARTSJO, SW","10",",E","3",",E","0",",E","31",",","240",",,E,20,","7.1",",,E,18,","23.6",",,,E"
"SWE00138900","1987-04","59.36","17.7197","10.0","SVARTSJO, SW","9",",E","0",",E","0",",E","","","","","1.7",",,E,12,","7.5",",,,E"
"SWE00138900","1987-05","59.36","17.7197","10.0","SVARTSJO, SW","12",",E","5",",E","0",",E","","","","","10.8",",,E,09,","40.2",",,,E"
"SWE00138900","1987-06","59.36","17.7197","10.0","SVARTSJO, SW","17",",E","6",",E","0",",E","","","","","18.8",",,E,12,","67.2",",,,E"
"SWE00138900","1987-07","59.36","17.7197","10.0","SVARTSJO, SW","10",",E","5",",E","0",",E","","","","","11.3",",,E,31,","43.4",",,,E"
"SWE00138900","1987-08","59.36","17.7197","10.0","SVARTSJO, SW","18",",E","10",",E","0",",E","","","","","21.4",",,E,08,","103.1",",,,E"
"SWE00138900","1987-09","59.36","17.7197","10.0","SVARTSJO, SW","18",",E","6",",E","0",",E","","","","","11.9",",,E,12,","51.8",",,,E"
"SWE00138900","1987-10","59.36","17.7197","10.0","SVARTSJO, SW","11",",E","5",",E","0",",E","","","","","6.2",",,E,24,","27.0",",,,E"
"SWE00138900","1987-11","59.36","17.7197","10.0","SVARTSJO, SW","17",",E","9",",E","0",",E","","","","","11.7",",,E,12,","64.8",",,,E"
"SWE00138900","1987-12","59.36","17.7197","10.0","SVARTSJO, SW","14",",E","3",",E","0",",E","","","","","8.2",",,E,29,","26.4",",,,E"
"SWE00138900","1988-01","59.36","17.7197","10.0","SVARTSJO, SW","23",",E","5",",E","0",",E","","","","","9.9",",,E,11,","44.3",",,,E"
"SWE00138900","1988-02","59.36","17.7197","10.0","SVARTSJO, SW","21",",E","8",",E","0",",E","","","","","11.1",",,E,06,","51.6",",,,E"
"SWE00138900","1988-03","59.36","17.7197","10.0","SVARTSJO, SW","16",",E","1",",E","0",",E","","","","","3.6",",,E,10,","19.9",",,,E"
"SWE00138900","1988-04","59.36","17.7197","10.0","SVARTSJO, SW","10",",E","3",",E","0",",E","","","","","7.1",",,E,20,","22.0",",,,E"
"SWE00138900","1988-05","59.36","17.7197","10.0","SVARTSJO, SW","7",",E","4",",E","0",",E","","","","","14.1",",,E,31,","36.8",",,,E"
"SWE00138900","1988-06","59.36","17.7197","10.0","SVARTSJO, SW","14",",E","9",",E","1",",E","","","","","31.2",",,E,28,","81.3",",,,E"
"SWE00138900","1988-07","59.36","17.7197","10.0","SVARTSJO, SW","16",",E","9",",E","1",",E","","","","","39.6",",,E,25,","102.4",",,,E"
"SWE00138900","1988-08","59.36","17.7197","10.0","SVARTSJO, SW","14",",E","9",",E","0",",E","","","","","11.1",",,E,02,","52.6",",,,E"
"SWE00138900","1988-09","59.36","17.7197","10.0","SVARTSJO, SW","12",",E","3",",E","0",",E","","","","","8.0",",,E,01,","25.5",",,,E"
"SWE00138900","1988-10","59.36","17.7197","10.0","SVARTSJO, SW","13",",E","6",",E","0",",E","","","","","19.9",",,E,27,","52.5",",,,E"
"SWE00138900","1988-11","59.36","17.7197","10.0","SVARTSJO, SW","8",",E","4",",E","0",",E","","","","","14.4",",,E,01,","31.4",",,,E"
"SWE00138900","1988-12","59.36","17.7197","10.0","SVARTSJO, SW","18",",E","6",",E","0",",E","","","","","10.2",",,E,26,","44.7",",,,E"
"SWE00138900","1989-01","59.36","17.7197","10.0","SVARTSJO, SW","7",",E","0",",E","0",",E","","","","","2.4",",,E,13,","7.7",",,,E"
"SWE00138900","1989-02","59.36","17.7197","10.0","SVARTSJO, SW","15",",E","2",",E","0",",E","","","","","3.0",",,E,26,","22.9",",,,E"
"SWE00138900","1989-03","59.36","17.7197","10.0","SVARTSJO, SW","14",",E","7",",E","0",",E","","","","","8.2",",,E,11,","42.5",",,,E"
"SWE00138900","1989-04","59.36","17.7197","10.0","SVARTSJO, SW","15",",E","5",",E","0",",E","","","","","8.0",",,E,18,","29.5",",,,E"
"SWE00138900","1989-05","59.36","17.7197","10.0","SVARTSJO, SW","11",",E","5",",E","0",",E","","","","","9.6",",,E,26,","35.6",",,,E"
"SWE00138900","1989-06","59.36","17.7197","10.0","SVARTSJO, SW","5",",E","2",",E","0",",E","","","","","22.2",",,E,07,","34.2",",,,E"
"SWE00138900","1989-07","59.36","17.7197","10.0","SVARTSJO, SW","13",",E","3",",E","0",",E","","","","","15.6",",,E,10,","43.6",",,,E"
"SWE00138900","1989-08","59.36","17.7197","10.0","SVARTSJO, SW","19",",E","6",",E","0",",E","","","","","10.4",",,E,03,","47.0",",,,E"
"SWE00138900","1989-09","59.36","17.7197","10.0","SVARTSJO, SW","10",",E","1",",E","0",",E","","","","","5.3",",,E,17,","14.3",",,,E"
"SWE00138900","1989-10","59.36","17.7197","10.0","SVARTSJO, SW","17",",E","7",",E","0",",E","","","","","12.1",",,E,29,","53.0",",,,E"
"SWE00138900","1989-11","59.36","17.7197","10.0","SVARTSJO, SW","16",",E","6",",E","0",",E","","","","","9.7",",,E,03,","50.3",",,,E"
"SWE00138900","1989-12","59.36","17.7197","10.0","SVARTSJO, SW","17",",E","5",",E","0",",E","","","","","4.3",",,E,23,","29.8",",,,E"
"SWE00138900","1990-01","59.36","17.7197","10.0","SVARTSJO, SW","20",",E","9",",E","0",",E","","","","","8.6",",,E,20,","57.7",",,,E"
"SWE00138900","1990-02","59.36","17.7197","10.0","SVARTSJO, SW","18",",E","6",",E","0",",E","","","","","15.0",",,E,26,","67.6",",,,E"
"SWE00138900","1990-03","59.36","17.7197","10.0","SVARTSJO, SW","10",",E","4",",E","0",",E","","","","","9.4",",,E,04,","30.0",",,,E"
"SWE00138900","1990-04","59.36","17.7197","10.0","SVARTSJO, SW","11",",E","4",",E","0",",E","","","","","4.1",",,E,27,","17.9",",,,E"
"SWE00138900","1990-05","59.36","17.7197","10.0","SVARTSJO, SW","9",",E","5",",E","0",",E","","","","","6.5",",,E,16,","32.9",",,,E"
"SWE00138900","1990-06","59.36","17.7197","10.0","SVARTSJO, SW","12",",E","5",",E","0",",E","","","","","12.4",",,E,28,","37.9",",,,E"
"SWE00138900","1990-07","59.36","17.7197","10.0","SVARTSJO, SW","20",",E","12",",E","2",",E","","","","","34.1",",,E,05,","140.9",",,,E"
"SWE00138900","1990-08","59.36","17.7197","10.0","SVARTSJO, SW","11",",E","3",",E","0",",E","","","","","8.1",",,E,13,","24.6",",,,E"
"SWE00138900","1990-09","59.36","17.7197","10.0","SVARTSJO, SW","20",",E","12",",E","0",",E","","","","","14.8",",,E,07,","114.1",",,,E"
"SWE00138900","1990-10","59.36","17.7197","10.0","SVARTSJO, SW","11",",E","6",",E","0",",E","","","","","15.4",",,E,29,","69.1",",,,E"
"SWE00138900","1990-11","59.36","17.7197","10.0","SVARTSJO, SW","14",",E","8",",E","0",",E","","","","","12.4",",,E,24,","54.7",",,,E"
"SWE00138900","1990-12","59.36","17.7197","10.0","SVARTSJO, SW","14",",E","4",",E","0",",E","","","","","7.3",",,E,07,","33.6",",,,E"
"SWE00138900","1991-01","59.36","17.7197","10.0","SVARTSJO, SW","11",",E","6",",E","0",",E","","","","","9.2",",,E,02,","38.8",",,,E"
"SWE00138900","1991-02","59.36","17.7197","10.0","SVARTSJO, SW","11",",E","3",",E","0",",E","","","","","9.0",",,E,23,","23.4",",,,E"
"SWE00138900","1991-03","59.36","17.7197","10.0","SVARTSJO, SW","16",",E","7",",E","0",",E","","","","","5.2",",,E,13,","33.2",",,,E"
"SWE00138900","1991-04","59.36","17.7197","10.0","SVARTSJO, SW","8",",E","1",",E","0",",E","","","","","4.8",",,E,29,","9.8",",,,E"
"SWE00138900","1991-05","59.36","17.7197","10.0","SVARTSJO, SW","12",",E","7",",E","0",",E","","","","","12.2",",,E,01,","53.9",",,,E"
"SWE00138900","1991-06","59.36","17.7197","10.0","SVARTSJO, SW","21",",E","10",",E","0",",E","","","","","20.2",",,E,18,","93.6",",,,E"
"SWE00138900","1991-07","59.36","17.7197","10.0","SVARTSJO, SW","8",",E","5",",E","0",",E","","","","","20.4",",,E,19,","54.5",",,,E"
"SWE00138900","1991-08","59.36","17.7197","10.0","SVARTSJO, SW","14",",E","11",",E","0",",E","","","","","23.7",",,E,08,","80.6",",,,E"
"SWE00138900","1991-09","59.36","17.7197","10.0","SVARTSJO, SW","13",",E","7",",E","0",",E","","","","","16.1",",,E,26,","58.4",",,,E"
"SWE00138900","1991-10","59.36","17.7197","10.0","SVARTSJO, SW","17",",E","3",",E","0",",E","","","","","6.4",",,E,14,","27.1",",,,E"
"SWE00138900","1991-11","59.36","17.7197","10.0","SVARTSJO, SW","11",",E","7",",E","0",",E","","","","","6.8",",,E,13,","40.8",",,,E"
"SWE00138900","1991-12","59.36","17.7197","10.0","SVARTSJO, SW","14",",E","6",",E","0",",E","","","","","9.2",",,E,26,","40.2",",,,E"
"SWE00138900","1992-01","59.36","17.7197","10.0","SVARTSJO, SW","8",",E","3",",E","0",",E","","","","","7.2",",,E,07,","20.8",",,,E"
"SWE00138900","1992-02","59.36","17.7197","10.0","SVARTSJO, SW","12",",E","5",",E","0",",E","","","","","10.9",",,E,14,","35.1",",,,E"
"SWE00138900","1992-03","59.36","17.7197","10.0","SVARTSJO, SW","13",",E","5",",E","0",",E","","","","","5.7",",,E,12,","26.3",",,,E"
"SWE00138900","1992-04","59.36","17.7197","10.0","SVARTSJO, SW","15",",E","10",",E","0",",E","","","","","15.4",",,E,27,","77.9",",,,E"
"SWE00138900","1992-05","59.36","17.7197","10.0","SVARTSJO, SW","9",",E","4",",E","0",",E","","","","","6.6",",,E,10,","19.1",",,,E"
"SWE00138900","1992-06","59.36","17.7197","10.0","SVARTSJO, SW","7",",E","5",",E","0",",E","","","","","18.8",",,E,13,","44.2",",,,E"
"SWE00138900","1992-07","59.36","17.7197","10.0","SVARTSJO, SW","14",",E","7",",E","2",",E","","","","","38.6",",,E,28,","126.4",",,,E"
"SWE00138900","1992-08","59.36","17.7197","10.0","SVARTSJO, SW","17",",E","7",",E","0",",E","","","","","11.6",",,E,31,","55.1",",,,E"
"SWE00138900","1992-09","59.36","17.7197","10.0","SVARTSJO, SW","13",",E","3",",E","0",",E","","","","","22.1",",,E,01,","37.7",",,,E"
"SWE00138900","1992-10","59.36","17.7197","10.0","SVARTSJO, SW","15",",E","9",",E","0",",E","","","","","15.6",",,E,16,","67.1",",,,E"
"SWE00138900","1992-11","59.36","17.7197","10.0","SVARTSJO, SW","24",",E","7",",E","0",",E","","","","","10.6",",,E,02,","61.6",",,,E"
"SWE00138900","1992-12","59.36","17.7197","10.0","SVARTSJO, SW","9",",E","1",",E","0",",E","","","","","3.8",",,E,04,","13.0",",,,E"
"SWE00138900","1993-01","59.36","17.7197","10.0","SVARTSJO, SW","11",",E","4",",E","0",",E","","","","","4.7",",,E,24,","22.3",",,,E"
"SWE00138900","1993-02","59.36","17.7197","10.0","SVARTSJO, SW","7",",E","4",",E","0",",E","","","","","14.0",",,E,04,","36.7",",,,E"
"SWE00138900","1993-03","59.36","17.7197","10.0","SVARTSJO, SW","8",",E","3",",E","0",",E","","","","","4.8",",,E,22,","20.2",",,,E"
"SWE00138900","1993-04","59.36","17.7197","10.0","SVARTSJO, SW","8",",E","3",",E","0",",E","","","","","5.3",",,E,06,","21.0",",,,E"
"SWE00138900","1993-05","59.36","17.7197","10.0","SVARTSJO, SW","4",",E","2",",E","0",",E","","","","","6.2",",,E,24,","10.6",",,,E"
"SWE00138900","1993-06","59.36","17.7197","10.0","SVARTSJO, SW","19",",E","10",",E","0",",E","","","","","15.3",",,E,21,","90.0",",,,E"
"SWE00138900","1993-07","59.36","17.7197","10.0","SVARTSJO, SW","18",",E","9",",E","0",",E","","","","","21.5",",,E,31,","78.0",",,,E"
"SWE00138900","1993-08","59.36","17.7197","10.0","SVARTSJO, SW","22",",E","16",",E","0",",E","","","","","22.8",",,E,06,","147.7",",,,E"
"SWE00138900","1993-09","59.36","17.7197","10.0","SVARTSJO, SW","8",",E","2",",E","0",",E","","","","","10.6",",,E,15,","20.3",",,,E"
"SWE00138900","1993-10","59.36","17.7197","10.0","SVARTSJO, SW","14",",E","7",",E","0",",E","","","","","12.9",",,E,12,","47.4",",,,E"
"SWE00138900","1993-11","59.36","17.7197","10.0","SVARTSJO, SW","11",",E","2",",E","0",",E","","","","","3.5",",,E,12,","14.8",",,,E"
"SWE00138900","1993-12","59.36","17.7197","10.0","SVARTSJO, SW","20",",E","6",",E","0",",E","","","","","9.0",",,E,23,","58.0",",,,E"
"SWE00138900","1994-01","59.36","17.7197","10.0","SVARTSJO, SW","20",",E","6",",E","0",",E","","","","","8.6",",,E,12,","35.5",",,,E"
"SWE00138900","1994-02","59.36","17.7197","10.0","SVARTSJO, SW","5",",E","0",",E","0",",E","28",",","110",",,E,28,+","1.5",",,E,22,","4.8",",,,E"
"SWE00138900","1994-03","59.36","17.7197","10.0","SVARTSJO, SW","14",",E","6",",E","0",",E","","","","","12.7",",,E,13,","46.1",",,,E"
"SWE00138900","1994-04","59.36","17.7197","10.0","SVARTSJO, SW","11",",E","4",",E","0",",E","","","","","12.8",",,E,13,","39.8",",,,E"
"SWE00138900","1994-05","59.36","17.7197","10.0","SVARTSJO, SW","10",",E","2",",E","0",",E","","","","","12.2",",,E,26,","20.2",",,,E"
"SWE00138900","1994-06","59.36","17.7197","10.0","SVARTSJO, SW","16",",E","8",",E","0",",E","","","","","17.1",",,E,03,","61.3",",,,E"
"SWE00138900","1994-07","59.36","17.7197","10.0","SVARTSJO, SW","3",",E","1",",E","0",",E","","","","","10.5",",,E,16,","11.8",",,,E"
"SWE00138900","1994-08","59.36","17.7197","10.0","SVARTSJO, SW","11",",E","5",",E","1",",E","","","","","25.7",",,E,06,","66.5",",,,E"
"SWE00138900","1994-09","59.36","17.7197","10.0","SVARTSJO, SW","20",",E","12",",E","0",",E","","","","","23.5",",,E,17,","141.1",",,,E"
"SWE00138900","1994-10","59.36","17.7197","10.0","SVARTSJO, SW","15",",E","7",",E","0",",E","","","","","12.8",",,E,03,","51.8",",,,E"
"SWE00138900","1994-11","59.36","17.7197","10.0","SVARTSJO, SW","7",",E","1",",E","0",",E","","","","","11.1",",,E,14,","16.7",",,,E"
"SWE00138900","1994-12","59.36","17.7197","10.0","SVARTSJO, SW","15",",E","7",",E","0",",E","","","","","9.2",",,E,10,","51.7",",,,E"
"SWE00138900","1995-01","59.36","17.7197","10.0","SVARTSJO, SW","13",",E","6",",E","0",",E","","","","","15.1",",,E,08,","57.7",",,,E"
"SWE00138900","1995-02","59.36","17.7197","10.0","SVARTSJO, SW","10",",E","5",",E","0",",E","","","","","12.8",",,E,06,","40.5",",,,E"
"SWE00138900","1995-03","59.36","17.7197","10.0","SVARTSJO, SW","13",",E","3",",E","0",",E","","","","","12.5",",,E,17,","32.2",",,,E"
"SWE00138900","1995-04","59.36","17.7197","10.0","SVARTSJO, SW","11",",E","7",",E","0",",E","","","","","22.3",",,E,20,","97.7",",,,E"
"SWE00138900","1995-05","59.36","17.7197","10.0","SVARTSJO, SW","11",",E","6",",E","0",",E","","","","","17.3",",,E,06,","61.8",",,,E"
"SWE00138900","1995-06","59.36","17.7197","10.0","SVARTSJO, SW","14",",E","4",",E","0",",E","","","","","24.7",",,E,11,","51.7",",,,E"
"SWE00138900","1995-07","59.36","17.7197","10.0","SVARTSJO, SW","7",",E","4",",E","0",",E","","","","","15.4",",,E,17,","36.6",",,,E"
"SWE00138900","1995-08","59.36","17.7197","10.0","SVARTSJO, SW","8",",E","4",",E","0",",E","","","","","13.6",",,E,14,","38.6",",,,E"
"SWE00138900","1995-09","59.36","17.7197","10.0","SVARTSJO, SW","12",",E","5",",E","1",",E","","","","","38.8",",,E,29,","84.4",",,,E"
"SWE00138900","1995-10","59.36","17.7197","10.0","SVARTSJO, SW","14",",E","5",",E","0",",E","","","","","5.9",",,E,27,","26.8",",,,E"
"SWE00138900","1995-11","59.36","17.7197","10.0","SVARTSJO, SW","14",",E","5",",E","0",",E","","","","","14.9",",,E,15,","41.1",",,,E"
"SWE00138900","1995-12","59.36","17.7197","10.0","SVARTSJO, SW","7",",E","2",",E","0",",E","16","1,","100","1,,E,23,","2.5",",,E,22,+","10.2",",,,E"
"SWE00138900","1996-01","59.36","17.7197","10.0","SVARTSJO, SW","6",",E","1",",E","0",",E","13","5,","120","5,,E,09,","4.2",",,E,08,","8.2",",,,E"
"SWE00138900","1996-02","59.36","17.7197","10.0","SVARTSJO, SW","8",",E","1",",E","0",",E","25",",","100",",,E,19,+","6.6",",,E,27,","16.2",",,,E"
"SWE00138900","1996-03","59.36","17.7197","10.0","SVARTSJO, SW","8",",E","5",",E","0",",E","","","","","10.2",",,E,29,","32.2",",,,E"
"SWE00138900","1996-04","59.36","17.7197","10.0","SVARTSJO, SW","2",",E","1",",E","0",",E","","","","","5.3",",,E,24,","6.6",",,,E"
"SWE00138900","1996-05","59.36","17.7197","10.0","SVARTSJO, SW","11",",E","5",",E","0",",E","","","","","17.5",",,E,05,","49.7",",,,E"
"SWE00138900","1996-06","59.36","17.7197","10.0","SVARTSJO, SW","10",",E","4",",E","0",",E","","","","","15.4",",,E,21,","30.0",",,,E"
"SWE00138900","1996-07","59.36","17.7197","10.0","SVARTSJO, SW","12",",E","5",",E","1",",E","","","","","30.9",",,E,09,","63.6",",,,E"
"SWE00138900","1996-08","59.36","17.7197","10.0","SVARTSJO, SW","8",",E","4",",E","0",",E","","","","","10.2",",,E,01,","25.5",",,,E"
"SWE00138900","1996-09","59.36","17.7197","10.0","SVARTSJO, SW","9",",E","3",",E","0",",E","","","","","15.2",",,E,12,","32.3",",,,E"
"SWE00138900","1996-10","59.36","17.7197","10.0","SVARTSJO, SW","13",",E","1",",E","0",",E","","","","","5.1",",,E,27,","16.0",",,,E"
"SWE00138900","1996-11","59.36","17.7197","10.0","SVARTSJO, SW","17",",E","11",",E","0",",E","","","","","11.7",",,E,19,","87.2",",,,E"
"SWE00138900","1996-12","59.36","17.7197","10.0","SVARTSJO, SW","16",",E","3",",E","0",",E","","","","","8.3",",,E,06,","27.3",",,,E"
"SWE00138900","1997-01","59.36","17.7197","10.0","SVARTSJO, SW","4",",E","2",",E","0",",E","","","","","4.2",",,E,23,","10.2",",,,E"
"SWE00138900","1997-02","59.36","17.7197","10.0","SVARTSJO, SW","15",",E","8",",E","0",",E","","","","","11.0",",,E,09,","42.9",",,,E"
"SWE00138900","1997-03","59.36","17.7197","10.0","SVARTSJO, SW","8",",E","1",",E","0",",E","","","","","11.5",",,E,26,","17.8",",,,E"
"SWE00138900","1997-04","59.36","17.7197","10.0","SVARTSJO, SW","10",",E","2",",E","0",",E","","","","","22.4",",,E,10,","40.1",",,,E"
"SWE00138900","1997-05","59.36","17.7197","10.0","SVARTSJO, SW","12",",E","5",",E","0",",E","","","","","21.1",",,E,09,","58.9",",,,E"
"SWE00138900","1997-06","59.36","17.7197","10.0","SVARTSJO, SW","11",",E","6",",E","2",",E","","","","","27.7",",,E,16,","104.4",",,,E"
"SWE00138900","1997-07","59.36","17.7197","10.0","SVARTSJO, SW","8",",E","3",",E","0",",E","","","","","16.8",",,E,26,","33.1",",,,E"
"SWE00138900","1997-08","59.36","17.7197","10.0","SVARTSJO, SW","6",",E","2",",E","0",",E","","","","","25.3",",,E,24,","49.7",",,,E"
"SWE00138900","1997-09","59.36","17.7197","10.0","SVARTSJO, SW","19",",E","8",",E","0",",E","","","","","17.3",",,E,03,","70.0",",,,E"
"SWE00138900","1997-10","59.36","17.7197","10.0","SVARTSJO, SW","16",",E","4",",E","0",",E","","","","","13.9",",,E,01,","40.4",",,,E"
"SWE00138900","1997-11","59.36","17.7197","10.0","SVARTSJO, SW","14",",E","8",",E","0",",E","","","","","7.4",",,E,07,","48.4",",,,E"
"SWE00138900","1997-12","59.36","17.7197","10.0","SVARTSJO, SW","22",",E","4",",E","0",",E","","","","","6.4",",,E,26,","38.4",",,,E"
"SWE00138900","1998-01","59.36","17.7197","10.0","SVARTSJO, SW","17",",E","8",",E","0",",E","","","","","10.0",",,E,23,","57.8",",,,E"
"SWE00138900","1998-02","59.36","17.7197","10.0","SVARTSJO, SW","15",",E","7",",E","0",",E","","","","","4.7",",,E,15,","35.4",",,,E"
"SWE00138900","1998-03","59.36","17.7197","10.0","SVARTSJO, SW","7",",E","5",",E","0",",E","","","","","5.7",",,E,16,","23.4",",,,E"
"SWE00138900","1998-04","59.36","17.7197","10.0","SVARTSJO, SW","9",",E","6",",E","0",",E","","","","","9.0",",,E,16,","33.8",",,,E"
"SWE00138900","1998-05","59.36","17.7197","10.0","SVARTSJO, SW","12",",E","5",",E","0",",E","","","","","7.3",",,E,02,","32.7",",,,E"
"SWE00138900","1998-06","59.36","17.7197","10.0","SVARTSJO, SW","16",",E","10",",E","0",",E","","","","","15.1",",,E,01,","83.4",",,,E"
"SWE00138900","1998-07","59.36","17.7197","10.0","SVARTSJO, SW","21",",E","13",",E","0",",E","","","","","13.1",",,E,06,","91.5",",,,E"
"SWE00138900","1998-08","59.36","17.7197","10.0","SVARTSJO, SW","19",",E","7",",E","0",",E","","","","","9.3",",,E,15,","52.1",",,,E"
"SWE00138900","1998-09","59.36","17.7197","10.0","SVARTSJO, SW","13",",E","5",",E","0",",E","","","","","10.5",",,E,09,","38.0",",,,E"
"SWE00138900","1998-10","59.36","17.7197","10.0","SVARTSJO, SW","16",",E","8",",E","0",",E","","","","","12.1",",,E,17,","50.5",",,,E"
"SWE00138900","1998-11","59.36","17.7197","10.0","SVARTSJO, SW","15",",E","3",",E","0",",E","","","","","10.7",",,E,02,","28.8",",,,E"
"SWE00138900","1998-12","59.36","17.7197","10.0","SVARTSJO, SW","13",",E","8",",E","0",",E","","","","","10.4",",,E,05,","52.4",",,,E"
"SWE00138900","1999-01","59.36","17.7197","10.0","SVARTSJO, SW","10",",E","6",",E","0",",E","","","","","12.1",",,E,06,","50.0",",,,E"
"SWE00138900","1999-02","59.36","17.7197","10.0","SVARTSJO, SW","15",",E","3",",E","0",",E","","","","","7.9",",,E,04,","30.7",",,,E"
"SWE00138900","1999-03","59.36","17.7197","10.0","SVARTSJO, SW","18",",E","7",",E","0",",E","","","","","10.0",",,E,04,","45.1",",,,E"
"SWE00138900","1999-04","59.36","17.7197","10.0","SVARTSJO, SW","17",",E","9",",E","1",",E","","","","","30.6",",,E,17,","78.8",",,,E"
"SWE00138900","1999-05","59.36","17.7197","10.0","SVARTSJO, SW","7",",E","1",",E","0",",E","","","","","9.6",",,E,09,","16.0",",,,E"
"SWE00138900","1999-06","59.36","17.7197","10.0","SVARTSJO, SW","9",",E","6",",E","0",",E","","","","","8.5",",,E,23,","36.0",",,,E"
"SWE00138900","1999-07","59.36","17.7197","10.0","SVARTSJO, SW","7",",E","1",",E","0",",E","","","","","2.6",",,E,17,","10.7",",,,E"
"SWE00138900","1999-08","59.36","17.7197","10.0","SVARTSJO, SW","10",",E","5",",E","0",",E","","","","","17.2",",,E,19,","48.1",",,,E"
"SWE00138900","1999-09","59.36","17.7197","10.0","SVARTSJO, SW","8",",E","5",",E","1",",E","","","","","25.8",",,E,22,","89.1",",,,E"
"SWE00138900","1999-10","59.36","17.7197","10.0","SVARTSJO, SW","13",",E","4",",E","0",",E","","","","","6.7",",,E,01,","28.1",",,,E"
"SWE00138900","1999-11","59.36","17.7197","10.0","SVARTSJO, SW","9",",E","2",",E","0",",E","","","","","3.6",",,E,18,","12.7",",,,E"
"SWE00138900","1999-12","59.36","17.7197","10.0","SVARTSJO, SW","21",",E","12",",E","0",",E","","","","","13.2",",,E,03,","106.9",",,,E"
"SWE00138900","2000-01","59.36","17.7197","10.0","SVARTSJO, SW","10",",E","4",",E","0",",E","","","","","6.5",",,E,29,","21.1",",,,E"
"SWE00138900","2000-02","59.36","17.7197","10.0","SVARTSJO, SW","7",",E","1",",E","0",",E","","","","","4.2",",,E,24,","9.6",",,,E"
"SWE00138900","2000-03","59.36","17.7197","10.0","SVARTSJO, SW","8",",E","3",",E","0",",E","","","","","6.8",",,E,03,","24.9",",,,E"
"SWE00138900","2000-04","59.36","17.7197","10.0","SVARTSJO, SW","9",",E","3",",E","0",",E","","","","","5.9",",,E,04,","20.6",",,,E"
"SWE00138900","2000-05","59.36","17.7197","10.0","SVARTSJO, SW","13",",E","7",",E","0",",E","","","","","5.7",",,E,31,","34.9",",,,E"
"SWE00138900","2000-06","59.36","17.7197","10.0","SVARTSJO, SW","11",",E","7",",E","1",",E","","","","","30.5",",,E,29,","72.7",",,,E"
"SWE00138900","2000-07","59.36","17.7197","10.0","SVARTSJO, SW","20",",E","12",",E","0",",E","","","","","19.1",",,E,26,","126.5",",,,E"
"SWE00138900","2000-08","59.36","17.7197","10.0","SVARTSJO, SW","11",",E","3",",E","0",",E","","","","","14.2",",,E,02,","31.0",",,,E"
"SWE00138900","2000-09","59.36","17.7197","10.0","SVARTSJO, SW","5",",E","1",",E","0",",E","","","","","2.8",",,E,03,","8.4",",,,E"
"SWE00138900","2000-10","59.36","17.7197","10.0","SVARTSJO, SW","16",",E","12",",E","0",",E","","","","","17.7",",,E,26,","86.8",",,,E"
"SWE00138900","2000-11","59.36","17.7197","10.0","SVARTSJO, SW","24",",E","15",",E","0",",E","","","","","11.5",",,E,27,","102.3",",,,E"
"SWE00138900","2000-12","59.36","17.7197","10.0","SVARTSJO, SW","15",",E","7",",E","0",",E","","","","","8.5",",,E,31,","50.1",",,,E"
"SWE00138900","2001-01","59.36","17.7197","10.0","SVARTSJO, SW","14",",E","3",",E","0",",E","","","","","8.3",",,E,06,","30.4",",,,E"
"SWE00138900","2001-02","59.36","17.7197","10.0","SVARTSJO, SW","10",",E","2",",E","0",",E","","","","","9.1",",,E,08,","23.7",",,,E"
"SWE00138900","2001-03","59.36","17.7197","10.0","SVARTSJO, SW","8",",E","3",",E","0",",E","","","","","4.8",",,E,30,","18.1",",,,E"
"SWE00138900","2001-04","59.36","17.7197","10.0","SVARTSJO, SW","11",",E","5",",E","0",",E","","","","","11.3",",,E,23,","32.0",",,,E"
"SWE00138900","2001-05","59.36","17.7197","10.0","SVARTSJO, SW","9",",E","6",",E","0",",E","","","","","9.7",",,E,18,","28.2",",,,E"
"SWE00138900","2001-06","59.36","17.7197","10.0","SVARTSJO, SW","7",",E","2",",E","0",",E","","","","","7.6",",,E,19,","13.5",",,,E"
"SWE00138900","2001-07","59.36","17.7197","10.0","SVARTSJO, SW","12",",E","7",",E","1",",E","","","","","35.0",",,E,10,","86.8",",,,E"
"SWE00138900","2001-08","59.36","17.7197","10.0","SVARTSJO, SW","13",",E","8",",E","0",",E","","","","","20.4",",,E,27,","78.4",",,,E"
"SWE00138900","2001-09","59.36","17.7197","10.0","SVARTSJO, SW","14",",E","9",",E","0",",E","","","","","17.6",",,E,10,","89.7",",,,E"
"SWE00138900","2001-10","59.36","17.7197","10.0","SVARTSJO, SW","13",",E","6",",E","1",",E","","","","","26.0",",,E,31,","84.9",",,,E"
"SWE00138900","2001-11","59.36","17.7197","10.0","SVARTSJO, SW","12",",E","6",",E","0",",E","","","","","7.5",",,E,04,","29.7",",,,E"
"SWE00138900","2001-12","59.36","17.7197","10.0","SVARTSJO, SW","10",",E","6",",E","0",",E","","","","","7.2",",,E,28,","32.2",",,,E"
"SWE00138900","2002-01","59.36","17.7197","10.0","SVARTSJO, SW","14",",E","8",",E","0",",E","","","","","22.1",",,E,24,","61.4",",,,E"
"SWE00138900","2002-02","59.36","17.7197","10.0","SVARTSJO, SW","12",",E","6",",E","0",",E","","","","","10.3",",,E,22,","45.9",",,,E"
"SWE00138900","2002-03","59.36","17.7197","10.0","SVARTSJO, SW","12",",E","4",",E","0",",E","","","","","8.9",",,E,06,","26.1",",,,E"
"SWE00138900","2002-04","59.36","17.7197","10.0","SVARTSJO, SW","6",",E","1",",E","0",",E","","","","","4.9",",,E,27,","11.0",",,,E"
"SWE00138900","2002-05","59.36","17.7197","10.0","SVARTSJO, SW","8",",E","3",",E","0",",E","","","","","23.3",",,E,04,","36.4",",,,E"
"SWE00138900","2002-06","59.36","17.7197","10.0","SVARTSJO, SW","15",",E","12",",E","0",",E","","","","","11.8",",,E,13,","81.8",",,,E"
"SWE00138900","2002-07","59.36","17.7197","10.0","SVARTSJO, SW","14",",E","9",",E","0",",E","","","","","22.2",",,E,21,","102.9",",,,E"
"SWE00138900","2002-08","59.36","17.7197","10.0","SVARTSJO, SW","2",",E","0",",E","0",",E","","","","","1.5",",,E,31,","2.0",",,,E"
"SWE00138900","2002-09","59.36","17.7197","10.0","SVARTSJO, SW","6",",E","3",",E","0",",E","","","","","16.5",",,E,05,","32.8",",,,E"
"SWE00138900","2002-10","59.36","17.7197","10.0","SVARTSJO, SW","9",",E","6",",E","0",",E","","","","","12.0",",,E,23,","41.8",",,,E"
"SWE00138900","2002-11","59.36","17.7197","10.0","SVARTSJO, SW","12",",E","6",",E","0",",E","","","","","5.6",",,E,26,","34.6",",,,E"
"SWE00138900","2002-12","59.36","17.7197","10.0","SVARTSJO, SW","6",",E","1",",E","0",",E","","","","","4.4",",,E,28,","10.4",",,,E"
"SWE00138900","2003-01","59.36","17.7197","10.0","SVARTSJO, SW","16",",E","3",",E","0",",E","","","","","3.7",",,E,25,","19.2",",,,E"
"SWE00138900","2003-02","59.36","17.7197","10.0","SVARTSJO, SW","6",",E","3",",E","0",",E","25","3,","150","3,,E,09,+","6.5",",,E,02,","16.5",",,,E"
"SWE00138900","2003-03","59.36","17.7197","10.0","SVARTSJO, SW","5",",E","0",",E","0",",E","","","","","0.7",",,E,30,","2.6",",,,E"
"SWE00138900","2003-04","59.36","17.7197","10.0","SVARTSJO, SW","11",",E","8",",E","0",",E","","","","","11.8",",,E,30,","48.9",",,,E"
"SWE00138900","2003-05","59.36","17.7197","10.0","SVARTSJO, SW","11",",E","8",",E","0",",E","","","","","18.7",",,E,01,","59.1",",,,E"
"SWE00138900","2003-06","59.36","17.7197","10.0","SVARTSJO, SW","12",",E","5",",E","0",",E","","","","","13.7",",,E,24,","47.3",",,,E"
"SWE00138900","2003-07","59.36","17.7197","10.0","SVARTSJO, SW","11",",E","5",",E","0",",E","","","","","9.5",",,E,21,","40.0",",,,E"
"SWE00138900","2003-08","59.36","17.7197","10.0","SVARTSJO, SW","14",",E","4",",E","0",",E","","","","","17.6",",,E,26,","47.1",",,,E"
"SWE00138900","2003-09","59.36","17.7197","10.0","SVARTSJO, SW","7",",E","2",",E","0",",E","","","","","12.0",",,E,19,","25.9",",,,E"
"SWE00138900","2003-10","59.36","17.7197","10.0","SVARTSJO, SW","8",",E","4",",E","0",",E","","","","","16.2",",,E,04,","34.8",",,,E"
"SWE00138900","2003-11","59.36","17.7197","10.0","SVARTSJO, SW","11",",E","5",",E","0",",E","","","","","7.9",",,E,27,","37.3",",,,E"
"SWE00138900","2003-12","59.36","17.7197","10.0","SVARTSJO, SW","15",",E","11",",E","0",",E","","","","","16.2",",,E,28,","64.3",",,,E"
"SWE00138900","2004-01","59.36","17.7197","10.0","SVARTSJO, SW","14",",E","7",",E","0",",E","31",",","200",",,E,31,+","7.2",",,E,30,","38.1",",,,E"
"SWE00138900","2004-02","59.36","17.7197","10.0","SVARTSJO, SW","9",",E","5",",E","0",",E","21","3,","190","3,,E,01,","5.5",",,E,08,+","25.7",",,,E"
"SWE00138900","2004-03","59.36","17.7197","10.0","SVARTSJO, SW","8",",E","2",",E","0",",E","","","","","6.9",",,E,15,","20.1",",,,E"
"SWE00138900","2004-04","59.36","17.7197","10.0","SVARTSJO, SW","6",",E","3",",E","0",",E","","","","","8.2",",,E,23,","19.6",",,,E"
"SWE00138900","2004-05","59.36","17.7197","10.0","SVARTSJO, SW","10",",E","7",",E","0",",E","","","","","9.7",",,E,19,","38.0",",,,E"
"SWE00138900","2004-06","59.36","17.7197","10.0","SVARTSJO, SW","12",",E","6",",E","0",",E","","","","","21.7",",,E,07,","62.9",",,,E"
"SWE00138900","2004-07","59.36","17.7197","10.0","SVARTSJO, SW","14",",E","8",",E","1",",E","","","","","25.4",",,E,04,","98.6",",,,E"
"SWE00138900","2004-08","59.36","17.7197","10.0","SVARTSJO, SW","11",",E","9",",E","0",",E","","","","","13.7",",,E,14,","60.2",",,,E"
"SWE00138900","2004-09","59.36","17.7197","10.0","SVARTSJO, SW","14",",E","7",",E","0",",E","","","","","13.2",",,E,15,","54.8",",,,E"
"SWE00138900","2004-10","59.36","17.7197","10.0","SVARTSJO, SW","17",",E","5",",E","0",",E","","","","","10.3",",,E,26,","48.5",",,,E"
"SWE00138900","2004-11","59.36","17.7197","10.0","SVARTSJO, SW","11",",E","6",",E","0",",E","","","","","9.3",",,E,18,","47.9",",,,E"
