"STATION","DATE","LATITUDE","LONGITUDE","ELEVATION","NAME","DP01","DP01_ATTRIBUTES","DP10","DP10_ATTRIBUTES","DP1X","DP1X_ATTRIBUTES","DSND","DSND_ATTRIBUTES","EMSD","EMSD_ATTRIBUTES","EMXP","EMXP_ATTRIBUTES","PRCP","PRCP_ATTRIBUTES"
"SWE00140716","1920-01","66.3797","18.23","440.0","NORRA BERGNAS, SW","10",",E","8",",E","0",",E","31",",","610",",,E,31,","9.5",",,E,10,","39.7",",,,E"
"SWE00140716","1920-02","66.3797","18.23","440.0","NORRA BERGNAS, SW","","","","","","","29",",","700",",,E,29,","","","",""
"SWE00140716","1920-03","66.3797","18.23","440.0","NORRA BERGNAS, SW","8",",E","0",",E","0",",E","30","1,","710","1,,E,20,+","2.2",",,E,18,","8.7",",,,E"
"SWE00140716","1920-04","66.3797","18.23","440.0","NORRA BERGNAS, SW","8","1,E","6","1,E","0","1,E","29","1,","700","1,,E,06,+","7.2","1,,E,16,","28.7","1,,,E"
"SWE00140716","1920-05","66.3797","18.23","440.0","NORRA BERGNAS, SW","11",",E","7",",E","0",",E","","","","","12.0",",,E,31,","46.9",",,,E"
"SWE00140716","1920-06","66.3797","18.23","440.0","NORRA BERGNAS, SW","8",",E","6",",E","0",",E","","","","","24.5",",,E,01,","77.6",",,,E"
"SWE00140716","1920-07","66.3797","18.23","440.0","NORRA BERGNAS, SW","11",",E","9",",E","0",",E","","","","","17.5",",,E,26,","101.4",",,,E"
"SWE00140716","1920-08","66.3797","18.23","440.0","NORRA BERGNAS, SW","10",",E","8",",E","0",",E","","","","","20.0",",,E,03,","83.8",",,,E"
"SWE00140716","1920-09","66.3797","18.23","440.0","NORRA BERGNAS, SW","9",",E","5",",E","0",",E","","","","","18.0",",,E,05,","53.5",",,,E"
"SWE00140716","1920-10","66.3797","18.23","440.0","NORRA BERGNAS, SW","8",",E","2",",E","0",",E","","","","","5.0",",,E,24,","14.0",",,,E"
"SWE00140716","1920-11","66.3797","18.23","440.0","NORRA BERGNAS, SW","9",",E","3",",E","0",",E","25","5,","180","5,,E,20,+","8.5",",,E,15,","24.3",",,,E"
"SWE00140716","1920-12","66.3797","18.23","440.0","NORRA BERGNAS, SW","4",",E","3",",E","0",",E","31",",","200",",,E,31,+","5.0",",,E,20,","13.7",",,,E"
"SWE00140716","1921-01","66.3797","18.23","440.0","NORRA BERGNAS, SW","11",",E","7",",E","0",",E","31",",","400",",,E,31,+","6.0",",,E,16,","34.2",",,,E"
"SWE00140716","1921-02","66.3797","18.23","440.0","NORRA BERGNAS, SW","6",",E","2",",E","0",",E","28",",","460",",,E,28,+","5.2",",,E,12,","12.7",",,,E"
"SWE00140716","1921-03","66.3797","18.23","440.0","NORRA BERGNAS, SW","11",",E","5",",E","0",",E","31",",","580",",,E,31,+","5.0",",,E,04,","24.6",",,,E"
"SWE00140716","1921-04","66.3797","18.23","440.0","NORRA BERGNAS, SW","4",",E","2",",E","0",",E","27","2,","580","2,,E,02,+","3.5",",,E,20,+","9.6",",,,E"
"SWE00140716","1921-05","66.3797","18.23","440.0","NORRA BERGNAS, SW","13",",E","6",",E","0",",E","","","","","7.0",",,E,13,","34.4",",,,E"
"SWE00140716","1921-06","66.3797","18.23","440.0","NORRA BERGNAS, SW","16",",E","11",",E","0",",E","","","","","16.0",",,E,17,+","92.4",",,,E"
"SWE00140716","1921-07","66.3797","18.23","440.0","NORRA BERGNAS, SW","12",",E","7",",E","0",",E","","","","","13.2",",,E,11,","61.2",",,,E"
"SWE00140716","1921-08","66.3797","18.23","440.0","NORRA BERGNAS, SW","20",",E","16",",E","0",",E","","","","","19.5",",,E,26,","145.6",",,,E"
"SWE00140716","1921-09","66.3797","18.23","440.0","NORRA BERGNAS, SW","12",",E","4",",E","0",",E","","","","","5.0",",,E,22,","25.6",",,,E"
"SWE00140716","1921-10","66.3797","18.23","440.0","NORRA BERGNAS, SW","15",",E","4",",E","0",",E","","","","","10.5",",,E,31,","40.1",",,,E"
"SWE00140716","1921-11","66.3797","18.23","440.0","NORRA BERGNAS, SW","6",",E","4",",E","0",",E","29","1,","220","1,,E,30,","4.7",",,E,29,","17.8",",,,E"
"SWE00140716","1921-12","66.3797","18.23","440.0","NORRA BERGNAS, SW","13",",E","6",",E","0",",E","31",",","380",",,E,31,","10.5",",,E,27,","37.3",",,,E"
"SWE00140716","1922-01","66.3797","18.23","440.0","NORRA BERGNAS, SW","6",",E","1",",E","0",",E","31",",","450",",,E,31,+","3.5",",,E,10,","11.9",",,,E"
"SWE00140716","1922-02","66.3797","18.23","440.0","NORRA BERGNAS, SW","7",",E","3",",E","0",",E","28",",","500",",,E,28,+","5.5",",,E,21,","15.6",",,,E"
"SWE00140716","1922-03","66.3797","18.23","440.0","NORRA BERGNAS, SW","9",",E","2",",E","0",",E","31",",","550",",,E,31,+","2.5",",,E,26,+","12.7",",,,E"
"SWE00140716","1922-04","66.3797","18.23","440.0","NORRA BERGNAS, SW","12",",E","3",",E","0",",E","30",",","580",",,E,18,+","8.2",",,E,30,","27.6",",,,E"
"SWE00140716","1922-05","66.3797","18.23","440.0","NORRA BERGNAS, SW","10",",E","5",",E","0",",E","","","","","11.0",",,E,26,","30.7",",,,E"
"SWE00140716","1922-06","66.3797","18.23","440.0","NORRA BERGNAS, SW","19",",E","11",",E","3",",E","","","","","38.5",",,E,21,","138.8",",,,E"
"SWE00140716","1922-07","66.3797","18.23","440.0","NORRA BERGNAS, SW","16",",E","9",",E","0",",E","","","","","17.5",",,E,25,","72.9",",,,E"
"SWE00140716","1922-08","66.3797","18.23","440.0","NORRA BERGNAS, SW","18",",E","10",",E","0",",E","","","","","24.5",",,E,01,","90.2",",,,E"
"SWE00140716","1922-09","66.3797","18.23","440.0","NORRA BERGNAS, SW","6",",E","3",",E","0",",E","","","","","4.0",",,E,18,","13.3",",,,E"
"SWE00140716","1922-10","66.3797","18.23","440.0","NORRA BERGNAS, SW","2",",E","0",",E","0",",E","","","","","2.2",",,E,03,","3.6",",,,E"
"SWE00140716","1922-11","66.3797","18.23","440.0","NORRA BERGNAS, SW","9",",E","3",",E","0",",E","29","1,","180","1,,E,22,+","3.5",",,E,02,","14.0",",,,E"
"SWE00140716","1922-12","66.3797","18.23","440.0","NORRA BERGNAS, SW","12",",E","9",",E","0",",E","31",",","430",",,E,31,","11.5",",,E,13,","56.3",",,,E"
"SWE00140716","1923-01","66.3797","18.23","440.0","NORRA BERGNAS, SW","14",",E","11",",E","0",",E","31",",","750",",,E,31,+","9.0",",,E,14,","56.7",",,,E"
"SWE00140716","1923-02","66.3797","18.23","440.0","NORRA BERGNAS, SW","1",",E","0",",E","0",",E","28",",","770",",,E,28,+","0.5",",,E,12,","0.9",",,,E"
"SWE00140716","1923-03","66.3797","18.23","440.0","NORRA BERGNAS, SW","2",",E","1",",E","0",",E","31",",","790",",,E,18,+","5.0",",,E,06,","5.7",",,,E"
"SWE00140716","1923-04","66.3797","18.23","440.0","NORRA BERGNAS, SW","4",",E","1",",E","0",",E","30",",","580",",,E,16,+","3.5",",,E,14,","6.7",",,,E"
"SWE00140716","1923-05","66.3797","18.23","440.0","NORRA BERGNAS, SW","15",",E","6",",E","0",",E","","","","","14.5",",,E,07,","48.0",",,,E"
"SWE00140716","1923-06","66.3797","18.23","440.0","NORRA BERGNAS, SW","7",",E","4",",E","0",",E","","","","","8.0",",,E,21,","23.5",",,,E"
"SWE00140716","1923-07","66.3797","18.23","440.0","NORRA BERGNAS, SW","9",",E","6",",E","1",",E","","","","","28.0",",,E,25,","64.5",",,,E"
"SWE00140716","1923-08","66.3797","18.23","440.0","NORRA BERGNAS, SW","14",",E","9",",E","0",",E","","","","","14.2",",,E,23,","78.4",",,,E"
"SWE00140716","1923-09","66.3797","18.23","440.0","NORRA BERGNAS, SW","18",",E","8",",E","0",",E","","","","","11.0",",,E,28,","64.5",",,,E"
"SWE00140716","1923-10","66.3797","18.23","440.0","NORRA BERGNAS, SW","12",",E","7",",E","0",",E","","","","","14.0",",,E,29,","48.8",",,,E"
"SWE00140716","1923-11","66.3797","18.23","440.0","NORRA BERGNAS, SW","5",",E","5",",E","0",",E","30",",","360",",,E,30,+","8.0",",,E,12,","23.5",",,,E"
"SWE00140716","1923-12","66.3797","18.23","440.0","NORRA BERGNAS, SW","3",",E","2",",E","0",",E","31",",","390",",,E,31,+","3.5",",,E,26,+","8.7",",,,E"
"SWE00140716","1924-01","66.3797","18.23","440.0","NORRA BERGNAS, SW","10",",E","7",",E","0",",E","31",",","450",",,E,31,+","5.0",",,E,21,","30.2",",,,E"
"SWE00140716","1924-02","66.3797","18.23","440.0","NORRA BERGNAS, SW","8",",E","3",",E","0",",E","29",",","520",",,E,29,+","3.5",",,E,19,+","18.5",",,,E"
"SWE00140716","1924-03","66.3797","18.23","440.0","NORRA BERGNAS, SW","5",",E","3",",E","0",",E","31",",","560",",,E,31,+","5.0",",,E,28,","13.0",",,,E"
"SWE00140716","1924-04","66.3797","18.23","440.0","NORRA BERGNAS, SW","8",",E","2",",E","0",",E","30",",","570",",,E,22,+","2.6",",,E,12,","11.9",",,,E"
"SWE00140716","1924-05","66.3797","18.23","440.0","NORRA BERGNAS, SW","8",",E","7",",E","0",",E","","","","","16.3",",,E,25,","63.5",",,,E"
"SWE00140716","1924-06","66.3797","18.23","440.0","NORRA BERGNAS, SW","11",",E","8",",E","0",",E","","","","","12.1",",,E,23,","59.0",",,,E"
"SWE00140716","1924-07","66.3797","18.23","440.0","NORRA BERGNAS, SW","7",",E","4",",E","0",",E","","","","","10.5",",,E,05,","33.9",",,,E"
"SWE00140716","1924-08","66.3797","18.23","440.0","NORRA BERGNAS, SW","17",",E","7",",E","1",",E","","","","","44.6",",,E,06,","106.2",",,,E"
"SWE00140716","1924-09","66.3797","18.23","440.0","NORRA BERGNAS, SW","13",",E","8",",E","0",",E","","","","","15.9",",,E,18,","62.7",",,,E"
"SWE00140716","1924-10","66.3797","18.23","440.0","NORRA BERGNAS, SW","17",",E","11",",E","0",",E","","","","","14.0",",,E,09,","74.8",",,,E"
"SWE00140716","1924-11","66.3797","18.23","440.0","NORRA BERGNAS, SW","11",",E","5",",E","0",",E","","","","","6.0",",,E,25,","32.5",",,,E"
"SWE00140716","1924-12","66.3797","18.23","440.0","NORRA BERGNAS, SW","8",",E","4",",E","0",",E","31",",","530",",,E,31,+","15.5",",,E,18,","34.4",",,,E"
"SWE00140716","1925-01","66.3797","18.23","440.0","NORRA BERGNAS, SW","10",",E","7",",E","0",",E","31",",","590",",,E,31,","8.5",",,E,02,","34.9",",,,E"
"SWE00140716","1925-02","66.3797","18.23","440.0","NORRA BERGNAS, SW","7",",E","6",",E","0",",E","28",",","640",",,E,28,","7.0",",,E,15,","34.7",",,,E"
"SWE00140716","1925-03","66.3797","18.23","440.0","NORRA BERGNAS, SW","10",",E","5",",E","0",",E","31",",","710",",,E,31,","10.0",",,E,28,","26.7",",,,E"
"SWE00140716","1925-04","66.3797","18.23","440.0","NORRA BERGNAS, SW","8",",E","4",",E","0",",E","30",",","730",",,E,25,+","7.5",",,E,23,","22.1",",,,E"
"SWE00140716","1925-05","66.3797","18.23","440.0","NORRA BERGNAS, SW","5",",E","4",",E","0",",E","","","","","8.5",",,E,28,","22.3",",,,E"
"SWE00140716","1925-06","66.3797","18.23","440.0","NORRA BERGNAS, SW","14",",E","5",",E","0",",E","","","","","19.5",",,E,14,","58.7",",,,E"
"SWE00140716","1925-07","66.3797","18.23","440.0","NORRA BERGNAS, SW","15",",E","13",",E","0",",E","","","","","16.0",",,E,08,","104.8",",,,E"
"SWE00140716","1925-08","66.3797","18.23","440.0","NORRA BERGNAS, SW","11",",E","8",",E","0",",E","","","","","12.5",",,E,01,","60.5",",,,E"
"SWE00140716","1925-09","66.3797","18.23","440.0","NORRA BERGNAS, SW","15",",E","6",",E","0",",E","","","","","10.0",",,E,02,","45.6",",,,E"
"SWE00140716","1925-10","66.3797","18.23","440.0","NORRA BERGNAS, SW","2",",E","2",",E","0",",E","","","","","17.5",",,E,29,","25.1",",,,E"
"SWE00140716","1925-11","66.3797","18.23","440.0","NORRA BERGNAS, SW","3",",E","2",",E","0",",E","9",",","120",",,E,02,+","6.5",",,E,19,","9.7",",,,E"
"SWE00140716","1925-12","66.3797","18.23","440.0","NORRA BERGNAS, SW","12",",E","9",",E","0",",E","31",",","340",",,E,31,+","7.0",",,E,22,","42.6",",,,E"
"SWE00140716","1945-01","66.3797","18.23","440.0","NORRA BERGNAS, SW","11",",E","5",",E","0",",E","","","","","6.5",",,E,20,","30.7",",,,E"
"SWE00140716","1945-02","66.3797","18.23","440.0","NORRA BERGNAS, SW","11",",E","4",",E","0",",E","","","","","5.7",",,E,08,","25.6",",,,E"
"SWE00140716","1945-03","66.3797","18.23","440.0","NORRA BERGNAS, SW","4",",E","1",",E","0",",E","","","","","4.9",",,E,22,","8.0",",,,E"
"SWE00140716","1945-04","66.3797","18.23","440.0","NORRA BERGNAS, SW","9",",E","7",",E","0",",E","","","","","14.6",",,E,28,","38.4",",,,E"
"SWE00140716","1945-05","66.3797","18.23","440.0","NORRA BERGNAS, SW","8",",E","4",",E","0",",E","","","","","15.3",",,E,31,","47.5",",,,E"
"SWE00140716","1945-06","66.3797","18.23","440.0","NORRA BERGNAS, SW","9",",E","6",",E","0",",E","","","","","12.5",",,E,13,","52.5",",,,E"
"SWE00140716","1945-07","66.3797","18.23","440.0","NORRA BERGNAS, SW","8",",E","6",",E","0",",E","","","","","15.5",",,E,10,","54.8",",,,E"
"SWE00140716","1945-08","66.3797","18.23","440.0","NORRA BERGNAS, SW","13",",E","7",",E","1",",E","","","","","26.3",",,E,17,","83.7",",,,E"
"SWE00140716","1945-09","66.3797","18.23","440.0","NORRA BERGNAS, SW","2",",E","0",",E","0",",E","","","","","2.0",",,E,28,","2.5",",,,E"
"SWE00140716","1945-10","66.3797","18.23","440.0","NORRA BERGNAS, SW","13",",E","2",",E","0",",E","","","","","7.5",",,E,27,","22.2",",,,E"
"SWE00140716","1945-11","66.3797","18.23","440.0","NORRA BERGNAS, SW","8",",E","2",",E","0",",E","","","","","8.4",",,E,07,","20.6",",,,E"
"SWE00140716","1945-12","66.3797","18.23","440.0","NORRA BERGNAS, SW","11",",E","5",",E","0",",E","","","","","13.5",",,E,18,","46.5",",,,E"
"SWE00140716","1946-01","66.3797","18.23","440.0","NORRA BERGNAS, SW","12",",E","1",",E","0",",E","","","","","11.7",",,E,09,","24.9",",,,E"
"SWE00140716","1946-02","66.3797","18.23","440.0","NORRA BERGNAS, SW","14",",E","7",",E","0",",E","","","","","5.5",",,E,04,","33.6",",,,E"
"SWE00140716","1946-03","66.3797","18.23","440.0","NORRA BERGNAS, SW","9",",E","2",",E","0",",E","","","","","5.2",",,E,21,","15.1",",,,E"
"SWE00140716","1946-04","66.3797","18.23","440.0","NORRA BERGNAS, SW","11",",E","3",",E","0",",E","","","","","12.0",",,E,17,","25.9",",,,E"
"SWE00140716","1946-05","66.3797","18.23","440.0","NORRA BERGNAS, SW","1",",E","0",",E","0",",E","","","","","0.7",",,E,06,","0.7",",,,E"
"SWE00140716","1946-06","66.3797","18.23","440.0","NORRA BERGNAS, SW","9",",E","7",",E","0",",E","","","","","11.0",",,E,19,","52.3",",,,E"
"SWE00140716","1946-07","66.3797","18.23","440.0","NORRA BERGNAS, SW","9",",E","2",",E","0",",E","","","","","6.2",",,E,04,","18.7",",,,E"
"SWE00140716","1946-08","66.3797","18.23","440.0","NORRA BERGNAS, SW","15",",E","9",",E","0",",E","","","","","11.4",",,E,31,","64.6",",,,E"
"SWE00140716","1946-09","66.3797","18.23","440.0","NORRA BERGNAS, SW","14",",E","7",",E","1",",E","","","","","30.9",",,E,20,","88.3",",,,E"
"SWE00140716","1946-10","66.3797","18.23","440.0","NORRA BERGNAS, SW","5",",E","1",",E","0",",E","","","","","6.6",",,E,13,","12.2",",,,E"
"SWE00140716","1946-11","66.3797","18.23","440.0","NORRA BERGNAS, SW","15",",E","5",",E","0",",E","","","","","8.5",",,E,25,","37.6",",,,E"
"SWE00140716","1946-12","66.3797","18.23","440.0","NORRA BERGNAS, SW","9",",E","3",",E","0",",E","","","","","8.2",",,E,07,","20.3",",,,E"
"SWE00140716","1947-01","66.3797","18.23","440.0","NORRA BERGNAS, SW","6",",E","1",",E","0",",E","","","","","5.3",",,E,15,","8.9",",,,E"
"SWE00140716","1947-02","66.3797","18.23","440.0","NORRA BERGNAS, SW","6",",E","1",",E","0",",E","","","","","2.9",",,E,10,","6.6",",,,E"
"SWE00140716","1947-03","66.3797","18.23","440.0","NORRA BERGNAS, SW","7",",E","0",",E","0",",E","","","","","1.6",",,E,24,","6.6",",,,E"
"SWE00140716","1947-04","66.3797","18.23","440.0","NORRA BERGNAS, SW","11",",E","3",",E","0",",E","","","","","6.4",",,E,24,","23.7",",,,E"
"SWE00140716","1947-05","66.3797","18.23","440.0","NORRA BERGNAS, SW","3",",E","0",",E","0",",E","","","","","0.5",",,E,30,+","1.4",",,,E"
"SWE00140716","1947-06","66.3797","18.23","440.0","NORRA BERGNAS, SW","13",",E","9",",E","1",",E","","","","","27.0",",,E,11,","81.1",",,,E"
"SWE00140716","1947-07","66.3797","18.23","440.0","NORRA BERGNAS, SW","7",",E","5",",E","1",",E","","","","","26.9",",,E,03,","44.3",",,,E"
"SWE00140716","1947-08","66.3797","18.23","440.0","NORRA BERGNAS, SW","1",",E","0",",E","0",",E","","","","","1.1",",,E,02,","1.1",",,,E"
"SWE00140716","1947-09","66.3797","18.23","440.0","NORRA BERGNAS, SW","14",",E","9",",E","1",",E","","","","","46.5",",,E,10,","93.5",",,,E"
"SWE00140716","1947-10","66.3797","18.23","440.0","NORRA BERGNAS, SW","4",",E","0",",E","0",",E","","","","","2.0",",,E,19,","5.1",",,,E"
"SWE00140716","1947-11","66.3797","18.23","440.0","NORRA BERGNAS, SW","15",",E","4",",E","0",",E","","","","","4.3",",,E,03,","24.2",",,,E"
"SWE00140716","1947-12","66.3797","18.23","440.0","NORRA BERGNAS, SW","13",",E","8",",E","0",",E","","","","","11.5",",,E,06,+","74.3",",,,E"
"SWE00140716","1948-01","66.3797","18.23","440.0","NORRA BERGNAS, SW","17",",E","8",",E","0",",E","","","","","7.8",",,E,18,","44.4",",,,E"
"SWE00140716","1948-02","66.3797","18.23","440.0","NORRA BERGNAS, SW","3",",E","2",",E","0",",E","","","","","7.3",",,E,03,","11.0",",,,E"
"SWE00140716","1948-03","66.3797","18.23","440.0","NORRA BERGNAS, SW","12",",E","3",",E","0",",E","","","","","17.0",",,E,09,","36.9",",,,E"
"SWE00140716","1948-04","66.3797","18.23","440.0","NORRA BERGNAS, SW","7",",E","1",",E","0",",E","","","","","2.5",",,E,09,","8.5",",,,E"
"SWE00140716","1948-05","66.3797","18.23","440.0","NORRA BERGNAS, SW","9",",E","5",",E","0",",E","","","","","11.3",",,E,25,","41.3",",,,E"
"SWE00140716","1948-06","66.3797","18.23","440.0","NORRA BERGNAS, SW","7",",E","4",",E","0",",E","","","","","4.2",",,E,25,","17.3",",,,E"
"SWE00140716","1948-07","66.3797","18.23","440.0","NORRA BERGNAS, SW","15",",E","4",",E","0",",E","","","","","14.8",",,E,20,","47.6",",,,E"
"SWE00140716","1948-08","66.3797","18.23","440.0","NORRA BERGNAS, SW","9",",E","6",",E","1",",E","","","","","34.8",",,E,20,","99.0",",,,E"
"SWE00140716","1948-09","66.3797","18.23","440.0","NORRA BERGNAS, SW","7",",E","5",",E","0",",E","","","","","8.5",",,E,07,","27.1",",,,E"
"SWE00140716","1948-10","66.3797","18.23","440.0","NORRA BERGNAS, SW","11",",E","9",",E","0",",E","","","","","13.5",",,E,16,","50.7",",,,E"
"SWE00140716","1948-11","66.3797","18.23","440.0","NORRA BERGNAS, SW","10",",E","3",",E","0",",E","","","","","3.1",",,E,18,","18.2",",,,E"
"SWE00140716","1948-12","66.3797","18.23","440.0","NORRA BERGNAS, SW","9",",E","3",",E","0",",E","","","","","4.5",",,E,02,","15.2",",,,E"
"SWE00140716","1949-01","66.3797","18.23","440.0","NORRA BERGNAS, SW","14",",E","5",",E","0",",E","","","","","7.1",",,E,19,","33.6",",,,E"
"SWE00140716","1949-02","66.3797","18.23","440.0","NORRA BERGNAS, SW","10",",E","3",",E","0",",E","","","","","7.2",",,E,10,","21.3",",,,E"
"SWE00140716","1949-03","66.3797","18.23","440.0","NORRA BERGNAS, SW","7",",E","2",",E","0",",E","","","","","6.3",",,E,13,","17.1",",,,E"
"SWE00140716","1949-04","66.3797","18.23","440.0","NORRA BERGNAS, SW","10",",E","4",",E","0",",E","","","","","9.0",",,E,03,","28.3",",,,E"
"SWE00140716","1949-05","66.3797","18.23","440.0","NORRA BERGNAS, SW","18",",E","11",",E","0",",E","","","","","17.8",",,E,26,","90.3",",,,E"
"SWE00140716","1949-06","66.3797","18.23","440.0","NORRA BERGNAS, SW","14",",E","10",",E","0",",E","","","","","24.0",",,E,15,","90.8",",,,E"
"SWE00140716","1949-07","66.3797","18.23","440.0","NORRA BERGNAS, SW","5",",E","4",",E","0",",E","","","","","8.6",",,E,05,","28.9",",,,E"
"SWE00140716","1949-08","66.3797","18.23","440.0","NORRA BERGNAS, SW","12",",E","4",",E","0",",E","","","","","18.0",",,E,03,","42.7",",,,E"
"SWE00140716","1949-09","66.3797","18.23","440.0","NORRA BERGNAS, SW","11",",E","3",",E","0",",E","","","","","4.6",",,E,15,","20.5",",,,E"
"SWE00140716","1949-10","66.3797","18.23","440.0","NORRA BERGNAS, SW","17",",E","10",",E","0",",E","","","","","14.5",",,E,04,","76.4",",,,E"
"SWE00140716","1949-11","66.3797","18.23","440.0","NORRA BERGNAS, SW","15",",E","7",",E","0",",E","","","","","12.5",",,E,10,","45.1",",,,E"
"SWE00140716","1949-12","66.3797","18.23","440.0","NORRA BERGNAS, SW","20",",E","11",",E","0",",E","","","","","17.0",",,E,08,","78.6",",,,E"
"SWE00140716","1950-01","66.3797","18.23","440.0","NORRA BERGNAS, SW","8",",E","4",",E","0",",E","","","","","4.8",",,E,07,","18.3",",,,E"
"SWE00140716","1950-02","66.3797","18.23","440.0","NORRA BERGNAS, SW","8",",E","4",",E","0",",E","","","","","7.0",",,E,17,","22.3",",,,E"
"SWE00140716","1950-03","66.3797","18.23","440.0","NORRA BERGNAS, SW","9",",E","4",",E","0",",E","","","","","5.4",",,E,31,","23.6",",,,E"
"SWE00140716","1950-04","66.3797","18.23","440.0","NORRA BERGNAS, SW","15",",E","4",",E","0",",E","","","","","14.3",",,E,27,","48.2",",,,E"
"SWE00140716","1950-05","66.3797","18.23","440.0","NORRA BERGNAS, SW","6",",E","4",",E","0",",E","","","","","14.5",",,E,26,","28.3",",,,E"
"SWE00140716","1950-06","66.3797","18.23","440.0","NORRA BERGNAS, SW","13",",E","9",",E","0",",E","","","","","21.0",",,E,30,","79.9",",,,E"
"SWE00140716","1950-07","66.3797","18.23","440.0","NORRA BERGNAS, SW","11",",E","7",",E","0",",E","","","","","15.0",",,E,25,","39.5",",,,E"
"SWE00140716","1950-08","66.3797","18.23","440.0","NORRA BERGNAS, SW","7",",E","5",",E","0",",E","","","","","24.3",",,E,13,","50.4",",,,E"
"SWE00140716","1950-09","66.3797","18.23","440.0","NORRA BERGNAS, SW","9",",E","5",",E","0",",E","","","","","8.3",",,E,04,","33.5",",,,E"
"SWE00140716","1950-10","66.3797","18.23","440.0","NORRA BERGNAS, SW","16",",E","9",",E","0",",E","","","","","11.3",",,E,01,","57.4",",,,E"
"SWE00140716","1950-11","66.3797","18.23","440.0","NORRA BERGNAS, SW","15",",E","7",",E","0",",E","","","","","14.1",",,E,24,","51.0",",,,E"
"SWE00140716","1950-12","66.3797","18.23","440.0","NORRA BERGNAS, SW","15",",E","5",",E","0",",E","","","","","8.8",",,E,12,","37.6",",,,E"
"SWE00140716","1951-01","66.3797","18.23","440.0","NORRA BERGNAS, SW","8",",E","1",",E","0",",E","","","","","4.4",",,E,12,","13.9",",,,E"
"SWE00140716","1951-02","66.3797","18.23","440.0","NORRA BERGNAS, SW","17",",E","1",",E","0",",E","23","5,","830","5,,E,23,","3.8",",,E,09,","27.2",",,,E"
"SWE00140716","1951-03","66.3797","18.23","440.0","NORRA BERGNAS, SW","6",",E","1",",E","0",",E","","","","","3.2",",,E,06,","9.4",",,,E"
"SWE00140716","1951-04","66.3797","18.23","440.0","NORRA BERGNAS, SW","10",",E","7",",E","0",",E","","","","","7.8",",,E,13,","35.2",",,,E"
"SWE00140716","1951-05","66.3797","18.23","440.0","NORRA BERGNAS, SW","5",",E","1",",E","0",",E","","","","","4.9",",,E,31,","9.9",",,,E"
"SWE00140716","1951-06","66.3797","18.23","440.0","NORRA BERGNAS, SW","11",",E","5",",E","0",",E","","","","","6.9",",,E,24,","27.2",",,,E"
"SWE00140716","1951-07","66.3797","18.23","440.0","NORRA BERGNAS, SW","16",",E","13",",E","0",",E","","","","","20.0",",,E,17,","121.5",",,,E"
"SWE00140716","1951-08","66.3797","18.23","440.0","NORRA BERGNAS, SW","20",",E","13",",E","0",",E","","","","","6.8",",,E,15,","70.6",",,,E"
"SWE00140716","1951-09","66.3797","18.23","440.0","NORRA BERGNAS, SW","11",",E","7",",E","0",",E","","","","","5.5",",,E,13,","27.9",",,,E"
"SWE00140716","1951-10","66.3797","18.23","440.0","NORRA BERGNAS, SW","6",",E","0",",E","0",",E","","","","","2.2",",,E,16,","5.8",",,,E"
"SWE00140716","1951-11","66.3797","18.23","440.0","NORRA BERGNAS, SW","18",",E","6",",E","0",",E","","","","","10.6",",,E,17,","62.0",",,,E"
"SWE00140716","1951-12","66.3797","18.23","440.0","NORRA BERGNAS, SW","18",",E","11",",E","0",",E","","","","","10.7",",,E,26,","63.5",",,,E"
"SWE00140716","1952-01","66.3797","18.23","440.0","NORRA BERGNAS, SW","13",",E","4",",E","0",",E","","","","","4.2",",,E,14,+","27.8",",,,E"
"SWE00140716","1952-02","66.3797","18.23","440.0","NORRA BERGNAS, SW","14",",E","6",",E","0",",E","","","","","9.2",",,E,25,","46.8",",,,E"
"SWE00140716","1952-03","66.3797","18.23","440.0","NORRA BERGNAS, SW","10",",E","2",",E","0",",E","","","","","6.5",",,E,15,","20.9",",,,E"
"SWE00140716","1952-04","66.3797","18.23","440.0","NORRA BERGNAS, SW","8",",E","5",",E","0",",E","","","","","6.9",",,E,22,","24.9",",,,E"
"SWE00140716","1952-05","66.3797","18.23","440.0","NORRA BERGNAS, SW","7",",E","4",",E","0",",E","","","","","5.1",",,E,30,","18.1",",,,E"
"SWE00140716","1952-06","66.3797","18.23","440.0","NORRA BERGNAS, SW","16",",E","11",",E","0",",E","","","","","16.4",",,E,02,","103.9",",,,E"
"SWE00140716","1952-07","66.3797","18.23","440.0","NORRA BERGNAS, SW","16",",E","9",",E","0",",E","","","","","8.2",",,E,12,","46.7",",,,E"
"SWE00140716","1952-08","66.3797","18.23","440.0","NORRA BERGNAS, SW","12",",E","7",",E","0",",E","","","","","14.8",",,E,13,","51.9",",,,E"
"SWE00140716","1952-09","66.3797","18.23","440.0","NORRA BERGNAS, SW","13",",E","8",",E","0",",E","","","","","13.0",",,E,28,","63.2",",,,E"
"SWE00140716","1952-10","66.3797","18.23","440.0","NORRA BERGNAS, SW","8",",E","2",",E","0",",E","","","","","5.2",",,E,29,","17.0",",,,E"
"SWE00140716","1952-11","66.3797","18.23","440.0","NORRA BERGNAS, SW","14",",E","2",",E","0",",E","","","","","7.2",",,E,05,","24.6",",,,E"
"SWE00140716","1952-12","66.3797","18.23","440.0","NORRA BERGNAS, SW","13",",E","6",",E","0",",E","","","","","8.2",",,E,09,","42.4",",,,E"
"SWE00140716","1953-01","66.3797","18.23","440.0","NORRA BERGNAS, SW","14",",E","5",",E","0",",E","","","","","8.5",",,E,26,","35.4",",,,E"
"SWE00140716","1953-02","66.3797","18.23","440.0","NORRA BERGNAS, SW","16",",E","4",",E","0",",E","","","","","10.0",",,E,03,","35.3",",,,E"
"SWE00140716","1953-03","66.3797","18.23","440.0","NORRA BERGNAS, SW","9",",E","5",",E","0",",E","","","","","12.2",",,E,26,","34.6",",,,E"
"SWE00140716","1953-04","66.3797","18.23","440.0","NORRA BERGNAS, SW","12",",E","7",",E","0",",E","","","","","14.4",",,E,05,","57.8",",,,E"
"SWE00140716","1953-05","66.3797","18.23","440.0","NORRA BERGNAS, SW","9",",E","5",",E","0",",E","","","","","8.7",",,E,20,+","39.3",",,,E"
"SWE00140716","1953-06","66.3797","18.23","440.0","NORRA BERGNAS, SW","6",",E","4",",E","0",",E","","","","","15.5",",,E,05,","43.1",",,,E"
"SWE00140716","1953-07","66.3797","18.23","440.0","NORRA BERGNAS, SW","9",",E","7",",E","0",",E","","","","","15.1",",,E,25,","70.5",",,,E"
"SWE00140716","1953-08","66.3797","18.23","440.0","NORRA BERGNAS, SW","16",",E","8",",E","1",",E","","","","","46.8",",,E,17,","126.3",",,,E"
"SWE00140716","1953-09","66.3797","18.23","440.0","NORRA BERGNAS, SW","10",",E","6",",E","0",",E","","","","","10.2",",,E,03,","36.7",",,,E"
"SWE00140716","1953-10","66.3797","18.23","440.0","NORRA BERGNAS, SW","15",",E","2",",E","0",",E","","","","","8.5",",,E,03,","28.3",",,,E"
"SWE00140716","1953-11","66.3797","18.23","440.0","NORRA BERGNAS, SW","10",",E","4",",E","0",",E","","","","","5.3",",,E,07,","26.3",",,,E"
"SWE00140716","1953-12","66.3797","18.23","440.0","NORRA BERGNAS, SW","8",",E","2",",E","0",",E","","","","","3.5",",,E,15,","15.8",",,,E"
"SWE00140716","1954-01","66.3797","18.23","440.0","NORRA BERGNAS, SW","12",",E","4",",E","0",",E","","","","","7.2",",,E,02,","27.7",",,,E"
"SWE00140716","1954-02","66.3797","18.23","440.0","NORRA BERGNAS, SW","11",",E","0",",E","0",",E","","","","","1.6",",,E,27,","9.5",",,,E"
"SWE00140716","1954-03","66.3797","18.23","440.0","NORRA BERGNAS, SW","9",",E","3",",E","0",",E","","","","","8.6",",,E,06,","23.0",",,,E"
"SWE00140716","1954-04","66.3797","18.23","440.0","NORRA BERGNAS, SW","7",",E","2",",E","0",",E","","","","","10.1",",,E,30,","25.2",",,,E"
"SWE00140716","1954-05","66.3797","18.23","440.0","NORRA BERGNAS, SW","7",",E","1",",E","0",",E","","","","","9.3",",,E,16,","16.1",",,,E"
"SWE00140716","1954-06","66.3797","18.23","440.0","NORRA BERGNAS, SW","17",",E","9",",E","0",",E","","","","","12.2",",,E,24,","57.7",",,,E"
"SWE00140716","1954-07","66.3797","18.23","440.0","NORRA BERGNAS, SW","15",",E","11",",E","0",",E","","","","","18.5",",,E,21,","114.4",",,,E"
"SWE00140716","1954-08","66.3797","18.23","440.0","NORRA BERGNAS, SW","14",",E","11",",E","1",",E","","","","","52.0",",,E,11,","138.8",",,,E"
"SWE00140716","1954-09","66.3797","18.23","440.0","NORRA BERGNAS, SW","11",",E","7",",E","0",",E","","","","","13.4",",,E,02,","54.4",",,,E"
"SWE00140716","1954-10","66.3797","18.23","440.0","NORRA BERGNAS, SW","8",",E","3",",E","0",",E","","","","","4.3",",,E,30,","16.9",",,,E"
"SWE00140716","1954-11","66.3797","18.23","440.0","NORRA BERGNAS, SW","16",",E","2",",E","0",",E","","","","","2.7",",,E,09,","23.6",",,,E"
"SWE00140716","1954-12","66.3797","18.23","440.0","NORRA BERGNAS, SW","16",",E","9",",E","0",",E","","","","","8.4",",,E,02,","51.0",",,,E"
"SWE00140716","1955-01","66.3797","18.23","440.0","NORRA BERGNAS, SW","17",",E","4",",E","0",",E","","","","","13.0",",,E,24,","44.6",",,,E"
"SWE00140716","1955-02","66.3797","18.23","440.0","NORRA BERGNAS, SW","11",",E","5",",E","0",",E","","","","","6.1",",,E,07,","29.5",",,,E"
"SWE00140716","1955-03","66.3797","18.23","440.0","NORRA BERGNAS, SW","15",",E","4",",E","0",",E","","","","","6.3",",,E,14,","29.1",",,,E"
"SWE00140716","1955-04","66.3797","18.23","440.0","NORRA BERGNAS, SW","6",",E","1",",E","0",",E","","","","","2.7",",,E,29,","7.8",",,,E"
"SWE00140716","1955-05","66.3797","18.23","440.0","NORRA BERGNAS, SW","8",",E","4",",E","0",",E","","","","","8.2",",,E,15,","29.8",",,,E"
"SWE00140716","1955-06","66.3797","18.23","440.0","NORRA BERGNAS, SW","8",",E","5",",E","0",",E","","","","","25.0",",,E,16,","56.7",",,,E"
"SWE00140716","1955-07","66.3797","18.23","440.0","NORRA BERGNAS, SW","8",",E","3",",E","0",",E","","","","","7.9",",,E,03,","23.8",",,,E"
"SWE00140716","1955-08","66.3797","18.23","440.0","NORRA BERGNAS, SW","3",",E","1",",E","0",",E","","","","","5.1",",,E,15,","6.8",",,,E"
"SWE00140716","1955-09","66.3797","18.23","440.0","NORRA BERGNAS, SW","16",",E","13",",E","0",",E","","","","","12.0",",,E,29,","102.7",",,,E"
"SWE00140716","1955-10","66.3797","18.23","440.0","NORRA BERGNAS, SW","13",",E","4",",E","0",",E","","","","","6.3",",,E,20,","29.7",",,,E"
"SWE00140716","1955-11","66.3797","18.23","440.0","NORRA BERGNAS, SW","17",",E","6",",E","0",",E","25","5,","600","5,,E,28,+","20.3",",,E,12,","66.7",",,,E"
"SWE00140716","1955-12","66.3797","18.23","440.0","NORRA BERGNAS, SW","17",",E","7",",E","0",",E","26","5,","890","5,,E,29,","14.8",",,E,29,","57.1",",,,E"
"SWE00140716","1956-01","66.3797","18.23","440.0","NORRA BERGNAS, SW","13",",E","2",",E","0",",E","","","","","5.8",",,E,03,","22.2",",,,E"
"SWE00140716","1956-02","66.3797","18.23","440.0","NORRA BERGNAS, SW","14",",E","6",",E","0",",E","","","","","4.9",",,E,15,","29.2",",,,E"
"SWE00140716","1956-03","66.3797","18.23","440.0","NORRA BERGNAS, SW","4",",E","0",",E","0",",E","","","","","1.2",",,E,01,","2.3",",,,E"
"SWE00140716","1956-04","66.3797","18.23","440.0","NORRA BERGNAS, SW","10",",E","4",",E","0",",E","","","","","6.4",",,E,09,","25.8",",,,E"
"SWE00140716","1956-05","66.3797","18.23","440.0","NORRA BERGNAS, SW","7",",E","1",",E","0",",E","","","","","4.3",",,E,16,","11.0",",,,E"
"SWE00140716","1956-06","66.3797","18.23","440.0","NORRA BERGNAS, SW","16",",E","9",",E","0",",E","","","","","20.3",",,E,05,","72.2",",,,E"
"SWE00140716","1956-07","66.3797","18.23","440.0","NORRA BERGNAS, SW","12",",E","6",",E","0",",E","","","","","14.8",",,E,20,","61.4",",,,E"
"SWE00140716","1956-08","66.3797","18.23","440.0","NORRA BERGNAS, SW","13",",E","8",",E","0",",E","","","","","13.1",",,E,22,","46.8",",,,E"
"SWE00140716","1956-09","66.3797","18.23","440.0","NORRA BERGNAS, SW","6",",E","1",",E","0",",E","","","","","4.9",",,E,28,","8.7",",,,E"
"SWE00140716","1956-10","66.3797","18.23","440.0","NORRA BERGNAS, SW","12",",E","5",",E","0",",E","","","","","6.1",",,E,10,","26.4",",,,E"
"SWE00140716","1956-11","66.3797","18.23","440.0","NORRA BERGNAS, SW","9",",E","3",",E","0",",E","","","","","6.9",",,E,25,","23.1",",,,E"
"SWE00140716","1956-12","66.3797","18.23","440.0","NORRA BERGNAS, SW","11",",E","6",",E","0",",E","","","","","8.6",",,E,16,","37.5",",,,E"
"SWE00140716","1957-01","66.3797","18.23","440.0","NORRA BERGNAS, SW","11",",E","8",",E","0",",E","","","","","10.8",",,E,20,","45.0",",,,E"
"SWE00140716","1957-02","66.3797","18.23","440.0","NORRA BERGNAS, SW","17",",E","6",",E","0",",E","23","5,","850","5,,E,28,+","6.3",",,E,01,","32.1",",,,E"
"SWE00140716","1957-03","66.3797","18.23","440.0","NORRA BERGNAS, SW","7",",E","4",",E","0",",E","","","","","11.3",",,E,13,","36.0",",,,E"
"SWE00140716","1957-04","66.3797","18.23","440.0","NORRA BERGNAS, SW","3",",E","1",",E","0",",E","","","","","3.9",",,E,07,","6.7",",,,E"
"SWE00140716","1957-05","66.3797","18.23","440.0","NORRA BERGNAS, SW","14",",E","9",",E","0",",E","","","","","14.5",",,E,19,","56.4",",,,E"
"SWE00140716","1957-06","66.3797","18.23","440.0","NORRA BERGNAS, SW","6",",E","4",",E","0",",E","","","","","7.3",",,E,14,","19.1",",,,E"
"SWE00140716","1957-07","66.3797","18.23","440.0","NORRA BERGNAS, SW","19",",E","14",",E","1",",E","","","","","47.2",",,E,25,","190.8",",,,E"
"SWE00140716","1957-08","66.3797","18.23","440.0","NORRA BERGNAS, SW","11",",E","9",",E","0",",E","","","","","17.0",",,E,11,","91.6",",,,E"
"SWE00140716","1957-09","66.3797","18.23","440.0","NORRA BERGNAS, SW","13",",E","9",",E","0",",E","","","","","6.2",",,E,19,","42.5",",,,E"
"SWE00140716","1957-10","66.3797","18.23","440.0","NORRA BERGNAS, SW","11",",E","6",",E","0",",E","","","","","5.4",",,E,26,","31.5",",,,E"
"SWE00140716","1957-11","66.3797","18.23","440.0","NORRA BERGNAS, SW","13",",E","6",",E","0",",E","","","","","6.9",",,E,01,","34.4",",,,E"
"SWE00140716","1957-12","66.3797","18.23","440.0","NORRA BERGNAS, SW","18",",E","8",",E","0",",E","","","","","7.2",",,E,05,","52.0",",,,E"
"SWE00140716","1958-01","66.3797","18.23","440.0","NORRA BERGNAS, SW","18",",E","6",",E","0",",E","","","","","11.0",",,E,28,","44.2",",,,E"
"SWE00140716","1958-02","66.3797","18.23","440.0","NORRA BERGNAS, SW","8",",E","1",",E","0",",E","","","","","3.0",",,E,26,","11.4",",,,E"
"SWE00140716","1958-03","66.3797","18.23","440.0","NORRA BERGNAS, SW","12",",E","4",",E","0",",E","","","","","7.0",",,E,05,","24.1",",,,E"
"SWE00140716","1958-04","66.3797","18.23","440.0","NORRA BERGNAS, SW","12",",E","6",",E","0",",E","","","","","10.0",",,E,15,","35.8",",,,E"
"SWE00140716","1958-05","66.3797","18.23","440.0","NORRA BERGNAS, SW","16",",E","5",",E","0",",E","","","","","6.3",",,E,09,","38.0",",,,E"
"SWE00140716","1958-06","66.3797","18.23","440.0","NORRA BERGNAS, SW","8",",E","7",",E","0",",E","","","","","17.7",",,E,21,","55.4",",,,E"
"SWE00140716","1958-07","66.3797","18.23","440.0","NORRA BERGNAS, SW","15",",E","6",",E","0",",E","","","","","22.7",",,E,24,","66.3",",,,E"
"SWE00140716","1958-08","66.3797","18.23","440.0","NORRA BERGNAS, SW","10",",E","5",",E","0",",E","","","","","18.1",",,E,03,","64.8",",,,E"
"SWE00140716","1958-09","66.3797","18.23","440.0","NORRA BERGNAS, SW","4",",E","1",",E","0",",E","","","","","4.0",",,E,21,","7.4",",,,E"
"SWE00140716","1958-10","66.3797","18.23","440.0","NORRA BERGNAS, SW","17",",E","5",",E","0",",E","","","","","10.1",",,E,11,","33.6",",,,E"
"SWE00140716","1958-11","66.3797","18.23","440.0","NORRA BERGNAS, SW","9",",E","2",",E","0",",E","8","1,","120","1,,E,13,","7.0",",,E,09,","20.6",",,,E"
"SWE00140716","1958-12","66.3797","18.23","440.0","NORRA BERGNAS, SW","12",",E","3",",E","0",",E","29",",","230",",,E,31,","4.6",",,E,17,","19.4",",,,E"
"SWE00140716","1959-01","66.3797","18.23","440.0","NORRA BERGNAS, SW","15",",E","8",",E","0",",E","31",",","620",",,E,23,+","9.0",",,E,10,","45.5",",,,E"
"SWE00140716","1959-02","66.3797","18.23","440.0","NORRA BERGNAS, SW","10",",E","4",",E","0",",E","28",",","600",",,E,26,","6.0",",,E,20,+","26.5",",,,E"
"SWE00140716","1959-03","66.3797","18.23","440.0","NORRA BERGNAS, SW","4",",E","2",",E","0",",E","31",",","550",",,E,01,","6.0",",,E,26,","11.3",",,,E"
"SWE00140716","1959-04","66.3797","18.23","440.0","NORRA BERGNAS, SW","8",",E","3",",E","0",",E","30",",","450",",,E,15,","9.0",",,E,14,","23.2",",,,E"
"SWE00140716","1959-05","66.3797","18.23","440.0","NORRA BERGNAS, SW","8",",E","3",",E","0",",E","","","","","6.0",",,E,30,","20.8",",,,E"
"SWE00140716","1959-06","66.3797","18.23","440.0","NORRA BERGNAS, SW","7",",E","3",",E","0",",E","","","","","4.1",",,E,04,","15.5",",,,E"
"SWE00140716","1959-07","66.3797","18.23","440.0","NORRA BERGNAS, SW","9",",E","4",",E","0",",E","","","","","18.0",",,E,13,","37.6",",,,E"
"SWE00140716","1959-08","66.3797","18.23","440.0","NORRA BERGNAS, SW","6",",E","1",",E","0",",E","","","","","6.2",",,E,24,","11.5",",,,E"
"SWE00140716","1959-09","66.3797","18.23","440.0","NORRA BERGNAS, SW","6",",E","3",",E","0",",E","","","","","5.4",",,E,09,","14.1",",,,E"
"SWE00140716","1959-10","66.3797","18.23","440.0","NORRA BERGNAS, SW","11",",E","5",",E","0",",E","","","","","9.9",",,E,28,","28.1",",,,E"
"SWE00140716","1959-11","66.3797","18.23","440.0","NORRA BERGNAS, SW","12",",E","6",",E","0",",E","30",",","240",",,E,26,","9.0",",,E,11,","33.4",",,,E"
"SWE00140716","1959-12","66.3797","18.23","440.0","NORRA BERGNAS, SW","17",",E","10",",E","0",",E","31",",","570",",,E,31,","6.3",",,E,30,","50.4",",,,E"
"SWE00140716","1960-01","66.3797","18.23","440.0","NORRA BERGNAS, SW","9",",E","6",",E","0",",E","31",",","780",",,E,31,+","5.0",",,E,06,+","26.5",",,,E"
"SWE00140716","1960-02","66.3797","18.23","440.0","NORRA BERGNAS, SW","9",",E","1",",E","0",",E","29",",","810",",,E,08,","3.0",",,E,07,","11.5",",,,E"
"SWE00140716","1960-03","66.3797","18.23","440.0","NORRA BERGNAS, SW","8",",E","2",",E","0",",E","31",",","960",",,E,19,+","4.5",",,E,13,","18.8",",,,E"
"SWE00140716","1960-04","66.3797","18.23","440.0","NORRA BERGNAS, SW","4",",E","1",",E","0",",E","30",",","830",",,E,05,+","8.0",",,E,14,","9.5",",,,E"
"SWE00140716","1960-05","66.3797","18.23","440.0","NORRA BERGNAS, SW","6",",E","4",",E","0",",E","","","","","8.0",",,E,29,","32.2",",,,E"
"SWE00140716","1960-06","66.3797","18.23","440.0","NORRA BERGNAS, SW","12",",E","10",",E","0",",E","","","","","13.5",",,E,01,","64.5",",,,E"
"SWE00140716","1960-07","66.3797","18.23","440.0","NORRA BERGNAS, SW","16",",E","9",",E","0",",E","","","","","12.3",",,E,26,","74.0",",,,E"
"SWE00140716","1960-08","66.3797","18.23","440.0","NORRA BERGNAS, SW","17",",E","12",",E","1",",E","","","","","70.0",",,E,20,","156.2",",,,E"
"SWE00140716","1960-09","66.3797","18.23","440.0","NORRA BERGNAS, SW","9",",E","5",",E","0",",E","","","","","7.8",",,E,01,","31.9",",,,E"
"SWE00140716","1960-10","66.3797","18.23","440.0","NORRA BERGNAS, SW","4",",E","0",",E","0",",E","","","","","1.0",",,E,29,+","3.5",",,,E"
"SWE00140716","1960-11","66.3797","18.23","440.0","NORRA BERGNAS, SW","15",",E","6",",E","0",",E","26",",","350",",,E,30,+","5.2",",,E,28,","36.0",",,,E"
"SWE00140716","1960-12","66.3797","18.23","440.0","NORRA BERGNAS, SW","12",",E","5",",E","0",",E","31",",","600",",,E,27,","8.5",",,E,11,","34.6",",,,E"
"SWE00140716","1961-01","66.3797","18.23","440.0","NORRA BERGNAS, SW","10",",E","2",",E","0",",E","31",",","650",",,E,15,","7.0",",,E,04,","22.3",",,,E"
"SWE00140716","1961-02","66.3797","18.23","440.0","NORRA BERGNAS, SW","14",",E","4",",E","0",",E","28",",","820",",,E,14,","8.0",",,E,07,","29.7",",,,E"
"SWE00140716","1961-03","66.3797","18.23","440.0","NORRA BERGNAS, SW","10",",E","4",",E","0",",E","31",",","770",",,E,27,+","4.0",",,E,25,+","23.0",",,,E"
"SWE00140716","1961-04","66.3797","18.23","440.0","NORRA BERGNAS, SW","3",",E","1",",E","0",",E","30",",","710",",,E,02,+","3.0",",,E,15,","5.1",",,,E"
"SWE00140716","1961-05","66.3797","18.23","440.0","NORRA BERGNAS, SW","6",",E","4",",E","0",",E","","","","","8.0",",,E,23,","22.3",",,,E"
"SWE00140716","1961-06","66.3797","18.23","440.0","NORRA BERGNAS, SW","12",",E","11",",E","0",",E","","","","","21.6",",,E,24,","99.9",",,,E"
"SWE00140716","1961-07","66.3797","18.23","440.0","NORRA BERGNAS, SW","18",",E","10",",E","1",",E","","","","","36.6",",,E,16,","116.7",",,,E"
"SWE00140716","1961-08","66.3797","18.23","440.0","NORRA BERGNAS, SW","15",",E","13",",E","0",",E","","","","","11.3",",,E,28,","83.0",",,,E"
"SWE00140716","1961-09","66.3797","18.23","440.0","NORRA BERGNAS, SW","6",",E","3",",E","0",",E","","","","","6.4",",,E,17,+","23.2",",,,E"
"SWE00140716","1961-10","66.3797","18.23","440.0","NORRA BERGNAS, SW","14",",E","7",",E","0",",E","","","","","16.5",",,E,25,","50.9",",,,E"
"SWE00140716","1961-11","66.3797","18.23","440.0","NORRA BERGNAS, SW","9",",E","5",",E","0",",E","20","4,","90","4,,E,30,","7.0",",,E,30,","26.8",",,,E"
"SWE00140716","1961-12","66.3797","18.23","440.0","NORRA BERGNAS, SW","12",",E","3",",E","0",",E","31",",","360",",,E,31,","9.5",",,E,05,","32.2",",,,E"
"SWE00140716","1962-01","66.3797","18.23","440.0","NORRA BERGNAS, SW","12",",E","6",",E","0",",E","31",",","690",",,E,21,+","12.0",",,E,05,","45.0",",,,E"
"SWE00140716","1962-02","66.3797","18.23","440.0","NORRA BERGNAS, SW","9",",E","3",",E","0",",E","28",",","770",",,E,22,+","10.0",",,E,19,","23.6",",,,E"
"SWE00140716","1962-03","66.3797","18.23","440.0","NORRA BERGNAS, SW","2",",E","0",",E","0",",E","31",",","750",",,E,01,","1.0",",,E,31,+","2.0",",,,E"
"SWE00140716","1962-04","66.3797","18.23","440.0","NORRA BERGNAS, SW","11",",E","0",",E","0",",E","30",",","860",",,E,14,+","2.0",",,E,11,+","13.5",",,,E"
"SWE00140716","1962-05","66.3797","18.23","440.0","NORRA BERGNAS, SW","2",",E","0",",E","0",",E","","","","","0.5",",,E,31,","0.9",",,,E"
"SWE00140716","1962-06","66.3797","18.23","440.0","NORRA BERGNAS, SW","10",",E","3",",E","0",",E","","","","","4.0",",,E,15,","17.6",",,,E"
"SWE00140716","1962-07","66.3797","18.23","440.0","NORRA BERGNAS, SW","8",",E","3",",E","0",",E","","","","","18.0",",,E,21,","30.1",",,,E"
"SWE00140716","1962-08","66.3797","18.23","440.0","NORRA BERGNAS, SW","12",",E","8",",E","0",",E","","","","","14.6",",,E,25,","45.1",",,,E"
"SWE00140716","1962-09","66.3797","18.23","440.0","NORRA BERGNAS, SW","10",",E","6",",E","1",",E","","","","","26.0",",,E,10,","55.1",",,,E"
"SWE00140716","1962-10","66.3797","18.23","440.0","NORRA BERGNAS, SW","5",",E","3",",E","0",",E","","","","","4.0",",,E,29,","13.8",",,,E"
"SWE00140716","1962-11","66.3797","18.23","440.0","NORRA BERGNAS, SW","13",",E","3",",E","0",",E","22",",","260",",,E,26,+","9.0",",,E,14,","30.0",",,,E"
"SWE00140716","1962-12","66.3797","18.23","440.0","NORRA BERGNAS, SW","11",",E","3",",E","0",",E","31",",","350",",,E,23,","8.5",",,E,03,","25.0",",,,E"
"SWE00140716","1963-01","66.3797","18.23","440.0","NORRA BERGNAS, SW","10",",E","2",",E","0",",E","31",",","420",",,E,31,+","3.0",",,E,13,","15.0",",,,E"
"SWE00140716","1963-02","66.3797","18.23","440.0","NORRA BERGNAS, SW","6",",E","1",",E","0",",E","28",",","520",",,E,27,+","4.0",",,E,23,","11.0",",,,E"
"SWE00140716","1963-03","66.3797","18.23","440.0","NORRA BERGNAS, SW","8",",E","0",",E","0",",E","31",",","490",",,E,31,+","2.0",",,E,25,+","10.0",",,,E"
"SWE00140716","1963-04","66.3797","18.23","440.0","NORRA BERGNAS, SW","10",",E","3",",E","0",",E","29","1,","540","1,,E,06,+","5.0",",,E,03,","20.5",",,,E"
"SWE00140716","1963-05","66.3797","18.23","440.0","NORRA BERGNAS, SW","8",",E","5",",E","0",",E","","","","","8.5",",,E,06,","28.7",",,,E"
"SWE00140716","1963-06","66.3797","18.23","440.0","NORRA BERGNAS, SW","8",",E","5",",E","0",",E","","","","","11.3",",,E,11,","35.1",",,,E"
"SWE00140716","1963-07","66.3797","18.23","440.0","NORRA BERGNAS, SW","14",",E","9",",E","1",",E","","","","","27.7",",,E,20,","95.8",",,,E"
"SWE00140716","1963-08","66.3797","18.23","440.0","NORRA BERGNAS, SW","15",",E","7",",E","0",",E","","","","","17.8",",,E,24,","60.2",",,,E"
"SWE00140716","1963-09","66.3797","18.23","440.0","NORRA BERGNAS, SW","13",",E","8",",E","0",",E","","","","","14.7",",,E,26,","62.9",",,,E"
"SWE00140716","1963-10","66.3797","18.23","440.0","NORRA BERGNAS, SW","6",",E","3",",E","0",",E","","","","","8.0",",,E,06,","23.3",",,,E"
"SWE00140716","1963-11","66.3797","18.23","440.0","NORRA BERGNAS, SW","12",",E","8",",E","0",",E","25",",","450",",,E,23,+","7.3",",,E,09,","41.1",",,,E"
"SWE00140716","1963-12","66.3797","18.23","440.0","NORRA BERGNAS, SW","7",",E","4",",E","0",",E","31",",","430",",,E,21,+","8.0",",,E,18,","21.8",",,,E"
"SWE00140716","1964-01","66.3797","18.23","440.0","NORRA BERGNAS, SW","3",",E","1",",E","0",",E","31",",","430",",,E,03,+","3.0",",,E,01,","4.7",",,,E"
"SWE00140716","1964-02","66.3797","18.23","440.0","NORRA BERGNAS, SW","11",",E","4",",E","0",",E","29",",","530",",,E,21,+","7.0",",,E,03,","29.0",",,,E"
"SWE00140716","1964-03","66.3797","18.23","440.0","NORRA BERGNAS, SW","3",",E","0",",E","0",",E","31",",","540",",,E,03,","2.0",",,E,02,","3.5",",,,E"
"SWE00140716","1964-04","66.3797","18.23","440.0","NORRA BERGNAS, SW","8",",E","3",",E","0",",E","30",",","540",",,E,13,","9.0",",,E,12,","22.2",",,,E"
"SWE00140716","1964-05","66.3797","18.23","440.0","NORRA BERGNAS, SW","6",",E","3",",E","0",",E","","","","","5.0",",,E,13,","15.3",",,,E"
"SWE00140716","1964-06","66.3797","18.23","440.0","NORRA BERGNAS, SW","10",",E","8",",E","1",",E","","","","","27.2",",,E,14,","73.6",",,,E"
"SWE00140716","1964-07","66.3797","18.23","440.0","NORRA BERGNAS, SW","7",",E","5",",E","0",",E","","","","","10.5",",,E,25,","36.7",",,,E"
"SWE00140716","1971-10","66.3797","18.23","440.0","NORRA BERGNAS, SW","12",",E","6",",E","0",",E","","","","","6.9",",,E,20,","40.9",",,,E"
"SWE00140716","1971-11","66.3797","18.23","440.0","NORRA BERGNAS, SW","16",",E","8",",E","0",",E","","","","","11.4",",,E,30,","57.0",",,,E"
"SWE00140716","1971-12","66.3797","18.23","440.0","NORRA BERGNAS, SW","15",",E","5",",E","0",",E","","","","","11.4",",,E,21,","49.0",",,,E"
"SWE00140716","1972-01","66.3797","18.23","440.0","NORRA BERGNAS, SW","12",",E","1",",E","0",",E","","","","","3.3",",,E,19,","13.7",",,,E"
"SWE00140716","1972-02","66.3797","18.23","440.0","NORRA BERGNAS, SW","9",",E","2",",E","0",",E","","","","","4.8",",,E,13,","13.7",",,,E"
"SWE00140716","1972-03","66.3797","18.23","440.0","NORRA BERGNAS, SW","11",",E","4",",E","0",",E","","","","","7.8",",,E,12,","26.4",",,,E"
"SWE00140716","1972-04","66.3797","18.23","440.0","NORRA BERGNAS, SW","16",",E","4",",E","0",",E","","","","","9.2",",,E,30,","30.6",",,,E"
"SWE00140716","1972-05","66.3797","18.23","440.0","NORRA BERGNAS, SW","9",",E","6",",E","0",",E","","","","","18.8",",,E,22,","47.5",",,,E"
"SWE00140716","1972-06","66.3797","18.23","440.0","NORRA BERGNAS, SW","13",",E","10",",E","2",",E","","","","","29.0",",,E,13,","91.1",",,,E"
"SWE00140716","1972-07","66.3797","18.23","440.0","NORRA BERGNAS, SW","9",",E","4",",E","1",",E","","","","","28.7",",,E,06,","83.0",",,,E"
"SWE00140716","1972-08","66.3797","18.23","440.0","NORRA BERGNAS, SW","13",",E","6",",E","0",",E","","","","","11.9",",,E,03,","48.1",",,,E"
"SWE00140716","1972-09","66.3797","18.23","440.0","NORRA BERGNAS, SW","14",",E","6",",E","0",",E","","","","","11.4",",,E,09,","58.4",",,,E"
"SWE00140716","1972-10","66.3797","18.23","440.0","NORRA BERGNAS, SW","15",",E","5",",E","0",",E","","","","","10.9",",,E,23,","49.0",",,,E"
"SWE00140716","1972-11","66.3797","18.23","440.0","NORRA BERGNAS, SW","21",",E","7",",E","1",",E","","","","","31.2",",,E,10,","104.9",",,,E"
"SWE00140716","1972-12","66.3797","18.23","440.0","NORRA BERGNAS, SW","12",",E","4",",E","0",",E","","","","","10.1",",,E,30,","33.1",",,,E"
"SWE00140716","1973-01","66.3797","18.23","440.0","NORRA BERGNAS, SW","15",",E","3",",E","0",",E","","","","","6.8",",,E,25,","26.8",",,,E"
"SWE00140716","1973-02","66.3797","18.23","440.0","NORRA BERGNAS, SW","11",",E","4",",E","0",",E","","","","","11.3",",,E,13,","36.2",",,,E"
"SWE00140716","1973-03","66.3797","18.23","440.0","NORRA BERGNAS, SW","9",",E","3",",E","0",",E","","","","","3.8",",,E,05,","16.7",",,,E"
"SWE00140716","1973-04","66.3797","18.23","440.0","NORRA BERGNAS, SW","15",",E","6",",E","0",",E","","","","","8.8",",,E,05,","38.9",",,,E"
"SWE00140716","1973-05","66.3797","18.23","440.0","NORRA BERGNAS, SW","14",",E","6",",E","0",",E","","","","","11.8",",,E,14,","50.1",",,,E"
"SWE00140716","1973-06","66.3797","18.23","440.0","NORRA BERGNAS, SW","8",",E","2",",E","0",",E","","","","","17.5",",,E,13,","36.4",",,,E"
"SWE00140716","1973-07","66.3797","18.23","440.0","NORRA BERGNAS, SW","15",",E","7",",E","1",",E","","","","","34.9",",,E,17,","103.3",",,,E"
"SWE00140716","1973-08","66.3797","18.23","440.0","NORRA BERGNAS, SW","15",",E","7",",E","0",",E","","","","","10.2",",,E,10,","54.7",",,,E"
"SWE00140716","1973-09","66.3797","18.23","440.0","NORRA BERGNAS, SW","13",",E","2",",E","0",",E","","","","","18.5",",,E,05,","34.5",",,,E"
"SWE00140716","1973-10","66.3797","18.23","440.0","NORRA BERGNAS, SW","10",",E","3",",E","0",",E","","","","","5.5",",,E,07,","20.0",",,,E"
"SWE00140716","1973-11","66.3797","18.23","440.0","NORRA BERGNAS, SW","13",",E","5",",E","0",",E","","","","","8.5",",,E,05,","34.9",",,,E"
"SWE00140716","1973-12","66.3797","18.23","440.0","NORRA BERGNAS, SW","16",",E","6",",E","0",",E","","","","","10.3",",,E,21,","57.0",",,,E"
"SWE00140716","1974-01","66.3797","18.23","440.0","NORRA BERGNAS, SW","18",",E","7",",E","0",",E","","","","","8.3",",,E,18,","45.7",",,,E"
"SWE00140716","1974-02","66.3797","18.23","440.0","NORRA BERGNAS, SW","15",",E","6",",E","0",",E","","","","","12.9",",,E,12,","43.7",",,,E"
"SWE00140716","1974-03","66.3797","18.23","440.0","NORRA BERGNAS, SW","3",",E","1",",E","0",",E","","","","","3.3",",,E,19,","4.1",",,,E"
"SWE00140716","1974-04","66.3797","18.23","440.0","NORRA BERGNAS, SW","4",",E","0",",E","0",",E","","","","","2.4",",,E,25,","6.4",",,,E"
"SWE00140716","1974-05","66.3797","18.23","440.0","NORRA BERGNAS, SW","7",",E","4",",E","0",",E","","","","","9.6",",,E,27,","30.0",",,,E"
"SWE00140716","1974-06","66.3797","18.23","440.0","NORRA BERGNAS, SW","10",",E","9",",E","0",",E","","","","","14.2",",,E,10,","66.3",",,,E"
"SWE00140716","1974-07","66.3797","18.23","440.0","NORRA BERGNAS, SW","23",",E","16",",E","0",",E","","","","","22.5",",,E,08,","153.5",",,,E"
"SWE00140716","1974-08","66.3797","18.23","440.0","NORRA BERGNAS, SW","13",",E","10",",E","0",",E","","","","","21.2",",,E,04,","93.4",",,,E"
"SWE00140716","1974-10","66.3797","18.23","440.0","NORRA BERGNAS, SW","13",",E","4",",E","0",",E","","","","","5.6",",,E,24,","25.1",",,,E"
"SWE00140716","1974-11","66.3797","18.23","440.0","NORRA BERGNAS, SW","19",",E","8",",E","0",",E","","","","","8.5",",,E,10,","60.1",",,,E"
"SWE00140716","1974-12","66.3797","18.23","440.0","NORRA BERGNAS, SW","15",",E","11",",E","0",",E","","","","","7.1",",,E,02,","51.8",",,,E"
"SWE00140716","1975-01","66.3797","18.23","440.0","NORRA BERGNAS, SW","21",",E","8",",E","0",",E","","","","","10.3",",,E,14,+","54.9",",,,E"
"SWE00140716","1975-02","66.3797","18.23","440.0","NORRA BERGNAS, SW","6",",E","1",",E","0",",E","","","","","2.6",",,E,17,","8.0",",,,E"
"SWE00140716","1975-03","66.3797","18.23","440.0","NORRA BERGNAS, SW","8",",E","3",",E","0",",E","","","","","3.4",",,E,02,","12.8",",,,E"
"SWE00140716","1975-04","66.3797","18.23","440.0","NORRA BERGNAS, SW","9",",E","4",",E","0",",E","","","","","13.2",",,E,30,","26.6",",,,E"
"SWE00140716","1975-05","66.3797","18.23","440.0","NORRA BERGNAS, SW","13",",E","5",",E","0",",E","","","","","25.2",",,E,16,","67.3",",,,E"
"SWE00140716","1975-06","66.3797","18.23","440.0","NORRA BERGNAS, SW","11",",E","4",",E","0",",E","","","","","6.0",",,E,04,","28.1",",,,E"
"SWE00140716","1975-07","66.3797","18.23","440.0","NORRA BERGNAS, SW","9",",E","6",",E","0",",E","","","","","7.0",",,E,25,","37.9",",,,E"
"SWE00140716","1975-08","66.3797","18.23","440.0","NORRA BERGNAS, SW","13",",E","7",",E","0",",E","","","","","16.2",",,E,15,","54.2",",,,E"
"SWE00140716","1975-09","66.3797","18.23","440.0","NORRA BERGNAS, SW","14",",E","6",",E","0",",E","","","","","18.9",",,E,10,","77.1",",,,E"
"SWE00140716","1975-10","66.3797","18.23","440.0","NORRA BERGNAS, SW","8",",E","5",",E","0",",E","","","","","9.1",",,E,05,","28.4",",,,E"
"SWE00140716","1975-11","66.3797","18.23","440.0","NORRA BERGNAS, SW","10",",E","6",",E","0",",E","","","","","6.1",",,E,29,","28.6",",,,E"
"SWE00140716","1975-12","66.3797","18.23","440.0","NORRA BERGNAS, SW","18",",E","10",",E","0",",E","","","","","11.5",",,E,30,","62.6",",,,E"
"SWE00140716","1976-01","66.3797","18.23","440.0","NORRA BERGNAS, SW","13",",E","6",",E","0",",E","","","","","6.4",",,E,19,","33.3",",,,E"
"SWE00140716","1976-02","66.3797","18.23","440.0","NORRA BERGNAS, SW","15",",E","6",",E","0",",E","","","","","5.0",",,E,02,","27.0",",,,E"
"SWE00140716","1976-03","66.3797","18.23","440.0","NORRA BERGNAS, SW","10",",E","2",",E","0",",E","","","","","4.4",",,E,01,","13.7",",,,E"
"SWE00140716","1976-04","66.3797","18.23","440.0","NORRA BERGNAS, SW","5",",E","2",",E","0",",E","","","","","3.9",",,E,05,","8.9",",,,E"
"SWE00140716","1976-05","66.3797","18.23","440.0","NORRA BERGNAS, SW","8",",E","2",",E","0",",E","","","","","7.6",",,E,31,","18.6",",,,E"
"SWE00140716","1976-06","66.3797","18.23","440.0","NORRA BERGNAS, SW","8",",E","3",",E","0",",E","","","","","6.1",",,E,21,","16.9",",,,E"
"SWE00140716","1976-07","66.3797","18.23","440.0","NORRA BERGNAS, SW","9",",E","6",",E","0",",E","","","","","20.8",",,E,17,","71.1",",,,E"
"SWE00140716","1976-08","66.3797","18.23","440.0","NORRA BERGNAS, SW","9",",E","3",",E","0",",E","","","","","4.7",",,E,14,","18.3",",,,E"
"SWE00140716","1976-09","66.3797","18.23","440.0","NORRA BERGNAS, SW","8",",E","4",",E","0",",E","","","","","12.0",",,E,10,","28.0",",,,E"
"SWE00140716","1976-10","66.3797","18.23","440.0","NORRA BERGNAS, SW","17",",E","6",",E","0",",E","","","","","11.4",",,E,10,","48.2",",,,E"
"SWE00140716","1976-11","66.3797","18.23","440.0","NORRA BERGNAS, SW","18",",E","6",",E","0",",E","","","","","10.1",",,E,07,","43.6",",,,E"
"SWE00140716","1976-12","66.3797","18.23","440.0","NORRA BERGNAS, SW","17",",E","2",",E","0",",E","","","","","9.7",",,E,05,","29.7",",,,E"
"SWE00140716","1977-01","66.3797","18.23","440.0","NORRA BERGNAS, SW","18",",E","7",",E","0",",E","","","","","14.9",",,E,26,","67.3",",,,E"
"SWE00140716","1977-02","66.3797","18.23","440.0","NORRA BERGNAS, SW","12",",E","3",",E","0",",E","","","","","3.2",",,E,05,","17.9",",,,E"
"SWE00140716","1977-03","66.3797","18.23","440.0","NORRA BERGNAS, SW","11",",E","5",",E","0",",E","","","","","4.6",",,E,30,","24.0",",,,E"
"SWE00140716","1977-04","66.3797","18.23","440.0","NORRA BERGNAS, SW","15",",E","7",",E","0",",E","","","","","8.2",",,E,11,","44.1",",,,E"
"SWE00140716","1977-05","66.3797","18.23","440.0","NORRA BERGNAS, SW","10",",E","5",",E","0",",E","","","","","7.6",",,E,12,","30.8",",,,E"
"SWE00140716","1977-06","66.3797","18.23","440.0","NORRA BERGNAS, SW","16",",E","11",",E","0",",E","","","","","12.3",",,E,04,","77.3",",,,E"
"SWE00140716","1977-07","66.3797","18.23","440.0","NORRA BERGNAS, SW","16",",E","12",",E","0",",E","","","","","20.5",",,E,17,","101.5",",,,E"
"SWE00140716","1977-08","66.3797","18.23","440.0","NORRA BERGNAS, SW","11",",E","7",",E","0",",E","","","","","12.4",",,E,05,","59.8",",,,E"
"SWE00140716","1977-09","66.3797","18.23","440.0","NORRA BERGNAS, SW","6",",E","4",",E","0",",E","","","","","9.5",",,E,09,","29.9",",,,E"
"SWE00140716","1977-10","66.3797","18.23","440.0","NORRA BERGNAS, SW","11",",E","6",",E","0",",E","","","","","9.9",",,E,16,","32.9",",,,E"
"SWE00140716","1977-11","66.3797","18.23","440.0","NORRA BERGNAS, SW","19",",E","6",",E","0",",E","","","","","7.1",",,E,04,","41.9",",,,E"
"SWE00140716","1977-12","66.3797","18.23","440.0","NORRA BERGNAS, SW","15",",E","6",",E","0",",E","","","","","5.5",",,E,24,","34.9",",,,E"
"SWE00140716","1978-01","66.3797","18.23","440.0","NORRA BERGNAS, SW","18",",E","5",",E","0",",E","","","","","7.3",",,E,29,","38.2",",,,E"
"SWE00140716","1978-02","66.3797","18.23","440.0","NORRA BERGNAS, SW","11",",E","1",",E","0",",E","","","","","4.3",",,E,27,","15.0",",,,E"
"SWE00140716","1978-03","66.3797","18.23","440.0","NORRA BERGNAS, SW","12",",E","6",",E","0",",E","","","","","6.0",",,E,23,","28.1",",,,E"
"SWE00140716","1978-04","66.3797","18.23","440.0","NORRA BERGNAS, SW","9",",E","3",",E","0",",E","","","","","16.4",",,E,13,","35.6",",,,E"
"SWE00140716","1978-05","66.3797","18.23","440.0","NORRA BERGNAS, SW","5",",E","1",",E","0",",E","","","","","2.5",",,E,25,","6.9",",,,E"
"SWE00140716","1978-06","66.3797","18.23","440.0","NORRA BERGNAS, SW","11",",E","5",",E","0",",E","","","","","19.4",",,E,23,","55.7",",,,E"
"SWE00140716","1978-07","66.3797","18.23","440.0","NORRA BERGNAS, SW","19",",E","13",",E","0",",E","","","","","20.2",",,E,19,","114.0",",,,E"
"SWE00140716","1978-08","66.3797","18.23","440.0","NORRA BERGNAS, SW","14",",E","7",",E","0",",E","","","","","12.5",",,E,28,","66.7",",,,E"
"SWE00140716","1978-09","66.3797","18.23","440.0","NORRA BERGNAS, SW","15",",E","12",",E","0",",E","","","","","21.6",",,E,17,","112.3",",,,E"
"SWE00140716","1978-10","66.3797","18.23","440.0","NORRA BERGNAS, SW","15",",E","7",",E","0",",E","","","","","8.0",",,E,08,","38.8",",,,E"
"SWE00140716","1978-11","66.3797","18.23","440.0","NORRA BERGNAS, SW","14",",E","3",",E","0",",E","","","","","5.1",",,E,15,","26.6",",,,E"
"SWE00140716","1978-12","66.3797","18.23","440.0","NORRA BERGNAS, SW","11",",E","1",",E","0",",E","","","","","3.2",",,E,19,","11.5",",,,E"
"SWE00140716","1979-01","66.3797","18.23","440.0","NORRA BERGNAS, SW","13",",E","5",",E","0",",E","","","","","5.2",",,E,07,","26.3",",,,E"
"SWE00140716","1979-02","66.3797","18.23","440.0","NORRA BERGNAS, SW","10",",E","4",",E","0",",E","","","","","6.4",",,E,01,","25.0",",,,E"
"SWE00140716","1979-03","66.3797","18.23","440.0","NORRA BERGNAS, SW","22",",E","8",",E","0",",E","","","","","5.1",",,E,09,","43.0",",,,E"
"SWE00140716","1979-04","66.3797","18.23","440.0","NORRA BERGNAS, SW","16",",E","3",",E","0",",E","","","","","6.2",",,E,29,","27.4",",,,E"
"SWE00140716","1979-05","66.3797","18.23","440.0","NORRA BERGNAS, SW","14",",E","10",",E","0",",E","","","","","9.5",",,E,28,","67.5",",,,E"
"SWE00140716","1979-06","66.3797","18.23","440.0","NORRA BERGNAS, SW","13",",E","4",",E","0",",E","","","","","6.4",",,E,14,","34.0",",,,E"
"SWE00140716","1979-07","66.3797","18.23","440.0","NORRA BERGNAS, SW","17",",E","9",",E","1",",E","","","","","28.6",",,E,11,","96.8",",,,E"
"SWE00140716","1979-08","66.3797","18.23","440.0","NORRA BERGNAS, SW","17",",E","7",",E","0",",E","","","","","13.8",",,E,11,","78.2",",,,E"
"SWE00140716","1979-09","66.3797","18.23","440.0","NORRA BERGNAS, SW","12",",E","5",",E","0",",E","","","","","10.7",",,E,11,","46.2",",,,E"
"SWE00140716","1979-10","66.3797","18.23","440.0","NORRA BERGNAS, SW","11",",E","4",",E","0",",E","","","","","18.0",",,E,10,","47.9",",,,E"
