"STATION","DATE","LATITUDE","LONGITUDE","ELEVATION","NAME","DP01","DP01_ATTRIBUTES","DP10","DP10_ATTRIBUTES","DP1X","DP1X_ATTRIBUTES","DSND","DSND_ATTRIBUTES","DSNW","DSNW_ATTRIBUTES","EMSD","EMSD_ATTRIBUTES","EMSN","EMSN_ATTRIBUTES","EMXP","EMXP_ATTRIBUTES","PRCP","PRCP_ATTRIBUTES","SNOW","SNOW_ATTRIBUTES"
"US1ORYM0001","2007-12","45.4","-123.183","89.9","GASTON 3.2 SW, OR US","25",",N","16",",N","3",",N","","","0",",N","","","13",",,N,26,","132.6",",,N,03,","383.5",",,,N","13",",,,N"
"US1ORYM0001","2008-01","45.4","-123.183","89.9","GASTON 3.2 SW, OR US","20","1,N","16","1,N","0","1,N","","","5","1,N","","","64","1,,N,29,+","24.9","1,,N,05,","232.0","1,,,N","263","1,,,N"
"US1ORYM0001","2008-02","45.4","-123.183","89.9","GASTON 3.2 SW, OR US","15","1,N","7","1,N","0","1,N","","","1","1,N","","","25","1,,N,02,","24.6","1,,N,07,","90.6","1,,,N","25","1,,,N"
"US1ORYM0001","2008-03","45.4","-123.183","89.9","GASTON 3.2 SW, OR US","25","2,N","16","2,N","0","2,N","","","1","2,N","","","25","2,,N,27,","17.0","2,,N,14,","139.9","2,,,N","43","2,,,N"
"US1ORYM0001","2008-04","45.4","-123.183","89.9","GASTON 3.2 SW, OR US","20",",N","8",",N","0",",N","","","0",",N","","","20",",,N,19,","16.3",",,N,23,","89.2",",,,N","20",",,,N"
"US1ORYM0001","2008-05","45.4","-123.183","89.9","GASTON 3.2 SW, OR US","13",",N","5",",N","0",",N","","","0",",N","","","0",",,N,31,+","10.2",",,N,25,","28.3",",,,N","0",",,,N"
"US1ORYM0001","2008-06","45.4","-123.183","89.9","GASTON 3.2 SW, OR US","9","2,N","4","2,N","0","2,N","","","0","2,N","","","0","2,,N,30,+","22.9","2,,N,03,","39.3","2,,,N","0","2,,,N"
"US1ORYM0001","2008-07","45.4","-123.183","89.9","GASTON 3.2 SW, OR US","4","2,N","1","2,N","0","2,N","","","0","2,N","","","0","2,,N,31,+","3.0","2,,N,05,","4.1","2,,,N","0","2,,,N"
"US1ORYM0001","2008-08","45.4","-123.183","89.9","GASTON 3.2 SW, OR US","8",",N","5",",N","0",",N","","","0",",N","","","0",",,N,31,+","11.9",",,N,20,","33.5",",,,N","0",",,,N"
"US1ORYM0001","2008-09","45.4","-123.183","89.9","GASTON 3.2 SW, OR US","5",",N","1",",N","0",",N","","","0",",N","","","0",",,N,30,+","3.6",",,N,22,","6.2",",,,N","0",",,,N"
"US1ORYM0001","2008-10","45.4","-123.183","89.9","GASTON 3.2 SW, OR US","16","1,N","7","1,N","1","1,N","","","0","1,N","","","0","1,,N,31,+","26.9","1,,N,04,","75.3","1,,,N","0","1,,,N"
"US1ORYM0001","2008-11","45.4","-123.183","89.9","GASTON 3.2 SW, OR US","21",",N","14",",N","1",",N","","","0",",N","","","0",",,N,30,+","26.9",",,N,13,","180.4",",,,N","0",",,,N"
"US1ORYM0001","2008-12","45.4","-123.183","89.9","GASTON 3.2 SW, OR US","22",",N","17",",N","1",",N","","","7",",N","","","320",",,N,21,","34.5",",,N,21,","189.6",",,,N","854",",,,N"
"US1ORYM0001","2009-01","45.4","-123.183","89.9","GASTON 3.2 SW, OR US","15",",N","7",",N","1",",N","6","1,N","2","1,N","114","1,,N,01,","25","1,,N,25,+","69.1",",,N,02,","156.5",",,,N","50","1,,,N"
"US1ORYM0001","2009-02","45.4","-123.183","89.9","GASTON 3.2 SW, OR US","17",",N","9",",N","0",",N","2",",N","1",",N","38",",,N,26,","38",",,N,26,","16.8",",,N,24,","63.6",",,,N","78",",,,N"
"US1ORYM0001","2009-03","45.4","-123.183","89.9","GASTON 3.2 SW, OR US","24","1,N","12","1,N","1","1,N","1","1,N","1","1,N","25","1,,N,08,","25","1,,N,08,","32.3","1,,N,15,","122.1","1,,,N","30","1,,,N"
"US1ORYM0001","2009-04","45.4","-123.183","89.9","GASTON 3.2 SW, OR US","17","1,N","6","1,N","0","1,N","0","1,N","0","1,N","0","1,T,N,14,","0","1,T,N,14,","17.5","1,,N,13,","57.1","1,,,N","0","1,T,,N"
"US1ORYM0001","2009-05","45.4","-123.183","89.9","GASTON 3.2 SW, OR US","12","3,N","8","3,N","1","3,N","0","3,N","0","3,N","0","3,,N,31,+","0","3,,N,31,+","35.8","3,,N,05,","99.7","3,,,N","0","3,,,N"
"US1ORYM0001","2009-06","45.4","-123.183","89.9","GASTON 3.2 SW, OR US","8","2,N","3","2,N","0","2,N","0","2,N","0","2,N","0","2,,N,30,+","0","2,,N,30,+","6.1","2,,N,05,","16.9","2,,,N","0","2,,,N"
"US1ORYM0001","2009-07","45.4","-123.183","89.9","GASTON 3.2 SW, OR US","2",",N","1",",N","0",",N","0",",N","0",",N","0",",,N,31,+","0",",,N,31,+","7.1",",,N,13,","7.4",",,,N","0",",,,N"
"US1ORYM0001","2009-08","45.4","-123.183","89.9","GASTON 3.2 SW, OR US","4","2,N","1","2,N","0","2,N","0","2,N","0","2,N","0","2,,N,31,+","0","2,,N,31,+","14.5","2,,N,12,","16.8","2,,,N","0","2,,,N"
"US1ORYM0001","2009-09","45.4","-123.183","89.9","GASTON 3.2 SW, OR US","12",",N","4",",N","0",",N","0",",N","0",",N","0",",,N,30,+","0",",,N,30,+","11.7",",,N,06,","31.1",",,,N","0",",,,N"
"US1ORYM0001","2009-10","45.4","-123.183","89.9","GASTON 3.2 SW, OR US","22",",N","10",",N","0",",N","0",",N","0",",N","0",",,N,31,+","0",",,N,31,+","25.1",",,N,14,","115.1",",,,N","0",",,,N"
"US1ORYM0001","2009-11","45.4","-123.183","89.9","GASTON 3.2 SW, OR US","25",",N","16",",N","2",",N","0",",N","0",",N","0",",,N,30,+","0",",,N,30,+","36.8",",,N,08,","228.9",",,,N","0",",,,N"
"US1ORYM0001","2009-12","45.4","-123.183","89.9","GASTON 3.2 SW, OR US","14","1,N","7","1,N","2","1,N","2","1,N","1","1,N","140","1,,N,30,","140","1,,N,30,","32.8","1,,N,15,","146.0","1,,,N","140","1,,,N"
"US1ORYM0001","2010-01","45.4","-123.183","89.9","GASTON 3.2 SW, OR US","29",",N","18",",N","4",",N","0",",N","0",",N","0",",T,N,01,","0",",,N,31,+","30.7",",,N,06,","255.3",",,,N","0",",,,N"
"US1ORYM0001","2010-02","45.4","-123.183","89.9","GASTON 3.2 SW, OR US","22",",N","13",",N","0",",N","0",",N","0",",N","0",",,N,28,+","0",",,N,28,+","21.8",",,N,24,","149.6",",,,N","0",",,,N"
"US1ORYM0001","2010-03","45.4","-123.183","89.9","GASTON 3.2 SW, OR US","23",",N","10",",N","1",",N","0",",N","0",",N","0",",,N,31,+","0",",,N,31,+","36.1",",,N,12,","160.6",",,,N","0",",,,N"
"US1ORYM0001","2010-04","45.4","-123.183","89.9","GASTON 3.2 SW, OR US","22","1,N","13","1,N","1","1,N","0","1,N","0","1,N","15","1,,N,02,","15","1,,N,02,","40.9","1,,N,27,","148.5","1,,,N","15","1,,,N"
"US1ORYM0001","2010-05","45.4","-123.183","89.9","GASTON 3.2 SW, OR US","19",",N","11",",N","0",",N","0",",N","0",",N","0",",,N,31,+","0",",,N,31,+","15.7",",,N,20,","77.3",",,,N","0",",,,N"
"US1ORYM0001","2010-06","45.4","-123.183","89.9","GASTON 3.2 SW, OR US","11","1,N","7","1,N","1","1,N","0","1,N","0","1,N","0","1,,N,30,+","0","1,,N,30,+","36.8","1,,N,06,","93.0","1,,,N","0","1,,,N"
"US1ORYM0001","2010-07","45.4","-123.183","89.9","GASTON 3.2 SW, OR US","2",",N","1",",N","0",",N","0",",N","0",",N","0",",,N,31,+","0",",,N,31,+","4.8",",,N,02,","5.1",",,,N","0",",,,N"
"US1ORYM0001","2010-08","45.4","-123.183","89.9","GASTON 3.2 SW, OR US","2",",N","0",",N","0",",N","0",",N","0",",N","0",",,N,31,+","0",",,N,31,+","0.8",",,N,30,","1.3",",,,N","0",",,,N"
"US1ORYM0001","2010-09","45.4","-123.183","89.9","GASTON 3.2 SW, OR US","11",",N","7",",N","0",",N","0",",N","0",",N","0",",,N,30,+","0",",,N,30,+","13.0",",,N,08,","48.6",",,,N","0",",,,N"
"US1ORYM0001","2010-10","45.4","-123.183","89.9","GASTON 3.2 SW, OR US","16","1,N","10","1,N","1","1,N","0","1,N","0","1,N","0","1,,N,31,+","0","1,,N,31,+","35.8","1,,N,24,","122.1","1,,,N","0","1,,,N"
"US1ORYM0001","2010-11","45.4","-123.183","89.9","GASTON 3.2 SW, OR US","25",",N","14",",N","1",",N","0",",N","0",",N","13",",,N,24,+","13",",,N,23,","38.6",",,N,18,","192.6",",,,N","13",",,,N"
"US1ORYM0001","2010-12","45.4","-123.183","89.9","GASTON 3.2 SW, OR US","30",",N","20",",N","4",",N","0",",N","0",",N","13",",,N,18,","8",",,N,18,","39.6",",,N,28,","344.4",",,,N","8",",,,N"
"US1ORYM0001","2011-01","45.4","-123.183","89.9","GASTON 3.2 SW, OR US","20",",N","9",",N","2",",N","0",",N","0",",N","13",",,N,12,","5",",,N,12,","45.7",",,N,16,","137.9",",,,N","5",",,,N"
"US1ORYM0001","2011-02","45.4","-123.183","89.9","GASTON 3.2 SW, OR US","19","1,N","10","1,N","1","1,N","5","1,N","2","1,N","127","1,,N,24,","107","1,,N,24,","26.2","1,,N,28,","119.4","1,,,N","152","1,,,N"
"US1ORYM0001","2011-03","45.4","-123.183","89.9","GASTON 3.2 SW, OR US","29","1,N","22","1,N","2","1,N","1","1,N","1","1,N","25","1,,N,01,","25","1,,N,01,","41.9","1,,N,01,","252.7","1,,,N","25","1,,,N"
"US1ORYM0001","2011-04","45.4","-123.183","89.9","GASTON 3.2 SW, OR US","24","1,N","12","1,N","1","1,N","0","1,N","0","1,N","0","1,,N,30,+","0","1,,N,30,+","27.2","1,,N,25,","131.0","1,,,N","0","1,,,N"
"US1ORYM0001","2011-05","45.4","-123.183","89.9","GASTON 3.2 SW, OR US","25",",N","11",",N","0",",N","0",",N","0",",N","0",",,N,31,+","0",",,N,31,+","9.7",",,N,15,","77.2",",,,N","0",",,,N"
"US1ORYM0001","2011-06","45.4","-123.183","89.9","GASTON 3.2 SW, OR US","11","1,N","3","1,N","0","1,N","0","1,N","0","1,N","0","1,,N,30,+","0","1,,N,30,+","5.3","1,,N,01,","18.6","1,,,N","0","1,,,N"
"US1ORYM0001","2011-07","45.4","-123.183","89.9","GASTON 3.2 SW, OR US","7","1,N","3","1,N","0","1,N","0","1,N","0","1,N","0","1,,N,31,+","0","1,,N,31,+","10.7","1,,N,16,","24.5","1,,,N","0","1,,,N"
"US1ORYM0001","2011-08","45.4","-123.183","89.9","GASTON 3.2 SW, OR US","1",",N","0",",N","0",",N","0",",N","0",",N","0",",,N,31,+","0",",,N,31,+","0.8",",,N,29,","0.8",",,,N","0",",,,N"
"US1ORYM0001","2011-09","45.4","-123.183","89.9","GASTON 3.2 SW, OR US","7",",N","2",",N","0",",N","0",",N","0",",N","0",",,N,30,+","0",",,N,30,+","4.1",",,N,27,","12.5",",,,N","0",",,,N"
"US1ORYM0001","2011-10","45.4","-123.183","89.9","GASTON 3.2 SW, OR US","21",",N","7",",N","0",",N","0",",N","0",",N","0",",,N,31,+","0",",,N,31,+","16.0",",,N,05,","77.0",",,,N","0",",,,N"
"US1ORYM0001","2011-11","45.4","-123.183","89.9","GASTON 3.2 SW, OR US","24","1,N","14","1,N","2","1,N","0","2,N","0","2,N","0","2,,N,30,+","0","2,,N,30,+","70.1","1,,N,23,","236.6","1,,,N","0","2,,,N"
"US1ORYM0001","2011-12","45.4","-123.183","89.9","GASTON 3.2 SW, OR US","12","3,N","6","3,N","3","3,N","0","3,N","0","3,N","0","3,,N,31,+","0","3,,N,31,+","32.3","3,,N,30,","104.5","3,,,N","0","3,,,N"
"US1ORYM0001","2012-01","45.4","-123.183","89.9","GASTON 3.2 SW, OR US","24",",N","16",",N","4",",N","5",",N","3",",N","196",",,N,18,","140",",,N,17,","69.3",",,N,18,","279.5",",,,N","265",",,,N"
"US1ORYM0001","2012-02","45.4","-123.183","89.9","GASTON 3.2 SW, OR US","22","2,N","13","2,N","0","2,N","1","2,N","1","2,N","38","2,,N,29,","33","2,,N,29,","21.3","2,,N,29,","121.3","2,,,N","33","2,,,N"
"US1ORYM0001","2012-03","45.4","-123.183","89.9","GASTON 3.2 SW, OR US","21","1,N","19","1,N","3","1,N","3","1,N","3","1,N","51","1,,N,01,","36","1,,N,01,","50.8","1,,N,15,","287.1","1,,,N","109","1,,,N"
"US1ORYM0001","2012-04","45.4","-123.183","89.9","GASTON 3.2 SW, OR US","24",",N","13",",N","0",",N","0",",N","0",",N","0",",,N,30,+","0",",,N,30,+","11.7",",,N,26,+","96.0",",,,N","0",",,,N"
"US1ORYM0001","2012-05","45.4","-123.183","89.9","GASTON 3.2 SW, OR US","13","4,N","7","4,N","0","4,N","0","4,N","0","4,N","0","4,,N,31,+","0","4,,N,31,+","22.9","4,,N,03,","74.8","4,,,N","0","4,,,N"
"US1ORYM0001","2012-06","45.4","-123.183","89.9","GASTON 3.2 SW, OR US","16","1,N","8","1,N","0","1,N","0","1,N","0","1,N","0","1,,N,30,+","0","1,,N,30,+","11.2","1,,N,05,","57.1","1,,,N","0","1,,,N"
"US1ORYM0001","2012-07","45.4","-123.183","89.9","GASTON 3.2 SW, OR US","5","1,N","1","1,N","0","1,N","0","1,N","0","1,N","0","1,,N,31,+","0","1,,N,31,+","12.2","1,,N,01,","16.5","1,,,N","0","1,,,N"
"US1ORYM0001","2012-08","45.4","-123.183","89.9","GASTON 3.2 SW, OR US","1","2,N","0","2,N","0","2,N","0","2,N","0","2,N","0","2,,N,31,+","0","2,,N,31,+","1.5","2,,N,27,","1.5","2,,,N","0","2,,,N"
"US1ORYM0001","2012-09","45.4","-123.183","89.9","GASTON 3.2 SW, OR US","4","1,N","0","1,N","0","1,N","0","1,N","0","1,N","0","1,,N,30,+","0","1,,N,30,+","1.0","1,,N,21,","2.3","1,,,N","0","1,,,N"
"US1ORYM0001","2012-10","45.4","-123.183","89.9","GASTON 3.2 SW, OR US","19",",N","14",",N","0",",N","0",",N","0",",N","0",",,N,31,+","0",",,N,31,+","24.9",",,N,29,","191.5",",,,N","0",",,,N"
"US1ORYM0001","2012-11","45.4","-123.183","89.9","GASTON 3.2 SW, OR US","26","1,N","12","1,N","5","1,N","0","1,N","0","1,N","0","1,,N,30,+","0","1,,N,30,+","65.3","1,,N,19,","271.3","1,,,N","0","1,,,N"
"US1ORYM0001","2012-12","45.4","-123.183","89.9","GASTON 3.2 SW, OR US","30",",N","21",",N","4",",N","2",",N","1",",N","30",",,N,19,","30",",,N,18,","41.4",",,N,17,","331.1",",,,N","64",",,,N"
"US1ORYM0001","2013-01","45.4","-123.183","89.9","GASTON 3.2 SW, OR US","15","1,N","6","1,N","0","1,N","0","1,N","0","1,N","0","1,T,N,14,","0","1,T,N,14,","6.4","1,,N,07,","37.5","1,,,N","0","1,T,,N"
"US1ORYM0001","2013-02","45.4","-123.183","89.9","GASTON 3.2 SW, OR US","17","1,N","6","1,N","1","1,N","0","1,N","0","1,N","0","1,,N,28,+","0","1,,N,28,+","29.0","1,,N,23,","68.1","1,,,N","0","1,,,N"
"US1ORYM0001","2013-03","45.4","-123.183","89.9","GASTON 3.2 SW, OR US","18","2,N","8","2,N","1","2,N","0","2,N","0","2,N","0","2,,N,31,+","0","2,,N,31,+","32.0","2,,N,20,","76.6","2,,,N","0","2,,,N"
"US1ORYM0001","2013-04","45.4","-123.183","89.9","GASTON 3.2 SW, OR US","18",",N","4",",N","0",",N","0",",N","0",",N","0",",,N,30,+","0",",,N,30,+","20.6",",,N,07,","62.6",",,,N","0",",,,N"
"US1ORYM0001","2013-05","45.4","-123.183","89.9","GASTON 3.2 SW, OR US","18","4,N","9","4,N","1","4,N","0","4,N","0","4,N","0","4,,N,31,+","0","4,,N,31,+","29.0","4,,N,23,","113.7","4,,,N","0","4,,,N"
"US1ORYM0001","2013-06","45.4","-123.183","89.9","GASTON 3.2 SW, OR US","12",",N","4",",N","0",",N","0",",N","0",",N","0",",,N,30,+","0",",,N,30,+","13.2",",,N,24,","42.7",",,,N","0",",,,N"
"US1ORYM0001","2013-07","45.4","-123.183","89.9","GASTON 3.2 SW, OR US","0",",N","0",",N","0",",N","0","1,N","0",",N","0","1,,N,31,+","0",",,N,31,+","0.0",",,N,31,+","0.0",",,,N","0",",,,N"
"US1ORYM0001","2013-08","45.4","-123.183","89.9","GASTON 3.2 SW, OR US","9","2,N","4","2,N","0","2,N","0","2,N","0","2,N","0","2,,N,31,+","0","2,,N,31,+","5.3","2,,N,27,","18.9","2,,,N","0","2,,,N"
"US1ORYM0001","2013-09","45.4","-123.183","89.9","GASTON 3.2 SW, OR US","21",",N","10",",N","3",",N","0","1,N","0",",N","0","1,,N,30,+","0",",,N,30,+","64.0",",,N,29,","217.8",",,,N","0",",,,N"
"US1ORYM0001","2013-10","45.4","-123.183","89.9","GASTON 3.2 SW, OR US","16",",N","3",",N","0",",N","0",",N","0",",N","0",",,N,31,+","0",",,N,31,+","14.7",",,N,01,","32.4",",,,N","0",",,,N"
"US1ORYM0001","2013-11","45.4","-123.183","89.9","GASTON 3.2 SW, OR US","20",",N","10",",N","0",",N","0",",N","0",",N","0",",,N,30,+","0",",,N,30,+","19.3",",,N,19,","99.9",",,,N","0",",,,N"
"US1ORYM0001","2013-12","45.4","-123.183","89.9","GASTON 3.2 SW, OR US","19",",N","3",",N","0",",N","0","1,N","0","2,N","5","1,,N,06,","5","2,,N,06,","24.9",",,N,02,","46.6",",,,N","5","2,,,N"
"US1ORYM0001","2014-01","45.4","-123.183","89.9","GASTON 3.2 SW, OR US","18",",N","8",",N","1",",N","0","1,N","0",",N","0","1,,N,31,+","0",",,N,31,+","26.4",",,N,12,","87.6",",,,N","0",",,,N"
"US1ORYM0001","2014-02","45.4","-123.183","89.9","GASTON 3.2 SW, OR US","22",",N","14",",N","4",",N","8",",N","3","1,N","343",",,N,09,","178","1,,N,08,","29.0",",,N,16,","228.5",",,,N","465","1,,,N"
"US1ORYM0001","2014-03","45.4","-123.183","89.9","GASTON 3.2 SW, OR US","25",",N","16",",N","1",",N","0",",N","0",",N","0",",,N,31,+","0",",,N,31,+","40.1",",,N,06,","244.7",",,,N","0",",,,N"
"US1ORYM0001","2014-04","45.4","-123.183","89.9","GASTON 3.2 SW, OR US","18",",N","10",",N","1",",N","0",",N","0",",N","0",",,N,30,+","0",",,N,30,+","34.5",",,N,24,","109.4",",,,N","0",",,,N"
"US1ORYM0001","2014-05","45.4","-123.183","89.9","GASTON 3.2 SW, OR US","11",",N","8",",N","0",",N","0",",N","0",",N","0",",,N,31,+","0",",,N,31,+","13.5",",,N,09,","53.8",",,,N","0",",,,N"
"US1ORYM0001","2014-06","45.4","-123.183","89.9","GASTON 3.2 SW, OR US","8","3,N","2","3,N","0","3,N","0","3,N","0","3,N","0","3,,N,30,+","0","3,,N,30,+","9.4","3,,N,27,","19.9","3,,,N","0","3,,,N"
"US1ORYM0001","2014-07","45.4","-123.183","89.9","GASTON 3.2 SW, OR US","3","2,N","2","2,N","0","2,N","0","2,N","0","2,N","0","2,,N,31,+","0","2,,N,31,+","4.3","2,,N,24,+","9.9","2,,,N","0","2,,,N"
"US1ORYM0001","2014-08","45.4","-123.183","89.9","GASTON 3.2 SW, OR US","3","1,N","0","1,N","0","1,N","0","1,N","0","1,N","0","1,,N,31,+","0","1,,N,31,+","1.5","1,,N,13,","3.3","1,,,N","0","1,,,N"
"US1ORYM0001","2014-09","45.4","-123.183","89.9","GASTON 3.2 SW, OR US","7","1,N","2","1,N","1","1,N","0","1,N","0","1,N","0","1,,N,30,+","0","1,,N,30,+","26.7","1,,N,24,","34.9","1,,,N","0","1,,,N"
"US1ORYM0001","2014-10","45.4","-123.183","89.9","GASTON 3.2 SW, OR US","20",",N","14",",N","1",",N","0",",N","0",",N","0",",,N,31,+","0",",,N,31,+","52.6",",,N,23,","198.1",",,,N","0",",,,N"
"US1ORYM0001","2014-11","45.4","-123.183","89.9","GASTON 3.2 SW, OR US","22","1,N","12","1,N","1","1,N","0","1,N","0","1,N","8","1,,N,14,","5","1,,N,13,","30.2","1,,N,22,","114.2","1,,,N","5","1,,,N"
"US1ORYM0001","2014-12","45.4","-123.183","89.9","GASTON 3.2 SW, OR US","24",",N","13",",N","3",",N","0",",N","0",",N","0",",,N,31,+","0",",,N,31,+","41.9",",,N,21,","245.7",",,,N","0",",,,N"
"US1ORYM0001","2015-01","45.4","-123.183","89.9","GASTON 3.2 SW, OR US","23",",N","6",",N","1",",N","0",",N","0",",N","0",",,N,31,+","0",",,N,31,+","45.5",",,N,18,","114.7",",,,N","0",",,,N"
"US1ORYM0001","2015-02","45.4","-123.183","89.9","GASTON 3.2 SW, OR US","16","1,N","11","1,N","2","1,N","0","1,N","0","1,N","0","1,,N,28,+","0","1,,N,28,+","56.1","1,,N,06,","204.0","1,,,N","0","1,,,N"
"US1ORYM0001","2015-03","45.4","-123.183","89.9","GASTON 3.2 SW, OR US","16","1,N","8","1,N","2","1,N","0","1,N","0","1,N","0","1,,N,31,+","0","1,,N,31,+","57.9","1,,N,15,","144.9","1,,,N","0","1,,,N"
"US1ORYM0001","2015-04","45.4","-123.183","89.9","GASTON 3.2 SW, OR US","19","1,N","7","1,N","0","1,N","0","1,N","0","1,N","0","1,,N,30,+","0","1,,N,30,+","6.1","1,,N,14,","40.0","1,,,N","0","1,,,N"
"US1ORYM0001","2015-05","45.4","-123.183","89.9","GASTON 3.2 SW, OR US","7","2,N","4","2,N","0","2,N","0","3,N","0","3,N","0","3,,N,31,+","0","3,,N,31,+","7.9","2,,N,12,","23.8","2,,,N","0","3,,,N"
"US1ORYM0001","2015-06","45.4","-123.183","89.9","GASTON 3.2 SW, OR US","3","2,N","3","2,N","0","2,N","0","2,N","0","2,N","0","2,,N,30,+","0","2,,N,30,+","11.7","2,,N,02,","25.1","2,,,N","0","2,,,N"
"US1ORYM0001","2015-07","45.4","-123.183","89.9","GASTON 3.2 SW, OR US","4","1,N","1","1,N","0","1,N","0","1,N","0","1,N","0","1,,N,31,+","0","1,,N,31,+","3.0","1,,N,27,","6.4","1,,,N","0","1,,,N"
"US1ORYM0001","2015-08","45.4","-123.183","89.9","GASTON 3.2 SW, OR US","4",",N","3",",N","0",",N","0",",N","0",",N","0",",,N,31,+","0",",,N,31,+","10.4",",,N,30,","19.5",",,,N","0",",,,N"
"US1ORYM0001","2015-09","45.4","-123.183","89.9","GASTON 3.2 SW, OR US","11",",N","3",",N","0",",N","0",",N","0",",N","0",",,N,30,+","0",",,N,30,+","9.7",",,N,17,","33.6",",,,N","0",",,,N"
"US1ORYM0001","2015-10","45.4","-123.183","89.9","GASTON 3.2 SW, OR US","14",",N","8",",N","1",",N","0",",N","0",",N","0",",,N,31,+","0",",,N,31,+","34.3",",,N,26,","80.4",",,,N","0",",,,N"
"US1ORYM0001","2015-11","45.4","-123.183","89.9","GASTON 3.2 SW, OR US","20","3,N","15","3,N","4","3,N","0","4,N","0","4,N","0","4,,N,30,+","0","4,,N,30,+","38.1","3,,N,17,","214.6","3,,,N","0","4,,,N"
"US1ORYM0001","2015-12","45.4","-123.183","89.9","GASTON 3.2 SW, OR US","29",",N","26",",N","9",",N","1",",N","1",",N","38",",,N,28,","38",",,N,28,","55.4",",,N,18,","517.7",",,,N","38",",,,N"
"US1ORYM0001","2016-01","45.4","-123.183","89.9","GASTON 3.2 SW, OR US","24","4,N","18","4,N","1","4,N","4","4,N","2","4,N","38","4,,N,04,+","38","4,,N,03,","60.2","4,,N,13,","278.5","2,a,,N","63","4,,,N"
"US1ORYM0001","2016-02","45.4","-123.183","89.9","GASTON 3.2 SW, OR US","21","3,N","12","3,N","0","3,N","0","3,N","0","3,N","0","3,,N,29,+","0","3,,N,29,+","23.4","3,,N,04,","137.7","3,,,N","0","3,,,N"
"US1ORYM0001","2016-03","45.4","-123.183","89.9","GASTON 3.2 SW, OR US","25","1,N","20","1,N","2","1,N","0","2,N","0","2,N","0","2,,N,31,+","0","2,,N,31,+","40.6","1,,N,10,","228.2","1,,,N","0","2,,,N"
"US1ORYM0001","2016-04","45.4","-123.183","89.9","GASTON 3.2 SW, OR US","11","1,N","7","1,N","0","1,N","0","1,N","0","1,N","0","1,,N,30,+","0","1,,N,30,+","19.1","1,,N,22,","71.2","1,,,N","0","1,,,N"
"US1ORYM0001","2016-05","45.4","-123.183","89.9","GASTON 3.2 SW, OR US","11","4,N","4","4,N","0","4,N","0","3,N","0","3,N","0","3,,N,31,+","0","3,,N,31,+","5.8","4,,N,14,","22.3","4,,,N","0","3,,,N"
"US1ORYM0001","2016-06","45.4","-123.183","89.9","GASTON 3.2 SW, OR US","12",",N","6",",N","0",",N","0",",N","0",",N","0",",,N,30,+","0",",,N,30,+","6.6",",,N,16,","31.7",",,,N","0",",,,N"
"US1ORYM0001","2016-07","45.4","-123.183","89.9","GASTON 3.2 SW, OR US","5",",N","2",",N","0",",N","0",",N","0",",N","0",",,N,31,+","0",",,N,31,+","5.3",",,N,08,","10.2",",,,N","0",",,,N"
"US1ORYM0001","2016-08","45.4","-123.183","89.9","GASTON 3.2 SW, OR US","5",",N","2",",N","0",",N","0",",N","0",",N","0",",,N,31,+","0",",,N,31,+","4.6",",,N,31,","10.5",",,,N","0",",,,N"
"US1ORYM0001","2016-09","45.4","-123.183","89.9","GASTON 3.2 SW, OR US","12",",N","5",",N","0",",N","0",",N","0",",N","0",",,N,30,+","0",",,N,30,+","7.4",",,N,18,","27.4",",,,N","0",",,,N"
"US1ORYM0001","2016-10","45.4","-123.183","89.9","GASTON 3.2 SW, OR US","27","1,N","22","1,N","1","1,N","0","3,N","0","2,N","0","3,,N,31,+","0","2,,N,31,+","67.6","1,,N,14,","315.5","1,,,N","0","2,,,N"
"US1ORYM0001","2016-11","45.4","-123.183","89.9","GASTON 3.2 SW, OR US","22","3,N","14","3,N","3","3,N","0",",N","0",",N","0",",,N,30,+","0",",,N,30,+","45.2","3,,N,25,","226.8","3,,,N","0",",,,N"
"US1ORYM0001","2016-12","45.4","-123.183","89.9","GASTON 3.2 SW, OR US","21","1,N","14","1,N","1","1,N","7","1,N","2","1,N","51","1,,N,18,+","51","1,,N,15,","33.0","1,,N,20,","179.7","1,,,N","115","1,,,N"
"US1ORYM0001","2017-01","45.4","-123.183","89.9","GASTON 3.2 SW, OR US","14","2,N","10","2,N","1","2,N","10","2,N","2","2,N","127","2,,N,12,+","114","2,,N,11,","62.7","2,,N,18,","185.5","2,,,N","157","2,,,N"
"US1ORYM0001","2017-02","45.4","-123.183","89.9","GASTON 3.2 SW, OR US","21","1,N","20","1,N","4","1,N","0","3,N","0","3,N","0","3,T,N,06,+","0","3,T,N,06,+","62.0","1,,N,09,","370.2","1,,,N","0","3,T,,N"
"US1ORYM0001","2017-03","45.4","-123.183","89.9","GASTON 3.2 SW, OR US","29",",N","19",",N","1",",N","1",",N","1",",N","64",",,N,06,","58",",,N,06,","32.8",",,N,15,","259.2",",,,N","58",",,,N"
"US1ORYM0001","2017-04","45.4","-123.183","89.9","GASTON 3.2 SW, OR US","27",",N","18",",N","0",",N","0","2,N","0","1,N","0","2,,N,30,+","0","1,,N,30,+","24.1",",,N,12,","154.8",",,,N","0","1,,,N"
"US1ORYM0001","2017-05","45.4","-123.183","89.9","GASTON 3.2 SW, OR US","13",",N","5",",N","0",",N","0",",N","0",",N","0",",,N,31,+","0",",,N,31,+","20.8",",,N,13,","58.2",",,,N","0",",,,N"
"US1ORYM0001","2017-06","45.4","-123.183","89.9","GASTON 3.2 SW, OR US","9","4,N","4","4,N","0","4,N","0","4,N","0","4,N","0","4,,N,30,+","0","4,,N,30,+","10.9","4,,N,16,","29.8","4,,,N","0","4,,,N"
"US1ORYM0001","2017-07","45.4","-123.183","89.9","GASTON 3.2 SW, OR US","1","4,N","0","4,N","0","4,N","0","4,N","0","4,N","0","4,,N,31,+","0","4,,N,31,+","0.3","4,,N,20,","0.3","4,,,N","0","4,,,N"
"US1ORYM0001","2017-09","45.4","-123.183","89.9","GASTON 3.2 SW, OR US","10","3,N","5","3,N","0","3,N","0","3,N","0","3,N","0","3,,N,30,+","0","3,,N,30,+","19.8","3,,N,20,","56.2","3,,,N","0","3,,,N"
"US1ORYM0001","2017-11","45.4","-123.183","89.9","GASTON 3.2 SW, OR US","25","1,N","18","1,N","2","1,N","0","1,N","0","1,N","0","1,,N,30,+","0","1,,N,30,+","33.8","1,,N,20,","270.0","1,,,N","0","1,,,N"
"US1ORYM0001","2017-12","45.4","-123.183","89.9","GASTON 3.2 SW, OR US","17",",N","9",",N","2",",N","0",",N","0","1,N","13",",,N,25,","0","1,T,N,24,","27.2",",,N,29,","136.0",",,,N","0","1,T,,N"
"US1ORYM0001","2018-01","45.4","-123.183","89.9","GASTON 3.2 SW, OR US","24","3,N","17","3,N","1","3,N","0","3,N","0","3,N","0","3,,N,31,+","0","3,,N,31,+","30.0","3,,N,24,","201.0","1,a,,N","0","3,,,N"
"US1ORYM0001","2018-02","45.4","-123.183","89.9","GASTON 3.2 SW, OR US","19",",N","9",",N","0",",N","3",",N","2",",N","89",",,N,22,","64",",,N,22,","12.2",",,N,26,","69.6",",,,N","107",",,,N"
"US1ORYM0001","2018-03","45.4","-123.183","89.9","GASTON 3.2 SW, OR US","17","2,N","11","2,N","0","2,N","0","2,N","0","2,N","13","2,,N,23,","13","2,,N,23,","22.4","2,,N,24,","125.2","2,,,N","13","2,,,N"
"US1ORYM0001","2018-04","45.4","-123.183","89.9","GASTON 3.2 SW, OR US","20","4,N","12","4,N","1","4,N","","","0","4,N","","","0","4,,N,30,+","48.8","4,,N,08,","151.3",",a,,N","0","4,,,N"
"US1ORYM0001","2018-05","45.4","-123.183","89.9","GASTON 3.2 SW, OR US","","","","","","","","","","","","","","","","","2.6","2,a,,N","",""
"US1ORYM0001","2018-06","45.4","-123.183","89.9","GASTON 3.2 SW, OR US","8","1,N","2","1,N","0","1,N","0","1,N","0","1,N","0","1,,N,30,+","0","1,,N,30,+","8.9","1,,N,09,","14.9","1,,,N","0","1,,,N"
"US1ORYM0001","2018-07","45.4","-123.183","89.9","GASTON 3.2 SW, OR US","3",",N","0",",N","0",",N","0",",N","0",",N","0",",,N,31,+","0",",,N,31,+","0.8",",,N,10,+","1.9",",,,N","0",",,,N"
"US1ORYM0001","2018-08","45.4","-123.183","89.9","GASTON 3.2 SW, OR US","2",",N","0",",N","0",",N","0",",N","0",",N","0",",,N,31,+","0",",,N,31,+","1.3",",,N,12,","1.8",",,,N","0",",,,N"
"US1ORYM0001","2018-09","45.4","-123.183","89.9","GASTON 3.2 SW, OR US","11","4,N","5","4,N","0","4,N","","","0","4,N","","","0","4,,N,30,+","16.8","4,,N,12,","39.8",",a,,N","0","4,,,N"
"US1ORYM0001","2018-10","45.4","-123.183","89.9","GASTON 3.2 SW, OR US","12","4,N","8","4,N","1","4,N","","","0","4,N","","","0","4,,N,31,+","32.0","4,,N,28,","97.0",",a,,N","0","4,,,N"
"US1ORYM0001","2018-11","45.4","-123.183","89.9","GASTON 3.2 SW, OR US","18",",N","8",",N","0",",N","0",",N","0",",N","0",",,N,30,+","0",",,N,30,+","24.9",",,N,27,","110.8",",,,N","0",",,,N"
"US1ORYM0001","2018-12","45.4","-123.183","89.9","GASTON 3.2 SW, OR US","","","","","","","","","","","","","","","","","199.9",",a,,N","",""
"US1ORYM0001","2019-01","45.4","-123.183","89.9","GASTON 3.2 SW, OR US","15","2,N","10","2,N","1","2,N","","","0","2,N","","","0","2,,N,31,+","30.7","2,,N,19,","132.9",",a,,N","0","2,,,N"
"US1ORYM0001","2019-02","45.4","-123.183","89.9","GASTON 3.2 SW, OR US","23",",N","15",",N","1",",N","5",",N","4",",N","114",",,N,10,","89",",,N,09,","66.3",",,N,12,","191.0",",,,N","193",",,,N"
"US1ORYM0001","2019-03","45.4","-123.183","89.9","GASTON 3.2 SW, OR US","15",",N","8",",N","0",",N","0",",N","0",",N","20",",,N,08,","20",",,N,08,","10.9",",,N,29,","57.0",",,,N","23",",,,N"
"US1ORYM0001","2019-04","45.4","-123.183","89.9","GASTON 3.2 SW, OR US","19","1,N","10","1,N","1","1,N","0","1,N","0","1,N","0","1,,N,30,+","0","1,,N,30,+","27.2","1,,N,07,","117.7","1,,,N","0","1,,,N"
"US1ORYM0001","2019-05","45.4","-123.183","89.9","GASTON 3.2 SW, OR US","9",",N","5",",N","0",",N","0",",N","0",",N","0",",,N,31,+","0",",,N,31,+","12.4",",,N,19,","44.2",",,,N","0",",,,N"
"US1ORYM0001","2019-06","45.4","-123.183","89.9","GASTON 3.2 SW, OR US","5","1,N","1","1,N","0","1,N","0","1,N","0","1,N","0","1,,N,30,+","0","1,,N,30,+","4.1","1,,N,27,","8.5","1,,,N","0","1,,,N"
"US1ORYM0001","2019-07","45.4","-123.183","89.9","GASTON 3.2 SW, OR US","4",",N","1",",N","0",",N","0",",N","0",",N","0",",,N,31,+","0",",,N,31,+","11.2",",,N,10,","13.8",",,,N","0",",,,N"
"US1ORYM0001","2019-08","45.4","-123.183","89.9","GASTON 3.2 SW, OR US","7","1,N","0","1,N","0","1,N","0","1,N","0","1,N","0","1,,N,31,+","0","1,,N,31,+","2.3","1,,N,11,","6.6","1,,,N","0","1,,,N"
"US1ORYM0001","2019-09","45.4","-123.183","89.9","GASTON 3.2 SW, OR US","14","2,N","5","2,N","2","2,N","","","0","2,N","","","0","2,,N,30,+","40.6","2,,N,10,","112.4",",a,,N","0","2,,,N"
"US1ORYM0001","2019-10","45.4","-123.183","89.9","GASTON 3.2 SW, OR US","11","3,N","5","3,N","0","3,N","","","0","3,N","","","0","3,,N,31,+","19.3","3,,N,19,","68.6","1,a,,N","0","3,,,N"
"US1ORYM0001","2019-11","45.4","-123.183","89.9","GASTON 3.2 SW, OR US","13","1,N","3","1,N","0","1,N","0","1,N","0","1,N","0","1,,N,30,+","0","1,,N,30,+","12.2","1,,N,19,","32.0","1,,,N","0","1,,,N"
"US1ORYM0001","2019-12","45.4","-123.183","89.9","GASTON 3.2 SW, OR US","22",",N","13",",N","2",",N","0",",N","0",",N","8",",,N,01,","8",",,N,01,","42.7",",,N,21,","182.1",",,,N","8",",,,N"
"US1ORYM0001","2020-01","45.4","-123.183","89.9","GASTON 3.2 SW, OR US","28","3,N","25","3,N","3","3,N","","","0","3,N","","","13","3,,N,17,","52.1","3,,N,28,","350.6","1,a,,N","13","3,,,N"
"US1ORYM0001","2020-02","45.4","-123.183","89.9","GASTON 3.2 SW, OR US","17","2,N","8","2,N","0","2,N","","","0","2,N","","","0","2,,N,29,+","12.2","2,,N,29,","67.4",",a,,N","0","2,,,N"
"US1ORYM0001","2020-03","45.4","-123.183","89.9","GASTON 3.2 SW, OR US","15","1,N","7","1,N","0","1,N","0","1,N","0","1,N","13","1,,N,14,","13","1,,N,14,","13.2","1,,N,30,","50.2","1,,,N","13","1,,,N"
"US1ORYM0001","2020-04","45.4","-123.183","89.9","GASTON 3.2 SW, OR US","8","4,N","5","4,N","0","4,N","","","0","4,N","","","0","4,,N,30,+","5.8","4,,N,25,","30.9","2,a,,N","0","4,,,N"
"US1ORYM0001","2020-05","45.4","-123.183","89.9","GASTON 3.2 SW, OR US","18",",N","11",",N","0",",N","0",",N","0",",N","0",",,N,31,+","0",",,N,31,+","10.9",",,N,03,","70.0",",,,N","0",",,,N"
"US1ORYM0001","2020-06","45.4","-123.183","89.9","GASTON 3.2 SW, OR US","15",",N","10",",N","0",",N","0",",N","0",",N","0",",,N,30,+","0",",,N,30,+","13.0",",,N,09,","60.0",",,,N","0",",,,N"
"US1ORYM0001","2020-07","45.4","-123.183","89.9","GASTON 3.2 SW, OR US","0","1,N","0","1,N","0","1,N","0","1,N","0","1,N","0","1,,N,31,+","0","1,,N,31,+","0.0","1,T,N,12,+","0.0","1,T,,N","0","1,,,N"
"US1ORYM0001","2020-08","45.4","-123.183","89.9","GASTON 3.2 SW, OR US","3",",N","0",",N","0",",N","0",",N","0",",N","0",",,N,31,+","0",",,N,31,+","1.5",",,N,21,","2.8",",,,N","0",",,,N"
"US1ORYM0001","2020-09","45.4","-123.183","89.9","GASTON 3.2 SW, OR US","7","5,N","5","5,N","0","5,N","","","0","5,N","","","0","5,,N,30,+","16.8","5,,N,25,","78.7","1,a,,N","0","5,,,N"
"US1ORYM0001","2020-10","45.4","-123.183","89.9","GASTON 3.2 SW, OR US","11",",N","3",",N","0",",N","0",",N","0",",N","0",",,N,31,+","0",",,N,31,+","18.0",",,N,10,","51.9",",,,N","0",",,,N"
"US1ORYM0001","2020-11","45.4","-123.183","89.9","GASTON 3.2 SW, OR US","25","1,N","14","1,N","3","1,N","0","1,N","0","1,N","0","1,,N,30,+","0","1,,N,30,+","35.8","1,,N,13,","204.9","1,,,N","0","1,,,N"
"US1ORYM0001","2020-12","45.4","-123.183","89.9","GASTON 3.2 SW, OR US","24","1,N","15","1,N","1","1,N","0","1,N","0","1,N","0","1,,N,31,+","0","1,,N,31,+","52.3","1,,N,20,","202.8","1,,,N","0","1,,,N"
"US1ORYM0001","2021-01","45.4","-123.183","89.9","GASTON 3.2 SW, OR US","25",",N","15",",N","4",",N","3",",N","1",",N","102",",,N,27,","104",",,N,27,","66.0",",,N,12,","293.9",",,,N","104",",,,N"
"US1ORYM0001","2021-02","45.4","-123.183","89.9","GASTON 3.2 SW, OR US","23",",N","15",",N","0",",N","6",",N","2",",N","102",",,N,13,","89",",,N,13,","22.9",",,N,04,","160.4",",,,N","122",",,,N"
"US1ORYM0001","2021-03","45.4","-123.183","89.9","GASTON 3.2 SW, OR US","18",",N","7",",N","0",",N","0",",N","0",",N","0",",,N,31,+","0",",,N,31,+","7.9",",,N,22,","53.9",",,,N","0",",,,N"
"US1ORYM0001","2021-04","45.4","-123.183","89.9","GASTON 3.2 SW, OR US","7",",N","4",",N","0",",N","0",",N","0",",N","0",",,N,30,+","0",",,N,30,+","6.6",",,N,24,","18.5",",,,N","0",",,,N"
"US1ORYM0001","2021-05","45.4","-123.183","89.9","GASTON 3.2 SW, OR US","16",",N","5",",N","0",",N","0",",N","0",",N","0",",,N,31,+","0",",,N,31,+","5.8",",,N,25,","27.0",",,,N","0",",,,N"
"US1ORYM0001","2021-06","45.4","-123.183","89.9","GASTON 3.2 SW, OR US","9",",N","3",",N","0",",N","0",",N","0",",N","0",",,N,30,+","0",",,N,30,+","22.6",",,N,13,","52.0",",,,N","0",",,,N"
"US1ORYM0001","2021-07","45.4","-123.183","89.9","GASTON 3.2 SW, OR US","0",",N","0",",N","0",",N","0",",N","0",",N","0",",,N,31,+","0",",,N,31,+","0.0",",,N,31,+","0.0",",,,N","0",",,,N"
"US1ORYM0001","2021-08","45.4","-123.183","89.9","GASTON 3.2 SW, OR US","4",",N","0",",N","0",",N","0",",N","0",",N","0",",,N,31,+","0",",,N,31,+","1.0",",,N,21,","2.3",",,,N","0",",,,N"
"US1ORYM0001","2021-09","45.4","-123.183","89.9","GASTON 3.2 SW, OR US","9",",N","5",",N","2",",N","0",",N","0",",N","0",",,N,30,+","0",",,N,30,+","29.5",",,N,19,","87.5",",,,N","0",",,,N"
"US1ORYM0001","2021-10","45.4","-123.183","89.9","GASTON 3.2 SW, OR US","21",",N","14",",N","0",",N","0",",N","0",",N","0",",,N,31,+","0",",,N,31,+","23.9",",,N,26,","150.3",",,,N","0",",,,N"
"US1ORYM0001","2021-11","45.4","-123.183","89.9","GASTON 3.2 SW, OR US","25","2,N","18","2,N","2","2,N","0","2,N","0","2,N","0","2,,N,30,+","0","2,,N,30,+","66.8","2,,N,12,","266.5","2,,,N","0","2,,,N"
