"STATION","DATE","LATITUDE","LONGITUDE","ELEVATION","NAME","CDSD","CDSD_ATTRIBUTES","CLDD","CLDD_ATTRIBUTES","DP01","DP01_ATTRIBUTES","DP10","DP10_ATTRIBUTES","DP1X","DP1X_ATTRIBUTES","DSND","DSND_ATTRIBUTES","DSNW","DSNW_ATTRIBUTES","DT00","DT00_ATTRIBUTES","DT32","DT32_ATTRIBUTES","DX32","DX32_ATTRIBUTES","DX70","DX70_ATTRIBUTES","DX90","DX90_ATTRIBUTES","EMNT","EMNT_ATTRIBUTES","EMSD","EMSD_ATTRIBUTES","EMSN","EMSN_ATTRIBUTES","EMXP","EMXP_ATTRIBUTES","EMXT","EMXT_ATTRIBUTES","HDSD","HDSD_ATTRIBUTES","HTDD","HTDD_ATTRIBUTES","PRCP","PRCP_ATTRIBUTES","SNOW","SNOW_ATTRIBUTES","TAVG","TAVG_ATTRIBUTES","TMAX","TMAX_ATTRIBUTES","TMIN","TMIN_ATTRIBUTES"
"USC00081556","2005-10","25.81444","-81.36167","1.8","CHOKOLOSKEE, FL US","","","","","","","","","","","0",",0","0",",0","","","","","","","","","","","","","0",",,0,31,+","0",",,0,31,+","","","","","","","","","","","0",",,,0","","","","","",""
"USC00081556","2006-01","25.81444","-81.36167","1.8","CHOKOLOSKEE, FL US","","","","","3",",0","1",",0","0",",0","0",",0","0",",0","","","","","","","","","","","","","0",",,0,31,+","0",",,0,31,+","2.5",",,0,18,","","","","","","","4.3",",,,0","0",",,,0","","","","","",""
"USC00081556","2006-02","25.81444","-81.36167","1.8","CHOKOLOSKEE, FL US","","","57.0",",0","6",",0","3",",0","2",",0","0",",0","0",",0","0",",0","0",",0","0",",0","24",",0","0",",0","2.8",",0,14,","0",",,0,28,+","0",",,0,28,+","45.0",",,0,06,","30.0",",0,25,","","","44.3",",0","92.8",",,,0","0",",,,0","18.79",",0","24.45",",,,0","13.13",",,,0"
"USC00081556","2006-03","25.81444","-81.36167","1.8","CHOKOLOSKEE, FL US","","","116.9",",0","0",",0","0",",0","0",",0","0",",0","0",",0","0",",0","0",",0","0",",0","31",",0","0",",0","7.2",",0,27,","0",",,0,31,+","0",",,0,31,+","0.0",",,0,31,+","31.1",",0,13,+","","","7.9",",0","0.0",",,,0","0",",,,0","21.85",",0","27.39",",,,0","16.31",",,,0"
"USC00081556","2006-04","25.81444","-81.36167","1.8","CHOKOLOSKEE, FL US","","","","","","","","","","","0",",0","0",",0","","","","","","","","","","","","","0",",,0,30,+","0",",,0,30,+","","","","","","","","","","","0",",,,0","","","","","",""
"USC00081556","2006-06","25.81444","-81.36167","1.8","CHOKOLOSKEE, FL US","","","284.0",",0","15",",0","9",",0","3",",0","0","1,0","0",",0","0",",0","0",",0","0",",0","30",",0","16",",0","22.2",",0,26,","0","1,,0,30,+","0",",,0,30,+","83.8",",,0,18,","35.0",",0,23,+","","","0.0",",0","233.8",",,,0","0",",,,0","27.80",",0","32.00",",,,0","23.60",",,,0"
"USC00081556","2006-07","25.81444","-81.36167","1.8","CHOKOLOSKEE, FL US","","","282.5","2,0","24","2,0","16","2,0","6","2,0","0",",0","0","1,0","0","2,0","0","2,0","0","2,0","29","2,0","16","2,0","21.1","2,0,07,","0",",,0,31,+","0","1,,0,31,+","77.7","2,,0,09,","36.1","2,0,26,","0.0","0","0.0","2,0","469.2",",a,,0","0","1,,,0","28.08","2,0","32.32","2,,,0","23.83","2,,,0"
"USC00081556","2006-08","25.81444","-81.36167","1.8","CHOKOLOSKEE, FL US","","","306.0","1,0","19",",0","14",",0","3",",0","0",",0","0",",0","0","1,0","0","1,0","0",",0","31",",0","27",",0","22.2","1,0,20,","0",",,0,31,+","0",",,0,31,+","69.9",",,0,31,","35.6",",0,02,","0.0","0","0.0",",0","269.8",",,,0","0",",,,0","28.57","1,0","32.91",",,,0","24.22","1,,,0"
"USC00081556","2006-09","25.81444","-81.36167","1.8","CHOKOLOSKEE, FL US","","","290.5",",0","21",",0","14",",0","4",",0","0",",0","0",",0","0",",0","0",",0","0",",0","30",",0","14",",0","20.0",",0,29,","0",",,0,30,+","0",",,0,30,+","94.0",",,0,13,","34.4",",0,13,+","0.0","0","0.0",",0","320.3",",,,0","0",",,,0","28.02",",0","32.00",",,,0","24.03",",,,0"
"USC00081556","2006-10","25.81444","-81.36167","1.8","CHOKOLOSKEE, FL US","","","226.9","1,0","4",",0","1",",0","0",",0","0",",0","0",",0","0","1,0","0","1,0","0","1,0","30","1,0","11","1,0","12.2","1,0,24,+","0",",,0,31,+","0",",,0,31,+","16.0",",,0,27,","33.9","1,0,03,","0.0","0","0.0","1,0","18.8",",,,0","0",",,,0","25.90","1,0","31.23","1,,,0","20.56","1,,,0"
"USC00081556","2006-11","25.81444","-81.36167","1.8","CHOKOLOSKEE, FL US","","","108.4",",0","8",",0","4",",0","0",",0","0",",0","0",",0","0",",0","0",",0","0",",0","27",",0","1",",0","6.7",",0,22,","0",",,0,30,+","0",",,0,30,+","10.9",",,0,16,","32.2",",0,01,","21.1","0","21.1",",0","34.0",",,,0","0",",,,0","21.24",",0","26.18",",,,0","16.30",",,,0"
"USC00081556","2006-12","25.81444","-81.36167","1.8","CHOKOLOSKEE, FL US","","","141.1",",0","11",",0","5",",0","0",",0","0",",0","0",",0","0",",0","0",",0","0",",0","29",",0","0",",0","10.0",",0,28,","0",",,0,31,+","0",",,0,31,+","7.6",",,0,26,","31.7",",0,03,","28.6","0","7.5",",0","26.5",",,,0","0",",,,0","22.64",",0","27.63",",,,0","17.65",",,,0"
"USC00081556","2007-01","25.81444","-81.36167","1.8","CHOKOLOSKEE, FL US","106.0","0","106.0","1,0","9",",0","3",",0","0",",0","0",",0","0",",0","0","1,0","0","1,0","0",",0","29",",0","0",",0","6.7","1,0,31,+","0",",,0,31,+","0",",,0,31,+","9.7",",,0,26,","30.6",",0,08,+","51.0","0","22.4",",0","21.6",",,,0","0",",,,0","21.12","1,0","26.88",",,,0","15.36","1,,,0"
"USC00081556","2007-02","25.81444","-81.36167","1.8","CHOKOLOSKEE, FL US","152.7","0","46.7",",0","9",",0","6",",0","0",",0","0",",0","0",",0","0",",0","0",",0","0",",0","23",",0","0",",0","3.3",",0,19,","0",",,0,28,+","0",",,0,28,+","20.3",",,0,05,","28.3",",0,23,","94.0","0","43.0",",0","51.6",",,,0","0",",,,0","18.46",",0","23.98",",,,0","12.95",",,,0"
"USC00081556","2007-03","25.81444","-81.36167","1.8","CHOKOLOSKEE, FL US","273.1","0","120.4",",0","5",",0","2",",0","0",",0","0",",0","0",",0","0",",0","0",",0","0",",0","31",",0","1",",0","8.3",",0,18,+","0",",,0,31,+","0",",,0,31,+","6.9",",,0,16,","32.2",",0,29,","98.5","0","4.5",",0","12.8",",,,0","0",",,,0","22.07",",0","28.69",",,,0","15.45",",,,0"
"USC00081556","2007-04","25.81444","-81.36167","1.8","CHOKOLOSKEE, FL US","407.4","0","134.3",",0","4",",0","4",",0","2",",0","0",",0","0",",0","0",",0","0",",0","0",",0","30",",0","2",",0","8.9",",0,08,","0",",,0,30,+","0",",,0,30,+","55.9",",,0,11,","33.9",",0,14,","100.7","0","2.2",",0","114.1",",,,0","0",",,,0","22.74",",0","28.49",",,,0","16.98",",,,0"
"USC00081556","2007-05","25.81444","-81.36167","1.8","CHOKOLOSKEE, FL US","623.3","0","215.9",",0","6",",0","4",",0","3",",0","0",",0","0",",0","0",",0","0",",0","0",",0","31",",0","13",",0","15.0",",0,09,","0",",,0,31,+","0",",,0,31,+","77.0",",,0,17,","34.4",",0,16,","100.7","0","0.0",",0","152.0",",,,0","0",",,,0","25.30",",0","30.73",",,,0","19.87",",,,0"
"USC00081556","2007-06","25.81444","-81.36167","1.8","CHOKOLOSKEE, FL US","896.6","0","273.3",",0","14",",0","8",",0","4",",0","0",",0","0",",0","0",",0","0",",0","0",",0","30",",0","14",",0","20.0",",0,09,","0",",,0,30,+","0",",,0,30,+","41.7",",,0,16,","36.7",",0,26,","100.7","0","0.0",",0","155.1",",,,0","0",",,,0","27.44",",0","31.73",",,,0","23.16",",,,0"
"USC00081556","2007-07","25.81444","-81.36167","1.8","CHOKOLOSKEE, FL US","1215.0","0","318.4",",0","21",",0","14",",0","7",",0","0",",0","0",",0","0",",0","0",",0","0",",0","31",",0","24",",0","22.8",",0,27,+","0",",,0,31,+","0",",,0,31,+","91.4",",,0,12,","34.4",",0,27,+","0.0","0","0.0",",0","344.5",",,,0","0",",,,0","28.60",",0","32.79",",,,0","24.42",",,,0"
"USC00081556","2007-08","25.81444","-81.36167","1.8","CHOKOLOSKEE, FL US","1531.5","0","316.5","2,0","14",",0","9",",0","0",",0","0",",0","0",",0","0","2,0","0","2,0","0","2,0","29","2,0","26","2,0","23.3","2,0,26,+","0",",,0,31,+","0",",,0,31,+","24.4",",,0,15,","37.2","2,0,30,","0.0","0","0.0","2,0","131.0",",,,0","0",",,,0","29.25","2,0","33.89","2,,,0","24.61","2,,,0"
"USC00081556","2007-09","25.81444","-81.36167","1.8","CHOKOLOSKEE, FL US","1806.8","0","275.3","2,0","18","2,0","14","2,0","3","2,0","0",",0","0",",0","0","2,0","0","2,0","0","2,0","28","2,0","20","2,0","21.7","2,0,27,+","0",",,0,30,+","0",",,0,30,+","52.1","2,,0,06,","36.1","2,0,07,","0.0","0","0.0","2,0","210.7",",a,,0","0",",,,0","28.16","2,0","32.96","2,,,0","23.36","2,,,0"
"USC00081556","2007-10","25.81444","-81.36167","1.8","CHOKOLOSKEE, FL US","2071.2","0","264.4","3,0","12","2,0","7","2,0","0","2,0","0",",0","0","1,0","0","2,0","0","2,0","0","2,0","29","2,0","16","2,0","19.4","2,0,25,","0",",,0,31,+","0","1,,0,31,+","24.6","2,,0,24,","35.0","2,0,12,+","0.0","0","0.0","2,0","86.2",",a,,0","0","1,,,0","27.75","3,0","32.68","2,,,0","22.81","2,,,0"
"USC00081556","2007-11","25.81444","-81.36167","1.8","CHOKOLOSKEE, FL US","2200.8","0","129.6","1,0","6",",0","2",",0","0",",0","0",",0","0",",0","0",",0","0",",0","0","1,0","29","1,0","0","1,0","10.0",",0,17,+","0",",,0,30,+","0",",,0,30,+","5.8",",,0,01,","31.7","1,0,02,","0.0","0","0.0","1,0","13.2",",,,0","0",",,,0","22.82","1,0","29.10","1,,,0","16.53",",,,0"
"USC00081556","2007-12","25.81444","-81.36167","1.8","CHOKOLOSKEE, FL US","2326.6","0","125.8","3,0","4","1,0","3","1,0","0","1,0","0",",0","0",",0","0","3,0","0","3,0","0","3,0","28","3,0","1","3,0","6.7","3,0,18,","0",",,0,31,+","0",",,0,31,+","4.8","1,,0,15,","32.2","3,0,09,","5.8","0","5.8","3,0","10.8","1,,,0","0",",,,0","22.62","3,0","28.79","3,,,0","16.44","3,,,0"
"USC00081556","2008-01","25.81444","-81.36167","1.8","CHOKOLOSKEE, FL US","65.0","","65.0","1,0","6",",0","3",",0","0",",0","0",",0","0",",0","0",",0","1",",0","0","1,0","27","1,0","0","1,0","0.0",",0,03,","0",",,0,31,+","0",",,0,31,+","10.2",",,0,20,","29.4","1,0,11,+","39.7","","33.9","1,0","18.3",",,,0","0",",,,0","19.25","1,0","25.33","1,,,0","13.17",",,,0"
"USC00081556","2008-02","25.81444","-81.36167","1.8","CHOKOLOSKEE, FL US","182.5","","117.5",",0","6",",0","3",",0","2",",0","0",",0","0",",0","0",",0","0",",0","0",",0","26",",0","0",",0","6.1",",0,28,","0",",,0,29,+","0",",,0,29,+","83.8",",,0,13,","30.0",",0,17,+","51.3","","11.6",",0","158.2",",,,0","0",",,,0","21.99",",0","27.24",",,,0","16.73",",,,0"
"USC00081556","2008-03","25.81444","-81.36167","1.8","CHOKOLOSKEE, FL US","293.4","","110.9","2,0","5",",0","3",",0","0",",0","0",",0","0",",0","0","2,0","0","2,0","0",",0","31",",0","0",",0","7.2","2,0,26,","0",",,0,31,+","0",",,0,31,+","11.4",",,0,12,+","30.6",",0,31,+","59.0","","7.7",",0","28.2",",,,0","0",",,,0","21.95","2,0","27.65",",,,0","16.25","2,,,0"
"USC00081556","2008-04","25.81444","-81.36167","1.8","CHOKOLOSKEE, FL US","","","","","2","4,0","1","4,0","1","4,0","0",",0","0",",0","","","","","","","","","","","","","0",",,0,30,+","0",",,0,30,+","61.0","4,,0,02,","","","","","","","95.1",",a,,0","0",",,,0","","","","","",""
