"STATION","DATE","LATITUDE","LONGITUDE","ELEVATION","NAME","CDSD","CDSD_ATTRIBUTES","CLDD","CLDD_ATTRIBUTES","DP01","DP01_ATTRIBUTES","DP10","DP10_ATTRIBUTES","DP1X","DP1X_ATTRIBUTES","DSND","DSND_ATTRIBUTES","DSNW","DSNW_ATTRIBUTES","DT00","DT00_ATTRIBUTES","DT32","DT32_ATTRIBUTES","DX32","DX32_ATTRIBUTES","DX70","DX70_ATTRIBUTES","DX90","DX90_ATTRIBUTES","EMNT","EMNT_ATTRIBUTES","EMSD","EMSD_ATTRIBUTES","EMSN","EMSN_ATTRIBUTES","EMXP","EMXP_ATTRIBUTES","EMXT","EMXT_ATTRIBUTES","HDSD","HDSD_ATTRIBUTES","HN01","HN01_ATTRIBUTES","HTDD","HTDD_ATTRIBUTES","HX01","HX01_ATTRIBUTES","LN01","LN01_ATTRIBUTES","LX01","LX01_ATTRIBUTES","MN01","MN01_ATTRIBUTES","MX01","MX01_ATTRIBUTES","PRCP","PRCP_ATTRIBUTES","SNOW","SNOW_ATTRIBUTES","TAVG","TAVG_ATTRIBUTES","TMAX","TMAX_ATTRIBUTES","TMIN","TMIN_ATTRIBUTES"
"USC00347507","2009-02","36.35583","-97.15306","292.9","RED ROCK 7 SSE MESONET, OK US","","","0.8",",0","3",",0","2",",0","0",",0","0",",0","0",",0","0",",0","16",",0","0",",0","5",",0","0",",0","-11.1",",0,04,","0",",,0,28,+","0",",,0,28,+","17.0",",,0,10,","24.4",",0,07,","","","  11.1",",,,0,3,2","312.7",",0","  15.0",",,,0,3,2","   0.6",",,,0,3,2","   4.4",",,,0,3,2","   4.6",",,,0,3,2","  10.1",",,,0,3,2","30.7",",,,0","0",",,,0","7.19",",0","14.65",",,,0","-0.26",",,,0"
"USC00347507","2009-03","36.35583","-97.15306","292.9","RED ROCK 7 SSE MESONET, OK US","","","12.0",",0","","","","","","","0",",0","0",",0","0",",0","11",",0","0",",0","12",",0","0",",0","-10.0",",0,01,","0",",,0,31,+","0",",,0,31,+","","","30.0",",0,05,","","","  15.6",",,,0,3,2","248.0",",0","  20.6",",,,0,3,2","   1.1",",,,0,3,2","   5.0",",,,0,3,2","   7.9",",,,0,3,2","  13.8",",,,0,3,2","","","0",",,,0","10.72",",0","17.76",",,,0","3.68",",,,0"
"USC00347507","2009-04","36.35583","-97.15306","292.9","RED ROCK 7 SSE MESONET, OK US","","","25.0",",0","10",",0","7",",0","3",",0","0",",0","0",",0","0",",0","5",",0","0",",0","16",",0","1",",0","-6.7",",0,07,","0",",,0,30,+","0",",,0,30,+","36.8",",,0,26,","32.2",",0,22,","","","  18.9",",,,0,3,2","152.4",",0","  22.8",",,,0,3,2","   2.8",",,,0,3,2","  10.0",",,,0,3,2","  10.7",",,,0,3,2","  17.2",",,,0,3,2","146.8",",,,0","0",",,,0","14.09",",0","21.19",",,,0","6.99",",,,0"
"USC00347507","2009-05","36.35583","-97.15306","292.9","RED ROCK 7 SSE MESONET, OK US","","","53.1",",0","14",",0","8",",0","0",",0","0",",0","0",",0","0",",0","0",",0","0",",0","21",",0","2",",0","6.7",",0,17,","0",",,0,31,+","0",",,0,31,+","24.9",",,0,13,","33.3",",0,30,","","","  22.2",",,,0,3,2","47.5",",0","  32.8",",,,0,3,2","  12.2",",,,0,3,2","  15.6",",,,0,3,2","  16.5",",,,0,3,2","  24.0",",,,0,3,2","76.9",",,,0","0",",,,0","18.51",",0","24.55",",,,0","12.47",",,,0"
"USC00347507","2009-06","36.35583","-97.15306","292.9","RED ROCK 7 SSE MESONET, OK US","","","239.7",",0","11",",0","6",",0","1",",0","0",",0","0",",0","0",",0","0",",0","0",",0","30",",0","19",",0","10.6",",0,04,","0",",,0,30,+","0",",,0,30,+","37.8",",,0,12,","38.9",",0,27,+","","","  29.4",",,,0,3,2","0.2",",0","  39.4",",,,0,3,2","  18.3",",,,0,3,2","  25.6",",,,0,3,2","  24.6",",,,0,3,2","  33.4",",,,0,3,2","57.6",",,,0","0",",,,0","26.32",",0","32.93",",,,0","19.70",",,,0"
"USC00347507","2009-07","36.35583","-97.15306","292.9","RED ROCK 7 SSE MESONET, OK US","","","239.4",",0","9",",0","8",",0","2",",0","0",",0","0",",0","0",",0","0",",0","0",",0","31",",0","16",",0","14.4",",0,31,","0",",,0,31,+","0",",,0,31,+","30.0",",,0,28,","41.1",",0,12,","0.0","0","  28.9",",,,0,3,2","0.0",",0","  37.8",",,,0,3,2","  20.6",",,,0,3,2","  27.8",",,,0,3,2","  24.7",",,,0,3,2","  32.8",",,,0,3,2","124.5",",,,0","0",",,,0","26.05",",0","32.77",",,,0","19.34",",,,0"
"USC00347507","2009-08","36.35583","-97.15306","292.9","RED ROCK 7 SSE MESONET, OK US","","","202.1",",0","12",",0","6",",0","4",",0","0",",0","0",",0","0",",0","0",",0","0",",0","31",",0","10",",0","10.6",",0,31,","0",",,0,31,+","0",",,0,31,+","75.9",",,0,18,","37.2",",0,04,+","1.1","0","  27.2",",,,0,3,2","1.1",",0","  36.1",",,,0,3,2","  20.0",",,,0,3,2","  27.8",",,,0,3,2","  23.3",",,,0,3,2","  31.8",",,,0,3,2","227.0",",,,0","0",",,,0","24.82",",0","30.82",",,,0","18.81",",,,0"
"USC00347507","2009-09","36.35583","-97.15306","292.9","RED ROCK 7 SSE MESONET, OK US","","","94.5",",0","12",",0","5",",0","0",",0","0",",0","0",",0","0",",0","0",",0","0",",0","29",",0","3",",0","5.6",",0,29,","0",",,0,30,+","0",",,0,30,+","10.2",",,0,10,","35.6",",0,27,","18.8","0","  23.9",",,,0,3,2","17.7",",0","  31.7",",,,0,3,2","  15.0",",,,0,3,2","  21.1",",,,0,3,2","  20.0",",,,0,3,2","  26.9",",,,0,3,2","34.2",",,,0","0",",,,0","20.89",",0","26.58",",,,0","15.20",",,,0"
"USC00347507","2009-10","36.35583","-97.15306","292.9","RED ROCK 7 SSE MESONET, OK US","","","3.3",",0","15",",0","6",",0","2",",0","0",",0","0",",0","0",",0","0",",0","0",",0","9",",0","0",",0","1.1",",0,27,+","0",",,0,31,+","0",",,0,31,+","92.5",",,0,08,","26.7",",0,20,","220.7","0","  19.4",",,,0,3,2","201.9",",0","  27.2",",,,0,3,2","   6.7",",,,0,3,2","  11.7",",,,0,3,2","  11.6",",,,0,3,2","  16.9",",,,0,3,2","160.5",",,,0","0",",,,0","11.93",",0","17.60",",,,0","6.26",",,,0"
"USC00347507","2009-11","36.35583","-97.15306","292.9","RED ROCK 7 SSE MESONET, OK US","","","5.6",",0","8",",0","2",",0","0",",0","0",",0","0",",0","0",",0","4",",0","0",",0","12",",0","0",",0","-3.9",",0,26,","0",",,0,30,+","0",",,0,30,+","15.2",",,0,15,","27.2",",0,07,","422.0","0","  13.9",",,,0,3,2","201.3",",0","  19.4",",,,0,3,2","   3.3",",,,0,3,2","   8.3",",,,0,3,2","   8.6",",,,0,3,2","  13.7",",,,0,3,2","29.6",",,,0","0",",,,0","11.81",",0","18.29",",,,0","5.33",",,,0"
"USC00347507","2009-12","36.35583","-97.15306","292.9","RED ROCK 7 SSE MESONET, OK US","","","0.0",",0","","","","","","","","","0","4,0","0",",0","27",",0","4",",0","0",",0","0",",0","-14.4",",0,10,","","","0","4,,0,31,+","","","20.0",",0,13,","980.4","0","   6.1",",,,0,3,2","558.4",",0","   8.3",",,,0,3,2","  -0.6",",,,0,3,2","   0.0",",,,0,3,2","   1.5",",,,0,3,2","   3.8",",,,0,3,2","","","0","4,,,0","0.32",",0","6.61",",,,0","-5.97",",,,0"
"USC00347507","2010-01","36.35583","-97.15306","292.9","RED ROCK 7 SSE MESONET, OK US","0.0","0","0.0",",0","6",",0","1",",0","0",",0","0",",0","0",",0","0",",0","21",",0","10",",0","0",",0","0",",0","-17.2",",0,09,","0",",,0,31,+","0",",,0,31,+","16.0",",,0,20,","19.4",",0,22,","1539.4","0","   7.2",",,,0,3,2","559.0",",0","  10.0",",,,0,3,2","  -5.0",",,,0,3,2","  -1.1",",,,0,3,2","   1.0",",,,0,3,2","   3.2",",,,0,3,2","17.7",",,,0","0",",,,0","0.30",",0","5.34",",,,0","-4.74",",,,0"
"USC00347507","2010-02","36.35583","-97.15306","292.9","RED ROCK 7 SSE MESONET, OK US","0.0","0","0.0",",0","","","","","","","0",",0","0",",0","0",",0","26",",0","2",",0","0",",0","0",",0","-9.4",",0,10,","0",",,0,28,+","0",",,0,28,+","","","17.8",",0,18,","2018.4","0","   3.9",",,,0,3,2","479.0",",0","  10.0",",,,0,3,2","   0.6",",,,0,3,2","   0.6",",,,0,3,2","   1.6",",,,0,3,2","   4.4",",,,0,3,2","66.7",",a,,0","0",",,,0","1.23",",0","6.00",",,,0","-3.55",",,,0"
"USC00347507","2010-03","36.35583","-97.15306","292.9","RED ROCK 7 SSE MESONET, OK US","6.4","0","6.4",",0","3","4,0","3","4,0","1","4,0","0",",0","0",",0","0",",0","10",",0","1",",0","6",",0","0",",0","-4.4",",0,03,","0",",,0,31,+","0",",,0,31,+","30.2","4,,0,08,","31.7",",0,31,","2312.0","0","  10.6",",,,0,3,2","293.6",",0","  17.8",",,,0,3,2","   1.1",",,,0,3,2","   4.4",",,,0,3,2","   5.5",",,,0,3,2","  11.4",",,,0,3,2","46.9",",a,,0","0",",,,0","9.07",",0","15.61",",,,0","2.53",",,,0"
"USC00347507","2010-04","36.35583","-97.15306","292.9","RED ROCK 7 SSE MESONET, OK US","","","","","11",",0","8",",0","0",",0","","","0","2,0","","","","","","","","","","","","","","","0","2,,0,30,+","20.1",",,0,04,","","","","","  16.7",",,,0,3,2","","","  22.8",",,,0,3,2","   6.1",",,,0,3,2","  13.9",",,,0,3,2","  12.4",",,,0,3,2","  18.6",",,,0,3,2","93.1",",,,0","0","2,,,0","","","","","",""
"USC00347507","2010-05","36.35583","-97.15306","292.9","RED ROCK 7 SSE MESONET, OK US","","","69.8",",0","12",",0","4",",0","2",",0","0",",0","0",",0","0",",0","0",",0","0",",0","24",",0","1",",0","4.4",",0,08,","0",",,0,31,+","0",",,0,31,+","45.7",",,0,19,","32.2",",0,30,","","","  23.3",",,,0,3,2","39.1",",0","  34.4",",,,0,3,2","  12.8",",,,0,3,2","  17.2",",,,0,3,2","  17.1",",,,0,3,2","  24.5",",,,0,3,2","102.5",",,,0","0",",,,0","19.32",",0","25.54",",,,0","13.11",",,,0"
"USC00347507","2010-06","36.35583","-97.15306","292.9","RED ROCK 7 SSE MESONET, OK US","","","248.9",",0","9",",0","5",",0","1",",0","0",",0","0",",0","0",",0","0",",0","0",",0","30",",0","16",",0","17.8",",0,29,+","0",",,0,30,+","0",",,0,30,+","42.7",",,0,14,","35.6",",0,23,","","","  27.8",",,,0,3,2","0.0",",0","  37.8",",,,0,3,2","  21.7",",,,0,3,2","  26.7",",,,0,3,2","  24.4",",,,0,3,2","  32.4",",,,0,3,2","85.3",",,,0","0",",,,0","26.63",",0","31.87",",,,0","21.39",",,,0"
"USC00347507","2010-07","36.35583","-97.15306","292.9","RED ROCK 7 SSE MESONET, OK US","","","293.0",",0","9",",0","7",",0","1",",0","0",",0","0",",0","0",",0","0",",0","0",",0","31",",0","19",",0","17.8",",0,01,","0",",,0,31,+","0",",,0,31,+","26.2",",,0,24,","37.2",",0,24,+","0.0","0","  29.4",",,,0,3,2","0.0",",0","  39.4",",,,0,3,2","  22.8",",,,0,3,2","  26.1",",,,0,3,2","  26.3",",,,0,3,2","  34.3",",,,0,3,2","101.4",",,,0","0",",,,0","27.79",",0","33.25",",,,0","22.32",",,,0"
"USC00347507","2010-08","36.35583","-97.15306","292.9","RED ROCK 7 SSE MESONET, OK US","","","301.0",",0","6",",0","4",",0","1",",0","0",",0","0",",0","0",",0","0",",0","0",",0","31",",0","25",",0","10.6",",0,27,+","0",",,0,31,+","0",",,0,31,+","32.3",",,0,17,","41.1",",0,13,","0.0","0","  30.6",",,,0,3,2","0.0",",0","  40.0",",,,0,3,2","  21.7",",,,0,3,2","  30.6",",,,0,3,2","  26.8",",,,0,3,2","  36.1",",,,0,3,2","48.0",",,,0","0",",,,0","28.04",",0","35.33",",,,0","20.75",",,,0"
"USC00347507","2010-09","36.35583","-97.15306","292.9","RED ROCK 7 SSE MESONET, OK US","","","","","7",",0","4",",0","0",",0","0","5,0","0","1,0","","","","","","","","","","","","","0","5,,0,30,+","0","1,,0,30,+","22.1",",,0,08,","","","","","  26.1",",,,0,3,2","","","  35.0",",,,0,3,2","  15.6",",,,0,3,2","  25.6",",,,0,3,2","  22.1",",,,0,3,2","  29.9",",,,0,3,2","47.0",",,,0","0","1,,,0","","","","","",""
"USC00347507","2010-10","36.35583","-97.15306","292.9","RED ROCK 7 SSE MESONET, OK US","","","18.0",",0","5",",0","4",",0","0",",0","0",",0","0",",0","0",",0","0",",0","0",",0","28",",0","2",",0","0.6",",0,29,","0",",,0,31,+","0",",,0,31,+","14.2",",,0,10,","32.2",",0,08,+","","","  18.3",",,,0,3,2","67.9",",0","  27.2",",,,0,3,2","   8.3",",,,0,3,2","  17.2",",,,0,3,2","  14.4",",,,0,3,2","  22.3",",,,0,3,2","47.8",",,,0","0",",,,0","16.72",",0","25.36",",,,0","8.08",",,,0"
"USC00347507","2010-11","36.35583","-97.15306","292.9","RED ROCK 7 SSE MESONET, OK US","","","0.0",",0","5",",0","3",",0","0",",0","0",",0","0",",0","0",",0","12",",0","0",",0","7",",0","0",",0","-7.2",",0,26,","0",",,0,30,+","0",",,0,30,+","20.8",",,0,11,","25.0",",0,21,+","","","  13.3",",,,0,3,2","275.9",",0","  18.3",",,,0,3,2","   1.7",",,,0,3,2","   7.8",",,,0,3,2","   7.2",",,,0,3,2","  13.4",",,,0,3,2","51.9",",,,0","0",",,,0","9.14",",0","16.82",",,,0","1.45",",,,0"
"USC00347507","2010-12","36.35583","-97.15306","292.9","RED ROCK 7 SSE MESONET, OK US","","","0.0",",0","1","3,0","0","3,0","0","3,0","0",",0","0",",0","0",",0","26",",0","0",",0","2",",0","0",",0","-10.0",",0,13,","0",",,0,31,+","0",",,0,31,+","0.5","3,,0,31,","21.7",",0,30,","","","   8.3",",,,0,3,2","475.1",",0","  12.2",",,,0,3,2","   0.6",",,,0,3,2","   2.8",",,,0,3,2","   2.7",",,,0,3,2","   6.9",",,,0,3,2","8.9",",a,,0","0",",,,0","3.01",",0","9.65",",,,0","-3.64",",,,0"
"USC00347507","2011-01","36.35583","-97.15306","292.9","RED ROCK 7 SSE MESONET, OK US","0.0","K","0.0",",K","","","","","","","","","","","0",",K","31",",K","4",",K","2",",K","0",",K","-16.1",",K,13,","","","","","","","24.4",",K,29,+","","","   3.9",",,,K,3,2","566.2",",K","  10.6",",,,K,3,2","  -1.1",",,,K,3,2","  -0.6",",,,K,3,2","   0.8",",,,K,3,2","   4.1",",,,K,3,2","5.3","1,a,,K","","","0.07",",K","7.55",",,,K","-7.41",",,,K"
"USC00347507","2011-02","36.35583","-97.15306","292.9","RED ROCK 7 SSE MESONET, OK US","4.7","K","4.7",",K","","","","","","","","","","","4",",K","20",",K","7",",K","9",",K","0",",K","-30.6",",K,10,","","","","","","","27.2",",K,17,","","","  13.3",",,,K,3,2","429.8",",K","  17.2",",,,K,3,2","  -3.9",",,,K,3,2","  -0.6",",,,K,3,2","   3.0",",,,K,3,2","   7.8",",,,K,3,2","","","","","3.15",",K","10.88",",,,K","-4.57",",,,K"
"USC00347507","2011-03","36.35583","-97.15306","292.9","RED ROCK 7 SSE MESONET, OK US","19.2","K","14.5",",K","3",",K","1",",K","1",",K","","","","","0",",K","9",",K","0",",K","11",",K","0",",K","-6.7",",K,06,","","","","","31.2",",,K,08,","30.6",",K,17,","","","  15.6",",,,K,3,2","259.0",",K","  22.2",",,,K,3,2","   2.2",",,,K,3,2","   7.8",",,,K,3,2","   7.5",",,,K,3,2","  14.0",",,,K,3,2","32.3",",,,K","","","10.44",",K","17.25",",,,K","3.64",",,,K"
"USC00347507","2011-04","36.35583","-97.15306","292.9","RED ROCK 7 SSE MESONET, OK US","60.6","K","41.4",",K","7",",K","4",",K","0",",K","","","","","0",",K","2",",K","0",",K","22",",K","4",",K","-2.2",",K,05,","","","","","10.2",",,K,24,","32.8",",K,18,+","","","  21.1",",,,K,3,2","96.1",",K","  27.8",",,,K,3,2","   8.3",",,,K,3,2","  13.9",",,,K,3,2","  14.3",",,,K,3,2","  22.8",",,,K,3,2","28.7",",,,K","","","16.51",",K","24.39",",,,K","8.63",",,,K"
"USC00347507","2011-05","36.35583","-97.15306","292.9","RED ROCK 7 SSE MESONET, OK US","165.5","K","104.9",",K","10",",K","5",",K","1",",K","","","","","0",",K","0",",K","0",",K","27",",K","4",",K","1.7",",K,03,+","","","","","32.3",",,K,11,","34.4",",K,08,","","","  23.3",",,,K,3,2","55.5",",K","  33.9",",,,K,3,2","   8.3",",,,K,3,2","  16.7",",,,K,3,2","  16.7",",,,K,3,2","  25.2",",,,K,3,2","80.5",",,,K","","","19.93",",K","26.48",",,,K","13.37",",,,K"
"USC00347507","2011-06","36.35583","-97.15306","292.9","RED ROCK 7 SSE MESONET, OK US","465.6","K","300.1",",K","5",",K","4",",K","1",",K","","","","","0",",K","0",",K","0",",K","30",",K","30",",K","15.6",",K,22,","","","","","28.7",",,K,12,","40.0",",K,30,","","","  29.4",",,,K,3,2","0.0",",K","  38.9",",,,K,3,2","  22.2",",,,K,3,2","  28.3",",,,K,3,2","  25.0",",,,K,3,2","  34.3",",,,K,3,2","65.5",",,,K","","","28.34",",K","35.97",",,,K","20.71",",,,K"
"USC00347507","2011-07","36.35583","-97.15306","292.9","RED ROCK 7 SSE MESONET, OK US","898.0","K","432.4",",K","3",",K","1",",K","0",",K","","","","","0",",K","0",",K","0",",K","31",",K","31",",K","20.0",",K,04,","","","","","3.8",",,K,25,","43.9",",K,09,","0.0","K","","","0.0",",K","","","","","","","","","","","6.1",",,,K","","","32.28",",K","40.36",",,,K","24.21",",,,K"
"USC00347507","2011-08","36.35583","-97.15306","292.9","RED ROCK 7 SSE MESONET, OK US","1261.9","K","363.9","2,K","9","1,K","4","1,K","0","1,K","","","","","0","2,K","0","2,K","0","2,K","29","2,K","28","2,K","14.4","2,K,26,","","","","","20.8","1,,K,08,","45.0","2,K,02,","0.0","K","  31.7","2,,,K,3,2","0.0","2,K","  38.9","2,,,K,3,2","  23.9","2,,,K,3,2","  31.7","2,,,K,3,2","  27.7","2,,,K,3,2","  36.3","2,,,K,3,2","52.4","1,,,K","","","30.88","2,K","39.17","2,,,K","22.60","2,,,K"
"USC00347507","2011-09","36.35583","-97.15306","292.9","RED ROCK 7 SSE MESONET, OK US","1351.6","K","89.7",",K","8",",K","4",",K","0",",K","","","","","0",",K","0",",K","0",",K","28",",K","7",",K","6.1",",K,30,","","","","","23.4",",,K,17,","40.6",",K,01,","21.3","K","  28.3",",,,K,3,2","21.3",",K","  37.2",",,,K,3,2","  15.6",",,,K,3,2","  18.9",",,,K,3,2","  19.9",",,,K,3,2","  28.4",",,,K,3,2","53.5",",,,K","","","20.61",",K","28.78",",,,K","12.44",",,,K"
"USC00347507","2011-10","36.35583","-97.15306","292.9","RED ROCK 7 SSE MESONET, OK US","1382.7","K","31.1","1,K","8",",K","3",",K","1",",K","","","","","0","1,K","3","1,K","0","1,K","21","1,K","0","1,K","-2.2","1,K,20,","","","","","28.2",",,K,09,","31.1","1,K,04,+","120.2","K","  21.1","1,,,K,3,2","98.9","1,K","  26.7","1,,,K,3,2","   8.3","1,,,K,3,2","  15.6","1,,,K,3,2","  14.3","1,,,K,3,2","  21.8","1,,,K,3,2","43.8",",,,K","","","16.07","1,K","24.18","1,,,K","7.97","1,,,K"
"USC00347507","2011-11","36.35583","-97.15306","292.9","RED ROCK 7 SSE MESONET, OK US","1383.5","K","0.8",",K","6","2,K","4","2,K","1","2,K","","","","","0",",K","11",",K","0",",K","8",",K","0",",K","-7.2",",K,28,","","","","","47.8","2,,K,07,","25.0",",K,01,","396.8","K","  13.9",",,,K,3,2","276.6",",K","  20.0",",,,K,3,2","   1.7",",,,K,3,2","   7.2",",,,K,3,2","   7.3",",,,K,3,2","  13.0",",,,K,3,2","80.9",",a,,K","","","9.14",",K","16.05",",,,K","2.23",",,,K"
"USC00347507","2011-12","36.35583","-97.15306","292.9","RED ROCK 7 SSE MESONET, OK US","1383.5","K","0.0",",K","","","","","","","","","","","0",",K","22",",K","1",",K","1",",K","0",",K","-10.0",",K,07,","","","","","","","21.1",",K,31,","837.0","K","   8.9",",,,K,3,2","440.2",",K","  13.9",",,,K,3,2","   0.6",",,,K,3,2","   2.2",",,,K,3,2","   3.0",",,,K,3,2","   6.9",",,,K,3,2","59.6",",a,,K","","","4.13",",K","10.08",",,,K","-1.81",",,,K"
"USC00347507","2012-01","36.35583","-97.15306","292.9","RED ROCK 7 SSE MESONET, OK US","0.0","7","0.0","1,K","0","3,K","0","3,K","0","3,K","","","","","0",",K","24",",K","0","1,K","1","1,K","0","1,K","-10.6",",K,18,","","","","","0.0","3,,K,31,+","21.1","1,K,16,","1224.8","7","   8.3",",,,K,3,2","387.8","1,K","  13.3",",,,K,3,2","   0.0",",,,K,3,2","   0.6",",,,K,3,2","   2.3",",,,K,3,2","   7.7",",,,K,3,2","15.7",",a,,K","","","5.32","1,K","13.42","1,,,K","-2.78",",,,K"
"USC00347507","2012-02","36.35583","-97.15306","292.9","RED ROCK 7 SSE MESONET, OK US","0.0","7","0.0",",K","","","","","","","","","","","0",",K","19",",K","2",",K","1",",K","0",",K","-10.6",",K,12,","","","","","","","22.8",",K,22,","1592.7","7","   9.4",",,,K,3,2","367.9",",K","  13.9",",,,K,3,2","   0.6",",,,K,3,2","   0.6",",,,K,3,2","   3.6",",,,K,3,2","   8.9",",,,K,3,2","","","","","5.65",",K","12.07",",,,K","-0.77",",,,K"
"USC00347507","2012-03","36.35583","-97.15306","292.9","RED ROCK 7 SSE MESONET, OK US","31.0","7","31.0","1,K","5","2,K","4","2,K","1","2,K","","","","","0",",K","6",",K","0","1,K","21","1,K","0","1,K","-2.2",",K,03,","","","","","33.0","2,,K,19,","29.4","1,K,31,","1696.6","7","  16.7",",,,K,3,2","103.9","1,K","  25.6",",,,K,3,2","   3.3",",,,K,3,2","  11.1",",,,K,3,2","  10.9",",,,K,3,2","  17.8",",,,K,3,2","80.7",",a,,K","","","15.76","1,K","22.79","1,,,K","8.72",",,,K"
"USC00347507","2012-04","36.35583","-97.15306","292.9","RED ROCK 7 SSE MESONET, OK US","75.2","7","44.2",",K","9",",K","9",",K","0",",K","","","","","0",",K","0",",K","0",",K","20",",K","1",",K","2.2",",K,23,","","","","","24.6",",,K,30,","33.3",",K,01,","1765.2","7","  21.1",",,,K,3,2","68.6",",K","  30.0",",,,K,3,2","  10.6",",,,K,3,2","  17.2",",,,K,3,2","  15.3",",,,K,3,2","  23.3",",,,K,3,2","96.7",",,,K","","","17.52",",K","23.89",",,,K","11.15",",,,K"
"USC00347507","2012-05","36.35583","-97.15306","292.9","RED ROCK 7 SSE MESONET, OK US","209.9","7","134.7",",K","4",",K","1",",K","0",",K","","","","","0",",K","0",",K","0",",K","30",",K","7",",K","8.3",",K,09,","","","","","11.2",",,K,30,","35.6",",K,28,","1772.8","7","  25.6",",,,K,3,2","7.6",",K","  36.7",",,,K,3,2","  15.6",",,,K,3,2","  22.8",",,,K,3,2","  20.8",",,,K,3,2","  30.1",",,,K,3,2","15.7",",,,K","","","22.43",",K","29.03",",,,K","15.84",",,,K"
"USC00347507","2012-06","36.35583","-97.15306","292.9","RED ROCK 7 SSE MESONET, OK US","445.1","7","235.2",",K","5",",K","4",",K","1",",K","","","","","0",",K","0",",K","0",",K","29",",K","18",",K","8.3",",K,01,","","","","","26.2",",,K,15,","41.1",",K,26,","1778.1","7","  29.4",",,,K,3,2","5.3",",K","  40.0",",,,K,3,2","  16.1",",,,K,3,2","  22.2",",,,K,3,2","  24.3",",,,K,3,2","  34.1",",,,K,3,2","44.3",",,,K","","","26.00",",K","33.15",",,,K","18.85",",,,K"
"USC00347507","2012-07","36.35583","-97.15306","292.9","RED ROCK 7 SSE MESONET, OK US","837.2","7","392.1",",K","3",",K","1",",K","0",",K","","","","","0",",K","0",",K","0",",K","31",",K","31",",K","18.9",",K,21,+","","","","","4.1",",,K,19,","43.3",",K,31,+","0.0","7","  31.7",",,,K,3,2","0.0",",K","  40.6",",,,K,3,2","  27.2",",,,K,3,2","  36.1",",,,K,3,2","  29.5",",,,K,3,2","  38.8",",,,K,3,2","4.9",",,,K","","","30.98",",K","39.02",",,,K","22.95",",,,K"
"USC00347507","2012-08","36.35583","-97.15306","292.9","RED ROCK 7 SSE MESONET, OK US","1122.3","7","285.1",",K","7",",K","3",",K","0",",K","","","","","0",",K","0",",K","0",",K","31",",K","25",",K","11.7",",K,20,","","","","","16.8",",,K,25,","45.0",",K,01,","0.0","7","  32.8",",,,K,3,2","0.0",",K","  41.7",",,,K,3,2","  21.7",",,,K,3,2","  27.8",",,,K,3,2","  26.4",",,,K,3,2","  34.8",",,,K,3,2","30.4",",,,K","","","27.53",",K","35.56",",,,K","19.50",",,,K"
"USC00347507","2012-09","36.35583","-97.15306","292.9","RED ROCK 7 SSE MESONET, OK US","1285.1","7","162.8",",K","7",",K","4",",K","0",",K","","","","","0",",K","0",",K","0",",K","28",",K","14",",K","10.0",",K,18,+","","","","","10.2",",,K,27,+","41.7",",K,03,","4.9","7","  28.9",",,,K,3,2","4.9",",K","  37.2",",,,K,3,2","  17.8",",,,K,3,2","  20.6",",,,K,3,2","  21.9",",,,K,3,2","  29.7",",,,K,3,2","32.9",",,,K","","","23.60",",K","31.08",",,,K","16.11",",,,K"
"USC00347507","2012-10","36.35583","-97.15306","292.9","RED ROCK 7 SSE MESONET, OK US","1324.6","7","39.5",",7","4",",7","1",",7","0",",7","","","","","0",",7","6",",7","0",",7","22",",7","1",",7","-5.0",",7,27,","","","","","8.4",",,7,13,","32.8",",7,21,","135.4","7","  20.6",",,,7,3,2","130.5",",7","  26.1",",,,7,3,2","   7.8",",,,7,3,2","  15.0",",,,7,3,2","  14.4",",,,7,3,2","  21.6",",,,7,3,2","11.3",",,,7","","","15.40",",7","23.14",",,,7","7.65",",,,7"
"USC00347507","2012-11","36.35583","-97.15306","292.9","RED ROCK 7 SSE MESONET, OK US","1334.6","7","10.0",",7","2",",7","1",",7","0",",7","","","","","0",",7","13",",7","0",",7","13",",7","0",",7","-6.1",",7,27,+","","","","","10.9",",,7,11,","31.1",",7,02,","355.3","7","  18.3",",,,7,3,2","219.9",",7","  22.2",",,,7,3,2","   4.4",",,,7,3,2","  11.7",",,,7,3,2","   9.6",",,,7,3,2","  16.7",",,,7,3,2","11.7",",,,7","","","11.34",",7","19.82",",,,7","2.85",",,,7"
"USC00347507","2012-12","36.35583","-97.15306","292.9","RED ROCK 7 SSE MESONET, OK US","1335.5","7","0.9",",7","3",",7","1",",7","0",",7","","","","","0",",7","18",",7","2",",7","3",",7","0",",7","-13.3",",7,29,+","","","","","8.4",",,7,31,","25.6",",7,03,","770.8","7","  14.4",",,,7,3,2","415.5",",7","  19.4",",,,7,3,2","  -0.6",",,,7,3,2","   2.8",",,,7,3,2","   5.5",",,,7,3,2","  10.4",",,,7,3,2","10.2",",,,7","","","4.96",",7","12.11",",,,7","-2.20",",,,7"
"USC00347507","2013-01","36.35583","-97.15306","292.9","RED ROCK 7 SSE MESONET, OK US","1.4","7","1.4",",7","4",",7","2",",7","1",",7","","","","","0",",7","25",",7","1",",7","2",",7","0",",7","-10.6",",7,14,","","","","","34.3",",,7,29,","24.4",",7,28,","1221.0","7","  11.1",",,,7,3,2","450.2",",7","  15.6",",,,7,3,2","  -0.6",",,,7,3,2","   2.2",",,,7,3,2","   2.8",",,,7,3,2","   7.8",",,,7,3,2","38.1",",,,7","","","3.85",",7","11.13",",,,7","-3.42",",,,7"
"USC00347507","2013-02","36.35583","-97.15306","292.9","RED ROCK 7 SSE MESONET, OK US","1.4","7","0.0",",7","","","","","","","","","","","0",",7","24",",7","1",",7","1",",7","0",",7","-10.0",",7,01,","","","","","","","22.8",",7,17,","1626.6","7","   7.8",",,,7,3,2","405.6",",7","  12.8",",,,7,3,2","   1.1",",,,7,3,2","   1.7",",,,7,3,2","   3.3",",,,7,3,2","   8.7",",,,7,3,2","","","","","3.85",",7","10.68",",,,7","-2.98",",,,7"
"USC00347507","2013-03","36.35583","-97.15306","292.9","RED ROCK 7 SSE MESONET, OK US","2.0","7","0.6",",7","8",",7","3",",7","0",",7","","","","","0",",7","15",",7","0",",7","8",",7","0",",7","-8.3",",7,06,","","","","","6.1",",,7,09,","27.8",",7,15,","1945.9","7","  13.3",",,,7,3,2","319.3",",7","  21.7",",,,7,3,2","   1.1",",,,7,3,2","   3.9",",,,7,3,2","   5.8",",,,7,3,2","  13.5",",,,7,3,2","15.6",",,,7","","","8.05",",7","14.99",",,,7","1.11",",,,7"
"USC00347507","2013-04","36.35583","-97.15306","292.9","RED ROCK 7 SSE MESONET, OK US","16.5","7","14.5",",7","12",",7","8",",7","2",",7","","","","","0",",7","4",",7","0",",7","13",",7","0",",7","-3.3",",7,24,","","","","","31.5",",,7,10,","31.1",",7,29,","2150.2","7","","","204.3",",7","","","","","","","","","","","121.3",",,,7","","","12.01",",7","18.16",",,,7","5.85",",,,7"
"USC00347507","2013-05","36.35583","-97.15306","292.9","RED ROCK 7 SSE MESONET, OK US","87.4","7","70.9",",7","14",",7","9",",7","2",",7","","","","","0",",7","0",",7","0",",7","25",",7","0",",7","0.6",",7,03,","","","","","80.5",",,7,29,","31.7",",7,18,+","2210.5","7","","","60.3",",7","","","","","","","","","","","214.1",",,,7","","","18.67",",7","24.57",",,,7","12.77",",,,7"
"USC00347507","2013-06","36.35583","-97.15306","292.9","RED ROCK 7 SSE MESONET, OK US","294.0","7","206.6",",7","9",",7","6",",7","1",",7","","","","","0",",7","0",",7","0",",7","30",",7","16",",7","11.1",",7,03,","","","","","26.4",",,7,16,","37.8",",7,27,","2211.6","7","  27.2",",,,7,3,2","1.1",",7","  38.3",",,,7,3,2","  16.1",",,,7,3,2","  25.0",",,,7,3,2","  22.3",",,,7,3,2","  31.3",",,,7,3,2","88.2",",,,7","","","25.19",",7","31.13",",,,7","19.24",",,,7"
"USC00347507","2013-07","36.35583","-97.15306","292.9","RED ROCK 7 SSE MESONET, OK US","540.5","7","246.5",",7","10",",7","7",",7","2",",7","","","","","0",",7","0",",7","0",",7","31",",7","17",",7","11.7",",7,03,","","","","","34.5",",,7,29,","37.8",",7,09,","0.0","7","  28.9",",,,7,3,2","0.0",",7","  37.2",",,,7,3,2","  21.7",",,,7,3,2","  24.4",",,,7,3,2","  24.4",",,,7,3,2","  32.5",",,,7,3,2","115.3",",,,7","","","26.28",",7","32.51",",,,7","20.06",",,,7"
"USC00347507","2013-08","36.35583","-97.15306","292.9","RED ROCK 7 SSE MESONET, OK US","785.3","7","244.8",",7","12",",7","5",",7","0",",7","","","","","0",",7","0",",7","0",",7","31",",7","18",",7","15.6",",7,18,+","","","","","21.6",",,7,15,","38.9",",7,31,","0.0","7","  27.2",",,,7,3,2","0.0",",7","  37.8",",,,7,3,2","  20.6",",,,7,3,2","  28.9",",,,7,3,2","  24.3",",,,7,3,2","  33.1",",,,7,3,2","70.5",",,,7","","","26.23",",7","32.42",",,,7","20.04",",,,7"
"USC00347507","2013-09","36.35583","-97.15306","292.9","RED ROCK 7 SSE MESONET, OK US","948.5","7","163.2",",7","5",",7","3",",7","2",",7","","","","","0",",7","0",",7","0",",7","30",",7","14",",7","7.8",",7,29,","","","","","33.5",",,7,28,","37.8",",7,07,","4.5","7","  27.8",",,,7,3,2","4.5",",7","  35.6",",,,7,3,2","  14.4",",,,7,3,2","  23.3",",,,7,3,2","  22.2",",,,7,3,2","  30.3",",,,7,3,2","71.7",",,,7","","","23.63",",7","30.93",",,,7","16.32",",,,7"
"USC00347507","2013-10","36.35583","-97.15306","292.9","RED ROCK 7 SSE MESONET, OK US","983.3","7","34.8",",7","9","2,7","3","2,7","0","2,7","","","","","0",",7","4",",7","0",",7","16",",7","0",",7","-1.1",",7,19,","","","","","17.5","2,,7,04,","31.7",",7,03,","136.2","7","  22.8",",,,7,3,2","131.7",",7","  28.9",",,,7,3,2","   5.6",",,,7,3,2","  12.8",",,,7,3,2","  13.1",",,,7,3,2","  20.4",",,,7,3,2","42.2",",a,,7","","","15.20",",7","21.90",",,,7","8.51",",,,7"
"USC00347507","2013-11","36.35583","-97.15306","292.9","RED ROCK 7 SSE MESONET, OK US","984.7","7","1.4",",7","4",",7","2",",7","0",",7","","","","","0",",7","14",",7","2",",7","2",",7","0",",7","-10.6",",7,27,","","","","","20.3",",,7,05,","25.6",",7,16,","457.3","7","  13.9",",,,7,3,2","321.1",",7","  18.9",",,,7,3,2","   0.6",",,,7,3,2","   3.9",",,,7,3,2","   6.5",",,,7,3,2","  12.4",",,,7,3,2","25.1",",,,7","","","7.68",",7","14.24",",,,7","1.12",",,,7"
"USC00347507","2013-12","36.35583","-97.15306","292.9","RED ROCK 7 SSE MESONET, OK US","984.7","7","0.0",",7","","","","","","","","","","","0",",7","26",",7","8",",7","1",",7","0",",7","-17.2",",7,10,","","","","","","","21.7",",7,18,","991.5","7","   8.3",",,,7,3,2","534.2",",7","  13.3",",,,7,3,2","   0.0",",,,7,3,2","   1.1",",,,7,3,2","   2.2",",,,7,3,2","   5.5",",,,7,3,2","","","","","1.10",",7","7.84",",,,7","-5.64",",,,7"
"USC00347507","2014-01","36.35583","-97.15306","292.9","RED ROCK 7 SSE MESONET, OK US","0.0","7","0.0",",7","","","","","","","","","","","1",",7","25",",7","4",",7","1",",7","0",",7","-21.7",",7,06,","","","","","","","22.2",",7,12,","1519.8","7","   3.3",",,,7,3,2","528.3",",7","  10.0",",,,7,3,2","  -1.7",",,,7,3,2","   0.0",",,,7,3,2","   1.2",",,,7,3,2","   5.2",",,,7,3,2","","","","","1.29",",7","8.95",",,,7","-6.37",",,,7"
"USC00347507","2014-02","36.35583","-97.15306","292.9","RED ROCK 7 SSE MESONET, OK US","0.0","7","0.0",",7","","","","","","","","","","","0",",7","23",",7","7",",7","1",",7","0",",7","-13.9",",7,06,+","","","","","","","23.9",",7,18,","1998.3","7","   7.2",",,,7,3,2","478.5",",7","  12.8",",,,7,3,2","  -0.6",",,,7,3,2","   0.0",",,,7,3,2","   2.2",",,,7,3,2","   6.6",",,,7,3,2","","","","","1.24",",7","8.12",",,,7","-5.64",",,,7"
"USC00347507","2014-03","36.35583","-97.15306","292.9","RED ROCK 7 SSE MESONET, OK US","1.1","7","1.1",",7","4","5,7","2","5,7","0","5,7","","","","","1",",7","15",",7","2",",7","10",",7","0",",7","-18.9",",7,03,","","","","","16.5","5,,7,15,","28.3",",7,31,","2342.3","7","  13.3",",,,7,3,2","344.0",",7","  21.1",",,,7,3,2","  -0.6",",,,7,3,2","  -0.6",",,,7,3,2","   5.0",",,,7,3,2","  11.6",",,,7,3,2","31.7",",a,,7","","","7.27",",7","15.17",",,,7","-0.63",",,,7"
"USC00347507","2014-04","36.35583","-97.15306","292.9","RED ROCK 7 SSE MESONET, OK US","19.6","7","18.5",",7","6",",7","4",",7","0",",7","","","","","0",",7","5",",7","0",",7","19",",7","1",",7","-3.3",",7,15,","","","","","14.0",",,7,27,","32.2",",7,26,","2468.1","7","  17.8",",,,7,3,2","125.8",",7","  25.0",",,,7,3,2","   6.1",",,,7,3,2","  13.9",",,,7,3,2","  12.4",",,,7,3,2","  20.2",",,,7,3,2","42.2",",,,7","","","14.76",",7","22.86",",,,7","6.66",",,,7"
"USC00347507","2014-05","36.35583","-97.15306","292.9","RED ROCK 7 SSE MESONET, OK US","147.4","7","127.8",",7","10",",7","3",",7","1",",7","","","","","0",",7","0",",7","0",",7","27",",7","8",",7","1.7",",7,02,+","","","","","35.3",",,7,25,","36.1",",7,04,","2505.6","7","  22.8",",,,7,3,2","37.5",",7","  29.4",",,,7,3,2","   9.4",",,,7,3,2","  19.4",",,,7,3,2","  18.3",",,,7,3,2","  26.2",",,,7,3,2","50.1",",,,7","","","21.25",",7","28.46",",,,7","14.04",",,,7"
"USC00347507","2014-06","36.35583","-97.15306","292.9","RED ROCK 7 SSE MESONET, OK US","348.3","7","200.9",",7","13",",7","9",",7","2",",7","","","","","0",",7","0",",7","0",",7","30",",7","9",",7","13.3",",7,13,+","","","","","33.3",",,7,02,","33.9",",7,04,","2505.6","7","  25.0",",,,7,3,2","0.0",",7","  32.8",",,,7,3,2","  18.3",",,,7,3,2","  24.4",",,,7,3,2","  22.3",",,,7,3,2","  28.5",",,,7,3,2","165.0",",,,7","","","25.03",",7","30.43",",,,7","19.63",",,,7"
"USC00347507","2014-07","36.35583","-97.15306","292.9","RED ROCK 7 SSE MESONET, OK US","553.9","7","205.6",",7","8",",7","5",",7","2",",7","","","","","0",",7","0",",7","0",",7","29",",7","17",",7","12.8",",7,03,","","","","","37.8",",,7,30,","37.8",",7,07,","2.0","7","  27.8",",,,7,3,2","2.0",",7","  36.1",",,,7,3,2","  19.4",",,,7,3,2","  21.1",",,,7,3,2","  23.6",",,,7,3,2","  31.3",",,,7,3,2","122.7",",,,7","","","24.90",",7","30.80",",,,7","19.01",",,,7"
"USC00347507","2014-08","36.35583","-97.15306","292.9","RED ROCK 7 SSE MESONET, OK US","834.5","7","280.6",",7","6",",7","3",",7","0",",7","","","","","0",",7","0",",7","0",",7","31",",7","24",",7","13.9",",7,12,","","","","","6.6",",,7,09,","39.4",",7,25,","2.0","7","  27.8",",,,7,3,2","0.0",",7","  36.7",",,,7,3,2","  21.7",",,,7,3,2","  30.6",",,,7,3,2","  25.5",",,,7,3,2","  33.9",",,,7,3,2","15.1",",,,7","","","27.39",",7","34.48",",,,7","20.29",",,,7"
"USC00347507","2014-09","36.35583","-97.15306","292.9","RED ROCK 7 SSE MESONET, OK US","974.2","7","139.7",",7","6",",7","4",",7","0",",7","","","","","0",",7","0",",7","0",",7","28",",7","6",",7","8.9",",7,12,","","","","","23.1",",,7,02,","36.1",",7,04,","12.3","7","  27.8",",,,7,3,2","10.3",",7","  33.9",",,,7,3,2","  16.1",",,,7,3,2","  22.2",",,,7,3,2","  21.6",",,,7,3,2","  28.7",",,,7,3,2","75.5",",,,7","","","22.65",",7","29.30",",,,7","15.99",",,,7"
"USC00347507","2014-10","36.35583","-97.15306","292.9","RED ROCK 7 SSE MESONET, OK US","1030.1","7","55.9",",7","8",",7","5",",7","2",",7","","","","","0",",7","1",",7","0",",7","25",",7","5",",7","-1.7",",7,31,","","","","","26.4",",,7,13,","34.4",",7,07,","81.5","7","  22.8",",,,7,3,2","69.2",",7","  28.9",",,,7,3,2","  10.6",",,,7,3,2","  16.1",",,,7,3,2","  16.1",",,,7,3,2","  22.9",",,,7,3,2","86.1",",,,7","","","17.90",",7","25.60",",,,7","10.21",",,,7"
"USC00347507","2014-11","36.35583","-97.15306","292.9","RED ROCK 7 SSE MESONET, OK US","1030.1","7","0.0",",7","4","3,7","2","3,7","1","3,7","","","","","0",",7","16",",7","2",",7","4",",7","0",",7","-11.7",",7,17,","","","","","33.8","3,,7,03,","25.0",",7,10,","443.4","7","  12.8",",,,7,3,2","361.9",",7","  16.7",",,,7,3,2","   1.1",",,,7,3,2","   3.9",",,,7,3,2","   6.3",",,,7,3,2","  11.2",",,,7,3,2","48.6",",a,,7","","","6.27",",7","13.22",",,,7","-0.68",",,,7"
"USC00347507","2014-12","36.35583","-97.15306","292.9","RED ROCK 7 SSE MESONET, OK US","1030.1","7","0.0",",7","","","","","","","","","","","0",",7","15",",7","2",",7","0",",7","0",",7","-10.6",",7,31,","","","","","","","16.1",",7,14,+","875.3","7","  11.7",",,,7,3,2","431.9",",7","  13.3",",,,7,3,2","   0.6",",,,7,3,2","   1.7",",,,7,3,2","   5.4",",,,7,3,2","   8.4",",,,7,3,2","17.2","2,a,,7","","","4.40",",7","8.74",",,,7","0.06",",,,7"
"USC00347507","2015-01","36.35583","-97.15306","292.9","RED ROCK 7 SSE MESONET, OK US","0.0","7","0.0",",7","","","","","","","","","","","0",",7","29",",7","4",",7","5",",7","0",",7","-15.6",",7,08,","","","","","","","27.2",",7,28,","1368.4","7","   7.2",",,,7,3,2","493.1",",7","  13.3",",,,7,3,2","  -1.7",",,,7,3,2","  -0.6",",,,7,3,2","   2.2",",,,7,3,2","   5.4",",,,7,3,2","12.5","4,a,,7","","","2.43",",7","9.69",",,,7","-4.84",",,,7"
"USC00347507","2015-02","36.35583","-97.15306","292.9","RED ROCK 7 SSE MESONET, OK US","0.0","7","0.0",",7","","","","","","","","","","","0",",7","25",",7","4",",7","3",",7","0",",7","-13.3",",7,02,","","","","","","","25.6",",7,08,","1835.6","7","   6.1",",,,7,3,2","467.2",",7","  12.2",",,,7,3,2","   1.1",",,,7,3,2","   1.7",",,,7,3,2","   2.6",",,,7,3,2","   7.0",",,,7,3,2","5.2","4,a,,7","","","1.65",",7","9.06",",,,7","-5.77",",,,7"
"USC00347507","2015-03","36.35583","-97.15306","292.9","RED ROCK 7 SSE MESONET, OK US","1.4","7","1.4",",7","6","5,7","4","5,7","0","5,7","","","","","0",",7","6",",7","0",",7","13",",7","0",",7","-13.3",",7,05,","","","","","7.1","5,,7,09,","30.0",",7,31,","2076.0","7","  13.9",",,,7,3,2","240.4",",7","  21.7",",,,7,3,2","   1.1",",,,7,3,2","   2.2",",,,7,3,2","   8.1",",,,7,3,2","  13.7",",,,7,3,2","19.1","3,a,,7","","","10.62",",7","17.89",",,,7","3.35",",,,7"
"USC00347507","2015-04","36.35583","-97.15306","292.9","RED ROCK 7 SSE MESONET, OK US","27.7","7","26.3",",7","12",",7","8",",7","2",",7","","","","","0",",7","1",",7","0",",7","17",",7","1",",7","-2.2",",7,04,","","","","","32.3",",,7,27,","32.2",",7,07,","2175.8","7","  18.3",",,,7,3,2","99.8",",7","  24.4",",,,7,3,2","  10.0",",,,7,3,2","  14.4",",,,7,3,2","  13.7",",,,7,3,2","  19.8",",,,7,3,2","104.8",",,,7","","","15.89",",7","22.11",",,,7","9.66",",,,7"
"USC00347507","2015-05","36.35583","-97.15306","292.9","RED ROCK 7 SSE MESONET, OK US","73.9","7","46.2",",7","19",",7","16",",7","3",",7","","","","","0",",7","0",",7","0",",7","23",",7","0",",7","5.6",",7,11,","","","","","64.8",",,7,23,","29.4",",7,27,","2215.3","7","  20.6",",,,7,3,2","39.5",",7","  27.2",",,,7,3,2","  12.2",",,,7,3,2","  16.7",",,,7,3,2","  16.6",",,,7,3,2","  22.3",",,,7,3,2","258.7",",,,7","","","18.55",",7","23.78",",,,7","13.32",",,,7"
"USC00347507","2015-06","36.35583","-97.15306","292.9","RED ROCK 7 SSE MESONET, OK US","300.9","7","227.0",",7","6",",7","6",",7","1",",7","","","","","0",",7","0",",7","0",",7","30",",7","16",",7","11.1",",7,01,","","","","","28.2",",,7,12,","36.1",",7,10,","2215.3","7","  27.2",",,,7,3,2","0.0",",7","  37.8",",,,7,3,2","  16.7",",,,7,3,2","  25.0",",,,7,3,2","  23.3",",,,7,3,2","  31.9",",,,7,3,2","75.0",",,,7","","","25.90",",7","31.78",",,,7","20.02",",,,7"
"USC00347507","2015-07","36.35583","-97.15306","292.9","RED ROCK 7 SSE MESONET, OK US","588.8","7","287.9",",7","8",",7","6",",7","4",",7","","","","","0",",7","0",",7","0",",7","31",",7","25",",7","17.2",",7,08,","","","","","85.6",",,7,06,","36.7",",7,24,+","0.0","7","  28.9",",,,7,3,2","0.0",",7","  37.8",",,,7,3,2","  22.2",",,,7,3,2","  24.4",",,,7,3,2","  26.0",",,,7,3,2","  34.0",",,,7,3,2","220.6",",,,7","","","27.62",",7","33.20",",,,7","22.04",",,,7"
"USC00347507","2015-08","36.35583","-97.15306","292.9","RED ROCK 7 SSE MESONET, OK US","813.0","7","224.2",",7","8",",7","4",",7","1",",7","","","","","0",",7","0",",7","0",",7","31",",7","16",",7","11.1",",7,20,","","","","","103.4",",,7,22,","38.9",",7,08,+","0.0","7","  28.9",",,,7,3,2","0.0",",7","  38.9",",,,7,3,2","  18.3",",,,7,3,2","  25.6",",,,7,3,2","  24.7",",,,7,3,2","  32.5",",,,7,3,2","156.5",",,,7","","","25.56",",7","32.35",",,,7","18.78",",,,7"
"USC00347507","2015-09","36.35583","-97.15306","292.9","RED ROCK 7 SSE MESONET, OK US","989.9","7","176.9",",7","6",",7","4",",7","1",",7","","","","","0",",7","0",",7","0",",7","30",",7","12",",7","10.6",",7,12,","","","","","38.9",",,7,11,","37.8",",7,07,","0.2","7","  27.2",",,,7,3,2","0.2",",7","  35.6",",,,7,3,2","  18.3",",,,7,3,2","  21.7",",,,7,3,2","  22.1",",,,7,3,2","  29.0",",,,7,3,2","84.1",",,,7","","","24.22",",7","30.72",",,,7","17.72",",,,7"
"USC00347507","2015-10","36.35583","-97.15306","292.9","RED ROCK 7 SSE MESONET, OK US","1015.8","7","25.9",",7","7",",7","4",",7","1",",7","","","","","0",",7","0",",7","0",",7","22",",7","1",",7","0.6",",7,26,","","","","","45.0",",,7,01,","32.2",",7,11,","84.8","7","  18.9",",,,7,3,2","84.6",",7","  26.7",",,,7,3,2","  11.7",",,,7,3,2","  13.9",",,,7,3,2","  15.6",",,,7,3,2","  22.0",",,,7,3,2","73.6",",,,7","","","16.44",",7","23.66",",,,7","9.21",",,,7"
"USC00347507","2015-11","36.35583","-97.15306","292.9","RED ROCK 7 SSE MESONET, OK US","1017.2","7","1.4",",7","6","5,7","3","5,7","1","5,7","","","","","0",",7","10",",7","0",",7","8",",7","0",",7","-5.0",",7,22,+","","","","","34.3","5,,7,26,","25.6",",7,05,+","325.9","7","  15.6",",,,7,3,2","241.1",",7","  20.0",",,,7,3,2","   3.9",",,,7,3,2","   6.1",",,,7,3,2","   9.2",",,,7,3,2","  14.9",",,,7,3,2","90.7",",a,,7","","","10.35",",7","17.28",",,,7","3.41",",,,7"
"USC00347507","2015-12","36.35583","-97.15306","292.9","RED ROCK 7 SSE MESONET, OK US","1017.2","7","0.0",",7","","","","","","","","","","","0",",7","18",",7","2",",7","4",",7","0",",7","-8.3",",7,29,","","","","","","","23.3",",7,11,","701.2","7","   9.4",",,,7,3,2","375.3",",7","  14.4",",,,7,3,2","   2.2",",,,7,3,2","   3.3",",,,7,3,2","   4.6",",,,7,3,2","   9.2",",,,7,3,2","81.8","5,a,,7","","","6.23",",7","12.99",",,,7","-0.54",",,,7"
"USC00347507","2016-01","36.35583","-97.15306","292.9","RED ROCK 7 SSE MESONET, OK US","0.0","7","0.0","1,7","","","","","","","","","","","0","1,7","25","1,7","4","1,7","2","1,7","0","1,7","-12.2","1,7,10,","","","","","","","24.4","1,7,29,","1182.8","7","   6.1","1,,,7,3,2","481.6","1,7","  10.0","1,,,7,3,2","   0.6","1,,,7,3,2","   0.6","1,,,7,3,2","   2.0","1,,,7,3,2","   5.1","1,,,7,3,2","6.7","3,a,,7","","","2.28","1,7","8.45","1,,,7","-3.90","1,,,7"
"USC00347507","2016-02","36.35583","-97.15306","292.9","RED ROCK 7 SSE MESONET, OK US","0.0","7","0.0",",7","3","2,7","2","2,7","0","2,7","","","","","0",",7","18",",7","0",",7","8",",7","0",",7","-7.2",",7,26,+","","","","","17.0","2,,7,01,","26.1",",7,18,","1489.6","7","  12.2",",,,7,3,2","306.8",",7","  19.4",",,,7,3,2","   1.7",",,,7,3,2","   4.4",",,,7,3,2","   4.9",",,,7,3,2","  11.4",",,,7,3,2","22.6",",a,,7","","","7.76",",7","15.67",",,,7","-0.16",",,,7"
"USC00347507","2016-03","36.35583","-97.15306","292.9","RED ROCK 7 SSE MESONET, OK US","5.0","7","5.0",",7","6",",7","5",",7","0",",7","","","","","0",",7","9",",7","0",",7","14",",7","0",",7","-4.4",",7,20,","","","","","17.3",",,7,13,","28.9",",7,30,+","1686.3","7","  15.0",",,,7,3,2","196.7",",7","  21.1",",,,7,3,2","   3.9",",,,7,3,2","  11.1",",,,7,3,2","   9.3",",,,7,3,2","  15.9",",,,7,3,2","50.8",",,,7","","","12.15",",7","19.89",",,,7","4.40",",,,7"
"USC00347507","2016-04","36.35583","-97.15306","292.9","RED ROCK 7 SSE MESONET, OK US","22.1","7","17.1",",7","10",",7","7",",7","1",",7","","","","","0",",7","1",",7","0",",7","19",",7","0",",7","-1.7",",7,02,","","","","","44.5",",,7,17,","31.1",",7,10,+","1778.7","7","","","92.4",",7","","","","","","","","","","","113.0",",,,7","","","15.82",",7","22.83",",,,7","8.81",",,,7"
"USC00347507","2016-05","36.35583","-97.15306","292.9","RED ROCK 7 SSE MESONET, OK US","86.0","7","63.9",",7","10",",7","7",",7","1",",7","","","","","0",",7","0",",7","0",",7","23",",7","0",",7","3.9",",7,03,","","","","","51.8",",,7,24,","31.1",",7,29,+","1828.4","7","  22.2","3,,,7,3,2","49.7",",7","  30.6","3,,,7,3,2","  12.2","3,,,7,3,2","  17.2","3,,,7,3,2","  17.5","3,,,7,3,2","  24.7","3,,,7,3,2","113.8",",,,7","","","18.79",",7","24.78",",,,7","12.80",",,,7"
"USC00347507","2016-06","36.35583","-97.15306","292.9","RED ROCK 7 SSE MESONET, OK US","334.6","7","248.6",",7","7",",7","4",",7","0",",7","","","","","0",",7","0",",7","0",",7","30",",7","22",",7","12.2",",7,05,","","","","","16.0",",,7,26,","37.8",",7,17,","1828.4","7","  29.4",",,,7,3,2","0.0",",7","  38.9",",,,7,3,2","  20.0",",,,7,3,2","  24.4",",,,7,3,2","  25.4",",,,7,3,2","  34.3",",,,7,3,2","41.9",",,,7","","","26.62",",7","33.26",",,,7","19.98",",,,7"
"USC00347507","2016-07","36.35583","-97.15306","292.9","RED ROCK 7 SSE MESONET, OK US","633.7","7","299.1",",7","11",",7","8",",7","1",",7","","","","","0",",7","0",",7","0",",7","31",",7","24",",7","19.4",",7,29,+","","","","","44.2",",,7,01,","38.9",",7,24,+","0.0","7","  29.4",",,,7,3,2","0.0",",7","  38.9",",,,7,3,2","  22.8",",,,7,3,2","  27.2",",,,7,3,2","  26.1",",,,7,3,2","  33.9",",,,7,3,2","120.8",",,,7","","","27.98",",7","33.79",",,,7","22.18",",,,7"
"USC00347507","2016-08","36.35583","-97.15306","292.9","RED ROCK 7 SSE MESONET, OK US","909.6","7","275.9",",7","10",",7","3",",7","0",",7","","","","","0",",7","0",",7","0",",7","31",",7","25",",7","11.7",",7,22,+","","","","","8.6",",,7,06,","38.9",",7,11,","0.0","7","  29.4",",,,7,3,2","0.0",",7","  37.2",",,,7,3,2","  22.8",",,,7,3,2","  31.1",",,,7,3,2","  26.2",",,,7,3,2","  34.0",",,,7,3,2","21.1",",,,7","","","27.23",",7","33.95",",,,7","20.52",",,,7"
"USC00347507","2016-09","36.35583","-97.15306","292.9","RED ROCK 7 SSE MESONET, OK US","1088.2","7","178.6",",7","10",",7","5",",7","0",",7","","","","","0",",7","0",",7","0",",7","30",",7","14",",7","7.2",",7,30,","","","","","22.4",",,7,09,","37.8",",7,20,","5.9","7","  27.8",",,,7,3,2","5.9",",7","  33.3",",,,7,3,2","  15.6",",,,7,3,2","  23.3",",,,7,3,2","  22.4",",,,7,3,2","  29.3",",,,7,3,2","56.5",",,,7","","","24.09",",7","31.07",",,,7","17.11",",,,7"
"USC00347507","2016-10","36.35583","-97.15306","292.9","RED ROCK 7 SSE MESONET, OK US","1158.3","7","70.1",",7","10",",7","4",",7","1",",7","","","","","0",",7","0",",7","0",",7","26",",7","3",",7","2.2",",7,21,","","","","","72.6",",,7,04,","33.3",",7,17,","44.1","7","  21.7",",,,7,3,2","38.2",",7","  28.3",",,,7,3,2","  12.8",",,,7,3,2","  15.6",",,,7,3,2","  17.3",",,,7,3,2","  23.9",",,,7,3,2","108.9",",,,7","","","19.36",",7","26.73",",,,7","12.00",",,,7"
"USC00347507","2016-11","36.35583","-97.15306","292.9","RED ROCK 7 SSE MESONET, OK US","1173.0","7","14.7",",7","6",",7","0",",7","0",",7","","","","","0",",7","9",",7","0",",7","12",",7","0",",7","-6.1",",7,19,","","","","","1.0",",,7,07,","31.1",",7,16,","234.0","7","  20.0",",,,7,3,2","189.9",",7","  25.0",",,,7,3,2","   6.1",",,,7,3,2","  12.2",",,,7,3,2","  11.9",",,,7,3,2","  18.1",",,,7,3,2","3.7",",,,7","","","12.49",",7","20.35",",,,7","4.63",",,,7"
"USC00347507","2016-12","36.35583","-97.15306","292.9","RED ROCK 7 SSE MESONET, OK US","1173.0","7","0.0",",7","5","5,7","1","5,7","0","5,7","","","","","2",",7","26",",7","3",",7","1",",7","0",",7","-20.0",",7,18,","","","","","4.8","5,,7,03,","22.8",",7,25,","733.3","7","   8.9",",,,7,3,2","499.3",",7","  13.9",",,,7,3,2","  -2.2",",,,7,3,2","  -0.6",",,,7,3,2","   3.2",",,,7,3,2","   7.7",",,,7,3,2","10.1",",a,,7","","","2.23",",7","9.29",",,,7","-4.84",",,,7"
"USC00347507","2017-01","36.35583","-97.15306","292.9","RED ROCK 7 SSE MESONET, OK US","0.0","7","0.0",",7","","","","","","","","","","","0",",7","21",",7","4",",7","3",",7","0",",7","-16.1",",7,07,","","","","","","","23.9",",7,30,","1175.3","7","   8.3",",,,7,3,2","442.0",",7","  13.9",",,,7,3,2","  -1.7",",,,7,3,2","   0.0",",,,7,3,2","   3.2",",,,7,3,2","   7.7",",,,7,3,2","56.9",",a,,7","","","4.08",",7","10.95",",,,7","-2.80",",,,7"
"USC00347507","2017-02","36.35583","-97.15306","292.9","RED ROCK 7 SSE MESONET, OK US","4.5","7","4.5",",7","5",",7","3",",7","0",",7","","","","","0",",7","11",",7","0",",7","12",",7","0",",7","-7.8",",7,09,+","","","","","22.1",",,7,13,","30.6",",7,23,+","1435.5","7","  12.2",",,,7,3,2","260.2",",7","  17.8",",,,7,3,2","   1.7",",,,7,3,2","   6.1",",,,7,3,2","   6.1",",,,7,3,2","  11.9",",,,7,3,2","55.0",",,,7","","","9.20",",7","17.11",",,,7","1.29",",,,7"
"USC00347507","2017-03","36.35583","-97.15306","292.9","RED ROCK 7 SSE MESONET, OK US","23.2","7","18.7",",7","5",",7","3",",7","0",",7","","","","","0",",7","9",",7","0",",7","14",",7","2",",7","-5.0",",7,14,+","","","","","23.4",",,7,28,","32.8",",7,20,","1641.0","7","  17.2",",,,7,3,2","205.5",",7","  23.9",",,,7,3,2","   3.3",",,,7,3,2","   7.2",",,,7,3,2","   9.9",",,,7,3,2","  16.3",",,,7,3,2","48.3",",,,7","","","12.30",",7","19.63",",,,7","4.98",",,,7"
"USC00347507","2017-04","36.35583","-97.15306","292.9","RED ROCK 7 SSE MESONET, OK US","47.1","7","23.9","2,7","15","2,7","9","2,7","1","2,7","","","","","0","2,7","0","2,7","0","2,7","19","2,7","0","2,7","1.1","2,7,27,","","","","","37.6","2,,7,21,","28.9","2,7,25,","1729.7","7","","","88.7","2,7","","","","","","","","","","","121.9","2,,,7","","","16.02","2,7","22.31","2,,,7","9.72","2,,,7"
"USC00347507","2017-05","36.35583","-97.15306","292.9","RED ROCK 7 SSE MESONET, OK US","114.2","7","67.1","1,7","11","1,7","5","1,7","1","1,7","","","","","0","1,7","0","1,7","0","1,7","29","1,7","2","1,7","4.4","1,7,04,","","","","","35.1","1,,7,03,","33.9","1,7,27,","1762.3","7","  22.2","1,,,7,3,2","32.6","1,7","  31.7","1,,,7,3,2","  11.1","1,,,7,3,2","  16.1","1,,,7,3,2","  17.1","1,,,7,3,2","  24.4","1,,,7,3,2","73.8","1,,,7","","","19.49","1,7","26.57","1,,,7","12.40","1,,,7"
"USC00347507","2017-06","36.35583","-97.15306","292.9","RED ROCK 7 SSE MESONET, OK US","322.3","7","208.1",",7","7",",7","5",",7","0",",7","","","","","0",",7","0",",7","0",",7","30",",7","16",",7","11.7",",7,08,","","","","","12.4",",,7,30,+","36.7",",7,16,","1762.3","7","  28.3",",,,7,3,2","0.0",",7","  36.1",",,,7,3,2","  21.1",",,,7,3,2","  26.7",",,,7,3,2","  24.7",",,,7,3,2","  32.6",",,,7,3,2","48.0",",,,7","","","25.27",",7","31.82",",,,7","18.72",",,,7"
"USC00347507","2017-07","36.35583","-97.15306","292.9","RED ROCK 7 SSE MESONET, OK US","636.6","7","314.3",",7","5",",7","2",",7","0",",7","","","","","0",",7","0",",7","0",",7","31",",7","25",",7","18.3",",7,05,","","","","","22.6",",,7,03,","41.7",",7,22,","0.0","7","  30.6",",,,7,3,2","0.0",",7","  38.9",",,,7,3,2","  23.3",",,,7,3,2","  30.0",",,,7,3,2","  27.4",",,,7,3,2","  35.0",",,,7,3,2","43.5",",,,7","","","28.47",",7","35.05",",,,7","21.90",",,,7"
"USC00347507","2017-08","36.35583","-97.15306","292.9","RED ROCK 7 SSE MESONET, OK US","835.2","7","198.6",",7","13",",7","8",",7","1",",7","","","","","0",",7","0",",7","0",",7","31",",7","9",",7","13.3",",7,30,+","","","","","33.3",",,7,05,","37.2",",7,05,","0.0","7","  27.2",",,,7,3,2","0.0",",7","  35.0",",,,7,3,2","  21.7",",,,7,3,2","  25.0",",,,7,3,2","  24.0",",,,7,3,2","  30.7",",,,7,3,2","111.1",",,,7","","","24.74",",7","30.74",",,,7","18.74",",,,7"
"USC00347507","2017-09","36.35583","-97.15306","292.9","RED ROCK 7 SSE MESONET, OK US","988.0","7","152.8",",7","7",",7","6",",7","2",",7","","","","","0",",7","0",",7","0",",7","28",",7","14",",7","7.8",",7,06,","","","","","53.1",",,7,26,","37.2",",7,04,","2.2","7","  26.1",",,,7,3,2","2.2",",7","  33.9",",,,7,3,2","  16.7",",,,7,3,2","  20.6",",,,7,3,2","  22.5",",,,7,3,2","  29.5",",,,7,3,2","109.0",",,,7","","","23.35",",7","30.76",",,,7","15.95",",,,7"
"USC00347507","2017-10","36.35583","-97.15306","292.9","RED ROCK 7 SSE MESONET, OK US","1038.6","7","50.6",",7","6",",7","4",",7","2",",7","","","","","0",",7","4",",7","0",",7","22",",7","1",",7","-4.4",",7,28,","","","","","176.0",",,7,04,","32.2",",7,14,","113.4","7","  22.2",",,,7,3,2","111.2",",7","  25.6",",,,7,3,2","   5.6",",,,7,3,2","  11.1",",,,7,3,2","  14.2",",,,7,3,2","  19.6",",,,7,3,2","246.9",",,,7","","","16.38",",7","23.36",",,,7","9.39",",,,7"
"USC00347507","2017-11","36.35583","-97.15306","292.9","RED ROCK 7 SSE MESONET, OK US","1041.4","7","2.8",",7","5",",7","1",",7","0",",7","","","","","0",",7","8",",7","0",",7","8",",7","0",",7","-5.6",",7,22,","","","","","2.8",",,7,29,","27.8",",7,24,+","341.5","7","  13.9",",,,7,3,2","228.1",",7","  19.4",",,,7,3,2","   5.6",",,,7,3,2","  10.0",",,,7,3,2","   9.6",",,,7,3,2","  14.4",",,,7,3,2","4.2",",,,7","","","10.82",",7","17.43",",,,7","4.21",",,,7"
"USC00347507","2017-12","36.35583","-97.15306","292.9","RED ROCK 7 SSE MESONET, OK US","1041.4","7","0.0",",7","4",",7","1",",7","0",",7","","","","","0",",7","20",",7","3",",7","2",",7","0",",7","-13.3",",7,31,","","","","","13.7",",,7,19,","23.9",",7,04,","781.6","7","  12.8",",,,7,3,2","440.1",",7","  17.8",",,,7,3,2","   0.0",",,,7,3,2","   1.1",",,,7,3,2","   5.0",",,,7,3,2","   9.1",",,,7,3,2","15.1",",,,7","","","4.14",",7","10.26",",,,7","-1.99",",,,7"
"USC00347507","2018-01","36.35583","-97.15306","292.9","RED ROCK 7 SSE MESONET, OK US","0.0","7","0.0",",7","2",",7","0",",7","0",",7","","","","","0",",7","23",",7","4",",7","1",",7","0",",7","-17.2",",7,01,","","","","","1.0",",,7,07,","21.1",",7,21,","1279.9","7","   7.8",",,,7,3,2","498.3",",7","  11.7",",,,7,3,2","  -2.2",",,,7,3,2","  -0.6",",,,7,3,2","   1.9",",,,7,3,2","   5.5",",,,7,3,2","1.3",",,,7","","","2.26",",7","9.68",",,,7","-5.16",",,,7"
"USC00347507","2018-02","36.35583","-97.15306","292.9","RED ROCK 7 SSE MESONET, OK US","0.9","7","0.9",",7","4","4,7","3","4,7","0","4,7","","","","","0",",7","20",",7","3",",7","3",",7","0",",7","-12.8",",7,12,+","","","","","10.2","4,,7,19,","26.7",",7,15,","1692.0","7","  11.1",",,,7,3,2","412.1",",7","  15.0",",,,7,3,2","   0.0",",,,7,3,2","   1.7",",,,7,3,2","   3.7",",,,7,3,2","   8.2",",,,7,3,2","43.5",",a,,7","","","3.64",",7","10.56",",,,7","-3.27",",,,7"
"USC00347507","2018-03","36.35583","-97.15306","292.9","RED ROCK 7 SSE MESONET, OK US","2.5","7","1.6",",7","8",",7","3",",7","0",",7","","","","","0",",7","11",",7","0",",7","9",",7","0",",7","-6.1",",7,08,","","","","","17.3",",,7,18,","28.3",",7,26,","1936.1","7","  12.8",",,,7,3,2","244.1",",7","  19.4",",,,7,3,2","   3.3",",,,7,3,2","  10.0",",,,7,3,2","   7.9",",,,7,3,2","  14.3",",,,7,3,2","33.7",",,,7","","","10.51",",7","18.29",",,,7","2.74",",,,7"
"USC00347507","2018-04","36.35583","-97.15306","292.9","RED ROCK 7 SSE MESONET, OK US","14.1","7","11.6",",7","5",",7","2",",7","1",",7","","","","","0",",7","11",",7","0",",7","13",",7","1",",7","-5.6",",7,04,","","","","","37.6",",,7,21,","32.2",",7,17,","2161.5","7","  17.8",",,,7,3,2","225.4",",7","  23.9",",,,7,3,2","   4.4",",,,7,3,2","  10.0",",,,7,3,2","   9.6",",,,7,3,2","  17.3",",,,7,3,2","46.9",",,,7","","","11.21",",7","19.16",",,,7","3.25",",,,7"
"USC00347507","2018-05","36.35583","-97.15306","292.9","RED ROCK 7 SSE MESONET, OK US","185.5","7","171.4",",7","8",",7","7",",7","0",",7","","","","","0",",7","0",",7","0",",7","31",",7","13",",7","8.9",",7,05,","","","","","11.7",",,7,31,","34.4",",7,29,+","2162.1","7","  25.0",",,,7,3,2","0.6",",7","  33.3",",,,7,3,2","  15.0",",,,7,3,2","  22.2",",,,7,3,2","  21.2",",,,7,3,2","  28.9",",,,7,3,2","45.3",",,,7","","","23.84",",7","30.84",",,,7","16.85",",,,7"
"USC00347507","2018-06","36.35583","-97.15306","292.9","RED ROCK 7 SSE MESONET, OK US","434.4","7","248.9",",7","5",",7","5",",7","2",",7","","","","","0",",7","0",",7","0",",7","30",",7","21",",7","13.3",",7,04,","","","","","40.6",",,7,24,","36.7",",7,28,+","2162.1","7","  27.8",",,,7,3,2","0.0",",7","  35.6",",,,7,3,2","  20.6",",,,7,3,2","  26.7",",,,7,3,2","  24.9",",,,7,3,2","  32.6",",,,7,3,2","114.8",",,,7","","","26.63",",7","32.74",",,,7","20.51",",,,7"
"USC00347507","2018-07","36.35583","-97.15306","292.9","RED ROCK 7 SSE MESONET, OK US","725.6","7","291.2",",7","9",",7","4",",7","0",",7","","","","","0",",7","0",",7","0",",7","31",",7","26",",7","15.6",",7,31,","","","","","23.4",",,7,29,","42.2",",7,20,","0.0","7","  30.6",",,,7,3,2","0.0",",7","  38.9",",,,7,3,2","  22.2",",,,7,3,2","  30.0",",,,7,3,2","  27.6",",,,7,3,2","  35.2",",,,7,3,2","40.9",",,,7","","","27.73",",7","34.42",",,,7","21.03",",,,7"
"USC00347507","2018-08","36.35583","-97.15306","292.9","RED ROCK 7 SSE MESONET, OK US","982.4","7","256.8",",7","16",",7","6",",7","2",",7","","","","","0",",7","0",",7","0",",7","31",",7","20",",7","15.6",",7,21,+","","","","","49.0",",,7,19,","37.2",",7,06,+","0.0","7","  28.3",",,,7,3,2","0.0",",7","  35.6",",,,7,3,2","  20.0",",,,7,3,2","  25.0",",,,7,3,2","  24.4",",,,7,3,2","  30.9",",,,7,3,2","135.7",",,,7","","","26.62",",7","32.74",",,,7","20.50",",,,7"
"USC00347507","2018-09","36.35583","-97.15306","292.9","RED ROCK 7 SSE MESONET, OK US","1137.1","7","154.7",",7","6",",7","4",",7","0",",7","","","","","0",",7","0",",7","0",",7","29",",7","9",",7","3.9",",7,27,","","","","","11.7",",,7,21,","35.0",",7,01,","9.2","7","  26.7",",,,7,3,2","9.2",",7","  34.4",",,,7,3,2","  15.6",",,,7,3,2","  24.4",",,,7,3,2","  22.6",",,,7,3,2","  28.5",",,,7,3,2","32.0",",,,7","","","23.18",",7","28.55",",,,7","17.82",",,,7"
"USC00347507","2018-10","36.35583","-97.15306","292.9","RED ROCK 7 SSE MESONET, OK US","1172.1","7","35.0",",7","16",",7","9",",7","2",",7","","","","","0",",7","0",",7","0",",7","18",",7","1",",7","0.6",",7,15,","","","","","62.5",",,7,07,","32.8",",7,03,","142.0","7","  23.9",",,,7,3,2","132.8",",7","  29.4",",,,7,3,2","   8.3",",,,7,3,2","  13.9",",,,7,3,2","  14.4",",,,7,3,2","  19.3",",,,7,3,2","201.1",",,,7","","","15.18",",7","21.20",",,,7","9.15",",,,7"
"USC00347507","2018-11","36.35583","-97.15306","292.9","RED ROCK 7 SSE MESONET, OK US","1172.1","7","0.0",",7","3","3,7","2","3,7","0","3,7","","","","","0",",7","16",",7","1",",7","2",",7","0",",7","-10.0",",7,13,","","","","","5.6","3,,7,08,","23.3",",7,24,","506.2","7","  11.1",",,,7,3,2","364.2",",7","  16.1",",,,7,3,2","   2.2",",,,7,3,2","   5.0",",,,7,3,2","   5.8",",,,7,3,2","  10.8",",,,7,3,2","12.4",",a,,7","","","6.19",",7","13.39",",,,7","-1.01",",,,7"
"USC00347507","2018-12","36.35583","-97.15306","292.9","RED ROCK 7 SSE MESONET, OK US","1172.1","7","0.0",",7","1","5,7","1","5,7","0","5,7","","","","","0",",7","25",",7","1",",7","0",",7","0",",7","-7.8",",7,09,","","","","","13.5","5,,7,13,","17.2",",7,11,","953.3","7","   7.8",",,,7,3,2","447.1",",7","  10.6",",,,7,3,2","   1.7",",,,7,3,2","   2.2",",,,7,3,2","   3.7",",,,7,3,2","   7.6",",,,7,3,2","62.3","2,a,,7","","","3.91",",7","9.96",",,,7","-2.15",",,,7"
"USC00347507","2019-01","36.35583","-97.15306","292.9","RED ROCK 7 SSE MESONET, OK US","0.0","7","0.0",",7","","","","","","","","","","","0",",7","25",",7","4",",7","0",",7","0",",7","-10.6",",7,25,","","","","","","","18.9",",7,05,","1440.3","7","   8.3",",,,7,3,2","487.0",",7","  12.8",",,,7,3,2","   0.0",",,,7,3,2","   0.6",",,,7,3,2","   2.7",",,,7,3,2","   5.6",",,,7,3,2","39.4","4,a,,7","","","2.62",",7","8.35",",,,7","-3.10",",,,7"
"USC00347507","2019-02","36.35583","-97.15306","292.9","RED ROCK 7 SSE MESONET, OK US","0.0","7","0.0",",7","","","","","","","","","","","0",",7","19",",7","5",",7","1",",7","0",",7","-11.7",",7,08,","","","","","","","22.2",",7,03,","1874.6","7","  10.0",",,,7,3,2","434.3",",7","  13.9",",,,7,3,2","   0.6",",,,7,3,2","   1.1",",,,7,3,2","   2.8",",,,7,3,2","   6.0",",,,7,3,2","","","","","2.82",",7","7.76",",,,7","-2.11",",,,7"
"USC00347507","2019-03","36.35583","-97.15306","292.9","RED ROCK 7 SSE MESONET, OK US","1.1","7","1.1",",7","10","5,7","5","5,7","0","5,7","","","","","0",",7","13",",7","2",",7","4",",7","0",",7","-13.3",",7,04,","","","","","22.6","5,,7,13,","26.1",",7,28,","2207.8","7","  12.8",",,,7,3,2","333.2",",7","  17.2",",,,7,3,2","   0.0",",,,7,3,2","   0.0",",,,7,3,2","   5.5",",,,7,3,2","  10.4",",,,7,3,2","47.8","1,a,,7","","","7.62",",7","14.11",",,,7","1.14",",,,7"
"USC00347507","2019-04","36.35583","-97.15306","292.9","RED ROCK 7 SSE MESONET, OK US","16.4","7","15.3",",7","10",",7","5",",7","1",",7","","","","","0",",7","1",",7","0",",7","19",",7","0",",7","-0.6",",7,12,","","","","","30.5",",,7,30,","31.1",",7,09,","2306.3","7","  17.8",",,,7,3,2","98.5",",7","  25.0",",,,7,3,2","   6.1",",,,7,3,2","  13.3",",,,7,3,2","  12.6",",,,7,3,2","  19.8",",,,7,3,2","81.4",",,,7","","","15.56",",7","22.23",",,,7","8.89",",,,7"
"USC00347507","2019-05","36.35583","-97.15306","292.9","RED ROCK 7 SSE MESONET, OK US","79.8","7","63.4",",7","16",",7","12",",7","6",",7","","","","","0",",7","0",",7","0",",7","25",",7","0",",7","4.4",",7,10,","","","","","107.7",",,7,20,","30.6",",7,16,+","2347.0","7","  21.7",",,,7,3,2","40.7",",7","  26.7",",,,7,3,2","  11.1",",,,7,3,2","  16.7",",,,7,3,2","  16.8",",,,7,3,2","  22.2",",,,7,3,2","387.4",",,,7","","","19.06",",7","24.67",",,,7","13.46",",,,7"
"USC00347507","2019-06","36.35583","-97.15306","292.9","RED ROCK 7 SSE MESONET, OK US","255.0","7","175.2",",7","10",",7","8",",7","1",",7","","","","","0",",7","0",",7","0",",7","30",",7","8",",7","11.1",",7,13,","","","","","39.4",",,7,06,","35.0",",7,29,+","2347.0","7","  27.2",",,,7,3,2","0.0",",7","  37.2",",,,7,3,2","  17.2",",,,7,3,2","  24.4",",,,7,3,2","  21.7",",,,7,3,2","  28.8",",,,7,3,2","96.6",",,,7","","","24.17",",7","30.07",",,,7","18.27",",,,7"
"USC00347507","2019-07","36.35583","-97.15306","292.9","RED ROCK 7 SSE MESONET, OK US","519.2","7","264.2",",7","4",",7","2",",7","1",",7","","","","","0",",7","0",",7","0",",7","31",",7","22",",7","13.9",",7,24,","","","","","42.2",",,7,03,","37.2",",7,31,+","0.0","7","  29.4",",,,7,3,2","0.0",",7","  37.8",",,,7,3,2","  23.9",",,,7,3,2","  29.4",",,,7,3,2","  26.8",",,,7,3,2","  35.0",",,,7,3,2","49.1",",,,7","","","26.85",",7","33.33",",,,7","20.38",",,,7"
"USC00347507","2019-08","36.35583","-97.15306","292.9","RED ROCK 7 SSE MESONET, OK US","788.5","7","269.3",",7","16",",7","11",",7","2",",7","","","","","0",",7","0",",7","0",",7","31",",7","19",",7","17.2",",7,31,+","","","","","57.9",",,7,03,","37.8",",7,12,+","0.0","7","  28.3",",,,7,3,2","0.0",",7","  37.2",",,,7,3,2","  21.7",",,,7,3,2","  26.1",",,,7,3,2","  25.1",",,,7,3,2","  31.3",",,,7,3,2","192.1",",,,7","","","27.02",",7","32.44",",,,7","21.61",",,,7"
"USC00347507","2019-09","36.35583","-97.15306","292.9","RED ROCK 7 SSE MESONET, OK US","1030.7","7","242.2",",7","9",",7","5",",7","3",",7","","","","","0",",7","0",",7","0",",7","30",",7","19",",7","17.8",",7,26,+","","","","","47.5",",,7,12,","35.6",",7,06,","0.0","7","  25.6",",,,7,3,2","0.0",",7","  34.4",",,,7,3,2","  22.2",",,,7,3,2","  26.7",",,,7,3,2","  23.9",",,,7,3,2","  30.2",",,,7,3,2","160.2",",,,7","","","26.41",",7","32.28",",,,7","20.53",",,,7"
"USC00347507","2019-10","36.35583","-97.15306","292.9","RED ROCK 7 SSE MESONET, OK US","1054.0","7","23.3",",7","9","3,7","7","3,7","0","3,7","","","","","0",",7","4",",7","0",",7","17",",7","1",",7","-6.7",",7,31,","","","","","13.0","3,,7,25,","32.8",",7,02,","179.4","7","  23.3",",,,7,3,2","179.4",",7","  27.2",",,,7,3,2","   3.9",",,,7,3,2","   7.2",",,,7,3,2","  12.3",",,,7,3,2","  18.2",",,,7,3,2","60.0",",a,,7","","","13.30",",7","20.19",",,,7","6.40",",,,7"
"USC00347507","2019-11","36.35583","-97.15306","292.9","RED ROCK 7 SSE MESONET, OK US","1054.0","7","0.0","1,7","9",",7","7",",7","1",",7","","","","","0","1,7","13","1,7","0",",7","5",",7","0",",7","-11.1","1,7,12,","","","","","56.1",",,7,06,","24.4",",7,10,","493.9","7","  10.0",",,,7,3,2","314.5",",7","  15.0",",,,7,3,2","   2.8",",,,7,3,2","   4.4",",,,7,3,2","   5.9",",,,7,3,2","  10.9",",,,7,3,2","91.3",",,,7","","","7.56","1,7","15.14",",,,7","-0.02","1,,,7"
"USC00347507","2019-12","36.35583","-97.15306","292.9","RED ROCK 7 SSE MESONET, OK US","1054.0","7","0.0",",7","","","","","","","","","","","0",",7","19",",7","1",",7","2",",7","0",",7","-8.3",",7,17,","","","","","","","22.2",",7,25,+","889.6","7","   6.7",",,,7,3,2","395.7",",7","  11.7",",,,7,3,2","   1.7",",,,7,3,2","   3.3",",,,7,3,2","   4.0",",,,7,3,2","   7.8",",,,7,3,2","24.7",",a,,7","","","5.57",",7","11.92",",,,7","-0.78",",,,7"
"USC00347507","2020-01","36.35583","-97.15306","292.9","RED ROCK 7 SSE MESONET, OK US","0.0","","0.0",",7","","","","","","","","","","","0",",7","25",",7","1",",7","1",",7","0",",7","-8.3",",7,20,","","","","","","","21.1",",7,09,","1307.9","","   7.8",",,,7,3,2","418.3",",7","  13.3",",,,7,3,2","   1.7",",,,7,3,2","   2.8",",,,7,3,2","   3.6",",,,7,3,2","   7.7",",,,7,3,2","56.9","1,a,,7","","","4.84",",7","11.27",",,,7","-1.59",",,,7"
"USC00347507","2020-02","36.35583","-97.15306","292.9","RED ROCK 7 SSE MESONET, OK US","0.0","","0.0",",7","5","4,7","3","4,7","0","4,7","","","","","0",",7","19",",7","1",",7","2",",7","0",",7","-10.6",",7,21,+","","","","","11.4","4,,7,23,","25.0",",7,02,","1705.8","","   7.2",",,,7,3,2","397.9",",7","  11.1",",,,7,3,2","   1.1",",,,7,3,2","   2.2",",,,7,3,2","   3.3",",,,7,3,2","   7.4",",,,7,3,2","25.4","1,a,,7","","","4.61",",7","11.19",",,,7","-1.96",",,,7"
"USC00347507","2020-03","36.35583","-97.15306","292.9","RED ROCK 7 SSE MESONET, OK US","7.8","","7.8",",7","17",",7","14",",7","0",",7","","","","","0",",7","4",",7","0",",7","9",",7","0",",7","-3.9",",7,06,","","","","","18.8",",,7,14,","29.4",",7,25,","1904.0","","  16.7",",,,7,3,2","198.2",",7","  20.6",",,,7,3,2","   3.3",",,,7,3,2","  10.0",",,,7,3,2","   9.0",",,,7,3,2","  14.5",",,,7,3,2","117.2",",,,7","","","12.19",",7","18.39",",,,7","5.99",",,,7"
"USC00347507","2020-04","36.35583","-97.15306","292.9","RED ROCK 7 SSE MESONET, OK US","24.0","","16.2",",7","12",",7","4",",7","1",",7","","","","","0",",7","4",",7","0",",7","19",",7","0",",7","-0.6",",7,18,+","","","","","47.0",",,7,22,","31.7",",7,08,","2050.2","","  16.1",",,,7,3,2","146.2",",7","  24.4",",,,7,3,2","   6.1",",,,7,3,2","   8.9",",,,7,3,2","  11.8",",,,7,3,2","  19.1",",,,7,3,2","63.2",",,,7","","","14.00",",7","21.04",",,,7","6.95",",,,7"
"USC00347507","2020-05","36.35583","-97.15306","292.9","RED ROCK 7 SSE MESONET, OK US","79.0","","55.0",",7","15",",7","6",",7","1",",7","","","","","0",",7","0",",7","0",",7","26",",7","1",",7","2.8",",7,09,","","","","","27.2",",,7,28,","32.2",",7,01,","2093.2","","  21.7",",,,7,3,2","43.0",",7","  30.0",",,,7,3,2","  12.8",",,,7,3,2","  15.0",",,,7,3,2","  18.1",",,,7,3,2","  24.9",",,,7,3,2","73.1",",,,7","","","18.72",",7","24.62",",,,7","12.82",",,,7"
"USC00347507","2020-06","36.35583","-97.15306","292.9","RED ROCK 7 SSE MESONET, OK US","312.5","","233.5",",7","3",",7","2",",7","1",",7","","","","","0",",7","0",",7","0",",7","30",",7","21",",7","11.1",",7,11,","","","","","26.2",",,7,19,","35.6",",7,30,+","2093.2","","  27.2",",,,7,3,2","0.0",",7","  35.6",",,,7,3,2","  21.1",",,,7,3,2","  28.9",",,,7,3,2","  25.0",",,,7,3,2","  32.8",",,,7,3,2","31.3",",,,7","","","26.12",",7","32.91",",,,7","19.32",",,,7"
"USC00347507","2020-07","36.35583","-97.15306","292.9","RED ROCK 7 SSE MESONET, OK US","595.8","","283.3",",7","11",",7","8",",7","2",",7","","","","","0",",7","0",",7","0",",7","31",",7","24",",7","18.9",",7,31,","","","","","48.5",",,7,11,","37.2",",7,11,","0.0","","  29.4",",,,7,3,2","0.0",",7","  36.1",",,,7,3,2","  24.4",",,,7,3,2","  28.3",",,,7,3,2","  26.7",",,,7,3,2","  32.5",",,,7,3,2","163.4",",,,7","","","27.47",",7","33.18",",,,7","21.76",",,,7"
"USC00347507","2020-08","36.35583","-97.15306","292.9","RED ROCK 7 SSE MESONET, OK US","820.8","","225.0",",7","7",",7","5",",7","0",",7","","","","","0",",7","0",",7","0",",7","31",",7","17",",7","14.4",",7,04,","","","","","10.9",",,7,31,","38.9",",7,28,","0.0","","  27.8","3,,,7,3,2","0.0",",7","  36.1","3,,,7,3,2","  22.2","3,,,7,3,2","  25.6","3,,,7,3,2","  25.3","3,,,7,3,2","  32.9","3,,,7,3,2","40.7",",,,7","","","25.59",",7","32.41",",,,7","18.78",",,,7"
"USC00347507","2020-09","36.35583","-97.15306","292.9","RED ROCK 7 SSE MESONET, OK US","915.4","","94.6",",7","14",",7","4",",7","1",",7","","","","","0",",7","0",",7","0",",7","27",",7","7",",7","3.3",",7,29,","","","","","29.0",",,7,09,","35.0",",7,06,","18.6","","  26.1",",,,7,3,2","18.6",",7","  33.9",",,,7,3,2","  16.1",",,,7,3,2","  21.1",",,,7,3,2","  20.6",",,,7,3,2","  27.1",",,,7,3,2","57.6",",,,7","","","20.87",",7","27.72",",,,7","14.01",",,,7"
"USC00347507","2020-10","36.35583","-97.15306","292.9","RED ROCK 7 SSE MESONET, OK US","944.7","","29.3","1,7","6","4,7","0","4,7","0","4,7","","","","","0","1,7","4","1,7","1",",7","20",",7","3",",7","-2.2","1,7,27,+","","","","","1.0","4,,7,22,","33.9",",7,14,","184.0","","  20.6",",,,7,3,2","165.4",",7","  26.7",",,,7,3,2","   4.4",",,,7,3,2","   5.6",",,,7,3,2","  14.9",",,,7,3,2","  20.6",",,,7,3,2","120.0",",a,,7","","","13.97","1,7","21.28",",,,7","6.66","1,,,7"
"USC00347507","2020-11","36.35583","-97.15306","292.9","RED ROCK 7 SSE MESONET, OK US","949.2","","4.5",",7","5","2,7","2","2,7","0","2,7","","","","","0",",7","9",",7","0",",7","14",",7","0",",7","-7.2",",7,30,","","","","","24.1","2,,7,24,","25.6",",7,14,","400.7","","  15.6",",,,7,3,2","216.7",",7","  18.9",",,,7,3,2","   3.3",",,,7,3,2","   6.7",",,,7,3,2","   8.6",",,,7,3,2","  13.9",",,,7,3,2","41.2",",a,,7","","","11.26",",7","18.67",",,,7","3.85",",,,7"
"USC00347507","2021-01","36.35583","-97.15306","292.9","RED ROCK 7 SSE MESONET, OK US","0.0","","0.0",",7","","","","","","","","","","","0",",7","26",",7","1",",7","0",",7","0",",7","-8.3",",7,28,","","","","","","","17.2",",7,30,","","","   6.1",",,,7,3,2","469.2",",7","  10.6",",,,7,3,2","   1.1",",,,7,3,2","   3.3",",,,7,3,2","   2.9",",,,7,3,2","   6.1",",,,7,3,2","61.0","3,a,,7","","","3.20",",7","8.65",",,,7","-2.26",",,,7"
"USC00347507","2021-02","36.35583","-97.15306","292.9","RED ROCK 7 SSE MESONET, OK US","0.0","","0.0",",7","","","","","","","","","","","5",",7","23",",7","12",",7","1",",7","0",",7","-28.9",",7,16,","","","","","","","22.8",",7,23,","","","   6.1",",,,7,3,2","562.8",",7","  10.0",",,,7,3,2","  -3.3",",,,7,3,2","  -1.1",",,,7,3,2","   0.9",",,,7,3,2","   3.9",",,,7,3,2","","","","","-1.77",",7","4.50",",,,7","-8.03",",,,7"
"USC00347507","2021-03","36.35583","-97.15306","292.9","RED ROCK 7 SSE MESONET, OK US","3.9","","3.9",",7","11",",7","7",",7","1",",7","","","","","0",",7","4",",7","0",",7","9",",7","0",",7","-3.9",",7,02,","","","","","43.2",",,7,12,","27.2",",7,10,","","","  12.2",",,,7,3,2","206.8",",7","  16.7",",,,7,3,2","   3.3",",,,7,3,2","  10.6",",,,7,3,2","   8.0",",,,7,3,2","  13.6",",,,7,3,2","130.9",",,,7","","","11.79",",7","18.68",",,,7","4.90",",,,7"
"USC00347507","2021-04","36.35583","-97.15306","292.9","RED ROCK 7 SSE MESONET, OK US","17.3","","13.4",",7","9",",7","6",",7","1",",7","","","","","0",",7","3",",7","0",",7","16",",7","0",",7","-2.2",",7,21,","","","","","36.1",",,7,28,","28.3",",7,11,","","","  17.2",",,,7,3,2","137.8",",7","  23.3",",,,7,3,2","   6.1",",,,7,3,2","  11.7",",,,7,3,2","  11.2",",,,7,3,2","  18.3",",,,7,3,2","80.4",",,,7","","","14.18",",7","21.04",",,,7","7.33",",,,7"
"USC00347507","2021-05","36.35583","-97.15306","292.9","RED ROCK 7 SSE MESONET, OK US","58.7","","41.4",",7","14",",7","8",",7","1",",7","","","","","0",",7","0",",7","0",",7","24",",7","0",",7","4.4",",7,05,","","","","","31.5",",,7,31,","29.4",",7,08,","","","  20.6",",,,7,3,2","49.8",",7","  25.6",",,,7,3,2","  11.7",",,,7,3,2","  15.6",",,,7,3,2","  16.4",",,,7,3,2","  21.6",",,,7,3,2","100.3",",,,7","","","18.06",",7","23.31",",,,7","12.81",",,,7"
"USC00347507","2021-06","36.35583","-97.15306","292.9","RED ROCK 7 SSE MESONET, OK US","260.1","","201.4",",7","9",",7","6",",7","1",",7","","","","","0",",7","0",",7","0",",7","30",",7","15",",7","12.8",",7,03,+","","","","","96.3",",,7,26,","36.7",",7,20,+","","","  27.2",",,,7,3,2","0.5",",7","  37.8",",,,7,3,2","  16.1",",,,7,3,2","  20.0",",,,7,3,2","  23.0",",,,7,3,2","  30.9",",,,7,3,2","160.2",",,,7","","","25.03",",7","31.09",",,,7","18.97",",,,7"
"USC00347507","2021-07","36.35583","-97.15306","292.9","RED ROCK 7 SSE MESONET, OK US","508.3","","248.2",",7","7",",7","3",",7","0",",7","","","","","0",",7","0",",7","0",",7","31",",7","18",",7","15.6",",7,12,","","","","","22.1",",,7,01,","38.3",",7,31,","0.0","","  29.4",",,,7,3,2","0.0",",7","  38.3",",,,7,3,2","  21.7",",,,7,3,2","  26.1",",,,7,3,2","  25.5",",,,7,3,2","  32.9",",,,7,3,2","45.8",",,,7","","","26.34",",7","32.59",",,,7","20.09",",,,7"
"USC00347507","2021-08","36.35583","-97.15306","292.9","RED ROCK 7 SSE MESONET, OK US","787.1","","278.8",",7","7",",7","4",",7","0",",7","","","","","0",",7","0",",7","0",",7","31",",7","21",",7","15.0",",7,04,","","","","","13.0",",,7,01,","37.8",",7,25,","0.0","","  28.9",",,,7,3,2","0.0",",7","  37.2",",,,7,3,2","  22.2",",,,7,3,2","  30.0",",,,7,3,2","  26.4",",,,7,3,2","  34.5",",,,7,3,2","34.5",",,,7","","","27.33",",7","33.92",",,,7","20.74",",,,7"
"USC00347507","2021-09","36.35583","-97.15306","292.9","RED ROCK 7 SSE MESONET, OK US","992.6","","205.5",",7","4",",7","1",",7","0",",7","","","","","0",",7","0",",7","0",",7","30",",7","23",",7","7.2",",7,22,","","","","","4.3",",,7,30,","37.8",",7,01,","1.1","","  28.3",",,,7,3,2","1.1",",7","  36.7",",,,7,3,2","  19.4",",,,7,3,2","  26.1",",,,7,3,2","  24.1",",,,7,3,2","  32.0",",,,7,3,2","7.6",",,,7","","","25.15",",7","33.59",",,,7","16.71",",,,7"
"USC00347507","2021-10","36.35583","-97.15306","292.9","RED ROCK 7 SSE MESONET, OK US","1032.5","","39.9",",7","9",",7","8",",7","2",",7","","","","","0",",7","0",",7","0",",7","25",",7","2",",7","0.6",",7,30,","","","","","42.4",",,7,10,","35.6",",7,08,","64.4","","  22.2",",,,7,3,2","63.3",",7","  28.9",",,,7,3,2","   7.8",",,,7,3,2","  14.4",",,,7,3,2","  15.2",",,,7,3,2","  21.5",",,,7,3,2","147.0",",,,7","","","17.58",",7","25.22",",,,7","9.94",",,,7"
