"STATION","DATE","LATITUDE","LONGITUDE","ELEVATION","NAME","CDSD","CDSD_ATTRIBUTES","CLDD","CLDD_ATTRIBUTES","DP01","DP01_ATTRIBUTES","DP10","DP10_ATTRIBUTES","DP1X","DP1X_ATTRIBUTES","DSND","DSND_ATTRIBUTES","DSNW","DSNW_ATTRIBUTES","DT00","DT00_ATTRIBUTES","DT32","DT32_ATTRIBUTES","DX32","DX32_ATTRIBUTES","DX70","DX70_ATTRIBUTES","DX90","DX90_ATTRIBUTES","DYFG","DYFG_ATTRIBUTES","DYTS","DYTS_ATTRIBUTES","EMNT","EMNT_ATTRIBUTES","EMSD","EMSD_ATTRIBUTES","EMSN","EMSN_ATTRIBUTES","EMXP","EMXP_ATTRIBUTES","EMXT","EMXT_ATTRIBUTES","HDSD","HDSD_ATTRIBUTES","HTDD","HTDD_ATTRIBUTES","PRCP","PRCP_ATTRIBUTES","SNOW","SNOW_ATTRIBUTES","TAVG","TAVG_ATTRIBUTES","TMAX","TMAX_ATTRIBUTES","TMIN","TMIN_ATTRIBUTES"
"USC00305711","1940-07","43.96667","-74.21667","494.1","NEWCOMB 3 W, NY US","","","53.4","1,6","14",",6","10",",6","1",",6","","","","","0","1,6","0","1,6","0",",6","29",",6","0",",6","","","","","3.9","1,6,14,","","","","","33.8",",,6,30,","31.1",",6,29,","38.0","6","38.0",",6","138.2",",,,6","","","18.92","1,6","26.17",",,,6","11.67","1,,,6"
"USC00305711","1940-08","43.96667","-74.21667","494.1","NEWCOMB 3 W, NY US","","","34.8",",6","7",",6","5",",6","1",",6","","","","","0",",6","2",",6","0",",6","22",",6","0",",6","","","","","-1.7",",6,25,","","","","","28.2",",,6,31,","30.6",",6,10,","105.2","6","67.2",",6","48.2",",,,6","","","17.29",",6","24.36",",,,6","10.22",",,,6"
"USC00305711","1940-09","43.96667","-74.21667","494.1","NEWCOMB 3 W, NY US","","","1.7",",6","12",",6","6",",6","1",",6","","","","","0",",6","3",",6","0",",6","11",",6","0",",6","","","","","-1.7",",6,26,","","","","","43.9",",,6,01,","25.6",",6,19,","264.7","6","159.5",",6","96.0",",,,6","","","13.07",",6","19.56",",,,6","6.59",",,,6"
"USC00305711","1940-10","43.96667","-74.21667","494.1","NEWCOMB 3 W, NY US","","","0.6",",6","9",",6","5",",6","0",",6","","","0",",6","0",",6","21",",6","0",",6","2",",6","0",",6","","","","","-10.6",",6,22,","","","0",",T,6,27,+","22.1",",,6,08,","25.6",",6,07,","658.7","6","394.0",",6","58.6",",,,6","0",",T,,6","5.64",",6","12.27",",,,6","-0.98",",,,6"
"USC00305711","1940-11","43.96667","-74.21667","494.1","NEWCOMB 3 W, NY US","","","0.0",",6","17",",6","12",",6","1",",6","","","5",",6","1",",6","23",",6","9",",6","0",",6","0",",6","","","","","-22.2",",6,29,","","","152",",,6,27,","28.4",",,6,02,","19.4",",6,05,","1204.2","6","545.5",",6","103.2",",,,6","383",",,,6","0.15",",6","4.16",",,,6","-3.86",",,,6"
"USC00305711","1940-12","43.96667","-74.21667","494.1","NEWCOMB 3 W, NY US","","","0.0",",6","17",",6","12",",6","1",",6","31",",6","6",",6","7",",6","27",",6","15",",6","0",",6","0",",6","","","","","-33.3",",6,04,","533",",,6,05,","165",",,6,01,","25.7",",,6,28,","5.0",",6,29,","1961.1","6","756.9",",6","145.3",",,,6","564",",,,6","-6.08",",6","-0.79",",,,6","-11.37",",,,6"
"USC00305711","1941-01","43.96667","-74.21667","494.1","NEWCOMB 3 W, NY US","0.0","6","0.0",",6","16",",6","7",",6","0",",6","31",",6","11",",6","13",",6","31",",6","27",",6","0",",6","0",",6","","","","","-28.9",",6,14,","610",",,6,30,+","122",",,6,25,","8.6",",,6,17,","1.7",",6,18,","2847.3","6","886.2",",6","49.2",",,,6","606",",,,6","-10.25",",6","-4.45",",,,6","-16.06",",,,6"
"USC00305711","1941-02","43.96667","-74.21667","494.1","NEWCOMB 3 W, NY US","0.0","6","0.0",",6","10",",6","2",",6","1",",6","27","1,6","4",",6","8",",6","28",",6","21",",6","0",",6","0",",6","","","","","-26.1",",6,10,","787","1,,6,08,","188",",,6,08,","25.9",",,6,08,","5.0",",6,13,","3603.8","6","756.5",",6","51.8",",,,6","386",",,,6","-8.69",",6","-2.71",",,,6","-14.66",",,,6"
"USC00305711","1941-03","43.96667","-74.21667","494.1","NEWCOMB 3 W, NY US","0.0","6","0.0",",6","13",",6","8",",6","0",",6","31",",6","9",",6","4",",6","31",",6","12",",6","0",",6","0",",6","","","","","-26.1",",6,07,","1041",",,6,12,+","229",",,6,09,","19.3",",,6,09,","8.9",",6,23,","4352.0","6","748.2",",6","75.3",",,,6","744",",,,6","-5.80",",6","0.69",",,,6","-12.29",",,,6"
"USC00305711","1941-04","43.96667","-74.21667","494.1","NEWCOMB 3 W, NY US","2.2","6","2.2",",6","6",",6","4",",6","1",",6","","","0",",6","0",",6","18",",6","0",",6","7",",6","0",",6","","","","","-8.9",",6,04,","","","0",",T,6,22,","45.7",",,6,21,","29.4",",6,20,","4679.0","6","327.0",",6","61.5",",,,6","0",",T,,6","7.51",",6","15.79",",,,6","-0.78",",,,6"
"USC00305711","1941-05","43.96667","-74.21667","494.1","NEWCOMB 3 W, NY US","13.3","6","11.1",",6","10",",6","6",",6","0",",6","","","0",",6","0",",6","8",",6","0",",6","15",",6","0",",6","","","","","-3.9",",6,12,","","","0",",T,6,02,","21.8",",,6,17,","31.1",",6,21,","4859.8","6","180.8",",6","53.3",",,,6","0",",T,,6","12.86",",6","21.21",",,,6","4.51",",,,6"
"USC00305711","1941-06","43.96667","-74.21667","494.1","NEWCOMB 3 W, NY US","56.6","6","43.3",",6","12",",6","7",",6","0",",6","","","0",",6","0",",6","0",",6","0",",6","23",",6","2",",6","","","","","1.7",",6,12,","","","0",",,6,30,+","13.0",",,6,29,","33.9",",6,28,","4921.2","6","61.4",",6","46.4",",,,6","0",",,,6","17.73",",6","25.20",",,,6","10.25",",,,6"
"USC00305711","1941-07","43.96667","-74.21667","494.1","NEWCOMB 3 W, NY US","117.4","6","60.8",",6","13",",6","10",",6","1",",6","","","0",",6","0",",6","0",",6","0",",6","30",",6","2",",6","","","","","7.8",",6,18,+","","","0",",,6,31,+","38.6",",,6,28,","32.8",",6,25,+","10.3","6","10.3",",6","142.0",",,,6","0",",,,6","19.96",",6","26.85",",,,6","13.07",",,,6"
"USC00305711","1941-08","43.96667","-74.21667","494.1","NEWCOMB 3 W, NY US","134.6","6","17.2",",6","13",",6","6",",6","0",",6","","","0",",6","0",",6","0",",6","0",",6","24",",6","0",",6","","","","","2.2",",6,29,","","","0",",,6,31,+","21.6",",,6,25,","30.6",",6,08,","90.7","6","80.4",",6","82.6",",,,6","0",",,,6","16.30",",6","23.21",",,,6","9.38",",,,6"
"USC00305711","1941-09","43.96667","-74.21667","494.1","NEWCOMB 3 W, NY US","152.4","6","17.8",",6","11",",6","5",",6","0",",6","","","","","0",",6","3",",6","0",",6","21",",6","0",",6","","","","","-4.4",",6,30,","","","","","24.1",",,6,01,","29.4",",6,16,+","204.8","6","114.1",",6","71.3",",,,6","","","15.12",",6","22.98",",,,6","7.26",",,,6"
"USC00305711","1941-10","43.96667","-74.21667","494.1","NEWCOMB 3 W, NY US","152.4","6","0.0",",6","23",",6","16",",6","0",",6","","","0",",6","0",",6","12",",6","0",",6","3",",6","0",",6","","","","","-10.6",",6,26,","","","15",",,6,25,","22.4",",,6,03,","24.4",",6,05,","543.1","6","338.3",",6","114.4",",,,6","28",",,,6","7.42",",6","13.01",",,,6","1.83",",,,6"
"USC00305711","1941-11","43.96667","-74.21667","494.1","NEWCOMB 3 W, NY US","152.4","6","0.0",",6","14",",6","7",",6","0",",6","","","1",",6","0",",6","24",",6","2",",6","0",",6","0",",6","","","","","-9.4",",6,17,+","","","69",",,6,27,","20.8",",,6,01,","18.9",",6,20,+","1024.0","6","480.9",",6","71.1",",,,6","121",",,,6","2.30",",6","6.82",",,,6","-2.21",",,,6"
"USC00305711","1941-12","43.96667","-74.21667","494.1","NEWCOMB 3 W, NY US","152.4","6","0.0",",6","13",",6","5",",6","0",",6","25","2,6","7",",6","4",",6","31",",6","18",",6","0",",6","0",",6","","","","","-25.0",",6,22,","356","2,,6,15,","173",",,6,13,","17.0",",,6,13,","12.8",",6,06,+","1743.0","6","719.0",",6","58.9",",,,6","561",",,,6","-4.86",",6","0.17",",,,6","-9.89",",,,6"
"USC00305711","1942-01","43.96667","-74.21667","494.1","NEWCOMB 3 W, NY US","0.0","6","0.0",",6","14",",6","6",",6","0",",6","31",",6","7",",6","14",",6","30",",6","22",",6","0",",6","0",",6","","","","","-36.7",",6,08,","406",",,6,16,","150",",,6,04,","24.6",",,6,02,","8.3",",6,18,","2591.7","6","848.7",",6","62.0",",,,6","539",",,,6","-9.04",",6","-2.94",",,,6","-15.15",",,,6"
"USC00305711","1942-02","43.96667","-74.21667","494.1","NEWCOMB 3 W, NY US","0.0","6","0.0",",6","18",",6","7",",6","0",",6","28",",6","9",",6","10",",6","28",",6","26",",6","0",",6","0",",6","","","","","-28.3",",6,04,","635",",,6,27,","102",",,6,01,","12.7",",,6,17,","3.9",",6,17,","3373.8","6","782.1",",6","74.8",",,,6","565",",,,6","-9.60",",6","-4.34",",,,6","-14.86",",,,6"
"USC00305711","1942-03","43.96667","-74.21667","494.1","NEWCOMB 3 W, NY US","0.0","6","0.0",",6","18","1,6","9","1,6","0","1,6","31",",6","6",",6","0",",6","30",",6","2",",6","0",",6","0",",6","","","","","-11.1",",6,21,","584",",,6,07,+","150",",,6,10,","24.4","1,,6,22,","16.7",",6,08,","3946.1","6","572.3",",6","101.8","1,,,6","428",",,,6","-0.13",",6","4.87",",,,6","-5.13",",,,6"
"USC00305711","1942-04","43.96667","-74.21667","494.1","NEWCOMB 3 W, NY US","0.0","6","0.0",",6","16",",6","11",",6","1",",6","","","2",",6","0",",6","20",",6","0",",6","8",",6","0",",6","","","","","-6.1",",6,14,","","","94",",,6,10,","34.5",",,6,07,","27.8",",6,25,","4299.4","6","353.3",",6","110.1",",,,6","165",",,,6","6.56",",6","13.34",",,,6","-0.23",",,,6"
"USC00305711","1942-05","43.96667","-74.21667","494.1","NEWCOMB 3 W, NY US","4.7","6","4.7",",6","14",",6","7",",6","0",",6","","","0",",6","0",",6","1",",6","0",",6","13",",6","0",",6","","","","","-3.3",",6,11,","","","0",",T,6,10,","23.6",",,6,23,","29.4",",6,14,","4437.9","6","138.5",",6","87.6",",,,6","0",",T,,6","14.02",",6","20.58",",,,6","7.45",",,,6"
"USC00305711","1942-06","43.96667","-74.21667","494.1","NEWCOMB 3 W, NY US","24.9","6","20.2","1,6","14",",6","7",",6","1",",6","","","","","0","1,6","0","1,6","0",",6","23",",6","0",",6","","","","","4.4","1,6,09,","","","","","48.0",",,6,14,","31.1",",6,10,","4500.6","6","62.7",",6","80.7",",,,6","","","16.94","1,6","23.51",",,,6","10.37","1,,,6"
"USC00305711","1942-07","43.96667","-74.21667","494.1","NEWCOMB 3 W, NY US","72.7","6","47.8",",6","13",",6","7",",6","0",",6","","","","","0",",6","0",",6","0",",6","28",",6","2",",6","","","","","5.6",",6,10,","","","","","20.1",",,6,31,","32.8",",6,19,","27.4","6","27.4",",6","64.8",",,,6","","","18.99",",6","25.65",",,,6","12.34",",,,6"
"USC00305711","1942-08","43.96667","-74.21667","494.1","NEWCOMB 3 W, NY US","111.8","6","39.1",",6","12",",6","6",",6","0",",6","","","","","0",",6","0",",6","0",",6","26",",6","0",",6","","","","","1.7",",6,25,","","","","","15.2",",,6,28,","29.4",",6,31,+","75.0","6","47.6",",6","53.5",",,,6","","","18.06",",6","24.76",",,,6","11.36",",,,6"
"USC00305711","1942-09","43.96667","-74.21667","494.1","NEWCOMB 3 W, NY US","133.2","6","21.4",",6","18",",6","9",",6","2",",6","","","0",",6","0",",6","5",",6","0",",6","15",",6","0",",6","","","","","-3.9",",6,29,","","","0",",T,6,28,","111.8",",,6,27,","31.7",",6,01,","220.3","6","145.3",",6","202.5",",,,6","0",",T,,6","14.20",",6","20.89",",,,6","7.52",",,,6"
"USC00305711","1942-10","43.96667","-74.21667","494.1","NEWCOMB 3 W, NY US","133.2","6","0.0","1,6","12",",6","8",",6","2",",6","","","2",",6","0",",6","17",",6","0","1,6","3","1,6","0","1,6","","","","","-5.0",",6,29,+","","","64",",,6,27,","36.1",",,6,22,","22.2","1,6,15,+","518.7","6","298.4","1,6","112.6",",,,6","115",",,,6","8.37","1,6","15.74","1,,,6","1.00",",,,6"
"USC00305711","1942-11","43.96667","-74.21667","494.1","NEWCOMB 3 W, NY US","133.2","6","0.0",",6","16",",6","7",",6","0",",6","","","2",",6","0",",6","24",",6","7",",6","0",",6","0",",6","","","","","-15.6",",6,15,","","","193",",,6,13,","16.5",",,6,10,","15.6",",6,01,","1050.1","6","531.4",",6","61.0",",,,6","390",",,,6","0.62",",6","6.04",",,,6","-4.80",",,,6"
"USC00305711","1942-12","43.96667","-74.21667","494.1","NEWCOMB 3 W, NY US","133.2","6","0.0",",6","19",",6","11",",6","1",",6","31",",6","13",",6","9",",6","31",",6","26",",6","0",",6","0",",6","","","","","-35.0",",6,20,","559",",,6,04,","213",",,6,04,","42.7",",,6,30,","1.1",",6,31,+","1893.4","6","843.3",",6","134.3",",,,6","1145",",,,6","-8.87",",6","-4.25",",,,6","-13.48",",,,6"
"USC00305711","1943-01","43.96667","-74.21667","494.1","NEWCOMB 3 W, NY US","0.0","6","0.0",",6","15",",6","8",",6","0",",6","31",",6","13",",6","11",",6","31",",6","28",",6","0",",6","0",",6","","","","","-29.4",",6,09,","737",",,6,31,+","163",",,6,04,","13.0",",,6,19,","5.6",",6,29,","2783.9","6","890.5",",6","58.0",",,,6","889",",,,6","-10.39",",6","-4.75",",,,6","-16.04",",,,6"
"USC00305711","1943-02","43.96667","-74.21667","494.1","NEWCOMB 3 W, NY US","0.0","6","0.0",",6","18",",6","9",",6","0",",6","28",",6","13",",6","9",",6","28",",6","18",",6","0",",6","0",",6","","","","","-40.0",",6,16,","1016",",,6,14,+","140",",,6,07,","19.6",",,6,11,","12.2",",6,23,","3528.8","6","744.9",",6","86.2",",,,6","965",",,,6","-8.27",",6","-1.84",",,,6","-14.70",",,,6"
"USC00305711","1943-03","43.96667","-74.21667","494.1","NEWCOMB 3 W, NY US","0.0","6","0.0",",6","17",",6","9",",6","0",",6","","","3","2,6","6",",6","31",",6","13",",6","0",",6","0",",6","","","","","-34.4",",6,09,","","","119","2,,6,06,","15.7",",,6,07,","12.2",",6,26,","4230.2","6","701.4",",6","77.6",",,,6","301","2,,,6","-4.29",",6","1.48",",,,6","-10.06",",,,6"
"USC00305711","1943-04","43.96667","-74.21667","494.1","NEWCOMB 3 W, NY US","0.0","6","0.0",",6","19",",6","11",",6","0",",6","","","6",",6","0",",6","28",",6","4",",6","0",",6","0",",6","","","","","-16.7",",6,07,+","","","102",",,6,05,","19.1",",,6,30,","18.3",",6,24,","4774.9","6","544.7",",6","118.1",",,,6","403",",,,6","0.18",",6","6.32",",,,6","-5.97",",,,6"
"USC00305711","1943-05","43.96667","-74.21667","494.1","NEWCOMB 3 W, NY US","0.0","6","0.0",",6","16",",6","9",",6","2",",6","","","0",",6","0",",6","6",",6","0",",6","8",",6","0",",6","","","","","-7.8",",6,02,","","","20",",,6,01,","36.6",",,6,21,","25.0",",6,31,+","5015.5","6","240.6",",6","146.8",",,,6","20",",,,6","10.57",",6","17.35",",,,6","3.79",",,,6"
"USC00305711","1943-06","43.96667","-74.21667","494.1","NEWCOMB 3 W, NY US","47.9","6","47.9","2,6","14",",6","11",",6","0",",6","","","","","0","2,6","0","2,6","0","2,6","25","2,6","0","2,6","","","","","3.3","2,6,09,","","","","","16.5",",,6,07,","31.7","2,6,24,","5058.0","6","42.5","2,6","89.7",",,,6","","","18.53","2,6","25.53","2,,,6","11.53","2,,,6"
"USC00305711","1943-07","43.96667","-74.21667","494.1","NEWCOMB 3 W, NY US","92.8","6","44.9","1,6","13",",6","11",",6","2",",6","","","","","0","1,6","0","1,6","0",",6","30",",6","0",",6","","","","","5.0","1,6,02,+","","","","","28.2",",,6,05,","31.1",",6,10,","18.0","6","18.0",",6","115.6",",,,6","","","19.20","1,6","26.52",",,,6","11.89","1,,,6"
"USC00305711","1943-08","43.96667","-74.21667","494.1","NEWCOMB 3 W, NY US","117.0","6","24.2",",6","17",",6","10",",6","1",",6","","","","","0",",6","0",",6","0",",6","24",",6","0",",6","","","","","3.9",",6,27,","","","","","27.2",",,6,04,","30.0",",6,02,","69.4","6","51.4",",6","108.4",",,,6","","","17.45",",6","23.43",",,,6","11.48",",,,6"
"USC00305711","1943-09","43.96667","-74.21667","494.1","NEWCOMB 3 W, NY US","123.9","6","6.9",",6","7",",6","4",",6","0",",6","","","","","0",",6","7",",6","0",",6","15",",6","0",",6","","","","","-3.3",",6,27,","","","","","24.1",",,6,16,","28.3",",6,06,","243.0","6","173.6",",6","62.8",",,,6","","","12.78",",6","19.94",",,,6","5.61",",,,6"
"USC00305711","1943-10","43.96667","-74.21667","494.1","NEWCOMB 3 W, NY US","123.9","6","0.0",",6","16",",6","10",",6","2",",6","","","0",",6","0",",6","11",",6","0",",6","4",",6","0",",6","","","","","-7.8",",6,11,","","","0",",T,6,31,+","34.3",",,6,27,","23.9",",6,13,","583.4","6","340.4",",6","119.2",",,,6","0",",T,,6","7.35",",6","13.35",",,,6","1.36",",,,6"
"USC00305711","1943-11","43.96667","-74.21667","494.1","NEWCOMB 3 W, NY US","123.9","6","0.0",",6","13","1,6","9","1,6","1","1,6","","","6",",6","1",",6","26",",6","7",",6","0",",6","0",",6","","","","","-19.4",",6,29,","","","216",",,6,22,","27.4","1,,6,21,","13.9",",6,09,+","1145.7","6","562.3",",6","118.0","1,,,6","556",",,,6","-0.41",",6","4.63",",,,6","-5.45",",,,6"
"USC00305711","1943-12","43.96667","-74.21667","494.1","NEWCOMB 3 W, NY US","123.9","6","0.0",",6","10",",6","7",",6","0",",6","31",",6","7",",6","13",",6","31",",6","22",",6","0",",6","0",",6","","","","","-34.4",",6,24,","432",",,6,21,","97",",,6,11,","11.2",",,6,27,","3.9",",6,09,","2015.3","6","869.6",",6","40.9",",,,6","478",",,,6","-9.72",",6","-3.04",",,,6","-16.40",",,,6"
"USC00305711","1944-01","43.96667","-74.21667","494.1","NEWCOMB 3 W, NY US","0.0","6","0.0","2,6","10",",6","7",",6","1",",6","29","2,6","5",",6","9","2,6","29","2,6","20","2,6","0","2,6","0","2,6","","","","","-32.8","2,6,17,","737","2,,6,06,","406",",,6,06,","33.0",",,6,06,","6.1","2,6,27,","2773.6","6","758.3","2,6","66.2",",,,6","650",",,,6","-7.82","2,6","-1.45","2,,,6","-14.18","2,,,6"
"USC00305711","1944-02","43.96667","-74.21667","494.1","NEWCOMB 3 W, NY US","0.0","6","0.0",",6","11",",6","7",",6","0",",6","29",",6","8",",6","15",",6","29",",6","16",",6","0",",6","0",",6","","","","","-31.7",",6,19,","965",",,6,18,","262",",,6,15,","24.1",",,6,15,","6.1",",6,06,","3571.9","6","798.3",",6","66.0",",,,6","902",",,,6","-9.19",",6","-2.04",",,,6","-16.35",",,,6"
"USC00305711","1944-03","43.96667","-74.21667","494.1","NEWCOMB 3 W, NY US","0.0","6","0.0",",6","11",",6","8",",6","0",",6","31",",6","5",",6","9",",6","31",",6","12",",6","0",",6","0",",6","","","","","-28.9",",6,06,","965",",,6,23,","152",",,6,20,","13.0",",,6,23,","14.4",",6,25,","4324.3","6","752.4",",6","66.6",",,,6","428",",,,6","-5.94",",6","1.07",",,,6","-12.95",",,,6"
"USC00305711","1944-04","43.96667","-74.21667","494.1","NEWCOMB 3 W, NY US","0.0","6","0.0","2,6","10",",6","8",",6","2",",6","24","4,6","2",",6","0","2,6","27","2,6","1","2,6","0","2,6","0","2,6","","","","","-16.7","2,6,05,","660","4,,6,02,+","89",",,6,12,","33.0",",,6,10,","18.9","2,6,30,","4815.7","6","491.4","2,6","126.0",",,,6","127",",,,6","0.78","2,6","7.15","2,,,6","-5.58","2,,,6"
"USC00305711","1944-05","43.96667","-74.21667","494.1","NEWCOMB 3 W, NY US","6.9","6","6.9",",6","5",",6","5",",6","1",",6","","","","","0",",6","4",",6","0",",6","22",",6","0",",6","","","","","-3.3",",6,19,","","","","","28.7",",,6,22,","31.1",",6,05,","4946.9","6","131.2",",6","55.7",",,,6","","","14.32",",6","23.07",",,,6","5.57",",,,6"
"USC00305711","1944-06","43.96667","-74.21667","494.1","NEWCOMB 3 W, NY US","26.3","6","19.4",",6","7",",6","7",",6","1",",6","","","","","0",",6","1",",6","0",",6","25",",6","2",",6","","","","","0.0",",6,04,","","","","","54.6",",,6,24,","35.0",",6,28,","5021.3","6","74.4",",6","110.1",",,,6","","","16.50",",6","24.14",",,,6","8.86",",,,6"
"USC00305711","1944-07","43.96667","-74.21667","494.1","NEWCOMB 3 W, NY US","80.8","6","54.5",",6","10",",6","7",",6","0",",6","","","","","0",",6","0",",6","0",",6","29",",6","4",",6","","","","","4.4",",6,02,","","","","","16.8",",,6,27,","34.4",",6,12,+","24.2","6","24.2",",6","77.7",",,,6","","","19.31",",6","27.60",",,,6","11.02",",,,6"
"USC00305711","1944-08","43.96667","-74.21667","494.1","NEWCOMB 3 W, NY US","146.0","6","65.2",",6","7",",6","3",",6","0",",6","","","","","0",",6","0",",6","0",",6","26",",6","7",",6","","","","","2.8",",6,28,","","","","","12.7",",,6,24,","34.4",",6,15,","68.7","6","44.5",",6","36.1",",,,6","","","19.00",",6","27.27",",,,6","10.74",",,,6"
"USC00305711","1944-09","43.96667","-74.21667","494.1","NEWCOMB 3 W, NY US","150.0","6","4.0","1,6","14",",6","10",",6","1",",6","","","","","0",",6","4",",6","0","1,6","12","1,6","0","1,6","","","","","-1.7",",6,25,+","","","","","43.7",",,6,15,","27.2","1,6,12,+","201.1","6","132.4","1,6","132.4",",,,6","","","14.05","1,6","20.61","1,,,6","7.48",",,,6"
"USC00305711","1944-10","43.96667","-74.21667","494.1","NEWCOMB 3 W, NY US","150.0","6","0.0",",6","11",",6","7",",6","0",",6","","","1",",6","0",",6","18",",6","0",",6","5",",6","0",",6","","","","","-6.7",",6,31,","","","38",",,6,15,","23.4",",,6,21,","22.8",",6,07,+","550.4","6","349.3",",6","71.2",",,,6","38",",,,6","7.07",",6","13.71",",,,6","0.43",",,,6"
"USC00305711","1944-11","43.96667","-74.21667","494.1","NEWCOMB 3 W, NY US","150.0","6","0.0",",6","7","1,6","3","1,6","1","1,6","","","3",",6","0",",6","29",",6","6",",6","0",",6","0",",6","","","","","-8.9",",6,20,","","","274",",,6,30,","34.5","1,,6,30,","18.3",",6,03,+","1080.1","6","529.7",",6","65.7","1,,,6","401",",,,6","0.68",",6","5.18",",,,6","-3.83",",,,6"
"USC00305711","1944-12","43.96667","-74.21667","494.1","NEWCOMB 3 W, NY US","150.0","6","0.0","1,6","10",",6","5",",6","0",",6","31",",6","8",",6","11",",6","31",",6","24","1,6","0","1,6","0","1,6","","","","","-32.2",",6,27,","533",",,6,28,","203",",,6,28,","16.5",",,6,28,","5.0","1,6,07,+","1882.2","6","802.1","1,6","53.9",",,,6","596",",,,6","-8.32","1,6","-2.47","1,,,6","-14.16",",,,6"
"USC00305711","1945-01","43.96667","-74.21667","494.1","NEWCOMB 3 W, NY US","0.0","6","0.0",",6","15",",6","9",",6","1",",6","31",",6","10",",6","16",",6","31",",6","29",",6","0",",6","0",",6","","","","","-31.7",",6,10,+","660",",,6,30,+","89",",,6,29,+","34.3",",,6,01,","3.9",",6,01,","2834.5","6","952.3",",6","77.2",",,,6","624",",,,6","-12.39",",6","-5.73",",,,6","-19.05",",,,6"
"USC00305711","1945-02","43.96667","-74.21667","494.1","NEWCOMB 3 W, NY US","0.0","6","0.0",",6","15",",6","7",",6","1",",6","28",",6","9",",6","5",",6","28",",6","15",",6","0",",6","0",",6","","","","","-24.4",",6,13,","889",",,6,16,","140",",,6,05,","33.0",",,6,22,","5.6",",6,28,","3524.8","6","690.3",",6","80.8",",,,6","584",",,,6","-6.32",",6","-1.00",",,,6","-11.64",",,,6"
"USC00305711","1945-03","43.96667","-74.21667","494.1","NEWCOMB 3 W, NY US","0.0","6","0.0",",6","12",",6","10",",6","0",",6","30",",6","2",",6","0",",6","26",",6","1",",6","3",",6","0",",6","","","","","-16.1",",6,05,","737",",,6,02,+","74",",,6,12,","17.3",",,6,22,","23.9",",6,28,","4026.3","6","501.5",",6","86.4",",,,6","133",",,,6","2.15",",6","8.95",",,,6","-4.64",",,,6"
"USC00305711","1945-04","43.96667","-74.21667","494.1","NEWCOMB 3 W, NY US","0.0","6","0.0","3,6","13",",6","10",",6","1",",6","","","2",",6","0","2,6","19","2,6","0","3,6","6","3,6","0","3,6","","","","","-5.6","2,6,23,+","","","71",",,6,22,","25.4",",,6,05,","28.3","3,6,11,","4330.8","6","304.5","3,6","125.4",",,,6","117",",,,6","6.96","3,6","14.40","3,,,6","-0.48","2,,,6"
"USC00305711","1945-05","43.96667","-74.21667","494.1","NEWCOMB 3 W, NY US","0.0","6","0.0",",6","24",",6","17",",6","1",",6","","","2",",6","0",",6","9",",6","0",",6","4",",6","0",",6","","","","","-2.8",",6,10,","","","107",",,6,11,","32.3",",,6,18,","28.9",",6,22,","4614.8","6","284.0",",6","180.7",",,,6","171",",,,6","9.17",",6","14.91",",,,6","3.44",",,,6"
"USC00305711","1945-06","43.96667","-74.21667","494.1","NEWCOMB 3 W, NY US","29.2","6","29.2",",6","12",",6","9",",6","0",",6","","","","","0",",6","1",",6","0",",6","22",",6","0",",6","","","","","-1.1",",6,01,","","","","","11.4",",,6,15,","30.6",",6,30,+","4703.7","6","88.9",",6","59.2",",,,6","","","16.34",",6","23.33",",,,6","9.35",",,,6"
"USC00305711","1945-07","43.96667","-74.21667","494.1","NEWCOMB 3 W, NY US","74.2","6","45.0",",6","13",",6","9",",6","3",",6","","","","","0",",6","0",",6","0",",6","28",",6","0",",6","","","","","5.0",",6,04,","","","","","59.4",",,6,15,","30.6",",6,25,","28.5","6","28.5",",6","193.6",",,,6","","","18.87",",6","25.43",",,,6","12.30",",,,6"
"USC00305711","1945-08","43.96667","-74.21667","494.1","NEWCOMB 3 W, NY US","102.6","6","28.4","1,6","8",",6","4",",6","0",",6","","","","","0",",6","0",",6","0","1,6","24","1,6","0","1,6","","","","","5.0",",6,16,","","","","","10.9",",,6,26,","30.6","1,6,20,","73.5","6","45.0","1,6","25.0",",,,6","","","17.76","1,6","24.61","1,,,6","10.92",",,,6"
"USC00305711","1945-09","43.96667","-74.21667","494.1","NEWCOMB 3 W, NY US","125.9","6","23.3","1,6","15",",6","13",",6","3",",6","","","","","0",",6","3",",6","0","1,6","16","1,6","2","1,6","","","","","-2.8",",6,30,","","","","","83.3",",,6,15,","32.2","1,6,08,+","184.5","6","111.0","1,6","254.1",",,,6","","","15.29","1,6","21.40","1,,,6","9.18",",,,6"
"USC00305711","1945-10","43.96667","-74.21667","494.1","NEWCOMB 3 W, NY US","125.9","6","0.0",",6","17",",6","16",",6","2",",6","","","0",",6","0",",6","16",",6","0",",6","4",",6","0",",6","","","","","-5.6",",6,04,","","","0",",T,6,27,+","38.4",",,6,02,","24.4",",6,19,","540.9","6","356.4",",6","184.4",",,,6","0",",T,,6","6.84",",6","13.04",",,,6","0.63",",,,6"
"USC00305711","1945-11","43.96667","-74.21667","494.1","NEWCOMB 3 W, NY US","125.9","6","0.0",",6","17",",6","10",",6","0",",6","","","8",",6","0",",6","24",",6","6",",6","0",",6","0",",6","","","","","-15.6",",6,27,","","","102",",,6,16,","16.3",",,6,02,","19.4",",6,08,","1062.0","6","521.1",",6","107.6",",,,6","447",",,,6","0.96",",6","5.58",",,,6","-3.66",",,,6"
"USC00305711","1945-12","43.96667","-74.21667","494.1","NEWCOMB 3 W, NY US","125.9","6","0.0","4,6","13",",6","6",",6","0",",6","26","5,6","5",",6","11","4,6","27","4,6","20","4,6","0","4,6","0","4,6","","","","","-26.7","4,6,22,","356","5,,6,31,+","102",",,6,25,","16.0",",,6,07,","3.9","4,6,05,","1793.7","6","731.7","4,6","59.7",",,,6","346",",,,6","-8.77","4,6","-3.31","4,,,6","-14.22","4,,,6"
"USC00305711","1946-01","43.96667","-74.21667","494.1","NEWCOMB 3 W, NY US","0.0","6","0.0","2,6","13","1,6","8","1,6","0","1,6","27","4,6","8","1,6","12","1,6","29","1,6","18","2,6","0","2,6","0","2,6","","","","","-33.3","1,6,27,+","356","4,,6,21,+","140","1,,6,19,","10.4","1,,6,21,","12.8","2,6,07,","2557.0","6","763.3","2,6","55.3","1,,,6","695","1,,,6","-8.15","2,6","-1.88","2,,,6","-14.43","1,,,6"
"USC00305711","1946-02","43.96667","-74.21667","494.1","NEWCOMB 3 W, NY US","0.0","6","0.0","1,6","13",",6","6",",6","1",",6","28",",6","9",",6","13",",6","28",",6","17","1,6","0","1,6","0","1,6","","","","","-28.9",",6,11,","711",",,6,28,","457",",,6,20,","30.5",",,6,20,","11.7","1,6,14,","3299.4","6","742.4","1,6","85.5",",,,6","957",",,,6","-9.25","1,6","-1.68","1,,,6","-16.83",",,,6"
"USC00305711","1946-03","43.96667","-74.21667","494.1","NEWCOMB 3 W, NY US","0.0","6","0.0","1,6","6",",6","3",",6","0",",6","","","1",",6","0","1,6","24","1,6","2","1,6","2","1,6","0","1,6","","","","","-15.6","1,6,01,","","","64",",,6,11,","23.1",",,6,09,","23.9","1,6,29,","3746.4","6","447.0","1,6","34.5",",,,6","64",",,,6","3.43","1,6","11.39","1,,,6","-4.52","1,,,6"
"USC00305711","1946-04","43.96667","-74.21667","494.1","NEWCOMB 3 W, NY US","0.0","6","0.0","4,6","11","1,6","7","1,6","0","1,6","","","2",",6","0","4,6","23","4,6","0","4,6","2","4,6","0","4,6","","","","","-11.7","4,6,01,","","","66",",,6,27,","14.2","1,,6,03,","26.7","4,6,23,","4128.1","6","381.7","4,6","55.1","1,,,6","99",",,,6","3.65","4,6","10.18","4,,,6","-2.87","4,,,6"
"USC00305711","1946-05","43.96667","-74.21667","494.1","NEWCOMB 3 W, NY US","0.0","6","0.0",",6","13",",6","11",",6","1",",6","","","","","0",",6","8",",6","0",",6","11",",6","0",",6","","","","","-6.7",",6,04,","","","","","26.9",",,6,21,","27.2",",6,25,","4369.0","6","240.9",",6","117.4",",,,6","","","10.56",",6","17.47",",,,6","3.65",",,,6"
"USC00305711","1946-06","43.96667","-74.21667","494.1","NEWCOMB 3 W, NY US","34.1","6","34.1",",6","13",",6","8",",6","1",",6","","","","","0",",6","0",",6","0",",6","20",",6","5",",6","","","","","0.6",",6,19,","","","","","33.0",",,6,01,","32.8",",6,28,","4472.5","6","103.5",",6","92.3",",,,6","","","16.02",",6","23.89",",,,6","8.15",",,,6"
"USC00305711","1946-07","43.96667","-74.21667","494.1","NEWCOMB 3 W, NY US","70.0","6","35.9",",6","12",",6","8",",6","0",",6","","","","","0",",6","0",",6","0",",6","30",",6","1",",6","","","","","3.3",",6,16,","","","","","24.6",",,6,02,","33.3",",6,19,","27.5","6","27.5",",6","91.0",",,,6","","","18.60",",6","26.28",",,,6","10.93",",,,6"
"USC00305711","1946-08","43.96667","-74.21667","494.1","NEWCOMB 3 W, NY US","81.1","6","11.1",",6","","","","","","","","","","","0",",6","0",",6","0",",6","18",",6","0",",6","","","","","1.1",",6,30,","","","","","","","30.0",",6,08,","109.9","6","82.4",",6","","","","","16.03",",6","22.26",",,,6","9.80",",,,6"
"USC00305711","1946-09","43.96667","-74.21667","494.1","NEWCOMB 3 W, NY US","86.9","6","5.8",",6","11",",6","5",",6","2",",6","","","0",",6","0",",6","2",",6","0",",6","19",",6","0",",6","","","","","-1.7",",6,14,","","","0",",T,6,30,","32.8",",,6,30,","30.0",",6,18,","214.4","6","104.5",",6","103.3",",,,6","0",",T,,6","15.04",",6","23.15",",,,6","6.94",",,,6"
"USC00305711","1946-10","43.96667","-74.21667","494.1","NEWCOMB 3 W, NY US","86.9","6","0.0",",6","12",",6","9",",6","2",",6","","","1",",6","0",",6","14",",6","0",",6","10",",6","0",",6","","","","","-7.2",",6,21,","","","135",",,6,01,","33.0",",,6,01,","27.2",",6,07,+","477.6","6","263.2",",6","138.5",",,,6","135",",,,6","9.84",",6","18.04",",,,6","1.65",",,,6"
"USC00305711","1946-11","43.96667","-74.21667","494.1","NEWCOMB 3 W, NY US","86.9","6","0.0",",6","21",",6","9",",6","0",",6","","","0",",6","0",",6","18",",6","3",",6","0",",6","0",",6","","","","","-12.8",",6,24,","","","18",",,6,29,+","18.8",",,6,26,","20.0",",6,02,","946.2","6","468.6",",6","98.3",",,,6","77",",,,6","2.71",",6","7.30",",,,6","-1.87",",,,6"
"USC00305711","1946-12","43.96667","-74.21667","494.1","NEWCOMB 3 W, NY US","86.9","6","0.0",",6","24",",6","9",",6","1",",6","27","4,6","9",",6","5",",6","29",",6","17",",6","0",",6","0",",6","","","","","-27.2",",6,27,","508","4,,6,29,","178",",,6,28,","35.6",",,6,28,","11.1",",6,13,","1687.8","6","741.6",",6","131.5",",,,6","931",",,,6","-5.59",",6","-0.59",",,,6","-10.59",",,,6"
"USC00305711","1947-01","43.96667","-74.21667","494.1","NEWCOMB 3 W, NY US","0.0","6","0.0",",6","23",",6","12",",6","1",",6","31",",6","11",",6","8",",6","31",",6","18",",6","0",",6","0",",6","","","","","-26.7",",6,01,","610",",,6,21,+","152",",,6,02,","30.5",",,6,20,","5.6",",6,31,+","2470.1","6","782.3",",6","140.3",",,,6","708",",,,6","-6.90",",6","-1.30",",,,6","-12.50",",,,6"
"USC00305711","1947-02","43.96667","-74.21667","494.1","NEWCOMB 3 W, NY US","0.0","6","0.0",",6","17",",6","6",",6","0",",6","28",",6","15",",6","6",",6","28",",6","22",",6","0",",6","0",",6","","","","","-30.0",",6,20,","787",",,6,25,","140",",,6,10,","8.1",",,6,05,","6.7",",6,14,","3242.3","6","772.2",",6","45.8",",,,6","997",",,,6","-9.24",",6","-3.85",",,,6","-14.64",",,,6"
"USC00305711","1947-03","43.96667","-74.21667","494.1","NEWCOMB 3 W, NY US","0.0","6","0.0",",6","20",",6","9",",6","1",",6","31",",6","8",",6","0",",6","30",",6","13",",6","0",",6","0",",6","","","","","-15.0",",6,31,+","1168",",,6,03,","460",",,6,03,","44.2",",,6,03,","8.9",",6,13,","3916.5","6","674.2",",6","119.7",",,,6","1048",",,,6","-3.42",",6","1.45",",,,6","-8.28",",,,6"
"USC00305711","1947-04","43.96667","-74.21667","494.1","NEWCOMB 3 W, NY US","0.0","6","0.0",",6","16",",6","10",",6","0",",6","","","1",",6","0",",6","24",",6","0",",6","0",",6","0",",6","","","","","-13.9",",6,01,","","","69",",,6,16,","20.3",",,6,13,","17.8",",6,06,","4384.7","6","468.2",",6","105.5",",,,6","100",",,,6","2.73",",6","8.78",",,,6","-3.33",",,,6"
"USC00305711","1947-05","43.96667","-74.21667","494.1","NEWCOMB 3 W, NY US","0.0","6","0.0",",6","20",",6","16",",6","3",",6","","","0",",6","0",",6","6",",6","0",",6","10",",6","0",",6","","","","","-5.0",",6,10,","","","5",",,6,07,","47.5",",,6,22,","26.7",",6,23,","4620.9","6","236.2",",6","200.5",",,,6","5",",,,6","10.71",",6","17.33",",,,6","4.10",",,,6"
"USC00305711","1947-06","43.96667","-74.21667","494.1","NEWCOMB 3 W, NY US","22.4","6","22.4",",6","16",",6","13",",6","4",",6","","","","","0",",6","1",",6","0",",6","19",",6","1",",6","","","","","-0.6",",6,01,","","","","","41.1",",,6,03,","33.3",",6,11,","4712.6","6","91.7",",6","195.6",",,,6","","","16.03",",6","23.09",",,,6","8.96",",,,6"
"USC00305711","1947-07","43.96667","-74.21667","494.1","NEWCOMB 3 W, NY US","74.2","6","51.8",",6","20",",6","12",",6","1",",6","","","","","0",",6","0",",6","0",",6","28",",6","0",",6","","","","","7.2",",6,04,+","","","","","64.8",",,6,07,","30.6",",6,01,","11.4","6","11.4",",6","184.6",",,,6","","","19.64",",6","25.65",",,,6","13.62",",,,6"
"USC00305711","1947-08","43.96667","-74.21667","494.1","NEWCOMB 3 W, NY US","166.8","6","92.6","1,6","11",",6","4",",6","0",",6","","","","","0",",6","0",",6","0","1,6","27","1,6","4","1,6","","","","","3.9",",6,02,+","","","","","17.8",",,6,19,","34.4","1,6,13,","30.0","6","18.6","1,6","41.9",",,,6","","","20.71","1,6","27.69","1,,,6","13.73",",,,6"
"USC00305711","1947-09","43.96667","-74.21667","494.1","NEWCOMB 3 W, NY US","197.2","6","30.4",",6","9",",6","6",",6","0",",6","","","0",",6","0",",6","7",",6","0",",6","17",",6","0",",6","","","","","-5.6",",6,27,","","","13",",,6,27,","19.3",",,6,22,","30.6",",6,07,","175.5","6","145.5",",6","71.1",",,,6","13",",,,6","14.49",",6","21.98",",,,6","7.01",",,,6"
"USC00305711","1947-10","43.96667","-74.21667","494.1","NEWCOMB 3 W, NY US","197.2","6","0.0",",6","4",",6","3",",6","0",",6","","","","","0",",6","11",",6","0",",6","16",",6","0",",6","","","","","-7.8",",6,25,","","","","","6.9",",,6,31,","29.4",",6,16,","391.1","6","215.6",",6","14.8",",,,6","","","11.38",",6","20.01",",,,6","2.75",",,,6"
"USC00305711","1947-11","43.96667","-74.21667","494.1","NEWCOMB 3 W, NY US","197.2","6","0.0","1,6","18",",6","6",",6","2",",6","","","5",",6","1","1,6","26","1,6","9","1,6","0","1,6","0","1,6","","","","","-17.8","1,6,27,","","","178",",,6,24,","54.1",",,6,08,","16.7","1,6,03,+","959.8","6","568.7","1,6","124.0",",,,6","453",",,,6","-1.28","1,6","3.68","1,,,6","-6.23","1,,,6"
"USC00305711","1947-12","43.96667","-74.21667","494.1","NEWCOMB 3 W, NY US","","","","","18",",6","8",",6","0",",6","","","7",",6","","","","","","","","","","","","","","","","","","","79",",,6,28,","16.0",",,6,05,","","","","","","","60.9",",,,6","580",",,,6","","","","","",""
"USC00305711","1948-01","43.96667","-74.21667","494.1","NEWCOMB 3 W, NY US","0.0","0","0.0",",6","14",",6","5",",6","1",",6","30","1,6","10",",6","15",",6","31",",6","29",",6","0",",6","0",",6","","","","","-34.4",",6,31,","940","1,,6,25,+","394",",,6,02,","31.0",",,6,02,","0.6",",6,13,+","","","931.0",",6","71.3",",,,6","1128",",,,6","-11.70",",6","-5.57",",,,6","-17.83",",,,6"
"USC00305711","1948-02","43.96667","-74.21667","494.1","NEWCOMB 3 W, NY US","0.0","0","0.0","1,6","13",",6","6",",6","0",",6","","","7",",6","15","1,6","28","1,6","18",",6","0",",6","0",",6","","","","","-35.6","1,6,10,","","","203",",,6,28,","19.6",",,6,14,","6.7",",6,19,","","","790.1",",6","65.5",",,,6","635",",,,6","-9.75","1,6","-1.89",",,,6","-17.61","1,,,6"
"USC00305711","1948-03","43.96667","-74.21667","494.1","NEWCOMB 3 W, NY US","0.0","0","0.0",",6","13",",6","11",",6","0",",6","","","6",",6","6",",6","26",",6","9",",6","0",",6","0",",6","","","","","-30.0",",6,06,","","","94",",,6,02,","17.0",",,6,27,","18.3",",6,31,","","","645.8",",6","86.0",",,,6","391",",,,6","-2.50",",6","4.85",",,,6","-9.85",",,,6"
"USC00305711","1948-04","43.96667","-74.21667","494.1","NEWCOMB 3 W, NY US","0.0","0","0.0","4,6","16",",6","10",",6","0",",6","","","2",",6","0","3,6","17","3,6","1","1,6","3","1,6","0","1,6","","","","","-9.4","3,6,10,","","","51",",,6,14,+","13.0",",,6,21,","22.2","1,6,20,","","","336.5","1,6","81.6",",,,6","107",",,,6","5.56","4,6","12.28","1,,,6","-1.15","3,,,6"
"USC00305711","1948-05","43.96667","-74.21667","494.1","NEWCOMB 3 W, NY US","0.6","0","0.6","2,0","18",",0","14",",0","0",",0","0",",0","0",",0","0","1,0","6","1,0","0","2,0","5","2,0","0","2,0","","","","","-2.2","1,0,04,+","0",",,0,31,+","0",",T,0,08,","18.3",",,0,12,","26.1","2,0,28,","","","259.9","2,0","116.3",",,,0","0",",T,,0","9.59","2,0","15.47","2,,,0","3.71","1,,,0"
"USC00305711","1948-06","43.96667","-74.21667","494.1","NEWCOMB 3 W, NY US","14.2","0","13.6",",0","15",",0","10",",0","0",",0","0",",0","0",",0","0",",0","0",",0","0",",0","16",",0","0",",0","","","","","0.6",",0,06,","0",",,0,30,+","0",",,0,30,+","20.3",",,0,08,","30.0",",0,29,","","","106.1",",0","93.0",",,,0","0",",,,0","15.25",",0","21.67",",,,0","8.83",",,,0"
"USC00305711","1948-07","43.96667","-74.21667","494.1","NEWCOMB 3 W, NY US","35.0","0","20.8",",0","9",",0","6",",0","2",",0","0",",0","0",",0","0",",0","0",",0","0",",0","28",",0","0",",0","","","","","6.7",",0,15,+","0",",,0,31,+","0",",,0,31,+","35.1",",,0,23,","30.0",",0,12,","26.9","0","26.9",",0","105.6",",,,0","0",",,,0","18.14",",0","25.08",",,,0","11.19",",,,0"
"USC00305711","1948-08","43.96667","-74.21667","494.1","NEWCOMB 3 W, NY US","74.2","0","39.2","1,0","11",",0","6",",0","0",",0","0",",0","0",",0","0",",0","0",",0","0","1,0","22","1,0","1","1,0","","","","","4.4",",0,07,","0",",,0,31,+","0",",,0,31,+","21.1",",,0,12,","33.3","1,0,26,","80.8","0","53.9","1,0","81.9",",,,0","0",",,,0","17.77","1,0","24.30","1,,,0","11.24",",,,0"
"USC00305711","1948-09","43.96667","-74.21667","494.1","NEWCOMB 3 W, NY US","83.3","0","9.1",",0","6",",0","0",",0","0",",0","0",",0","0",",0","0",",0","6",",0","0",",0","22",",0","0",",0","","","","","-2.2",",0,25,+","0",",,0,30,+","0",",,0,30,+","1.3",",,0,03,","29.4",",0,13,","216.7","0","135.9",",0","3.3",",,,0","0",",,,0","14.11",",0","21.91",",,,0","6.31",",,,0"
"USC00305711","1948-10","43.96667","-74.21667","494.1","NEWCOMB 3 W, NY US","83.3","0","0.0",",0","12",",0","7",",0","1",",0","3",",0","1",",0","0",",0","19",",0","0",",0","2",",0","0",",0","","","","","-8.9",",0,22,","25",",,0,20,+","30",",,0,18,","31.8",",,0,08,","22.2",",0,07,","593.5","0","376.8",",0","83.3",",,,0","30",",,,0","6.18",",0","13.52",",,,0","-1.16",",,,0"
"USC00305711","1948-11","43.96667","-74.21667","494.1","NEWCOMB 3 W, NY US","83.3","0","0.0",",0","16",",0","11",",0","2",",0","1",",0","1",",0","0",",0","16",",0","0",",0","0",",0","0",",0","","","","","-6.1",",0,30,","25",",,0,15,","25",",,0,15,","41.9",",,0,07,","20.6",",0,06,","1005.8","0","412.3",",0","160.1",",,,0","25",",,,0","4.59",",0","8.78",",,,0","0.40",",,,0"
"USC00305711","1948-12","43.96667","-74.21667","494.1","NEWCOMB 3 W, NY US","83.3","0","0.0","1,0","15",",0","7",",0","3",",0","25",",0","9",",0","5",",0","30",",0","16","1,0","0","1,0","0","1,0","","","","","-28.3",",0,25,","229",",,0,24,","61",",,0,22,","79.2",",,0,31,","11.7","1,0,05,","1684.3","0","678.5","1,0","171.8",",,,0","483",",,,0","-4.44","1,0","-0.12","1,,,0","-8.77",",,,0"
"USC00305711","1949-01","43.96667","-74.21667","494.1","NEWCOMB 3 W, NY US","0.0","0","0.0",",0","18",",0","12",",0","0",",0","31",",0","9",",0","5",",0","30",",0","16",",0","0",",0","0",",0","","","","","-24.4",",0,15,","305",",,0,31,","107",",,0,22,","10.7",",,0,22,","8.9",",0,19,","2411.7","0","727.4",",0","83.5",",,,0","696",",,,0","-5.13",",0","-0.85",",,,0","-9.41",",,,0"
"USC00305711","1949-02","43.96667","-74.21667","494.1","NEWCOMB 3 W, NY US","0.0","0","0.0",",0","13",",0","9",",0","1",",0","28",",0","9",",0","4",",0","28",",0","10",",0","0",",0","0",",0","","","","","-28.9",",0,06,","432",",,0,07,","140",",,0,25,","26.9",",,0,15,","12.2",",0,15,","3048.6","0","636.9",",0","92.9",",,,0","785",",,,0","-4.41",",0","1.74",",,,0","-10.57",",,,0"
"USC00305711","1949-03","43.96667","-74.21667","494.1","NEWCOMB 3 W, NY US","0.0","0","0.0",",0","14",",0","7",",0","0",",0","25",",0","6",",0","7",",0","27",",0","12",",0","0",",0","0",",0","","","","","-26.7",",0,20,","356",",,0,03,+","89",",,0,11,","15.5",",,0,23,","16.7",",0,26,","3683.3","0","634.7",",0","61.6",",,,0","358",",,,0","-2.14",",0","4.48",",,,0","-8.76",",,,0"
"USC00305711","1949-04","43.96667","-74.21667","494.1","NEWCOMB 3 W, NY US","0.0","0","0.0",",0","16",",0","8",",0","0",",0","4",",0","2",",0","0",",0","24",",0","0",",0","3",",0","0",",0","","","","","-7.8",",0,01,","51",",,0,19,+","89",",,0,19,","18.3",",,0,06,","23.9",",0,22,","4074.4","0","391.1",",0","79.9",",,,0","183",",,,0","5.30",",0","11.55",",,,0","-0.96",",,,0"
"USC00305711","1949-05","43.96667","-74.21667","494.1","NEWCOMB 3 W, NY US","5.6","0","5.6",",0","14",",0","10",",0","0",",0","0",",0","0",",0","0",",0","8",",0","0",",0","12",",0","0",",0","","","","","-3.9",",0,11,","0",",,0,31,+","0",",,0,31,+","11.7",",,0,02,","29.4",",0,05,","4279.0","0","204.6",",0","61.8",",,,0","0",",,,0","11.91",",0","19.45",",,,0","4.37",",,,0"
"USC00305711","1949-06","43.96667","-74.21667","494.1","NEWCOMB 3 W, NY US","79.3","0","73.7",",0","7",",0","4",",0","0",",0","0",",0","0",",0","0",",0","0",",0","0",",0","27",",0","0",",0","1","","3","","2.2",",0,08,+","0",",,0,30,+","0",",,0,30,+","21.8",",,0,21,","30.6",",0,13,+","4325.7","0","46.7",",0","36.4",",,,0","0",",,,0","19.24",",0","25.89",",,,0","12.58",",,,0"
"USC00305711","1949-07","43.96667","-74.21667","494.1","NEWCOMB 3 W, NY US","147.4","0","68.1",",0","10",",0","6",",0","1",",0","0",",0","0",",0","0",",0","0",",0","0",",0","30",",0","2",",0","4","","5","","5.0",",0,08,","0",",,0,31,+","0",",,0,31,+","31.0",",,0,31,","32.8",",0,29,","16.1","0","16.1",",0","95.6",",,,0","0",",,,0","20.01",",0","27.03",",,,0","12.99",",,,0"
"USC00305711","1949-08","43.96667","-74.21667","494.1","NEWCOMB 3 W, NY US","184.9","0","37.5",",0","9",",0","6",",0","3",",0","0",",0","0",",0","0",",0","0",",0","0",",0","26",",0","2",",0","9","","2","","3.3",",0,25,","0",",,0,31,+","0",",,0,31,+","66.0",",,0,29,","32.8",",0,10,","57.4","0","41.3",",0","174.2",",,,0","0",",,,0","18.21",",0","25.71",",,,0","10.72",",,,0"
"USC00305711","1949-09","43.96667","-74.21667","494.1","NEWCOMB 3 W, NY US","184.9","0","0.0",",0","15",",0","12",",0","0",",0","0",",0","0",",0","0",",0","2",",0","0",",0","8",",0","0",",0","3","","","","-1.7",",0,26,","0",",,0,30,+","0",",,0,30,+","24.4",",,0,14,","25.6",",0,04,+","257.6","0","200.2",",0","115.6",",,,0","0",",,,0","11.66",",0","17.77",",,,0","5.55",",,,0"
"USC00305711","1949-10","43.96667","-74.21667","494.1","NEWCOMB 3 W, NY US","188.5","0","3.6","1,0","9","2,0","6","2,0","0","2,0","0",",0","0",",0","0","1,0","18","1,0","0","1,0","12","1,0","0","1,0","","","","","-7.8","1,0,25,","0",",,0,31,+","0",",T,0,27,","10.2","2,,0,26,","27.8","1,0,11,","505.6","0","248.0","1,0","54.7",",a,,0","0",",T,,0","10.19","1,0","19.32","1,,,0","1.06","1,,,0"
"USC00305711","1949-11","43.96667","-74.21667","494.1","NEWCOMB 3 W, NY US","188.5","0","0.0","2,0","22",",0","7",",0","0",",0","10","2,0","3","1,0","1","1,0","28","1,0","6","1,0","0","1,0","0","1,0","1","","","","-23.3","1,0,27,","203","2,,0,27,+","114","1,,0,25,","20.3",",,0,14,","17.8","1,0,10,","1043.2","0","537.6","1,0","87.3",",,,0","357","1,,,0","-0.92","2,0","4.30","1,,,0","-6.15","1,,,0"
"USC00305711","1949-12","43.96667","-74.21667","494.1","NEWCOMB 3 W, NY US","188.5","0","0.0",",0","23",",0","9",",0","0",",0","28",",0","5",",0","8",",0","29",",0","15",",0","0",",0","0",",0","5","","","","-24.4",",0,10,","305",",,0,08,+","119",",,0,07,","21.3",",,0,21,","15.6",",0,22,","1773.6","0","730.4",",0","85.8",",,,0","382",",,,0","-5.23",",0","0.87",",,,0","-11.33",",,,0"
"USC00305711","1950-01","43.96667","-74.21667","494.1","NEWCOMB 3 W, NY US","0.0","0","0.0",",0","21",",0","13",",0","0",",0","28",",0","6",",0","7",",0","30",",0","11",",0","0",",0","0",",0","4","","","","-25.6",",0,09,","203",",,0,08,+","114",",,0,31,+","20.3",",,0,24,","15.6",",0,04,","2474.3","0","700.7",",0","131.5",",,,0","578",",,,0","-4.27",",0","2.16",",,,0","-10.71",",,,0"
"USC00305711","1950-02","43.96667","-74.21667","494.1","NEWCOMB 3 W, NY US","0.0","0","0.0",",0","15",",0","8",",0","1",",0","28",",0","12",",0","9",",0","28",",0","23",",0","0",",0","0",",0","","","","","-32.2",",0,21,","483",",,0,25,+","145",",,0,14,","27.2",",,0,15,","5.0",",0,10,","3259.3","0","785.0",",0","82.0",",,,0","859",",,,0","-9.70",",0","-2.91",",,,0","-16.49",",,,0"
"USC00305711","1950-03","43.96667","-74.21667","494.1","NEWCOMB 3 W, NY US","0.0","0","0.0","1,0","14",",0","10",",0","1",",0","29","2,0","8","1,0","10","1,0","30","1,0","13",",0","0",",0","0",",0","1","","","","-34.4","1,0,04,","610","2,,0,18,","208","1,,0,09,","30.2",",,0,09,","15.6",",0,28,","3996.8","0","737.5",",0","94.4",",,,0","765","1,,,0","-6.14","1,0","2.09",",,,0","-14.37","1,,,0"
"USC00305711","1950-04","43.96667","-74.21667","494.1","NEWCOMB 3 W, NY US","0.0","0","0.0",",0","14",",0","6",",0","0",",0","17","3,0","3","1,0","0",",0","28",",0","2",",0","0",",0","0",",0","4","","1","","-15.6",",0,07,","203","3,,0,04,","53","1,,0,14,","19.1",",,0,20,","20.6",",0,05,+","4490.0","0","493.2",",0","54.2",",,,0","144","1,,,0","1.89",",0","9.14",",,,0","-5.35",",,,0"
"USC00305711","1950-05","43.96667","-74.21667","494.1","NEWCOMB 3 W, NY US","0.0","0","0.0","1,0","12",",0","5",",0","0",",0","0",",0","0",",0","0","1,0","8","1,0","0",",0","12",",0","0",",0","","","","","-7.2","1,0,08,","0",",,0,31,+","0",",,0,31,+","11.2",",,0,19,","27.2",",0,27,","4701.1","0","211.1",",0","36.8",",,,0","0",",,,0","11.31","1,0","19.40",",,,0","3.21","1,,,0"
"USC00305711","1950-06","43.96667","-74.21667","494.1","NEWCOMB 3 W, NY US","8.6","0","8.6","2,0","13",",0","7",",0","0",",0","0",",0","0",",0","0","1,0","2","1,0","0","1,0","20","1,0","0","1,0","","","","","-1.1","1,0,12,","0",",,0,30,+","0",",,0,30,+","22.9",",,0,01,","30.0","1,0,26,+","4808.0","0","106.9","1,0","72.2",",,,0","0",",,,0","15.00","2,0","22.82","1,,,0","7.18","1,,,0"
"USC00305711","1950-07","43.96667","-74.21667","494.1","NEWCOMB 3 W, NY US","18.9","0","10.3",",0","11","2,0","6","2,0","2","2,0","0",",0","0",",0","0",",0","0",",0","0",",0","30",",0","0",",0","7","","","","2.8",",0,22,","0",",,0,31,+","0",",,0,31,+","43.2","2,,0,11,","29.4",",0,09,","57.5","0","57.5",",0","101.5",",a,,0","0",",,,0","16.81",",0","24.00",",,,0","9.62",",,,0"
"USC00305711","1950-08","43.96667","-74.21667","494.1","NEWCOMB 3 W, NY US","26.2","0","7.3",",0","13",",0","10",",0","2",",0","0",",0","0",",0","0",",0","0",",0","0",",0","23",",0","0",",0","14","","1","","2.2",",0,22,+","0",",,0,31,+","0",",T,0,18,+","39.9",",,0,19,","30.6",",0,24,","139.3","0","81.8",",0","162.9",",,,0","0",",T,,0","15.93",",0","23.09",",,,0","8.76",",,,0"
"USC00305711","1950-09","43.96667","-74.21667","494.1","NEWCOMB 3 W, NY US","27.0","0","0.8","1,0","11",",0","8",",0","2",",0","0",",0","0",",0","0","1,0","6","1,0","0",",0","6",",0","0",",0","5","","","","-3.3","1,0,24,","0",",,0,30,+","0",",T,0,24,+","31.5",",,0,11,","26.7",",0,09,","364.4","0","225.1",",0","99.2",",,,0","0",",T,,0","10.60","1,0","17.17",",,,0","4.03","1,,,0"
"USC00305711","1950-10","43.96667","-74.21667","494.1","NEWCOMB 3 W, NY US","27.5","0","0.5","1,0","9",",0","6",",0","0",",0","0",",0","0",",0","0",",0","12",",0","0","1,0","7","1,0","0","1,0","3","","","","-6.1",",0,27,","0",",,0,31,+","0",",T,0,26,","9.7",",,0,23,","29.4","1,0,02,","623.3","0","258.9","1,0","37.0",",,,0","0",",T,,0","9.66","1,0","15.92","1,,,0","3.41",",,,0"
"USC00305711","1950-11","43.96667","-74.21667","494.1","NEWCOMB 3 W, NY US","27.5","0","0.0",",0","17",",0","10",",0","0",",0","7",",0","4",",0","0",",0","19",",0","4",",0","1",",0","0",",0","","","","","-12.2",",0,23,","127",",,0,30,","74",",,0,29,","20.3",",,0,04,","23.3",",0,01,","1078.1","0","454.8",",0","95.0",",,,0","205",",,,0","3.17",",0","7.35",",,,0","-1.00",",,,0"
"USC00305711","1950-12","43.96667","-74.21667","494.1","NEWCOMB 3 W, NY US","27.5","0","0.0",",0","16",",0","8",",0","1",",0","30",",0","8",",0","5",",0","31",",0","25",",0","0",",0","0",",0","","","","","-26.7",",0,27,","254",",,0,31,+","137",",,0,11,","43.4",",,0,04,","8.9",",0,03,","1824.3","0","746.2",",0","97.8",",,,0","580",",,,0","-5.74",",0","-1.54",",,,0","-9.94",",,,0"
"USC00305711","1951-01","43.96667","-74.21667","494.1","NEWCOMB 3 W, NY US","0.0","0","0.0",",0","20",",0","8",",0","0",",0","31",",0","9",",0","8",",0","31",",0","20",",0","0",",0","0",",0","1","","","","-24.4",",0,31,","330",",,0,16,","211",",,0,24,","18.0",",,0,24,","6.7",",0,21,","2616.7","0","792.4",",0","65.0",",,,0","700",",,,0","-7.23",",0","-2.14",",,,0","-12.32",",,,0"
"USC00305711","1951-02","43.96667","-74.21667","494.1","NEWCOMB 3 W, NY US","0.0","0","0.0",",0","15",",0","6",",0","2",",0","26","2,0","4","3,0","8",",0","28",",0","14",",0","0",",0","0",",0","1","","","","-32.2",",0,10,","483","2,,0,23,+","165","3,,0,07,","39.6",",,0,07,","5.0",",0,26,+","3293.8","0","677.1",",0","122.2",",,,0","471","3,,,0","-5.85",",0","-0.23",",,,0","-11.48",",,,0"
"USC00305711","1951-03","43.96667","-74.21667","494.1","NEWCOMB 3 W, NY US","0.0","0","0.0","1,0","19",",0","14",",0","0",",0","31",",0","7",",0","0",",0","29",",0","9","1,0","0","1,0","0","1,0","","","","","-16.7",",0,27,","457",",,0,02,","127",",,0,04,","18.3",",,0,24,","14.4","1,0,28,","3893.2","0","599.4","1,0","119.4",",,,0","636",",,,0","-1.68","1,0","2.91","1,,,0","-6.27",",,,0"
"USC00305711","1951-04","43.96667","-74.21667","494.1","NEWCOMB 3 W, NY US","0.0","0","0.0",",0","16",",0","9",",0","0",",0","7",",0","1",",0","0",",0","19",",0","1",",0","0",",0","0",",0","","","","","-4.4",",0,01,","203",",,0,03,","114",",,0,03,","15.7",",,0,26,","16.7",",0,09,","4311.2","0","418.0",",0","96.1",",,,0","114",",,,0","4.40",",0","8.95",",,,0","-0.15",",,,0"
"USC00305711","1951-05","43.96667","-74.21667","494.1","NEWCOMB 3 W, NY US","2.8","0","2.8",",0","11",",0","5",",0","0",",0","0",",0","0",",0","0",",0","7",",0","0",",0","11",",0","0",",0","","","","","-3.3",",0,05,+","0",",,0,31,+","0",",,0,31,+","14.2",",,0,27,","27.8",",0,26,","4519.2","0","208.0",",0","50.7",",,,0","0",",,,0","11.71",",0","18.49",",,,0","4.93",",,,0"
"USC00305711","1951-06","43.96667","-74.21667","494.1","NEWCOMB 3 W, NY US","5.6","0","2.8",",0","11",",0","7",",0","1",",0","0",",0","0",",0","0",",0","0",",0","0",",0","16",",0","0",",0","","","","","1.1",",0,08,","0",",,0,30,+","0",",,0,30,+","41.1",",,0,23,","27.8",",0,19,","4623.7","0","104.5",",0","109.5",",,,0","0",",,,0","14.95",",0","20.41",",,,0","9.48",",,,0"
"USC00305711","1951-07","43.96667","-74.21667","494.1","NEWCOMB 3 W, NY US","24.6","0","19.0",",0","15",",0","7",",0","2",",0","0",",0","0",",0","0",",0","0",",0","0",",0","26",",0","0",",0","","","","","7.8",",0,07,+","0",",,0,31,+","0",",,0,31,+","29.2",",,0,12,","27.2",",0,26,+","32.1","0","32.1",",0","103.9",",,,0","0",",,,0","17.91",",0","23.40",",,,0","12.43",",,,0"
"USC00305711","1951-08","43.96667","-74.21667","494.1","NEWCOMB 3 W, NY US","35.2","0","10.6",",0","13",",0","7",",0","0",",0","0",",0","0",",0","0",",0","0",",0","0",",0","18",",0","0",",0","1","","","","4.4",",0,06,","0",",,0,31,+","0",",,0,31,+","16.5",",,0,21,","26.7",",0,30,+","106.9","0","74.8",",0","76.9",",,,0","0",",,,0","16.26",",0","21.33",",,,0","11.20",",,,0"
"USC00305711","1951-09","43.96667","-74.21667","494.1","NEWCOMB 3 W, NY US","38.3","0","3.1",",0","10",",0","9",",0","0",",0","0",",0","0",",0","0",",0","2",",0","0",",0","11",",0","0",",0","","","","","-3.3",",0,30,","0",",,0,30,+","0",",T,0,29,","17.8",",,0,06,","27.2",",0,12,","282.5","0","175.6",",0","76.3",",,,0","0",",T,,0","12.58",",0","18.24",",,,0","6.92",",,,0"
"USC00305711","1951-10","43.96667","-74.21667","494.1","NEWCOMB 3 W, NY US","40.0","0","1.7","1,0","6",",0","4",",0","0",",0","0",",0","0",",0","0","1,0","12","1,0","0",",0","6",",0","0",",0","2","","","","-5.6","1,0,28,","0",",,0,31,+","13",",,0,29,","15.0",",,0,25,","28.9",",0,05,","577.2","0","294.7",",0","41.9",",,,0","13",",,,0","8.56","1,0","14.82",",,,0","2.30","1,,,0"
"USC00305711","1951-11","43.96667","-74.21667","494.1","NEWCOMB 3 W, NY US","40.0","0","0.0",",0","18",",0","8",",0","1",",0","27",",0","9",",0","1",",0","27",",0","12",",0","0",",0","0",",0","","","","","-21.7",",0,28,","254",",,0,04,+","147",",,0,26,","40.6",",,0,03,","12.2",",0,14,","1191.5","0","614.3",",0","135.1",",,,0","786",",,,0","-2.14",",0","1.98",",,,0","-6.26",",,,0"
"USC00305711","1951-12","43.96667","-74.21667","494.1","NEWCOMB 3 W, NY US","40.0","0","0.0",",0","20",",0","11",",0","0",",0","23",",0","8",",0","6",",0","26",",0","18",",0","0",",0","0",",0","2","","","","-25.6",",0,20,","457",",,0,29,","257",",,0,18,","20.3",",,0,21,","12.2",",0,08,","1925.3","0","733.8",",0","125.5",",,,0","849",",,,0","-5.34",",0","-1.17",",,,0","-9.51",",,,0"
"USC00305711","1952-01","43.96667","-74.21667","494.1","NEWCOMB 3 W, NY US","0.0","0","0.0",",0","16",",0","10",",0","0",",0","31",",0","6",",0","8",",0","29",",0","19",",0","0",",0","0",",0","2","","","","-27.8",",0,30,","457",",,0,23,","107",",,0,23,","17.0",",,0,18,","8.9",",0,01,","2666.0","0","740.7",",0","103.8",",,,0","560",",,,0","-5.56",",0","-0.48",",,,0","-10.64",",,,0"
"USC00305711","1952-02","43.96667","-74.21667","494.1","NEWCOMB 3 W, NY US","0.0","0","0.0",",0","16",",0","8",",0","0",",0","29",",0","9",",0","4",",0","26",",0","11",",0","0",",0","0",",0","1","","","","-21.1",",0,13,","914",",,0,18,","231",",,0,18,","14.2",",,0,18,","6.1",",0,16,+","3316.4","0","650.4",",0","68.9",",,,0","970",",,,0","-4.09",",0","0.86",",,,0","-9.04",",,,0"
"USC00305711","1952-03","43.96667","-74.21667","494.1","NEWCOMB 3 W, NY US","0.0","0","0.0",",0","13",",0","5",",0","1",",0","31",",0","6",",0","1",",0","30",",0","12",",0","0",",0","0",",0","","","","","-17.8",",0,02,","762",",,0,19,+","229",",,0,05,","36.8",",,0,11,","12.8",",0,21,","3937.6","0","621.2",",0","94.5",",,,0","779",",,,0","-1.71",",0","2.75",",,,0","-6.16",",,,0"
"USC00305711","1952-04","43.96667","-74.21667","494.1","NEWCOMB 3 W, NY US","0.0","0","0.0",",0","6","3,0","5","3,0","1","3,0","13",",0","0",",0","0",",0","14",",0","0",",0","3",",0","0",",0","1","","","","-4.4",",0,12,","356",",,0,02,+","0",",T,0,08,+","28.2","3,,0,05,","24.4",",0,29,","4279.1","0","341.5",",0","63.3",",a,,0","0",",T,,0","6.95",",0","12.90",",,,0","1.00",",,,0"
"USC00305711","1952-05","43.96667","-74.21667","494.1","NEWCOMB 3 W, NY US","0.0","0","0.0",",0","8",",0","7",",0","2",",0","0",",0","0",",0","0",",0","2",",0","0",",0","5",",0","0",",0","","","","","-2.2",",0,05,+","0",",,0,31,+","0",",T,0,04,","27.4",",,0,25,","25.6",",0,10,","4524.5","0","245.4",",0","103.9",",,,0","0",",T,,0","10.42",",0","15.85",",,,0","4.99",",,,0"
"USC00305711","1952-06","43.96667","-74.21667","494.1","NEWCOMB 3 W, NY US","33.6","0","33.6",",0","12",",0","8",",0","3",",0","0",",0","0",",0","0",",0","0",",0","0",",0","24",",0","0",",0","","","5","","5.6",",0,13,","0",",,0,30,+","0",",,0,30,+","40.6",",,0,25,","31.1",",0,26,","4571.5","0","47.0",",0","124.4",",,,0","0",",,,0","17.89",",0","23.79",",,,0","11.98",",,,0"
"USC00305711","1952-07","43.96667","-74.21667","494.1","NEWCOMB 3 W, NY US","119.6","0","86.0",",0","5",",0","4",",0","1",",0","0",",0","0",",0","0",",0","0",",0","0",",0","29",",0","1",",0","","","","","6.1",",0,30,","0",",,0,31,+","0",",,0,31,+","32.3",",,0,10,","33.3",",0,14,","11.9","0","11.9",",0","59.8",",,,0","0",",,,0","20.72",",0","26.97",",,,0","14.48",",,,0"
"USC00305711","1952-08","43.96667","-74.21667","494.1","NEWCOMB 3 W, NY US","133.1","0","13.5",",0","8",",0","7",",0","1",",0","0",",0","0",",0","0",",0","0",",0","0",",0","23",",0","0",",0","3","","2","","5.0",",0,25,","0",",,0,31,+","0",",,0,31,+","58.9",",,0,17,","30.0",",0,28,","68.1","0","56.2",",0","131.5",",,,0","0",",,,0","16.95",",0","22.27",",,,0","11.63",",,,0"
"USC00305711","1952-09","43.96667","-74.21667","494.1","NEWCOMB 3 W, NY US","139.7","0","6.6",",0","9",",0","8",",0","0",",0","0",",0","0",",0","0",",0","1",",0","0",",0","11",",0","0",",0","6","","","","0.0",",0,08,","0",",,0,30,+","0",",,0,30,+","19.1",",,0,03,","26.7",",0,29,+","186.7","0","118.6",",0","55.7",",,,0","0",",,,0","14.60",",0","20.41",",,,0","8.79",",,,0"
"USC00305711","1952-10","43.96667","-74.21667","494.1","NEWCOMB 3 W, NY US","139.7","0","0.0",",0","15",",0","5",",0","0",",0","1",",0","1",",0","0",",0","13",",0","1",",0","1",",0","0",",0","3","","","","-5.6",",0,26,+","25",",,0,20,","28",",,0,20,","23.9",",,0,02,","21.1",",0,01,","544.6","0","357.9",",0","68.7",",,,0","44",",,,0","6.79",",0","12.27",",,,0","1.30",",,,0"
"USC00305711","1952-11","43.96667","-74.21667","494.1","NEWCOMB 3 W, NY US","139.7","0","0.0",",0","12",",0","8",",0","0",",0","8",",0","3",",0","0",",0","16",",0","5",",0","0",",0","0",",0","","","","","-8.9",",0,29,+","102",",,0,09,","99",",,0,09,","11.4",",,0,20,","18.9",",0,02,","1018.4","0","473.8",",0","52.0",",,,0","196",",,,0","2.54",",0","6.17",",,,0","-1.09",",,,0"
"USC00305711","1952-12","43.96667","-74.21667","494.1","NEWCOMB 3 W, NY US","139.7","0","0.0",",0","20",",0","11",",0","1",",0","26",",0","11",",0","4",",0","30",",0","20",",0","0",",0","0",",0","1","","","","-27.8",",0,28,","356",",,0,31,+","213",",,0,06,","77.5",",,0,11,","8.3",",0,11,","1726.0","0","707.6",",0","167.2",",,,0","927",",,,0","-4.49",",0","-0.62",",,,0","-8.36",",,,0"
"USC00305711","1953-01","43.96667","-74.21667","494.1","NEWCOMB 3 W, NY US","0.0","0","0.0",",0","19",",0","9",",0","0",",0","31",",0","8",",0","4",",0","31",",0","18",",0","0",",0","0",",0","1","","","","-20.0",",0,08,","508",",,0,10,","137",",,0,09,","19.8",",,0,18,","7.2",",0,16,","2442.6","0","716.6",",0","86.3",",,,0","594",",,,0","-4.78",",0","-0.60",",,,0","-8.97",",,,0"
"USC00305711","1953-02","43.96667","-74.21667","494.1","NEWCOMB 3 W, NY US","0.0","0","0.0",",0","19",",0","8",",0","0",",0","28",",0","11",",0","3",",0","28",",0","14",",0","0",",0","0",",0","","","","","-23.9",",0,02,","737",",,0,16,","262",",,0,15,","13.0",",,0,01,","11.1",",0,20,","3089.0","0","646.4",",0","76.1",",,,0","950",",,,0","-4.75",",0","0.47",",,,0","-9.98",",,,0"
"USC00305711","1953-03","43.96667","-74.21667","494.1","NEWCOMB 3 W, NY US","0.0","0","0.0",",0","17",",0","9",",0","1",",0","22",",0","2",",0","7",",0","23",",0","8",",0","0",",0","0",",0","2","","","","-21.1",",0,11,","330",",,0,05,","124",",,0,05,","25.4",",,0,25,","15.6",",0,25,+","3671.1","0","582.1",",0","107.6",",,,0","240",",,,0","-0.45",",0","4.47",",,,0","-5.36",",,,0"
"USC00305711","1953-04","43.96667","-74.21667","494.1","NEWCOMB 3 W, NY US","0.0","0","0.0",",0","16",",0","10",",0","1",",0","3",",0","3",",0","0",",0","17",",0","0",",0","0",",0","0",",0","","","","","-4.4",",0,18,","102",",,0,21,+","140",",,0,20,","26.7",",,0,27,","20.6",",0,26,","4073.5","0","402.4",",0","103.1",",,,0","278",",,,0","4.92",",0","9.34",",,,0","0.50",",,,0"
"USC00305711","1953-05","43.96667","-74.21667","494.1","NEWCOMB 3 W, NY US","1.4","0","1.4",",0","15",",0","10",",0","1",",0","0",",0","0",",0","0",",0","0",",0","0",",0","9",",0","0",",0","","","3","","0.6",",0,31,+","0",",,0,31,+","0",",,0,31,+","28.7",",,0,01,","28.9",",0,10,","4261.1","0","187.6",",0","114.1",",,,0","0",",,,0","12.33",",0","18.15",",,,0","6.50",",,,0"
"USC00305711","1953-06","43.96667","-74.21667","494.1","NEWCOMB 3 W, NY US","30.5","0","29.1",",0","6",",0","0",",0","0",",0","0",",0","0",",0","0",",0","1",",0","0",",0","21",",0","2",",0","","","","","-1.1",",0,03,","0",",,0,30,+","0",",,0,30,+","2.0",",,0,04,","32.8",",0,21,","4346.5","0","85.4",",0","7.6",",,,0","0",",,,0","16.46",",0","23.58",",,,0","9.33",",,,0"
"USC00305711","1953-07","43.96667","-74.21667","494.1","NEWCOMB 3 W, NY US","78.1","0","47.6",",0","14",",0","9",",0","1",",0","0",",0","0",",0","0",",0","0",",0","0",",0","26",",0","2",",0","2","","4","","4.4",",0,25,","0",",,0,31,+","0",",,0,31,+","25.4",",,0,19,","34.4",",0,18,","38.2","0","38.2",",0","100.1",",,,0","0",",,,0","18.64",",0","24.65",",,,0","12.62",",,,0"
"USC00305711","1953-08","43.96667","-74.21667","494.1","NEWCOMB 3 W, NY US","102.9","0","24.8",",0","8",",0","5",",0","2",",0","0",",0","0",",0","0",",0","0",",0","0",",0","24",",0","0",",0","8","","3","","4.4",",0,03,","0",",,0,31,+","0",",,0,31,+","68.3",",,0,10,","31.1",",0,30,","100.5","0","62.3",",0","118.0",",,,0","0",",,,0","17.12",",0","23.55",",,,0","10.70",",,,0"
"USC00305711","1953-09","43.96667","-74.21667","494.1","NEWCOMB 3 W, NY US","128.5","0","25.6",",0","12",",0","6",",0","1",",0","0",",0","0",",0","0",",0","3",",0","0",",0","8",",0","0",",0","2","","1","","-2.2",",0,24,","0",",,0,30,+","0",",,0,30,+","25.9",",,0,06,","31.7",",0,04,","278.5","0","178.0",",0","90.3",",,,0","0",",,,0","13.25",",0","19.35",",,,0","7.15",",,,0"
"USC00305711","1953-10","43.96667","-74.21667","494.1","NEWCOMB 3 W, NY US","128.5","0","0.0",",0","7",",0","5",",0","0",",0","0",",0","0",",0","0",",0","11",",0","0",",0","4",",0","0",",0","5","","","","-6.1",",0,14,","0",",,0,31,+","0",",T,0,07,","19.8",",,0,06,","26.7",",0,03,","576.6","0","298.1",",0","70.0",",,,0","0",",T,,0","8.72",",0","16.05",",,,0","1.38",",,,0"
"USC00305711","1953-11","43.96667","-74.21667","494.1","NEWCOMB 3 W, NY US","128.5","0","0.0",",0","7",",0","3",",0","0",",0","0",",0","0",",0","0",",0","22",",0","2",",0","1",",0","0",",0","3","","","","-11.1",",0,06,","0",",T,0,08,","10",",,0,08,","22.6",",,0,23,","21.1",",0,20,","997.8","0","421.2",",0","47.2",",,,0","15",",,,0","4.29",",0","8.94",",,,0","-0.36",",,,0"
"USC00305711","1953-12","43.96667","-74.21667","494.1","NEWCOMB 3 W, NY US","128.5","0","0.0",",0","15",",0","9",",0","0",",0","15",",0","3",",0","1",",0","26",",0","8",",0","0",",0","0",",0","","","","","-20.6",",0,19,","152",",,0,17,+","76",",,0,16,","23.9",",,0,10,","10.0",",0,05,+","1598.0","0","600.2",",0","100.5",",,,0","289",",,,0","-1.03",",0","3.05",",,,0","-5.11",",,,0"
"USC00305711","1954-01","43.96667","-74.21667","494.1","NEWCOMB 3 W, NY US","0.0","0","0.0","1,0","19",",0","12",",0","0",",0","31",",0","11",",0","12","1,0","30","1,0","24",",0","0",",0","0",",0","1","","","","-26.7","1,0,18,","406",",,0,30,","180",",,0,06,+","19.6",",,0,26,","9.4",",0,20,","2395.1","0","797.1",",0","98.8",",,,0","1129",",,,0","-8.32","1,0","-2.69",",,,0","-13.95","1,,,0"
"USC00305711","1954-02","43.96667","-74.21667","494.1","NEWCOMB 3 W, NY US","0.0","0","0.0",",0","19",",0","11",",0","1",",0","28",",0","9",",0","3",",0","23",",0","10",",0","0",",0","0",",0","2","","","","-27.8",",0,13,","483",",,0,14,+","81",",,0,10,","76.7",",,0,17,","13.3",",0,28,","2955.4","0","560.3",",0","159.8",",,,0","653",",,,0","-1.68",",0","3.18",",,,0","-6.53",",,,0"
"USC00305711","1954-03","43.96667","-74.21667","494.1","NEWCOMB 3 W, NY US","0.0","0","0.0",",0","19",",0","11",",0","0",",0","28",",0","8",",0","1",",0","28",",0","3",",0","0",",0","0",",0","","","","","-17.8",",0,31,","356",",,0,30,","221",",,0,30,","22.9",",,0,29,","12.8",",0,01,","3579.7","0","624.3",",0","126.3",",,,0","969",",,,0","-1.80",",0","3.33",",,,0","-6.94",",,,0"
"USC00305711","1954-04","43.96667","-74.21667","494.1","NEWCOMB 3 W, NY US","1.1","0","1.1",",0","16",",0","10",",0","1",",0","9",",0","1",",0","0",",0","13",",0","1",",0","5",",0","0",",0","","","1","","-16.1",",0,04,","305",",,0,03,","109",",,0,03,","40.4",",,0,28,","27.2",",0,22,","3933.8","0","354.1",",0","169.1",",,,0","122",",,,0","6.57",",0","13.22",",,,0","-0.09",",,,0"
"USC00305711","1954-05","43.96667","-74.21667","494.1","NEWCOMB 3 W, NY US","3.3","0","2.2","1,0","14",",0","9",",0","1",",0","0",",0","0",",0","0",",0","3",",0","0","1,0","9","1,0","0","1,0","","","","","-0.6",",0,05,","0",",,0,31,+","0",",,0,31,+","32.3",",,0,21,","27.8","1,0,02,","4138.4","0","204.6","1,0","115.2",",,,0","0",",,,0","11.66","1,0","17.59","1,,,0","5.73",",,,0"
"USC00305711","1954-06","43.96667","-74.21667","494.1","NEWCOMB 3 W, NY US","37.5","0","34.2",",0","15",",0","12",",0","3",",0","0",",0","0",",0","0",",0","0",",0","0",",0","23",",0","0",",0","1","","5","","7.8",",0,18,+","0",",,0,30,+","0",",,0,30,+","26.7",",,0,15,","31.1",",0,22,","4180.6","0","42.2",",0","139.6",",,,0","0",",,,0","18.07",",0","23.50",",,,0","12.63",",,,0"
"USC00305711","1954-07","43.96667","-74.21667","494.1","NEWCOMB 3 W, NY US","68.7","0","31.2",",0","17",",0","7",",0","0",",0","0",",0","0",",0","0",",0","0",",0","0",",0","26",",0","0",",0","","","3","","6.7",",0,17,+","0",",,0,31,+","0",",,0,31,+","14.0",",,0,21,","28.9",",0,29,","28.5","0","28.5",",0","66.1",",,,0","0",",,,0","18.42",",0","24.20",",,,0","12.64",",,,0"
"USC00305711","1954-08","43.96667","-74.21667","494.1","NEWCOMB 3 W, NY US","89.6","0","20.9","2,0","18",",0","12",",0","1",",0","0",",0","0",",0","0","2,0","0","2,0","0",",0","25",",0","0",",0","","","3","","4.4","2,0,27,","0",",,0,31,+","0",",,0,31,+","55.6",",,0,31,","30.0",",0,25,","75.0","0","46.5",",0","120.5",",,,0","0",",,,0","17.45","2,0","23.10",",,,0","11.80","2,,,0"
"USC00305711","1954-09","43.96667","-74.21667","494.1","NEWCOMB 3 W, NY US","97.0","0","7.4",",0","19",",0","12",",0","1",",0","0",",0","0",",0","0",",0","0",",0","0",",0","11",",0","0",",0","","","1","","3.3",",0,24,+","0",",,0,30,+","0",",,0,30,+","35.3",",,0,11,","28.3",",0,05,","210.8","0","135.8",",0","118.6",",,,0","0",",,,0","14.05",",0","18.75",",,,0","9.35",",,,0"
"USC00305711","1954-10","43.96667","-74.21667","494.1","NEWCOMB 3 W, NY US","105.0","0","8.0",",0","17",",0","7",",0","0",",0","1",",0","1",",0","0",",0","5",",0","0",",0","8",",0","0",",0","1","","1","","-2.8",",0,08,","25",",,0,31,","25",",,0,31,","15.0",",,0,03,","25.6",",0,14,+","444.7","0","233.9",",0","65.3",",,,0","33",",,,0","11.05",",0","15.92",",,,0","6.17",",,,0"
"USC00305711","1954-11","43.96667","-74.21667","494.1","NEWCOMB 3 W, NY US","105.0","0","0.0",",0","17",",0","7",",0","2",",0","12",",0","6",",0","0",",0","23",",0","1",",0","0",",0","0",",0","","","","","-8.9",",0,13,","254",",,0,30,","160",",,0,29,","37.8",",,0,21,","16.7",",0,17,","910.8","0","466.1",",0","116.0",",,,0","511",",,,0","2.80",",0","6.71",",,,0","-1.11",",,,0"
"USC00305711","1954-12","43.96667","-74.21667","494.1","NEWCOMB 3 W, NY US","105.0","0","0.0","1,0","20",",0","11",",0","0",",0","31",",0","9",",0","0","1,0","30","1,0","20",",0","0",",0","0",",0","","","","","-16.7","1,0,23,+","457",",,0,25,+","99",",,0,29,","24.4",",,0,15,","6.7",",0,29,","1611.9","0","701.1",",0","114.8",",,,0","632",",,,0","-5.15","1,0","-1.31",",,,0","-8.98","1,,,0"
"USC00305711","1955-01","43.96667","-74.21667","494.1","NEWCOMB 3 W, NY US","0.0","0","0.0",",0","16",",0","6",",0","0",",0","31",",0","6",",0","14",",0","31",",0","29",",0","0",",0","0",",0","","","","","-27.8",",0,28,","635",",,0,28,+","114",",,0,16,","8.4",",,0,02,","1.7",",0,01,","2491.7","0","879.8",",0","35.0",",,,0","545",",,,0","-10.05",",0","-4.74",",,,0","-15.36",",,,0"
"USC00305711","1955-02","43.96667","-74.21667","494.1","NEWCOMB 3 W, NY US","0.0","0","0.0",",0","13",",0","9",",0","0",",0","28",",0","7",",0","9",",0","27",",0","15",",0","0",",0","0",",0","","","","","-28.3",",0,03,","762",",,0,16,+","168",",,0,07,","14.5",",,0,11,","11.1",",0,20,","3179.9","0","688.2",",0","76.7",",,,0","742",",,,0","-6.25",",0","-0.59",",,,0","-11.90",",,,0"
"USC00305711","1955-03","43.96667","-74.21667","494.1","NEWCOMB 3 W, NY US","0.0","0","0.0","1,0","24",",0","17",",0","2",",0","31",",0","14",",0","1","1,0","30","1,0","14",",0","0",",0","0",",0","","","1","","-20.6","1,0,08,","635",",,0,28,+","165",",,0,23,","33.5",",,0,01,","11.7",",0,10,","3839.8","0","659.9",",0","179.7",",,,0","943",",,,0","-3.55","1,0","1.15",",,,0","-8.26","1,,,0"
"USC00305711","1955-04","43.96667","-74.21667","494.1","NEWCOMB 3 W, NY US","0.0","0","0.0",",0","14",",0","7",",0","0",",0","10",",0","3",",0","0",",0","17",",0","0",",0","1",",0","0",",0","3","","","","-8.3",",0,08,","406",",,0,01,","41",",,0,03,","15.0",",,0,19,","22.2",",0,30,","4209.9","0","370.1",",0","53.6",",,,0","109",",,,0","6.00",",0","11.94",",,,0","0.05",",,,0"
"USC00305711","1955-05","43.96667","-74.21667","494.1","NEWCOMB 3 W, NY US","10.8","0","10.8",",0","12",",0","6",",0","0",",0","0",",0","0",",0","0",",0","2",",0","0",",0","19",",0","0",",0","","","","","-1.7",",0,17,+","0",",,0,31,+","0",",T,0,09,","23.4",",,0,25,","30.0",",0,04,","4337.0","0","127.1",",0","68.9",",,,0","0",",T,,0","14.58",",0","21.14",",,,0","8.02",",,,0"
"USC00305711","1955-06","43.96667","-74.21667","494.1","NEWCOMB 3 W, NY US","33.1","0","22.3",",0","17",",0","6",",0","1",",0","0",",0","0",",0","0",",0","0",",0","0",",0","25",",0","0",",0","","","3","","6.7",",0,04,+","0",",,0,30,+","0",",,0,30,+","39.6",",,0,01,","31.1",",0,18,","4389.8","0","52.8",",0","83.8",",,,0","0",",,,0","17.32",",0","23.54",",,,0","11.10",",,,0"
"USC00305711","1955-07","43.96667","-74.21667","494.1","NEWCOMB 3 W, NY US","133.6","0","100.5",",0","9",",0","7",",0","1",",0","0",",0","0",",0","0",",0","0",",0","0",",0","31",",0","3",",0","","","7","","7.8",",0,13,","0",",,0,31,+","0",",,0,31,+","32.8",",,0,02,","33.3",",0,22,","3.4","0","3.4",",0","93.3",",,,0","0",",,,0","21.46",",0","28.61",",,,0","14.32",",,,0"
"USC00305711","1955-08","43.96667","-74.21667","494.1","NEWCOMB 3 W, NY US","224.9","0","91.3","1,0","10",",0","9",",0","0",",0","0",",0","0",",0","0",",0","0",",0","0","1,0","27","1,0","5","1,0","","","5","","4.4",",0,29,+","0",",,0,31,+","0",",,0,31,+","18.3",",,0,13,","34.4","1,0,22,","23.8","0","20.4","1,0","85.5",",,,0","0",",,,0","20.75","1,0","26.76","1,,,0","14.74",",,,0"
"USC00305711","1955-09","43.96667","-74.21667","494.1","NEWCOMB 3 W, NY US","236.6","0","11.7","1,0","10",",0","7",",0","0",",0","0",",0","0",",0","0",",0","1",",0","0","1,0","13","1,0","0","1,0","4","","1","","0.0",",0,23,","0",",,0,30,+","0",",,0,30,+","24.9",",,0,24,","30.6","1,0,19,+","142.6","0","118.8","1,0","70.5",",,,0","0",",,,0","14.67","1,0","21.32","1,,,0","8.02",",,,0"
"USC00305711","1955-10","43.96667","-74.21667","494.1","NEWCOMB 3 W, NY US","236.9","0","0.3",",0","17",",0","11",",0","2",",0","2",",0","1",",0","0",",0","5",",0","0",",0","6",",0","0",",0","","","1","","-3.3",",0,23,","25",",,0,27,+","51",",,0,27,","40.6",",,0,31,","26.1",",0,11,","396.1","0","253.5",",0","136.9",",,,0","74",",,,0","10.16",",0","15.26",",,,0","5.07",",,,0"
"USC00305711","1955-11","43.96667","-74.21667","494.1","NEWCOMB 3 W, NY US","236.9","0","0.0",",0","20",",0","10",",0","0",",0","14",",0","5",",0","0",",0","21",",0","9",",0","0",",0","0",",0","","","1","","-14.4",",0,29,","178",",,0,30,","81",",,0,21,","10.2",",,0,17,","16.7",",0,02,","921.8","0","525.7",",0","65.8",",,,0","326",",,,0","0.81",",0","4.16",",,,0","-2.54",",,,0"
"USC00305711","1955-12","43.96667","-74.21667","494.1","NEWCOMB 3 W, NY US","236.9","0","0.0",",0","15",",0","5",",0","0",",0","31",",0","7",",0","6",",0","31",",0","25",",0","0",",0","0",",0","","","","","-28.3",",0,23,","330",",,0,31,","91",",,0,31,","18.0",",,0,04,","4.4",",0,25,+","1762.5","0","840.7",",0","45.8",",,,0","394",",,,0","-8.79",",0","-4.06",",,,0","-13.51",",,,0"
"USC00305711","1956-01","43.96667","-74.21667","494.1","NEWCOMB 3 W, NY US","0.0","0","0.0",",0","19",",0","5",",0","0",",0","29","2,0","2","1,0","2",",0","28",",0","22",",0","0",",0","0",",0","","","","","-26.1",",0,02,","406","2,,0,31,","76","1,,0,31,+","7.6",",,0,30,","7.2",",0,09,","2518.6","0","756.1",",0","46.2",",,,0","299","1,,,0","-6.06",",0","-2.14",",,,0","-9.98",",,,0"
"USC00305711","1956-02","43.96667","-74.21667","494.1","NEWCOMB 3 W, NY US","0.0","0","0.0",",0","17",",0","8",",0","0",",0","29",",0","9",",0","5",",0","29",",0","18",",0","0",",0","0",",0","","","","","-25.6",",0,04,","660",",,0,27,+","155",",,0,12,","12.7",",,0,12,","6.1",",0,25,","3198.9","0","680.3",",0","75.9",",,,0","873",",,,0","-5.12",",0","-0.40",",,,0","-9.84",",,,0"
"USC00305711","1956-03","43.96667","-74.21667","494.1","NEWCOMB 3 W, NY US","0.0","0","0.0",",0","19",",0","11",",0","1",",0","31",",0","12",",0","3",",0","31",",0","12",",0","0",",0","0",",0","","","","","-26.1",",0,18,","1016",",,0,17,","292",",,0,16,","32.0",",,0,08,","7.8",",0,22,+","3907.4","0","708.5",",0","93.1",",,,0","1106",",,,0","-4.52",",0","1.22",",,,0","-10.26",",,,0"
"USC00305711","1956-04","43.96667","-74.21667","494.1","NEWCOMB 3 W, NY US","0.0","0","0.0","1,0","17",",0","8",",0","0",",0","28",",0","1",",0","0",",0","19",",0","0","1,0","0","1,0","0","1,0","","","4","","-12.2",",0,02,","610",",,0,01,","33",",,0,23,","13.5",",,0,29,","13.9","1,0,28,","4351.6","0","444.2","1,0","71.1",",,,0","75",",,,0","2.98","1,0","7.33","1,,,0","-1.37",",,,0"
"USC00305711","1956-05","43.96667","-74.21667","494.1","NEWCOMB 3 W, NY US","1.1","0","1.1","1,0","14",",0","9",",0","2",",0","0",",0","1",",0","0",",0","12",",0","0","1,0","7","1,0","0","1,0","","","3","","-7.2",",0,08,","0",",,0,31,+","38",",,0,17,","36.1",",,0,27,","26.7","1,0,22,","4636.0","0","284.4","1,0","120.1",",,,0","43",",,,0","8.96","1,0","15.84","1,,,0","2.07",",,,0"
"USC00305711","1956-06","43.96667","-74.21667","494.1","NEWCOMB 3 W, NY US","23.9","0","22.8","2,0","11",",0","7",",0","0",",0","0",",0","0",",0","0","1,0","0","1,0","0","1,0","19","1,0","1","1,0","2","","3","","2.2","1,0,19,","0",",,0,30,+","0",",,0,30,+","12.7",",,0,21,","32.2","1,0,14,","4703.4","0","67.4","1,0","64.2",",,,0","0",",,,0","16.68","2,0","22.72","1,,,0","10.64","1,,,0"
"USC00305711","1956-07","43.96667","-74.21667","494.1","NEWCOMB 3 W, NY US","29.9","0","6.0",",0","14",",0","7",",0","0",",0","0",",0","0",",0","0",",0","0",",0","0",",0","22",",0","0",",0","1","","","","5.0",",0,18,+","0",",,0,31,+","0",",,0,31,+","17.3",",,0,06,","27.2",",0,08,","58.6","0","58.6",",0","62.1",",,,0","0",",,,0","16.64",",0","22.11",",,,0","11.16",",,,0"
"USC00305711","1956-08","43.96667","-74.21667","494.1","NEWCOMB 3 W, NY US","51.8","0","21.9","1,0","11",",0","6",",0","0",",0","0",",0","0",",0","0","1,0","0","1,0","0",",0","23",",0","0",",0","","","1","","5.0","1,0,25,+","0",",,0,31,+","0",",,0,31,+","16.0",",,0,31,","30.0",",0,17,","106.5","0","47.9",",0","48.5",",,,0","0",",,,0","17.50","1,0","23.25",",,,0","11.74","1,,,0"
"USC00305711","1956-09","43.96667","-74.21667","494.1","NEWCOMB 3 W, NY US","59.9","0","8.1",",0","14",",0","9",",0","0",",0","0",",0","0",",0","0",",0","5",",0","0",",0","9",",0","0",",0","","","2","","-2.8",",0,28,","0",",,0,30,+","0",",,0,30,+","24.1",",,0,07,","27.8",",0,05,","305.9","0","199.4",",0","79.0",",,,0","0",",,,0","11.96",",0","17.34",",,,0","6.57",",,,0"
"USC00305711","1956-10","43.96667","-74.21667","494.1","NEWCOMB 3 W, NY US","","","","","10",",0","5",",0","0",",0","0",",0","0",",0","","","","","","","","","","","4","","","","","","0",",,0,31,+","0",",,0,31,+","11.9",",,0,07,","","","","","","","33.8",",,,0","0",",,,0","","","","","",""
"USC00305711","1956-11","43.96667","-74.21667","494.1","NEWCOMB 3 W, NY US","","","0.0","1,0","15",",0","12",",0","1",",0","13",",0","6",",0","1","1,0","20","1,0","6",",0","0",",0","0",",0","2","","","","-17.8","1,0,24,","203",",,0,30,+","163",",,0,26,","31.5",",,0,21,","20.6",",0,01,","","","470.6",",0","96.8",",,,0","511",",,,0","2.01","1,0","6.93",",,,0","-2.91","1,,,0"
"USC00305711","1956-12","43.96667","-74.21667","494.1","NEWCOMB 3 W, NY US","","","0.0",",0","24",",0","14",",0","0",",0","31",",0","13",",0","2",",0","30",",0","13",",0","0",",0","0",",0","2","","","","-24.4",",0,31,","356",",,0,31,","81",",,0,31,+","14.2",",,0,22,","8.9",",0,21,","","","684.7",",0","89.0",",,,0","701",",,,0","-3.75",",0","0.43",",,,0","-7.94",",,,0"
"USC00305711","1957-01","43.96667","-74.21667","494.1","NEWCOMB 3 W, NY US","0.0","0","0.0",",0","15",",0","5",",0","1",",0","31",",0","7",",0","14",",0","30",",0","23",",0","0",",0","0",",0","","","","","-36.7",",0,15,","406",",,0,19,+","89",",,0,10,","30.7",",,0,23,","10.0",",0,22,","","","890.1",",0","65.6",",,,0","384",",,,0","-10.38",",0","-4.05",",,,0","-16.72",",,,0"
"USC00305711","1957-02","43.96667","-74.21667","494.1","NEWCOMB 3 W, NY US","0.0","0","0.0",",0","9",",0","1",",0","1",",0","28",",0","0",",0","2",",0","27",",0","12",",0","0",",0","0",",0","3","","","","-22.8",",0,12,","229",",,0,21,+","20",",,0,09,","27.9",",,0,27,","14.4",",0,26,","","","622.6",",0","37.9",",,,0","102",",,,0","-3.90",",0","1.90",",,,0","-9.71",",,,0"
"USC00305711","1957-03","43.96667","-74.21667","494.1","NEWCOMB 3 W, NY US","0.0","0","0.0",",0","13",",0","4",",0","0",",0","23",",0","3",",0","0",",0","31",",0","5",",0","0",",0","0",",0","","","","","-16.7",",0,11,","356",",,0,10,","152",",,0,09,","14.7",",,0,09,","17.8",",0,14,","","","587.8",",0","39.9",",,,0","382",",,,0","-0.63",",0","4.56",",,,0","-5.81",",,,0"
"USC00305711","1957-04","43.96667","-74.21667","494.1","NEWCOMB 3 W, NY US","1.1","0","1.1",",0","12",",0","9",",0","0",",0","3",",0","3",",0","0",",0","18",",0","0",",0","8",",0","0",",0","1","","","","-10.0",",0,15,","25",",,0,07,+","61",",,0,09,","20.3",",,0,05,","27.8",",0,27,","","","370.5",",0","68.1",",,,0","136",",,,0","6.02",",0","12.37",",,,0","-0.32",",,,0"
"USC00305711","1957-05","43.96667","-74.21667","494.1","NEWCOMB 3 W, NY US","5.9","0","4.8",",0","17",",0","8",",0","1",",0","0",",0","0",",0","0",",0","5",",0","0",",0","13",",0","0",",0","3","","1","","-1.1",",0,17,+","0",",,0,31,+","0",",T,0,04,","39.9",",,0,20,","27.8",",0,09,","","","180.6",",0","97.2",",,,0","0",",T,,0","12.66",",0","18.79",",,,0","6.54",",,,0"
"USC00305711","1957-06","43.96667","-74.21667","494.1","NEWCOMB 3 W, NY US","85.8","0","79.9",",0","13",",0","8",",0","2",",0","0",",0","0",",0","0",",0","0",",0","0",",0","24",",0","2",",0","4","","2","","3.9",",0,09,","0",",,0,30,+","0",",,0,30,+","28.4",",,0,25,","33.3",",0,18,","","","31.3",",0","124.4",",,,0","0",",,,0","19.95",",0","26.28",",,,0","13.63",",,,0"
"USC00305711","1957-07","43.96667","-74.21667","494.1","NEWCOMB 3 W, NY US","139.8","0","54.0",",0","11",",0","6",",0","0",",0","0",",0","0",",0","0",",0","0",",0","0",",0","30",",0","0",",0","","","5","","6.7",",0,03,","0",",,0,31,+","0",",,0,31,+","17.5",",,0,30,","31.1",",0,21,+","18.0","0","18.0",",0","76.7",",,,0","0",",,,0","19.49",",0","25.95",",,,0","13.03",",,,0"
"USC00305711","1957-08","43.96667","-74.21667","494.1","NEWCOMB 3 W, NY US","162.9","0","23.1",",0","8",",0","1",",0","0",",0","0",",0","0",",0","0",",0","0",",0","0",",0","28",",0","0",",0","","","2","","2.8",",0,22,","0",",,0,31,+","0",",,0,31,+","3.6",",,0,04,","30.6",",0,03,","61.9","0","43.9",",0","11.0",",,,0","0",",,,0","17.66",",0","24.43",",,,0","10.90",",,,0"
"USC00305711","1957-09","43.96667","-74.21667","494.1","NEWCOMB 3 W, NY US","184.9","0","22.0",",0","12",",0","5",",0","0",",0","0",",0","0",",0","0",",0","2",",0","0",",0","17",",0","0",",0","1","","","","-1.1",",0,28,","0",",,0,30,+","0",",,0,30,+","19.6",",,0,03,","28.9",",0,22,","168.0","0","106.1",",0","83.1",",,,0","0",",,,0","15.53",",0","21.71",",,,0","9.36",",,,0"
"USC00305711","1957-10","43.96667","-74.21667","494.1","NEWCOMB 3 W, NY US","184.9","0","0.0",",0","7",",0","3",",0","0",",0","0",",0","0",",0","0",",0","12",",0","0",",0","3",",0","0",",0","1","","","","-4.4",",0,28,","0",",,0,31,+","0",",T,0,27,+","16.0",",,0,19,","25.0",",0,09,","480.8","0","312.8",",0","37.8",",,,0","0",",T,,0","8.24",",0","13.76",",,,0","2.73",",,,0"
"USC00305711","1957-11","43.96667","-74.21667","494.1","NEWCOMB 3 W, NY US","184.9","0","0.0",",0","14",",0","11",",0","1",",0","3",",0","2",",0","1",",0","20",",0","4",",0","0",",0","0",",0","1","","","","-18.9",",0,27,","51",",,0,30,","56",",,0,30,","32.5",",,0,19,","14.4",",0,02,","967.8","0","487.0",",0","112.4",",,,0","128",",,,0","2.10",",0","6.20",",,,0","-2.00",",,,0"
"USC00305711","1957-12","43.96667","-74.21667","494.1","NEWCOMB 3 W, NY US","184.9","0","0.0",",0","21",",0","12",",0","2",",0","25",",0","8",",0","1",",0","29",",0","18",",0","0",",0","0",",0","4","","","","-20.0",",0,13,","178",",,0,18,+","99",",,0,02,","31.8",",,0,21,","11.7",",0,21,","1636.0","0","668.2",",0","168.6",",,,0","526",",,,0","-3.22",",0","1.13",",,,0","-7.57",",,,0"
"USC00305711","1958-01","43.96667","-74.21667","494.1","NEWCOMB 3 W, NY US","0.0","0","0.0",",0","17",",0","11",",0","0",",0","31",",0","10",",0","8",",0","31",",0","23",",0","0",",0","0",",0","","","","","-24.4",",0,04,","457",",,0,31,+","193",",,0,15,","15.2",",,0,22,","5.0",",0,13,","2432.0","0","796.0",",0","84.4",",,,0","811",",,,0","-7.35",",0","-2.70",",,,0","-11.99",",,,0"
"USC00305711","1958-02","43.96667","-74.21667","494.1","NEWCOMB 3 W, NY US","0.0","0","0.0","1,0","17",",0","9",",0","1",",0","28",",0","9",",0","13","1,0","27","1,0","23",",0","0",",0","0",",0","","","","","-26.1","1,0,18,","838",",,0,28,","318",",,0,16,","27.2",",,0,16,","5.6",",0,26,","3218.7","0","786.7",",0","87.2",",,,0","950",",,,0","-10.67","1,0","-5.26",",,,0","-16.07","1,,,0"
"USC00305711","1958-03","43.96667","-74.21667","494.1","NEWCOMB 3 W, NY US","0.0","0","0.0",",0","15",",0","3",",0","0",",0","31",",0","3",",0","0",",0","31",",0","4",",0","0",",0","0",",0","","","","","-10.0",",0,09,","787",",,0,01,","104",",,0,15,","9.7",",,0,15,","10.0",",0,29,","3802.1","0","583.4",",0","29.6",",,,0","280",",,,0","-0.49",",0","3.92",",,,0","-4.89",",,,0"
"USC00305711","1958-04","43.96667","-74.21667","494.1","NEWCOMB 3 W, NY US","0.0","0","0.0",",0","9",",0","7",",0","1",",0","11",",0","2",",0","0",",0","22",",0","1",",0","4",",0","0",",0","","","2","","-7.8",",0,05,","279",",,0,01,","51",",,0,28,+","31.2",",,0,22,","23.3",",0,20,+","4188.6","0","386.5",",0","80.5",",,,0","102",",,,0","5.45",",0","11.89",",,,0","-0.99",",,,0"
"USC00305711","1958-05","43.96667","-74.21667","494.1","NEWCOMB 3 W, NY US","0.0","0","0.0","2,0","13",",0","8",",0","0",",0","0",",0","0",",0","0",",0","11",",0","0","2,0","8","2,0","0","2,0","3","","2","","-3.3",",0,06,","0",",,0,31,+","0",",,0,31,+","12.7",",,0,03,","26.7","2,0,17,","4444.7","0","256.1","2,0","64.4",",,,0","0",",,,0","9.46","2,0","16.62","2,,,0","2.30",",,,0"
"USC00305711","1958-06","43.96667","-74.21667","494.1","NEWCOMB 3 W, NY US","2.2","0","2.2","3,0","8","1,0","5","1,0","0","1,0","0",",0","0",",0","0",",0","0",",0","0","3,0","11","3,0","0","3,0","7","","1","","1.1",",0,07,","0",",,0,30,+","0",",,0,30,+","16.5","1,,0,10,","26.7","3,0,05,","4574.6","0","129.9","3,0","40.0","1,,,0","0",",,,0","13.62","3,0","19.88","3,,,0","7.35",",,,0"
"USC00305711","1958-07","43.96667","-74.21667","494.1","NEWCOMB 3 W, NY US","39.2","0","37.0",",0","11",",0","7",",0","2",",0","0",",0","0",",0","0",",0","0",",0","0",",0","28",",0","0",",0","4","","","","6.7",",0,18,","0",",,0,31,+","0",",,0,31,+","30.5",",,0,28,","30.0",",0,01,","26.8","0","26.8",",0","128.8",",,,0","0",",,,0","18.66",",0","23.94",",,,0","13.39",",,,0"
"USC00305711","1958-08","43.96667","-74.21667","494.1","NEWCOMB 3 W, NY US","52.3","0","13.1",",0","10",",0","7",",0","0",",0","0",",0","0",",0","0",",0","0",",0","0",",0","24",",0","0",",0","20","","","","5.6",",0,24,","0",",,0,31,+","0",",,0,31,+","22.9",",,0,24,","28.9",",0,03,","79.9","0","53.1",",0","64.8",",,,0","0",",,,0","17.04",",0","23.18",",,,0","10.90",",,,0"
"USC00305711","1958-09","43.96667","-74.21667","494.1","NEWCOMB 3 W, NY US","52.3","0","0.0","2,0","16",",0","11",",0","1",",0","0",",0","0",",0","0",",0","0",",0","0","2,0","10","2,0","0","2,0","7","","1","","1.1",",0,30,","0",",,0,30,+","0",",,0,30,+","25.4",",,0,18,","25.0","2,0,15,","238.4","0","158.5","2,0","125.9",",,,0","0",",,,0","12.65","2,0","17.58","2,,,0","7.73",",,,0"
"USC00305711","1958-10","43.96667","-74.21667","494.1","NEWCOMB 3 W, NY US","52.3","0","0.0","5,0","14",",0","11",",0","1",",0","0",",0","0",",0","0","2,0","11","2,0","0","4,0","3","4,0","0","4,0","6","","","","-3.3","2,0,19,","0",",,0,31,+","13",",,0,13,","27.9",",,0,23,","24.4","4,0,09,","525.4","0","287.0","4,0","89.2",",,,0","13",",,,0","7.22","5,0","12.69","4,,,0","1.74","2,,,0"
"USC00305711","1958-11","43.96667","-74.21667","494.1","NEWCOMB 3 W, NY US","52.3","0","0.0","2,0","12",",0","8",",0","1",",0","5","1,0","3",",0","1","1,0","20","1,0","6","1,0","0","1,0","0","1,0","2","","","","-18.3","1,0,30,","356","1,,0,29,","267",",,0,29,","26.7",",,0,28,","15.6","1,0,19,","995.9","0","470.5","1,0","76.0",",,,0","379",",,,0","1.61","2,0","5.71","1,,,0","-2.49","1,,,0"
"USC00305711","1958-12","43.96667","-74.21667","494.1","NEWCOMB 3 W, NY US","","","","","14",",0","6",",0","0",",0","30","1,0","6","1,0","","","","","","","","","","","","","","","","","559","1,,0,19,+","124","1,,0,06,","14.0",",,0,05,","","","","","","","44.8",",,,0","631","1,,,0","","","","","",""
"USC00305711","1959-01","43.96667","-74.21667","494.1","NEWCOMB 3 W, NY US","0.0","0","0.0",",0","18",",0","10",",0","1",",0","31",",0","8",",0","14",",0","31",",0","27",",0","0",",0","0",",0","","","","","-27.8",",0,26,","762",",,0,21,","165",",,0,16,","35.6",",,0,21,","8.3",",0,22,","","","886.8",",0","110.4",",,,0","621",",,,0","-10.27",",0","-5.42",",,,0","-15.13",",,,0"
"USC00305711","1959-02","43.96667","-74.21667","494.1","NEWCOMB 3 W, NY US","0.0","0","0.0","3,0","15",",0","9",",0","0",",0","26","2,0","10","1,0","11","3,0","25","3,0","20","3,0","0","3,0","0","3,0","","","","","-30.0","3,0,02,","1118","2,,0,25,+","168","1,,0,23,","14.5",",,0,15,","6.1","3,0,28,","","","717.5","3,0","87.1",",,,0","810","1,,,0","-10.37","3,0","-3.36","3,,,0","-17.37","3,,,0"
"USC00305711","1959-03","43.96667","-74.21667","494.1","NEWCOMB 3 W, NY US","0.0","0","0.0","1,0","14",",0","7",",0","1",",0","31",",0","6",",0","4","1,0","29","1,0","9",",0","0",",0","0",",0","","","","","-20.6","1,0,29,","1295",",,0,12,","229",",,0,12,","26.7",",,0,06,","11.1",",0,31,+","","","661.5",",0","91.4",",,,0","774",",,,0","-3.71","1,0","2.65",",,,0","-10.08","1,,,0"
"USC00305711","1959-04","43.96667","-74.21667","494.1","NEWCOMB 3 W, NY US","0.0","0","0.0",",0","12",",0","8",",0","0",",0","15",",0","0",",0","0",",0","22",",0","0",",0","0",",0","0",",0","","","","","-11.1",",0,13,","787",",,0,01,","13",",,0,07,","14.5",",,0,08,","17.8",",0,25,","","","428.9",",0","62.1",",,,0","23",",,,0","4.04",",0","9.93",",,,0","-1.85",",,,0"
"USC00305711","1959-05","43.96667","-74.21667","494.1","NEWCOMB 3 W, NY US","19.6","0","19.6",",0","9",",0","4",",0","0",",0","0",",0","0",",0","0",",0","6",",0","0",",0","16",",0","0",",0","1","","","","-2.8",",0,18,","0",",,0,31,+","0",",T,0,17,+","17.8",",,0,20,","30.0",",0,28,","","","173.8",",0","52.1",",,,0","0",",T,,0","13.36",",0","20.94",",,,0","5.78",",,,0"
"USC00305711","1959-06","43.96667","-74.21667","494.1","NEWCOMB 3 W, NY US","54.4","0","34.8",",0","14",",0","9",",0","0",",0","0",",0","0",",0","0",",0","0",",0","0",",0","19",",0","0",",0","","","2","","5.0",",0,15,+","0",",,0,30,+","0",",,0,30,+","14.2",",,0,15,","30.0",",0,10,","","","73.7",",0","75.3",",,,0","0",",,,0","17.04",",0","22.20",",,,0","11.87",",,,0"
"USC00305711","1959-07","43.96667","-74.21667","494.1","NEWCOMB 3 W, NY US","103.9","0","49.5",",0","8",",0","6",",0","0",",0","0",",0","0",",0","0",",0","0",",0","0",",0","28",",0","0",",0","6","","","","6.7",",0,08,","0",",,0,31,+","0",",,0,31,+","13.2",",,0,06,","31.7",",0,30,+","14.1","0","14.1",",0","49.8",",,,0","0",",,,0","19.47",",0","26.22",",,,0","12.72",",,,0"
"USC00305711","1959-08","43.96667","-74.21667","494.1","NEWCOMB 3 W, NY US","151.1","0","47.2",",0","15",",0","13",",0","2",",0","0",",0","0",",0","0",",0","0",",0","0",",0","30",",0","0",",0","2","","","","3.9",",0,03,+","0",",,0,31,+","0",",,0,31,+","59.7",",,0,22,","30.6",",0,15,","42.0","0","27.9",",0","182.5",",,,0","0",",,,0","18.95",",0","25.33",",,,0","12.58",",,,0"
"USC00305711","1959-09","43.96667","-74.21667","494.1","NEWCOMB 3 W, NY US","174.4","0","23.3",",0","12",",0","8",",0","0",",0","0",",0","0",",0","0",",0","2",",0","0",",0","17",",0","0",",0","","","","","-1.7",",0,17,","0",",,0,30,+","0",",,0,30,+","10.4",",,0,30,","30.0",",0,09,","173.8","0","131.8",",0","50.0",",,,0","0",",,,0","14.72",",0","20.95",",,,0","8.48",",,,0"
"USC00305711","1959-10","43.96667","-74.21667","494.1","NEWCOMB 3 W, NY US","174.4","0","0.0","4,0","14",",0","13",",0","2",",0","0",",0","0",",0","0","1,0","12","1,0","1","3,0","1","3,0","0","3,0","1","","1","","-7.2","1,0,22,+","0",",,0,31,+","3",",,0,19,","57.2",",,0,01,","21.1","3,0,04,","480.0","0","306.2","3,0","212.2",",,,0","3",",,,0","6.78","4,0","11.37","3,,,0","2.20","1,,,0"
"USC00305711","1959-11","43.96667","-74.21667","494.1","NEWCOMB 3 W, NY US","174.4","0","0.0","4,0","18",",0","12",",0","2",",0","13",",0","6",",0","0","1,0","28","1,0","6","3,0","0","3,0","0","3,0","","","","","-13.9","1,0,30,+","254",",,0,27,","229",",,0,27,","37.6",",,0,28,","15.0","3,0,06,","996.3","0","516.3","3,0","150.1",",,,0","460",",,,0","-1.45","4,0","3.15","3,,,0","-6.05","1,,,0"
"USC00305711","1959-12","43.96667","-74.21667","494.1","NEWCOMB 3 W, NY US","174.4","0","0.0","4,0","16",",0","7",",0","0",",0","31",",0","6",",0","5","1,0","29","1,0","17","3,0","0","3,0","0","3,0","","","1","","-26.7","1,0,23,","508",",,0,31,+","170",",,0,29,","20.3",",,0,12,","3.3","3,0,06,+","1638.6","0","642.3","3,0","74.0",",,,0","671",",,,0","-5.37","4,0","-1.88","3,,,0","-8.86","1,,,0"
"USC00305711","1960-01","43.96667","-74.21667","494.1","NEWCOMB 3 W, NY US","0.0","0","0.0","3,0","19",",0","10",",0","0",",0","31",",0","9",",0","6","2,0","29","2,0","28","1,0","0","1,0","0","1,0","1","","","","-26.1","2,0,09,","762",",,0,28,","135",",,0,28,","24.1",",,0,03,","0.6","1,0,31,+","2392.6","0","754.0","1,0","77.3",",,,0","789",",,,0","-8.36","3,0","-3.56","1,,,0","-13.17","2,,,0"
"USC00305711","1960-02","43.96667","-74.21667","494.1","NEWCOMB 3 W, NY US","0.0","0","0.0","2,0","21",",0","8",",0","1",",0","29",",0","9",",0","2","1,0","27","1,0","17","1,0","0","1,0","0","1,0","","","","","-19.4","1,0,22,","940",",,0,26,","165",",,0,26,","32.0",",,0,11,","6.1","1,0,18,","3051.6","0","659.0","1,0","110.5",",,,0","799",",,,0","-5.96","2,0","-1.41","1,,,0","-10.50","1,,,0"
"USC00305711","1960-03","43.96667","-74.21667","494.1","NEWCOMB 3 W, NY US","0.0","0","0.0","2,0","18",",0","5",",0","0",",0","31",",0","8",",0","9","1,0","27","1,0","22","1,0","0","1,0","0","1,0","2","","","","-27.8","1,0,26,","991",",,0,18,+","145",",,0,17,","12.2",",,0,17,","11.7","1,0,31,","3781.7","0","730.1","1,0","44.6",",,,0","473",",,,0","-6.48","2,0","-1.00","1,,,0","-11.96","1,,,0"
"USC00305711","1960-04","43.96667","-74.21667","494.1","NEWCOMB 3 W, NY US","0.0","0","0.0",",0","16",",0","9",",0","1",",0","14",",0","3",",0","0",",0","17",",0","1",",0","2",",0","0",",0","2","","","","-11.7",",0,07,","660",",,0,01,","46",",,0,06,","25.9",",,0,25,","22.2",",0,17,","4187.4","0","405.7",",0","104.9",",,,0","138",",,,0","4.81",",0","10.33",",,,0","-0.72",",,,0"
"USC00305711","1960-05","43.96667","-74.21667","494.1","NEWCOMB 3 W, NY US","0.0","0","0.0",",0","15",",0","12",",0","0",",0","0",",0","0",",0","0",",0","2",",0","0",",0","12",",0","0",",0","2","","1","","-2.8",",0,03,","0",",,0,31,+","0",",,0,31,+","13.0",",,0,24,","27.2",",0,21,+","4356.4","0","169.0",",0","65.4",",,,0","0",",,,0","12.88",",0","19.25",",,,0","6.51",",,,0"
"USC00305711","1960-06","43.96667","-74.21667","494.1","NEWCOMB 3 W, NY US","3.6","0","3.6",",0","12",",0","8",",0","0",",0","0",",0","0",",0","0",",0","0",",0","0",",0","18",",0","0",",0","","","1","","1.7",",0,09,+","0",",,0,30,+","0",",,0,30,+","24.6",",,0,24,","28.3",",0,17,","4455.1","0","98.7",",0","88.5",",,,0","0",",,,0","15.16",",0","21.67",",,,0","8.66",",,,0"
"USC00305711","1960-07","43.96667","-74.21667","494.1","NEWCOMB 3 W, NY US","14.3","0","10.7",",0","14",",0","6",",0","0",",0","0",",0","0",",0","0",",0","0",",0","0",",0","25",",0","0",",0","","","","","4.4",",0,08,","0",",,0,31,+","0",",,0,31,+","21.1",",,0,30,","28.3",",0,11,","63.4","0","63.4",",0","55.1",",,,0","0",",,,0","16.63",",0","23.01",",,,0","10.25",",,,0"
"USC00305711","1960-08","43.96667","-74.21667","494.1","NEWCOMB 3 W, NY US","22.9","0","8.6",",0","9",",0","6",",0","1",",0","0",",0","0",",0","0",",0","0",",0","0",",0","24",",0","0",",0","","","","","3.3",",0,25,","0",",,0,31,+","0",",,0,31,+","32.3",",,0,05,","28.3",",0,18,","127.6","0","64.2",",0","73.0",",,,0","0",",,,0","16.54",",0","23.25",",,,0","9.83",",,,0"
"USC00305711","1960-09","43.96667","-74.21667","494.1","NEWCOMB 3 W, NY US","27.6","0","4.7","1,0","8",",0","5",",0","1",",0","0",",0","0",",0","0","1,0","0","1,0","0",",0","10",",0","0",",0","","","","","1.7","1,0,17,","0",",,0,30,+","0",",,0,30,+","39.6",",,0,12,","29.4",",0,08,","264.1","0","136.5",",0","68.9",",,,0","0",",,,0","13.78","1,0","19.48",",,,0","8.08","1,,,0"
"USC00305711","1960-10","43.96667","-74.21667","494.1","NEWCOMB 3 W, NY US","27.6","0","0.0",",0","10",",0","8",",0","0",",0","0",",0","0",",0","0",",0","18",",0","0",",0","1",",0","0",",0","","","","","-5.0",",0,22,","0",",,0,31,+","0",",,0,31,+","12.7",",,0,25,","21.1",",0,14,","652.6","0","388.5",",0","64.6",",,,0","0",",,,0","5.80",",0","10.96",",,,0","0.64",",,,0"
"USC00305711","1960-11","43.96667","-74.21667","494.1","NEWCOMB 3 W, NY US","27.6","0","0.0",",0","12",",0","5",",0","0",",0","1",",0","1",",0","0",",0","20",",0","3",",0","0",",0","0",",0","","","","","-10.6",",0,08,","25",",,0,30,","28",",,0,30,","10.4",",,0,01,","12.8",",0,16,","1155.9","0","503.3",",0","48.1",",,,0","33",",,,0","1.56",",0","5.14",",,,0","-2.03",",,,0"
"USC00305711","1960-12","43.96667","-74.21667","494.1","NEWCOMB 3 W, NY US","27.6","0","0.0","1,0","18","2,0","3","2,0","0","2,0","","","","","9","1,0","30","1,0","22","1,0","0","1,0","0","1,0","","","","","-27.2","1,0,24,","","","","","14.0","2,,0,21,","7.2","1,0,06,","1954.0","0","798.1","1,0","40.4",",a,,0","","","-8.27","1,0","-3.69","1,,,0","-12.85","1,,,0"
"USC00305711","1961-01","43.96667","-74.21667","494.1","NEWCOMB 3 W, NY US","0.0","0","0.0","1,0","13",",0","2",",0","0",",0","27","4,0","2","3,0","14","1,0","30","1,0","23",",0","0",",0","0",",0","","","","","-27.2","1,0,24,","483","4,,0,05,","58","3,,0,08,","21.6",",,0,01,","5.0",",0,14,","2846.3","0","892.3",",0","32.7",",,,0","142","3,,,0","-11.26","1,0","-5.22",",,,0","-17.29","1,,,0"
"USC00305711","1961-02","43.96667","-74.21667","494.1","NEWCOMB 3 W, NY US","0.0","0","0.0","1,0","13",",0","7",",0","1",",0","28",",0","1",",0","6","1,0","26","1,0","15",",0","0",",0","0",",0","","","","","-26.7","1,0,03,+","457",",,0,06,+","86",",,0,04,","29.5",",,0,26,","7.8",",0,22,","3514.6","0","668.3",",0","74.0",",,,0","127",",,,0","-6.33","1,0","-0.65",",,,0","-12.00","1,,,0"
"USC00305711","1961-03","43.96667","-74.21667","494.1","NEWCOMB 3 W, NY US","0.0","0","0.0","1,0","12",",0","6",",0","0",",0","","","2","3,0","3","1,0","29","1,0","8","1,0","0","1,0","0","1,0","","","","","-23.3","1,0,18,","","","124","3,,0,14,","17.5",",,0,09,","17.8","1,0,28,","4116.6","0","602.0","1,0","50.3",",,,0","190","3,,,0","-1.73","1,0","3.76","1,,,0","-7.23","1,,,0"
"USC00305711","1961-04","43.96667","-74.21667","494.1","NEWCOMB 3 W, NY US","0.0","0","0.0","5,0","15","2,0","9","2,0","0","2,0","18","2,0","3",",0","0","2,0","21","2,0","2","3,0","0","3,0","0","3,0","","","","","-8.3","2,0,09,","457","2,,0,11,","292",",,0,10,","23.9","2,,0,10,","17.8","3,0,21,","4490.9","0","374.3","3,0","92.4","2,,,0","549",",,,0","3.31","5,0","7.76","3,,,0","-1.14","2,,,0"
"USC00305711","1961-05","43.96667","-74.21667","494.1","NEWCOMB 3 W, NY US","6.4","0","6.4",",0","13",",0","8",",0","0",",0","0",",0","0",",0","0",",0","6",",0","0",",0","9",",0","0",",0","","","","","-5.0",",0,01,","0",",T,0,02,","5",",,0,02,","17.5",",,0,26,","30.6",",0,15,","4723.4","0","232.5",",0","67.2",",,,0","5",",,,0","11.04",",0","17.81",",,,0","4.27",",,,0"
"USC00305711","1961-06","43.96667","-74.21667","494.1","NEWCOMB 3 W, NY US","16.7","0","10.3","1,0","9","3,0","7","3,0","1","3,0","0",",0","0",",0","0",",0","1",",0","0","1,0","22","1,0","0","1,0","","","","","-1.1",",0,16,","0",",,0,30,+","0",",,0,30,+","27.4","3,,0,21,","28.3","1,0,13,+","4802.6","0","79.2","1,0","94.5","3,,,0","0",",,,0","16.01","1,0","22.39","1,,,0","9.63",",,,0"
"USC00305711","1961-07","43.96667","-74.21667","494.1","NEWCOMB 3 W, NY US","60.7","0","44.0","1,0","11",",0","9",",0","0",",0","0",",0","0",",0","0",",0","0",",0","0","1,0","23","1,0","0","1,0","","","","","3.9",",0,06,","0",",,0,31,+","0",",,0,31,+","14.0",",,0,28,","29.4","1,0,31,","46.5","0","46.5","1,0","81.4",",,,0","0",",,,0","18.27","1,0","24.02","1,,,0","12.52",",,,0"
"USC00305711","1961-08","43.96667","-74.21667","494.1","NEWCOMB 3 W, NY US","71.8","0","11.1",",0","10",",0","7",",0","1",",0","0",",0","0",",0","0",",0","0",",0","0",",0","21",",0","0",",0","","","","","1.7",",0,14,","0",",,0,31,+","0",",,0,31,+","41.1",",,0,29,","27.2",",0,04,","102.4","0","55.9",",0","106.4",",,,0","0",",,,0","16.89",",0","22.35",",,,0","11.43",",,,0"
"USC00305711","1961-09","43.96667","-74.21667","494.1","NEWCOMB 3 W, NY US","115.0","0","43.2",",0","4",",0","3",",0","0",",0","0",",0","0",",0","0",",0","1",",0","0",",0","21",",0","0",",0","","","","","0.0",",0,30,","0",",,0,30,+","0",",,0,30,+","17.8",",,0,15,","28.9",",0,04,","179.6","0","77.2",",0","37.1",",,,0","0",",,,0","17.20",",0","23.11",",,,0","11.29",",,,0"
"USC00305711","1961-10","43.96667","-74.21667","494.1","NEWCOMB 3 W, NY US","115.0","0","0.0","1,0","8",",0","6",",0","1",",0","0",",0","0",",0","0",",0","10",",0","0","1,0","4","1,0","0","1,0","","","","","-6.7",",0,23,","0",",,0,31,+","0",",,0,31,+","34.3",",,0,30,","21.7","1,0,07,","479.9","0","300.3","1,0","69.6",",,,0","0",",,,0","8.42","1,0","14.15","1,,,0","2.68",",,,0"
"USC00305711","1961-11","43.96667","-74.21667","494.1","NEWCOMB 3 W, NY US","115.0","0","0.0",",0","18",",0","8",",0","0",",0","6",",0","3",",0","0",",0","21",",0","8",",0","0",",0","0",",0","","","","","-8.9",",0,11,","102",",,0,30,+","81",",,0,29,","15.7",",,0,24,","15.0",",0,03,","1010.3","0","530.4",",0","76.0",",,,0","245",",,,0","0.65",",0","3.56",",,,0","-2.26",",,,0"
"USC00305711","1961-12","43.96667","-74.21667","494.1","NEWCOMB 3 W, NY US","115.0","0","0.0",",0","22",",0","8",",0","0",",0","26","5,0","10","2,0","3",",0","31",",0","22",",0","0",",0","0",",0","","","","","-25.6",",0,16,","356","5,,0,29,+","142","2,,0,28,","19.1",",,0,05,","5.6",",0,05,","1757.6","0","747.3",",0","66.1",",,,0","566","2,,,0","-5.77",",0","-2.59",",,,0","-8.95",",,,0"
"USC00305711","1962-01","43.96667","-74.21667","494.1","NEWCOMB 3 W, NY US","0.0","0","0.0","1,0","16",",0","7",",0","1",",0","30","1,0","5","1,0","10","1,0","30","1,0","21",",0","0",",0","0",",0","","","","","-25.6","1,0,31,","406","1,,0,30,+","94","1,,0,09,","28.7",",,0,15,","5.0",",0,15,","2581.7","0","824.1",",0","94.5",",,,0","357","1,,,0","-9.06","1,0","-3.42",",,,0","-14.71","1,,,0"
"USC00305711","1962-02","43.96667","-74.21667","494.1","NEWCOMB 3 W, NY US","0.0","0","0.0",",0","19",",0","9",",0","0",",0","28",",0","9",",0","11",",0","28",",0","24",",0","0",",0","0",",0","","","","","-30.0",",0,02,","940",",,0,24,","356",",,0,24,","20.1",",,0,24,","5.6",",0,05,","3335.1","0","753.4",",0","84.5",",,,0","1210",",,,0","-8.57",",0","-3.32",",,,0","-13.83",",,,0"
"USC00305711","1962-03","43.96667","-74.21667","494.1","NEWCOMB 3 W, NY US","0.0","0","0.0",",0","9",",0","3",",0","0",",0","","","2",",0","2",",0","28",",0","4",",0","0",",0","0",",0","","","","","-20.6",",0,02,","","","155",",,0,12,","17.8",",,0,12,","18.9",",0,30,","3949.2","0","614.1",",0","48.9",",,,0","312",",,,0","-1.48",",0","4.37",",,,0","-7.33",",,,0"
"USC00305711","1962-04","43.96667","-74.21667","494.1","NEWCOMB 3 W, NY US","0.0","0","0.0",",0","10","2,0","5","2,0","1","2,0","11","2,0","1","2,0","0",",0","22",",0","1",",0","4",",0","0",",0","","","","","-12.8",",0,04,","457","2,,0,03,+","38","2,,0,13,","26.9","2,,0,07,","26.7",",0,28,","4368.1","0","418.9",",0","71.2","2,,,0","135","2,a,,0","4.37",",0","10.45",",,,0","-1.71",",,,0"
"USC00305711","1962-05","43.96667","-74.21667","494.1","NEWCOMB 3 W, NY US","13.4","0","13.4",",0","12",",0","4",",0","0",",0","0",",0","0",",0","0",",0","6",",0","0",",0","12",",0","0",",0","","","","","-3.9",",0,12,","0",",,0,31,+","0",",,0,31,+","16.5",",,0,14,","30.6",",0,18,","4580.4","0","212.3",",0","52.5",",,,0","0",",,,0","11.92",",0","18.75",",,,0","5.08",",,,0"
"USC00305711","1962-06","43.96667","-74.21667","494.1","NEWCOMB 3 W, NY US","13.4","0","0.0",",0","8",",0","5",",0","0",",0","0",",0","0",",0","0",",0","0",",0","0",",0","21",",0","0",",0","","","","","2.8",",0,09,","0",",,0,30,+","0",",,0,30,+","14.2",",,0,11,","26.7",",0,29,","4667.5","0","87.1",",0","51.8",",,,0","0",",,,0","15.43",",0","22.12",",,,0","8.74",",,,0"
"USC00305711","1962-07","43.96667","-74.21667","494.1","NEWCOMB 3 W, NY US","14.8","0","1.4",",0","","","","","","","0",",0","0",",0","0",",0","0",",0","0",",0","19",",0","0",",0","","","","","2.8",",0,06,+","0",",,0,31,+","0",",,0,31,+","","","28.3",",0,08,","117.4","0","117.4",",0","","","0",",,,0","14.59",",0","21.10",",,,0","8.08",",,,0"
"USC00305711","1962-08","43.96667","-74.21667","494.1","NEWCOMB 3 W, NY US","24.2","0","9.4",",0","10",",0","5",",0","2",",0","0",",0","0",",0","0",",0","0",",0","0",",0","22",",0","0",",0","","","","","2.8",",0,19,","0",",,0,31,+","0",",,0,31,+","52.1",",,0,28,","30.0",",0,27,","195.8","0","78.4",",0","117.9",",,,0","0",",,,0","16.11",",0","22.11",",,,0","10.11",",,,0"
"USC00305711","1962-09","43.96667","-74.21667","494.1","NEWCOMB 3 W, NY US","25.6","0","1.4",",0","12",",0","10",",0","0",",0","0",",0","0",",0","0",",0","2",",0","0",",0","7",",0","0",",0","","","","","-1.7",",0,22,+","0",",,0,30,+","0",",T,0,21,","17.8",",,0,17,","25.6",",0,13,","408.9","0","213.1",",0","100.4",",,,0","0",",T,,0","11.28",",0","16.21",",,,0","6.34",",,,0"
"USC00305711","1962-10","43.96667","-74.21667","494.1","NEWCOMB 3 W, NY US","25.6","0","0.0",",0","19",",0","12",",0","1",",0","1","1,0","0","1,0","0",",0","14",",0","0",",0","2",",0","0",",0","","","","","-6.1",",0,30,","25","1,,0,31,","13","1,,0,31,","29.7",",,0,05,","21.1",",0,16,+","789.7","0","380.8",",0","113.5",",,,0","13","1,,,0","6.05",",0","10.51",",,,0","1.59",",,,0"
"USC00305711","1962-11","43.96667","-74.21667","494.1","NEWCOMB 3 W, NY US","25.6","0","0.0",",0","9",",0","7",",0","0",",0","","","0","5,0","0",",0","28",",0","12",",0","0",",0","0",",0","","","","","-15.0",",0,26,","","","23","5,,0,23,","20.8",",,0,11,","8.3",",0,30,","1395.6","0","605.9",",0","52.3",",,,0","39","5,,,0","-1.86",",0","2.00",",,,0","-5.73",",,,0"
"USC00305711","1962-12","43.96667","-74.21667","494.1","NEWCOMB 3 W, NY US","25.6","0","0.0","1,0","16",",0","9",",0","0",",0","","","","","5","1,0","29","1,0","21","1,0","0","1,0","0","1,0","","","","","-28.9","1,0,21,","","","","","22.1",",,0,06,","8.9","1,0,04,","2159.4","0","763.8","1,0","69.4",",,,0","","","-7.13","1,0","-2.40","1,,,0","-11.85","1,,,0"
"USC00305711","1963-01","43.96667","-74.21667","494.1","NEWCOMB 3 W, NY US","","","","","15",",0","5",",0","0",",0","","","","","","","","","","","","","","","","","","","","","","","","","16.5",",,0,27,","","","","","","","55.1",",,,0","","","","","","","",""
"USC00305711","1963-02","43.96667","-74.21667","494.1","NEWCOMB 3 W, NY US","","","0.0",",0","21",",0","6",",0","0",",0","","","","","13",",0","28",",0","25",",0","0",",0","0",",0","","","","","-30.0",",0,27,","","","","","15.2",",,0,02,","3.9",",0,19,","","","823.4",",0","52.4",",,,0","","","-11.08",",0","-5.74",",,,0","-16.41",",,,0"
"USC00305711","1963-03","43.96667","-74.21667","494.1","NEWCOMB 3 W, NY US","","","0.0",",0","19",",0","12",",0","0",",0","","","","","1",",0","29",",0","16",",0","0",",0","0",",0","","","1","","-18.9",",0,16,","","","","","19.1",",,0,06,","16.7",",0,26,","","","644.5",",0","105.9",",,,0","","","-2.46",",0","2.61",",,,0","-7.53",",,,0"
"USC00305711","1963-04","43.96667","-74.21667","494.1","NEWCOMB 3 W, NY US","","","0.0","1,0","13",",0","10",",0","0",",0","","","","","0",",0","23",",0","1","1,0","0","1,0","0","1,0","","","","","-10.0",",0,05,","","","","","21.6",",,0,03,","16.7","1,0,21,","","","429.0","1,0","69.7",",,,0","","","3.53","1,0","9.11","1,,,0","-2.05",",,,0"
"USC00305711","1963-05","43.96667","-74.21667","494.1","NEWCOMB 3 W, NY US","","","0.0",",0","14",",0","9",",0","0",",0","0",",0","0",",0","0",",0","7",",0","0",",0","9",",0","0",",0","","","","","-1.7",",0,24,+","0",",,0,31,+","0",",,0,31,+","13.2",",,0,11,","25.0",",0,31,+","","","216.0",",0","71.6",",,,0","0",",,,0","11.36",",0","18.38",",,,0","4.35",",,,0"
"USC00305711","1963-06","43.96667","-74.21667","494.1","NEWCOMB 3 W, NY US","","","38.5",",0","11",",0","7",",0","1",",0","0",",0","0",",0","0",",0","0",",0","0",",0","23",",0","1",",0","","","","","5.0",",0,11,","0",",,0,30,+","0",",,0,30,+","31.5",",,0,09,","33.3",",0,26,","","","57.5",",0","65.9",",,,0","0",",,,0","17.70",",0","24.83",",,,0","10.57",",,,0"
"USC00305711","1963-07","43.96667","-74.21667","494.1","NEWCOMB 3 W, NY US","","","69.5",",0","8",",0","6",",0","0",",0","0",",0","0",",0","0",",0","0",",0","0",",0","26",",0","3",",0","","","","","7.2",",0,09,+","0",",,0,31,+","0",",,0,31,+","14.5",",,0,30,","32.2",",0,26,+","32.3","0","32.3",",0","46.4",",,,0","0",",,,0","19.53",",0","25.75",",,,0","13.32",",,,0"
"USC00305711","1963-08","43.96667","-74.21667","494.1","NEWCOMB 3 W, NY US","","","6.4",",0","14",",0","10",",0","0",",0","0",",0","0",",0","0",",0","0",",0","0",",0","14",",0","0",",0","","","","","4.4",",0,28,+","0",",,0,31,+","0",",,0,31,+","22.4",",,0,04,","26.7",",0,08,+","121.2","0","88.9",",0","99.9",",,,0","0",",,,0","15.67",",0","20.99",",,,0","10.36",",,,0"
"USC00305711","1963-09","43.96667","-74.21667","494.1","NEWCOMB 3 W, NY US","","","0.0",",0","6",",0","6",",0","0",",0","0",",0","0",",0","0",",0","4",",0","0",",0","8",",0","0",",0","","","","","-3.9",",0,24,","0",",,0,30,+","0",",,0,30,+","8.1",",,0,12,","25.6",",0,18,","346.2","0","225.0",",0","32.4",",,,0","0",",,,0","10.83",",0","17.87",",,,0","3.80",",,,0"
"USC00305711","1963-10","43.96667","-74.21667","494.1","NEWCOMB 3 W, NY US","","","0.0",",0","3",",0","2",",0","0",",0","0",",0","0",",0","0",",0","8",",0","0",",0","8",",0","0",",0","","","","","-2.2",",0,30,+","0",",,0,31,+","0",",,0,31,+","3.3",",,0,04,","25.0",",0,07,","615.9","0","269.7",",0","7.1",",,,0","0",",,,0","9.63",",0","16.92",",,,0","2.35",",,,0"
"USC00305711","1963-11","43.96667","-74.21667","494.1","NEWCOMB 3 W, NY US","","","0.0",",0","16",",0","9",",0","0",",0","0",",0","1",",0","0",",0","15",",0","2",",0","0",",0","0",",0","","","","","-8.9",",0,25,","0",",,0,30,+","61",",,0,30,","22.9",",,0,07,","12.2",",0,23,","1068.2","0","452.3",",0","100.1",",,,0","61",",,,0","3.26",",0","6.14",",,,0","0.37",",,,0"
"USC00305711","1963-12","43.96667","-74.21667","494.1","NEWCOMB 3 W, NY US","","","0.0",",0","17",",0","4",",0","0",",0","28","3,","","","10",",0","31",",0","29",",0","0",",0","0",",0","","","","","-25.6",",0,31,","330","3,,0,28,+","","","19.8",",,0,09,","2.2",",0,09,","1974.1","0","905.9",",0","47.1",",,,0","","","-10.89",",0","-6.81",",,,0","-14.97",",,,0"
"USC00305711","1964-01","43.96667","-74.21667","494.1","NEWCOMB 3 W, NY US","0.0","0","0.0",",0","","","","","","","30","1,0","","","7",",0","31",",0","18",",0","0",",0","0",",0","","","","","-25.0",",0,01,","508","1,,0,27,","","","","","6.1",",0,25,","2755.6","0","781.5",",0","","","","","-6.88",",0","-2.43",",,,0","-11.32",",,,0"
"USC00305711","1964-03","43.96667","-74.21667","494.1","NEWCOMB 3 W, NY US","","","0.0",",0","13",",0","7",",0","2",",0","31",",0","5",",0","0",",0","29",",0","8",",0","0",",0","0",",0","","","","","-15.0",",0,31,","635",",,0,12,+","231",",,0,10,","36.8",",,0,05,","11.7",",0,03,","","","628.2",",0","112.1",",,,0","588",",,,0","-1.93",",0","3.08",",,,0","-6.95",",,,0"
"USC00305711","1964-04","43.96667","-74.21667","494.1","NEWCOMB 3 W, NY US","","","0.0",",0","12",",0","9",",0","0",",0","17",",0","2",",0","1",",0","17",",0","2",",0","3",",0","0",",0","","","","","-19.4",",0,05,","635",",,0,05,+","142",",,0,03,","15.2",",,0,03,","25.6",",0,27,","","","418.6",",0","69.2",",,,0","236",",,,0","4.38",",0","10.47",",,,0","-1.71",",,,0"
"USC00305711","1964-05","43.96667","-74.21667","494.1","NEWCOMB 3 W, NY US","","","10.9",",0","10",",0","9",",0","1",",0","0",",0","0",",0","0",",0","1",",0","0",",0","22",",0","0",",0","","","","","-0.6",",0,21,","0",",,0,31,+","0",",,0,31,+","29.2",",,0,14,","30.6",",0,24,+","","","123.5",",0","97.1",",,,0","0",",,,0","14.70",",0","22.48",",,,0","6.92",",,,0"
"USC00305711","1964-06","43.96667","-74.21667","494.1","NEWCOMB 3 W, NY US","","","38.5",",0","9",",0","6",",0","0",",0","0",",0","0",",0","0",",0","0",",0","0",",0","22",",0","0",",0","","","","","0.6",",0,05,","0",",,0,30,+","0",",,0,30,+","12.7",",,0,10,","31.7",",0,30,+","","","71.2",",0","48.6",",,,0","0",",,,0","17.24",",0","24.20",",,,0","10.28",",,,0"
"USC00305711","1964-07","43.96667","-74.21667","494.1","NEWCOMB 3 W, NY US","","","84.0",",0","12",",0","8",",0","2",",0","0",",0","0",",0","0",",0","0",",0","0",",0","28",",0","1",",0","","","","","7.2",",0,31,","0",",,0,31,+","0",",,0,31,+","34.3",",,0,02,","32.2",",0,28,","7.8","0","7.8",",0","99.9",",,,0","0",",,,0","20.79",",0","26.64",",,,0","14.95",",,,0"
"USC00305711","1964-08","43.96667","-74.21667","494.1","NEWCOMB 3 W, NY US","","","14.8",",0","12",",0","7",",0","2",",0","0",",0","0",",0","0",",0","0",",0","0",",0","19",",0","0",",0","","","","","4.4",",0,01,","0",",,0,31,+","0",",,0,31,+","31.2",",,0,23,","29.4",",0,07,","78.9","0","71.1",",0","99.5",",,,0","0",",,,0","16.52",",0","22.30",",,,0","10.73",",,,0"
"USC00305711","1964-09","43.96667","-74.21667","494.1","NEWCOMB 3 W, NY US","","","8.9",",0","8",",0","2",",0","0",",0","0",",0","0",",0","0",",0","0",",0","0",",0","16",",0","0",",0","","","","","1.1",",0,29,+","0",",,0,30,+","0",",,0,30,+","6.4",",,0,27,","27.8",",0,23,+","211.5","0","132.6",",0","20.0",",,,0","0",",,,0","14.21",",0","20.57",",,,0","7.84",",,,0"
"USC00305711","1964-11","43.96667","-74.21667","494.1","NEWCOMB 3 W, NY US","","","0.0",",0","14",",0","9",",0","0",",0","7",",0","2",",0","0",",0","20",",0","2",",0","0",",0","0",",0","","","","","-15.6",",0,23,","102",",,0,22,","43",",,0,22,","12.2",",,0,20,","16.1",",0,12,","","","473.0",",0","68.2",",,,0","96",",,,0","2.57",",0","6.50",",,,0","-1.37",",,,0"
"USC00305711","1964-12","43.96667","-74.21667","494.1","NEWCOMB 3 W, NY US","","","0.0",",0","18",",0","10",",0","0",",0","27",",0","8",",0","4",",0","28",",0","20",",0","0",",0","0",",0","","","","","-23.9",",0,16,","178",",,0,31,+","188",",,0,28,","17.8",",,0,04,","9.4",",0,26,","","","732.3",",0","73.7",",,,0","642",",,,0","-5.29",",0","-1.25",",,,0","-9.33",",,,0"
"USC00305711","1965-01","43.96667","-74.21667","494.1","NEWCOMB 3 W, NY US","0.0","0","0.0",",0","13",",0","9",",0","0",",0","31",",0","11",",0","9",",0","31",",0","28",",0","0",",0","0",",0","","","","","-33.9",",0,15,","406",",,0,28,+","135",",,0,23,","13.7",",,0,23,","10.0",",0,09,","","","875.7",",0","57.9",",,,0","679",",,,0","-9.91",",0","-4.97",",,,0","-14.86",",,,0"
"USC00305711","1965-02","43.96667","-74.21667","494.1","NEWCOMB 3 W, NY US","0.0","0","0.0",",0","17",",0","9",",0","0",",0","28",",0","5",",0","10",",0","27",",0","19",",0","0",",0","0",",0","","","","","-26.1",",0,05,","559",",,0,06,","130",",,0,06,","21.3",",,0,08,","6.1",",0,08,","","","741.2",",0","84.3",",,,0","377",",,,0","-8.14",",0","-3.06",",,,0","-13.22",",,,0"
"USC00305711","1965-03","43.96667","-74.21667","494.1","NEWCOMB 3 W, NY US","0.0","0","0.0",",0","10",",0","6",",0","0",",0","31",",0","4",",0","3",",0","30",",0","11",",0","0",",0","0",",0","","","","","-19.4",",0,25,","508",",,0,29,","97",",,0,23,","8.9",",,0,29,","11.1",",0,04,","","","681.7",",0","40.4",",,,0","339",",,,0","-3.66",",0","1.39",",,,0","-8.71",",,,0"
"USC00305711","1965-04","43.96667","-74.21667","494.1","NEWCOMB 3 W, NY US","0.0","0","0.0",",0","11",",0","8",",0","0",",0","18",",0","0",",0","1",",0","21",",0","0",",0","0",",0","0",",0","","","","","-17.8",",0,01,","432",",,0,02,+","20",",,0,07,","18.3",",,0,12,","16.1",",0,30,","","","481.3",",0","72.6",",,,0","43",",,,0","2.29",",0","7.76",",,,0","-3.18",",,,0"
"USC00305711","1965-05","43.96667","-74.21667","494.1","NEWCOMB 3 W, NY US","10.3","0","10.3",",0","3",",0","1",",0","0",",0","0",",0","0",",0","0",",0","10",",0","0",",0","17",",0","0",",0","","","","","-2.8",",0,05,","0",",,0,31,+","0",",,0,31,+","5.1",",,0,27,","28.3",",0,26,","","","189.5",",0","8.7",",,,0","0",",,,0","12.55",",0","20.52",",,,0","4.59",",,,0"
"USC00305711","1965-06","43.96667","-74.21667","494.1","NEWCOMB 3 W, NY US","21.4","0","11.1",",0","10",",0","6",",0","0",",0","0",",0","0",",0","0",",0","1",",0","0",",0","20",",0","0",",0","","","","","-0.6",",0,03,","0",",,0,30,+","0",",,0,30,+","13.5",",,0,10,","30.0",",0,07,","","","107.9",",0","53.1",",,,0","0",",,,0","15.11",",0","22.12",",,,0","8.09",",,,0"
"USC00305711","1965-07","43.96667","-74.21667","494.1","NEWCOMB 3 W, NY US","31.2","0","9.8",",0","7",",0","4",",0","0",",0","0",",0","0",",0","0",",0","0",",0","0",",0","24",",0","0",",0","","","","","3.9",",0,07,","0",",,0,31,+","0",",,0,31,+","19.6",",,0,18,","28.3",",0,13,","66.0","0","66.0",",0","51.1",",,,0","0",",,,0","16.52",",0","22.89",",,,0","10.15",",,,0"
"USC00305711","1965-08","43.96667","-74.21667","494.1","NEWCOMB 3 W, NY US","67.1","0","35.9",",0","14","3,0","11","3,0","3","3,0","0",",0","0",",0","0",",0","0",",0","0",",0","19",",0","0",",0","","","","","0.6",",0,31,","0",",,0,31,+","0",",,0,31,+","41.9","3,,0,10,","31.7",",0,15,","142.6","0","76.6",",0","190.9",",a,,0","0",",,,0","17.02",",0","22.22",",,,0","11.82",",,,0"
"USC00305711","1965-09","43.96667","-74.21667","494.1","NEWCOMB 3 W, NY US","84.4","0","17.3",",0","14",",0","7",",0","0",",0","0",",0","0",",0","0",",0","2",",0","0",",0","11",",0","0",",0","","","","","-2.8",",0,28,","0",",,0,30,+","0",",,0,30,+","19.8",",,0,01,","28.9",",0,22,","288.3","0","145.7",",0","78.7",",,,0","0",",,,0","14.05",",0","18.92",",,,0","9.18",",,,0"
"USC00305711","1965-10","43.96667","-74.21667","494.1","NEWCOMB 3 W, NY US","84.4","0","0.0",",0","15",",0","10",",0","0",",0","2",",0","1",",0","0",",0","12",",0","2",",0","2",",0","0",",0","","","","","-5.6",",0,06,","25",",,0,29,+","25",",,0,28,","18.8",",,0,08,","21.7",",0,20,","670.2","0","381.9",",0","81.8",",,,0","25",",,,0","6.01",",0","10.20",",,,0","1.83",",,,0"
"USC00305711","1965-12","43.96667","-74.21667","494.1","NEWCOMB 3 W, NY US","","","0.0",",0","21",",0","8",",0","0",",0","31",",0","6",",0","2",",0","29",",0","19",",0","0",",0","0",",0","","","","","-22.2",",0,20,","203",",,0,19,","43",",,0,19,+","6.9",",,0,12,","8.3",",0,31,","","","687.1",",0","46.8",",,,0","323",",,,0","-3.83",",0","-0.97",",,,0","-6.70",",,,0"
"USC00305711","1966-01","43.96667","-74.21667","494.1","NEWCOMB 3 W, NY US","0.0","0","0.0",",0","22",",0","7",",0","0",",0","29",",0","9",",0","11",",0","31",",0","30",",0","0",",0","0",",0","","","","","-30.0",",0,26,","533",",,0,31,","142",",,0,30,","9.7",",,0,30,+","8.9",",0,01,","","","901.2",",0","54.2",",,,0","796",",,,0","-10.74",",0","-6.20",",,,0","-15.28",",,,0"
"USC00305711","1966-02","43.96667","-74.21667","494.1","NEWCOMB 3 W, NY US","0.0","0","0.0","3,0","18","3,0","3","3,0","1","3,0","28",",0","5","3,0","8","2,0","25","2,0","22","1,0","0","1,0","0","1,0","","","","","-30.6","2,0,20,","533",",,0,26,","112","3,,0,25,","32.3","3,,0,14,","6.1","1,0,11,","","","670.8","1,0","64.1","3,,,0","400","3,,,0","-8.88","3,0","-3.70","1,,,0","-14.06","2,,,0"
"USC00305711","1966-03","43.96667","-74.21667","494.1","NEWCOMB 3 W, NY US","0.0","0","0.0",",0","14","3,0","9","3,0","0","3,0","30","1,0","7",",0","3",",0","29",",0","12",",0","0",",0","0",",0","","","","","-19.4",",0,16,","483","1,,0,13,+","84",",,0,25,","16.3","3,,0,01,","15.0",",0,18,","","","670.5",",0","89.4",",a,,0","411",",,,0","-3.30",",0","1.71",",,,0","-8.30",",,,0"
"USC00305711","1966-04","43.96667","-74.21667","494.1","NEWCOMB 3 W, NY US","0.0","0","0.0",",0","11",",0","4",",0","0",",0","8","1,0","1","1,0","0",",0","24",",0","1",",0","1",",0","0",",0","","","","","-9.4",",0,01,","305","1,,0,06,+","25","1,,0,08,","5.6",",,0,24,","21.1",",0,21,","","","460.4",",0","22.7",",,,0","30","1,,,0","2.99",",0","8.36",",,,0","-2.39",",,,0"
"USC00305711","1966-05","43.96667","-74.21667","494.1","NEWCOMB 3 W, NY US","11.2","0","11.2",",0","12",",0","9",",0","1",",0","1",",0","1",",0","0",",0","9",",0","0",",0","9",",0","1",",0","","","","","-5.0",",0,10,","76",",,0,09,","79",",,0,09,","25.4",",,0,19,","32.8",",0,24,","","","250.2",",0","82.6",",,,0","79",",,,0","10.62",",0","17.38",",,,0","3.86",",,,0"
"USC00305711","1966-06","43.96667","-74.21667","494.1","NEWCOMB 3 W, NY US","66.5","0","55.3","3,0","7",",0","5",",0","1",",0","0",",0","0",",0","0","2,0","0","2,0","0","2,0","24","2,0","2","2,0","","","","","3.3","2,0,02,+","0",",,0,30,+","0",",,0,30,+","31.2",",,0,10,","32.2","2,0,26,+","","","44.2","2,0","63.0",",,,0","0",",,,0","18.77","3,0","25.97","2,,,0","11.56","2,,,0"
"USC00305711","1966-07","43.96667","-74.21667","494.1","NEWCOMB 3 W, NY US","150.1","0","83.6","1,0","10",",0","6",",0","1",",0","0",",0","0",",0","0",",0","0",",0","0","1,0","30","1,0","2","1,0","","","","","7.2",",0,21,+","0",",,0,31,+","0",",,0,31,+","34.3",",,0,19,","34.4","1,0,03,+","7.5","0","7.5","1,0","75.3",",,,0","0",",,,0","20.95","1,0","27.98","1,,,0","13.93",",,,0"
"USC00305711","1966-08","43.96667","-74.21667","494.1","NEWCOMB 3 W, NY US","195.4","0","45.3",",0","13",",0","11",",0","0",",0","0",",0","0",",0","0",",0","0",",0","0",",0","29",",0","0",",0","","","","","8.9",",0,21,+","0",",,0,31,+","0",",,0,31,+","20.6",",,0,22,","31.1",",0,08,+","15.8","0","8.3",",0","109.9",",,,0","0",",,,0","19.53",",0","25.41",",,,0","13.64",",,,0"
"USC00305711","1966-09","43.96667","-74.21667","494.1","NEWCOMB 3 W, NY US","201.5","0","6.1",",0","8",",0","6",",0","0",",0","0",",0","0",",0","0",",0","1",",0","0",",0","13",",0","0",",0","","","","","0.0",",0,27,","0",",,0,30,+","0",",,0,30,+","22.1",",,0,04,","28.3",",0,01,","160.9","0","145.1",",0","77.8",",,,0","0",",,,0","13.70",",0","18.79",",,,0","8.61",",,,0"
"USC00305711","1966-10","43.96667","-74.21667","494.1","NEWCOMB 3 W, NY US","201.5","0","0.0","1,0","8",",0","6",",0","0",",0","0",",0","0",",0","0","1,0","12","1,0","0",",0","1",",0","0",",0","","","1","","-7.2","1,0,31,","0",",,0,31,+","0",",T,0,12,+","8.4",",,0,10,","21.1",",0,09,","520.5","0","359.6",",0","37.8",",,,0","0",",T,,0","6.24","1,0","11.33",",,,0","1.16","1,,,0"
"USC00305711","1966-11","43.96667","-74.21667","494.1","NEWCOMB 3 W, NY US","201.5","0","0.0","2,0","14",",0","7",",0","0",",0","0",",0","0",",0","0","1,0","17","1,0","2","2,0","0","2,0","0","2,0","","","","","-11.7","1,0,21,","0",",,0,30,+","0",",T,0,16,","15.2",",,0,11,","15.6","2,0,02,","947.2","0","426.7","2,0","57.9",",,,0","0",",T,,0","3.21","2,0","7.15","2,,,0","-0.73","1,,,0"
"USC00305711","1966-12","43.96667","-74.21667","494.1","NEWCOMB 3 W, NY US","201.5","0","0.0",",0","17",",0","7",",0","1",",0","19",",0","7",",0","3",",0","27",",0","20",",0","0",",0","0",",0","","","","","-20.6",",0,28,","432",",,0,30,+","358",",,0,25,","35.8",",,0,25,","12.2",",0,11,+","1661.3","0","714.1",",0","112.7",",,,0","876",",,,0","-4.70",",0","-0.84",",,,0","-8.56",",,,0"
"USC00305711","1967-01","43.96667","-74.21667","494.1","NEWCOMB 3 W, NY US","0.0","0","0.0",",0","21",",0","8",",0","0",",0","30","1,0","8",",0","4",",0","29",",0","18",",0","0",",0","0",",0","","","","","-26.7",",0,19,","457","1,,0,16,+","91",",,0,12,","9.1",",,0,12,","9.4",",0,23,","2364.7","0","703.4",",0","57.1",",,,0","571",",,,0","-4.36",",0","0.03",",,,0","-8.75",",,,0"
"USC00305711","1967-02","43.96667","-74.21667","494.1","NEWCOMB 3 W, NY US","0.0","0","0.0",",0","","","","","","","27","1,0","","","10",",0","28",",0","21",",0","0",",0","0",",0","","","","","-35.6",",0,13,","559","1,,0,28,","","","","","7.2",",0,15,","3155.6","0","790.9",",0","","","648","4,a,,0","-9.91",",0","-3.38",",,,0","-16.45",",,,0"
"USC00305711","1967-03","43.96667","-74.21667","494.1","NEWCOMB 3 W, NY US","","","","","11",",0","4",",0","0",",0","30","1,0","3",",0","4","4,0","23","4,0","","","","","","","","","","","-24.4","4,0,19,","610","1,,0,08,+","76",",,0,07,","4.3",",,0,22,","","","","","","","17.9",",,,0","223",",,,0","","","","","-7.99","4,,,0"
"USC00305711","1967-04","43.96667","-74.21667","494.1","NEWCOMB 3 W, NY US","","","0.0",",0","","","","","","","","","","","0",",0","24",",0","1",",0","0",",0","0",",0","","","","","-11.7",",0,04,","","","","","","","20.6",",0,30,","","","437.7",",0","","","","","3.74",",0","9.67",",,,0","-2.18",",,,0"
"USC00305711","1967-05","43.96667","-74.21667","494.1","NEWCOMB 3 W, NY US","","","","","","","","","","","0",",0","0",",0","","","","","","","","","","","","","","","","","0",",,0,31,+","0",",,0,31,+","","","","","","","","","","","0",",,,0","","","","","",""
"USC00305711","1967-06","43.96667","-74.21667","494.1","NEWCOMB 3 W, NY US","","","38.0","2,0","","","","","","","","","","","0","2,0","0","2,0","0","1,0","25","1,0","0","1,0","","","","","0.6","2,0,03,","","","","","","","30.6","1,0,05,","","","18.5","1,0","","","","","18.90","2,0","25.01","1,,,0","12.80","2,,,0"
"USC00305711","1967-07","43.96667","-74.21667","494.1","NEWCOMB 3 W, NY US","","","44.9",",0","14",",0","9",",0","0",",0","0",",0","0",",0","0",",0","0",",0","0",",0","26",",0","0",",0","","","","","7.2",",0,07,","0",",,0,31,+","0",",,0,31,+","15.2",",,0,11,","27.8",",0,30,+","19.4","0","19.4",",0","64.9",",,,0","0",",,,0","19.15",",0","24.44",",,,0","13.87",",,,0"
"USC00305711","1967-08","43.96667","-74.21667","494.1","NEWCOMB 3 W, NY US","","","18.5",",0","9",",0","9",",0","1",",0","0",",0","0",",0","0",",0","0",",0","0",",0","26",",0","0",",0","","","","","6.7",",0,24,+","0",",,0,31,+","0",",,0,31,+","35.8",",,0,04,","26.7",",0,25,+","46.0","0","26.6",",0","143.9",",,,0","0",",,,0","18.07",",0","23.27",",,,0","12.87",",,,0"
"USC00305711","1967-09","43.96667","-74.21667","494.1","NEWCOMB 3 W, NY US","","","","","8",",0","6",",0","0",",0","0",",0","0",",0","","","","","","","","","","","","","","","","","0",",,0,30,+","0",",,0,30,+","16.0",",,0,22,","","","","","","","51.0",",,,0","0",",,,0","","","","","",""
"USC00305711","1967-10","43.96667","-74.21667","494.1","NEWCOMB 3 W, NY US","","","0.0",",0","6",",0","3",",0","0",",0","0",",0","0",",0","0",",0","8",",0","0",",0","2",",0","0",",0","","","","","-6.1",",0,30,","0",",,0,31,+","0",",,0,31,+","22.1",",,0,26,","24.4",",0,03,","","","318.6",",0","49.8",",,,0","0",",,,0","8.05",",0","12.16",",,,0","3.95",",,,0"
"USC00305711","1967-11","43.96667","-74.21667","494.1","NEWCOMB 3 W, NY US","","","0.0",",0","20",",0","12",",0","0",",0","","","4",",0","1",",0","25",",0","17",",0","0",",0","0",",0","","","1","","-17.8",",0,21,","","","89",",,0,19,","23.9",",,0,03,","15.6",",0,01,","","","613.4",",0","94.7",",,,0","259",",,,0","-2.11",",0","1.07",",,,0","-5.30",",,,0"
"USC00305711","1967-12","43.96667","-74.21667","494.1","NEWCOMB 3 W, NY US","","","0.0",",0","13","2,0","8","2,0","1","2,0","","","","","4",",0","30",",0","22",",0","0",",0","0",",0","","","","","-24.4",",0,27,","","","","","30.7","2,,0,12,","4.4",",0,22,","","","757.9",",0","74.1","2,,,0","","","-6.12",",0","-2.47",",,,0","-9.76",",,,0"
"USC00305711","1968-01","43.96667","-74.21667","494.1","NEWCOMB 3 W, NY US","0.0","0","0.0",",0","18",",0","7",",0","0",",0","31",",0","11",",0","16",",0","31",",0","30",",0","0",",0","0",",0","","","","","-32.8",",0,09,","406",",,0,31,+","91",",,0,07,","8.1",",,0,28,","0.6",",0,31,","","","925.2",",0","49.1",",,,0","502",",,,0","-11.51",",0","-6.16",",,,0","-16.86",",,,0"
"USC00305711","1968-02","43.96667","-74.21667","494.1","NEWCOMB 3 W, NY US","0.0","0","0.0",",0","18",",0","3",",0","0",",0","29",",0","6",",0","15",",0","29",",0","25",",0","0",",0","0",",0","","","","","-25.6",",0,24,","559",",,0,16,","102",",,0,15,","6.1",",,0,02,","3.9",",0,02,","","","870.3",",0","29.1",",,,0","377",",,,0","-11.68",",0","-6.80",",,,0","-16.55",",,,0"
"USC00305711","1968-03","43.96667","-74.21667","494.1","NEWCOMB 3 W, NY US","0.0","0","0.0",",0","14",",0","7",",0","0",",0","25",",0","3",",0","4",",0","28",",0","11",",0","0",",0","0",",0","","","1","","-23.9",",0,07,","559",",,0,13,","132",",,0,13,","24.9",",,0,24,","17.2",",0,31,","","","624.6",",0","92.1",",,,0","226",",,,0","-1.81",",0","3.92",",,,0","-7.55",",,,0"
"USC00305711","1968-04","43.96667","-74.21667","494.1","NEWCOMB 3 W, NY US","0.0","0","0.0",",0","8",",0","6",",0","1",",0","0",",0","0",",0","0",",0","18",",0","0",",0","5",",0","0",",0","","","","","-8.9",",0,06,","0",",,0,30,+","0",",T,0,25,+","34.3",",,0,25,","23.3",",0,18,","","","329.8",",0","89.5",",,,0","0",",T,,0","7.34",",0","14.79",",,,0","-0.11",",,,0"
"USC00305711","1968-05","43.96667","-74.21667","494.1","NEWCOMB 3 W, NY US","0.0","0","0.0",",0","15",",0","10",",0","1",",0","0",",0","0",",0","0",",0","4",",0","0",",0","6",",0","0",",0","","","","","-3.3",",0,08,","0",",,0,31,+","0",",,0,31,+","27.9",",,0,12,","25.0",",0,15,","","","243.7",",0","121.1",",,,0","0",",,,0","10.47",",0","16.74",",,,0","4.21",",,,0"
"USC00305711","1968-06","43.96667","-74.21667","494.1","NEWCOMB 3 W, NY US","16.4","0","16.4",",0","16",",0","9",",0","0",",0","0",",0","0",",0","0",",0","0",",0","0",",0","15",",0","0",",0","","","","","6.7",",0,21,+","0",",,0,30,+","0",",,0,30,+","16.5",",,0,26,","28.9",",0,09,","","","83.3",",0","82.3",",,,0","0",",,,0","16.10",",0","21.36",",,,0","10.84",",,,0"
"USC00305711","1968-07","43.96667","-74.21667","494.1","NEWCOMB 3 W, NY US","72.5","0","56.1",",0","10",",0","5",",0","0",",0","0",",0","0",",0","0",",0","0",",0","0",",0","28",",0","1",",0","","","","","5.6",",0,30,","0",",,0,31,+","0",",,0,31,+","8.9",",,0,24,","32.2",",0,17,","30.8","0","30.8",",0","33.5",",,,0","0",",,,0","19.15",",0","25.61",",,,0","12.69",",,,0"
"USC00305711","1968-09","43.96667","-74.21667","494.1","NEWCOMB 3 W, NY US","","","0.3",",0","7",",0","5",",0","0",",0","0",",0","0",",0","0",",0","0",",0","0",",0","17",",0","0",",0","","","","","2.2",",0,30,","0",",,0,30,+","0",",,0,30,+","21.3",",,0,06,","26.1",",0,21,","","","114.8",",0","70.9",",,,0","0",",,,0","14.52",",0","20.16",",,,0","8.87",",,,0"
"USC00305711","1968-10","43.96667","-74.21667","494.1","NEWCOMB 3 W, NY US","","","0.0",",0","12",",0","7",",0","1",",0","0",",0","0",",0","0",",0","7",",0","0",",0","3",",0","0",",0","","","1","","-2.8",",0,27,","0",",,0,31,+","0",",T,0,29,+","25.4",",,0,25,","23.9",",0,02,","","","320.9",",0","77.8",",,,0","0",",T,,0","7.98",",0","12.35",",,,0","3.62",",,,0"
"USC00305711","1968-11","43.96667","-74.21667","494.1","NEWCOMB 3 W, NY US","","","0.0",",0","18","4,0","12","4,0","0","4,0","25",",0","9",",0","0",",0","27",",0","10",",0","0",",0","0",",0","","","1","","-11.7",",0,28,","457",",,0,15,","279",",,0,12,","23.6","4,,0,18,","12.2",",0,02,","","","573.7",",0","163.0",",a,,0","991",",,,0","-0.79",",0","1.92",",,,0","-3.50",",,,0"
"USC00305711","1968-12","43.96667","-74.21667","494.1","NEWCOMB 3 W, NY US","","","0.0",",0","","","","","","","31",",0","9",",0","7",",0","31",",0","26",",0","0",",0","0",",0","","","1","","-29.4",",0,26,","635",",,0,31,+","173",",,0,15,","","","2.8",",0,13,","","","836.0",",0","","","914",",a,,0","-8.64",",0","-4.63",",,,0","-12.64",",,,0"
"USC00305711","1969-01","43.96667","-74.21667","494.1","NEWCOMB 3 W, NY US","0.0","0","0.0",",0","","","","","","","31",",0","4",",0","8",",0","30",",0","25",",0","0",",0","0",",0","","","","","-26.1",",0,28,","686",",,0,22,+","114",",,0,07,","","","5.6",",0,23,","","","839.4",",0","","","343",",,,0","-8.75",",0","-4.23",",,,0","-13.26",",,,0"
"USC00305711","1969-02","43.96667","-74.21667","494.1","NEWCOMB 3 W, NY US","0.0","0","0.0",",0","13",",0","6",",0","0",",0","28",",0","6",",0","9",",0","28",",0","23",",0","0",",0","0",",0","","","","","-22.8",",0,17,","813",",,0,17,+","168",",,0,04,","9.4",",,0,03,","6.7",",0,22,","","","716.0",",0","34.8",",,,0","440",",,,0","-7.24",",0","-2.38",",,,0","-12.10",",,,0"
"USC00305711","1969-03","43.96667","-74.21667","494.1","NEWCOMB 3 W, NY US","","","","","16",",0","6",",0","0",",0","31",",0","1",",0","","","","","","","","","","","","","","","","","483",",,0,31,","94",",,0,25,","20.3",",,0,25,","","","","","","","48.2",",,,0","152",",,,0","","","","","",""
"USC00305711","1969-04","43.96667","-74.21667","494.1","NEWCOMB 3 W, NY US","","","0.0",",0","16",",0","7",",0","2",",0","6",",0","0",",0","0",",0","19",",0","0",",0","1",",0","0",",0","","","1","","-13.3",",0,01,","127",",,0,02,+","0",",,0,30,+","26.2",",,0,23,","22.2",",0,27,","","","427.4",",0","106.5",",,,0","0",",,,0","4.09",",0","10.02",",,,0","-1.85",",,,0"
"USC00305711","1969-05","43.96667","-74.21667","494.1","NEWCOMB 3 W, NY US","","","3.1",",0","13",",0","11",",0","2",",0","0",",0","0",",0","0",",0","6",",0","0",",0","6",",0","0",",0","","","1","","-3.3",",0,02,","0",",,0,31,+","0",",,0,31,+","29.0",",,0,20,","27.8",",0,29,","","","229.5",",0","120.3",",,,0","0",",,,0","11.03",",0","17.28",",,,0","4.78",",,,0"
"USC00305711","1969-06","43.96667","-74.21667","494.1","NEWCOMB 3 W, NY US","","","34.4",",0","12",",0","8",",0","0",",0","0",",0","0",",0","0",",0","0",",0","0",",0","20",",0","0",",0","","","1","","2.8",",0,05,","0",",,0,30,+","0",",,0,30,+","20.8",",,0,15,","31.7",",0,27,","","","79.9",",0","88.1",",,,0","0",",,,0","16.82",",0","23.04",",,,0","10.59",",,,0"
"USC00305711","1969-07","43.96667","-74.21667","494.1","NEWCOMB 3 W, NY US","","","41.1",",0","9",",0","5",",0","1",",0","0",",0","0",",0","0",",0","0",",0","0",",0","25",",0","0",",0","","","3","","5.0",",0,08,","0",",,0,31,+","0",",,0,31,+","25.4",",,0,12,","31.7",",0,16,","29.6","0","29.6",",0","68.7",",,,0","0",",,,0","18.70",",0","24.63",",,,0","12.78",",,,0"
"USC00305711","1969-08","43.96667","-74.21667","494.1","NEWCOMB 3 W, NY US","","","47.7",",0","9","3,0","7","3,0","1","3,0","0",",0","0",",0","0",",0","0",",0","0",",0","28",",0","0",",0","","","3","","4.4",",0,27,","0",",,0,31,+","0",",,0,31,+","36.6","3,,0,08,","28.9",",0,24,","61.8","0","32.2",",0","103.7",",a,,0","0",",,,0","18.83",",0","24.77",",,,0","12.89",",,,0"
"USC00305711","1969-09","43.96667","-74.21667","494.1","NEWCOMB 3 W, NY US","","","13.0",",0","7",",0","5",",0","1",",0","0",",0","0",",0","0",",0","0",",0","0",",0","11",",0","0",",0","","","","","0.6",",0,30,","0",",,0,30,+","0",",,0,30,+","26.7",",,0,06,","28.3",",0,01,","201.0","0","139.2",",0","73.7",",,,0","0",",,,0","14.13",",0","19.09",",,,0","9.17",",,,0"
"USC00305711","1969-10","43.96667","-74.21667","494.1","NEWCOMB 3 W, NY US","","","","","11",",0","7",",0","0",",0","2","2,0","2",",0","","","","","","","","","","","","","","","","","203","2,,0,23,","178",",,0,22,","23.9",",,0,20,","","","","","","","69.7",",,,0","203",",,,0","","","","","",""
"USC00305711","1969-11","43.96667","-74.21667","494.1","NEWCOMB 3 W, NY US","","","0.0",",0","15","4,0","10","4,0","0","4,0","","","2",",0","0",",0","16",",0","8",",0","0",",0","0",",0","","","","","-16.1",",0,22,","","","109",",,0,30,","13.2","4,,0,02,","13.3",",0,03,","","","510.3",",0","71.0","4,,,0","206",",,,0","1.32",",0","4.26",",,,0","-1.61",",,,0"
"USC00305711","1969-12","43.96667","-74.21667","494.1","NEWCOMB 3 W, NY US","","","0.0",",0","","","","","","","","","10",",0","5",",0","31",",0","28",",0","0",",0","0",",0","","","","","-26.7",",0,25,","","","305",",,0,26,","","","3.9",",0,11,","","","808.1",",0","","","991",",,,0","-7.74",",0","-4.54",",,,0","-10.94",",,,0"
"USC00305711","1970-01","43.96667","-74.21667","494.1","NEWCOMB 3 W, NY US","0.0","0","0.0",",0","16","2,0","4","2,0","0","2,0","","","","","18",",0","31",",0","28",",0","0",",0","0",",0","","","","","-26.7",",0,22,+","","","","","8.1","2,,0,26,","4.4",",0,29,","","","973.7",",0","31.6",",a,,0","409",",a,,0","-13.08",",0","-7.87",",,,0","-18.28",",,,0"
"USC00305711","1970-02","43.96667","-74.21667","494.1","NEWCOMB 3 W, NY US","0.0","0","0.0",",0","20",",0","7",",0","0",",0","","","5",",0","6",",0","28",",0","16",",0","0",",0","0",",0","","","","","-27.8",",0,26,","","","91",",,0,15,","14.5",",,0,02,","5.6",",0,18,","","","743.8",",0","65.0",",,,0","341",",,,0","-8.23",",0","-2.21",",,,0","-14.25",",,,0"
"USC00305711","1970-03","43.96667","-74.21667","494.1","NEWCOMB 3 W, NY US","0.0","0","0.0",",0","15",",0","6",",0","0",",0","","","7",",0","0",",0","31",",0","11",",0","0",",0","0",",0","","","1","","-16.7",",0,03,","","","107",",,0,07,","13.2",",,0,27,","8.3",",0,19,","","","686.0",",0","49.6",",,,0","461",",,,0","-3.80",",0","1.20",",,,0","-8.79",",,,0"
"USC00305711","1970-04","43.96667","-74.21667","494.1","NEWCOMB 3 W, NY US","0.0","0","0.0",",0","13",",0","7",",0","1",",0","22",",0","1",",0","0",",0","21",",0","1",",0","4",",0","0",",0","","","","","-12.8",",0,06,","711",",,0,06,+","89",",,0,02,","48.3",",,0,02,","25.0",",0,30,","","","438.0",",0","92.8",",,,0","112",",,,0","3.73",",0","10.01",",,,0","-2.54",",,,0"
"USC00305711","1970-05","43.96667","-74.21667","494.1","NEWCOMB 3 W, NY US","0.8","0","0.8",",0","","","","","","","1",",0","0",",0","0",",0","5",",0","0",",0","11",",0","0",",0","","","","","-2.8",",0,07,+","25",",,0,06,","20",",,0,06,","","","28.3",",0,02,+","","","187.5",",0","","","20",",,,0","12.31",",0","19.38",",,,0","5.24",",,,0"
"USC00305711","1970-06","43.96667","-74.21667","494.1","NEWCOMB 3 W, NY US","14.7","0","13.9",",0","11","2,0","6","2,0","1","2,0","0",",0","0",",0","0",",0","0",",0","0",",0","20",",0","0",",0","","","","","2.2",",0,14,","0",",,0,30,+","0",",,0,30,+","30.5","2,,0,27,","30.0",",0,02,","","","84.6",",0","71.3",",a,,0","0",",,,0","15.98",",0","22.80",",,,0","9.16",",,,0"
"USC00305711","1970-07","43.96667","-74.21667","494.1","NEWCOMB 3 W, NY US","57.8","0","43.1",",0","20",",0","6",",0","0",",0","0",",0","0",",0","0",",0","0",",0","0",",0","27",",0","0",",0","","","1","","6.7",",0,13,","0",",,0,31,+","0",",,0,31,+","12.7",",,0,04,","30.6",",0,30,+","21.5","0","21.5",",0","49.8",",,,0","0",",,,0","19.03",",0","24.99",",,,0","13.07",",,,0"
"USC00305711","1970-08","43.96667","-74.21667","494.1","NEWCOMB 3 W, NY US","103.8","0","46.0",",0","10",",0","5",",0","1",",0","0",",0","0",",0","0",",0","0",",0","0",",0","26",",0","0",",0","","","2","","5.0",",0,19,","0",",,0,31,+","0",",,0,31,+","25.9",",,0,23,","30.0",",0,15,+","54.0","0","32.5",",0","71.0",",,,0","0",",,,0","18.77",",0","25.30",",,,0","12.24",",,,0"
"USC00305711","1970-09","43.96667","-74.21667","494.1","NEWCOMB 3 W, NY US","110.0","0","6.2",",0","19",",0","9",",0","1",",0","0",",0","0",",0","0",",0","0",",0","0",",0","10",",0","0",",0","","","2","","3.3",",0,30,","0",",,0,30,+","0",",,0,30,+","30.7",",,0,04,","26.1",",0,22,","193.7","0","139.7",",0","111.1",",,,0","0",",,,0","13.88",",0","18.49",",,,0","9.28",",,,0"
"USC00305711","1970-10","43.96667","-74.21667","494.1","NEWCOMB 3 W, NY US","110.0","0","0.0",",0","13",",0","8",",0","0",",0","0",",0","0",",0","0",",0","9",",0","0",",0","5",",0","0",",0","","","","","-6.1",",0,20,","0",",,0,31,+","0",",,0,31,+","17.8",",,0,22,","22.2",",0,09,+","487.7","0","294.0",",0","82.0",",,,0","0",",,,0","8.85",",0","12.91",",,,0","4.79",",,,0"
"USC00305711","1970-11","43.96667","-74.21667","494.1","NEWCOMB 3 W, NY US","110.0","0","0.0","1,0","14",",0","9",",0","0",",0","8",",0","2",",0","0",",0","15",",0","3","1,0","0","1,0","0","1,0","","","","","-11.1",",0,25,","51",",,0,24,+","38",",,0,21,","18.8",",,0,15,","13.9","1,0,02,","954.5","0","466.8","1,0","90.4",",,,0","92",",,,0","2.24","1,0","5.04","1,,,0","-0.57",",,,0"
"USC00305711","1970-12","43.96667","-74.21667","494.1","NEWCOMB 3 W, NY US","110.0","0","0.0","2,0","24",",0","9",",0","0",",0","28",",0","12",",0","3","1,0","30","1,0","25","1,0","0","1,0","0","1,0","","","","","-26.1","1,0,22,","737",",,0,24,","279",",,0,24,","21.8",",,0,17,","8.9","1,0,02,","1731.1","0","776.6","1,0","111.6",",,,0","1256",",,,0","-8.47","2,0","-5.01","1,,,0","-11.92","1,,,0"
"USC00305711","1971-01","43.96667","-74.21667","494.1","NEWCOMB 3 W, NY US","0.0","0","0.0","3,0","30",",0","7",",0","0",",0","31",",0","11",",0","16","2,0","29","2,0","26","3,0","0","3,0","0","3,0","","","1","","-32.8","2,0,17,","737",",,0,31,+","127",",,0,26,","10.9",",,0,26,","0.6","3,0,05,+","2608.8","0","877.7","3,0","63.0",",,,0","773",",,,0","-13.15","3,0","-7.56","3,,,0","-18.73","2,,,0"
"USC00305711","1971-02","43.96667","-74.21667","494.1","NEWCOMB 3 W, NY US","0.0","0","0.0","2,0","20","3,0","9","3,0","1","3,0","28",",0","9",",0","4","2,0","26","2,0","17","1,0","0","1,0","0","1,0","","","","","-27.8","2,0,01,","965",",,0,25,+","165",",,0,08,","29.5","3,,0,13,","3.9","1,0,27,+","3246.9","0","638.1","1,0","125.9",",a,,0","666",",,,0","-6.28","2,0","-2.63","1,,,0","-9.92","2,,,0"
"USC00305711","1971-03","43.96667","-74.21667","494.1","NEWCOMB 3 W, NY US","0.0","0","0.0",",0","17","4,0","6","4,0","0","4,0","31",",0","12",",0","4",",0","31",",0","19",",0","0",",0","0",",0","","","","","-20.0",",0,10,","1372",",,0,08,","315",",,0,04,","22.4","4,,0,04,","8.3",",0,15,","3960.6","0","713.7",",0","69.3","4,,,0","1243",",,,0","-4.69",",0","0.23",",,,0","-9.61",",,,0"
"USC00305711","1971-04","43.96667","-74.21667","494.1","NEWCOMB 3 W, NY US","0.0","0","0.0",",0","19",",0","9",",0","0",",0","30",",0","1",",0","0",",0","22",",0","0",",0","0",",0","0",",0","","","","","-12.8",",0,09,","965",",,0,03,+","150",",,0,11,","15.2",",,0,10,","15.6",",0,12,","4448.9","0","488.3",",0","67.0",",,,0","248",",,,0","2.06",",0","7.56",",,,0","-3.45",",,,0"
"USC00305711","1971-05","43.96667","-74.21667","494.1","NEWCOMB 3 W, NY US","4.1","0","4.1","2,0","13",",0","9",",0","0",",0","","","0",",0","0","1,0","7","1,0","0","2,0","9","2,0","0","2,0","","","2","","-2.2","1,0,15,+","","","0",",,0,31,+","15.2",",,0,21,","31.7","2,0,19,","4693.1","0","244.2","2,0","70.0",",,,0","0",",,,0","10.07","2,0","16.87","2,,,0","3.26","1,,,0"
"USC00305711","1971-06","43.96667","-74.21667","494.1","NEWCOMB 3 W, NY US","31.2","0","27.1",",0","7",",0","3",",0","0",",0","0",",0","0",",0","0",",0","0",",0","0",",0","26",",0","1",",0","","","2","","0.6",",0,06,","0",",,0,30,+","0",",,0,30,+","23.4",",,0,25,","32.8",",0,30,","4758.1","0","65.0",",0","40.2",",,,0","0",",,,0","17.07",",0","24.86",",,,0","9.28",",,,0"
"USC00305711","1971-07","43.96667","-74.21667","494.1","NEWCOMB 3 W, NY US","66.5","0","35.3","1,0","15",",0","10",",0","2",",0","0",",0","0",",0","0",",0","0",",0","0","1,0","26","1,0","0","1,0","","","4","","5.6",",0,03,","0",",,0,31,+","0",",,0,31,+","29.0",",,0,31,+","29.4","1,0,26,","35.6","0","35.6","1,0","132.4",",,,0","0",",,,0","18.26","1,0","24.59","1,,,0","11.94",",,,0"
"USC00305711","1971-08","43.96667","-74.21667","494.1","NEWCOMB 3 W, NY US","101.2","0","34.7",",0","10",",0","5",",0","1",",0","0",",0","0",",0","0",",0","0",",0","0",",0","24",",0","0",",0","","","","","4.4",",0,25,","0",",,0,31,+","0",",,0,31,+","41.1",",,0,28,","31.7",",0,19,","78.6","0","43.0",",0","100.6",",,,0","0",",,,0","18.07",",0","24.26",",,,0","11.87",",,,0"
"USC00305711","1971-09","43.96667","-74.21667","494.1","NEWCOMB 3 W, NY US","129.8","0","28.6","1,0","10",",0","6",",0","2",",0","0",",0","0",",0","0","1,0","0","1,0","0","1,0","15","1,0","0","1,0","","","","","1.7","1,0,25,","0",",,0,30,+","0",",,0,30,+","25.9",",,0,20,","27.2","1,0,05,","165.8","0","87.2","1,0","83.1",",,,0","0",",,,0","16.31","1,0","20.90","1,,,0","11.72","1,,,0"
"USC00305711","1971-10","43.96667","-74.21667","494.1","NEWCOMB 3 W, NY US","129.8","0","0.0",",0","13",",0","3",",0","0",",0","0",",0","0",",0","0",",0","1",",0","0",",0","5",",0","0",",0","","","","","0.0",",0,09,","0",",,0,31,+","0",",,0,31,+","14.5",",,0,10,","26.1",",0,01,","388.2","0","222.4",",0","38.3",",,,0","0",",,,0","11.16",",0","16.79",",,,0","5.52",",,,0"
"USC00305711","1971-11","43.96667","-74.21667","494.1","NEWCOMB 3 W, NY US","129.8","0","0.0",",0","24",",0","12",",0","0",",0","20",",0","6",",0","0",",0","26",",0","12",",0","0",",0","0",",0","","","","","-16.7",",0,24,+","229",",,0,29,","127",",,0,25,","13.5",",,0,30,","15.6",",0,01,","964.4","0","576.2",",0","83.0",",,,0","480",",,,0","-0.88",",0","2.83",",,,0","-4.58",",,,0"
"USC00305711","1971-12","43.96667","-74.21667","494.1","NEWCOMB 3 W, NY US","129.8","0","0.0","1,0","25","2,0","11","2,0","0","2,0","31",",0","4",",0","5",",0","29",",0","15","1,0","0","1,0","0","1,0","","","","","-24.4",",0,05,","254",",,0,31,+","178",",,0,30,","17.3","2,,0,30,","6.1","1,0,11,","1666.2","0","701.8","1,0","94.8",",a,,0","408",",,,0","-4.94","1,0","-0.44","1,,,0","-9.44",",,,0"
"USC00305711","1972-01","43.96667","-74.21667","494.1","NEWCOMB 3 W, NY US","0.0","0","0.0",",0","26",",0","8",",0","0",",0","31",",0","6",",0","13",",0","31",",0","21",",0","0",",0","0",",0","","","","","-28.9",",0,17,","356",",,0,04,","99",",,0,20,","13.5",",,0,25,","8.9",",0,13,","2497.4","0","831.2",",0","68.6",",,,0","467",",,,0","-8.48",",0","-2.49",",,,0","-14.46",",,,0"
"USC00305711","1972-02","43.96667","-74.21667","494.1","NEWCOMB 3 W, NY US","0.0","0","0.0",",0","17","4,0","6","4,0","0","4,0","29",",0","6",",0","12",",0","29",",0","20",",0","0",",0","0",",0","","","","","-33.3",",0,23,","940",",,0,26,","231",",,0,03,","14.0","4,,0,26,","6.7",",0,15,","3302.3","0","804.9",",0","98.1",",a,,0","872",",a,,0","-9.42",",0","-3.02",",,,0","-15.82",",,,0"
"USC00305711","1972-03","43.96667","-74.21667","494.1","NEWCOMB 3 W, NY US","0.0","0","0.0",",0","25",",0","13",",0","0",",0","31",",0","10",",0","5",",0","28",",0","12",",0","0",",0","0",",0","","","1","","-27.8",",0,11,","813",",,0,02,","130",",,0,02,","24.1",",,0,17,","13.3",",0,02,","3993.0","0","690.7",",0","116.2",",,,0","692",",,,0","-3.95",",0","1.87",",,,0","-9.76",",,,0"
"USC00305711","1972-04","43.96667","-74.21667","494.1","NEWCOMB 3 W, NY US","0.0","0","0.0",",0","19",",0","6",",0","0",",0","29",",0","5",",0","1",",0","26",",0","1",",0","0",",0","0",",0","","","","","-17.8",",0,07,","635",",,0,07,+","43",",,0,13,","19.1",",,0,13,","18.9",",0,30,","4514.7","0","521.7",",0","58.2",",,,0","219",",,,0","0.94",",0","7.32",",,,0","-5.44",",,,0"
"USC00305711","1972-05","43.96667","-74.21667","494.1","NEWCOMB 3 W, NY US","2.0","0","2.0",",0","17",",0","11",",0","0",",0","0",",0","0",",0","0",",0","6",",0","0",",0","16",",0","0",",0","","","6","","-3.9",",0,11,","0",",,0,31,+","0",",T,0,11,","22.1",",,0,03,","29.4",",0,29,+","4701.4","0","186.7",",0","100.8",",,,0","0",",T,,0","12.37",",0","20.37",",,,0","4.37",",,,0"
"USC00305711","1972-06","43.96667","-74.21667","494.1","NEWCOMB 3 W, NY US","18.1","0","16.1",",0","19",",0","13",",0","3",",0","0",",0","0",",0","0",",0","2",",0","0",",0","18",",0","0",",0","","","3","","-0.6",",0,11,","0",",,0,30,+","0",",T,0,10,","38.6",",,0,16,","29.4",",0,15,","4790.1","0","88.7",",0","205.5",",,,0","0",",T,,0","15.92",",0","21.27",",,,0","10.56",",,,0"
"USC00305711","1972-07","43.96667","-74.21667","494.1","NEWCOMB 3 W, NY US","71.2","0","53.1",",0","17",",0","11",",0","0",",0","0",",0","0",",0","0",",0","0",",0","0",",0","27",",0","0",",0","","","4","","5.6",",0,05,","0",",,0,31,+","0",",,0,31,+","22.4",",,0,23,","30.6",",0,12,","33.2","0","33.2",",0","131.5",",,,0","0",",,,0","18.97",",0","24.68",",,,0","13.27",",,,0"
"USC00305711","1972-08","43.96667","-74.21667","494.1","NEWCOMB 3 W, NY US","81.5","0","10.3",",0","15",",0","9",",0","0",",0","0",",0","0",",0","0",",0","0",",0","0",",0","20",",0","0",",0","","","2","","5.0",",0,16,+","0",",,0,31,+","0",",,0,31,+","15.2",",,0,14,","27.2",",0,22,","97.3","0","64.1",",0","68.4",",,,0","0",",,,0","16.60",",0","22.17",",,,0","11.02",",,,0"
"USC00305711","1972-09","43.96667","-74.21667","494.1","NEWCOMB 3 W, NY US","81.5","0","0.0",",0","7",",0","4",",0","0",",0","0",",0","0",",0","0",",0","2",",0","0",",0","8",",0","0",",0","","","","","-1.7",",0,23,","0",",,0,30,+","0",",,0,30,+","16.5",",,0,08,","26.1",",0,01,","271.8","0","174.5",",0","44.0",",,,0","0",",,,0","12.52",",0","18.54",",,,0","6.50",",,,0"
"USC00305711","1972-10","43.96667","-74.21667","494.1","NEWCOMB 3 W, NY US","81.5","0","0.0",",0","16",",0","6",",0","0",",0","0",",0","0",",0","0",",0","21",",0","0",",0","0",",0","0",",0","","","1","","-11.7",",0,20,","0",",T,0,19,+","10",",,0,15,","21.6",",,0,07,","19.4",",0,04,","734.0","0","462.2",",0","64.7",",,,0","10",",,,0","3.42",",0","8.34",",,,0","-1.50",",,,0"
"USC00305711","1972-11","43.96667","-74.21667","494.1","NEWCOMB 3 W, NY US","81.5","0","0.0",",0","19",",0","13",",0","1",",0","19",",0","7",",0","2",",0","28",",0","10",",0","0",",0","0",",0","","","","","-22.2",",0,22,","279",",,0,30,","152",",,0,26,","37.1",",,0,26,","7.2",",0,03,","1355.7","0","621.7",",0","130.5",",,,0","582",",,,0","-2.39",",0","0.78",",,,0","-5.56",",,,0"
"USC00305711","1972-12","43.96667","-74.21667","494.1","NEWCOMB 3 W, NY US","81.5","0","0.0",",0","27",",0","16",",0","0",",0","31",",0","13",",0","6",",0","31",",0","25",",0","0",",0","0",",0","","","","","-22.2",",0,18,","686",",,0,22,+","198",",,0,16,","20.3",",,0,13,","6.1",",0,06,","2113.5","0","757.8",",0","158.7",",,,0","1093",",,,0","-6.11",",0","-2.60",",,,0","-9.62",",,,0"
"USC00305711","1973-01","43.96667","-74.21667","494.1","NEWCOMB 3 W, NY US","0.0","0","0.0",",0","17",",0","8",",0","0",",0","31",",0","6",",0","10",",0","31",",0","20",",0","0",",0","0",",0","","","","","-31.7",",0,09,","686",",,0,31,","114",",,0,29,","15.0",",,0,23,","7.2",",0,19,","2936.0","0","822.5",",0","83.8",",,,0","470",",,,0","-8.20",",0","-2.85",",,,0","-13.55",",,,0"
"USC00305711","1973-02","43.96667","-74.21667","494.1","NEWCOMB 3 W, NY US","0.0","0","0.0",",0","13",",0","4",",0","0",",0","28",",0","4",",0","15",",0","28",",0","22",",0","0",",0","0",",0","","","","","-30.0",",0,10,","813",",,0,17,+","229",",,0,15,","11.2",",,0,15,","5.0",",0,03,","3715.8","0","779.8",",0","42.0",",,,0","423",",,,0","-9.52",",0","-2.75",",,,0","-16.29",",,,0"
"USC00305711","1973-03","43.96667","-74.21667","494.1","NEWCOMB 3 W, NY US","0.0","0","0.0",",0","14",",0","6",",0","1",",0","30",",0","1",",0","0",",0","28",",0","4",",0","0",",0","0",",0","","","1","","-15.6",",0,21,","711",",,0,01,","46",",,0,19,","27.4",",,0,17,","15.0",",0,31,","4248.5","0","532.7",",0","58.8",",,,0","81",",,,0","1.15",",0","5.96",",,,0","-3.66",",,,0"
"USC00305711","1973-04","43.96667","-74.21667","494.1","NEWCOMB 3 W, NY US","0.0","0","0.0",",0","14",",0","8",",0","0",",0","7",",0","3",",0","0",",0","17",",0","1",",0","4",",0","0",",0","","","1","","-11.1",",0,14,","152",",,0,11,+","163",",,0,10,","18.0",",,0,01,","23.9",",0,22,","4656.5","0","408.0",",0","94.4",",,,0","312",",,,0","4.73",",0","10.21",",,,0","-0.75",",,,0"
"USC00305711","1973-05","43.96667","-74.21667","494.1","NEWCOMB 3 W, NY US","0.0","0","0.0","1,0","23",",0","13",",0","1",",0","0",",0","0",",0","0",",0","4",",0","0","1,0","0","1,0","0","1,0","","","5","","-2.8",",0,07,","0",",,0,31,+","0",",T,0,18,+","29.7",",,0,18,","20.6","1,0,10,","4932.2","0","275.7","1,0","128.9",",,,0","0",",T,,0","9.07","1,0","14.08","1,,,0","4.07",",,,0"
"USC00305711","1973-06","43.96667","-74.21667","494.1","NEWCOMB 3 W, NY US","19.0","0","19.0",",0","15",",0","9",",0","1",",0","0",",0","0",",0","0",",0","1",",0","0",",0","24",",0","0",",0","","","10","","-1.1",",0,03,","0",",,0,30,+","0",",,0,30,+","52.6",",,0,21,","30.0",",0,11,","4997.4","0","65.2",",0","131.2",",,,0","0",",,,0","16.79",",0","22.95",",,,0","10.63",",,,0"
"USC00305711","1973-07","43.96667","-74.21667","494.1","NEWCOMB 3 W, NY US","58.8","0","39.8",",0","10",",0","7",",0","0",",0","0",",0","0",",0","0",",0","0",",0","0",",0","27",",0","0",",0","","","4","","5.0",",0,23,","0",",,0,31,+","0",",,0,31,+","22.9",",,0,14,","31.7",",0,08,","24.7","0","24.7",",0","67.1",",,,0","0",",,,0","18.82",",0","25.38",",,,0","12.26",",,,0"
"USC00305711","1973-08","43.96667","-74.21667","494.1","NEWCOMB 3 W, NY US","","","","","10",",0","6",",0","0",",0","0",",0","0",",0","","","","","","","","","","","","","8","","","","0",",,0,31,+","0",",,0,31,+","23.9",",,0,02,","","","","","","","59.3",",,,0","0",",,,0","","","","","",""
"USC00305711","1973-09","43.96667","-74.21667","494.1","NEWCOMB 3 W, NY US","","","9.5","3,0","14",",0","6",",0","1",",0","0",",0","0",",0","0","2,0","4","2,0","0","3,0","4","3,0","0","3,0","","","4","","-2.8","2,0,30,+","0",",,0,30,+","0",",,0,30,+","30.7",",,0,18,","30.0","3,0,05,","","","213.2","3,0","92.7",",,,0","0",",,,0","10.97","3,0","15.78","3,,,0","6.16","2,,,0"
"USC00305711","1973-10","43.96667","-74.21667","494.1","NEWCOMB 3 W, NY US","","","0.0",",0","12",",0","5",",0","0",",0","0",",0","0",",0","0",",0","18",",0","0",",0","0",",0","0",",0","","","1","","-5.6",",0,28,","0",",,0,31,+","0",",T,0,27,+","17.8",",,0,30,","20.0",",0,12,","","","359.2",",0","52.5",",,,0","0",",T,,0","6.75",",0","12.92",",,,0","0.57",",,,0"
"USC00305711","1973-11","43.96667","-74.21667","494.1","NEWCOMB 3 W, NY US","","","","","19",",0","10",",0","0",",0","5",",0","3",",0","","","","","","","","","","","","","","","","","25",",,0,17,+","46",",,0,06,","19.3",",,0,15,","","","","","","","99.0",",,,0","142",",,,0","","","","","",""
"USC00305711","1973-12","43.96667","-74.21667","494.1","NEWCOMB 3 W, NY US","","","0.0",",0","21",",0","13",",0","1",",0","26",",0","10",",0","5",",0","30",",0","18",",0","0",",0","0",",0","","","","","-30.0",",0,19,","381",",,0,23,","147",",,0,22,","47.0",",,0,21,","9.4",",0,06,","","","753.7",",0","172.5",",,,0","756",",,,0","-5.98",",0","-1.96",",,,0","-10.00",",,,0"
"USC00305711","1974-01","43.96667","-74.21667","494.1","NEWCOMB 3 W, NY US","0.0","0","0.0",",0","24",",0","10",",0","0",",0","31",",0","6",",0","9",",0","31",",0","24",",0","0",",0","0",",0","","","","","-32.2",",0,18,","483",",,0,20,+","191",",,0,09,","17.0",",,0,21,","7.2",",0,31,","","","816.4",",0","90.7",",,,0","638",",,,0","-8.00",",0","-3.49",",,,0","-12.51",",,,0"
"USC00305711","1974-02","43.96667","-74.21667","494.1","NEWCOMB 3 W, NY US","","","","","12",",0","5",",0","1",",0","28",",0","6",",0","12","2,0","26","2,0","20","3,0","0","3,0","0","3,0","","","","","-28.9","2,0,10,","584",",,0,21,+","124",",,0,07,","35.6",",,0,22,","4.4","3,0,28,+","","","","","65.1",",,,0","484",",,,0","-10.23","4,0","-3.74","3,,,0","-16.72","2,,,0"
"USC00305711","1974-03","43.96667","-74.21667","494.1","NEWCOMB 3 W, NY US","","","0.0",",0","16",",0","12",",0","0",",0","31",",0","11",",0","2",",0","31",",0","17",",0","0",",0","0",",0","","","","","-24.4",",0,29,","660",",,0,22,","201",",,0,21,","22.4",",,0,21,","9.4",",0,07,","","","705.8",",0","101.7",",,,0","836",",,,0","-4.44",",0","0.95",",,,0","-9.82",",,,0"
"USC00305711","1974-04","43.96667","-74.21667","494.1","NEWCOMB 3 W, NY US","","","0.0","1,0","14",",0","7",",0","0",",0","13",",0","3",",0","0","1,0","20","1,0","4",",0","3",",0","0",",0","","","3","","-11.7","1,0,07,","508",",,0,01,","173",",,0,09,","14.7",",,0,15,","26.7",",0,28,","","","384.5",",0","67.9",",,,0","279",",,,0","4.92","1,0","11.48",",,,0","-1.65","1,,,0"
"USC00305711","1974-05","43.96667","-74.21667","494.1","NEWCOMB 3 W, NY US","","","3.9",",0","13",",0","12",",0","0",",0","0",",0","0",",0","0",",0","8",",0","0",",0","4",",0","0",",0","","","3","","-5.0",",0,02,","0",",,0,31,+","0",",T,0,07,+","16.5",",,0,12,","27.8",",0,22,+","","","281.1",",0","99.2",",,,0","0",",T,,0","9.39",",0","14.98",",,,0","3.80",",,,0"
"USC00305711","1974-06","43.96667","-74.21667","494.1","NEWCOMB 3 W, NY US","","","11.5",",0","12",",0","8",",0","0",",0","0",",0","0",",0","0",",0","0",",0","0",",0","21",",0","1",",0","","","3","","2.8",",0,13,","0",",,0,30,+","0",",,0,30,+","14.0",",,0,27,","32.8",",0,10,","","","84.5",",0","64.3",",,,0","0",",,,0","15.90",",0","22.15",",,,0","9.65",",,,0"
"USC00305711","1974-07","43.96667","-74.21667","494.1","NEWCOMB 3 W, NY US","","","40.3",",0","9","2,0","9","2,0","2","2,0","0",",0","0",",0","0",",0","0",",0","0",",0","27",",0","1",",0","","","9","","5.0",",0,21,+","0",",,0,31,+","0",",,0,31,+","30.5","2,,0,03,","32.2",",0,14,","41.3","0","41.3",",0","105.4","2,,,0","0",",,,0","18.30",",0","24.47",",,,0","12.12",",,,0"
"USC00305711","1974-08","43.96667","-74.21667","494.1","NEWCOMB 3 W, NY US","","","","","7",",0","7",",0","1",",0","0",",0","0",",0","","","","","","","","","","","","","2","","","","0",",,0,31,+","0",",,0,31,+","31.8",",,0,17,","","","","","","","81.4",",,,0","0",",,,0","","","","","",""
"USC00305711","1974-09","43.96667","-74.21667","494.1","NEWCOMB 3 W, NY US","","","1.7",",0","12",",0","8",",0","0",",0","0",",0","0",",0","0",",0","2",",0","0",",0","8",",0","0",",0","","","3","","-5.0",",0,24,","0",",,0,30,+","0",",T,0,23,","22.1",",,0,03,","22.8",",0,13,","","","194.9",",0","97.4",",,,0","0",",T,,0","11.89",",0","16.97",",,,0","6.81",",,,0"
"USC00305711","1974-10","43.96667","-74.21667","494.1","NEWCOMB 3 W, NY US","","","0.0",",0","10",",0","6",",0","0",",0","0",",0","0",",0","0",",0","23",",0","1",",0","0",",0","0",",0","","","","","-10.0",",0,28,+","0",",T,0,20,+","8",",,0,03,","14.0",",,0,15,","20.0",",0,06,","","","467.0",",0","39.7",",,,0","8",",,,0","3.27",",0","8.76",",,,0","-2.23",",,,0"
"USC00305711","1974-11","43.96667","-74.21667","494.1","NEWCOMB 3 W, NY US","","","0.0",",0","20",",0","13",",0","1",",0","12",",0","5",",0","0",",0","26",",0","9",",0","0",",0","0",",0","","","","","-16.7",",0,30,","127",",,0,22,","127",",,0,21,","28.7",",,0,13,","17.2",",0,01,","","","557.7",",0","123.3",",,,0","299",",,,0","-0.26",",0","3.61",",,,0","-4.12",",,,0"
"USC00305711","1974-12","43.96667","-74.21667","494.1","NEWCOMB 3 W, NY US","","","0.0",",0","18",",0","7",",0","1",",0","29",",0","7",",0","2",",0","30",",0","27",",0","0",",0","0",",0","","","","","-20.0",",0,26,+","356",",,0,25,","127",",,0,25,+","36.8",",,0,08,","5.6",",0,09,+","","","714.3",",0","87.2",",,,0","553",",,,0","-4.71",",0","-1.57",",,,0","-7.85",",,,0"
"USC00305711","1975-01","43.96667","-74.21667","494.1","NEWCOMB 3 W, NY US","0.0","0","0.0",",0","17",",0","12",",0","0",",0","31",",0","10",",0","7",",0","31",",0","25",",0","0",",0","0",",0","","","","","-28.9",",0,23,","432",",,0,19,","132",",,0,18,","15.2",",,0,29,","5.6",",0,11,","","","803.3",",0","92.6",",,,0","640",",,,0","-7.58",",0","-2.64",",,,0","-12.53",",,,0"
"USC00305711","1975-02","43.96667","-74.21667","494.1","NEWCOMB 3 W, NY US","0.0","0","0.0",",0","21",",0","9",",0","0",",0","28",",0","9",",0","7",",0","28",",0","20",",0","0",",0","0",",0","","","","","-30.0",",0,10,","686",",,0,27,","267",",,0,05,","19.6",",,0,25,","6.1",",0,22,","","","734.7",",0","93.5",",,,0","910",",,,0","-7.91",",0","-3.10",",,,0","-12.72",",,,0"
"USC00305711","1975-03","43.96667","-74.21667","494.1","NEWCOMB 3 W, NY US","0.0","0","0.0",",0","20",",0","9",",0","0",",0","31",",0","7",",0","3",",0","31",",0","23",",0","0",",0","0",",0","","","","","-25.0",",0,09,","711",",,0,15,","152",",,0,15,","24.9",",,0,20,","7.8",",0,18,+","","","747.9",",0","83.6",",,,0","543",",,,0","-5.79",",0","-0.21",",,,0","-11.37",",,,0"
"USC00305711","1975-04","43.96667","-74.21667","494.1","NEWCOMB 3 W, NY US","0.0","0","0.0",",0","13",",0","8",",0","1",",0","30",",0","6",",0","0",",0","28",",0","7",",0","0",",0","0",",0","","","","","-16.1",",0,12,","813",",,0,07,+","216",",,0,05,","29.2",",,0,03,","16.1",",0,30,","","","578.1",",0","95.2",",,,0","753",",,,0","-0.94",",0","4.68",",,,0","-6.55",",,,0"
"USC00305711","1975-05","43.96667","-74.21667","494.1","NEWCOMB 3 W, NY US","3.1","0","3.1","3,0","6",",0","6",",0","0",",0","0",",0","0",",0","0",",0","10",",0","0","3,0","17","3,0","0","3,0","","","3","","-3.3",",0,09,","0",",,0,31,+","0",",,0,31,+","10.7",",,0,30,","29.4","3,0,23,","","","150.4","3,0","37.2",",,,0","0",",,,0","12.84","3,0","21.51","3,,,0","4.17",",,,0"
"USC00305711","1975-06","43.96667","-74.21667","494.1","NEWCOMB 3 W, NY US","14.0","0","10.9","2,0","12","1,0","5","1,0","0","1,0","0",",0","0",",0","0","2,0","1","2,0","0","2,0","14","2,0","0","2,0","","","","","-0.6","2,0,10,","0",",,0,30,+","0",",,0,30,+","14.5","1,,0,07,","30.6","2,0,23,","","","117.8","2,0","58.2","1,,,0","0",",,,0","14.51","2,0","20.96","2,,,0","8.07","2,,,0"
"USC00305711","1975-07","43.96667","-74.21667","494.1","NEWCOMB 3 W, NY US","37.0","0","23.0",",0","11",",0","8",",0","0",",0","0",",0","0",",0","0",",0","0",",0","0",",0","30",",0","0",",0","","","6","","5.6",",0,27,","0",",,0,31,+","0",",,0,31,+","18.3",",,0,28,","30.0",",0,18,","24.8","0","24.8",",0","67.1",",,,0","0",",,,0","18.27",",0","25.24",",,,0","11.31",",,,0"
"USC00305711","1975-08","43.96667","-74.21667","494.1","NEWCOMB 3 W, NY US","65.1","0","28.1",",0","10",",0","8",",0","1",",0","0",",0","0",",0","0",",0","0",",0","0",",0","21",",0","2",",0","","","5","","1.7",",0,20,","0",",,0,31,+","0",",,0,31,+","33.5",",,0,27,","32.2",",0,02,+","115.7","0","90.9",",0","125.7",",,,0","0",",,,0","16.31",",0","22.27",",,,0","10.35",",,,0"
"USC00305711","1975-09","43.96667","-74.21667","494.1","NEWCOMB 3 W, NY US","65.1","0","0.0",",0","15",",0","10",",0","1",",0","0",",0","0",",0","0",",0","2",",0","0",",0","1",",0","0",",0","","","3","","-1.7",",0,15,","0",",,0,30,+","0",",,0,30,+","52.1",",,0,12,","21.7",",0,11,","358.0","0","242.3",",0","164.5",",,,0","0",",,,0","10.26",",0","14.65",",,,0","5.86",",,,0"
"USC00305711","1975-10","43.96667","-74.21667","494.1","NEWCOMB 3 W, NY US","65.1","0","0.0",",0","9",",0","8",",0","0",",0","0",",0","0",",0","0",",0","11",",0","0",",0","0",",0","0",",0","","","1","","-9.4",",0,31,","0",",,0,31,+","0",",T,0,30,+","24.6",",,0,18,","17.8",",0,15,+","723.1","0","365.1",",0","78.8",",,,0","0",",T,,0","6.55",",0","11.61",",,,0","1.50",",,,0"
"USC00305711","1975-11","43.96667","-74.21667","494.1","NEWCOMB 3 W, NY US","65.1","0","0.0",",0","18",",0","10",",0","0",",0","9",",0","2",",0","0",",0","21",",0","9",",0","0",",0","0",",0","","","2","","-10.0",",0,25,","203",",,0,27,","203",",,0,27,","23.6",",,0,10,","16.1",",0,07,","1222.6","0","499.5",",0","118.1",",,,0","407",",,,0","1.68",",0","5.86",",,,0","-2.49",",,,0"
"USC00305711","1975-12","43.96667","-74.21667","494.1","NEWCOMB 3 W, NY US","65.1","0","0.0",",0","16",",0","11",",0","1",",0","26",",0","9",",0","7",",0","31",",0","27",",0","0",",0","0",",0","","","","","-34.4",",0,20,","356",",,0,31,","152",",,0,26,","25.9",",,0,26,","6.7",",0,15,+","2086.0","0","863.4",",0","87.3",",,,0","533",",,,0","-9.52",",0","-5.11",",,,0","-13.93",",,,0"
"USC00305711","1976-01","43.96667","-74.21667","494.1","NEWCOMB 3 W, NY US","0.0","0","0.0",",0","21","2,0","12","2,0","1","2,0","31",",0","14",",0","19",",0","31",",0","30",",0","0",",0","0",",0","","","1","","-37.8",",0,19,","635",",,0,31,+","198",",,0,03,","29.2","2,,0,26,","3.9",",0,27,","3101.0","0","1015.0",",0","144.9",",a,,0","997",",,,0","-14.41",",0","-8.16",",,,0","-20.66",",,,0"
"USC00305711","1976-02","43.96667","-74.21667","494.1","NEWCOMB 3 W, NY US","0.0","0","0.0",",0","18",",0","11",",0","0",",0","29",",0","7",",0","12",",0","29",",0","23",",0","0",",0","0",",0","","","","","-25.6",",0,05,","813",",,0,08,","140",",,0,18,+","18.5",",,0,18,","8.9",",0,25,","3880.5","0","779.5",",0","104.6",",,,0","610",",,,0","-8.55",",0","-2.52",",,,0","-14.57",",,,0"
"USC00305711","1976-03","43.96667","-74.21667","494.1","NEWCOMB 3 W, NY US","0.0","0","0.0",",0","24",",0","14",",0","0",",0","31",",0","11",",0","5",",0","28",",0","13",",0","0",",0","0",",0","","","1","","-25.6",",0,09,","1067",",,0,19,+","279",",,0,02,","24.1",",,0,02,","15.6",",0,27,","4561.7","0","681.2",",0","129.4",",,,0","963",",,,0","-3.64",",0","2.86",",,,0","-10.15",",,,0"
"USC00305711","1976-04","43.96667","-74.21667","494.1","NEWCOMB 3 W, NY US","0.0","0","0.0",",0","11",",0","8",",0","1",",0","16",",0","1",",0","0",",0","21",",0","1",",0","3",",0","0",",0","","","1","","-13.9",",0,12,","305",",,0,01,","89",",,0,26,","38.6",",,0,01,","27.2",",0,18,","4993.0","0","431.3",",0","85.7",",,,0","138",",,,0","3.96",",0","10.44",",,,0","-2.52",",,,0"
"USC00305711","1976-05","43.96667","-74.21667","494.1","NEWCOMB 3 W, NY US","0.0","0","0.0",",0","16",",0","11",",0","1",",0","4",",0","2",",0","0",",0","14",",0","1",",0","2",",0","0",",0","","","","","-4.4",",0,13,+","127",",,0,19,","203",",,0,18,","34.3",",,0,19,","24.4",",0,28,","5336.8","0","343.8",",0","131.2",",,,0","280",",,,0","7.24",",0","13.15",",,,0","1.34",",,,0"
"USC00305711","1976-06","43.96667","-74.21667","494.1","NEWCOMB 3 W, NY US","","","","","16",",0","12",",0","1",",0","0",",0","0",",0","","","","","","","","","","","","","11","","","","0",",,0,30,+","0",",,0,30,+","34.3",",,0,25,","","","","","","","136.4",",,,0","0",",,,0","","","","","",""
"USC00305711","1976-07","43.96667","-74.21667","494.1","NEWCOMB 3 W, NY US","","","1.1","3,0","14",",0","10",",0","0",",0","0",",0","0",",0","0","2,0","0","2,0","0","2,0","14","2,0","0","2,0","","","8","","2.8","2,0,26,","0",",,0,31,+","0",",,0,31,+","18.3",",,0,12,","26.7","2,0,06,","95.3","0","95.3","2,0","87.3",",,,0","0",",,,0","15.06","3,0","20.38","2,,,0","9.73","2,,,0"
"USC00305711","1976-08","43.96667","-74.21667","494.1","NEWCOMB 3 W, NY US","","","","","11",",0","8",",0","1",",0","0",",0","0",",0","","","","","0","5,0","14","5,0","0","5,0","","","4","","","","0",",,0,31,+","0",",,0,31,+","31.0",",,0,13,","28.3","5,0,21,","","","","","109.1",",,,0","0",",,,0","","","21.10","5,,,0","",""
"USC00305711","1976-09","43.96667","-74.21667","494.1","NEWCOMB 3 W, NY US","","","","","14","2,0","6","2,0","0","2,0","0",",0","0",",0","","","","","","","","","","","","","1","","","","0",",,0,30,+","0",",,0,30,+","19.6","2,,0,10,","","","","","","","100.2",",a,,0","0",",,,0","","","","","",""
"USC00305711","1976-10","43.96667","-74.21667","494.1","NEWCOMB 3 W, NY US","","","0.0",",0","15",",0","12",",0","3",",0","7",",0","3",",0","0",",0","22",",0","5",",0","0",",0","0",",0","","","","","-12.2",",0,28,","76",",,0,24,+","102",",,0,22,","36.1",",,0,09,","17.8",",0,05,+","","","485.9",",0","150.4",",,,0","165",",,,0","2.66",",0","6.94",",,,0","-1.62",",,,0"
"USC00305711","1976-11","43.96667","-74.21667","494.1","NEWCOMB 3 W, NY US","","","0.0",",0","20",",0","6",",0","0",",0","26",",0","6",",0","1",",0","30",",0","22",",0","0",",0","0",",0","","","","","-17.8",",0,30,","127",",,0,30,+","114",",,0,05,","8.9",",,0,29,","11.1",",0,27,","","","688.1",",0","51.9",",,,0","355",",,,0","-4.60",",0","-1.20",",,,0","-8.01",",,,0"
"USC00305711","1976-12","43.96667","-74.21667","494.1","NEWCOMB 3 W, NY US","","","0.0",",0","20",",0","6",",0","1",",0","29","2,0","7","1,0","17",",0","31",",0","28",",0","0",",0","0",",0","","","","","-34.4",",0,14,","254","2,,0,26,+","152","1,,0,07,","32.8",",,0,07,","5.6",",0,20,","","","957.4",",0","64.0",",,,0","605","1,,,0","-12.55",",0","-6.25",",,,0","-18.85",",,,0"
"USC00305711","1977-01","43.96667","-74.21667","494.1","NEWCOMB 3 W, NY US","0.0","","0.0",",0","19",",0","6",",0","0",",0","31",",0","14",",0","20",",0","31",",0","31",",0","0",",0","0",",0","","","","","-32.8",",0,18,","813",",,0,28,","305",",,0,10,","19.6",",,0,10,","-4.4",",0,25,","","","1026.6",",0","58.1",",,,0","1366",",,,0","-14.78",",0","-10.05",",,,0","-19.52",",,,0"
"USC00305711","1977-02","43.96667","-74.21667","494.1","NEWCOMB 3 W, NY US","0.0","","0.0",",0","16",",0","5",",0","0",",0","28",",0","10",",0","10",",0","28",",0","25",",0","0",",0","0",",0","","","","","-25.6",",0,17,","838",",,0,05,","216",",,0,25,","20.3",",,0,25,","4.4",",0,27,","","","775.3",",0","48.7",",,,0","772",",,,0","-9.36",",0","-5.05",",,,0","-13.66",",,,0"
"USC00305711","1977-03","43.96667","-74.21667","494.1","NEWCOMB 3 W, NY US","0.0","","0.0",",0","20",",0","13",",0","1",",0","31",",0","8",",0","1",",0","31",",0","11",",0","0",",0","0",",0","","","","","-20.0",",0,20,","762",",,0,07,+","178",",,0,23,","26.7",",,0,14,","18.9",",0,30,","","","615.0",",0","133.4",",,,0","775",",,,0","-1.51",",0","4.30",",,,0","-7.32",",,,0"
"USC00305711","1977-04","43.96667","-74.21667","494.1","NEWCOMB 3 W, NY US","0.0","","0.0",",0","11",",0","9",",0","2",",0","13",",0","2",",0","0",",0","25",",0","5",",0","2",",0","0",",0","","","","","-16.7",",0,09,","229",",,0,07,+","51",",,0,06,","25.4",",,0,24,+","22.8",",0,21,","","","481.9",",0","98.5",",,,0","89",",,,0","2.27",",0","8.96",",,,0","-4.42",",,,0"
"USC00305711","1977-05","43.96667","-74.21667","494.1","NEWCOMB 3 W, NY US","0.8","","0.8",",0","7",",0","6",",0","0",",0","1",",0","1",",0","0",",0","12",",0","0",",0","12",",0","0",",0","","","","","-6.1",",0,04,","25",",,0,09,","51",",,0,09,","15.0",",,0,19,","29.4",",0,21,","","","231.1",",0","56.4",",,,0","51",",,,0","10.90",",0","19.32",",,,0","2.49",",,,0"
