"STATION","DATE","LATITUDE","LONGITUDE","ELEVATION","NAME","CDSD","CDSD_ATTRIBUTES","CLDD","CLDD_ATTRIBUTES","DP01","DP01_ATTRIBUTES","DP10","DP10_ATTRIBUTES","DP1X","DP1X_ATTRIBUTES","DSNW","DSNW_ATTRIBUTES","DT00","DT00_ATTRIBUTES","DT32","DT32_ATTRIBUTES","DX32","DX32_ATTRIBUTES","DX70","DX70_ATTRIBUTES","DX90","DX90_ATTRIBUTES","EMNT","EMNT_ATTRIBUTES","EMSN","EMSN_ATTRIBUTES","EMXP","EMXP_ATTRIBUTES","EMXT","EMXT_ATTRIBUTES","HDSD","HDSD_ATTRIBUTES","HTDD","HTDD_ATTRIBUTES","PRCP","PRCP_ATTRIBUTES","SNOW","SNOW_ATTRIBUTES","TAVG","TAVG_ATTRIBUTES","TMAX","TMAX_ATTRIBUTES","TMIN","TMIN_ATTRIBUTES"
"USC00438905","1893-01","43.416667","-73.2","274.3","WELLS, VT US","0.0","6","0.0","2,6","","","","","","","5",",6","15","1,6","30","1,6","27","1,6","0","1,6","0","1,6","-27.8","1,6,11,","89",",,6,08,","","","6.7","1,6,29,","","","876.4","1,6","","","280",",,,6","-12.09","2,6","-7.07","1,,,6","-17.10","1,,,6"
"USC00438905","1893-02","43.416667","-73.2","274.3","WELLS, VT US","0.0","6","0.0","4,6","12",",6","9",",6","2",",6","8",",6","8","2,6","26","2,6","20","2,6","0","2,6","0","2,6","-26.1","2,6,05,","406",",,6,22,","52.1",",,6,22,","6.7","2,6,10,","","","653.9","2,6","148.2",",,,6","940",",,,6","-9.02","4,6","-3.14","2,,,6","-14.89","2,,,6"
"USC00438905","1893-03","43.416667","-73.2","274.3","WELLS, VT US","0.0","6","0.0","2,6","8",",6","3",",6","1",",6","2",",6","2","1,6","29","1,6","15","1,6","0","1,6","0","1,6","-20.0","1,6,05,","102",",,6,15,","26.2",",,6,15,","7.8","1,6,14,+","","","656.6","1,6","49.8",",,,6","147",",,,6","-4.15","2,6","0.91","1,,,6","-9.20","1,,,6"
"USC00438905","1893-04","43.416667","-73.2","274.3","WELLS, VT US","0.0","6","0.0",",6","11",",6","8",",6","0",",6","2",",6","0",",6","23",",6","1",",6","0",",6","0",",6","-10.0",",6,07,+","76",",,6,15,","14.0",",,6,15,","15.6",",6,04,","","","462.3",",6","46.3",",,,6","153",",,,6","2.92",",6","8.33",",,,6","-2.48",",,,6"
"USC00438905","1893-05","43.416667","-73.2","274.3","WELLS, VT US","4.8","6","4.8",",6","13",",6","9",",6","1",",6","","","0",",6","2",",6","0",",6","11",",6","0",",6","0.0",",6,07,+","","","38.6",",,6,04,","31.1",",6,23,","","","200.0",",6","104.7",",,,6","","","12.04",",6","18.19",",,,6","5.88",",,,6"
"USC00438905","1893-06","43.416667","-73.2","274.3","WELLS, VT US","56.9","6","52.1",",6","7",",6","4",",6","0",",6","","","0",",6","0",",6","0",",6","26",",6","2",",6","7.8",",6,28,+","","","19.6",",,6,06,","33.3",",6,21,","","","27.5",",6","41.4",",,,6","","","19.15",",6","25.86",",,,6","12.45",",,,6"
"USC00438905","1893-07","43.416667","-73.2","274.3","WELLS, VT US","99.2","6","42.3",",6","11",",6","11",",6","1",",6","","","0",",6","0",",6","0",",6","29",",6","0",",6","6.7",",6,10,","","","25.4",",,6,18,","31.1",",6,21,","22.6","6","22.6",",6","121.1",",,,6","","","18.97",",6","25.60",",,,6","12.34",",,,6"
"USC00438905","1893-08","43.416667","-73.2","274.3","WELLS, VT US","145.2","6","46.0",",6","","","","","","","","","0",",6","0",",6","0",",6","28",",6","1",",6","5.0",",6,14,","","","","","32.2",",6,10,","46.9","6","24.3",",6","","","","","19.03",",6","24.89",",,,6","13.17",",,,6"
"USC00438905","1893-09","43.416667","-73.2","274.3","WELLS, VT US","145.2","6","0.0",",6","","","","","","","","","0",",6","0",",6","0",",6","6",",6","0",",6","1.1",",6,27,+","","","","","23.3",",6,14,+","234.7","6","187.8",",6","","","","","12.07",",6","17.84",",,,6","6.31",",,,6"
"USC00438905","1893-10","43.416667","-73.2","274.3","WELLS, VT US","145.2","6","0.0",",6","7",",6","6",",6","1",",6","","","0",",6","6",",6","0",",6","4",",6","0",",6","-6.7",",6,31,","","","28.2",",,6,27,","22.2",",6,06,","495.2","6","260.5",",6","64.5",",,,6","","","9.93",",6","15.16",",,,6","4.70",",,,6"
"USC00438905","1893-11","43.416667","-73.2","274.3","WELLS, VT US","145.2","6","0.0","2,6","6",",6","4",",6","0",",6","2",",6","0","1,6","25","1,6","3","1,6","0","1,6","0","1,6","-13.3","1,6,26,","114",",,6,15,","11.9",",,6,15,","12.8","1,6,03,","985.5","6","490.3","1,6","35.1",",,,6","159",",,,6","0.96","2,6","5.32","1,,,6","-3.41","1,,,6"
"USC00438905","1893-12","43.416667","-73.2","274.3","WELLS, VT US","145.2","6","0.0","2,6","13",",6","10",",6","1",",6","9",",6","3","1,6","29","1,6","16","1,6","0","1,6","0","1,6","-26.1","1,6,14,","203",",,6,03,","30.5",",,6,03,","10.0","1,6,25,","1694.6","6","709.1","1,6","93.1",",,,6","515",",,,6","-6.05","2,6","-0.72","1,,,6","-11.38","1,,,6"
"USC00438905","1894-01","43.416667","-73.2","274.3","WELLS, VT US","0.0","6","0.0",",6","8",",6","6",",6","0",",6","3",",6","3",",6","31",",6","24",",6","0",",6","0",",6","-23.3",",6,12,","127",",,6,30,","11.4",",,6,23,+","12.2",",6,24,","2446.7","6","752.1",",6","49.7",",,,6","237",",,,6","-5.93",",6","-1.07",",,,6","-10.78",",,,6"
"USC00438905","1894-02","43.416667","-73.2","274.3","WELLS, VT US","0.0","6","0.0","4,6","7",",6","6",",6","0",",6","5",",6","10","2,6","26","2,6","18","2,6","0","2,6","0","2,6","-30.0","2,6,24,","152",",,6,15,+","10.2",",,6,15,","7.2","2,6,19,+","3076.8","6","630.1","2,6","40.9",",,,6","508",",,,6","-8.38","4,6","-2.29","2,,,6","-14.47","2,,,6"
"USC00438905","1894-03","43.416667","-73.2","274.3","WELLS, VT US","0.0","6","0.0","2,6","7",",6","4",",6","0",",6","1",",6","0","1,6","27","1,6","1","1,6","0","1,6","0","1,6","-14.4","1,6,27,","25",",,6,23,","21.6",",,6,23,","16.7","1,6,19,","3567.1","6","490.3","1,6","39.1",",,,6","33",",,,6","1.59","2,6","6.98","1,,,6","-3.80","1,,,6"
"USC00438905","1894-04","43.416667","-73.2","274.3","WELLS, VT US","0.0","6","0.0",",6","7",",6","5",",6","0",",6","1",",6","0",",6","14",",6","0",",6","2",",6","0",",6","-12.2",",6,03,","25",",,6,08,","8.9",",,6,04,","23.3",",6,20,","3927.8","6","360.7",",6","34.4",",,,6","25",",,,6","6.31",",6","12.03",",,,6","0.59",",,,6"
"USC00438905","1894-05","43.416667","-73.2","274.3","WELLS, VT US","3.0","6","3.0",",6","","","","","","","","","0",",6","1",",6","0",",6","15",",6","0",",6","-1.7",",6,15,","","","","","25.6",",6,02,","4073.9","6","146.1",",6","","","","","13.72",",6","20.06",",,,6","7.37",",,,6"
"USC00438905","1894-06","43.416667","-73.2","274.3","WELLS, VT US","81.5","6","78.5",",6","","","","","","","","","0",",6","0",",6","0",",6","24",",6","1",",6","2.2",",6,07,","","","","","32.2",",6,23,","4132.2","6","58.3",",6","","","","","19.01",",6","25.52",",,,6","12.49",",,,6"
"USC00438905","1894-07","43.416667","-73.2","274.3","WELLS, VT US","182.3","6","100.8",",6","9",",6","5",",6","0",",6","","","0",",6","0",",6","0",",6","30",",6","6",",6","8.9",",6,10,+","","","16.3",",,6,03,","33.3",",6,28,+","5.9","6","5.9",",6","60.2",",,,6","","","21.39",",6","28.20",",,,6","14.59",",,,6"
"USC00438905","1894-08","43.416667","-73.2","274.3","WELLS, VT US","210.7","6","28.4",",6","6",",6","5",",6","1",",6","","","0",",6","0",",6","0",",6","27",",6","0",",6","2.8",",6,22,","","","49.0",",,6,02,","28.9",",6,25,","54.0","6","48.1",",6","61.1",",,,6","","","17.70",",6","23.76",",,,6","11.64",",,,6"
"USC00438905","1894-09","43.416667","-73.2","274.3","WELLS, VT US","238.8","6","28.1",",6","8",",6","7",",6","1",",6","","","0",",6","1",",6","0",",6","22",",6","0",",6","0.0",",6,26,","","","44.5",",,6,10,","28.3",",6,10,+","114.0","6","60.0",",6","84.0",",,,6","","","17.27",",6","22.63",",,,6","11.92",",,,6"
"USC00438905","1894-10","43.416667","-73.2","274.3","WELLS, VT US","238.8","6","0.0",",6","11",",6","6",",6","0",",6","","","0",",6","2",",6","0",",6","0",",6","0",",6","-0.6",",6,16,","","","22.6",",,6,04,","20.0",",6,20,","384.8","6","270.8",",6","93.3",",,,6","","","9.60",",6","14.05",",,,6","5.15",",,,6"
"USC00438905","1894-11","43.416667","-73.2","274.3","WELLS, VT US","238.8","6","0.0",",6","11",",6","8",",6","0",",6","7",",6","0",",6","24",",6","8",",6","0",",6","0",",6","-15.0",",6,29,+","51",",,6,10,+","18.8",",,6,03,","16.1",",6,03,","945.4","6","560.6",",6","66.4",",,,6","253",",,,6","-0.35",",6","3.39",",,,6","-4.09",",,,6"
"USC00438905","1894-12","43.416667","-73.2","274.3","WELLS, VT US","238.8","6","0.0",",6","8",",6","5",",6","0",",6","4",",6","3",",6","27",",6","8",",6","0",",6","0",",6","-24.4",",6,30,","203",",,6,27,","15.2",",,6,12,","10.6",",6,16,","1617.9","6","672.5",",6","48.4",",,,6","406",",,,6","-3.36",",6","0.96",",,,6","-7.68",",,,6"
"USC00438905","1895-01","43.416667","-73.2","274.3","WELLS, VT US","0.0","6","0.0",",6","10",",6","5",",6","0",",6","4",",6","2",",6","31",",6","21",",6","0",",6","0",",6","-26.1",",6,05,","102",",,6,06,","9.1",",,6,06,","7.2",",6,11,","2382.5","6","764.6",",6","35.0",",,,6","242",",,,6","-6.33",",6","-1.47",",,,6","-11.19",",,,6"
"USC00438905","1895-02","43.416667","-73.2","274.3","WELLS, VT US","0.0","6","0.0",",6","","","","","","","","","10",",6","28",",6","21",",6","0",",6","0",",6","-29.4",",6,06,","","","","","5.6",",6,28,","3153.3","6","770.8",",6","","","","","-9.20",",6","-3.88",",,,6","-14.51",",,,6"
"USC00438905","1895-03","43.416667","-73.2","274.3","WELLS, VT US","0.0","6","0.0",",6","12",",6","7",",6","0",",6","4",",6","0",",6","30",",6","11",",6","0",",6","0",",6","-16.1",",6,15,+","102",",,6,29,","11.2",",,6,25,","7.2",",6,01,","3823.1","6","669.8",",6","45.2",",,,6","300",",,,6","-3.27",",6","1.72",",,,6","-8.26",",,,6"
"USC00438905","1895-04","43.416667","-73.2","274.3","WELLS, VT US","0.0","6","0.0",",6","8",",6","6",",6","1",",6","0",",6","0",",6","14",",6","1",",6","1",",6","0",",6","-7.8",",6,11,","13",",,6,01,","26.9",",,6,09,","22.8",",6,25,","4196.4","6","373.3",",6","85.4",",,,6","13",",,,6","5.89",",6","11.52",",,,6","0.26",",,,6"
"USC00438905","1895-05","43.416667","-73.2","274.3","WELLS, VT US","29.5","6","29.5",",6","6",",6","5",",6","1",",6","","","0",",6","2",",6","0",",6","19",",6","0",",6","-3.3",",6,14,","","","37.1",",,6,27,","30.0",",6,11,","4330.0","6","133.6",",6","66.7",",,,6","","","14.98",",6","21.75",",,,6","8.20",",,,6"
"USC00438905","1895-06","43.416667","-73.2","274.3","WELLS, VT US","112.1","6","82.6",",6","13",",6","6",",6","0",",6","","","0",",6","0",",6","0",",6","29",",6","1",",6","7.8",",6,08,","","","18.8",",,6,12,","32.2",",6,02,","4338.9","6","8.9",",6","71.4",",,,6","","","20.79",",6","27.29",",,,6","14.29",",,,6"
"USC00438905","1895-07","43.416667","-73.2","274.3","WELLS, VT US","151.2","6","39.1",",6","9",",6","6",",6","2",",6","","","0",",6","0",",6","0",",6","26",",6","0",",6","7.2",",6,11,","","","44.2",",,6,27,","30.0",",6,21,+","27.5","6","27.5",",6","128.4",",,,6","","","18.71",",6","24.72",",,,6","12.70",",,,6"
"USC00438905","1895-08","43.416667","-73.2","274.3","WELLS, VT US","195.9","6","44.7",",6","12",",6","9",",6","1",",6","","","0",",6","0",",6","0",",6","28",",6","0",",6","3.3",",6,22,","","","28.2",",,6,18,","29.4",",6,11,","56.0","6","28.5",",6","128.8",",,,6","","","18.86",",6","24.62",",,,6","13.09",",,,6"
"USC00438905","1895-09","43.416667","-73.2","274.3","WELLS, VT US","225.3","6","29.4",",6","6",",6","5",",6","1",",6","","","0",",6","1",",6","0",",6","18",",6","0",",6","0.0",",6,15,","","","28.4",",,6,11,","30.0",",6,23,","148.0","6","92.0",",6","68.8",",,,6","","","16.25",",6","22.05",",,,6","10.44",",,,6"
"USC00438905","1895-10","43.416667","-73.2","274.3","WELLS, VT US","225.3","6","0.0",",6","4",",6","2",",6","0",",6","","","0",",6","14",",6","0",",6","0",",6","0",",6","-6.7",",6,26,","","","13.2",",,6,12,","18.3",",6,27,","530.6","6","382.6",",6","26.2",",,,6","","","5.99",",6","11.43",",,,6","0.55",",,,6"
"USC00438905","1895-11","43.416667","-73.2","274.3","WELLS, VT US","225.3","6","0.0","2,6","10",",6","10",",6","1",",6","2",",6","0","1,6","21","1,6","1","1,6","0","1,6","0","1,6","-15.0","1,6,22,","76",",,6,20,","33.0",",,6,10,","20.0","1,6,08,","958.0","6","427.4","1,6","133.4",",,,6","140",",,,6","2.95","2,6","7.91","1,,,6","-2.00","1,,,6"
"USC00438905","1895-12","43.416667","-73.2","274.3","WELLS, VT US","225.3","6","0.0",",6","6","2,6","5","2,6","1","2,6","1",",6","3",",6","24",",6","14",",6","0",",6","0",",6","-24.4",",6,13,","76",",,6,05,","29.5","2,,6,02,","14.4",",6,31,+","1614.5","6","656.5",",6","81.4","2,,,6","102",",,,6","-2.84",",6","2.38",",,,6","-8.07",",,,6"
"USC00438905","1896-01","43.416667","-73.2","274.3","WELLS, VT US","0.0","6","0.0",",6","7",",6","4",",6","0",",6","5",",6","7",",6","31",",6","25",",6","0",",6","0",",6","-30.0",",6,06,","38",",,6,19,+","5.1",",,6,24,","3.3",",6,25,+","2434.9","6","820.4",",6","21.1",",,,6","190",",,,6","-8.13",",6","-3.91",",,,6","-12.35",",,,6"
"USC00438905","1896-02","43.416667","-73.2","274.3","WELLS, VT US","0.0","6","0.0",",6","8",",6","6",",6","1",",6","5",",6","7",",6","28",",6","17",",6","0",",6","0",",6","-32.2",",6,17,","165",",,6,09,","30.7",",,6,29,","9.4",",6,29,","3162.4","6","727.5",",6","82.0",",,,6","542",",,,6","-6.75",",6","-1.11",",,,6","-12.39",",,,6"
"USC00438905","1896-04","43.416667","-73.2","274.3","WELLS, VT US","","","4.4",",6","5","2,6","4","2,6","0","2,6","1",",6","0",",6","16",",6","1",",6","8",",6","0",",6","-11.1",",6,03,","76",",,6,02,","14.7","2,,6,02,","25.6",",6,17,+","","","317.7",",6","31.2","2,,,6","89",",,,6","7.89",",6","14.05",",,,6","1.73",",,,6"
"USC00438905","1896-05","43.416667","-73.2","274.3","WELLS, VT US","","","11.6",",6","8",",6","5",",6","0",",6","","","0",",6","0",",6","0",",6","20",",6","0",",6","2.2",",6,20,","","","14.0",",,6,19,","31.7",",6,10,","","","108.3",",6","47.0",",,,6","","","15.21",",6","22.00",",,,6","8.43",",,,6"
"USC00438905","1896-06","43.416667","-73.2","274.3","WELLS, VT US","","","37.5",",6","10",",6","8",",6","0",",6","","","0",",6","0",",6","0",",6","22",",6","0",",6","4.4",",6,03,","","","17.5",",,6,08,","31.1",",6,20,","","","54.2",",6","73.1",",,,6","","","17.78",",6","24.45",",,,6","11.11",",,,6"
"USC00438905","1896-07","43.416667","-73.2","274.3","WELLS, VT US","","","93.2",",6","15",",6","9",",6","0",",6","","","0",",6","0",",6","0",",6","31",",6","0",",6","8.9",",6,17,","","","14.7",",,6,21,","31.7",",6,12,+","6.1","6","6.1",",6","77.8",",,,6","","","21.14",",6","27.10",",,,6","15.19",",,,6"
"USC00438905","1896-08","43.416667","-73.2","274.3","WELLS, VT US","","","75.1",",6","14",",6","10",",6","0",",6","","","0",",6","0",",6","0",",6","26",",6","1",",6","5.6",",6,20,","","","24.6",",,6,07,","32.2",",6,06,","44.1","6","38.0",",6","126.7",",,,6","","","19.53",",6","25.36",",,,6","13.70",",,,6"
"USC00438905","1896-09","43.416667","-73.2","274.3","WELLS, VT US","","","12.4",",6","12",",6","9",",6","2",",6","","","0",",6","1",",6","0",",6","10",",6","0",",6","0.0",",6,23,","","","57.9",",,6,12,","29.4",",6,12,","181.2","6","137.1",",6","167.7",",,,6","","","14.18",",6","19.67",",,,6","8.68",",,,6"
"USC00438905","1896-10","43.416667","-73.2","274.3","WELLS, VT US","","","0.0",",6","17",",6","11",",6","1",",6","","","0",",6","7",",6","0",",6","0",",6","0",",6","-4.4",",6,26,","","","31.0",",,6,14,","18.9",",6,01,","531.5","6","350.3",",6","92.0",",,,6","","","7.03",",6","11.41",",,,6","2.65",",,,6"
"USC00438905","1896-11","43.416667","-73.2","274.3","WELLS, VT US","","","0.0",",6","12",",6","9",",6","1",",6","1",",6","0",",6","18",",6","6",",6","0",",6","0",",6","-11.7",",6,23,","25",",,6,21,","26.4",",,6,05,","18.9",",6,27,","960.5","6","429.0",",6","85.3",",,,6","25",",,,6","4.03",",6","8.82",",,,6","-0.75",",,,6"
"USC00438905","1896-12","43.416667","-73.2","274.3","WELLS, VT US","","","0.0",",6","2",",6","1",",6","1",",6","","","6",",6","31",",6","16",",6","0",",6","0",",6","-23.3",",6,28,+","","","29.0",",,6,09,","10.0",",6,08,+","1709.9","6","749.4",",6","30.5",",,,6","","","-5.84",",6","-1.43",",,,6","-10.25",",,,6"
"USC00438905","1897-01","43.416667","-73.2","274.3","WELLS, VT US","0.0","6","0.0","2,6","8",",6","7",",6","1",",6","6",",6","7","1,6","28","1,6","18","1,6","0","1,6","0","1,6","-26.1","1,6,13,","457",",,6,28,","41.9",",,6,28,","13.3","1,6,04,","2437.4","6","727.5","1,6","86.5",",,,6","685",",,,6","-6.84","2,6","-1.59","1,,,6","-12.09","1,,,6"
"USC00438905","1897-02","43.416667","-73.2","274.3","WELLS, VT US","0.0","6","0.0",",6","7",",6","4",",6","0",",6","5",",6","5",",6","27",",6","16",",6","0",",6","0",",6","-20.0",",6,27,","127",",,6,13,","12.4",",,6,23,","6.1",",6,07,","3108.3","6","670.9",",6","39.3",",,,6","253",",,,6","-5.63",",6","-0.76",",,,6","-10.50",",,,6"
"USC00438905","1897-03","43.416667","-73.2","274.3","WELLS, VT US","0.0","6","0.0",",6","11",",6","8",",6","0",",6","6",",6","2",",6","27",",6","6",",6","0",",6","0",",6","-23.3",",6,01,","76",",,6,14,","20.6",",,6,03,","13.3",",6,23,","3717.2","6","608.9",",6","98.5",",,,6","266",",,,6","-1.31",",6","3.71",",,,6","-6.33",",,,6"
"USC00438905","1897-04","43.416667","-73.2","274.3","WELLS, VT US","0.6","6","0.6",",6","14",",6","6",",6","0",",6","1",",6","0",",6","17",",6","0",",6","4",",6","0",",6","-11.1",",6,20,","25",",,6,28,","20.1",",,6,15,","26.7",",6,25,","4087.4","6","370.2",",6","81.2",",,,6","25",",,,6","6.01",",6","11.62",",,,6","0.40",",,,6"
"USC00438905","1897-05","43.416667","-73.2","274.3","WELLS, VT US","0.6","6","0.0",",6","14",",6","10",",6","1",",6","","","0",",6","2",",6","0",",6","11",",6","0",",6","-0.6",",6,08,","","","35.3",",,6,12,","24.4",",6,20,","4259.3","6","171.9",",6","142.2",",,,6","","","12.79",",6","18.81",",,,6","6.76",",,,6"
"USC00438905","1897-06","43.416667","-73.2","274.3","WELLS, VT US","13.4","6","12.8",",6","11",",6","8",",6","3",",6","","","0",",6","0",",6","0",",6","23",",6","0",",6","0.6",",6,02,","","","38.6",",,6,09,","28.9",",6,25,","4338.7","6","79.4",",6","133.6",",,,6","","","16.12",",6","22.36",",,,6","9.87",",,,6"
"USC00438905","1897-07","43.416667","-73.2","274.3","WELLS, VT US","127.3","6","113.9",",6","18",",6","14",",6","2",",6","","","0",",6","0",",6","0",",6","30",",6","4",",6","10.0",",6,27,","","","74.9",",,6,14,","32.8",",6,06,+","5.3","6","5.3",",6","255.8",",,,6","","","21.84",",6","27.39",",,,6","16.28",",,,6"
"USC00438905","1897-08","43.416667","-73.2","274.3","WELLS, VT US","152.6","6","25.3",",6","12",",6","9",",6","1",",6","","","0",",6","0",",6","0",",6","28",",6","0",",6","6.7",",6,23,+","","","47.8",",,6,16,","28.3",",6,15,+","39.2","6","33.9",",6","145.9",",,,6","","","18.05",",6","23.46",",,,6","12.65",",,,6"
"USC00438905","1897-09","43.416667","-73.2","274.3","WELLS, VT US","164.5","6","11.9","1,6","","","","","","","","","0","1,6","1","1,6","0","1,6","16","1,6","0","1,6","-2.2","1,6,29,","","","","","30.0","1,6,11,","166.8","6","127.6","1,6","","","","","14.34","1,6","20.55","1,,,6","8.14","1,,,6"
"USC00438905","1897-10","43.416667","-73.2","274.3","WELLS, VT US","168.4","6","3.9","1,6","6",",6","1",",6","1",",6","","","0","1,6","6","1,6","0","1,6","5","1,6","0","1,6","-6.7","1,6,29,","","","25.9",",,6,12,","26.7","1,6,16,","439.6","6","272.8","1,6","32.5",",,,6","","","9.37","1,6","15.35","1,,,6","3.39","1,,,6"
"USC00438905","1897-11","43.416667","-73.2","274.3","WELLS, VT US","168.4","6","0.0",",6","15",",6","11",",6","2",",6","5",",6","1",",6","22",",6","4",",6","0",",6","0",",6","-17.8",",6,24,","254",",,6,12,","51.3",",,6,02,","14.4",",6,27,+","955.3","6","515.7",",6","167.3",",,,6","432",",,,6","1.14",",6","5.93",",,,6","-3.64",",,,6"
"USC00438905","1897-12","43.416667","-73.2","274.3","WELLS, VT US","168.4","6","0.0","1,6","11","2,6","6","2,6","0","2,6","6",",6","4","1,6","28","1,6","15",",6","0",",6","0",",6","-21.1","1,6,25,","38",",,6,30,","24.9","2,,6,05,","13.3",",6,11,","1633.2","6","677.9",",6","84.5","2,,,6","176",",,,6","-4.23","1,6","0.32",",,,6","-8.79","1,,,6"
"USC00438905","1898-01","43.416667","-73.2","274.3","WELLS, VT US","0.0","6","0.0","1,6","11","1,6","10","1,6","1","1,6","8",",6","8",",6","31",",6","19","1,6","0","1,6","0","1,6","-27.8",",6,30,","305",",,6,01,","28.4","1,,6,01,","6.7","1,6,13,","2416.4","6","783.2","1,6","122.0","1,,,6","736",",,,6","-7.76","1,6","-2.59","1,,,6","-12.93",",,,6"
"USC00438905","1898-02","43.416667","-73.2","274.3","WELLS, VT US","0.0","6","0.0",",6","11",",6","9",",6","3",",6","8",",6","4",",6","25",",6","11",",6","0",",6","0",",6","-26.1",",6,02,","305",",,6,01,","32.5",",,6,20,","6.7",",6,10,+","3061.1","6","644.7",",6","133.3",",,,6","888",",,,6","-4.69",",6","-0.44",",,,6","-8.95",",,,6"
"USC00438905","1898-03","43.416667","-73.2","274.3","WELLS, VT US","0.0","6","0.0",",6","9",",6","4",",6","0",",6","0",",6","0",",6","22",",6","3",",6","0",",6","0",",6","-14.4",",6,01,","13",",,6,31,","7.9",",,6,29,","14.4",",6,13,","3566.6","6","505.5",",6","26.5",",,,6","13",",,,6","2.03",",6","6.51",",,,6","-2.45",",,,6"
"USC00438905","1898-04","43.416667","-73.2","274.3","WELLS, VT US","0.0","6","0.0",",6","9",",6","6",",6","0",",6","0",",6","0",",6","11",",6","3",",6","0",",6","0",",6","-12.2",",6,03,","0",",T,6,06,+","16.8",",,6,25,","17.8",",6,17,+","3984.9","6","418.3",",6","65.6",",,,6","0",",T,,6","4.39",",6","9.61",",,,6","-0.83",",,,6"
"USC00438905","1898-05","43.416667","-73.2","274.3","WELLS, VT US","1.1","6","1.1","1,6","18",",6","10",",6","0",",6","","","0","1,6","0","1,6","0",",6","10",",6","0",",6","1.7","1,6,09,+","","","12.2",",,6,12,","26.7",",6,28,","4142.2","6","157.3",",6","71.8",",,,6","","","13.08","1,6","18.55",",,,6","7.60","1,,,6"
"USC00438905","1898-06","43.416667","-73.2","274.3","WELLS, VT US","37.3","6","36.2",",6","11",",6","7",",6","1",",6","","","0",",6","0",",6","0",",6","29",",6","0",",6","3.3",",6,16,","","","41.9",",,6,29,","29.4",",6,09,","4175.5","6","33.3",",6","90.7",",,,6","","","18.43",",6","24.93",",,,6","11.92",",,,6"
"USC00438905","1898-07","43.416667","-73.2","274.3","WELLS, VT US","149.2","6","111.9",",6","10",",6","5",",6","0",",6","","","0",",6","0",",6","0",",6","30",",6","2",",6","4.4",",6,11,","","","13.2",",,6,27,+","33.3",",6,03,","17.8","6","17.8",",6","62.5",",,,6","","","21.37",",6","27.92",",,,6","14.81",",,,6"
"USC00438905","1898-08","43.416667","-73.2","274.3","WELLS, VT US","220.1","6","70.9",",6","14",",6","10",",6","4",",6","","","0",",6","0",",6","0",",6","28",",6","0",",6","6.1",",6,28,","","","41.4",",,6,19,","30.6",",6,04,","35.6","6","17.8",",6","195.6",",,,6","","","20.05",",6","25.40",",,,6","14.69",",,,6"
"USC00438905","1898-09","43.416667","-73.2","274.3","WELLS, VT US","252.8","6","32.7",",6","10",",6","10",",6","1",",6","","","0",",6","1",",6","0",",6","16",",6","0",",6","0.0",",6,21,","","","32.8",",,6,23,","30.0",",6,04,+","136.6","6","101.0",",6","131.1",",,,6","","","16.06",",6","21.39",",,,6","10.72",",,,6"
"USC00438905","1898-10","43.416667","-73.2","274.3","WELLS, VT US","260.0","6","7.2",",6","11",",6","10",",6","2",",6","","","0",",6","7",",6","0",",6","6",",6","0",",6","-4.4",",6,28,+","","","39.4",",,6,05,","25.6",",6,04,+","416.1","6","279.5",",6","116.4",",,,6","","","9.55",",6","14.49",",,,6","4.61",",,,6"
"USC00438905","1898-11","43.416667","-73.2","274.3","WELLS, VT US","260.0","6","0.0",",6","10",",6","6",",6","1",",6","2",",6","0",",6","23",",6","6",",6","0",",6","0",",6","-12.8",",6,27,+","152",",,6,25,","26.2",",,6,10,","14.4",",6,06,","922.2","6","506.1",",6","90.5",",,,6","267",",,,6","1.46",",6","5.47",",,,6","-2.55",",,,6"
"USC00438905","1898-12","43.416667","-73.2","274.3","WELLS, VT US","260.0","6","0.0",",6","6",",6","5",",6","0",",6","2",",6","3",",6","31",",6","14",",6","0",",6","0",",6","-23.9",",6,14,","76",",,6,13,","15.5",",,6,05,","11.1",",6,30,","1625.4","6","703.2",",6","45.5",",,,6","135",",,,6","-4.35",",6","0.11",",,,6","-8.81",",,,6"
"USC00438905","1899-01","43.416667","-73.2","274.3","WELLS, VT US","0.0","6","0.0",",6","9",",6","6",",6","0",",6","5",",6","10",",6","30",",6","19",",6","0",",6","0",",6","-28.9",",6,11,","102",",,6,07,","15.0",",,6,14,","11.1",",6,05,","2433.9","6","808.5",",6","46.9",",,,6","267",",,,6","-7.75",",6","-2.68",",,,6","-12.81",",,,6"
"USC00438905","1899-02","43.416667","-73.2","274.3","WELLS, VT US","0.0","6","0.0",",6","8",",6","5",",6","0",",6","5",",6","7",",6","26",",6","16",",6","0",",6","0",",6","-27.8",",6,11,","203",",,6,13,","20.3",",,6,13,","8.3",",6,22,","3169.3","6","735.4",",6","47.4",",,,6","444",",,,6","-7.93",",6","-3.39",",,,6","-12.48",",,,6"
"USC00438905","1899-03","43.416667","-73.2","274.3","WELLS, VT US","0.0","6","0.0",",6","13",",6","12",",6","1",",6","9",",6","0",",6","29",",6","12",",6","0",",6","0",",6","-17.2",",6,22,+","152",",,6,07,","26.2",",,6,05,","10.0",",6,13,+","3831.0","6","661.7",",6","142.9",",,,6","896",",,,6","-3.01",",6","1.96",",,,6","-7.99",",,,6"
"USC00438905","1899-04","43.416667","-73.2","274.3","WELLS, VT US","1.4","6","1.4",",6","4",",6","4",",6","1",",6","","","0",",6","17",",6","0",",6","3",",6","0",",6","-9.4",",6,06,","","","30.2",",,6,08,","26.7",",6,30,","4208.0","6","377.0",",6","42.6",",,,6","","","5.82",",6","11.59",",,,6","0.04",",,,6"
"USC00438905","1899-05","43.416667","-73.2","274.3","WELLS, VT US","6.4","6","5.0",",6","11",",6","9",",6","0",",6","","","0",",6","2",",6","0",",6","15",",6","0",",6","-1.1",",6,14,","","","8.9",",,6,01,","27.8",",6,01,","4368.1","6","160.1",",6","46.8",",,,6","","","13.33",",6","19.58",",,,6","7.08",",,,6"
"USC00438905","1899-06","43.416667","-73.2","274.3","WELLS, VT US","66.7","6","60.3",",6","7",",6","6",",6","0",",6","","","0",",6","0",",6","0",",6","29",",6","3",",6","6.7",",6,11,","","","22.4",",,6,06,","33.3",",6,07,+","4394.7","6","26.6",",6","56.6",",,,6","","","19.46",",6","26.11",",,,6","12.80",",,,6"
"USC00438905","1899-07","43.416667","-73.2","274.3","WELLS, VT US","159.7","6","93.0",",6","","","","","","","","","0",",6","0",",6","0",",6","30",",6","2",",6","5.0",",6,20,","","","","","33.3",",6,04,","8.1","6","8.1",",6","","","","","21.07",",6","27.53",",,,6","14.62",",,,6"
"USC00438905","1899-08","43.416667","-73.2","274.3","WELLS, VT US","235.9","6","76.2",",6","6",",6","3",",6","0",",6","","","0",",6","0",",6","0",",6","29",",6","2",",6","5.6",",6,09,","","","8.6",",,6,05,","33.3",",6,21,","29.8","6","21.7",",6","18.1",",,,6","","","20.09",",6","26.69",",,,6","13.50",",,,6"
"USC00438905","1899-09","43.416667","-73.2","274.3","WELLS, VT US","242.5","6","6.6",",6","8",",6","7",",6","1",",6","","","0",",6","1",",6","0",",6","15",",6","0",",6","0.0",",6,23,","","","65.5",",,6,26,","26.7",",6,19,","154.7","6","124.9",",6","142.5",",,,6","","","14.39",",6","20.16",",,,6","8.62",",,,6"
"USC00438905","1899-10","43.416667","-73.2","274.3","WELLS, VT US","242.5","6","0.0",",6","8",",6","6",",6","0",",6","","","0",",6","5",",6","0",",6","6",",6","0",",6","-5.6",",6,22,","","","16.0",",,6,29,","22.8",",6,14,","414.9","6","260.2",",6","45.2",",,,6","","","9.94",",6","14.39",",,,6","5.49",",,,6"
"USC00438905","1899-11","43.416667","-73.2","274.3","WELLS, VT US","242.5","6","0.0",",6","6",",6","4",",6","0",",6","1",",6","0",",6","23",",6","2",",6","0",",6","0",",6","-12.2",",6,13,","51",",,6,12,","14.2",",,6,01,","10.0",",6,19,+","924.6","6","509.7",",6","42.7",",,,6","51",",,,6","1.34",",6","4.98",",,,6","-2.29",",,,6"
"USC00438905","1899-12","43.416667","-73.2","274.3","WELLS, VT US","242.5","6","0.0",",6","7",",6","6",",6","0",",6","3",",6","1",",6","26",",6","12",",6","0",",6","0",",6","-20.0",",6,31,","152",",,6,04,","22.9",",,6,04,","15.6",",6,12,","1560.0","6","635.4",",6","75.7",",,,6","215",",,,6","-2.16",",6","2.21",",,,6","-6.54",",,,6"
"USC00438905","1900-01","43.416667","-73.2","274.3","WELLS, VT US","0.0","6","0.0","1,6","12",",6","10",",6","0",",6","9",",6","8","1,6","30","1,6","12","1,6","0","1,6","0","1,6","-19.4","1,6,26,","254",",,6,28,","15.7",",,6,28,","10.0","1,6,19,","2313.9","6","753.9","1,6","88.5",",,,6","902",",,,6","-6.80","1,6","-0.58","1,,,6","-13.02","1,,,6"
"USC00438905","1900-02","43.416667","-73.2","274.3","WELLS, VT US","0.0","6","0.0","3,6","10",",6","8",",6","1",",6","5",",6","5","2,6","26","2,6","14","1,6","0","1,6","0","1,6","-26.1","2,6,02,","178",",,6,25,","45.0",",,6,13,","12.8","1,6,13,","2926.8","6","612.9","1,6","120.6",",,,6","317",",,,6","-6.47","3,6","-0.94","1,,,6","-12.00","2,,,6"
"USC00438905","1900-03","43.416667","-73.2","274.3","WELLS, VT US","0.0","6","0.0",",6","7",",6","7",",6","1",",6","5",",6","6",",6","31",",6","14",",6","0",",6","0",",6","-22.2",",6,18,+","254",",,6,01,","35.6",",,6,01,","7.8",",6,20,+","3664.9","6","738.1",",6","94.0",",,,6","584",",,,6","-5.48",",6","0.17",",,,6","-11.13",",,,6"
"USC00438905","1900-04","43.416667","-73.2","274.3","WELLS, VT US","0.0","6","0.0",",6","7",",6","6",",6","0",",6","0",",6","0",",6","19",",6","1",",6","4",",6","0",",6","-7.8",",6,10,+","13",",,6,10,","5.6",",,6,18,","22.2",",6,29,","4035.9","6","371.0",",6","24.3",",,,6","13",",,,6","5.97",",6","10.58",",,,6","1.35",",,,6"
"USC00438905","1900-05","43.416667","-73.2","274.3","WELLS, VT US","6.4","6","6.4",",6","11",",6","6",",6","1",",6","0",",6","0",",6","7",",6","0",",6","14",",6","0",",6","-3.9",",6,11,","13",",,6,05,","26.7",",,6,19,","30.6",",6,31,","4253.3","6","217.4",",6","63.7",",,,6","13",",,,6","11.53",",6","18.35",",,,6","4.70",",,,6"
"USC00438905","1900-06","43.416667","-73.2","274.3","WELLS, VT US","49.6","6","43.2",",6","8",",6","8",",6","1",",6","","","0",",6","0",",6","0",",6","28",",6","0",",6","7.8",",6,30,+","","","26.4",",,6,03,","31.1",",6,27,","4274.4","6","21.1",",6","87.3",",,,6","","","19.07",",6","25.77",",,,6","12.37",",,,6"
"USC00438905","1900-07","43.416667","-73.2","274.3","WELLS, VT US","140.9","6","91.3",",6","9",",6","6",",6","1",",6","","","0",",6","0",",6","0",",6","30",",6","3",",6","8.9",",6,28,+","","","28.4",",,6,25,","34.4",",6,17,","8.5","6","8.5",",6","84.9",",,,6","","","21.00",",6","27.24",",,,6","14.77",",,,6"
"USC00438905","1900-08","43.416667","-73.2","274.3","WELLS, VT US","216.2","6","75.3",",6","14",",6","10",",6","1",",6","","","0",",6","0",",6","0",",6","28",",6","3",",6","7.2",",6,04,","","","27.7",",,6,13,","32.8",",6,06,","33.0","6","24.5",",6","99.6",",,,6","","","19.97",",6","25.49",",,,6","14.45",",,,6"
"USC00438905","1900-09","43.416667","-73.2","274.3","WELLS, VT US","236.3","6","20.1","1,6","11",",6","7",",6","1",",6","","","0","1,6","0","1,6","0","1,6","17","1,6","0","1,6","0.6","1,6,19,","","","27.9",",,6,21,","28.9","1,6,03,","110.8","6","77.8","1,6","65.4",",,,6","","","16.34","1,6","21.73","1,,,6","10.96","1,,,6"
"USC00438905","1900-10","43.416667","-73.2","274.3","WELLS, VT US","239.4","6","3.1",",6","7",",6","7",",6","1",",6","","","0",",6","3",",6","0",",6","7",",6","0",",6","-6.7",",6,20,","","","26.2",",,6,11,","25.6",",6,06,","321.2","6","210.4",",6","68.2",",,,6","","","11.65",",6","16.16",",,,6","7.13",",,,6"
"USC00438905","1900-11","43.416667","-73.2","274.3","WELLS, VT US","239.4","6","0.0","2,6","11",",6","8",",6","2",",6","4",",6","0","1,6","22","1,6","4","1,6","0","1,6","0","1,6","-11.1","1,6,29,+","127",",,6,25,","52.8",",,6,09,","18.9","1,6,21,","772.9","6","451.7","1,6","135.6",",,,6","279",",,,6","2.30","2,6","6.23","1,,,6","-1.63","1,,,6"
"USC00438905","1900-12","43.416667","-73.2","274.3","WELLS, VT US","239.4","6","0.0",",6","6",",6","3",",6","1",",6","3",",6","5",",6","30",",6","15",",6","0",",6","0",",6","-23.3",",6,10,","152",",,6,05,","29.2",",,6,05,","6.7",",6,24,","1500.3","6","727.4",",6","49.2",",,,6","222",",,,6","-5.13",",6","-1.04",",,,6","-9.23",",,,6"
"USC00438905","1901-01","43.416667","-73.2","274.3","WELLS, VT US","0.0","6","0.0","1,6","8",",6","4",",6","0",",6","6",",6","7",",6","31",",6","24","1,6","0","1,6","0","1,6","-26.7",",6,20,","102",",,6,31,","8.4",",,6,10,","6.7","1,6,16,","2268.4","6","768.1","1,6","33.5",",,,6","329",",,,6","-7.45","1,6","-2.30","1,,,6","-12.60",",,,6"
"USC00438905","1901-02","43.416667","-73.2","274.3","WELLS, VT US","0.0","6","0.0","1,6","5",",6","3",",6","0",",6","5",",6","12",",6","28",",6","25","1,6","0","1,6","0","1,6","-23.3",",6,07,","152",",,6,04,","10.9",",,6,04,","1.1","1,6,26,+","3043.7","6","775.3","1,6","23.8",",,,6","355",",,,6","-10.49","1,6","-5.76","1,,,6","-15.22",",,,6"
"USC00438905","1901-03","43.416667","-73.2","274.3","WELLS, VT US","0.0","6","0.0",",6","14",",6","10",",6","2",",6","5",",6","3",",6","27",",6","9",",6","0",",6","0",",6","-20.0",",6,06,+","152",",,6,28,","37.1",",,6,11,","11.7",",6,25,","3696.5","6","652.8",",6","122.6",",,,6","445",",,,6","-2.73",",6","2.11",",,,6","-7.56",",,,6"
"USC00438905","1901-04","43.416667","-73.2","274.3","WELLS, VT US","0.0","6","0.0",",6","13",",6","10",",6","0",",6","2",",6","0",",6","13",",6","0",",6","2",",6","0",",6","-4.4",",6,12,+","76",",,6,08,","16.5",",,6,07,","23.3",",6,29,","4061.3","6","364.8",",6","73.4",",,,6","101",",,,6","6.17",",6","10.65",",,,6","1.69",",,,6"
"USC00438905","1901-05","43.416667","-73.2","274.3","WELLS, VT US","1.6","6","1.6","2,6","16",",6","12",",6","0",",6","","","0","2,6","2","2,6","0",",6","10",",6","0",",6","-0.6","2,6,04,","","","22.6",",,6,18,","26.7",",6,22,","4235.5","6","174.2",",6","79.9",",,,6","","","12.37","2,6","17.66",",,,6","7.07","2,,,6"
"USC00438905","1901-06","43.416667","-73.2","274.3","WELLS, VT US","70.2","6","68.6",",6","9",",6","5",",6","0",",6","","","0",",6","0",",6","0",",6","26",",6","3",",6","5.6",",6,17,+","","","24.9",",,6,07,","34.4",",6,28,","4278.1","6","42.6",",6","61.3",",,,6","","","19.20",",6","25.75",",,,6","12.65",",,,6"
"USC00438905","1901-07","43.416667","-73.2","274.3","WELLS, VT US","180.8","6","110.6","1,6","","","","","","","","","0","1,6","0","1,6","0",",6","31",",6","4",",6","11.1","1,6,27,+","","","","","35.0",",6,02,","2.3","6","2.3",",6","","","","","21.97","1,6","27.75",",,,6","16.19","1,,,6"
"USC00438905","1901-08","43.416667","-73.2","274.3","WELLS, VT US","236.6","6","55.8",",6","10",",6","9",",6","1",",6","","","0",",6","0",",6","0",",6","31",",6","0",",6","10.0",",6,09,","","","27.7",",,6,07,","28.9",",6,23,","7.9","6","5.6",",6","99.2",",,,6","","","19.95",",6","25.07",",,,6","14.83",",,,6"
"USC00438905","1901-09","43.416667","-73.2","274.3","WELLS, VT US","252.8","6","16.2","1,6","10",",6","8",",6","0",",6","","","0",",6","1",",6","0","1,6","16","1,6","0","1,6","0.0",",6,26,","","","11.4",",,6,29,","27.8","1,6,07,+","94.1","6","86.2","1,6","63.2",",,,6","","","15.98","1,6","21.19","1,,,6","10.77",",,,6"
"USC00438905","1901-10","43.416667","-73.2","274.3","WELLS, VT US","252.8","6","0.0",",6","6",",6","4",",6","0",",6","","","0",",6","11",",6","0",",6","3",",6","0",",6","-3.9",",6,20,","","","24.6",",,6,14,","22.2",",6,12,","395.5","6","301.4",",6","49.0",",,,6","","","8.61",",6","14.25",",,,6","2.97",",,,6"
"USC00438905","1901-11","43.416667","-73.2","274.3","WELLS, VT US","252.8","6","0.0","3,6","6",",6","5",",6","1",",6","2",",6","0","1,6","27","1,6","8","2,6","0","2,6","0","2,6","-15.6","1,6,29,","152",",,6,14,","32.5",",,6,12,","13.3","2,6,01,","927.7","6","532.2","2,6","51.2",",,,6","216",",,,6","-1.50","3,6","2.16","2,,,6","-5.15","1,,,6"
"USC00438905","1901-12","43.416667","-73.2","274.3","WELLS, VT US","252.8","6","0.0",",6","9",",6","8",",6","0",",6","5",",6","6",",6","30",",6","16",",6","0",",6","0",",6","-20.6",",6,06,","178",",,6,27,+","23.4",",,6,15,","15.6",",6,15,+","1647.2","6","719.5",",6","108.9",",,,6","571",",,,6","-4.88",",6","-0.56",",,,6","-9.19",",,,6"
"USC00438905","1902-01","43.416667","-73.2","274.3","WELLS, VT US","0.0","6","0.0",",6","5",",6","5",",6","0",",6","3",",6","10",",6","31",",6","27",",6","0",",6","0",",6","-25.6",",6,01,","254",",,6,12,","16.5",",,6,12,","8.9",",6,22,","2469.4","6","822.2",",6","35.3",",,,6","420",",,,6","-8.19",",6","-2.94",",,,6","-13.44",",,,6"
"USC00438905","1902-02","43.416667","-73.2","274.3","WELLS, VT US","0.0","6","0.0","1,6","6",",6","4",",6","0",",6","4",",6","4","1,6","25","1,6","22",",6","0",",6","0",",6","-20.0","1,6,06,","152",",,6,03,","16.5",",,6,03,","10.0",",6,28,","3148.2","6","678.8",",6","39.4",",,,6","329",",,,6","-6.73","1,6","-2.02",",,,6","-11.44","1,,,6"
"USC00438905","1902-03","43.416667","-73.2","274.3","WELLS, VT US","0.0","6","0.0","2,6","14",",6","8",",6","0",",6","2",",6","0",",6","25",",6","3","2,6","0","2,6","0","2,6","-11.1",",6,06,","229",",,6,06,","19.8",",,6,01,","15.0","2,6,30,","3622.5","6","474.3","2,6","91.4",",,,6","254",",,,6","1.84","2,6","6.76","2,,,6","-3.08",",,,6"
"USC00438905","1902-04","43.416667","-73.2","274.3","WELLS, VT US","1.7","6","1.7","1,6","8",",6","7",",6","0",",6","","","0",",6","11",",6","0","1,6","3","1,6","0","1,6","-3.3",",6,15,+","","","17.8",",,6,30,","25.6","1,6,23,","3952.6","6","330.1","1,6","61.0",",,,6","","","6.92","1,6","11.82","1,,,6","2.01",",,,6"
"USC00438905","1902-05","43.416667","-73.2","274.3","WELLS, VT US","8.4","6","6.7","1,6","10",",6","8",",6","1",",6","","","0",",6","4",",6","0","1,6","7","1,6","0","1,6","-4.4",",6,10,","","","26.9",",,6,24,","28.9","1,6,23,","4160.6","6","208.0","1,6","88.5",",,,6","","","11.63","1,6","17.67","1,,,6","5.59",",,,6"
"USC00438905","1902-06","43.416667","-73.2","274.3","WELLS, VT US","21.2","6","12.8",",6","14",",6","12",",6","0",",6","","","0",",6","0",",6","0",",6","16",",6","0",",6","2.2",",6,09,","","","16.8",",,6,16,","28.9",",6,03,","4260.0","6","99.4",",6","103.8",",,,6","","","15.45",",6","21.26",",,,6","9.63",",,,6"
"USC00438905","1902-07","43.416667","-73.2","274.3","WELLS, VT US","55.7","6","34.5","1,6","13",",6","13",",6","2",",6","","","0","1,6","0","1,6","0","1,6","24","1,6","0","1,6","8.9","1,6,17,+","","","54.1",",,6,15,","30.0","1,6,14,+","25.2","6","25.2","1,6","191.4",",,,6","","","18.65","1,6","23.78","1,,,6","13.51","1,,,6"
"USC00438905","1902-08","43.416667","-73.2","274.3","WELLS, VT US","78.6","6","22.9",",6","12",",6","7",",6","0",",6","","","0",",6","0",",6","0",",6","20",",6","0",",6","5.6",",6,13,","","","19.1",",,6,11,","26.7",",6,31,+","75.5","6","50.3",",6","76.2",",,,6","","","17.45",",6","22.71",",,,6","12.19",",,,6"
"USC00438905","1902-09","43.416667","-73.2","274.3","WELLS, VT US","87.5","6","8.9","2,6","12",",6","10",",6","0",",6","","","0","2,6","0","2,6","0","2,6","14","2,6","0","2,6","2.2","2,6,15,","","","13.5",",,6,29,","28.9","2,6,01,","166.7","6","91.2","2,6","88.0",",,,6","","","15.39","2,6","20.59","2,,,6","10.19","2,,,6"
"USC00438905","1902-10","43.416667","-73.2","274.3","WELLS, VT US","87.5","6","0.0",",6","11",",6","7",",6","2",",6","","","0",",6","10",",6","0",",6","0",",6","0",",6","-5.6",",6,30,+","","","55.9",",,6,28,","20.0",",6,01,","496.2","6","329.5",",6","134.8",",,,6","","","7.70",",6","12.74",",,,6","2.66",",,,6"
"USC00438905","1902-11","43.416667","-73.2","274.3","WELLS, VT US","87.5","6","0.0",",6","9",",6","5",",6","0",",6","0",",6","0",",6","20",",6","1",",6","0",",6","0",",6","-9.4",",6,29,","13",",,6,28,+","7.4",",,6,26,","16.7",",6,15,+","937.8","6","441.6",",6","26.2",",,,6","26",",,,6","3.61",",6","7.89",",,,6","-0.66",",,,6"
"USC00438905","1902-12","43.416667","-73.2","274.3","WELLS, VT US","87.5","6","0.0",",6","12",",6","8",",6","0",",6","7",",6","7",",6","31",",6","19",",6","0",",6","0",",6","-31.7",",6,09,","178",",,6,05,","23.9",",,6,16,","7.8",",6,16,","1726.3","6","788.5",",6","96.4",",,,6","418",",,,6","-7.10",",6","-2.25",",,,6","-11.95",",,,6"
"USC00438905","1903-01","43.416667","-73.2","274.3","WELLS, VT US","0.0","6","0.0",",6","7",",6","6",",6","0",",6","3",",6","6",",6","30",",6","20",",6","0",",6","0",",6","-27.8",",6,20,+","102",",,6,11,","19.8",",,6,30,","6.7",",6,30,","2523.2","6","796.9",",6","68.6",",,,6","178",",,,6","-7.37",",6","-2.71",",,,6","-12.04",",,,6"
"USC00438905","1903-02","43.416667","-73.2","274.3","WELLS, VT US","0.0","6","0.0","1,6","8",",6","8",",6","0",",6","4",",6","3","1,6","25","1,6","14","1,6","0","1,6","0","1,6","-24.4","1,6,18,","102",",,6,17,+","19.6",",,6,27,","14.4","1,6,27,","3139.2","6","616.0","1,6","79.6",",,,6","357",",,,6","-4.48","1,6","-0.15","1,,,6","-8.81","1,,,6"
"USC00438905","1903-03","43.416667","-73.2","274.3","WELLS, VT US","0.0","6","0.0",",6","13",",6","11",",6","2",",6","2",",6","0",",6","16",",6","1",",6","0",",6","0",",6","-11.1",",6,02,","51",",,6,28,","30.0",",,6,23,","20.0",",6,20,","3593.1","6","453.9",",6","164.0",",,,6","76",",,,6","3.69",",6","7.89",",,,6","-0.51",",,,6"
"USC00438905","1903-04","43.416667","-73.2","274.3","WELLS, VT US","0.0","6","0.0",",6","7",",6","4",",6","0",",6","1",",6","0",",6","19",",6","1",",6","2",",6","0",",6","-11.1",",6,05,","25",",,6,04,","8.9",",,6,04,","25.6",",6,30,","3984.7","6","391.6",",6","23.1",",,,6","25",",,,6","5.28",",6","10.82",",,,6","-0.26",",,,6"
"USC00438905","1903-05","43.416667","-73.2","274.3","WELLS, VT US","17.8","6","17.8",",6","3",",6","2",",6","0",",6","","","0",",6","2",",6","0",",6","17",",6","0",",6","-3.9",",6,02,","","","5.1",",,6,28,","30.0",",6,20,+","4124.9","6","140.2",",6","11.0",",,,6","","","14.38",",6","21.31",",,,6","7.46",",,,6"
"USC00438905","1903-06","43.416667","-73.2","274.3","WELLS, VT US","26.3","6","8.5",",6","16",",6","12",",6","1",",6","","","0",",6","0",",6","0",",6","18",",6","0",",6","4.4",",6,01,","","","30.0",",,6,12,","30.0",",6,10,","4197.7","6","72.8",",6","119.0",",,,6","","","16.19",",6","22.04",",,,6","10.34",",,,6"
"USC00438905","1903-07","43.416667","-73.2","274.3","WELLS, VT US","85.2","6","58.9",",6","","","","","","","","","0",",6","0",",6","0",",6","30",",6","1",",6","4.4",",6,28,","","","","","32.2",",6,09,","17.9","6","17.9",",6","","","","","19.66",",6","25.82",",,,6","13.49",",,,6"
"USC00438905","1903-08","43.416667","-73.2","274.3","WELLS, VT US","89.6","6","4.4",",6","10",",6","9",",6","3",",6","","","0",",6","0",",6","0",",6","21",",6","0",",6","4.4",",6,08,","","","48.3",",,6,11,","24.4",",6,22,+","95.3","6","77.4",",6","150.6",",,,6","","","15.98",",6","21.33",",,,6","10.63",",,,6"
"USC00438905","1903-09","43.416667","-73.2","274.3","WELLS, VT US","111.4","6","21.8",",6","4",",6","4",",6","0",",6","","","0",",6","0",",6","0",",6","18",",6","0",",6","1.1",",6,25,","","","21.8",",,6,17,","27.8",",6,16,+","212.1","6","116.8",",6","52.7",",,,6","","","15.17",",6","20.87",",,,6","9.46",",,,6"
"USC00438905","1903-10","43.416667","-73.2","274.3","WELLS, VT US","111.4","6","0.0",",6","8",",6","6",",6","2",",6","","","0",",6","8",",6","0",",6","0",",6","0",",6","-7.8",",6,28,","","","27.7",",,6,09,","18.9",",6,08,+","515.5","6","303.4",",6","97.1",",,,6","","","8.55",",6","13.26",",,,6","3.83",",,,6"
"USC00438905","1903-11","43.416667","-73.2","274.3","WELLS, VT US","111.4","6","0.0",",6","6",",6","6",",6","0",",6","1",",6","0",",6","21",",6","10",",6","0",",6","0",",6","-14.4",",6,26,","25",",,6,24,","15.5",",,6,17,","15.6",",6,04,+","1078.2","6","562.7",",6","46.9",",,,6","25",",,,6","-0.42",",6","3.56",",,,6","-4.40",",,,6"
"USC00438905","1903-12","43.416667","-73.2","274.3","WELLS, VT US","111.4","6","0.0",",6","9",",6","5",",6","0",",6","4",",6","8",",6","31",",6","26",",6","0",",6","0",",6","-22.2",",6,27,","203",",,6,10,","19.3",",,6,10,","7.8",",6,20,","1880.5","6","802.3",",6","67.4",",,,6","317",",,,6","-7.55",",6","-3.28",",,,6","-11.82",",,,6"
"USC00438905","1904-01","43.416667","-73.2","274.3","WELLS, VT US","0.0","6","0.0","2,6","7",",6","7",",6","0",",6","6",",6","14","1,6","29","1,6","27","1,6","0","1,6","0","1,6","-29.4","1,6,19,+","203",",,6,02,","15.7",",,6,23,","7.8","1,6,23,","2763.5","6","883.0","1,6","60.4",",,,6","558",",,,6","-11.99","2,6","-6.72","1,,,6","-17.26","1,,,6"
"USC00438905","1904-02","43.416667","-73.2","274.3","WELLS, VT US","0.0","6","0.0",",6","9",",6","8",",6","0",",6","6",",6","15",",6","28",",6","23",",6","0",",6","0",",6","-27.8",",6,02,","102",",,6,06,+","16.5",",,6,22,","7.2",",6,07,","3617.5","6","854.0",",6","53.5",",,,6","407",",,,6","-11.11",",6","-5.70",",,,6","-16.53",",,,6"
"USC00438905","1904-03","43.416667","-73.2","274.3","WELLS, VT US","0.0","6","0.0",",6","9",",6","7",",6","0",",6","","","2",",6","28",",6","13",",6","0",",6","0",",6","-17.8",",6,05,+","","","11.2",",,6,03,","13.3",",6,26,","4266.8","6","649.3",",6","45.5",",,,6","","","-2.61",",6","2.04",",,,6","-7.27",",,,6"
"USC00438905","1904-04","43.416667","-73.2","274.3","WELLS, VT US","0.0","6","0.0",",6","9",",6","9",",6","0",",6","2",",6","0",",6","18",",6","1",",6","0",",6","0",",6","-8.9",",6,04,","203",",,6,16,","19.8",",,6,28,","17.8",",6,24,","4702.3","6","435.5",",6","88.2",",,,6","305",",,,6","3.82",",6","8.45",",,,6","-0.82",",,,6"
"USC00438905","1904-05","43.416667","-73.2","274.3","WELLS, VT US","3.9","6","3.9",",6","11",",6","7",",6","1",",6","","","0",",6","0",",6","0",",6","16",",6","0",",6","2.2",",6,17,+","","","45.7",",,6,16,","26.7",",6,25,+","4815.6","6","113.3",",6","95.6",",,,6","","","14.80",",6","20.86",",,,6","8.75",",,,6"
"USC00438905","1904-06","43.416667","-73.2","274.3","WELLS, VT US","35.1","6","31.2",",6","9",",6","6",",6","1",",6","","","0",",6","0",",6","0",",6","28",",6","1",",6","3.9",",6,10,","","","25.4",",,6,08,","32.2",",6,26,","4851.7","6","36.1",",6","73.2",",,,6","","","18.17",",6","25.11",",,,6","11.22",",,,6"
"USC00438905","1904-07","43.416667","-73.2","274.3","WELLS, VT US","93.1","6","58.0",",6","11",",6","8",",6","1",",6","","","0",",6","0",",6","0",",6","29",",6","1",",6","7.8",",6,30,+","","","27.2",",,6,28,","32.2",",6,19,","16.2","6","16.2",",6","125.0",",,,6","","","19.68",",6","25.65",",,,6","13.71",",,,6"
"USC00438905","1904-08","43.416667","-73.2","274.3","WELLS, VT US","124.3","6","31.2",",6","12",",6","6",",6","1",",6","","","0",",6","0",",6","0",",6","29",",6","0",",6","4.4",",6,27,","","","35.1",",,6,20,","30.0",",6,01,","56.3","6","40.1",",6","88.5",",,,6","","","18.05",",6","23.83",",,,6","12.26",",,,6"
"USC00438905","1904-09","43.416667","-73.2","274.3","WELLS, VT US","126.5","6","2.2","2,6","12",",6","11",",6","1",",6","","","0",",6","2",",6","0","2,6","11","2,6","0","2,6","-3.3",",6,23,+","","","41.7",",,6,15,","28.3","2,6,03,","178.0","6","121.7","2,6","154.9",",,,6","","","13.66","2,6","19.17","2,,,6","8.15",",,,6"
"USC00438905","1904-10","43.416667","-73.2","274.3","WELLS, VT US","126.5","6","0.0",",6","10",",6","7",",6","1",",6","","","0",",6","14",",6","0",",6","0",",6","0",",6","-8.9",",6,31,","","","38.4",",,6,21,","20.0",",6,20,","548.5","6","370.5",",6","85.9",",,,6","","","6.38",",6","11.35",",,,6","1.41",",,,6"
"USC00438905","1904-11","43.416667","-73.2","274.3","WELLS, VT US","126.5","6","0.0","1,6","4",",6","1",",6","0",",6","4",",6","1",",6","28",",6","7","1,6","0","1,6","0","1,6","-17.8",",6,29,","305",",,6,14,","24.4",",,6,14,","10.0","1,6,03,","1129.2","6","580.7","1,6","29.2",",,,6","380",",,,6","-1.85","1,6","2.89","1,,,6","-6.58",",,,6"
"USC00438905","1904-12","43.416667","-73.2","274.3","WELLS, VT US","126.5","6","0.0","2,6","11","1,6","3","1,6","0","1,6","8",",6","9","1,6","30","1,6","25","1,6","0","1,6","0","1,6","-22.8","1,6,11,","51",",,6,19,","20.8","1,,6,27,","4.4","1,6,28,+","1944.7","6","815.5","1,6","49.0","1,,,6","291",",,,6","-9.71","2,6","-5.10","1,,,6","-14.32","1,,,6"
"USC00438905","1905-01","43.416667","-73.2","274.3","WELLS, VT US","0.0","6","0.0","4,6","7","1,6","6","1,6","0","1,6","5",",6","14","1,6","30","1,6","19","4,6","0","4,6","0","4,6","-24.4","1,6,05,","102",",,6,22,","15.2","1,,6,12,","8.9","4,6,07,","2699.2","6","754.5","4,6","44.1","1,,,6","331",",,,6","-9.71","4,6","-4.99","4,,,6","-14.44","1,,,6"
"USC00438905","1905-02","43.416667","-73.2","274.3","WELLS, VT US","0.0","6","0.0","3,6","","","","","","","6",",6","10","2,6","26","2,6","27","1,6","0","1,6","0","1,6","-24.4","2,6,16,","152",",,6,06,","","","0.0","1,6,26,+","3427.1","6","727.9","1,6","","","469",",,,6","-11.06","3,6","-6.13","1,,,6","-15.99","2,,,6"
"USC00438905","1905-03","43.416667","-73.2","274.3","WELLS, VT US","0.0","6","0.0",",6","10",",6","8",",6","0",",6","5",",6","4",",6","27",",6","13",",6","0",",6","0",",6","-20.0",",6,05,","102",",,6,20,","20.3",",,6,25,","18.9",",6,29,","4082.8","6","655.7",",6","66.5",",,,6","280",",,,6","-2.82",",6","2.28",",,,6","-7.92",",,,6"
"USC00438905","1905-04","43.416667","-73.2","274.3","WELLS, VT US","0.0","6","0.0",",6","10",",6","7",",6","0",",6","","","0",",6","18",",6","0",",6","0",",6","0",",6","-7.8",",6,03,+","","","18.0",",,6,06,","18.9",",6,27,+","4495.3","6","412.5",",6","63.6",",,,6","","","4.58",",6","9.68",",,,6","-0.52",",,,6"
"USC00438905","1905-05","43.416667","-73.2","274.3","WELLS, VT US","0.6","6","0.6","2,6","10",",6","8",",6","0",",6","","","0","1,6","1","1,6","0","2,6","11","2,6","0","2,6","0.0","1,6,24,","","","14.5",",,6,15,","25.6","2,6,16,","4656.0","6","160.7","2,6","58.4",",,,6","","","12.74","2,6","19.10","2,,,6","6.38","1,,,6"
"USC00438905","1905-06","43.416667","-73.2","274.3","WELLS, VT US","22.3","6","21.7",",6","15",",6","12",",6","4",",6","","","0",",6","0",",6","0",",6","23",",6","0",",6","3.3",",6,08,","","","44.5",",,6,19,","30.6",",6,25,","4728.3","6","72.3",",6","172.1",",,,6","","","16.65",",6","22.81",",,,6","10.49",",,,6"
"USC00438905","1905-07","43.416667","-73.2","274.3","WELLS, VT US","99.3","6","77.0",",6","11",",6","9",",6","1",",6","","","0",",6","0",",6","0",",6","30",",6","0",",6","8.9",",6,22,+","","","50.0",",,6,30,","31.1",",6,18,+","13.4","6","13.4",",6","129.3",",,,6","","","20.38",",6","26.01",",,,6","14.76",",,,6"
"USC00438905","1905-08","43.416667","-73.2","274.3","WELLS, VT US","129.4","6","30.1",",6","10",",6","6",",6","1",",6","","","0",",6","0",",6","0",",6","23",",6","0",",6","5.6",",6,28,+","","","38.9",",,6,15,","28.9",",6,10,","72.0","6","58.6",",6","70.9",",,,6","","","17.41",",6","23.05",",,,6","11.78",",,,6"
"USC00438905","1905-09","43.416667","-73.2","274.3","WELLS, VT US","132.1","6","2.7","1,6","9",",6","8",",6","3",",6","","","0","1,6","0","1,6","0",",6","13",",6","0",",6","1.1","1,6,27,+","","","42.9",",,6,18,","24.4",",6,19,","201.5","6","129.5",",6","149.7",",,,6","","","14.03","1,6","19.41",",,,6","8.64","1,,,6"
"USC00438905","1905-10","43.416667","-73.2","274.3","WELLS, VT US","132.1","6","0.0","1,6","5",",6","4",",6","0",",6","","","0","1,6","11","1,6","0",",6","6",",6","0",",6","-6.7","1,6,30,+","","","14.7",",,6,12,","23.9",",6,01,","499.7","6","298.2",",6","40.6",",,,6","","","8.51","1,6","14.25",",,,6","2.77","1,,,6"
"USC00438905","1905-11","43.416667","-73.2","274.3","WELLS, VT US","","","","","7",",6","6",",6","1",",6","1",",6","0","4,6","25","4,6","4","5,6","0","5,6","0","5,6","-15.6","4,6,14,","51",",,6,13,","26.4",",,6,29,","12.8","5,6,24,","","","","","53.6",",,,6","51",",,,6","-0.03","6,6","4.65","5,,,6","-4.70","4,,,6"
"USC00438905","1905-12","43.416667","-73.2","274.3","WELLS, VT US","","","0.0","3,6","10",",6","7",",6","1",",6","4",",6","2","1,6","30","1,6","13","2,6","0","2,6","0","2,6","-20.6","1,6,15,","51",",,6,12,+","29.7",",,6,03,","11.1","2,6,29,","","","636.4","2,6","61.9",",,,6","165",",,,6","-4.10","3,6","0.32","2,,,6","-8.51","1,,,6"
"USC00438905","1906-01","43.416667","-73.2","274.3","WELLS, VT US","0.0","6","0.0","1,6","10",",6","7",",6","0",",6","6",",6","4","1,6","29","1,6","12",",6","0",",6","0",",6","-21.1","1,6,10,","51",",,6,04,","23.4",",,6,04,","17.8",",6,23,","","","664.7",",6","58.9",",,,6","176",",,,6","-3.56","1,6","2.08",",,,6","-9.21","1,,,6"
"USC00438905","1906-02","43.416667","-73.2","274.3","WELLS, VT US","0.0","6","0.0",",6","","","","","","","3",",6","10",",6","27",",6","18",",6","0",",6","0",",6","-25.6",",6,07,+","381",",,6,09,","","","7.8",",6,25,","","","735.1",",6","","","572",",,,6","-7.92",",6","-2.55",",,,6","-13.29",",,,6"
"USC00438905","1906-03","43.416667","-73.2","274.3","WELLS, VT US","0.0","6","0.0","2,6","8","1,6","8","1,6","0","1,6","5",",6","2","2,6","28","2,6","17",",6","0",",6","0",",6","-20.0","2,6,24,+","152",",,6,20,","22.9","1,,6,04,","7.8",",6,27,","","","676.4",",6","81.5","1,,,6","355",",,,6","-5.04","2,6","-0.68",",,,6","-9.40","2,,,6"
"USC00438905","1906-04","43.416667","-73.2","274.3","WELLS, VT US","0.0","6","0.0","2,6","6",",6","4",",6","1",",6","2",",6","0","1,6","16","1,6","2","1,6","0","1,6","0","1,6","-8.3","1,6,02,","51",",,6,10,","26.7",",,6,15,","20.0","1,6,21,","","","360.3","1,6","53.9",",,,6","76",",,,6","5.36","2,6","10.44","1,,,6","0.27","1,,,6"
"USC00438905","1906-05","43.416667","-73.2","274.3","WELLS, VT US","10.4","6","10.4",",6","","","","","","","","","0",",6","3",",6","0",",6","8",",6","0",",6","-1.1",",6,21,","","","","","28.9",",6,18,","","","224.1",",6","","","","","11.44",",6","17.32",",,,6","5.55",",,,6"
"USC00438905","1906-06","43.416667","-73.2","274.3","WELLS, VT US","38.2","6","27.8","4,6","12",",6","9",",6","0",",6","","","0","3,6","0","3,6","0","3,6","24","3,6","1","3,6","0.6","3,6,12,","","","18.5",",,6,08,","32.2","3,6,28,","","","28.2","3,6","116.3",",,,6","","","18.28","4,6","24.48","3,,,6","12.07","3,,,6"
"USC00438905","1906-07","43.416667","-73.2","274.3","WELLS, VT US","105.0","6","66.8","1,6","9",",6","8",",6","0",",6","","","0","1,6","0","1,6","0",",6","31",",6","1",",6","7.2","1,6,06,","","","23.1",",,6,01,","32.2",",6,16,","7.0","6","7.0",",6","85.5",",,,6","","","20.28","1,6","26.62",",,,6","13.94","1,,,6"
"USC00438905","1906-08","43.416667","-73.2","274.3","WELLS, VT US","183.8","6","78.8","2,6","7",",6","5",",6","0",",6","","","0","1,6","0","1,6","0","1,6","30","1,6","0","1,6","6.7","1,6,24,+","","","21.8",",,6,27,","30.0","1,6,21,+","29.8","6","22.8","1,6","67.8",",,,6","","","20.23","2,6","26.06","1,,,6","14.40","1,,,6"
"USC00438905","1906-09","43.416667","-73.2","274.3","WELLS, VT US","209.2","6","25.4","1,6","8",",6","8",",6","0",",6","","","0","1,6","0","1,6","0",",6","18",",6","0",",6","3.3","1,6,26,+","","","15.7",",,6,27,","27.8",",6,18,+","110.3","6","80.5",",6","55.4",",,,6","","","16.36","1,6","22.26",",,,6","10.46","1,,,6"
"USC00438905","1906-10","43.416667","-73.2","274.3","WELLS, VT US","209.2","6","0.0","3,6","","","","","","","2",",6","0","2,6","10","2,6","0","2,6","3","2,6","0","2,6","-5.6","2,6,13,","25",",,6,30,+","","","21.7","2,6,05,","374.8","6","264.5","2,6","","","50",",,,6","8.74","3,6","14.27","2,,,6","3.22","2,,,6"
"USC00438905","1906-11","43.416667","-73.2","274.3","WELLS, VT US","209.2","6","0.0","3,6","10",",6","7",",6","0",",6","4",",6","0","2,6","25","2,6","6","1,6","0","1,6","0","1,6","-12.2","2,6,30,","127",",,6,16,","12.7",",,6,12,","8.9","1,6,25,","882.1","6","507.3","1,6","53.8",",,,6","241",",,,6","-0.29","3,6","2.96","1,,,6","-3.55","2,,,6"
"USC00438905","1906-12","43.416667","-73.2","274.3","WELLS, VT US","209.2","6","0.0","4,6","11",",6","8",",6","0",",6","7",",6","7","1,6","29","1,6","17","3,6","0","3,6","0","3,6","-24.4","1,6,08,","102",",,6,11,","19.6",",,6,31,","5.6","3,6,06,","1572.4","6","690.3","3,6","79.8",",,,6","343",",,,6","-7.37","4,6","-2.14","3,,,6","-12.59","1,,,6"
"USC00438905","1907-01","43.416667","-73.2","274.3","WELLS, VT US","0.0","6","0.0","1,6","9",",6","9",",6","0",",6","3",",6","11","1,6","28","1,6","20",",6","0",",6","0",",6","-30.0","1,6,24,","76",",,6,26,","15.5",",,6,04,","8.9",",6,20,","2372.8","6","800.4",",6","51.9",",,,6","165",",,,6","-8.31","1,6","-3.54",",,,6","-13.08","1,,,6"
"USC00438905","1907-02","43.416667","-73.2","274.3","WELLS, VT US","0.0","6","0.0","2,6","6",",6","5",",6","0",",6","5",",6","15","1,6","27","1,6","21","1,6","0","1,6","0","1,6","-27.8","1,6,23,","152",",,6,05,","7.9",",,6,17,","3.3","1,6,14,+","3165.2","6","792.4","1,6","27.5",",,,6","406",",,,6","-12.06","2,6","-6.53","1,,,6","-17.60","1,,,6"
"USC00438905","1907-03","43.416667","-73.2","274.3","WELLS, VT US","0.0","6","0.0","4,6","7",",6","6",",6","0",",6","2",",6","1",",6","27",",6","8","4,6","0","4,6","0","4,6","-18.9",",6,01,","25",",,6,20,+","17.8",",,6,14,","17.8","4,6,29,","3691.7","6","526.5","4,6","51.2",",,,6","50",",,,6","-1.32","4,6","3.61","4,,,6","-6.25",",,,6"
"USC00438905","1907-04","43.416667","-73.2","274.3","WELLS, VT US","0.0","6","0.0","1,6","6",",6","5",",6","2",",6","2",",6","0",",6","24",",6","1","1,6","1","1,6","0","1,6","-10.0",",6,06,","229",",,6,10,","34.8",",,6,26,","21.1","1,6,30,","4142.3","6","450.6","1,6","95.3",",,,6","331",",,,6","2.76","1,6","7.77","1,,,6","-2.25",",,,6"
"USC00438905","1907-05","43.416667","-73.2","274.3","WELLS, VT US","0.0","6","0.0","1,6","12",",6","11",",6","1",",6","1",",6","0",",6","6",",6","0","1,6","4","1,6","0","1,6","-5.6",",6,12,","25",",,6,11,","29.2",",,6,16,","24.4","1,6,15,","4405.5","6","263.2","1,6","101.6",",,,6","25",",,,6","9.52","1,6","14.94","1,,,6","4.09",",,,6"
"USC00438905","1907-06","43.416667","-73.2","274.3","WELLS, VT US","47.9","6","47.9",",6","6",",6","5",",6","1",",6","","","0",",6","0",",6","0",",6","21",",6","0",",6","3.3",",6,03,","","","25.7",",,6,30,","31.1",",6,23,","4494.0","6","88.5",",6","59.2",",,,6","","","16.98",",6","23.12",",,,6","10.84",",,,6"
"USC00438905","1907-07","43.416667","-73.2","274.3","WELLS, VT US","107.7","6","59.8","2,6","10",",6","9",",6","0",",6","","","0","2,6","0","2,6","0","1,6","29","1,6","1","1,6","7.2","2,6,04,","","","16.8",",,6,20,","32.2","1,6,18,","6.2","6","6.2","1,6","71.8",",,,6","","","20.22","2,6","26.74","1,,,6","13.70","2,,,6"
"USC00438905","1907-08","43.416667","-73.2","274.3","WELLS, VT US","134.9","6","27.2",",6","9",",6","7",",6","0",",6","","","0",",6","0",",6","0",",6","26",",6","0",",6","5.6",",6,29,+","","","6.1",",,6,30,","30.6",",6,12,","55.9","6","49.7",",6","30.4",",,,6","","","17.61",",6","23.55",",,,6","11.67",",,,6"
"USC00438905","1907-09","43.416667","-73.2","274.3","WELLS, VT US","145.2","6","10.3",",6","16",",6","13",",6","1",",6","","","0",",6","0",",6","0",",6","14",",6","0",",6","2.2",",6,26,","","","57.4",",,6,04,","26.7",",6,16,","161.2","6","105.3",",6","208.3",",,,6","","","15.17",",6","19.82",",,,6","10.51",",,,6"
"USC00438905","1907-10","43.416667","-73.2","274.3","WELLS, VT US","145.2","6","0.0",",6","12",",6","11",",6","1",",6","","","0",",6","15",",6","0",",6","0",",6","0",",6","-8.9",",6,21,","","","47.2",",,6,28,","20.0",",6,08,+","564.4","6","403.2",",6","121.5",",,,6","","","5.33",",6","10.23",",,,6","0.42",",,,6"
"USC00438905","1907-11","43.416667","-73.2","274.3","WELLS, VT US","145.2","6","0.0","1,6","5",",6","5",",6","1",",6","1",",6","0",",6","24",",6","3","1,6","0","1,6","0","1,6","-8.9",",6,13,","102",",,6,25,","37.1",",,6,07,","11.1","1,6,03,+","1063.0","6","498.6","1,6","86.1",",,,6","102",",,,6","1.11","1,6","4.60","1,,,6","-2.39",",,,6"
"USC00438905","1907-12","43.416667","-73.2","274.3","WELLS, VT US","145.2","6","0.0","2,6","6","2,6","6","2,6","1","2,6","2",",6","1","1,6","30","1,6","13","2,6","0","2,6","0","2,6","-17.8","1,6,05,","102",",,6,14,","38.1","2,,6,10,","7.8","2,6,31,","1669.9","6","606.9","2,6","93.0","2,,,6","153",",,,6","-2.60","2,6","1.10","2,,,6","-6.30","1,,,6"
"USC00438905","1908-01","43.416667","-73.2","274.3","WELLS, VT US","0.0","6","0.0","1,6","4",",6","4",",6","0",",6","3",",6","7","1,6","30","1,6","25",",6","0",",6","0",",6","-25.6","1,6,31,","102",",,6,08,","15.5",",,6,08,","4.4",",6,22,+","2438.2","6","768.3",",6","50.0",",,,6","216",",,,6","-7.22","1,6","-2.52",",,,6","-11.92","1,,,6"
"USC00438905","1908-02","43.416667","-73.2","274.3","WELLS, VT US","0.0","6","0.0","1,6","7",",6","6",",6","1",",6","4",",6","9","1,6","27","1,6","22",",6","0",",6","0",",6","-31.1","1,6,05,","152",",,6,19,+","36.3",",,6,15,","11.1",",6,16,+","3211.8","6","773.6",",6","86.9",",,,6","482",",,,6","-9.20","1,6","-4.04",",,,6","-14.37","1,,,6"
"USC00438905","1908-03","43.416667","-73.2","274.3","WELLS, VT US","0.0","6","0.0","1,6","7",",6","6",",6","0",",6","2",",6","2",",6","27",",6","8","1,6","0","1,6","0","1,6","-17.8",",6,10,+","51",",,6,16,+","18.3",",,6,02,","15.6","1,6,28,","3792.5","6","580.7","1,6","48.0",",,,6","102",",,,6","-1.12","1,6","4.31","1,,,6","-6.55",",,,6"
"USC00438905","1908-04","43.416667","-73.2","274.3","WELLS, VT US","0.0","6","0.0","1,6","","","","","","","2",",6","0",",6","18",",6","2","1,6","4","1,6","0","1,6","-12.2",",6,04,","38",",,6,13,","","","26.7","1,6,27,","4200.4","6","407.9","1,6","","","76",",,,6","4.15","1,6","9.59","1,,,6","-1.28",",,,6"
"USC00438905","1908-05","43.416667","-73.2","274.3","WELLS, VT US","20.6","6","20.6","3,6","16",",6","12",",6","0",",6","1",",6","0",",6","3",",6","0","3,6","18","3,6","0","3,6","0.0",",6,24,+","51",",,6,03,","14.7",",,6,14,","30.0","3,6,28,","4339.0","6","138.6","3,6","98.7",",,,6","51",",,,6","13.87","3,6","20.04","3,,,6","7.70",",,,6"
"USC00438905","1908-06","43.416667","-73.2","274.3","WELLS, VT US","59.5","6","38.9","1,6","6",",6","4",",6","1",",6","","","0","1,6","0","1,6","0",",6","28",",6","0",",6","2.2","1,6,25,+","","","33.8",",,6,15,","31.1",",6,09,","4381.6","6","42.6",",6","72.9",",,,6","","","18.24","1,6","25.70",",,,6","10.78","1,,,6"
"USC00438905","1908-07","43.416667","-73.2","274.3","WELLS, VT US","158.3","6","98.8","2,6","10",",6","6",",6","1",",6","","","0","2,6","0","2,6","0",",6","31",",6","0",",6","8.9","2,6,09,","","","28.4",",,6,25,","31.1",",6,31,+","6.7","6","6.7",",6","76.6",",,,6","","","21.37","2,6","27.03",",,,6","15.72","2,,,6"
"USC00438905","1908-08","43.416667","-73.2","274.3","WELLS, VT US","192.2","6","33.9","1,6","9",",6","9",",6","0",",6","","","0","1,6","0","1,6","0",",6","25",",6","0",",6","5.6","1,6,20,","","","18.5",",,6,05,","28.9",",6,13,","50.0","6","43.3",",6","91.1",",,,6","","","18.07","1,6","23.03",",,,6","13.11","1,,,6"
"USC00438905","1908-09","43.416667","-73.2","274.3","WELLS, VT US","","","","","3",",6","2",",6","0",",6","","","","","","","","","","","","","","","","","9.7",",,6,29,+","","","","","","","20.7",",,,6","","","","","","","",""
"USC00438905","1908-10","43.416667","-73.2","274.3","WELLS, VT US","","","0.0","2,6","7",",6","6",",6","0",",6","","","0","1,6","8","1,6","0","2,6","3","2,6","0","2,6","-3.9","1,6,22,+","","","24.1",",,6,02,","24.4","2,6,17,","","","235.6","2,6","69.6",",,,6","","","10.15","2,6","15.74","2,,,6","4.55","1,,,6"
"USC00438905","1908-11","43.416667","-73.2","274.3","WELLS, VT US","","","0.0",",6","6",",6","4",",6","0",",6","","","0",",6","23",",6","3",",6","0",",6","0",",6","-8.9",",6,19,+","","","8.9",",,6,15,","15.6",",6,26,","","","499.3",",6","25.4",",,,6","","","1.69",",6","5.66",",,,6","-2.28",",,,6"
"USC00438905","1908-12","43.416667","-73.2","274.3","WELLS, VT US","","","0.0","1,6","7",",6","6",",6","1",",6","6",",6","3","1,6","29","1,6","18",",6","0",",6","0",",6","-20.6","1,6,06,","76",",,6,12,","25.4",",,6,07,","11.1",",6,01,","","","709.0",",6","57.9",",,,6","305",",,,6","-5.27","1,6","-1.09",",,,6","-9.46","1,,,6"
"USC00438905","1909-01","43.416667","-73.2","274.3","WELLS, VT US","0.0","6","0.0","1,6","9",",6","7",",6","1",",6","4",",6","6",",6","27",",6","18","1,6","0","1,6","0","1,6","-27.8",",6,19,","279",",,6,17,","32.0",",,6,17,","10.0","1,6,06,","","","740.3","1,6","107.3",",,,6","507",",,,6","-6.29","1,6","-1.62","1,,,6","-10.96",",,,6"
"USC00438905","1909-02","43.416667","-73.2","274.3","WELLS, VT US","0.0","6","0.0","3,6","","","","","","","2",",6","4","3,6","25","3,6","15",",6","0",",6","0",",6","-24.4","3,6,01,","102",",,6,16,","","","8.9",",6,10,","","","600.6",",6","","","153",",,,6","-5.43","3,6","0.16",",,,6","-11.02","3,,,6"
"USC00438905","1909-03","43.416667","-73.2","274.3","WELLS, VT US","0.0","6","0.0","1,6","12",",6","9",",6","0",",6","9",",6","0",",6","31",",6","12","1,6","0","1,6","0","1,6","-16.7",",6,01,","102",",,6,05,+","9.7",",,6,25,","5.6","1,6,31,+","","","650.6","1,6","58.2",",,,6","469",",,,6","-3.24","1,6","1.33","1,,,6","-7.82",",,,6"
"USC00438905","1909-04","43.416667","-73.2","274.3","WELLS, VT US","0.0","6","0.0","1,6","11",",6","9",",6","0",",6","1",",6","0",",6","19",",6","0","1,6","2","1,6","0","1,6","-9.4",",6,11,","25",",,6,09,","22.1",",,6,14,","23.3","1,6,19,","","","389.1","1,6","83.8",",,,6","25",",,,6","4.85","1,6","10.27","1,,,6","-0.57",",,,6"
"USC00438905","1909-05","43.416667","-73.2","274.3","WELLS, VT US","0.8","6","0.8","1,6","","","","","","","","","0","1,6","2","1,6","0",",6","8",",6","0",",6","0.0","1,6,03,+","","","","","25.6",",6,09,","","","192.5",",6","","","","","11.94","1,6","17.22",",,,6","6.65","1,,,6"
"USC00438905","1909-06","43.416667","-73.2","274.3","WELLS, VT US","44.8","6","44.0",",6","7",",6","5",",6","0",",6","","","0",",6","0",",6","0",",6","24",",6","0",",6","4.4",",6,19,+","","","22.6",",,6,05,","31.1",",6,26,+","","","53.0",",6","72.7",",,,6","","","18.03",",6","24.26",",,,6","11.81",",,,6"
"USC00438905","1909-07","43.416667","-73.2","274.3","WELLS, VT US","96.4","6","51.6","2,6","","","","","","","","","0","1,6","0","1,6","0","1,6","25","1,6","0","1,6","6.1","1,6,09,","","","","","30.0","1,6,29,+","40.6","6","40.6","1,6","","","","","18.75","2,6","24.43","1,,,6","13.07","1,,,6"
"USC00438905","1909-08","43.416667","-73.2","274.3","WELLS, VT US","123.1","6","26.7","3,6","10",",6","9",",6","1",",6","","","0","2,6","0","2,6","0","1,6","23","1,6","0","1,6","4.4","2,6,31,","","","31.5",",,6,17,","30.0","1,6,08,","73.3","6","32.7","1,6","93.5",",,,6","","","17.88","3,6","23.18","1,,,6","12.58","2,,,6"
"USC00438905","1909-09","43.416667","-73.2","274.3","WELLS, VT US","130.3","6","7.2","5,6","9",",6","8",",6","2",",6","","","0","4,6","0","4,6","0","1,6","13","1,6","0","1,6","3.9","4,6,06,","","","47.0",",,6,28,","25.6","1,6,14,","171.2","6","97.9","1,6","103.6",",,,6","","","14.55","5,6","19.77","1,,,6","9.33","4,,,6"
"USC00438905","1909-10","43.416667","-73.2","274.3","WELLS, VT US","","","","","","","","","","","0",",6","0","5,6","10","5,6","0","5,6","4","5,6","0","5,6","-10.6","5,6,30,","13",",,6,25,","","","23.3","5,6,10,+","","","","","","","13",",,,6","6.69","8,6","11.31","5,,,6","2.07","5,,,6"
"USC00438905","1909-11","43.416667","-73.2","274.3","WELLS, VT US","","","0.0","3,6","7",",6","5",",6","0",",6","2",",6","0","1,6","18","1,6","6","2,6","0","2,6","0","2,6","-12.2","1,6,30,","76",",,6,25,","16.5",",,6,25,","17.8","2,6,13,","","","418.2","2,6","46.8",",,,6","127",",,,6","3.02","3,6","7.45","2,,,6","-1.42","1,,,6"
"USC00438905","1909-12","43.416667","-73.2","274.3","WELLS, VT US","","","0.0","4,6","5",",6","5",",6","0",",6","3",",6","2",",6","31",",6","20","4,6","0","4,6","0","4,6","-24.4",",6,30,","102",",,6,26,","14.7",",,6,14,","2.2","4,6,14,+","","","669.3","4,6","48.7",",,,6","204",",,,6","-6.43","4,6","-2.99","4,,,6","-9.88",",,,6"
"USC00438905","1910-01","43.416667","-73.2","274.3","WELLS, VT US","","","","","11",",6","9",",6","1",",6","7",",6","4","2,6","28","2,6","19","5,6","0","5,6","0","5,6","-27.8","2,6,05,","152",",,6,06,","30.2",",,6,06,","7.8","5,6,21,","","","","","106.5",",,,6","558",",,,6","-7.44","6,6","-3.26","5,,,6","-11.62","2,,,6"
"USC00438905","1910-02","43.416667","-73.2","274.3","WELLS, VT US","","","0.0","2,6","11",",6","11",",6","1",",6","7",",6","9","1,6","26","1,6","19","1,6","0","1,6","0","1,6","-31.1","1,6,07,","178",",,6,03,","29.2",",,6,28,","5.6","1,6,28,+","","","681.1","1,6","127.2",",,,6","712",",,,6","-8.27","2,6","-2.71","1,,,6","-13.83","1,,,6"
"USC00438905","1910-03","43.416667","-73.2","274.3","WELLS, VT US","","","0.0","2,6","6",",6","2",",6","0",",6","","","0","1,6","22","1,6","5","1,6","0","1,6","0","1,6","-16.1","1,6,18,","","","15.5",",,6,07,","20.0","1,6,29,","","","472.8","1,6","27.0",",,,6","","","2.13","2,6","7.21","1,,,6","-2.95","1,,,6"
"USC00438905","1910-04","43.416667","-73.2","274.3","WELLS, VT US","","","0.0",",6","10",",6","7",",6","0",",6","2",",6","0",",6","11",",6","0",",6","1",",6","0",",6","-5.6",",6,11,","102",",,6,08,","12.4",",,6,07,","22.8",",6,06,","","","303.8",",6","54.4",",,,6","153",",,,6","8.21",",6","13.18",",,,6","3.23",",,,6"
"USC00438905","1910-05","43.416667","-73.2","274.3","WELLS, VT US","","","3.4",",6","13",",6","11",",6","0",",6","","","0",",6","1",",6","0",",6","10",",6","0",",6","-1.1",",6,06,","","","23.1",",,6,26,","25.6",",6,24,","","","196.7",",6","104.7",",,,6","","","12.10",",6","17.31",",,,6","6.88",",,,6"
"USC00438905","1910-06","43.416667","-73.2","274.3","WELLS, VT US","","","27.0",",6","7",",6","6",",6","0",",6","","","0",",6","0",",6","0",",6","19",",6","0",",6","1.1",",6,04,","","","17.3",",,6,07,","28.9",",6,21,","","","85.9",",6","69.9",",,,6","","","16.37",",6","21.59",",,,6","11.15",",,,6"
"USC00438905","1910-07","43.416667","-73.2","274.3","WELLS, VT US","","","87.7","1,6","10",",6","6",",6","0",",6","","","0","1,6","0","1,6","0",",6","31",",6","1",",6","10.0","1,6,18,+","","","10.9",",,6,25,","32.2",",6,10,","5.3","6","5.3",",6","51.9",",,,6","","","21.06","1,6","27.00",",,,6","15.11","1,,,6"
"USC00438905","1910-08","43.416667","-73.2","274.3","WELLS, VT US","","","26.2",",6","6",",6","4",",6","1",",6","","","0",",6","0",",6","0",",6","25",",6","0",",6","5.0",",6,27,","","","99.8",",,6,04,","28.9",",6,03,","38.6","6","33.3",",6","127.8",",,,6","","","18.10",",6","23.19",",,,6","13.02",",,,6"
"USC00438905","1910-09","43.416667","-73.2","274.3","WELLS, VT US","","","1.2","1,6","","","","","","","","","0",",6","1",",6","0","1,6","9","1,6","0","1,6","0.0",",6,23,","","","","","23.3","1,6,04,","160.5","6","121.9","1,6","","","","","14.08","1,6","19.02","1,,,6","9.13",",,,6"
"USC00438905","1910-10","43.416667","-73.2","274.3","WELLS, VT US","","","6.1",",6","10",",6","7",",6","0",",6","","","0",",6","7",",6","0",",6","6",",6","0",",6","-5.0",",6,30,+","","","8.1",",,6,22,","26.7",",6,06,","456.3","6","295.8",",6","38.9",",,,6","","","8.99",",6","14.11",",,,6","3.87",",,,6"
"USC00438905","1910-11","43.416667","-73.2","274.3","WELLS, VT US","","","0.0",",6","10",",6","8",",6","0",",6","4",",6","0",",6","27",",6","5",",6","0",",6","0",",6","-8.9",",6,21,","178",",,6,29,","21.8",",,6,29,","11.1",",6,02,+","1001.5","6","545.2",",6","77.7",",,,6","395",",,,6","0.16",",6","2.96",",,,6","-2.64",",,,6"
"USC00438905","1910-12","43.416667","-73.2","274.3","WELLS, VT US","","","0.0",",6","8",",6","8",",6","1",",6","5",",6","10",",6","31",",6","25",",6","0",",6","0",",6","-23.3",",6,16,","152",",,6,21,","35.8",",,6,24,","4.4",",6,30,","1849.2","6","847.7",",6","84.5",",,,6","393",",,,6","-9.01",",6","-4.60",",,,6","-13.42",",,,6"
"USC00438905","1911-01","43.416667","-73.2","274.3","WELLS, VT US","0.0","6","0.0",",6","","","","","","","2",",6","4",",6","31",",6","17",",6","0",",6","0",",6","-22.2",",6,16,","25",",,6,09,+","","","4.4",",6,21,+","2613.5","6","764.3",",6","","","63",",,,6","-6.32",",6","-1.77",",,,6","-10.87",",,,6"
"USC00438905","1911-02","43.416667","-73.2","274.3","WELLS, VT US","0.0","6","0.0",",6","7",",6","5",",6","0",",6","5",",6","7",",6","28",",6","21",",6","0",",6","0",",6","-22.2",",6,06,","152",",,6,07,","13.5",",,6,04,","5.6",",6,26,","3362.8","6","749.3",",6","42.9",",,,6","393",",,,6","-8.43",",6","-3.74",",,,6","-13.12",",,,6"
"USC00438905","1911-03","43.416667","-73.2","274.3","WELLS, VT US","0.0","6","0.0","2,6","7",",6","7",",6","0",",6","6",",6","1",",6","30",",6","12","2,6","0","2,6","0","2,6","-18.3",",6,16,","76",",,6,20,","12.4",",,6,15,","15.0","2,6,27,","4002.4","6","639.6","2,6","43.9",",,,6","318",",,,6","-3.52","2,6","0.97","2,,,6","-8.01",",,,6"
"USC00438905","1911-04","43.416667","-73.2","274.3","WELLS, VT US","1.6","6","1.6","3,6","5",",6","3",",6","0",",6","2",",6","0","2,6","18","2,6","2","3,6","4","3,6","0","3,6","-13.3","2,6,02,","114",",,6,09,","7.4",",,6,05,","24.4","3,6,30,+","4366.7","6","364.3","3,6","22.4",",,,6","178",",,,6","4.90","3,6","11.02","3,,,6","-1.21","2,,,6"
"USC00438905","1911-05","43.416667","-73.2","274.3","WELLS, VT US","44.7","6","43.1",",6","5",",6","3",",6","0",",6","","","0",",6","3",",6","0",",6","23",",6","1",",6","-3.9",",6,04,","","","24.4",",,6,25,","32.2",",6,22,","4455.6","6","88.9",",6","42.8",",,,6","","","16.86",",6","23.25",",,,6","10.46",",,,6"
"USC00438905","1911-06","43.416667","-73.2","274.3","WELLS, VT US","64.7","6","20.0","1,6","11",",6","6",",6","0",",6","","","0",",6","0",",6","0","1,6","20","1,6","0","1,6","6.7",",6,24,","","","18.5",",,6,13,","29.4","1,6,27,","4509.0","6","53.4","1,6","72.6",",,,6","","","17.20","1,6","22.45","1,,,6","11.95",",,,6"
"USC00438905","1911-07","43.416667","-73.2","274.3","WELLS, VT US","170.2","6","105.5",",6","9",",6","7",",6","2",",6","","","0",",6","0",",6","0",",6","31",",6","7",",6","10.0",",6,27,","","","44.5",",,6,06,","35.0",",6,03,","2.6","6","2.6",",6","112.4",",,,6","","","21.65",",6","27.65",",,,6","15.66",",,,6"
"USC00438905","1911-08","43.416667","-73.2","274.3","WELLS, VT US","237.5","6","67.3","1,6","9",",6","8",",6","1",",6","","","0","1,6","0","1,6","0",",6","27",",6","0",",6","7.8","1,6,20,","","","29.7",",,6,29,","30.6",",6,10,","29.3","6","26.7",",6","83.0",",,,6","","","19.66","1,6","25.09",",,,6","14.23","1,,,6"
"USC00438905","1911-09","43.416667","-73.2","274.3","WELLS, VT US","242.3","6","4.8",",6","12",",6","11",",6","0",",6","","","0",",6","2",",6","0",",6","15",",6","0",",6","-2.8",",6,29,","","","20.3",",,6,06,","27.8",",6,02,","172.5","6","143.2",",6","114.7",",,,6","","","13.72",",6","18.33",",,,6","9.11",",,,6"
"USC00438905","1911-10","43.416667","-73.2","274.3","WELLS, VT US","242.3","6","0.0",",6","11",",6","10",",6","1",",6","","","0",",6","6",",6","0",",6","0",",6","0",",6","-6.7",",6,28,","","","50.0",",,6,18,","18.3",",6,22,","505.7","6","333.2",",6","124.5",",,,6","","","7.58",",6","11.88",",,,6","3.29",",,,6"
"USC00438905","1911-11","43.416667","-73.2","274.3","WELLS, VT US","242.3","6","0.0",",6","8",",6","8",",6","0",",6","3",",6","0",",6","24",",6","11",",6","0",",6","0",",6","-15.6",",6,17,","102",",,6,15,","14.7",",,6,18,","16.7",",6,12,","1055.3","6","549.6",",6","62.0",",,,6","178",",,,6","0.01",",6","3.65",",,,6","-3.62",",,,6"
"USC00438905","1911-12","43.416667","-73.2","274.3","WELLS, VT US","242.3","6","0.0","3,6","","","","","","","3",",6","0","1,6","28","1,6","11","2,6","0","2,6","0","2,6","-15.6","1,6,05,","51",",,6,31,","","","14.4","2,6,12,+","1615.8","6","560.5","2,6","","","127",",,,6","-1.49","3,6","1.83","2,,,6","-4.81","1,,,6"
"USC00438905","1912-01","43.416667","-73.2","274.3","WELLS, VT US","0.0","6","0.0","1,6","11",",6","8",",6","0",",6","10",",6","14",",6","31",",6","28","1,6","0","1,6","0","1,6","-30.6",",6,13,","76",",,6,29,+","15.5",",,6,19,","3.3","1,6,19,","2537.1","6","921.3","1,6","56.0",",,,6","469",",,,6","-12.54","1,6","-7.91","1,,,6","-17.17",",,,6"
"USC00438905","1912-02","43.416667","-73.2","274.3","WELLS, VT US","0.0","6","0.0",",6","5",",6","4",",6","0",",6","3",",6","8",",6","29",",6","22",",6","0",",6","0",",6","-27.8",",6,12,+","76",",,6,27,","19.3",",,6,27,","3.3",",6,24,+","3328.5","6","791.4",",6","42.2",",,,6","152",",,,6","-8.96",",6","-4.56",",,,6","-13.35",",,,6"
"USC00438905","1912-03","43.416667","-73.2","274.3","WELLS, VT US","0.0","6","0.0",",6","8",",6","8",",6","1",",6","3",",6","5",",6","29",",6","14",",6","0",",6","0",",6","-21.1",",6,06,+","127",",,6,24,","26.4",",,6,13,","10.0",",6,19,","4029.9","6","701.4",",6","110.2",",,,6","254",",,,6","-4.29",",6","0.63",",,,6","-9.21",",,,6"
"USC00438905","1912-04","43.416667","-73.2","274.3","WELLS, VT US","0.0","6","0.0","2,6","15",",6","12",",6","0",",6","3",",6","0","2,6","15","2,6","2","2,6","0","2,6","0","2,6","-12.2","2,6,04,","89",",,6,03,+","16.8",",,6,19,","20.0","2,6,16,","4392.7","6","362.8","2,6","94.6",",,,6","254",",,,6","5.38","2,6","10.66","2,,,6","0.09","2,,,6"
"USC00438905","1912-05","43.416667","-73.2","274.3","WELLS, VT US","5.6","6","5.6",",6","11",",6","10",",6","2",",6","","","0",",6","0",",6","0",",6","12",",6","0",",6","1.7",",6,14,+","","","51.1",",,6,29,","26.7",",6,28,+","4557.3","6","164.6",",6","166.2",",,,6","","","13.20",",6","18.54",",,,6","7.87",",,,6"
"USC00438905","1912-06","43.416667","-73.2","274.3","WELLS, VT US","23.5","6","17.9","1,6","8",",6","3",",6","0",",6","","","0",",6","0",",6","0","1,6","20","1,6","0","1,6","0.6",",6,08,","","","14.0",",,6,21,","27.8","1,6,28,+","4645.5","6","88.2","1,6","31.1",",,,6","","","15.82","1,6","22.16","1,,,6","9.48",",,,6"
"USC00438905","1912-07","43.416667","-73.2","274.3","WELLS, VT US","118.4","6","94.9",",6","6",",6","5",",6","0",",6","","","0",",6","0",",6","0",",6","28",",6","7",",6","5.0",",6,23,","","","25.1",",,6,14,","34.4",",6,08,","27.6","6","27.6",",6","86.2",",,,6","","","20.51",",6","26.87",",,,6","14.14",",,,6"
"USC00438905","1912-08","43.416667","-73.2","274.3","WELLS, VT US","144.6","6","26.2",",6","","","","","","","","","0",",6","0",",6","0",",6","20",",6","0",",6","3.9",",6,30,","","","","","26.7",",6,14,+","97.4","6","69.8",",6","","","","","16.93",",6","21.86",",,,6","11.99",",,,6"
"USC00438905","1912-09","43.416667","-73.2","274.3","WELLS, VT US","153.2","6","8.6","3,6","13",",6","10",",6","2",",6","","","0","1,6","1","1,6","0","2,6","11","2,6","0","2,6","-1.1","1,6,30,","","","53.1",",,6,15,","25.6","2,6,07,","196.5","6","99.1","2,6","152.0",",,,6","","","14.82","3,6","19.64","2,,,6","10.00","1,,,6"
"USC00438905","1912-10","43.416667","-73.2","274.3","WELLS, VT US","153.8","6","0.6",",6","9",",6","5",",6","2",",6","","","0",",6","5",",6","0",",6","4",",6","0",",6","-5.0",",6,16,","","","41.4",",,6,24,","23.9",",6,12,","456.9","6","260.4",",6","90.7",",,,6","","","9.95",",6","14.69",",,,6","5.21",",,,6"
"USC00438905","1912-11","43.416667","-73.2","274.3","WELLS, VT US","153.8","6","0.0",",6","7",",6","7",",6","0",",6","1",",6","0",",6","18",",6","6",",6","0",",6","0",",6","-11.1",",6,29,","102",",,6,25,","20.8",",,6,08,","16.7",",6,07,","916.3","6","459.4",",6","63.5",",,,6","102",",,,6","3.02",",6","6.98",",,,6","-0.94",",,,6"
"USC00438905","1912-12","43.416667","-73.2","274.3","WELLS, VT US","153.8","6","0.0","2,6","","","","","","","2",",6","0","1,6","29","1,6","11","1,6","0","1,6","0","1,6","-13.9","1,6,22,","51",",,6,27,","","","13.3","1,6,06,","1491.7","6","575.4","1,6","","","76",",,,6","-1.44","2,6","2.40","1,,,6","-5.28","1,,,6"
"USC00438905","1913-01","43.416667","-73.2","274.3","WELLS, VT US","","","","","","","","","","","2",",6","0","3,6","24","3,6","7","3,6","0","3,6","0","3,6","-17.2","3,6,13,","25",",,6,29,+","","","12.8","3,6,03,","","","","","","","76",",,,6","-1.02","6,6","3.59","3,,,6","-5.63","3,,,6"
"USC00438905","1913-02","43.416667","-73.2","274.3","WELLS, VT US","","","0.0",",6","7",",6","7",",6","0",",6","4",",6","6",",6","28",",6","21",",6","0",",6","0",",6","-25.0",",6,10,","64",",,6,28,","15.7",",,6,28,","10.0",",6,01,","","","754.7",",6","58.6",",,,6","191",",,,6","-8.62",",6","-3.74",",,,6","-13.51",",,,6"
"USC00438905","1913-03","43.416667","-73.2","274.3","WELLS, VT US","","","0.0",",6","","","","","","","2",",6","2",",6","23",",6","7",",6","0",",6","0",",6","-22.8",",6,08,","51",",,6,06,+","","","19.4",",6,21,","","","533.6",",6","","","102",",,,6","1.12",",6","6.75",",,,6","-4.51",",,,6"
"USC00438905","1913-04","43.416667","-73.2","274.3","WELLS, VT US","","","1.1","1,6","10",",6","8",",6","0",",6","1",",6","0",",6","14",",6","0","1,6","4","1,6","0","1,6","-7.8",",6,09,","25",",,6,06,","10.4",",,6,11,","26.7","1,6,25,","","","328.9","1,6","44.4",",,,6","38",",,,6","6.98","1,6","12.36","1,,,6","1.61",",,,6"
"USC00438905","1913-05","43.416667","-73.2","274.3","WELLS, VT US","","","6.7",",6","9",",6","8",",6","1",",6","","","0",",6","5",",6","0",",6","7",",6","0",",6","-2.8",",6,11,","","","29.2",",,6,23,","27.8",",6,06,+","","","214.1",",6","93.5",",,,6","","","11.64",",6","17.39",",,,6","5.89",",,,6"
"USC00438905","1913-06","43.416667","-73.2","274.3","WELLS, VT US","","","27.8",",6","6",",6","4",",6","0",",6","","","0",",6","0",",6","0",",6","27",",6","0",",6","0.6",",6,09,","","","15.2",",,6,15,","30.0",",6,27,","","","61.0",",6","33.5",",,,6","","","17.23",",6","23.66",",,,6","10.80",",,,6"
"USC00438905","1913-07","43.416667","-73.2","274.3","WELLS, VT US","","","74.0",",6","","","","","","","","","0",",6","0",",6","0",",6","30",",6","2",",6","7.2",",6,12,","","","","","32.2",",6,05,+","13.1","6","13.1",",6","","","","","20.30",",6","26.55",",,,6","14.05",",,,6"
"USC00438905","1913-08","43.416667","-73.2","274.3","WELLS, VT US","","","35.5","2,6","8",",6","5",",6","0",",6","","","0","2,6","0","2,6","0","2,6","28","2,6","0","2,6","7.2","2,6,26,+","","","12.7",",,6,29,","30.0","2,6,16,","34.3","6","21.2","2,6","48.0",",,,6","","","18.83","2,6","24.84","2,,,6","12.81","2,,,6"
"USC00438905","1913-09","43.416667","-73.2","274.3","WELLS, VT US","","","10.0","2,6","8",",6","4",",6","1",",6","","","0",",6","2",",6","0","2,6","11","2,6","0","2,6","-1.7",",6,15,","","","39.4",",,6,22,","28.9","2,6,03,","167.5","6","133.2","2,6","66.6",",,,6","","","13.95","2,6","19.87","2,,,6","8.02",",,,6"
"USC00438905","1913-10","43.416667","-73.2","274.3","WELLS, VT US","","","3.3",",6","14",",6","11",",6","2",",6","","","0",",6","1",",6","0",",6","6",",6","0",",6","-2.2",",6,31,","","","43.7",",,6,25,","24.4",",6,10,+","403.9","6","236.4",",6","157.5",",,,6","","","10.81",",6","14.67",",,,6","6.95",",,,6"
"USC00438905","1913-11","43.416667","-73.2","274.3","WELLS, VT US","","","0.0","2,6","8",",6","5",",6","0",",6","1",",6","0","1,6","18","1,6","3","2,6","0","2,6","0","2,6","-6.7","1,6,28,+","102",",,6,29,","13.5",",,6,09,","16.7","2,6,22,","819.5","6","415.6","2,6","42.2",",,,6","115",",,,6","3.46","2,6","7.34","2,,,6","-0.42","1,,,6"
"USC00438905","1913-12","43.416667","-73.2","274.3","WELLS, VT US","","","0.0","1,6","5",",6","4",",6","1",",6","3",",6","2","1,6","27","1,6","12",",6","0",",6","0",",6","-18.9","1,6,27,","279",",,6,08,","32.3",",,6,08,","8.9",",6,08,+","1454.3","6","634.8",",6","73.1",",,,6","457",",,,6","-2.89","1,6","1.34",",,,6","-7.11","1,,,6"
"USC00438905","1914-01","43.416667","-73.2","274.3","WELLS, VT US","0.0","6","0.0","1,6","7",",6","6",",6","0",",6","5",",6","10","1,6","30","1,6","22",",6","0",",6","0",",6","-32.8","1,6,14,","102",",,6,21,","13.2",",,6,31,+","5.6",",6,29,","2246.5","6","792.2",",6","53.1",",,,6","202",",,,6","-8.17","1,6","-3.24",",,,6","-13.10","1,,,6"
"USC00438905","1914-02","43.416667","-73.2","274.3","WELLS, VT US","0.0","6","0.0","4,6","4",",6","3",",6","1",",6","2",",6","11","2,6","26","2,6","19","2,6","0","2,6","0","2,6","-28.3","2,6,12,","457",",,6,14,","32.0",",,6,14,","5.6","2,6,28,+","2910.0","6","663.5","2,6","45.1",",,,6","482",",,,6","-9.56","4,6","-4.80","2,,,6","-14.32","2,,,6"
"USC00438905","1914-03","43.416667","-73.2","274.3","WELLS, VT US","0.0","6","0.0","2,6","9",",6","7",",6","1",",6","5",",6","2",",6","27",",6","8","2,6","0","2,6","0","2,6","-18.3",",6,12,","203",",,6,01,","38.1",",,6,01,","11.1","2,6,26,+","3501.2","6","591.2","2,6","109.5",",,,6","507",",,,6","-2.03","2,6","2.33","2,,,6","-6.40",",,,6"
"USC00438905","1914-04","43.416667","-73.2","274.3","WELLS, VT US","0.3","6","0.3","1,6","16",",6","11",",6","2",",6","3",",6","0",",6","22",",6","2","1,6","1","1,6","0","1,6","-10.0",",6,13,","51",",,6,16,","34.8",",,6,08,","23.9","1,6,19,","3935.9","6","434.7","1,6","188.4",",,,6","114",",,,6","3.31","1,6","8.49","1,,,6","-1.87",",,,6"
"USC00438905","1914-05","43.416667","-73.2","274.3","WELLS, VT US","19.0","6","18.7","1,6","6",",6","4",",6","0",",6","","","0","1,6","2","1,6","0",",6","15",",6","0",",6","-2.2","1,6,01,","","","13.2",",,6,13,","31.1",",6,27,","4092.6","6","156.7",",6","26.9",",,,6","","","13.84","1,6","20.21",",,,6","7.48","1,,,6"
"USC00438905","1914-06","43.416667","-73.2","274.3","WELLS, VT US","53.5","6","34.5",",6","8",",6","4",",6","1",",6","","","0",",6","0",",6","0",",6","21",",6","1",",6","3.3",",6,06,","","","33.3",",,6,04,","32.2",",6,24,","4156.9","6","64.3",",6","64.8",",,,6","","","17.34",",6","24.24",",,,6","10.43",",,,6"
"USC00438905","1914-07","43.416667","-73.2","274.3","WELLS, VT US","108.7","6","55.2",",6","10",",6","7",",6","0",",6","","","0",",6","0",",6","0",",6","27",",6","1",",6","6.1",",6,20,","","","13.7",",,6,21,","32.2",",6,14,","26.3","6","26.3",",6","62.3",",,,6","","","19.26",",6","25.08",",,,6","13.45",",,,6"
"USC00438905","1914-08","43.416667","-73.2","274.3","WELLS, VT US","147.1","6","38.4","3,6","15",",6","10",",6","2",",6","","","0","2,6","0","2,6","0","1,6","26","1,6","1","1,6","4.4","2,6,25,","","","30.5",",,6,21,","33.3","1,6,10,","51.1","6","24.8","1,6","126.3",",,,6","","","18.82","3,6","24.40","1,,,6","13.25","2,,,6"
"USC00438905","1914-09","43.416667","-73.2","274.3","WELLS, VT US","171.9","6","24.8","2,6","6",",6","3",",6","0",",6","","","0","2,6","1","2,6","0",",6","17",",6","0",",6","-5.0","2,6,29,","","","12.2",",,6,03,","28.9",",6,02,","173.8","6","122.7",",6","28.7",",,,6","","","14.57","2,6","20.11",",,,6","9.03","2,,,6"
"USC00438905","1914-10","43.416667","-73.2","274.3","WELLS, VT US","174.1","6","2.2","3,6","5",",6","3",",6","0",",6","","","0","2,6","6","2,6","0","1,6","5","1,6","0","1,6","-7.8","2,6,28,","","","13.7",",,6,17,","23.3","1,6,11,+","403.5","6","229.7","1,6","34.0",",,,6","","","10.07","3,6","15.28","1,,,6","4.87","2,,,6"
"USC00438905","1914-11","43.416667","-73.2","274.3","WELLS, VT US","174.1","6","0.0",",6","8",",6","6",",6","0",",6","1",",6","0",",6","24",",6","8",",6","0",",6","0",",6","-15.0",",6,24,","102",",,6,20,","10.2",",,6,16,","17.2",",6,04,","930.7","6","527.2",",6","39.8",",,,6","102",",,,6","0.76",",6","5.61",",,,6","-4.09",",,,6"
"USC00438905","1914-12","43.416667","-73.2","274.3","WELLS, VT US","174.1","6","0.0",",6","4","1,6","4","1,6","0","1,6","3",",6","5",",6","28",",6","23",",6","0",",6","0",",6","-26.7",",6,27,+","76",",,6,21,","8.6","1,,6,14,","14.4",",6,02,","1686.7","6","756.0",",6","26.9","1,,,6","152",",,,6","-6.05",",6","-2.06",",,,6","-10.05",",,,6"
"USC00438905","1915-01","43.416667","-73.2","274.3","WELLS, VT US","0.0","6","0.0",",6","11",",6","9",",6","0",",6","7",",6","4",",6","30",",6","20",",6","0",",6","0",",6","-27.2",",6,30,","89",",,6,02,","15.2",",,6,18,","11.1",",6,19,","2418.7","6","732.0",",6","85.8",",,,6","341",",,,6","-5.28",",6","-1.02",",,,6","-9.55",",,,6"
"USC00438905","1915-02","43.416667","-73.2","274.3","WELLS, VT US","0.0","6","0.0",",6","9",",6","9",",6","2",",6","5",",6","2",",6","26",",6","14",",6","0",",6","0",",6","-21.7",",6,10,","254",",,6,26,","38.6",",,6,25,","8.9",",6,25,+","3043.3","6","624.6",",6","139.1",",,,6","457",",,,6","-3.98",",6","0.32",",,,6","-8.27",",,,6"
"USC00438905","1915-03","43.416667","-73.2","274.3","WELLS, VT US","0.0","6","0.0","1,6","4",",6","1",",6","0",",6","2",",6","1",",6","31",",6","14","1,6","0","1,6","0","1,6","-17.8",",6,04,","25",",,6,29,+","4.3",",,6,21,","7.8","1,6,25,","3719.5","6","676.2","1,6","9.4",",,,6","50",",,,6","-4.29","1,6","0.82","1,,,6","-9.40",",,,6"
"USC00438905","1915-04","43.416667","-73.2","274.3","WELLS, VT US","3.6","6","3.6",",6","7",",6","5",",6","1",",6","1",",6","0",",6","12",",6","0",",6","5",",6","0",",6","-4.4",",6,06,","25",",,6,02,","31.5",",,6,11,","26.7",",6,27,+","4009.5","6","290.0",",6","50.8",",,,6","25",",,,6","8.79",",6","13.94",",,,6","3.64",",,,6"
"USC00438905","1915-05","43.416667","-73.2","274.3","WELLS, VT US","3.6","6","0.0",",6","11",",6","5",",6","0",",6","","","0",",6","2",",6","0",",6","8",",6","0",",6","-3.3",",6,27,","","","12.4",",,6,13,","23.9",",6,31,","4252.2","6","242.7",",6","50.3",",,,6","","","10.50",",6","16.74",",,,6","4.27",",,,6"
"USC00438905","1915-06","43.416667","-73.2","274.3","WELLS, VT US","18.2","6","14.6",",6","10",",6","6",",6","0",",6","","","0",",6","0",",6","0",",6","27",",6","0",",6","2.8",",6,03,","","","10.9",",,6,30,+","27.8",",6,01,","4299.7","6","47.5",",6","58.3",",,,6","","","17.24",",6","23.76",",,,6","10.71",",,,6"
"USC00438905","1915-07","43.416667","-73.2","274.3","WELLS, VT US","68.5","6","50.3","2,6","","","","","","","","","0","2,6","0","2,6","0","1,6","28","1,6","0","1,6","8.9","2,6,03,","","","","","29.4","1,6,31,+","7.3","6","7.3","1,6","","","","","19.78","2,6","25.30","1,,,6","14.27","2,,,6"
"USC00438905","1915-08","43.416667","-73.2","274.3","WELLS, VT US","106.4","6","37.9","1,6","14",",6","11",",6","0",",6","","","0","1,6","0","1,6","0",",6","23",",6","0",",6","3.3","1,6,27,","","","10.9",",,6,04,","29.4",",6,01,","57.6","6","50.3",",6","71.1",",,,6","","","17.95","1,6","22.84",",,,6","13.06","1,,,6"
"USC00438905","1915-09","43.416667","-73.2","274.3","WELLS, VT US","157.3","6","50.9","1,6","7",",6","3",",6","1",",6","","","0","1,6","1","1,6","0",",6","20",",6","0",",6","-0.6","1,6,28,","","","50.8",",,6,08,","30.0",",6,15,","152.9","6","95.3",",6","71.6",",,,6","","","16.71","1,6","21.92",",,,6","11.51","1,,,6"
"USC00438905","1915-10","43.416667","-73.2","274.3","WELLS, VT US","157.3","6","0.0",",6","9",",6","7",",6","1",",6","","","0",",6","6",",6","0",",6","0",",6","0",",6","-4.4",",6,25,","","","32.8",",,6,15,","20.0",",6,14,","437.8","6","284.9",",6","85.8",",,,6","","","9.14",",6","13.70",",,,6","4.59",",,,6"
"USC00438905","1915-11","43.416667","-73.2","274.3","WELLS, VT US","157.3","6","0.0",",6","11",",6","6",",6","0",",6","0",",6","0",",6","21",",6","0",",6","0",",6","0",",6","-9.4",",6,18,","13",",,6,22,","14.2",",,6,15,","15.6",",6,01,","920.2","6","482.4",",6","52.4",",,,6","13",",,,6","2.25",",6","5.72",",,,6","-1.21",",,,6"
"USC00438905","1915-12","43.416667","-73.2","274.3","WELLS, VT US","157.3","6","0.0",",6","11",",6","9",",6","2",",6","7",",6","1",",6","31",",6","22",",6","0",",6","0",",6","-18.3",",6,31,","305",",,6,14,","27.7",",,6,18,","10.0",",6,26,","1636.4","6","716.2",",6","113.0",",,,6","763",",,,6","-4.77",",6","-1.55",",,,6","-7.99",",,,6"
"USC00438905","1916-01","43.416667","-73.2","274.3","WELLS, VT US","0.0","6","0.0","1,6","8",",6","4",",6","0",",6","3",",6","5",",6","28",",6","16","1,6","0","1,6","0","1,6","-23.3",",6,15,","102",",,6,02,","12.4",",,6,13,","10.0","1,6,27,+","2337.1","6","700.7","1,6","36.7",",,,6","152",",,,6","-5.06","1,6","-0.17","1,,,6","-9.96",",,,6"
"USC00438905","1916-02","43.416667","-73.2","274.3","WELLS, VT US","0.0","6","0.0","1,6","9",",6","7",",6","1",",6","7",",6","9",",6","28",",6","21","1,6","0","1,6","0","1,6","-26.7",",6,14,","203",",,6,26,","40.1",",,6,26,","8.9","1,6,01,","3105.0","6","767.9","1,6","81.1",",,,6","495",",,,6","-8.87","1,6","-4.20","1,,,6","-13.54",",,,6"
"USC00438905","1916-03","43.416667","-73.2","274.3","WELLS, VT US","0.0","6","0.0","1,6","8",",6","7",",6","0",",6","7",",6","6",",6","31",",6","21","1,6","0","1,6","0","1,6","-26.1",",6,18,","305",",,6,09,","22.9",",,6,09,","12.8","1,6,28,","3850.0","6","745.0","1,6","87.8",",,,6","902",",,,6","-6.46","1,6","-1.17","1,,,6","-11.75",",,,6"
"USC00438905","1916-04","43.416667","-73.2","274.3","WELLS, VT US","0.0","6","0.0","2,6","10",",6","8",",6","0",",6","3",",6","0","1,6","13","1,6","0","2,6","0","2,6","0","2,6","-6.7","1,6,03,","64",",,6,07,","15.2",",,6,14,","18.3","2,6,30,","4217.7","6","367.7","2,6","57.2",",,,6","166",",,,6","5.27","2,6","10.08","2,,,6","0.47","1,,,6"
"USC00438905","1916-05","43.416667","-73.2","274.3","WELLS, VT US","1.9","6","1.9","3,6","","","","","","","","","0","2,6","0","2,6","0","2,6","9","2,6","0","2,6","1.1","2,6,13,+","","","","","26.7","2,6,29,","4365.5","6","147.8","2,6","","","","","13.04","3,6","18.56","2,,,6","7.53","2,,,6"
"USC00438905","1916-06","43.416667","-73.2","274.3","WELLS, VT US","8.3","6","6.4","1,6","","","","","","","","","0","1,6","0","1,6","0",",6","19",",6","0",",6","3.3","1,6,01,","","","","","27.8",",6,14,","4444.1","6","78.6",",6","","","","","15.82","1,6","21.48",",,,6","10.15","1,,,6"
"USC00438905","1916-07","43.416667","-73.2","274.3","WELLS, VT US","94.2","6","85.9","4,6","","","","","","","","","0","4,6","0","4,6","0","2,6","28","2,6","0","2,6","10.0","4,6,06,+","","","","","30.6","2,6,12,","9.8","6","9.8","2,6","","","","","21.14","4,6","25.95","2,,,6","16.33","4,,,6"
"USC00438905","1916-08","43.416667","-73.2","274.3","WELLS, VT US","162.0","6","67.8",",6","8",",6","6",",6","1",",6","","","0",",6","0",",6","0",",6","29",",6","0",",6","7.2",",6,29,+","","","30.5",",,6,08,","31.1",",6,21,+","30.5","6","20.7",",6","66.0",",,,6","","","19.85",",6","25.34",",,,6","14.37",",,,6"
"USC00438905","1916-09","43.416667","-73.2","274.3","WELLS, VT US","175.9","6","13.9","5,6","","","","","","","","","0","4,6","1","4,6","0","1,6","16","1,6","0","1,6","-2.2","4,6,04,","","","","","26.7","1,6,14,+","117.6","6","87.1","1,6","","","","","15.17","5,6","20.49","1,,,6","9.84","4,,,6"
"USC00438905","1916-10","43.416667","-73.2","274.3","WELLS, VT US","175.9","6","0.0","1,6","6",",6","4",",6","0",",6","","","0","1,6","9","1,6","0",",6","4",",6","0",",6","-5.6","1,6,18,","","","21.1",",,6,20,","22.2",",6,08,+","406.3","6","288.7",",6","62.8",",,,6","","","8.70","1,6","13.90",",,,6","3.50","1,,,6"
"USC00438905","1916-11","43.416667","-73.2","274.3","WELLS, VT US","175.9","6","0.0",",6","10",",6","8",",6","0",",6","2",",6","0",",6","19",",6","7",",6","0",",6","0",",6","-14.4",",6,15,","102",",,6,14,","24.9",",,6,30,","14.4",",6,09,","927.5","6","521.2",",6","97.6",",,,6","127",",,,6","0.96",",6","4.68",",,,6","-2.76",",,,6"
"USC00438905","1916-12","43.416667","-73.2","274.3","WELLS, VT US","175.9","6","0.0",",6","12",",6","8",",6","1",",6","6",",6","4",",6","30",",6","17",",6","0",",6","0",",6","-23.3",",6,30,","127",",,6,13,","26.7",",,6,22,","10.0",",6,05,","1664.7","6","737.2",",6","80.5",",,,6","354",",,,6","-5.45",",6","-1.64",",,,6","-9.26",",,,6"
"USC00438905","1917-01","43.416667","-73.2","274.3","WELLS, VT US","0.0","6","0.0","1,6","9",",6","8",",6","0",",6","6",",6","7",",6","31",",6","22","1,6","0","1,6","0","1,6","-26.1",",6,12,","76",",,6,03,","17.3",",,6,14,","6.7","1,6,14,","2445.8","6","781.1","1,6","62.7",",,,6","253",",,,6","-7.58","1,6","-3.17","1,,,6","-11.99",",,,6"
"USC00438905","1917-02","43.416667","-73.2","274.3","WELLS, VT US","0.0","6","0.0",",6","7",",6","6",",6","0",",6","3",",6","11",",6","28",",6","21",",6","0",",6","0",",6","-27.8",",6,13,+","51",",,6,20,+","8.9",",,6,26,","4.4",",6,27,+","3237.6","6","791.8",",6","37.9",",,,6","166",",,,6","-9.94",",6","-4.59",",,,6","-15.30",",,,6"
"USC00438905","1917-03","43.416667","-73.2","274.3","WELLS, VT US","0.0","6","0.0","1,6","7",",6","7",",6","0",",6","4",",6","0",",6","29",",6","10","1,6","0","1,6","0","1,6","-15.6",",6,20,+","51",",,6,11,+","16.0",",,6,28,","12.8","1,6,27,","3863.8","6","626.2","1,6","56.4",",,,6","165",",,,6","-2.45","1,6","1.95","1,,,6","-6.84",",,,6"
"USC00438905","1917-04","43.416667","-73.2","274.3","WELLS, VT US","0.0","6","0.0",",6","10",",6","4",",6","0",",6","1",",6","0",",6","17",",6","2",",6","1",",6","0",",6","-8.3",",6,10,","25",",,6,10,","19.6",",,6,20,","21.1",",6,21,","4279.7","6","415.9",",6","46.6",",,,6","25",",,,6","4.47",",6","9.07",",,,6","-0.13",",,,6"
"USC00438905","1917-05","43.416667","-73.2","274.3","WELLS, VT US","0.0","6","0.0","1,6","14",",6","5",",6","0",",6","","","0",",6","5",",6","0","1,6","3","1,6","0","1,6","-3.9",",6,16,","","","20.1",",,6,29,","24.4","1,6,31,","4607.8","6","328.1","1,6","52.4",",,,6","","","7.39","1,6","12.04","1,,,6","2.74",",,,6"
"USC00438905","1917-06","43.416667","-73.2","274.3","WELLS, VT US","10.8","6","10.8","1,6","16",",6","9",",6","0",",6","","","0",",6","0",",6","0","1,6","23","1,6","0","1,6","6.7",",6,04,","","","21.6",",,6,08,","31.1","1,6,23,","4645.3","6","37.5","1,6","102.7",",,,6","","","17.36","1,6","22.84","1,,,6","11.88",",,,6"
"USC00438905","1917-07","43.416667","-73.2","274.3","WELLS, VT US","91.7","6","80.9",",6","","","","","","","","","0",",6","0",",6","0",",6","31",",6","2",",6","10.0",",6,06,+","","","","","32.2",",6,31,+","3.1","6","3.1",",6","","","","","20.84",",6","26.22",",,,6","15.46",",,,6"
"USC00438905","1917-08","43.416667","-73.2","274.3","WELLS, VT US","157.1","6","65.4","2,6","9",",6","7",",6","1",",6","","","0",",6","0",",6","0","2,6","28","2,6","2","2,6","7.8",",6,31,","","","49.5",",,6,09,","33.3","2,6,01,","13.2","6","10.1","2,6","110.8",",,,6","","","20.08","2,6","25.18","2,,,6","14.98",",,,6"
"USC00438905","1917-09","43.416667","-73.2","274.3","WELLS, VT US","159.4","6","2.3","2,6","6",",6","3",",6","0",",6","","","0","1,6","3","1,6","0","1,6","10","1,6","0","1,6","-1.1","1,6,23,","","","10.7",",,6,30,","25.6","1,6,02,","147.3","6","134.1","1,6","26.9",",,,6","","","13.66","2,6","19.02","1,,,6","8.30","1,,,6"
"USC00438905","1917-10","43.416667","-73.2","274.3","WELLS, VT US","159.4","6","0.0",",6","","","","","","","","","0",",6","9",",6","0",",6","0",",6","0",",6","-3.3",",6,21,","","","","","18.9",",6,19,","510.6","6","363.3",",6","","","","","6.61",",6","10.77",",,,6","2.45",",,,6"
"USC00438905","1917-11","43.416667","-73.2","274.3","WELLS, VT US","159.4","6","0.0",",6","4",",6","2",",6","0",",6","1",",6","0",",6","30",",6","7",",6","0",",6","0",",6","-16.1",",6,27,","25",",,6,28,","20.3",",,6,23,","10.0",",6,18,","1105.1","6","594.5",",6","32.4",",,,6","38",",,,6","-1.48",",6","2.27",",,,6","-5.23",",,,6"
"USC00438905","1917-12","43.416667","-73.2","274.3","WELLS, VT US","159.4","6","0.0",",6","3",",6","3",",6","0",",6","3",",6","12",",6","31",",6","24",",6","0",",6","0",",6","-32.2",",6,30,","305",",,6,14,","23.6",",,6,01,","2.2",",6,22,+","2017.4","6","912.3",",6","50.3",",,,6","407",",,,6","-11.10",",6","-6.86",",,,6","-15.33",",,,6"
"USC00438905","1918-01","43.416667","-73.2","274.3","WELLS, VT US","0.0","6","0.0","2,6","7",",6","6",",6","0",",6","6",",6","14","1,6","30","1,6","29","1,6","0","1,6","0","1,6","-28.9","1,6,28,","152",",,6,15,","21.3",",,6,12,","2.2","1,6,12,","2903.8","6","886.4","1,6","65.6",",,,6","380",",,,6","-12.48","2,6","-7.82","1,,,6","-17.14","1,,,6"
"USC00438905","1918-02","43.416667","-73.2","274.3","WELLS, VT US","0.0","6","0.0","2,6","9",",6","5",",6","0",",6","5",",6","9",",6","28",",6","15","2,6","0","2,6","0","2,6","-31.1",",6,05,","51",",,6,17,+","17.3",",,6,19,","10.0","2,6,15,","3561.0","6","657.2","2,6","55.6",",,,6","177",",,,6","-7.39","2,6","-1.63","2,,,6","-13.15",",,,6"
"USC00438905","1918-03","43.416667","-73.2","274.3","WELLS, VT US","0.0","6","0.0","1,6","6",",6","6",",6","0",",6","5",",6","2",",6","28",",6","9","1,6","0","1,6","0","1,6","-21.1",",6,11,","127",",,6,10,","13.2",",,6,10,","14.4","1,6,21,","4168.2","6","607.2","1,6","34.0",",,,6","305",",,,6","-1.90","1,6","3.49","1,,,6","-7.29",",,,6"
"USC00438905","1918-04","43.416667","-73.2","274.3","WELLS, VT US","0.0","6","0.0","1,6","6",",6","6",",6","0",",6","2",",6","0",",6","15",",6","1","1,6","0","1,6","0","1,6","-9.4",",6,04,","102",",,6,12,","17.0",",,6,09,","20.0","1,6,28,","4549.3","6","381.1","1,6","57.3",",,,6","153",",,,6","5.14","1,6","10.54","1,,,6","-0.26",",,,6"
"USC00438905","1918-05","43.416667","-73.2","274.3","WELLS, VT US","12.1","6","12.1","1,6","10",",6","8",",6","1",",6","","","0","1,6","1","1,6","0",",6","20",",6","0",",6","-1.1","1,6,02,","","","25.4",",,6,13,","26.7",",6,27,+","4649.4","6","100.1",",6","107.0",",,,6","","","15.44","1,6","21.26",",,,6","9.63","1,,,6"
"USC00438905","1918-06","43.416667","-73.2","274.3","WELLS, VT US","22.1","6","10.0","1,6","8",",6","6",",6","0",",6","","","0","1,6","1","1,6","0",",6","20",",6","0",",6","0.0","1,6,20,","","","24.1",",,6,23,","29.4",",6,30,+","4746.1","6","96.7",",6","96.6",",,,6","","","15.47","1,6","21.71",",,,6","9.24","1,,,6"
"USC00438905","1918-07","43.416667","-73.2","274.3","WELLS, VT US","92.0","6","69.9",",6","","","","","","","","","0",",6","0",",6","0",",6","26",",6","0",",6","7.2",",6,03,","","","","","31.1",",6,22,","28.3","6","28.3",",6","","","","","19.67",",6","24.95",",,,6","14.40",",,,6"
"USC00438905","1918-08","43.416667","-73.2","274.3","WELLS, VT US","163.4","6","71.4","1,6","6",",6","5",",6","1",",6","","","0",",6","0",",6","0","1,6","28","1,6","1","1,6","5.0",",6,18,","","","27.4",",,6,09,","35.0","1,6,07,","57.8","6","29.5","1,6","55.4",",,,6","","","19.66","1,6","25.24","1,,,6","14.09",",,,6"
"USC00438905","1918-09","43.416667","-73.2","274.3","WELLS, VT US","166.1","6","2.7","1,6","13",",6","10",",6","3",",6","","","0",",6","1",",6","0","1,6","9","1,6","0","1,6","0.0",",6,11,","","","40.9",",,6,01,","24.4","1,6,05,+","223.3","6","165.5","1,6","191.7",",,,6","","","12.60","1,6","17.24","1,,,6","7.96",",,,6"
"USC00438905","1918-10","43.416667","-73.2","274.3","WELLS, VT US","166.1","6","0.0",",6","11",",6","8",",6","0",",6","","","0",",6","6",",6","0",",6","2",",6","0",",6","-7.8",",6,15,","","","19.8",",,6,06,","21.1",",6,30,+","490.8","6","267.5",",6","81.1",",,,6","","","9.70",",6","14.36",",,,6","5.05",",,,6"
"USC00438905","1918-11","43.416667","-73.2","274.3","WELLS, VT US","166.1","6","0.0",",6","7",",6","6",",6","0",",6","","","0",",6","17",",6","0",",6","0",",6","0",",6","-13.3",",6,26,","","","20.8",",,6,19,","18.3",",6,18,","950.1","6","459.3",",6","50.7",",,,6","","","3.02",",6","6.77",",,,6","-0.72",",,,6"
"USC00438905","1918-12","43.416667","-73.2","274.3","WELLS, VT US","166.1","6","0.0","3,6","9",",6","7",",6","0",",6","4",",6","1","2,6","29","2,6","14","1,6","0","1,6","0","1,6","-17.8","2,6,07,","51",",,6,29,+","20.1",",,6,24,","12.2","1,6,23,","1540.6","6","590.5","1,6","63.8",",,,6","152",",,,6","-2.99","3,6","1.00","1,,,6","-6.99","2,,,6"
"USC00438905","1919-01","43.416667","-73.2","274.3","WELLS, VT US","0.0","","0.0","1,6","7",",6","4",",6","1",",6","5",",6","5",",6","31",",6","14","1,6","0","1,6","0","1,6","-26.1",",6,12,","127",",,6,03,","30.7",",,6,24,","7.2","1,6,02,","2217.2","","676.6","1,6","60.1",",,,6","253",",,,6","-4.51","1,6","-0.29","1,,,6","-8.73",",,,6"
"USC00438905","1919-02","43.416667","-73.2","274.3","WELLS, VT US","0.0","","0.0",",6","4",",6","3",",6","0",",6","3",",6","0",",6","28",",6","19",",6","0",",6","0",",6","-17.2",",6,11,","76",",,6,23,","16.8",",,6,26,","6.7",",6,28,","2873.9","","656.7",",6","34.3",",,,6","165",",,,6","-5.12",",6","-1.14",",,,6","-9.10",",,,6"
"USC00438905","1919-03","43.416667","-73.2","274.3","WELLS, VT US","0.0","","0.0",",6","9",",6","8",",6","1",",6","3",",6","0",",6","29",",6","6",",6","0",",6","0",",6","-16.1",",6,15,","203",",,6,28,","33.3",",,6,28,","15.6",",6,27,+","3447.7","","573.8",",6","95.8",",,,6","369",",,,6","-0.18",",6","4.66",",,,6","-5.02",",,,6"
"USC00438905","1919-04","43.416667","-73.2","274.3","WELLS, VT US","0.0","","0.0","3,6","12",",6","8",",6","0",",6","","","0","1,6","9","1,6","2","2,6","0","2,6","0","2,6","-12.2","1,6,02,","","","17.3",",,6,12,","18.3","2,6,23,","3799.3","","351.6","2,6","51.4",",,,6","","","5.35","3,6","10.35","2,,,6","0.35","1,,,6"
