"STATION","DATE","LATITUDE","LONGITUDE","ELEVATION","NAME","CDSD","CDSD_ATTRIBUTES","CLDD","CLDD_ATTRIBUTES","DP01","DP01_ATTRIBUTES","DP10","DP10_ATTRIBUTES","DP1X","DP1X_ATTRIBUTES","DSND","DSND_ATTRIBUTES","DSNW","DSNW_ATTRIBUTES","DT00","DT00_ATTRIBUTES","DT32","DT32_ATTRIBUTES","DX32","DX32_ATTRIBUTES","DX70","DX70_ATTRIBUTES","DX90","DX90_ATTRIBUTES","DYFG","DYFG_ATTRIBUTES","DYTS","DYTS_ATTRIBUTES","EMNT","EMNT_ATTRIBUTES","EMSD","EMSD_ATTRIBUTES","EMSN","EMSN_ATTRIBUTES","EMXP","EMXP_ATTRIBUTES","EMXT","EMXT_ATTRIBUTES","HDSD","HDSD_ATTRIBUTES","HTDD","HTDD_ATTRIBUTES","PRCP","PRCP_ATTRIBUTES","SNOW","SNOW_ATTRIBUTES","TAVG","TAVG_ATTRIBUTES","TMAX","TMAX_ATTRIBUTES","TMIN","TMIN_ATTRIBUTES"
"USC00068911","1926-01","41.56667","-73.03333","103.9","WATERBURY CITY HALL, CT US","0.0","0","0.0","2,0","7",",0","4",",0","0",",0","7",",0","5",",0","0","1,0","22","1,0","8","1,0","0","1,0","0","1,0","","","","","-14.4","1,0,29,","102",",,0,09,","97",",,0,09,","12.2",",,0,22,","12.2","1,0,19,+","","","537.0","1,0","42.0",",,,0","359",",,,0","-0.31","2,0","4.38","1,,,0","-4.99","1,,,0"
"USC00068911","1926-02","41.56667","-73.03333","103.9","WATERBURY CITY HALL, CT US","0.0","0","0.0",",0","8","4,0","7","4,0","2","4,0","24",",0","4",",0","0",",0","25",",0","6",",0","0",",0","0",",0","","","1","","-16.1",",0,09,","584",",,0,10,","356",",,0,10,","30.5","4,,0,10,","9.4",",0,23,","","","561.0",",0","138.4",",a,,0","727",",,,0","-1.70",",0","2.81",",,,0","-6.21",",,,0"
"USC00068911","1926-03","41.56667","-73.03333","103.9","WATERBURY CITY HALL, CT US","0.0","0","0.0",",0","9","3,0","6","3,0","0","3,0","0",",0","1",",0","0",",0","25",",0","2",",0","0",",0","0",",0","","","","","-12.2",",0,06,","0",",,0,31,+","38",",,0,07,","23.1","3,,0,08,+","17.8",",0,23,","","","504.8",",0","81.8",",a,,0","64",",a,,0","2.05",",0","7.74",",,,0","-3.65",",,,0"
"USC00068911","1926-04","41.56667","-73.03333","103.9","WATERBURY CITY HALL, CT US","1.1","0","1.1","2,0","7","4,0","5","4,0","0","4,0","0",",0","0",",0","0","1,0","11","1,0","0","1,0","5","1,0","0","1,0","","","1","","-4.4","1,0,12,","0",",,0,30,+","0",",,0,30,+","15.0","4,,0,08,","26.1","1,0,23,","","","275.7","1,0","77.6",",a,,0","0",",,,0","8.42","2,0","14.83","1,,,0","2.01","1,,,0"
"USC00068911","1926-05","41.56667","-73.03333","103.9","WATERBURY CITY HALL, CT US","5.5","0","4.4",",0","7","4,0","5","4,0","0","4,0","0",",0","0",",0","0",",0","0",",0","0",",0","27",",0","0",",0","","","","","3.3",",0,06,+","0",",,0,31,+","0",",,0,31,+","15.2","4,,0,17,","29.4",",0,13,","","","75.5",",0","51.9",",a,,0","0",",,,0","16.04",",0","24.12",",,,0","7.96",",,,0"
"USC00068911","1926-06","41.56667","-73.03333","103.9","WATERBURY CITY HALL, CT US","48.3","0","42.8",",0","11","2,0","7","2,0","0","2,0","0",",0","0",",0","0",",0","0",",0","0",",0","28",",0","1",",0","","","","","4.4",",0,17,+","0",",,0,30,+","0",",,0,30,+","12.2","2,,0,15,","32.8",",0,30,","","","26.1",",0","43.2",",a,,0","0",",,,0","18.89",",0","26.24",",,,0","11.54",",,,0"
"USC00068911","1926-07","41.56667","-73.03333","103.9","WATERBURY CITY HALL, CT US","205.3","0","157.0","2,0","","","","","","","0",",0","0",",0","0",",0","0",",0","0","2,0","29","2,0","12","2,0","","","","","11.1",",0,13,+","0",",,0,31,+","0",",,0,31,+","","","40.6","2,0,22,","0.0","0","0.0","2,0","117.4",",a,,0","0",",,,0","23.72","2,0","31.08","2,,,0","16.36",",,,0"
"USC00068911","1926-08","41.56667","-73.03333","103.9","WATERBURY CITY HALL, CT US","338.6","0","133.3","5,0","11","4,0","6","4,0","2","4,0","0",",0","0",",0","0","4,0","0","4,0","0","1,0","30","1,0","7","1,0","","","","","12.2","4,0,21,","0",",,0,31,+","0",",,0,31,+","35.1","4,,0,17,","37.8","1,0,03,","1.4","0","1.4","1,0","120.1",",a,,0","0",",,,0","23.59","5,0","29.04","1,,,0","18.14","4,,,0"
"USC00068911","1926-09","41.56667","-73.03333","103.9","WATERBURY CITY HALL, CT US","362.0","0","23.4","2,0","7","4,0","4","4,0","0","4,0","0",",0","0","1,0","0","2,0","0","2,0","0",",0","25",",0","0",",0","","","","","6.1","2,0,28,+","0",",,0,30,+","0","1,,0,30,+","16.0","4,,0,06,","31.7",",0,01,","36.9","0","35.5",",0","64.3",",a,,0","0","1,,,0","18.08","2,0","24.42",",,,0","11.75","2,,,0"
"USC00068911","1926-10","41.56667","-73.03333","103.9","WATERBURY CITY HALL, CT US","365.6","0","3.6",",0","9","4,0","8","4,0","1","4,0","0",",0","0",",0","0",",0","3",",0","0",",0","7",",0","0",",0","","","","","-2.8",",0,22,","0",",,0,31,+","0",",,0,31,+","29.2","4,,0,25,","23.9",",0,05,+","275.9","0","239.0",",0","105.0",",a,,0","0",",,,0","10.74",",0","16.02",",,,0","5.46",",,,0"
"USC00068911","1926-11","41.56667","-73.03333","103.9","WATERBURY CITY HALL, CT US","365.6","0","0.0","1,0","10",",0","9",",0","2",",0","0",",0","0",",0","0",",0","21",",0","0","1,0","0","1,0","0","1,0","","","","","-9.4",",0,28,","0",",,0,30,+","0",",,0,30,+","47.2",",,0,09,","20.6","1,0,16,","637.3","0","361.4","1,0","151.0",",,,0","0",",,,0","5.81","1,0","11.61","1,,,0","0.02",",,,0"
"USC00068911","1926-12","41.56667","-73.03333","103.9","WATERBURY CITY HALL, CT US","365.6","0","0.0","2,0","10","4,0","5","4,0","1","4,0","27",",0","5",",0","2","1,0","30","1,0","10","1,0","0","1,0","0","1,0","","","","","-23.3","1,0,18,","203",",,0,12,+","127",",,0,06,+","29.2","4,,0,28,","7.8","1,0,14,","1264.3","0","627.0","1,0","95.3",",a,,0","483",",,,0","-3.43","2,0","1.59","1,,,0","-8.45","1,,,0"
"USC00068911","1927-01","41.56667","-73.03333","103.9","WATERBURY CITY HALL, CT US","0.0","0","0.0",",0","13","2,0","12","2,0","0","2,0","17",",0","5",",0","0",",0","26",",0","11",",0","0",",0","0",",0","","","","","-16.7",",0,28,","178",",,0,16,","127",",,0,15,","11.2","2,,0,04,","10.0",",0,29,","1895.9","0","631.6",",0","79.8",",a,,0","292",",,,0","-2.04",",0","2.74",",,,0","-6.82",",,,0"
"USC00068911","1927-02","41.56667","-73.03333","103.9","WATERBURY CITY HALL, CT US","0.0","0","0.0","4,0","11",",0","8",",0","2",",0","8",",0","3",",0","0","1,0","21","1,0","3","3,0","0","3,0","0","3,0","","","","","-9.4","1,0,21,","127",",,0,22,+","76",",,0,19,","34.5",",,0,26,","12.8","3,0,02,","2315.6","0","419.7","3,0","114.8",",,,0","178",",,,0","0.87","4,0","5.10","3,,,0","-3.36","1,,,0"
"USC00068911","1927-03","41.56667","-73.03333","103.9","WATERBURY CITY HALL, CT US","0.0","0","0.0",",0","9",",0","3",",0","0",",0","0",",0","0",",0","0",",0","18",",0","0",",0","2",",0","0",",0","","","","","-10.0",",0,04,","0",",T,0,26,","0",",T,0,26,","15.5",",,0,21,","23.9",",0,17,","2719.9","0","404.3",",0","37.4",",,,0","0",",T,,0","5.29",",0","11.35",",,,0","-0.76",",,,0"
"USC00068911","1927-04","41.56667","-73.03333","103.9","WATERBURY CITY HALL, CT US","2.0","0","2.0","1,0","7","4,0","4","4,0","0","4,0","0",",0","0",",0","0",",0","11",",0","0","1,0","6","1,0","0","1,0","","","1","","-4.4",",0,04,","0",",,0,30,+","0",",,0,30,+","17.0","4,,0,22,","31.7","1,0,20,","3011.3","0","291.4","1,0","54.5",",a,,0","0",",,,0","8.42","1,0","15.29","1,,,0","1.56",",,,0"
"USC00068911","1927-05","41.56667","-73.03333","103.9","WATERBURY CITY HALL, CT US","3.4","0","1.4",",0","18",",0","12",",0","0",",0","0",",0","0",",0","0",",0","0",",0","0",",0","14",",0","0",",0","","","","","1.7",",0,03,","0",",,0,31,+","0",",,0,31,+","17.0",",,0,27,","26.7",",0,31,","3155.7","0","144.4",",0","88.7",",,,0","0",",,,0","13.72",",0","20.24",",,,0","7.20",",,,0"
"USC00068911","1927-06","41.56667","-73.03333","103.9","WATERBURY CITY HALL, CT US","45.1","0","41.7",",0","","","","","","","0",",0","0",",0","0",",0","0",",0","0",",0","28",",0","2",",0","","","","","5.0",",0,07,+","0",",,0,30,+","0",",,0,30,+","","","32.2",",0,23,+","3196.4","0","40.7",",0","65.8",",a,,0","0",",,,0","18.37",",0","25.52",",,,0","11.21",",,,0"
"USC00068911","1927-07","41.56667","-73.03333","103.9","WATERBURY CITY HALL, CT US","173.6","0","128.5",",0","","","","","","","0",",0","0",",0","0",",0","0",",0","0",",0","31",",0","6",",0","","","","","6.1",",0,05,","0",",,0,31,+","0",",,0,31,+","","","35.6",",0,13,","5.5","0","5.5",",0","136.9",",a,,0","0",",,,0","22.30",",0","28.84",",,,0","15.76",",,,0"
"USC00068911","1927-08","41.56667","-73.03333","103.9","WATERBURY CITY HALL, CT US","208.4","0","34.8","1,0","13",",0","9",",0","0",",0","0",",0","0",",0","0",",0","0",",0","0","1,0","29","1,0","0","1,0","","","","","6.7",",0,25,","0",",,0,31,+","0",",,0,31,+","22.4",",,0,09,","31.7","1,0,06,","13.0","0","7.5","1,0","123.0",",,,0","0",",,,0","19.21","1,0","25.96","1,,,0","12.46",",,,0"
"USC00068911","1927-09","41.56667","-73.03333","103.9","WATERBURY CITY HALL, CT US","236.2","0","27.8","2,0","4",",0","3",",0","0",",0","0",",0","0",",0","0",",0","0",",0","0","2,0","27","2,0","0","2,0","","","","","1.7",",0,25,","0",",,0,30,+","0",",,0,30,+","22.6",",,0,01,","31.1","2,0,07,+","60.3","0","47.3","2,0","36.3",",,,0","0",",,,0","17.81","2,0","25.49","2,,,0","10.13",",,,0"
"USC00068911","1927-10","41.56667","-73.03333","103.9","WATERBURY CITY HALL, CT US","257.1","0","20.9","1,0","7","4,0","4","4,0","0","4,0","0",",0","0",",0","0",",0","4",",0","0","1,0","10","1,0","2","1,0","","","","","-1.1",",0,31,","0",",,0,31,+","0",",,0,31,+","23.4","4,,0,19,","34.4","1,0,02,","227.0","0","166.7","1,0","146.9",",a,,0","0",",,,0","13.57","1,0","19.94","1,,,0","7.19",",,,0"
"USC00068911","1927-11","41.56667","-73.03333","103.9","WATERBURY CITY HALL, CT US","257.1","0","0.0","1,0","12",",0","8",",0","3",",0","0",",0","0",",0","0",",0","12",",0","0","1,0","4","1,0","0","1,0","","","1","","-5.6",",0,22,+","0",",,0,30,+","0",",,0,30,+","73.9",",,0,03,","23.9","1,0,01,","520.8","0","293.8","1,0","201.8",",,,0","0",",,,0","8.15","1,0","14.01","1,,,0","2.29",",,,0"
"USC00068911","1927-12","41.56667","-73.03333","103.9","WATERBURY CITY HALL, CT US","257.1","0","0.0","2,0","13","2,0","9","2,0","0","2,0","2",",0","0",",0","0","1,0","22","1,0","3","1,0","0","1,0","0","1,0","","","","","-13.3","1,0,24,","25",",,0,05,+","13",",,0,05,+","17.0","2,,0,05,","16.7","1,0,08,+","1005.9","0","485.1","1,0","98.8",",a,,0","26",",,,0","1.46","2,0","6.03","1,,,0","-3.11","1,,,0"
"USC00068911","1928-01","41.56667","-73.03333","103.9","WATERBURY CITY HALL, CT US","0.0","0","0.0",",0","9",",0","4",",0","0",",0","2",",0","1",",0","0",",0","25",",0","8",",0","0",",0","0",",0","","","","","-17.2",",0,30,","76",",,0,29,","76",",,0,29,","8.1",",,0,25,","13.9",",0,07,","1586.4","0","580.5",",0","25.9",",,,0","76",",,,0","-0.39",",0","5.24",",,,0","-6.03",",,,0"
"USC00068911","1928-02","41.56667","-73.03333","103.9","WATERBURY CITY HALL, CT US","0.0","0","0.0",",0","4","2,0","3","2,0","2","2,0","7",",0","1",",0","1",",0","23",",0","4",",0","0",",0","0",",0","","","","","-18.3",",0,26,","127",",,0,19,+","127",",,0,18,","35.1","2,,0,15,","13.9",",0,23,+","2132.6","0","546.2",",0","102.7",",a,,0","166",",,,0","-0.50",",0","5.61",",,,0","-6.62",",,,0"
"USC00068911","1928-03","41.56667","-73.03333","103.9","WATERBURY CITY HALL, CT US","0.0","0","0.0",",0","10",",0","6",",0","1",",0","2",",0","2",",0","0",",0","25",",0","0",",0","1",",0","0",",0","","","","","-11.7",",0,07,","102",",,0,10,","76",",,0,09,","29.7",",,0,30,","21.7",",0,25,","2609.2","0","476.6",",0","75.3",",,,0","127",",,,0","2.96",",0","8.11",",,,0","-2.19",",,,0"
"USC00068911","1928-04","41.56667","-73.03333","103.9","WATERBURY CITY HALL, CT US","0.6","0","0.6",",0","11",",0","5",",0","1",",0","0",",0","0",",0","0",",0","12",",0","0",",0","6",",0","0",",0","","","","","-5.6",",0,20,","0",",,0,30,+","0",",,0,30,+","41.9",",,0,28,","25.0",",0,19,+","2909.4","0","300.2",",0","111.1",",,,0","0",",,,0","8.35",",0","15.09",",,,0","1.60",",,,0"
"USC00068911","1928-05","41.56667","-73.03333","103.9","WATERBURY CITY HALL, CT US","0.6","0","0.0",",0","11",",0","5",",0","0",",0","0",",0","0",",0","0",",0","1",",0","0",",0","17",",0","0",",0","","","","","0.0",",0,15,","0",",,0,31,+","0",",,0,31,+","16.8",",,0,20,","27.2",",0,10,","3030.3","0","120.9",",0","56.0",",,,0","0",",,,0","14.43",",0","21.37",",,,0","7.50",",,,0"
"USC00068911","1928-06","41.56667","-73.03333","103.9","WATERBURY CITY HALL, CT US","48.7","0","48.1",",0","13",",0","11",",0","0",",0","0",",0","0",",0","0",",0","0",",0","0",",0","25",",0","0",",0","","","","","0.6",",0,13,","0",",,0,30,+","0",",,0,30,+","23.6",",,0,19,","31.7",",0,14,","3051.3","0","21.0",",0","144.4",",,,0","0",",,,0","19.24",",0","25.21",",,,0","13.26",",,,0"
"USC00068911","1928-07","41.56667","-73.03333","103.9","WATERBURY CITY HALL, CT US","215.7","0","167.0",",0","15",",0","10",",0","1",",0","0",",0","0",",0","0",",0","0",",0","0",",0","31",",0","9",",0","","","","","8.3",",0,31,+","0",",,0,31,+","0",",,0,31,+","61.7",",,0,06,","36.7",",0,08,","1.4","0","1.4",",0","161.1",",,,0","0",",,,0","23.68",",0","30.24",",,,0","17.11",",,,0"
"USC00068911","1928-08","41.56667","-73.03333","103.9","WATERBURY CITY HALL, CT US","372.6","0","156.9",",0","16",",0","11",",0","0",",0","0",",0","0",",0","0",",0","0",",0","0",",0","30",",0","10",",0","","","","","11.7",",0,13,","0",",,0,31,+","0",",,0,31,+","20.6",",,0,11,","36.1",",0,04,","2.5","0","1.1",",0","106.5",",,,0","0",",,,0","23.36",",0","29.17",",,,0","17.55",",,,0"
"USC00068911","1928-09","41.56667","-73.03333","103.9","WATERBURY CITY HALL, CT US","393.2","0","20.6",",0","14",",0","6",",0","2",",0","0",",0","0",",0","0",",0","0",",0","0",",0","21",",0","0",",0","","","","","0.6",",0,25,","0",",,0,30,+","0",",,0,30,+","34.3",",,0,03,","29.4",",0,13,","83.5","0","81.0",",0","93.0",",,,0","0",",,,0","16.32",",0","22.17",",,,0","10.46",",,,0"
"USC00068911","1928-10","41.56667","-73.03333","103.9","WATERBURY CITY HALL, CT US","407.4","0","14.2",",0","8",",0","4",",0","0",",0","0",",0","0",",0","0",",0","5",",0","0",",0","13",",0","1",",0","","","","","-5.6",",0,27,","0",",,0,31,+","0",",,0,31,+","13.7",",,0,06,","32.2",",0,12,","263.9","0","180.4",",0","39.0",",,,0","0",",,,0","12.97",",0","19.94",",,,0","6.00",",,,0"
"USC00068911","1928-11","41.56667","-73.03333","103.9","WATERBURY CITY HALL, CT US","407.7","0","0.3",",0","11",",0","5",",0","0",",0","0",",0","0",",0","0",",0","13",",0","0",",0","3",",0","0",",0","","","","","-7.8",",0,26,","0",",,0,30,+","0",",T,0,22,","17.3",",,0,04,","23.9",",0,18,","611.7","0","347.8",",0","43.8",",,,0","0",",T,,0","6.75",",0","11.72",",,,0","1.78",",,,0"
"USC00068911","1928-12","41.56667","-73.03333","103.9","WATERBURY CITY HALL, CT US","407.7","0","0.0",",0","10",",0","5",",0","0",",0","2",",0","1",",0","0",",0","21",",0","3",",0","0",",0","0",",0","","","","","-12.2",",0,22,+","51",",,0,09,","25",",,0,09,","19.1",",,0,01,","12.2",",0,04,","1114.4","0","502.7",",0","47.2",",,,0","38",",,,0","2.12",",0","7.05",",,,0","-2.81",",,,0"
"USC00068911","1929-01","41.56667","-73.03333","103.9","WATERBURY CITY HALL, CT US","0.0","0","0.0","1,0","11",",0","8",",0","1",",0","7",",0","4",",0","2",",0","30",",0","11","1,0","0","1,0","0","1,0","","","","","-18.9",",0,14,","76",",,0,25,","76",",,0,25,","52.6",",,0,06,","15.6","1,0,19,","1737.2","0","622.8","1,0","110.4",",,,0","203",",,,0","-2.39","1,0","2.69","1,,,0","-7.46",",,,0"
"USC00068911","1929-02","41.56667","-73.03333","103.9","WATERBURY CITY HALL, CT US","0.0","0","0.0",",0","8",",0","5",",0","1",",0","5",",0","2",",0","1",",0","26",",0","4",",0","0",",0","0",",0","","","","","-18.9",",0,24,","178",",,0,21,","178",",,0,21,","57.2",",,0,07,","13.3",",0,18,","2270.4","0","533.2",",0","95.2",",,,0","216",",,,0","-0.71",",0","4.85",",,,0","-6.26",",,,0"
"USC00068911","1929-03","41.56667","-73.03333","103.9","WATERBURY CITY HALL, CT US","0.0","0","0.0","1,0","11",",0","8",",0","0",",0","2",",0","1",",0","0","1,0","17","1,0","1",",0","2",",0","0",",0","","","","","-15.0","1,0,10,","102",",,0,02,","127",",,0,02,","18.5",",,0,06,","23.9",",0,22,+","2648.5","0","378.1",",0","92.0",",,,0","127",",,,0","5.82","1,0","12.38",",,,0","-0.74","1,,,0"
"USC00068911","1929-04","41.56667","-73.03333","103.9","WATERBURY CITY HALL, CT US","8.9","0","8.9",",0","19",",0","14",",0","0",",0","0",",0","0",",0","0",",0","7",",0","0",",0","6",",0","1",",0","","","","","-2.2",",0,24,+","0",",,0,30,+","0",",,0,30,+","23.6",",,0,16,","32.2",",0,07,","2926.9","0","278.4",",0","161.4",",,,0","0",",,,0","9.35",",0","15.17",",,,0","3.53",",,,0"
"USC00068911","1929-05","41.56667","-73.03333","103.9","WATERBURY CITY HALL, CT US","35.8","0","26.9",",0","11",",0","8",",0","0",",0","0",",0","0",",0","0",",0","0",",0","0",",0","16",",0","4",",0","","","","","0.6",",0,11,+","0",",,0,31,+","0",",,0,31,+","21.6",",,0,19,","34.4",",0,30,","3067.8","0","140.9",",0","112.6",",,,0","0",",,,0","14.66",",0","22.39",",,,0","6.92",",,,0"
"USC00068911","1929-06","41.56667","-73.03333","103.9","WATERBURY CITY HALL, CT US","122.2","0","86.4",",0","3",",0","2",",0","0",",0","0",",0","0",",0","0",",0","0",",0","0",",0","29",",0","4",",0","","","","","2.8",",0,03,","0",",,0,30,+","0",",,0,30,+","21.8",",,0,28,","35.0",",0,18,","3097.4","0","29.6",",0","44.2",",,,0","0",",,,0","20.23",",0","27.89",",,,0","12.56",",,,0"
"USC00068911","1929-07","41.56667","-73.03333","103.9","WATERBURY CITY HALL, CT US","245.1","0","122.9",",0","9",",0","5",",0","0",",0","0",",0","0",",0","0",",0","0",",0","0",",0","31",",0","11",",0","","","","","5.6",",0,04,+","0",",,0,31,+","0",",,0,31,+","11.7",",,0,19,","34.4",",0,08,","6.4","0","6.4",",0","35.3",",,,0","0",",,,0","22.09",",0","30.09",",,,0","14.09",",,,0"
"USC00068911","1929-08","41.56667","-73.03333","103.9","WATERBURY CITY HALL, CT US","328.4","0","83.3","2,0","8",",0","3",",0","1",",0","0",",0","0",",0","0",",0","0",",0","0","2,0","29","2,0","3","2,0","","","","","6.7",",0,21,+","0",",,0,31,+","0",",,0,31,+","51.1",",,0,11,","33.9","2,0,01,","8.3","0","1.9","2,0","69.1",",,,0","0",",,,0","21.14","2,0","29.62","2,,,0","12.67",",,,0"
"USC00068911","1929-09","41.56667","-73.03333","103.9","WATERBURY CITY HALL, CT US","401.4","0","73.0","3,0","7",",0","6",",0","0",",0","0",",0","0",",0","0",",0","0",",0","0","3,0","27","3,0","6","3,0","","","","","2.8",",0,24,","0",",,0,30,+","0",",,0,30,+","11.2",",,0,09,","35.6","3,0,04,+","32.8","0","24.5","3,0","47.5",",,,0","0",",,,0","20.20","3,0","29.24","3,,,0","11.16",",,,0"
"USC00068911","1929-10","41.56667","-73.03333","103.9","WATERBURY CITY HALL, CT US","","","","","6",",0","4",",0","2",",0","0",",0","0",",0","","","","","","","","","","","","","","","","","0",",,0,31,+","0",",,0,31,+","49.0",",,0,23,","","","","","","","100.1",",,,0","0",",,,0","","","","","",""
"USC00068911","1929-11","41.56667","-73.03333","103.9","WATERBURY CITY HALL, CT US","","","2.8","1,0","11",",0","4",",0","1",",0","0",",0","0","1,0","0",",0","15",",0","2","1,0","2","1,0","0","1,0","","","","","-12.2",",0,30,","0",",,0,30,+","0","1,,0,30,+","31.5",",,0,18,","26.7","1,0,02,","","","359.9","1,0","63.3",",,,0","0","1,,,0","6.04","1,0","11.08","1,,,0","1.00",",,,0"
"USC00068911","1929-12","41.56667","-73.03333","103.9","WATERBURY CITY HALL, CT US","","","0.0","1,0","10",",0","8",",0","0",",0","7",",0","2",",0","0",",0","26",",0","5","1,0","0","1,0","0","1,0","","","","","-16.7",",0,12,","102",",,0,02,","91",",,0,02,","12.7",",,0,18,","11.1","1,0,31,+","","","565.7","1,0","70.7",",,,0","129",",,,0","-0.51","1,0","4.06","1,,,0","-5.09",",,,0"
"USC00068911","1930-01","41.56667","-73.03333","103.9","WATERBURY CITY HALL, CT US","0.0","0","0.0","2,0","8",",0","4",",0","0",",0","4",",0","2",",0","0","2,0","21","2,0","11",",0","0",",0","0",",0","","","","","-13.9","2,0,26,","51",",,0,22,","25",",,0,30,+","21.6",",,0,14,","16.1",",0,09,","","","550.0",",0","60.2",",,,0","63",",,,0","-0.59","2,0","4.23",",,,0","-5.40","2,,,0"
"USC00068911","1930-02","41.56667","-73.03333","103.9","WATERBURY CITY HALL, CT US","0.0","0","0.0","3,0","10","1,0","8","1,0","0","1,0","5","1,0","2","1,0","1","1,0","19","1,0","4","3,0","1","3,0","0","3,0","","","","","-18.9","1,0,17,","51","1,,0,26,+","51","1,,0,26,","12.7","1,,0,16,","21.1","3,0,20,","","","419.1","3,0","64.9","1,,,0","102","1,,,0","1.69","3,0","7.44","3,,,0","-4.06","1,,,0"
"USC00068911","1930-03","41.56667","-73.03333","103.9","WATERBURY CITY HALL, CT US","0.0","0","0.0","1,0","7",",0","6",",0","2",",0","0",",0","0",",0","0",",0","21",",0","1","1,0","0","1,0","0","1,0","","","","","-11.7",",0,22,","0",",,0,31,+","0",",T,0,27,","35.6",",,0,08,","17.2","1,0,29,","","","450.2","1,0","90.3",",,,0","0",",T,,0","3.29","1,0","9.15","1,,,0","-2.58",",,,0"
"USC00068911","1930-04","41.56667","-73.03333","103.9","WATERBURY CITY HALL, CT US","0.0","0","0.0",",0","6",",0","3",",0","1",",0","0",",0","0",",0","0",",0","12",",0","0",",0","4",",0","0",",0","","","","","-6.1",",0,24,","0",",,0,30,+","0",",,0,30,+","33.3",",,0,07,","27.8",",0,27,","","","280.1",",0","41.0",",,,0","0",",,,0","9.00",",0","16.18",",,,0","1.81",",,,0"
"USC00068911","1930-05","41.56667","-73.03333","103.9","WATERBURY CITY HALL, CT US","41.7","0","41.7",",0","10",",0","7",",0","1",",0","0",",0","0",",0","0",",0","0",",0","0",",0","21",",0","6",",0","","","","","4.4",",0,30,+","0",",,0,31,+","0",",,0,31,+","25.9",",,0,25,","35.0",",0,23,+","","","86.4",",0","83.6",",,,0","0",",,,0","16.89",",0","24.48",",,,0","9.30",",,,0"
"USC00068911","1930-06","41.56667","-73.03333","103.9","WATERBURY CITY HALL, CT US","150.4","0","108.7","3,0","6",",0","5",",0","1",",0","0",",0","0",",0","0","1,0","0","1,0","0","2,0","28","2,0","6","2,0","","","","","3.9","1,0,01,","0",",,0,30,+","0",",,0,30,+","52.1",",,0,27,","36.1","2,0,05,","","","3.6","2,0","113.8",",,,0","0",",,,0","22.19","3,0","28.98","2,,,0","15.39","1,,,0"
"USC00068911","1930-07","41.56667","-73.03333","103.9","WATERBURY CITY HALL, CT US","289.3","0","138.9","1,0","7",",0","6",",0","0",",0","0",",0","0",",0","0",",0","0",",0","0","1,0","30","1,0","7","1,0","","","","","8.3",",0,16,","0",",,0,31,+","0",",,0,31,+","14.0",",,0,09,","38.3","1,0,21,","0.0","0","0.0","1,0","39.9",",,,0","0",",,,0","22.97","1,0","30.52","1,,,0","15.43",",,,0"
"USC00068911","1930-08","41.56667","-73.03333","103.9","WATERBURY CITY HALL, CT US","401.2","0","111.9",",0","6",",0","3",",0","1",",0","0",",0","0",",0","0",",0","0",",0","0",",0","30",",0","8",",0","","","","","7.2",",0,12,","0",",,0,31,+","0",",,0,31,+","33.8",",,0,21,","37.8",",0,03,","9.7","0","9.7",",0","53.2",",,,0","0",",,,0","21.63",",0","28.91",",,,0","14.35",",,,0"
"USC00068911","1930-09","41.56667","-73.03333","103.9","WATERBURY CITY HALL, CT US","480.9","0","79.7","2,0","7",",0","3",",0","0",",0","0",",0","0",",0","0",",0","0",",0","0","2,0","26","2,0","3","2,0","","","","","3.3",",0,29,","0",",,0,30,+","0",",,0,30,+","9.7",",,0,17,","32.2","2,0,26,+","38.8","0","29.1","2,0","22.9",",,,0","0",",,,0","20.23","2,0","27.40","2,,,0","13.06",",,,0"
"USC00068911","1930-10","41.56667","-73.03333","103.9","WATERBURY CITY HALL, CT US","480.9","0","0.0","1,0","8",",0","4",",0","0",",0","0",",0","0",",0","0",",0","5",",0","0","1,0","10","1,0","0","1,0","","","","","-5.6",",0,21,","0",",,0,31,+","0",",,0,31,+","16.0",",,0,18,","30.0","1,0,13,","256.2","0","217.4","1,0","49.7",",,,0","0",",,,0","11.07","1,0","18.24","1,,,0","3.89",",,,0"
"USC00068911","1930-11","41.56667","-73.03333","103.9","WATERBURY CITY HALL, CT US","480.9","0","0.0",",0","6",",0","6",",0","1",",0","0",",0","0",",0","0",",0","16",",0","1",",0","1",",0","0",",0","","","","","-10.6",",0,29,","0",",,0,30,+","0",",,0,30,+","30.2",",,0,15,","21.1",",0,22,","620.0","0","363.8",",0","111.0",",,,0","0",",,,0","6.21",",0","11.23",",,,0","1.18",",,,0"
"USC00068911","1930-12","41.56667","-73.03333","103.9","WATERBURY CITY HALL, CT US","480.9","0","0.0","1,0","9",",0","5",",0","1",",0","9",",0","3",",0","0","1,0","22","1,0","3",",0","0",",0","0",",0","","","","","-16.7","1,0,16,","178",",,0,27,","102",",,0,27,","25.4",",,0,27,","11.7",",0,18,","1159.6","0","539.6",",0","71.7",",,,0","211",",,,0","0.36","1,0","4.52",",,,0","-3.80","1,,,0"
"USC00068911","1931-01","41.56667","-73.03333","103.9","WATERBURY CITY HALL, CT US","0.0","0","0.0",",0","6",",0","6",",0","0",",0","3",",0","3",",0","0",",0","31",",0","6",",0","0",",0","0",",0","","","","","-15.0",",0,15,","152",",,0,31,","152",",,0,31,","17.0",",,0,06,","13.3",",0,11,","1778.5","0","618.9",",0","59.3",",,,0","202",",,,0","-1.63",",0","3.88",",,,0","-7.15",",,,0"
"USC00068911","1931-02","41.56667","-73.03333","103.9","WATERBURY CITY HALL, CT US","0.0","0","0.0","1,0","7",",0","6",",0","0",",0","28",",0","5",",0","0",",0","26",",0","3","1,0","0","1,0","0","1,0","","","","","-17.2",",0,03,","229",",,0,10,","76",",,0,19,+","23.1",",,0,10,","10.6","1,0,13,","2295.4","0","516.9","1,0","53.3",",,,0","292",",,,0","-0.96","1,0","4.30","1,,,0","-6.22",",,,0"
"USC00068911","1931-03","41.56667","-73.03333","103.9","WATERBURY CITY HALL, CT US","0.0","0","0.0",",0","8",",0","6",",0","2",",0","9",",0","3",",0","0",",0","19",",0","0",",0","0",",0","0",",0","","","","","-6.7",",0,14,+","152",",,0,05,","127",",,0,04,","61.0",",,0,08,","16.7",",0,27,","2733.8","0","438.4",",0","120.6",",,,0","229",",,,0","4.19",",0","8.76",",,,0","-0.38",",,,0"
"USC00068911","1931-04","41.56667","-73.03333","103.9","WATERBURY CITY HALL, CT US","0.0","0","0.0",",0","7",",0","6",",0","1",",0","0",",0","0",",0","0",",0","3",",0","0",",0","5",",0","0",",0","","","","","-0.6",",0,16,+","0",",,0,30,+","0",",,0,30,+","26.4",",,0,01,","26.1",",0,21,+","2985.4","0","251.6",",0","74.2",",,,0","0",",,,0","9.95",",0","16.45",",,,0","3.45",",,,0"
"USC00068911","1931-05","41.56667","-73.03333","103.9","WATERBURY CITY HALL, CT US","25.6","0","25.6","1,0","9",",0","5",",0","2",",0","0",",0","0",",0","0",",0","1",",0","0","1,0","19","1,0","3","1,0","","","","","-2.2",",0,01,","0",",,0,31,+","0",",,0,31,+","31.2",",,0,08,","35.0","1,0,29,","3090.2","0","104.8","1,0","97.6",",,,0","0",",,,0","15.69","1,0","22.39","1,,,0","8.99",",,,0"
"USC00068911","1931-06","41.56667","-73.03333","103.9","WATERBURY CITY HALL, CT US","71.8","0","46.2",",0","11",",0","6",",0","1",",0","0",",0","0",",0","0",",0","0",",0","0",",0","28",",0","6",",0","","","","","5.6",",0,07,","0",",,0,30,+","0",",,0,30,+","30.2",",,0,09,","36.1",",0,21,+","3109.5","0","19.3",",0","87.1",",,,0","0",",,,0","19.23",",0","27.72",",,,0","10.74",",,,0"
"USC00068911","1931-07","41.56667","-73.03333","103.9","WATERBURY CITY HALL, CT US","246.9","0","175.1",",0","13",",0","6",",0","0",",0","0",",0","0",",0","0",",0","0",",0","0",",0","31",",0","5",",0","","","","","11.7",",0,26,+","0",",,0,31,+","0",",,0,31,+","12.2",",,0,06,","37.2",",0,28,","0.0","0","0.0",",0","43.0",",,,0","0",",,,0","23.98",",0","30.00",",,,0","17.96",",,,0"
"USC00068911","1931-08","41.56667","-73.03333","103.9","WATERBURY CITY HALL, CT US","367.8","0","120.9","1,0","10",",0","7",",0","1",",0","0",",0","0",",0","0",",0","0",",0","0","1,0","29","1,0","5","1,0","","","","","8.9",",0,25,","0",",,0,31,+","0",",,0,31,+","37.3",",,0,12,","36.7","1,0,08,","1.4","0","1.4","1,0","82.0",",,,0","0",",,,0","22.38","1,0","28.93","1,,,0","15.83",",,,0"
"USC00068911","1931-09","41.56667","-73.03333","103.9","WATERBURY CITY HALL, CT US","443.8","0","76.0","1,0","7",",0","5",",0","0",",0","0",",0","0",",0","0",",0","0",",0","0","1,0","25","1,0","4","1,0","","","","","3.3",",0,30,","0",",,0,30,+","0",",,0,30,+","15.0",",,0,03,","36.1","1,0,11,","28.1","0","26.7","1,0","31.6",",,,0","0",",,,0","20.14","1,0","26.82","1,,,0","13.45",",,,0"
"USC00068911","1931-10","41.56667","-73.03333","103.9","WATERBURY CITY HALL, CT US","455.5","0","11.7","2,0","5",",0","4",",0","0",",0","0",",0","0",",0","0","1,0","2","1,0","0","1,0","16","1,0","0","1,0","","","","","-0.6","1,0,13,","0",",,0,31,+","0",",,0,31,+","22.9",",,0,29,","30.0","1,0,03,","153.5","0","125.4","1,0","51.9",",,,0","0",",,,0","14.31","2,0","21.70","1,,,0","6.92","1,,,0"
"USC00068911","1931-11","41.56667","-73.03333","103.9","WATERBURY CITY HALL, CT US","455.5","0","0.0","2,0","6",",0","4",",0","0",",0","0",",0","1",",0","0","1,0","6","1,0","0","1,0","5","1,0","0","1,0","4","","","","-8.3","1,0,08,","0",",T,0,27,","25",",,0,27,","10.2",",,0,20,","25.0","1,0,23,+","411.9","0","258.4","1,0","26.2",",,,0","25",",,,0","9.07","2,0","14.50","1,,,0","3.63","1,,,0"
"USC00068911","1931-12","41.56667","-73.03333","103.9","WATERBURY CITY HALL, CT US","455.5","0","0.0","1,0","10",",0","8",",0","1",",0","0",",0","1",",0","0",",0","20",",0","0","1,0","0","1,0","0","1,0","","","","","-11.1",",0,21,","0",",,0,31,+","33",",,0,09,","27.2",",,0,04,","17.2","1,0,12,","883.7","0","471.8","1,0","66.0",",,,0","33",",,,0","2.56","1,0","8.18","1,,,0","-3.05",",,,0"
"USC00068911","1932-01","41.56667","-73.03333","103.9","WATERBURY CITY HALL, CT US","0.0","0","0.0","3,0","11",",0","9",",0","1",",0","1",",0","1",",0","0","2,0","13","2,0","0","1,0","1","1,0","0","1,0","","","","","-6.7","2,0,29,+","51",",,0,08,","51",",,0,08,","32.5",",,0,02,","22.8","1,0,14,","1268.6","0","384.9","1,0","102.3",",,,0","51",",,,0","4.42","3,0","8.81","1,,,0","0.03","2,,,0"
"USC00068911","1932-02","41.56667","-73.03333","103.9","WATERBURY CITY HALL, CT US","0.0","0","0.0",",0","11",",0","7",",0","0",",0","7",",0","2",",0","0",",0","27",",0","3",",0","0",",0","0",",0","","","","","-11.7",",0,25,","152",",,0,05,","203",",,0,05,","17.8",",,0,04,","13.3",",0,26,","1792.0","0","523.4",",0","59.4",",,,0","261",",,,0","0.29",",0","5.65",",,,0","-5.08",",,,0"
"USC00068911","1932-03","41.56667","-73.03333","103.9","WATERBURY CITY HALL, CT US","0.0","0","0.0",",0","10",",0","9",",0","1",",0","1",",0","1",",0","0",",0","27",",0","3",",0","0",",0","0",",0","","","","","-11.1",",0,10,","51",",,0,21,","51",",,0,21,","50.8",",,0,28,","15.6",",0,30,","2297.7","0","505.7",",0","123.4",",,,0","51",",,,0","2.02",",0","7.13",",,,0","-3.09",",,,0"
"USC00068911","1932-04","41.56667","-73.03333","103.9","WATERBURY CITY HALL, CT US","0.0","0","0.0","1,0","7",",0","4",",0","0",",0","0",",0","0",",0","0",",0","10",",0","0","1,0","6","1,0","0","1,0","","","","","-5.0",",0,05,","0",",,0,30,+","0",",T,0,27,","25.1",",,0,12,","25.0","1,0,22,","2582.4","0","284.7","1,0","47.7",",,,0","0",",T,,0","8.53","1,0","15.21","1,,,0","1.86",",,,0"
"USC00068911","1932-05","41.56667","-73.03333","103.9","WATERBURY CITY HALL, CT US","30.5","0","30.5","1,0","6",",0","6",",0","0",",0","0",",0","0",",0","0",",0","0",",0","0","1,0","20","1,0","3","1,0","","","","","3.3",",0,24,","0",",,0,31,+","0",",,0,31,+","19.3",",,0,27,","35.0","1,0,25,","2665.2","0","82.8","1,0","61.5",",,,0","0",",,,0","16.61","1,0","23.94","1,,,0","9.29",",,,0"
"USC00068911","1932-06","41.56667","-73.03333","103.9","WATERBURY CITY HALL, CT US","116.0","0","85.5","1,0","10",",0","4",",0","0",",0","0",",0","0",",0","0",",0","0",",0","0","1,0","27","1,0","6","1,0","","","","","5.0",",0,11,+","0",",,0,30,+","0",",,0,30,+","19.8",",,0,16,","33.9","1,0,05,","2689.6","0","24.4","1,0","49.0",",,,0","0",",,,0","20.46","1,0","27.59","1,,,0","13.33",",,,0"
"USC00068911","1932-07","41.56667","-73.03333","103.9","WATERBURY CITY HALL, CT US","242.9","0","126.9",",0","9",",0","7",",0","1",",0","0",",0","0",",0","0",",0","0",",0","0",",0","31",",0","5",",0","","","","","8.3",",0,31,","0",",,0,31,+","0",",,0,31,+","25.4",",,0,27,","33.3",",0,21,+","0.9","0","0.9",",0","80.8",",,,0","0",",,,0","22.40",",0","29.70",",,,0","15.10",",,,0"
"USC00068911","1932-08","41.56667","-73.03333","103.9","WATERBURY CITY HALL, CT US","381.0","0","138.1",",0","8",",0","7",",0","2",",0","0",",0","0",",0","0",",0","0",",0","0",",0","31",",0","5",",0","","","","","10.6",",0,24,+","0",",,0,31,+","0",",,0,31,+","36.8",",,0,27,+","34.4",",0,25,","0.9","0","0.0",",0","123.2",",,,0","0",",,,0","22.79",",0","30.05",",,,0","15.52",",,,0"
"USC00068911","1932-09","41.56667","-73.03333","103.9","WATERBURY CITY HALL, CT US","438.0","0","57.0",",0","9",",0","6",",0","0",",0","0",",0","0",",0","0",",0","0",",0","0",",0","26",",0","1",",0","","","","","1.1",",0,26,","0",",,0,30,+","0",",,0,30,+","20.1",",,0,16,","35.6",",0,02,","49.5","0","48.6",",0","76.0",",,,0","0",",,,0","18.61",",0","25.83",",,,0","11.39",",,,0"
"USC00068911","1932-10","41.56667","-73.03333","103.9","WATERBURY CITY HALL, CT US","441.9","0","3.9",",0","10",",0","6",",0","2",",0","0",",0","0",",0","0",",0","4",",0","0",",0","9",",0","0",",0","","","","","-3.3",",0,14,","0",",,0,31,+","0",",,0,31,+","68.3",",,0,18,","30.0",",0,09,","213.3","0","163.8",",0","141.0",",,,0","0",",,,0","13.18",",0","18.95",",,,0","7.40",",,,0"
"USC00068911","1932-11","41.56667","-73.03333","103.9","WATERBURY CITY HALL, CT US","441.9","0","0.0",",0","7","1,0","6","1,0","4","1,0","0",",0","0",",0","0",",0","16",",0","1",",0","0",",0","0",",0","","","","","-12.8",",0,27,","0",",,0,30,+","0",",,0,30,+","89.4","1,,0,10,","18.3",",0,19,","601.8","0","388.5",",0","213.0","1,,,0","0",",,,0","5.38",",0","11.52",",,,0","-0.76",",,,0"
"USC00068911","1932-12","41.56667","-73.03333","103.9","WATERBURY CITY HALL, CT US","441.9","0","0.0","2,0","12","1,0","5","1,0","0","1,0","11",",0","4",",0","1","2,0","19","2,0","7",",0","0",",0","0",",0","","","","","-18.3","2,0,19,","229",",,0,18,","127",",,0,18,","10.9","1,,0,12,","18.9",",0,03,","1086.6","0","484.8",",0","46.2","1,,,0","292",",,,0","1.77","2,0","7.61",",,,0","-4.06","2,,,0"
"USC00068911","1933-01","41.56667","-73.03333","103.9","WATERBURY CITY HALL, CT US","0.0","0","0.0","1,0","5",",0","4",",0","0",",0","5",",0","4",",0","0",",0","23",",0","1","1,0","0","1,0","0","1,0","","","","","-12.8",",0,01,","76",",,0,09,","64",",,0,09,","20.8",",,0,09,","15.0","1,0,23,+","1543.3","0","456.7","1,0","48.8",",,,0","191",",,,0","3.05","1,0","8.43","1,,,0","-2.34",",,,0"
"USC00068911","1933-02","41.56667","-73.03333","103.9","WATERBURY CITY HALL, CT US","0.0","0","0.0","1,0","10",",0","7",",0","1",",0","8",",0","3",",0","1",",0","24",",0","4","1,0","0","1,0","0","1,0","","","","","-20.6",",0,13,","254",",,0,11,","254",",,0,11,","25.9",",,0,11,","18.9","1,0,08,","2022.7","0","479.4","1,0","84.1",",,,0","397",",,,0","0.67","1,0","6.21","1,,,0","-4.88",",,,0"
"USC00068911","1933-03","41.56667","-73.03333","103.9","WATERBURY CITY HALL, CT US","0.0","0","0.0",",0","11",",0","9",",0","2",",0","4",",0","3",",0","0",",0","22",",0","1",",0","0",",0","0",",0","","","","","-12.2",",0,11,","76",",,0,25,+","102",",,0,25,+","30.2",",,0,21,","16.1",",0,17,","2511.3","0","488.6",",0","137.8",",,,0","280",",,,0","2.57",",0","7.06",",,,0","-1.91",",,,0"
"USC00068911","1933-04","41.56667","-73.03333","103.9","WATERBURY CITY HALL, CT US","0.0","0","0.0","4,0","9","4,0","8","4,0","0","4,0","0",",0","1",",0","0","2,0","4","2,0","0","2,0","4","2,0","0","2,0","","","","","-3.3","2,0,28,","0",",,0,30,+","51",",,0,12,","24.4","4,,0,18,","26.1","2,0,29,","2725.2","0","213.9","2,0","127.0",",a,,0","51",",,,0","9.90","4,0","15.87","2,,,0","3.93","2,,,0"
"USC00068911","1933-05","41.56667","-73.03333","103.9","WATERBURY CITY HALL, CT US","42.7","0","42.7",",0","9",",0","7",",0","0",",0","0",",0","0",",0","0",",0","0",",0","0",",0","25",",0","3",",0","","","","","2.2",",0,05,","0",",,0,31,+","0",",,0,31,+","14.0",",,0,10,","33.9",",0,27,","2779.6","0","54.4",",0","56.0",",,,0","0",",,,0","17.95",",0","24.73",",,,0","11.18",",,,0"
"USC00068911","1933-06","41.56667","-73.03333","103.9","WATERBURY CITY HALL, CT US","164.1","0","121.4",",0","10",",0","7",",0","1",",0","0",",0","0",",0","0",",0","0",",0","0",",0","27",",0","8",",0","","","","","6.1",",0,02,","0",",,0,30,+","0",",,0,30,+","56.1",",,0,06,","37.2",",0,29,","2797.9","0","18.3",",0","91.3",",,,0","0",",,,0","21.77",",0","28.88",",,,0","14.66",",,,0"
"USC00068911","1933-07","41.56667","-73.03333","103.9","WATERBURY CITY HALL, CT US","333.0","0","168.9",",0","11",",0","4",",0","0",",0","0",",0","0",",0","0",",0","0",",0","0",",0","30",",0","14",",0","","","","","9.4",",0,04,","0",",,0,31,+","0",",,0,31,+","15.0",",,0,11,","38.9",",0,31,","2.8","0","2.8",",0","40.5",",,,0","0",",,,0","23.69",",0","30.97",",,,0","16.42",",,,0"
"USC00068911","1933-08","41.56667","-73.03333","103.9","WATERBURY CITY HALL, CT US","463.2","0","130.2","1,0","16",",0","14",",0","1",",0","0",",0","0",",0","0",",0","0",",0","0","1,0","30","1,0","6","1,0","","","","","9.4",",0,11,","0",",,0,31,+","0",",,0,31,+","52.3",",,0,24,","37.2","1,0,01,","3.9","0","1.1","1,0","166.6",",,,0","0",",,,0","22.65","1,0","28.71","1,,,0","16.58",",,,0"
"USC00068911","1933-09","41.56667","-73.03333","103.9","WATERBURY CITY HALL, CT US","538.8","0","75.6","1,0","13",",0","8",",0","2",",0","0",",0","0",",0","0",",0","0",",0","0","1,0","27","1,0","0","1,0","","","","","5.0",",0,13,","0",",,0,30,+","0",",,0,30,+","49.3",",,0,04,","31.7","1,0,27,+","31.7","0","27.8","1,0","145.7",",,,0","0",",,,0","19.95","1,0","25.99","1,,,0","13.91",",,,0"
"USC00068911","1933-10","41.56667","-73.03333","103.9","WATERBURY CITY HALL, CT US","539.1","0","0.3","1,0","9",",0","8",",0","0",",0","0",",0","0",",0","0","1,0","4","1,0","0",",0","11",",0","0",",0","","","","","-3.3","1,0,29,+","0",",,0,31,+","0",",,0,31,+","15.2",",,0,05,","26.1",",0,01,","230.5","0","198.8",",0","65.4",",,,0","0",",,,0","11.76","1,0","18.75",",,,0","4.78","1,,,0"
"USC00068911","1933-11","41.56667","-73.03333","103.9","WATERBURY CITY HALL, CT US","539.1","0","0.0","1,0","5",",0","4",",0","0",",0","0",",0","3",",0","0","1,0","19","1,0","2",",0","1",",0","0",",0","","","","","-10.6","1,0,16,","0",",,0,30,+","51",",,0,12,","5.8",",,0,12,","21.1",",0,30,","643.0","0","412.5",",0","19.9",",,,0","158",",,,0","4.14","1,0","9.33",",,,0","-1.05","1,,,0"
"USC00068911","1933-12","41.56667","-73.03333","103.9","WATERBURY CITY HALL, CT US","539.1","0","0.0","2,0","12",",0","8",",0","0",",0","8",",0","2",",0","3","1,0","26","1,0","10","1,0","0","1,0","0","1,0","","","","","-23.9","1,0,29,","229",",,0,26,","229",",,0,26,","24.9",",,0,26,","13.9","1,0,01,","1230.8","0","587.8","1,0","77.4",",,,0","349",",,,0","-1.79","2,0","3.45","1,,,0","-7.02","1,,,0"
"USC00068911","1934-01","41.56667","-73.03333","103.9","WATERBURY CITY HALL, CT US","0.0","0","0.0",",0","8",",0","7",",0","1",",0","0",",0","1",",0","0",",0","23",",0","5",",0","0",",0","0",",0","","","","","-16.1",",0,30,+","0",",,0,31,+","25",",,0,27,","25.4",",,0,23,","13.9",",0,25,","1796.0","0","565.2",",0","91.7",",,,0","25",",,,0","0.10",",0","5.34",",,,0","-5.14",",,,0"
"USC00068911","1934-02","41.56667","-73.03333","103.9","WATERBURY CITY HALL, CT US","0.0","0","0.0",",0","9",",0","6",",0","1",",0","0",",0","5",",0","9",",0","28",",0","16",",0","0",",0","0",",0","","","","","-26.7",",0,09,","0",",,0,28,+","457",",,0,20,","32.8",",,0,20,","8.3",",0,15,","2517.2","0","721.2",",0","81.2",",,,0","890",",,,0","-7.43",",0","-0.30",",,,0","-14.55",",,,0"
"USC00068911","1934-03","41.56667","-73.03333","103.9","WATERBURY CITY HALL, CT US","0.0","0","0.0",",0","16",",0","7",",0","0",",0","5",",0","3",",0","0",",0","24",",0","1",",0","1",",0","0",",0","","","","","-15.6",",0,01,","102",",,0,11,","76",",,0,11,","20.3",",,0,28,","21.7",",0,18,","3002.6","0","485.4",",0","77.5",",,,0","139",",,,0","2.67",",0","9.45",",,,0","-4.10",",,,0"
"USC00068911","1934-04","41.56667","-73.03333","103.9","WATERBURY CITY HALL, CT US","0.0","0","0.0","2,0","12",",0","9",",0","2",",0","0",",0","0",",0","0","1,0","5","1,0","0","1,0","6","1,0","0","1,0","","","","","-5.6","1,0,08,","0",",,0,30,+","0",",,0,30,+","49.0",",,0,12,","26.7","1,0,18,","3230.4","0","227.8","1,0","147.6",",,,0","0",",,,0","10.24","2,0","17.23","1,,,0","3.24","1,,,0"
"USC00068911","1934-05","41.56667","-73.03333","103.9","WATERBURY CITY HALL, CT US","36.2","0","36.2",",0","11","4,0","8","4,0","1","4,0","0",",0","0",",0","0",",0","0",",0","0",",0","26",",0","2",",0","","","","","1.1",",0,13,","0",",,0,31,+","0",",,0,31,+","33.0","4,,0,21,","33.9",",0,05,","3302.1","0","71.7",",0","166.5",",a,,0","0",",,,0","17.19",",0","24.76",",,,0","9.62",",,,0"
"USC00068911","1934-06","41.56667","-73.03333","103.9","WATERBURY CITY HALL, CT US","159.0","0","122.8",",0","8",",0","6",",0","1",",0","0",",0","0",",0","0",",0","0",",0","0",",0","28",",0","5",",0","","","","","5.0",",0,08,","0",",,0,30,+","0",",,0,30,+","45.7",",,0,19,","38.3",",0,29,","3309.5","0","7.4",",0","90.1",",,,0","0",",,,0","22.18",",0","28.93",",,,0","15.43",",,,0"
"USC00068911","1934-07","41.56667","-73.03333","103.9","WATERBURY CITY HALL, CT US","342.4","0","183.4",",0","7",",0","7",",0","3",",0","0",",0","0",",0","0",",0","0",",0","0",",0","31",",0","18",",0","","","","","11.1",",0,24,+","0",",,0,31,+","0",",,0,31,+","32.5",",,0,28,","36.7",",0,03,","0.0","0","0.0",",0","111.9",",,,0","0",",,,0","24.25",",0","32.09",",,,0","16.41",",,,0"
"USC00068911","1934-08","41.56667","-73.03333","103.9","WATERBURY CITY HALL, CT US","432.9","0","90.5","1,0","9",",0","6",",0","2",",0","0",",0","0",",0","0","1,0","0","1,0","0",",0","30",",0","1",",0","","","","","5.0","1,0,31,","0",",,0,31,+","0",",,0,31,+","30.7",",,0,03,","32.2",",0,10,","12.8","0","12.8",",0","93.2",",,,0","0",",,,0","20.89","1,0","27.60",",,,0","14.18","1,,,0"
"USC00068911","1934-09","41.56667","-73.03333","103.9","WATERBURY CITY HALL, CT US","485.5","0","52.6","1,0","14",",0","10",",0","3",",0","0",",0","0",",0","0",",0","0",",0","0","1,0","26","1,0","1","1,0","","","","","5.6",",0,01,","0",",,0,30,+","0",",,0,30,+","128.0",",,0,09,","32.2","1,0,10,","36.1","0","23.3","1,0","327.9",",,,0","0",",,,0","19.42","1,0","24.77","1,,,0","14.08",",,,0"
"USC00068911","1934-10","41.56667","-73.03333","103.9","WATERBURY CITY HALL, CT US","485.5","0","0.0","2,0","8",",0","4",",0","0",",0","0",",0","0",",0","0","1,0","2","1,0","0","1,0","7","1,0","0","1,0","","","","","-1.7","1,0,31,","0",",,0,31,+","0",",T,0,28,","21.1",",,0,26,+","26.1","1,0,03,","247.7","0","211.6","1,0","60.0",",,,0","0",",T,,0","11.03","2,0","17.74","1,,,0","4.32","1,,,0"
"USC00068911","1934-11","41.56667","-73.03333","103.9","WATERBURY CITY HALL, CT US","485.5","0","0.0","4,0","12",",0","8",",0","0",",0","0",",0","0",",0","0","2,0","10","2,0","0","2,0","3","2,0","0","2,0","","","","","-7.2","2,0,15,","0",",,0,30,+","0",",T,0,12,","23.1",",,0,06,","25.0","2,0,20,","513.6","0","265.9","2,0","97.9",",,,0","0",",T,,0","8.09","4,0","13.25","2,,,0","2.94","2,,,0"
"USC00068911","1934-12","41.56667","-73.03333","103.9","WATERBURY CITY HALL, CT US","485.5","0","0.0",",0","9",",0","6",",0","1",",0","4",",0","1",",0","0",",0","25",",0","4",",0","0",",0","0",",0","","","","","-13.9",",0,10,+","127",",,0,25,","127",",,0,25,","30.7",",,0,19,","17.2",",0,01,","1085.3","0","571.7",",0","81.5",",,,0","140",",,,0","-0.11",",0","4.67",",,,0","-4.88",",,,0"
"USC00068911","1935-01","41.56667","-73.03333","103.9","WATERBURY CITY HALL, CT US","0.0","0","0.0",",0","7","1,0","5","1,0","2","1,0","19","2,0","5","1,0","5",",0","27",",0","14",",0","0",",0","0",",0","4","","","","-25.6",",0,28,","432","2,,0,28,+","140","1,,0,24,+","26.4","1,,0,01,","13.3",",0,09,","1759.2","0","673.9",",0","80.1","1,,,0","509","1,,,0","-3.41",",0","2.19",",,,0","-9.00",",,,0"
"USC00068911","1935-02","41.56667","-73.03333","103.9","WATERBURY CITY HALL, CT US","0.0","0","0.0",",0","8",",0","5",",0","0",",0","7","4,0","3","2,0","2",",0","24",",0","4",",0","0",",0","0",",0","","","","","-23.3",",0,01,","381","4,,0,01,","140","2,,0,27,","21.3",",,0,15,","17.8",",0,16,","2312.6","0","553.4",",0","64.7",",,,0","242","2,,,0","-1.43",",0","4.33",",,,0","-7.19",",,,0"
"USC00068911","1935-03","41.56667","-73.03333","103.9","WATERBURY CITY HALL, CT US","0.0","0","0.0","1,0","9",",0","6",",0","0",",0","3",",0","0",",0","0",",0","16",",0","0","1,0","2","1,0","0","1,0","","","","","-16.1",",0,01,","152",",,0,01,","20",",,0,08,+","9.9",",,0,28,","24.4","1,0,16,","2701.9","0","389.3","1,0","48.2",",,,0","40",",,,0","5.27","1,0","11.62","1,,,0","-1.08",",,,0"
"USC00068911","1935-04","41.56667","-73.03333","103.9","WATERBURY CITY HALL, CT US","3.3","0","3.3","3,0","12",",0","6",",0","1",",0","0",",0","1",",0","0","3,0","5","3,0","0",",0","6",",0","0",",0","","","","","-3.9","3,0,04,","0",",,0,30,+","33",",,0,17,","33.3",",,0,09,","31.7",",0,27,","2952.7","0","250.8",",0","66.9",",,,0","53",",,,0","9.32","3,0","15.09",",,,0","3.54","3,,,0"
"USC00068911","1935-05","41.56667","-73.03333","103.9","WATERBURY CITY HALL, CT US","18.5","0","15.2","2,0","9",",0","4",",0","0",",0","0",",0","0",",0","0","2,0","0","2,0","0",",0","19",",0","1",",0","","","","","2.2","2,0,25,+","0",",,0,31,+","0",",,0,31,+","19.6",",,0,07,","32.2",",0,28,","3072.6","0","119.9",",0","50.4",",,,0","0",",,,0","14.55","2,0","22.01",",,,0","7.09","2,,,0"
"USC00068911","1935-06","41.56667","-73.03333","103.9","WATERBURY CITY HALL, CT US","88.4","0","69.9",",0","15",",0","11",",0","1",",0","0",",0","0",",0","0",",0","0",",0","0",",0","27",",0","4",",0","","","","","7.2",",0,02,","0",",,0,30,+","0",",,0,30,+","54.9",",,0,18,","33.3",",0,30,+","3084.2","0","11.6",",0","139.0",",,,0","0",",,,0","20.28",",0","27.07",",,,0","13.48",",,,0"
"USC00068911","1935-07","41.56667","-73.03333","103.9","WATERBURY CITY HALL, CT US","286.3","0","197.9",",0","10",",0","7",",0","2",",0","0",",0","0",",0","0",",0","0",",0","0",",0","31",",0","14",",0","","","5","","10.6",",0,03,","0",",,0,31,+","0",",,0,31,+","50.8",",,0,06,","36.1",",0,12,","0.0","0","0.0",",0","132.2",",,,0","0",",,,0","24.72",",0","31.35",",,,0","18.08",",,,0"
"USC00068911","1935-08","41.56667","-73.03333","103.9","WATERBURY CITY HALL, CT US","442.2","0","155.9",",0","5",",0","3",",0","0",",0","0",",0","0",",0","0",",0","0",",0","0",",0","31",",0","11",",0","","","","","8.3",",0,29,","0",",,0,31,+","0",",,0,31,+","9.1",",,0,11,","37.2",",0,17,+","1.9","0","1.9",",0","22.9",",,,0","0",",,,0","23.30",",0","30.66",",,,0","15.94",",,,0"
"USC00068911","1935-09","41.56667","-73.03333","103.9","WATERBURY CITY HALL, CT US","456.1","0","13.9","1,0","10",",0","4",",0","2",",0","0",",0","0",",0","0",",0","0",",0","0","1,0","25","1,0","0","1,0","","","","","1.7",",0,24,","0",",,0,30,+","0",",,0,30,+","53.3",",,0,05,","30.0","1,0,12,","51.9","0","50.0","1,0","100.5",",,,0","0",",,,0","17.11","1,0","23.83","1,,,0","10.39",",,,0"
"USC00068911","1935-10","41.56667","-73.03333","103.9","WATERBURY CITY HALL, CT US","457.0","0","0.9","1,0","6",",0","3",",0","0",",0","0",",0","0",",0","0",",0","5",",0","0","1,0","15","1,0","0","1,0","","","","","-3.3",",0,17,","0",",,0,31,+","0",",,0,31,+","3.6",",,0,07,","26.7","1,0,18,","213.8","0","161.9","1,0","13.7",",,,0","0",",,,0","12.94","1,0","20.48","1,,,0","5.40",",,,0"
"USC00068911","1935-11","41.56667","-73.03333","103.9","WATERBURY CITY HALL, CT US","457.0","0","0.0","1,0","16",",0","8",",0","1",",0","2",",0","2",",0","0","1,0","10","1,0","0",",0","1",",0","0",",0","","","","","-11.1","1,0,25,","127",",,0,24,","160",",,0,24,","28.4",",,0,29,","21.7",",0,03,","502.5","0","288.7",",0","82.0",",,,0","213",",,,0","8.45","1,0","13.14",",,,0","3.75","1,,,0"
"USC00068911","1935-12","41.56667","-73.03333","103.9","WATERBURY CITY HALL, CT US","457.0","0","0.0",",0","8",",0","4",",0","0",",0","2",",0","1",",0","0",",0","25",",0","13",",0","0",",0","0",",0","","","","","-15.0",",0,29,","51",",,0,30,","71",",,0,30,","6.1",",,0,16,","13.9",",0,21,","1117.8","0","615.3",",0","22.8",",,,0","107",",,,0","-1.52",",0","2.81",",,,0","-5.84",",,,0"
"USC00068911","1936-01","41.56667","-73.03333","103.9","WATERBURY CITY HALL, CT US","0.0","0","0.0","1,0","15",",0","10",",0","2",",0","14",",0","3",",0","3","1,0","28","1,0","10",",0","0",",0","0",",0","","","","","-20.6","1,0,30,","254",",,0,24,+","203",",,0,19,","48.8",",,0,03,","13.3",",0,03,","1736.3","0","618.5",",0","166.7",",,,0","328",",,,0","-2.24","1,0","3.32",",,,0","-7.80","1,,,0"
"USC00068911","1936-02","41.56667","-73.03333","103.9","WATERBURY CITY HALL, CT US","0.0","0","0.0","2,0","7",",0","6",",0","0",",0","29",",0","5",",0","6","1,0","25","1,0","14","1,0","0","1,0","0","1,0","","","","","-23.3","1,0,20,","406",",,0,14,","127",",,0,09,","16.8",",,0,14,","12.2","1,0,25,","2367.8","0","631.5","1,0","64.9",",,,0","368",",,,0","-5.00","2,0","1.41","1,,,0","-11.42","1,,,0"
"USC00068911","1936-03","41.56667","-73.03333","103.9","WATERBURY CITY HALL, CT US","0.0","0","0.0","1,0","15",",0","10",",0","3",",0","2",",0","2",",0","0",",0","12",",0","0","1,0","2","1,0","0","1,0","","","","","-12.8",",0,08,","25",",,0,05,+","51",",,0,03,","88.4",",,0,12,","25.0","1,0,30,","2693.3","0","325.5","1,0","225.1",",,,0","89",",,,0","7.58","1,0","13.74","1,,,0","1.42",",,,0"
"USC00068911","1936-04","41.56667","-73.03333","103.9","WATERBURY CITY HALL, CT US","3.1","0","3.1",",0","13",",0","7",",0","1",",0","0",",0","0",",0","0",",0","9",",0","0",",0","4",",0","0",",0","","","","","-3.9",",0,09,","0",",,0,30,+","0",",,0,30,+","43.7",",,0,06,","29.4",",0,30,","2983.3","0","290.0",",0","96.3",",,,0","0",",,,0","8.77",",0","15.13",",,,0","2.41",",,,0"
"USC00068911","1936-05","41.56667","-73.03333","103.9","WATERBURY CITY HALL, CT US","54.3","0","51.2",",0","8",",0","5",",0","0",",0","0",",0","0",",0","0",",0","1",",0","0",",0","29",",0","7",",0","","","","","0.0",",0,15,","0",",,0,31,+","0",",,0,31,+","15.7",",,0,14,","35.6",",0,09,","3049.7","0","66.4",",0","64.9",",,,0","0",",,,0","17.84",",0","26.86",",,,0","8.83",",,,0"
"USC00068911","1936-06","41.56667","-73.03333","103.9","WATERBURY CITY HALL, CT US","131.3","0","77.0",",0","11",",0","7",",0","1",",0","0",",0","0",",0","0",",0","0",",0","0",",0","29",",0","2",",0","","","","","6.7",",0,23,","0",",,0,30,+","0",",,0,30,+","28.7",",,0,13,","33.3",",0,03,","3057.1","0","7.4",",0","99.8",",,,0","0",",,,0","20.65",",0","27.58",",,,0","13.72",",,,0"
"USC00068911","1936-07","41.56667","-73.03333","103.9","WATERBURY CITY HALL, CT US","283.2","0","151.9",",0","6",",0","5",",0","0",",0","0",",0","0",",0","0",",0","0",",0","0",",0","31",",0","9",",0","","","4","","8.3",",0,31,","0",",,0,31,+","0",",,0,31,+","17.0",",,0,24,","39.4",",0,09,","0.0","0","0.0",",0","44.2",",,,0","0",",,,0","23.23",",0","31.18",",,,0","15.28",",,,0"
"USC00068911","1936-08","41.56667","-73.03333","103.9","WATERBURY CITY HALL, CT US","430.3","0","147.1",",0","11",",0","8",",0","0",",0","0",",0","0",",0","0",",0","0",",0","0",",0","31",",0","11",",0","","","","","10.6",",0,18,+","0",",,0,31,+","0",",,0,31,+","22.4",",,0,29,","36.1",",0,04,+","0.3","0","0.3",",0","92.0",",,,0","0",",,,0","23.07",",0","30.39",",,,0","15.74",",,,0"
"USC00068911","1936-09","41.56667","-73.03333","103.9","WATERBURY CITY HALL, CT US","488.7","0","58.4",",0","10",",0","10",",0","1",",0","0",",0","0",",0","0",",0","0",",0","0",",0","28",",0","2",",0","","","","","1.7",",0,26,","0",",,0,30,+","0",",,0,30,+","43.2",",,0,19,","33.3",",0,08,","39.4","0","39.1",",0","104.3",",,,0","0",",,,0","18.98",",0","25.44",",,,0","12.51",",,,0"
"USC00068911","1936-10","41.56667","-73.03333","103.9","WATERBURY CITY HALL, CT US","493.1","0","4.4",",0","8",",0","5",",0","2",",0","0",",0","0",",0","0",",0","6",",0","0",",0","15",",0","0",",0","","","","","-8.3",",0,28,","0",",,0,31,+","0",",,0,31,+","56.6",",,0,17,","27.8",",0,20,","225.0","0","185.6",",0","105.3",",,,0","0",",,,0","12.49",",0","19.26",",,,0","5.71",",,,0"
"USC00068911","1936-11","41.56667","-73.03333","103.9","WATERBURY CITY HALL, CT US","494.8","0","1.7",",0","7",",0","5",",0","0",",0","0",",0","1",",0","0",",0","19",",0","1",",0","3",",0","0",",0","","","","","-12.8",",0,28,","0",",T,0,28,+","114",",,0,24,","6.4",",,0,24,+","24.4",",0,03,","648.9","0","423.9",",0","27.2",",,,0","119",",,,0","4.26",",0","10.28",",,,0","-1.76",",,,0"
"USC00068911","1936-12","41.56667","-73.03333","103.9","WATERBURY CITY HALL, CT US","494.8","0","0.0",",0","12",",0","10",",0","2",",0","0",",0","0",",0","0",",0","24",",0","2",",0","0",",0","0",",0","","","","","-13.9",",0,01,","0",",,0,31,+","0",",T,0,19,+","48.8",",,0,20,","15.6",",0,26,","1163.6","0","514.7",",0","182.4",",,,0","0",",T,,0","1.73",",0","7.17",",,,0","-3.71",",,,0"
"USC00068911","1937-01","41.56667","-73.03333","103.9","WATERBURY CITY HALL, CT US","0.0","0","0.0","1,0","16",",0","13",",0","0",",0","3",",0","2",",0","0",",0","25",",0","1","1,0","0","1,0","0","1,0","","","","","-11.7",",0,24,","76",",,0,21,","46",",,0,20,","20.1",",,0,18,","17.8","1,0,09,","1632.0","0","468.4","1,0","149.3",",,,0","113",",,,0","2.69","1,0","7.70","1,,,0","-2.31",",,,0"
"USC00068911","1937-02","41.56667","-73.03333","103.9","WATERBURY CITY HALL, CT US","0.0","0","0.0","1,0","7",",0","4",",0","1",",0","1",",0","1",",0","0",",0","23",",0","1","1,0","0","1,0","0","1,0","","","","","-13.9",",0,03,","51",",,0,05,","51",",,0,05,","31.2",",,0,22,","15.6","1,0,13,","2094.2","0","462.2","1,0","64.9",",,,0","51",",,,0","1.11","1,0","6.62","1,,,0","-4.40",",,,0"
"USC00068911","1937-03","41.56667","-73.03333","103.9","WATERBURY CITY HALL, CT US","0.0","0","0.0",",0","10",",0","4",",0","1",",0","4",",0","1",",0","0",",0","29",",0","1",",0","0",",0","0",",0","","","","","-10.0",",0,12,+","51",",,0,15,","51",",,0,15,","29.2",",,0,16,","15.6",",0,04,","2637.6","0","543.4",",0","73.1",",,,0","85",",,,0","0.80",",0","6.23",",,,0","-4.62",",,,0"
"USC00068911","1937-04","41.56667","-73.03333","103.9","WATERBURY CITY HALL, CT US","0.0","0","0.0",",0","13",",0","9",",0","1",",0","0",",0","0",",0","0",",0","10",",0","0",",0","0",",0","0",",0","","","","","-3.9",",0,03,","0",",,0,30,+","13",",,0,09,","41.4",",,0,06,","20.6",",0,14,","2939.3","0","301.7",",0","117.3",",,,0","13",",,,0","8.28",",0","14.40",",,,0","2.15",",,,0"
"USC00068911","1937-05","41.56667","-73.03333","103.9","WATERBURY CITY HALL, CT US","14.8","0","14.8","2,0","13",",0","8",",0","1",",0","0",",0","0",",0","0",",0","0",",0","0","2,0","24","2,0","1","2,0","","","4","","0.6",",0,11,","0",",,0,31,+","0",",,0,31,+","25.4",",,0,15,","32.2","2,0,31,","3014.1","0","74.8","2,0","113.7",",,,0","0",",,,0","16.20","2,0","24.18","2,,,0","8.22",",,,0"
"USC00068911","1937-06","41.56667","-73.03333","103.9","WATERBURY CITY HALL, CT US","87.2","0","72.4",",0","14",",0","8",",0","2",",0","0",",0","0",",0","0",",0","0",",0","0",",0","29",",0","2",",0","","","4","","7.8",",0,12,","0",",,0,30,+","0",",,0,30,+","36.6",",,0,22,","35.0",",0,01,","3018.8","0","4.7",",0","134.2",",,,0","0",",,,0","20.59",",0","27.48",",,,0","13.70",",,,0"
"USC00068911","1937-07","41.56667","-73.03333","103.9","WATERBURY CITY HALL, CT US","241.8","0","154.6",",0","7",",0","4",",0","1",",0","0",",0","0",",0","0",",0","0",",0","0",",0","31",",0","11",",0","","","2","","8.3",",0,02,","0",",,0,31,+","0",",,0,31,+","25.4",",,0,01,","38.9",",0,09,","2.2","0","2.2",",0","72.5",",,,0","0",",,,0","23.25",",0","30.95",",,,0","15.54",",,,0"
"USC00068911","1937-08","41.56667","-73.03333","103.9","WATERBURY CITY HALL, CT US","412.6","0","170.8",",0","12",",0","11",",0","3",",0","0",",0","0",",0","0",",0","0",",0","0",",0","29",",0","12",",0","","","5","","10.6",",0,24,+","0",",,0,31,+","0",",,0,31,+","57.2",",,0,27,","36.1",",0,21,","10.0","0","7.8",",0","191.5",",,,0","0",",,,0","23.59",",0","30.74",",,,0","16.45",",,,0"
"USC00068911","1937-09","41.56667","-73.03333","103.9","WATERBURY CITY HALL, CT US","450.9","0","38.3",",0","6",",0","4",",0","1",",0","0",",0","0",",0","0",",0","0",",0","0",",0","23",",0","4",",0","","","","","0.6",",0,21,","0",",,0,30,+","0",",,0,30,+","49.5",",,0,13,","36.7",",0,01,","87.1","0","77.1",",0","83.0",",,,0","0",",,,0","17.04",",0","25.03",",,,0","9.04",",,,0"
"USC00068911","1937-10","41.56667","-73.03333","103.9","WATERBURY CITY HALL, CT US","456.7","0","5.8","1,0","6",",0","6",",0","2",",0","0",",0","0",",0","0","1,0","9","1,0","0",",0","9",",0","0",",0","","","","","-4.4","1,0,17,","0",",,0,31,+","0",",,0,31,+","75.4",",,0,20,","26.1",",0,06,","286.2","0","199.1",",0","147.2",",,,0","0",",,,0","11.91","1,0","18.11",",,,0","5.72","1,,,0"
"USC00068911","1937-11","41.56667","-73.03333","103.9","WATERBURY CITY HALL, CT US","456.7","0","0.0",",0","10",",0","5",",0","2",",0","0",",0","0",",0","0",",0","17",",0","0",",0","1",",0","0",",0","","","","","-7.8",",0,23,","0",",T,0,20,+","0",",T,0,21,+","57.2",",,0,13,","21.1",",0,10,","643.1","0","356.9",",0","162.4",",,,0","0",",T,,0","6.44",",0","12.12",",,,0","0.76",",,,0"
"USC00068911","1937-12","41.56667","-73.03333","103.9","WATERBURY CITY HALL, CT US","456.7","0","0.0",",0","8",",0","8",",0","0",",0","1",",0","1",",0","0",",0","28",",0","3",",0","0",",0","0",",0","","","","","-12.8",",0,12,","25",",,0,28,","25",",,0,28,","14.0",",,0,18,","10.6",",0,22,","1214.0","0","570.9",",0","55.1",",,,0","25",",,,0","-0.08",",0","4.52",",,,0","-4.68",",,,0"
"USC00068911","1938-01","41.56667","-73.03333","103.9","WATERBURY CITY HALL, CT US","0.0","0","0.0",",0","10",",0","8",",0","2",",0","15",",0","3",",0","1",",0","29",",0","13",",0","0",",0","0",",0","","","","","-23.9",",0,19,","152",",,0,22,+","229",",,0,13,","67.3",",,0,25,","14.4",",0,25,","1852.7","0","638.7",",0","161.7",",,,0","433",",,,0","-2.27",",0","2.85",",,,0","-7.39",",,,0"
"USC00068911","1938-02","41.56667","-73.03333","103.9","WATERBURY CITY HALL, CT US","0.0","0","0.0",",0","13",",0","6",",0","0",",0","6",",0","2",",0","0",",0","21",",0","2",",0","0",",0","0",",0","","","","","-15.0",",0,28,","51",",,0,20,","38",",,0,22,+","11.9",",,0,20,","12.2",",0,06,","2349.9","0","497.2",",0","57.3",",,,0","89",",,,0","0.58",",0","5.22",",,,0","-4.07",",,,0"
"USC00068911","1938-03","41.56667","-73.03333","103.9","WATERBURY CITY HALL, CT US","0.0","0","0.0",",0","11",",0","7",",0","0",",0","0",",0","1",",0","0",",0","15",",0","0",",0","4",",0","0",",0","","","","","-14.4",",0,04,","0",",T,0,05,","25",",,0,05,","12.2",",,0,05,","26.7",",0,22,","2757.9","0","408.0",",0","53.0",",,,0","25",",,,0","5.17",",0","11.36",",,,0","-1.02",",,,0"
"USC00068911","1938-04","41.56667","-73.03333","103.9","WATERBURY CITY HALL, CT US","11.1","0","11.1",",0","13",",0","8",",0","0",",0","1",",0","1",",0","0",",0","8",",0","0",",0","12",",0","2",",0","","","1","","-5.6",",0,06,","25",",,0,06,","76",",,0,07,","20.6",",,0,18,","33.3",",0,28,","2981.8","0","223.9",",0","83.5",",,,0","89",",,,0","11.24",",0","18.21",",,,0","4.27",",,,0"
"USC00068911","1938-05","41.56667","-73.03333","103.9","WATERBURY CITY HALL, CT US","15.5","0","4.4",",0","10","2,0","8","2,0","1","2,0","0",",0","0",",0","0",",0","1",",0","0",",0","19",",0","0",",0","","","2","","0.0",",0,13,","0",",,0,31,+","0",",,0,31,+","40.6","2,,0,15,","27.2",",0,28,","3102.2","0","120.4",",0","98.3",",a,,0","0",",,,0","14.59",",0","21.50",",,,0","7.68",",,,0"
"USC00068911","1938-06","41.56667","-73.03333","103.9","WATERBURY CITY HALL, CT US","93.0","0","77.5","2,0","11",",0","9",",0","1",",0","0",",0","0",",0","0",",0","0",",0","0","2,0","27","2,0","4","2,0","","","2","","3.9",",0,01,","0",",,0,30,+","0",",,0,30,+","35.3",",,0,27,","33.9","2,0,24,","3114.4","0","12.2","2,0","142.0",",,,0","0",",,,0","20.64","2,0","27.70","2,,,0","13.58",",,,0"
"USC00068911","1938-07","41.56667","-73.03333","103.9","WATERBURY CITY HALL, CT US","249.2","0","156.2",",0","15",",0","13",",0","3",",0","0",",0","0",",0","0",",0","0",",0","0",",0","31",",0","6",",0","","","","","10.0",",0,05,","0",",,0,31,+","0",",,0,31,+","55.9",",,0,23,","33.3",",0,31,+","0.8","0","0.8",",0","245.1",",,,0","0",",,,0","23.34",",0","29.12",",,,0","17.56",",,,0"
"USC00068911","1938-08","41.56667","-73.03333","103.9","WATERBURY CITY HALL, CT US","420.7","0","171.5",",0","4","2,0","3","2,0","1","2,0","0",",0","0",",0","0",",0","0",",0","0",",0","31",",0","12",",0","","","3","","11.1",",0,30,+","0",",,0,31,+","0",",,0,31,+","52.1","2,,0,11,","37.2",",0,03,","0.8","0","0.0",",0","134.1",",a,,0","0",",,,0","23.86",",0","31.03",",,,0","16.70",",,,0"
"USC00068911","1938-09","41.56667","-73.03333","103.9","WATERBURY CITY HALL, CT US","441.5","0","20.8",",0","14",",0","11",",0","3",",0","0",",0","0","1,0","0",",0","0",",0","0",",0","23",",0","0",",0","","","1","","2.2",",0,26,","0",",,0,30,+","0","1,,0,30,+","108.0",",,0,21,","29.4",",0,04,","73.2","0","72.4",",0","292.8",",,,0","0","1,,,0","16.61",",0","23.15",",,,0","10.08",",,,0"
"USC00068911","1938-10","41.56667","-73.03333","103.9","WATERBURY CITY HALL, CT US","449.5","0","8.0",",0","5",",0","4",",0","0",",0","0",",0","0",",0","0",",0","2",",0","0",",0","13",",0","0",",0","","","","","-1.1",",0,26,+","0",",,0,31,+","0",",,0,31,+","18.8",",,0,24,","31.7",",0,17,","226.5","0","153.3",",0","43.2",",,,0","0",",,,0","13.65",",0","20.73",",,,0","6.56",",,,0"
"USC00068911","1938-11","41.56667","-73.03333","103.9","WATERBURY CITY HALL, CT US","450.6","0","1.1",",0","10",",0","8",",0","1",",0","7",",0","3",",0","0",",0","16",",0","2",",0","4",",0","0",",0","","","","","-16.7",",0,26,","330",",,0,28,+","178",",,0,25,","29.5",",,0,25,","23.9",",0,05,","573.7","0","347.2",",0","89.2",",,,0","330",",,,0","6.80",",0","13.30",",,,0","0.30",",,,0"
"USC00068911","1938-12","41.56667","-73.03333","103.9","WATERBURY CITY HALL, CT US","450.6","0","0.0",",0","11",",0","7",",0","2",",0","12",",0","1",",0","0",",0","26",",0","7",",0","0",",0","0",",0","","","1","","-15.0",",0,03,","178",",,0,02,+","76",",,0,27,","26.9",",,0,06,","15.0",",0,04,","1142.3","0","568.6",",0","103.0",",,,0","99",",,,0","-0.01",",0","4.73",",,,0","-4.75",",,,0"
"USC00068911","1939-01","41.56667","-73.03333","103.9","WATERBURY CITY HALL, CT US","0.0","0","0.0",",0","7",",0","5",",0","1",",0","17",",0","3",",0","0",",0","27",",0","11",",0","0",",0","0",",0","","","","","-16.7",",0,27,+","178",",,0,16,+","178",",,0,14,","35.6",",,0,06,","11.1",",0,10,+","1792.3","0","650.0",",0","83.3",",,,0","233",",,,0","-2.63",",0","2.45",",,,0","-7.71",",,,0"
"USC00068911","1939-02","41.56667","-73.03333","103.9","WATERBURY CITY HALL, CT US","0.0","0","0.0",",0","11",",0","9",",0","0",",0","11",",0","1",",0","0",",0","24",",0","2",",0","0",",0","0",",0","","","","","-15.6",",0,17,","102",",,0,07,","102",",,0,07,","22.9",",,0,26,","19.4",",0,20,","2292.4","0","500.1",",0","108.3",",,,0","128",",,,0","0.47",",0","6.52",",,,0","-5.58",",,,0"
"USC00068911","1939-03","41.56667","-73.03333","103.9","WATERBURY CITY HALL, CT US","0.0","0","0.0","1,0","13",",0","10",",0","0",",0","15",",0","3",",0","0",",0","24",",0","2","1,0","0","1,0","0","1,0","","","","","-13.9",",0,11,","330",",,0,13,","254",",,0,12,","23.9",",,0,12,","19.4","1,0,24,","2796.0","0","503.6","1,0","111.7",",,,0","368",",,,0","1.68","1,0","7.24","1,,,0","-3.87",",,,0"
"USC00068911","1939-04","41.56667","-73.03333","103.9","WATERBURY CITY HALL, CT US","0.0","0","0.0",",0","13",",0","9",",0","1",",0","0",",0","0",",0","0",",0","13",",0","0",",0","4",",0","0",",0","","","3","","-5.0",",0,08,","0",",T,0,12,","0",",T,0,12,+","41.7",",,0,02,","30.6",",0,25,","3113.0","0","317.0",",0","125.9",",,,0","0",",T,,0","7.77",",0","14.04",",,,0","1.49",",,,0"
"USC00068911","1939-05","41.56667","-73.03333","103.9","WATERBURY CITY HALL, CT US","41.4","0","41.4",",0","6",",0","3",",0","0",",0","0",",0","0",",0","0",",0","2",",0","0",",0","22",",0","5",",0","","","2","","-0.6",",0,14,+","0",",,0,31,+","0",",,0,31,+","9.4",",,0,10,","34.4",",0,31,","3199.7","0","86.7",",0","27.1",",,,0","0",",,,0","16.87",",0","25.00",",,,0","8.75",",,,0"
"USC00068911","1939-06","41.56667","-73.03333","103.9","WATERBURY CITY HALL, CT US","121.9","0","80.5",",0","8","2,0","4","2,0","0","2,0","0",",0","0",",0","0",",0","0",",0","0",",0","29",",0","4",",0","","","1","","5.0",",0,19,","0",",,0,30,+","0",",,0,30,+","24.6","2,,0,14,","32.8",",0,08,+","3212.8","0","13.1",",0","77.6",",a,,0","0",",,,0","20.58",",0","27.77",",,,0","13.39",",,,0"
"USC00068911","1939-07","41.56667","-73.03333","103.9","WATERBURY CITY HALL, CT US","254.8","0","132.9",",0","7",",0","4",",0","0",",0","0",",0","0",",0","0",",0","0",",0","0",",0","31",",0","7",",0","","","2","","7.8",",0,03,","0",",,0,31,+","0",",,0,31,+","22.9",",,0,09,","34.4",",0,08,","1.1","0","1.1",",0","48.3",",,,0","0",",,,0","22.58",",0","30.01",",,,0","15.15",",,,0"
"USC00068911","1939-08","41.56667","-73.03333","103.9","WATERBURY CITY HALL, CT US","414.5","0","159.7",",0","11",",0","8",",0","4",",0","0",",0","0",",0","0",",0","0",",0","0",",0","30",",0","10",",0","","","3","","12.8",",0,06,","0",",,0,31,+","0",",,0,31,+","57.2",",,0,20,","33.3",",0,22,+","2.5","0","1.4",",0","197.2",",,,0","0",",,,0","23.44",",0","29.90",",,,0","16.98",",,,0"
"USC00068911","1939-09","41.56667","-73.03333","103.9","WATERBURY CITY HALL, CT US","447.0","0","32.5",",0","10",",0","6",",0","1",",0","0",",0","0",",0","0",",0","0",",0","0",",0","25",",0","1",",0","","","4","","1.7",",0,19,","0",",,0,30,+","0",",,0,30,+","48.3",",,0,27,","33.3",",0,16,","65.2","0","62.7",",0","77.1",",,,0","0",",,,0","17.33",",0","24.41",",,,0","10.24",",,,0"
"USC00068911","1939-10","41.56667","-73.03333","103.9","WATERBURY CITY HALL, CT US","454.2","0","7.2","2,0","8","2,0","6","2,0","1","2,0","0",",0","0",",0","0","1,0","7","1,0","0","1,0","12","1,0","1","1,0","","","","","-5.0","1,0,25,+","0",",,0,31,+","0",",,0,31,+","42.9","2,,0,31,","32.8","1,0,10,","291.8","0","226.6","1,0","131.0",",a,,0","0",",,,0","10.93","2,0","17.35","1,,,0","4.50","1,,,0"
"USC00068911","1939-11","41.56667","-73.03333","103.9","WATERBURY CITY HALL, CT US","454.2","0","0.0",",0","4",",0","2",",0","0",",0","0",",0","0",",0","0",",0","20",",0","0",",0","0",",0","0",",0","","","","","-6.7",",0,20,+","0",",,0,30,+","0",",T,0,09,","24.9",",,0,05,","17.8",",0,18,","717.5","0","425.7",",0","35.4",",,,0","0",",T,,0","4.14",",0","10.10",",,,0","-1.82",",,,0"
"USC00068911","1939-12","41.56667","-73.03333","103.9","WATERBURY CITY HALL, CT US","454.2","0","0.0","2,0","7","2,0","7","2,0","0","2,0","4","2,0","1","2,0","0","2,0","22","2,0","2","2,0","0","2,0","0","2,0","","","","","-15.6","2,0,27,","127","2,,0,30,","127","2,,0,30,","19.1","2,,0,20,","13.9","2,0,01,","1237.3","0","519.8","2,0","64.7","2,,,0","153","2,,,0","0.41","2,0","5.70","2,,,0","-4.88","2,,,0"
"USC00068911","1940-01","41.56667","-73.03333","103.9","WATERBURY CITY HALL, CT US","0.0","0","0.0","3,0","8","1,0","4","1,0","1","1,0","19",",0","4",",0","0","2,0","28","2,0","19","1,0","0","1,0","0","1,0","","","","","-17.2","2,0,10,","102",",,0,13,+","64",",,0,19,","58.4","1,,0,15,","11.1","1,0,15,","1899.2","0","661.9","1,0","85.2","1,,,0","165",",,,0","-5.56","3,0","-0.61","1,,,0","-10.52","2,,,0"
"USC00068911","1940-02","41.56667","-73.03333","103.9","WATERBURY CITY HALL, CT US","0.0","0","0.0",",0","11",",0","9",",0","0",",0","16",",0","6",",0","0",",0","27",",0","3",",0","0",",0","0",",0","","","1","","-17.2",",0,27,","229",",,0,15,","152",",,0,14,","22.9",",,0,14,","12.2",",0,12,","2472.7","0","573.5",",0","102.3",",,,0","367",",,,0","-1.44",",0","3.79",",,,0","-6.67",",,,0"
"USC00068911","1940-03","41.56667","-73.03333","103.9","WATERBURY CITY HALL, CT US","0.0","0","0.0","1,0","14",",0","12",",0","2",",0","12",",0","3",",0","0",",0","29",",0","5","1,0","0","1,0","0","1,0","","","","","-12.8",",0,12,","102",",,0,01,","107",",,0,28,","38.1",",,0,15,","16.7","1,0,31,","3029.8","0","557.1","1,0","132.7",",,,0","183",",,,0","-0.28","1,0","4.83","1,,,0","-5.38",",,,0"
"USC00068911","1940-04","41.56667","-73.03333","103.9","WATERBURY CITY HALL, CT US","0.0","0","0.0",",0","13",",0","10",",0","1",",0","0",",0","1",",0","0",",0","12",",0","0",",0","2",",0","0",",0","","","","","-7.2",",0,15,","0",",T,0,13,","25",",,0,13,","29.2",",,0,09,","22.2",",0,30,","3370.9","0","341.1",",0","155.7",",,,0","25",",,,0","6.96",",0","13.13",",,,0","0.79",",,,0"
"USC00068911","1940-05","41.56667","-73.03333","103.9","WATERBURY CITY HALL, CT US","2.5","0","2.5",",0","16",",0","10",",0","2",",0","0",",0","0",",0","0",",0","1",",0","0",",0","20",",0","0",",0","","","2","","-1.1",",0,02,","0",",,0,31,+","0",",,0,31,+","51.1",",,0,31,","27.2",",0,15,","3487.1","0","116.2",",0","155.7",",,,0","0",",,,0","14.67",",0","21.31",",,,0","8.03",",,,0"
"USC00068911","1940-06","41.56667","-73.03333","103.9","WATERBURY CITY HALL, CT US","66.1","0","63.6","1,0","12",",0","6",",0","1",",0","0",",0","0",",0","0",",0","0",",0","0","1,0","25","1,0","3","1,0","","","3","","3.9",",0,21,","0",",,0,30,+","0",",,0,30,+","55.1",",,0,10,","33.9","1,0,05,+","3521.0","0","33.9","1,0","117.3",",,,0","0",",,,0","19.33","1,0","26.72","1,,,0","11.94",",,,0"
"USC00068911","1940-07","41.56667","-73.03333","103.9","WATERBURY CITY HALL, CT US","194.6","0","128.5",",0","10",",0","5",",0","1",",0","0",",0","0",",0","0",",0","0",",0","0",",0","31",",0","10",",0","","","3","","5.0",",0,03,","0",",,0,31,+","0",",,0,31,+","33.0",",,0,12,","36.1",",0,30,+","10.9","0","10.9",",0","88.7",",,,0","0",",,,0","22.13",",0","29.82",",,,0","14.44",",,,0"
"USC00068911","1940-08","41.56667","-73.03333","103.9","WATERBURY CITY HALL, CT US","273.4","0","78.8","3,0","10",",0","6",",0","1",",0","0",",0","0",",0","0","1,0","0","1,0","0","2,0","27","2,0","2","2,0","","","1","","1.7","1,0,25,","0",",,0,31,+","0",",,0,31,+","26.4",",,0,20,","32.8","2,0,10,","34.4","0","23.5","2,0","68.1",",,,0","0",",,,0","20.13","3,0","27.26","2,,,0","13.00","1,,,0"
"USC00068911","1940-09","41.56667","-73.03333","103.9","WATERBURY CITY HALL, CT US","291.8","0","18.4","1,0","7",",0","4",",0","1",",0","0",",0","0",",0","0","1,0","1","1,0","0",",0","23",",0","0",",0","","","","","-1.1","1,0,27,","0",",,0,30,+","0",",,0,30,+","47.0",",,0,25,","31.1",",0,21,","125.2","0","90.8",",0","82.4",",,,0","0",",,,0","15.86","1,0","23.11",",,,0","8.60","1,,,0"
"USC00068911","1940-10","41.56667","-73.03333","103.9","WATERBURY CITY HALL, CT US","292.3","0","0.5","1,0","8",",0","7",",0","0",",0","0",",0","0",",0","0",",0","12",",0","0","1,0","9","1,0","0","1,0","","","","","-8.3",",0,22,","0",",,0,31,+","0",",,0,31,+","11.9",",,0,02,","25.6","1,0,12,","392.5","0","267.3","1,0","51.4",",,,0","0",",,,0","9.40","1,0","16.49","1,,,0","2.31",",,,0"
"USC00068911","1940-11","41.56667","-73.03333","103.9","WATERBURY CITY HALL, CT US","292.3","0","0.0","2,0","8",",0","7",",0","1",",0","4",",0","1",",0","0","1,0","13","1,0","0","1,0","1","1,0","0","1,0","","","","","-11.1","1,0,29,","127",",,0,28,+","127",",,0,27,","38.9",",,0,02,","22.2","1,0,05,","764.5","0","372.0","1,0","141.4",",,,0","140",",,,0","5.12","2,0","10.24","1,,,0","0.00","1,,,0"
"USC00068911","1940-12","41.56667","-73.03333","103.9","WATERBURY CITY HALL, CT US","292.3","0","0.0","2,0","10",",0","7",",0","0",",0","4",",0","1",",0","0","2,0","21","2,0","3",",0","0",",0","0",",0","","","","","-16.7","2,0,04,","102",",,0,06,+","102",",,0,05,","19.8",",,0,16,","16.7",",0,25,","1261.6","0","497.1",",0","62.5",",,,0","102",",,,0","1.16","2,0","5.98",",,,0","-3.66","2,,,0"
"USC00068911","1941-01","41.56667","-73.03333","103.9","WATERBURY CITY HALL, CT US","0.0","0","0.0","2,0","8",",0","6",",0","0",",0","18",",0","7",",0","1","1,0","30","1,0","8","1,0","0","1,0","0","1,0","","","","","-18.3","1,0,30,","178",",,0,27,","89",",,0,25,","22.9",",,0,17,","7.2","1,0,23,","1910.2","0","648.6","1,0","94.3",",,,0","368",",,,0","-4.02","2,0","0.80","1,,,0","-8.84","1,,,0"
"USC00068911","1941-02","41.56667","-73.03333","103.9","WATERBURY CITY HALL, CT US","0.0","0","0.0",",0","4",",0","2",",0","2",",0","7",",0","1",",0","0",",0","28",",0","4",",0","0",",0","0",",0","","","","","-15.0",",0,10,","127",",,0,04,+","25",",,0,18,","43.2",",,0,07,","9.4",",0,07,","2474.1","0","563.9",",0","83.7",",,,0","25",",,,0","-1.81",",0","3.47",",,,0","-7.08",",,,0"
"USC00068911","1941-03","41.56667","-73.03333","103.9","WATERBURY CITY HALL, CT US","0.0","0","0.0",",0","6","1,0","5","1,0","1","1,0","16",",0","5",",0","0",",0","31",",0","1",",0","0",",0","0",",0","","","","","-12.8",",0,14,","305",",,0,12,+","279",",,0,08,","34.3","1,,0,08,","12.8",",0,23,","3044.7","0","570.6",",0","56.9","1,,,0","622",",,,0","-0.07",",0","6.01",",,,0","-6.15",",,,0"
"USC00068911","1941-04","41.56667","-73.03333","103.9","WATERBURY CITY HALL, CT US","4.3","0","4.3","1,0","3",",0","2",",0","0",",0","0",",0","0",",0","0",",0","8",",0","0","1,0","11","1,0","0","1,0","","","","","-3.9",",0,07,","0",",,0,30,+","0",",,0,30,+","13.7",",,0,24,","31.7","1,0,20,","3243.8","0","199.1","1,0","21.8",",,,0","0",",,,0","11.75","1,0","20.13","1,,,0","3.36",",,,0"
"USC00068911","1941-05","41.56667","-73.03333","103.9","WATERBURY CITY HALL, CT US","23.8","0","19.5","2,0","10",",0","8",",0","0",",0","0",",0","0",",0","0",",0","4",",0","0","2,0","23","2,0","2","2,0","","","2","","0.0",",0,13,+","0",",,0,31,+","0",",,0,31,+","11.7",",,0,10,","33.9","2,0,22,","3342.1","0","98.3","2,0","49.9",",,,0","0",",,,0","15.67","2,0","24.67","2,,,0","6.67",",,,0"
"USC00068911","1941-06","41.56667","-73.03333","103.9","WATERBURY CITY HALL, CT US","99.2","0","75.4","1,0","9",",0","8",",0","1",",0","0",",0","0",",0","0",",0","0",",0","0","1,0","26","1,0","6","1,0","","","","","5.6",",0,12,","0",",,0,30,+","0",",,0,30,+","33.5",",,0,05,","35.6","1,0,22,","3364.0","0","21.9","1,0","111.5",",,,0","0",",,,0","20.16","1,0","27.32","1,,,0","13.00",",,,0"
"USC00068911","1941-07","41.56667","-73.03333","103.9","WATERBURY CITY HALL, CT US","220.2","0","121.0","1,0","15",",0","11",",0","2",",0","0",",0","0",",0","0",",0","0",",0","0","1,0","30","1,0","8","1,0","","","","","9.4",",0,21,","0",",,0,31,+","0",",,0,31,+","30.7",",,0,24,","36.1","1,0,01,","1.1","0","1.1","1,0","138.7",",,,0","0",",,,0","22.37","1,0","29.27","1,,,0","15.46",",,,0"
"USC00068911","1941-08","41.56667","-73.03333","103.9","WATERBURY CITY HALL, CT US","307.3","0","87.1","1,0","10",",0","6",",0","1",",0","0",",0","0",",0","0",",0","0",",0","0","1,0","30","1,0","4","1,0","","","3","","3.9",",0,14,","0",",,0,31,+","0",",,0,31,+","30.5",",,0,25,","33.3","1,0,31,+","15.4","0","14.3","1,0","102.5",",,,0","0",",,,0","20.76","1,0","28.55","1,,,0","12.96",",,,0"
"USC00068911","1941-09","41.56667","-73.03333","103.9","WATERBURY CITY HALL, CT US","355.7","0","48.4","1,0","4",",0","2",",0","0",",0","0",",0","0",",0","0",",0","1",",0","0","1,0","28","1,0","3","1,0","","","","","-1.7",",0,30,","0",",,0,30,+","0",",,0,30,+","6.6",",,0,11,","33.9","1,0,16,+","69.8","0","54.4","1,0","11.2",",,,0","0",",,,0","18.15","1,0","26.42","1,,,0","9.87",",,,0"
"USC00068911","1941-10","41.56667","-73.03333","103.9","WATERBURY CITY HALL, CT US","376.2","0","20.5",",0","12",",0","6",",0","1",",0","0",",0","0",",0","0",",0","7",",0","0",",0","14",",0","1",",0","","","1","","-2.2",",0,26,","0",",,0,31,+","0",",,0,31,+","25.4",",,0,28,","32.2",",0,05,","263.0","0","193.2",",0","78.7",",,,0","0",",,,0","12.76",",0","19.86",",,,0","5.66",",,,0"
"USC00068911","1941-11","41.56667","-73.03333","103.9","WATERBURY CITY HALL, CT US","376.2","0","0.0",",0","6",",0","5",",0","1",",0","0",",0","0",",0","0",",0","18",",0","0",",0","1",",0","0",",0","","","","","-7.8",",0,25,","0",",,0,30,+","0",",T,0,13,","33.0",",,0,01,","23.9",",0,19,","603.4","0","340.4",",0","80.8",",,,0","0",",T,,0","6.99",",0","13.64",",,,0","0.33",",,,0"
"USC00068911","1941-12","41.56667","-73.03333","103.9","WATERBURY CITY HALL, CT US","376.2","0","0.0","1,0","9",",0","5",",0","2",",0","1",",0","1",",0","0",",0","26",",0","2","1,0","0","1,0","0","1,0","","","","","-15.6",",0,21,","25",",,0,13,","38",",,0,13,","44.5",",,0,14,","17.8","1,0,04,","1114.5","0","511.1","1,0","109.6",",,,0","38",",,,0","1.26","1,0","6.84","1,,,0","-4.33",",,,0"
"USC00068911","1942-01","41.56667","-73.03333","103.9","WATERBURY CITY HALL, CT US","0.0","0","0.0",",0","5","4,0","3","4,0","1","4,0","16",",0","2",",0","4",",0","29",",0","7",",0","0",",0","0",",0","","","1","","-25.0",",0,09,","127",",,0,13,+","127",",,0,04,","27.4","4,,0,02,","13.3",",0,02,","1787.7","0","673.2",",0","96.5",",a,,0","152",",,,0","-3.38",",0","2.69",",,,0","-9.46",",,,0"
"USC00068911","1942-02","41.56667","-73.03333","103.9","WATERBURY CITY HALL, CT US","0.0","0","0.0",",0","5",",0","4",",0","0",",0","2",",0","1",",0","0",",0","28",",0","7",",0","0",",0","0",",0","","","","","-16.7",",0,04,","76",",,0,05,","64",",,0,05,","24.1",",,0,07,","11.1",",0,17,","2382.9","0","595.2",",0","68.8",",,,0","77",",,,0","-2.93",",0","2.33",",,,0","-8.18",",,,0"
"USC00068911","1942-03","41.56667","-73.03333","103.9","WATERBURY CITY HALL, CT US","0.0","0","0.0","2,0","12","2,0","8","2,0","2","2,0","0",",0","1",",0","0","2,0","16","2,0","0",",0","0",",0","0",",0","","","1","","-4.4","2,0,05,","0",",T,0,31,","76",",,0,31,","46.0","2,,0,03,","17.8",",0,08,","2763.7","0","380.8",",0","204.6",",a,,0","76",",,,0","5.29","2,0","10.29",",,,0","0.29","2,,,0"
"USC00068911","1942-04","41.56667","-73.03333","103.9","WATERBURY CITY HALL, CT US","0.3","0","0.3","5,0","6",",0","1",",0","0",",0","0",",0","1",",0","0","4,0","5","4,0","0","1,0","10","1,0","0","1,0","","","","","-2.8","4,0,14,","0",",T,0,11,+","25",",,0,10,","12.4",",,0,10,","30.0","1,0,30,","2955.8","0","192.1","1,0","16.8",",,,0","25",",,,0","11.18","5,0","18.47","1,,,0","3.89","4,,,0"
"USC00068911","1942-05","41.56667","-73.03333","103.9","WATERBURY CITY HALL, CT US","22.3","0","22.0","4,0","9",",0","5",",0","2",",0","0",",0","0",",0","0",",0","0",",0","0","4,0","21","4,0","0","4,0","","","","","1.1",",0,11,","0",",,0,31,+","0",",,0,31,+","40.1",",,0,07,","31.7","4,0,30,","3001.7","0","45.9","4,0","96.8",",,,0","0",",,,0","17.50","4,0","23.78","4,,,0","11.22",",,,0"
"USC00068911","1942-06","41.56667","-73.03333","103.9","WATERBURY CITY HALL, CT US","103.4","0","81.1","1,0","10",",0","7",",0","0",",0","0",",0","0",",0","0","1,0","0","1,0","0",",0","26",",0","1",",0","","","2","","9.4","1,0,10,+","0",",,0,30,+","0",",,0,30,+","21.1",",,0,28,","33.3",",0,13,","3018.4","0","16.7",",0","87.3",",,,0","0",",,,0","20.57","1,0","26.59",",,,0","14.55","1,,,0"
"USC00068911","1942-07","41.56667","-73.03333","103.9","WATERBURY CITY HALL, CT US","245.8","0","142.4",",0","12",",0","6",",0","1",",0","0","1,0","0",",0","0",",0","0",",0","0",",0","31",",0","5",",0","","","2","","10.6",",0,16,+","0","1,,0,31,+","0",",,0,31,+","45.0",",,0,02,","35.6",",0,14,","0.0","0","0.0",",0","97.5",",,,0","0",",,,0","22.93",",0","28.95",",,,0","16.90",",,,0"
"USC00068911","1942-08","41.56667","-73.03333","103.9","WATERBURY CITY HALL, CT US","342.4","0","96.6",",0","11",",0","9",",0","3",",0","0",",0","0",",0","0",",0","0",",0","0",",0","31",",0","2",",0","","","3","","6.1",",0,26,","0",",,0,31,+","0",",,0,31,+","29.2",",,0,18,","32.8",",0,22,+","8.9","0","8.9",",0","145.9",",,,0","0",",,,0","21.16",",0","27.39",",,,0","14.93",",,,0"
"USC00068911","1942-09","41.56667","-73.03333","103.9","WATERBURY CITY HALL, CT US","374.3","0","31.9",",0","6",",0","4",",0","1",",0","0",",0","0",",0","0",",0","1",",0","0",",0","24",",0","4",",0","","","","","-1.1",",0,30,","0",",,0,30,+","0",",,0,30,+","27.7",",,0,28,","33.9",",0,17,","84.8","0","75.9",",0","78.1",",,,0","0",",,,0","16.87",",0","24.68",",,,0","9.05",",,,0"
"USC00068911","1942-10","41.56667","-73.03333","103.9","WATERBURY CITY HALL, CT US","374.3","0","0.0",",0","8",",0","5",",0","1",",0","0",",0","0",",0","0",",0","4",",0","0",",0","9",",0","0",",0","","","","","-2.8",",0,29,","0",",,0,31,+","0",",,0,31,+","30.2",",,0,18,","28.3",",0,09,","261.9","0","177.1",",0","70.1",",,,0","0",",,,0","12.62",",0","19.64",",,,0","5.60",",,,0"
"USC00068911","1942-11","41.56667","-73.03333","103.9","WATERBURY CITY HALL, CT US","","","","","11",",0","8",",0","2",",0","0",",0","0",",0","0",",0","20",",0","","","","","","","","","","","-8.9",",0,23,","0",",,0,30,+","0",",T,0,27,+","45.7",",,0,25,","","","","","","","147.7",",,,0","0",",T,,0","","","","","-0.53",",,,0"
"USC00068911","1942-12","41.56667","-73.03333","103.9","WATERBURY CITY HALL, CT US","","","0.0","1,0","12",",0","8",",0","2",",0","13",",0","3",",0","4",",0","29",",0","8","1,0","0","1,0","0","1,0","","","","","-24.4",",0,21,","203",",,0,16,","152",",,0,13,","43.2",",,0,30,","12.2","1,0,02,","","","630.5","1,0","140.8",",,,0","292",",,,0","-2.61","1,0","1.84","1,,,0","-7.06",",,,0"
"USC00068911","1943-01","41.56667","-73.03333","103.9","WATERBURY CITY HALL, CT US","0.0","0","0.0",",0","8","2,0","6","2,0","0","2,0","13","1,0","4",",0","0",",0","30",",0","13",",0","0",",0","0",",0","1","","","","-16.7",",0,22,","203","1,,0,31,+","51",",,0,04,","15.2","2,,0,18,","9.4",",0,25,","","","675.8",",0","68.1",",a,,0","424",",a,,0","-3.47",",0","1.35",",,,0","-8.29",",,,0"
"USC00068911","1943-02","41.56667","-73.03333","103.9","WATERBURY CITY HALL, CT US","","","","","6",",0","4",",0","0",",0","24",",0","2",",0","3","1,0","23","1,0","","","","","","","","","","","-31.7","1,0,16,","229",",,0,14,","203",",,0,13,","11.7",",,0,13,","","","","","","","35.8",",,,0","228",",,,0","","","","","-7.16","1,,,0"
"USC00068911","1943-03","41.56667","-73.03333","103.9","WATERBURY CITY HALL, CT US","","","","","9",",0","5",",0","1",",0","8",",0","3",",0","0",",","21",",0","","","","","","","","","","","-16.1",",0,09,+","76",",,0,06,+","76",",,0,06,","25.4",",,0,16,","","","","","","","78.2",",,,0","165",",,,0","","","","","-2.66",",,,0"
"USC00068911","1943-04","41.56667","-73.03333","103.9","WATERBURY CITY HALL, CT US","","","","","12",",0","8",",0","0",",0","0",",0","0",",0","0",",","10",",0","","","","","","","","","1","","-6.7",",0,07,+","0",",,0,30,+","13",",,0,14,","12.7",",,0,17,","","","","","","","63.0",",,,0","13",",,,0","","","","","1.25",",,,0"
"USC00068911","1943-05","41.56667","-73.03333","103.9","WATERBURY CITY HALL, CT US","","","","","14",",0","8",",0","3",",0","0",",0","0",",0","0",",","0",",0","","","","","","","","","3","","2.2",",0,23,+","0",",,0,31,+","0",",,0,31,+","32.3",",,0,19,","","","","","","","117.5",",,,0","0",",,,0","","","","","9.65",",,,0"
"USC00068911","1943-06","41.56667","-73.03333","103.9","WATERBURY CITY HALL, CT US","","","154.9",",0","12",",0","8",",0","0",",0","0",",0","0",",0","0",",0","0",",0","0",",0","28",",0","13",",0","","","5","","8.9",",0,07,","0",",,0,30,+","0",",,0,30,+","21.6",",,0,01,","36.1",",0,26,+","","","6.3",",0","99.1",",,,0","0",",,,0","23.29",",0","29.98",",,,0","16.60",",,,0"
"USC00068911","1943-07","41.56667","-73.03333","103.9","WATERBURY CITY HALL, CT US","","","171.2",",0","7",",0","5",",0","1",",0","0",",0","0",",0","0",",0","0",",0","0",",0","31",",0","9",",0","","","5","","6.7",",0,01,","0",",,0,31,+","0",",,0,31,+","26.2",",,0,05,","34.4",",0,27,+","3.3","0","3.3",",0","68.1",",,,0","0",",,,0","23.75",",0","30.05",",,,0","17.45",",,,0"
"USC00068911","1943-08","41.56667","-73.03333","103.9","WATERBURY CITY HALL, CT US","","","","","9",",0","6",",0","0",",0","0",",0","0",",0","0",",","0",",0","","","","","","","","","2","","8.9",",0,20,","0",",,0,31,+","0",",,0,31,+","14.0",",,0,08,","","","","","","","40.2",",,,0","0",",,,0","","","","","15.59",",,,0"
"USC00068911","1943-09","41.56667","-73.03333","103.9","WATERBURY CITY HALL, CT US","","","","","3",",0","3",",0","0",",0","0",",0","0",",0","0",",","0",",0","","","","","","","","","1","","1.7",",0,27,","0",",,0,30,+","0",",,0,30,+","21.3",",,0,15,","","","","","","","34.5",",,,0","0",",,,0","","","","","10.41",",,,0"
"USC00068911","1943-10","41.56667","-73.03333","103.9","WATERBURY CITY HALL, CT US","","","","","10",",0","7",",0","2",",0","0",",0","0",",0","0",",0","4",",0","","","","","","","","","1","","-2.8",",0,11,","0",",,0,31,+","0",",,0,31,+","48.3",",,0,16,","","","","","","","148.1",",,,0","0",",,,0","","","","","5.41",",,,0"
"USC00068911","1943-11","41.56667","-73.03333","103.9","WATERBURY CITY HALL, CT US","","","","","10",",0","7",",0","2",",0","0",",0","1",",0","0",",0","20",",0","","","","","","","","","","","-6.7",",0,29,+","0",",T,0,23,","51",",,0,23,","55.9",",,0,09,","","","","","","","119.7",",,,0","51",",,,0","","","","","-0.73",",,,0"
"USC00068911","1943-12","41.56667","-73.03333","103.9","WATERBURY CITY HALL, CT US","","","","","5",",0","2",",0","0",",0","0",",0","1",",0","0",",0","30",",0","","","","","","","1","","","","-15.6",",0,16,","0",",T,0,14,+","25",",,0,13,","15.2",",,0,27,","","","","","","","20.3",",,,0","30",",,,0","","","","","-8.28",",,,0"
"USC00068911","1944-01","41.56667","-73.03333","103.9","WATERBURY CITY HALL, CT US","","","","","4",",0","3",",0","0",",0","25",",0","2",",0","0",",0","28",",0","","","","","","","","","","","-16.7",",0,17,","127",",,0,04,","114",",,0,04,","10.7",",,0,04,","","","","","","","21.3",",,,0","139",",,,0","","","","","-6.10",",,,0"
"USC00068911","1944-02","41.56667","-73.03333","103.9","WATERBURY CITY HALL, CT US","","","","","7",",0","6",",0","0",",0","2",",0","2",",0","","","","","","","","","","","","","","","","","127",",,0,12,","76",",,0,11,","10.2",",,0,15,","","","","","","","34.8",",,,0","140",",,,0","","","","","",""
"USC00068911","1944-03","41.56667","-73.03333","103.9","WATERBURY CITY HALL, CT US","","","","","10",",0","9",",0","0",",0","3",",0","2",",0","","","","","","","","","","","","","","","","","152",",,0,20,","152",",,0,20,","24.4",",,0,13,+","","","","","","","123.4",",,,0","203",",,,0","","","","","",""
"USC00068911","1944-04","41.56667","-73.03333","103.9","WATERBURY CITY HALL, CT US","","","","","11",",0","6",",0","1",",0","0",",0","0",",0","","","","","","","","","","","","","","","","","0",",,0,30,+","0",",T,0,05,","52.1",",,0,24,","","","","","","","125.2",",,,0","0",",T,,0","","","","","",""
"USC00068911","1944-05","41.56667","-73.03333","103.9","WATERBURY CITY HALL, CT US","","","","","7","2,0","4","2,0","0","2,0","0",",0","0",",0","","","","","","","","","","","","","3","","","","0",",,0,31,+","0",",,0,31,+","11.4","2,,0,07,","","","","","","","39.5",",a,,0","0",",,,0","","","","","",""
"USC00068911","1944-06","41.56667","-73.03333","103.9","WATERBURY CITY HALL, CT US","","","","","13",",0","8",",0","0",",0","0",",0","0",",0","","","","","","","","","","","","","3","","","","0",",,0,30,+","0",",,0,30,+","13.7",",,0,10,","","","","","","","61.6",",,,0","0",",,,0","","","","","",""
"USC00068911","1944-07","41.56667","-73.03333","103.9","WATERBURY CITY HALL, CT US","","","187.7",",0","11",",0","8",",0","1",",0","0",",0","0",",0","0",",0","0",",0","0",",0","31",",0","17",",0","","","2","","10.0",",0,22,","0",",,0,31,+","0",",,0,31,+","27.9",",,0,27,","36.1",",0,11,","0.0","0","0.0",",0","82.3",",,,0","0",",,,0","24.39",",0","32.08",",,,0","16.69",",,,0"
"USC00068911","1944-08","41.56667","-73.03333","103.9","WATERBURY CITY HALL, CT US","","","","","7",",0","4",",0","0",",0","0",",0","0",",0","0",",","0",",0","","","","","","","","","2","","6.7",",0,25,","0",",,0,31,+","0",",,0,31,+","10.2",",,0,18,","","","","","","","31.7",",,,0","0",",,,0","","","","","15.71",",,,0"
"USC00068911","1944-09","41.56667","-73.03333","103.9","WATERBURY CITY HALL, CT US","","","47.5",",0","10",",0","8",",0","4",",0","0",",0","0",",0","0",",0","0",",0","0",",0","23",",0","1",",0","","","1","","1.1",",0,25,","0",",,0,30,+","0",",,0,30,+","63.5",",,0,15,","33.3",",0,02,","","","53.6",",0","229.7",",,,0","0",",,,0","18.13",",0","24.27",",,,0","11.98",",,,0"
"USC00068911","1944-10","41.56667","-73.03333","103.9","WATERBURY CITY HALL, CT US","","","4.5","1,0","5","1,0","2","1,0","1","1,0","0","1,0","0","1,0","0","1,0","5","1,0","0","1,0","9","1,0","0","1,0","2","","","","-5.0","1,0,23,","0","1,,0,31,+","0","1,,0,31,+","31.0","1,,0,21,","30.0","1,0,07,","","","227.2","1,0","42.4","1,,,0","0","1,,,0","10.91","1,0","18.26","1,,,0","3.56","1,,,0"
"USC00068911","1944-11","41.56667","-73.03333","103.9","WATERBURY CITY HALL, CT US","","","0.0","1,0","12","1,0","9","1,0","3","1,0","1","1,0","1","1,0","0","1,0","17","1,0","0","1,0","1","1,0","0","1,0","4","","","","-6.1","1,0,24,","127","1,,0,16,","102","1,,0,16,","43.2","1,,0,16,","21.7","1,0,03,","","","371.7","1,0","185.4","1,,,0","102","1,,,0","5.52","1,0","10.70","1,,,0","0.34","1,,,0"
"USC00068911","1944-12","41.56667","-73.03333","103.9","WATERBURY CITY HALL, CT US","","","0.0","1,0","9",",0","7",",0","0",",0","12",",0","3",",0","0","1,0","29","1,0","9",",0","0",",0","0",",0","","","","","-17.2","1,0,22,","229",",,0,20,+","229",",,0,19,","23.1",",,0,12,","11.7",",0,05,","","","596.0",",0","96.8",",,,0","356",",,,0","-1.61","1,0","3.27",",,,0","-6.48","1,,,0"
"USC00068911","1945-01","41.56667","-73.03333","103.9","WATERBURY CITY HALL, CT US","0.0","0","0.0","1,0","12",",0","6",",0","1",",0","24",",0","6",",0","1",",0","30",",0","15","1,0","0","1,0","0","1,0","","","","","-21.1",",0,25,","203",",,0,16,","127",",,0,14,+","30.5",",,0,01,","13.9","1,0,01,","","","704.1","1,0","91.4",",,,0","585",",,,0","-5.09","1,0","0.17","1,,,0","-10.35",",,,0"
"USC00068911","1945-02","41.56667","-73.03333","103.9","WATERBURY CITY HALL, CT US","0.0","0","0.0","2,0","10","1,0","7","1,0","0","1,0","26","2,0","3","1,0","0","1,0","25","1,0","4","2,0","0","2,0","0","2,0","","","","","-15.6","1,0,20,","356","2,,0,10,+","76","1,,0,14,","19.1","1,,0,08,","10.0","2,0,27,","","","497.9","2,0","59.8","1,,,0","432","1,a,,0","-0.81","2,0","4.45","2,,,0","-6.06","1,,,0"
"USC00068911","1945-03","41.56667","-73.03333","103.9","WATERBURY CITY HALL, CT US","1.7","0","1.7",",0","12",",0","10",",0","0",",0","2","1,0","3",",0","0",",0","17",",0","0",",0","8",",0","0",",0","","","1","","-7.2",",0,05,","127","1,,0,01,","76",",,0,01,","17.8",",,0,22,","30.6",",0,29,","","","313.0",",0","62.2",",,,0","126",",,,0","8.29",",0","15.68",",,,0","0.91",",,,0"
"USC00068911","1945-04","41.56667","-73.03333","103.9","WATERBURY CITY HALL, CT US","7.0","0","5.3",",0","12",",0","7",",0","2",",0","0",",0","0",",0","0",",0","3",",0","0",",0","9",",0","0",",0","","","","","-2.8",",0,07,","0",",,0,30,+","0",",,0,30,+","34.8",",,0,26,","30.0",",0,13,","","","190.4",",0","119.8",",,,0","0",",,,0","12.16",",0","18.73",",,,0","5.60",",,,0"
"USC00068911","1945-05","41.56667","-73.03333","103.9","WATERBURY CITY HALL, CT US","9.3","0","2.3",",0","18",",0","15",",0","1",",0","0",",0","0",",0","0",",0","0",",0","0",",0","15",",0","0",",0","","","2","","2.8",",0,09,","0",",,0,31,+","0",",,0,31,+","40.6",",,0,18,","27.2",",0,26,","","","133.3",",0","171.5",",,,0","0",",,,0","14.11",",0","19.99",",,,0","8.23",",,,0"
"USC00068911","1945-06","41.56667","-73.03333","103.9","WATERBURY CITY HALL, CT US","116.2","0","106.9",",0","11",",0","6",",0","1",",0","0",",0","0",",0","0",",0","0",",0","0",",0","24",",0","9",",0","","","1","","4.4",",0,01,","0",",,0,30,+","0",",,0,30,+","32.8",",,0,20,","35.6",",0,30,+","","","51.3",",0","94.5",",,,0","0",",,,0","20.19",",0","26.79",",,,0","13.58",",,,0"
"USC00068911","1945-07","41.56667","-73.03333","103.9","WATERBURY CITY HALL, CT US","255.1","0","138.9",",0","12",",0","9",",0","2",",0","0",",0","0",",0","0",",0","0",",0","0",",0","31",",0","1",",0","","","4","","7.2",",0,12,","0",",,0,31,+","0",",,0,31,+","45.7",",,0,18,","34.4",",0,01,","1.9","0","1.9",",0","157.0",",,,0","0",",,,0","22.75",",0","28.49",",,,0","17.01",",,,0"
"USC00068911","1945-08","41.56667","-73.03333","103.9","WATERBURY CITY HALL, CT US","352.5","0","97.4",",0","7",",0","6",",0","2",",0","0",",0","0",",0","0",",0","0",",0","0",",0","29",",0","6",",0","","","2","","10.6",",0,28,+","0",",,0,31,+","0",",,0,31,+","42.2",",,0,24,","34.4",",0,29,","9.9","0","8.0",",0","112.6",",,,0","0",",,,0","21.22",",0","27.77",",,,0","14.66",",,,0"
"USC00068911","1945-09","41.56667","-73.03333","103.9","WATERBURY CITY HALL, CT US","436.2","0","83.7",",0","8",",0","5",",0","0",",0","0",",0","0",",0","0",",0","0",",0","0",",0","24",",0","3",",0","","","1","","5.0",",0,30,","0",",,0,30,+","0",",,0,30,+","22.9",",,0,18,","34.4",",0,08,+","48.0","0","38.1",",0","81.3",",,,0","0",",,,0","19.85",",0","25.41",",,,0","14.30",",,,0"
"USC00068911","1945-10","41.56667","-73.03333","103.9","WATERBURY CITY HALL, CT US","436.2","0","0.0",",0","9","2,0","4","2,0","0","2,0","0",",0","0",",0","0",",0","6",",0","0",",0","9",",0","0",",0","","","","","-2.2",",0,04,","0",",,0,31,+","0",",,0,31,+","15.5","2,,0,09,","28.9",",0,19,","275.8","0","227.8",",0","50.1",",a,,0","0",",,,0","10.98",",0","18.01",",,,0","3.96",",,,0"
"USC00068911","1945-11","41.56667","-73.03333","103.9","WATERBURY CITY HALL, CT US","436.2","0","0.0","1,0","12",",0","11",",0","2",",0","2",",0","2",",0","0",",0","14",",0","0","1,0","2","1,0","0","1,0","","","","","-7.8",",0,23,","152",",,0,30,+","152",",,0,29,","48.3",",,0,29,","22.8","1,0,08,","615.5","0","339.7","1,0","148.7",",,,0","177",",,,0","6.66","1,0","11.86","1,,,0","1.46",",,,0"
"USC00068911","1945-12","41.56667","-73.03333","103.9","WATERBURY CITY HALL, CT US","436.2","0","0.0",",0","8","2,0","8","2,0","3","2,0","20","1,0","5",",0","1",",0","28",",0","14",",0","0",",0","0",",0","1","","","","-18.3",",0,21,","457","1,,0,20,","305",",,0,19,","39.1","2,,0,26,","10.6",",0,08,","1282.7","0","667.2",",0","144.5",",a,,0","776",",,,0","-3.19",",0","1.59",",,,0","-7.97",",,,0"
"USC00068911","1946-01","41.56667","-73.03333","103.9","WATERBURY CITY HALL, CT US","0.0","0","0.0",",0","9",",0","7",",0","0",",0","14",",0","4",",0","2",",0","25",",0","7",",0","0",",0","0",",0","1","","","","-18.3",",0,28,","254",",,0,25,","152",",,0,25,","16.5",",,0,21,","12.8",",0,07,","1910.5","0","627.8",",0","53.5",",,,0","292",",,,0","-1.92",",0","3.51",",,,0","-7.35",",,,0"
"USC00068911","1946-02","41.56667","-73.03333","103.9","WATERBURY CITY HALL, CT US","0.0","0","0.0",",0","10",",0","5",",0","1",",0","23",",0","2",",0","0",",0","27",",0","8",",0","0",",0","0",",0","","","","","-17.2",",0,05,","254",",,0,26,+","254",",,0,20,","26.4",",,0,20,","13.3",",0,14,","2491.3","0","580.8",",0","58.6",",,,0","279",",,,0","-2.41",",0","3.14",",,,0","-7.96",",,,0"
"USC00068911","1946-03","41.56667","-73.03333","103.9","WATERBURY CITY HALL, CT US","2.8","0","2.8",",0","8",",0","6",",0","0",",0","3","1,0","0",",0","0",",0","17",",0","0",",0","8",",0","0",",0","","","","","-9.4",",0,01,","76","1,,0,02,+","0",",,0,31,+","13.7",",,0,25,","27.8",",0,29,","2798.7","0","307.4",",0","44.4",",,,0","0",",,,0","8.50",",0","16.00",",,,0","1.01",",,,0"
"USC00068911","1946-04","41.56667","-73.03333","103.9","WATERBURY CITY HALL, CT US","2.8","0","0.0",",0","13",",0","4",",0","0",",0","0",",0","0",",0","0",",0","9",",0","0",",0","5",",0","0",",0","","","","","-3.3",",0,08,","0",",,0,30,+","0",",T,0,09,+","19.1",",,0,26,","27.8",",0,23,","3094.9","0","296.2",",0","51.1",",,,0","0",",T,,0","8.46",",0","14.90",",,,0","2.02",",,,0"
"USC00068911","1946-05","41.56667","-73.03333","103.9","WATERBURY CITY HALL, CT US","16.4","0","13.6",",0","16",",0","11",",0","1",",0","0",",0","0",",0","0",",0","1",",0","0",",0","14",",0","0",",0","","","2","","-0.6",",0,09,","0",",,0,31,+","0",",,0,31,+","62.2",",,0,27,","31.1",",0,31,+","3223.6","0","128.7",",0","177.9",",,,0","0",",,,0","14.62",",0","21.29",",,,0","7.95",",,,0"
"USC00068911","1946-06","41.56667","-73.03333","103.9","WATERBURY CITY HALL, CT US","97.5","0","81.1",",0","8",",0","6",",0","1",",0","0",",0","0",",0","0",",0","0",",0","0",",0","28",",0","6",",0","","","1","","2.8",",0,03,","0",",,0,30,+","0",",,0,30,+","46.2",",,0,02,","33.9",",0,27,+","3259.6","0","36.0",",0","83.1",",,,0","0",",,,0","19.84",",0","27.09",",,,0","12.58",",,,0"
"USC00068911","1946-07","41.56667","-73.03333","103.9","WATERBURY CITY HALL, CT US","226.5","0","129.0",",0","4",",0","3",",0","2",",0","0",",0","0",",0","0",",0","0",",0","0",",0","31",",0","5",",0","","","","","8.3",",0,17,","0",",,0,31,+","0",",,0,31,+","43.9",",,0,23,","35.6",",0,20,+","0.8","0","0.8",",0","97.7",",,,0","0",",,,0","22.47",",0","29.52",",,,0","15.41",",,,0"
"USC00068911","1946-08","41.56667","-73.03333","103.9","WATERBURY CITY HALL, CT US","292.3","0","65.8",",0","12","2,0","9","2,0","1","2,0","0",",0","0",",0","0",",0","0",",0","0",",0","30",",0","3",",0","","","","","8.3",",0,25,","0",",,0,31,+","0",",,0,31,+","33.0","2,,0,13,","32.8",",0,09,","11.7","0","10.9",",0","148.5",",a,,0","0",",,,0","20.10",",0","26.54",",,,0","13.67",",,,0"
"USC00068911","1946-09","41.56667","-73.03333","103.9","WATERBURY CITY HALL, CT US","337.7","0","45.4","1,0","6",",0","3",",0","2",",0","0",",0","0",",0","0","1,0","0","1,0","0",",0","28",",0","1",",0","","","","","4.4","1,0,14,","0",",,0,30,+","0",",,0,30,+","61.5",",,0,30,","32.2",",0,19,","38.3","0","26.6",",0","113.4",",,,0","0",",,,0","19.02","1,0","26.37",",,,0","11.68","1,,,0"
"USC00068911","1946-10","41.56667","-73.03333","103.9","WATERBURY CITY HALL, CT US","346.4","0","8.7",",0","8",",0","4",",0","0",",0","0",",0","0",",0","0",",0","3",",0","0",",0","17",",0","0",",0","","","","","-0.6",",0,22,","0",",,0,31,+","0",",,0,31,+","10.2",",,0,12,","31.1",",0,06,","176.0","0","137.7",",0","33.0",",,,0","0",",,,0","14.17",",0","21.71",",,,0","6.63",",,,0"
"USC00068911","1946-11","41.56667","-73.03333","103.9","WATERBURY CITY HALL, CT US","346.4","0","0.0",",0","6",",0","5",",0","0",",0","0",",0","0",",0","0",",0","10",",0","0",",0","1",",0","0",",0","","","","","-5.0",",0,24,+","0",",,0,30,+","0",",T,0,30,","15.5",",,0,12,","23.9",",0,04,","473.5","0","297.5",",0","45.7",",,,0","0",",T,,0","8.42",",0","14.24",",,,0","2.59",",,,0"
"USC00068911","1946-12","41.56667","-73.03333","103.9","WATERBURY CITY HALL, CT US","346.4","0","0.0","2,0","6","1,0","5","1,0","1","1,0","2","1,0","1","1,0","0","2,0","24","2,0","5","1,0","1","1,0","0","1,0","","","","","-12.2","2,0,31,+","76","1,,0,20,","76","1,,0,20,","41.1","1,,0,21,","21.1","1,0,10,","988.7","0","515.2","1,0","64.3","1,,,0","76","1,,,0","0.60","2,0","6.26","1,,,0","-5.06","2,,,0"
"USC00068911","1947-01","41.56667","-73.03333","103.9","WATERBURY CITY HALL, CT US","0.0","0","0.0",",0","10",",0","8",",0","0",",0","5",",0","3",",0","0",",0","26",",0","5",",0","0",",0","0",",0","","","","","-15.6",",0,10,","51",",,0,07,+","51",",,0,06,","13.2",",,0,20,","16.7",",0,28,","1537.4","0","548.7",",0","53.8",",,,0","101",",,,0","0.63",",0","6.15",",,,0","-4.88",",,,0"
"USC00068911","1947-02","41.56667","-73.03333","103.9","WATERBURY CITY HALL, CT US","0.0","0","0.0",",0","5",",0","4",",0","1",",0","13",",0","2",",0","0",",0","27",",0","8",",0","0",",0","0",",0","","","","","-14.4",",0,24,","356",",,0,21,","356",",,0,21,","29.7",",,0,04,","11.7",",0,14,","2120.9","0","583.5",",0","66.8",",,,0","534",",,,0","-2.51",",0","2.62",",,,0","-7.63",",,,0"
"USC00068911","1947-03","41.56667","-73.03333","103.9","WATERBURY CITY HALL, CT US","0.0","0","0.0",",0","5",",0","4",",0","1",",0","1",",0","1",",0","0",",0","28",",0","1",",0","0",",0","0",",0","","","1","","-11.1",",0,18,+","25",",,0,17,","76",",,0,02,","32.0",",,0,03,","14.4",",0,24,","2631.6","0","510.7",",0","83.4",",,,0","89",",,,0","1.86",",0","7.36",",,,0","-3.64",",,,0"
"USC00068911","1947-04","41.56667","-73.03333","103.9","WATERBURY CITY HALL, CT US","1.9","0","1.9",",0","7","2,0","4","2,0","1","2,0","0",",0","0",",0","0",",0","9",",0","0",",0","6",",0","0",",0","","","1","","-5.6",",0,01,","0",",,0,30,+","0",",T,0,21,+","38.1","2,,0,05,","27.2",",0,12,","2917.7","0","286.1",",0","89.9",",a,,0","0",",T,,0","8.86",",0","15.58",",,,0","2.14",",,,0"
"USC00068911","1947-05","41.56667","-73.03333","103.9","WATERBURY CITY HALL, CT US","14.4","0","12.5",",0","13",",0","11",",0","1",",0","0",",0","0",",0","0",",0","3",",0","0",",0","18",",0","1",",0","","","","","-1.1",",0,10,","0",",,0,31,+","0",",,0,31,+","34.8",",,0,01,","32.2",",0,13,","3061.6","0","143.9",",0","107.7",",,,0","0",",,,0","14.09",",0","21.30",",,,0","6.89",",,,0"
"USC00068911","1947-06","41.56667","-73.03333","103.9","WATERBURY CITY HALL, CT US","59.4","0","45.0","1,0","13",",0","9",",0","1",",0","0",",0","0",",0","0",",0","0",",0","0","1,0","27","1,0","1","1,0","","","5","","5.6",",0,01,","0",",,0,30,+","0",",,0,30,+","26.2",",,0,08,","33.3","1,0,28,","3098.8","0","37.2","1,0","125.7",",,,0","0",",,,0","18.61","1,0","26.14","1,,,0","11.09",",,,0"
"USC00068911","1947-07","41.56667","-73.03333","103.9","WATERBURY CITY HALL, CT US","199.6","0","140.2",",0","9",",0","6",",0","3",",0","0",",0","0",",0","0",",0","0",",0","0",",0","31",",0","3",",0","","","3","","10.0",",0,24,","0",",,0,31,+","0",",,0,31,+","42.9",",,0,17,","33.3",",0,30,+","0.0","0","0.0",",0","138.9",",,,0","0",",,,0","22.85",",0","29.03",",,,0","16.68",",,,0"
"USC00068911","1947-08","41.56667","-73.03333","103.9","WATERBURY CITY HALL, CT US","341.2","0","141.6",",0","8",",0","6",",0","1",",0","0",",0","0",",0","0",",0","0",",0","0",",0","31",",0","10",",0","","","2","","8.9",",0,02,","0",",,0,31,+","0",",,0,31,+","33.0",",,0,26,","36.1",",0,25,+","0.3","0","0.3",",0","94.0",",,,0","0",",,,0","22.89",",0","29.69",",,,0","16.09",",,,0"
"USC00068911","1947-09","41.56667","-73.03333","103.9","WATERBURY CITY HALL, CT US","414.1","0","72.9",",0","8",",0","5",",0","1",",0","0",",0","0",",0","0",",0","3",",0","0",",0","21",",0","1",",0","","","2","","-1.7",",0,28,","0",",,0,30,+","0",",,0,30,+","41.1",",,0,02,","32.8",",0,13,","87.6","0","87.3",",0","89.4",",,,0","0",",,,0","17.86",",0","24.72",",,,0","10.99",",,,0"
"USC00068911","1947-10","41.56667","-73.03333","103.9","WATERBURY CITY HALL, CT US","422.3","0","8.2",",0","4",",0","3",",0","0",",0","0",",0","0",",0","0",",0","2",",0","0",",0","22",",0","0",",0","","","","","-3.3",",0,25,","0",",,0,31,+","0",",,0,31,+","10.2",",,0,31,+","31.1",",0,16,","206.2","0","118.6",",0","28.3",",,,0","0",",,,0","14.77",",0","23.59",",,,0","5.95",",,,0"
"USC00068911","1947-11","41.56667","-73.03333","103.9","WATERBURY CITY HALL, CT US","422.3","0","0.0",",0","6",",0","6",",0","2",",0","0",",0","0",",0","0",",0","18",",0","0",",0","0",",0","0",",0","","","","","-9.4",",0,30,","0",",,0,30,+","0",",T,0,29,+","81.3",",,0,08,","17.2",",0,02,","633.5","0","427.3",",0","182.0",",,,0","0",",T,,0","4.09",",0","9.35",",,,0","-1.17",",,,0"
"USC00068911","1947-12","41.56667","-73.03333","103.9","WATERBURY CITY HALL, CT US","422.3","0","0.0",",0","8",",0","8",",0","0",",0","9",",0","5",",0","0",",0","30",",0","8",",0","0",",0","0",",0","","","","","-16.7",",0,25,","457",",,0,27,","305",",,0,26,","23.1",",,0,26,","15.0",",0,03,","1263.5","0","630.0",",0","83.6",",,,0","538",",,,0","-1.99",",0","3.82",",,,0","-7.80",",,,0"
"USC00068911","1948-01","41.56667","-73.03333","103.9","WATERBURY CITY HALL, CT US","0.0","","0.0","1,0","12",",0","7",",0","1",",0","31",",0","10",",0","6","1,0","30","1,0","10",",0","0",",0","0",",0","","","","","-23.9","1,0,19,","533",",,0,25,","102",",,0,24,+","26.7",",,0,13,","8.3",",0,09,","1996.2","","732.7",",0","94.9",",,,0","712",",,,0","-6.04","1,0","0.06",",,,0","-12.14","1,,,0"
"USC00068911","1948-02","41.56667","-73.03333","103.9","WATERBURY CITY HALL, CT US","0.0","","0.0",",0","10",",0","5",",0","0",",0","26",",0","4",",0","3",",0","28",",0","10",",0","0",",0","0",",0","","","","","-22.8",",0,09,","457",",,0,11,+","102",",,0,04,","13.0",",,0,28,","13.3",",0,17,","2633.2","","637.0",",0","42.7",",,,0","216",",,,0","-3.63",",0","2.70",",,,0","-9.97",",,,0"
"USC00068911","1948-03","41.56667","-73.03333","103.9","WATERBURY CITY HALL, CT US","0.0","","0.0",",0","10",",0","10",",0","0",",0","12",",0","3",",0","0",",0","23",",0","4",",0","1",",0","0",",0","","","2","","-17.2",",0,05,","152",",,0,07,+","152",",,0,02,","20.8",",,0,16,","23.9",",0,22,","3115.1","","481.9",",0","89.8",",,,0","279",",,,0","2.79",",0","9.64",",,,0","-4.06",",,,0"
"USC00068911","1948-04","41.56667","-73.03333","103.9","WATERBURY CITY HALL, CT US","0.0","","0.0",",0","9",",0","6",",0","2",",0","0",",0","0",",0","0",",0","9",",0","0",",0","7",",0","0",",0","","","1","","-5.0",",0,11,","0",",,0,30,+","0",",,0,30,+","50.3",",,0,01,","23.3",",0,05,","3390.4","","275.3",",0","115.6",",,,0","0",",,,0","9.16",",0","16.02",",,,0","2.30",",,,0"
"USC00068911","1948-05","41.56667","-73.03333","103.9","WATERBURY CITY HALL, CT US","12.2","","12.2","1,0","15",",0","13",",0","0",",0","0",",0","0",",0","0","1,0","1","1,0","0",",0","16",",0","1",",0","2","","1","","-1.7","1,0,02,","0",",,0,31,+","0",",,0,31,+","23.4",",,0,13,","32.2",",0,12,","3511.1","","120.7",",0","160.5",",,,0","0",",,,0","14.68","1,0","21.41",",,,0","7.94","1,,,0"
"USC00068911","1948-06","41.56667","-73.03333","103.9","WATERBURY CITY HALL, CT US","","","","","16",",0","12",",0","1",",0","","","","","","","","","","","","","","","","","","","","","","","","","27.4",",,0,24,","","","","","","","133.6",",,,0","","","","","","","",""
"USC00068911","1948-07","41.56667","-73.03333","103.9","WATERBURY CITY HALL, CT US","","","","","10",",0","5",",0","0",",0","","","","","","","","","","","","","","","","","","","","","","","","","20.1",",,0,23,","","","","","","","82.6",",,,0","","","","","","","",""
"USC00068911","1948-08","41.56667","-73.03333","103.9","WATERBURY CITY HALL, CT US","","","","","7",",0","6",",0","0",",0","","","","","","","","","","","","","","","","","","","","","","","","","22.4",",,0,13,","","","","","","","80.0",",,,0","","","","","","","",""
"USC00068911","1948-09","41.56667","-73.03333","103.9","WATERBURY CITY HALL, CT US","","","","","5",",0","2",",0","0",",0","","","","","","","","","","","","","","","","","","","","","","","","","13.0",",,0,30,","","","","","","","18.2",",,,0","","","","","","","",""
"USC00068911","1948-10","41.56667","-73.03333","103.9","WATERBURY CITY HALL, CT US","","","","","7",",0","4",",0","0",",0","","","","","","","","","","","","","","","","","","","","","","","","","24.4",",,0,08,","","","","","","","44.5",",,,0","","","","","","","",""
"USC00068911","1948-11","41.56667","-73.03333","103.9","WATERBURY CITY HALL, CT US","","","","","13",",0","10",",0","2",",0","","","","","","","","","","","","","","","","","","","","","","","","","42.2",",,0,10,","","","","","","","151.7",",,,0","","","","","","","",""
"USC00068911","1948-12","41.56667","-73.03333","103.9","WATERBURY CITY HALL, CT US","","","","","12",",0","9",",0","2",",0","","","","","","","","","","","","","","","","","","","","","","","","","98.6",",,0,31,","","","","","","","260.1",",,,0","","","","","","","",""
"USC00068911","1949-01","41.56667","-73.03333","103.9","WATERBURY CITY HALL, CT US","","","","","8","4,0","7","4,0","1","4,0","","","","","","","","","","","","","","","","","","","","","","","","","27.7","4,,0,05,","","","","","","","138.9",",a,,0","","","","","","","",""
"USC00068911","1949-02","41.56667","-73.03333","103.9","WATERBURY CITY HALL, CT US","","","","","7","4,0","6","4,0","1","4,0","","","","","","","","","","","","","","","","","","","","","","","","","36.8","4,,0,28,","","","","","","","91.7",",a,,0","","","","","","","",""
"USC00068911","1949-03","41.56667","-73.03333","103.9","WATERBURY CITY HALL, CT US","","","0.6",",0","8",",0","5",",0","0",",0","","","3",",0","0",",0","18",",0","1",",0","2",",0","0",",0","","","","","-11.7",",0,20,","","","254",",,0,01,","22.9",",,0,01,","23.9",",0,28,","","","414.6",",0","63.9",",,,0","457",",,,0","4.98",",0","9.94",",,,0","0.02",",,,0"
"USC00068911","1949-04","41.56667","-73.03333","103.9","WATERBURY CITY HALL, CT US","","","0.0","2,0","12",",0","8",",0","1",",0","0",",0","0",",0","0","1,0","1","1,0","0","2,0","9","2,0","0","2,0","","","","","-1.1","1,0,05,","0",",,0,30,+","0",",,0,30,+","27.7",",,0,06,","23.9","2,0,23,+","","","204.8","2,0","98.1",",,,0","0",",,,0","11.09","2,0","16.73","2,,,0","5.46","1,,,0"
"USC00068911","1949-05","41.56667","-73.03333","103.9","WATERBURY CITY HALL, CT US","","","27.6",",0","13","1,0","9","1,0","1","1,0","0","1,0","0","1,0","0",",0","0",",0","0",",0","22",",0","1",",0","","","","","2.8",",0,16,","0","1,,0,31,+","0","1,,0,31,+","35.6","1,,0,03,","32.8",",0,06,","","","84.6",",0","130.1","1,,,0","0","1,,,0","16.49",",0","23.31",",,,0","9.68",",,,0"
"USC00068911","1949-06","41.56667","-73.03333","103.9","WATERBURY CITY HALL, CT US","","","154.1",",0","2","2,0","2","2,0","0","2,0","0","1,0","0",",0","0",",0","0",",0","0",",0","29",",0","9",",0","","","","","7.2",",0,09,","0","1,,0,30,+","0",",,0,30,+","7.6","2,,0,26,","35.0",",0,26,","","","10.5",",0","19.3",",a,,0","0",",,,0","23.12",",0","29.13",",,,0","17.11",",,,0"
"USC00068911","1949-07","41.56667","-73.03333","103.9","WATERBURY CITY HALL, CT US","","","240.3",",0","12",",0","7",",0","1",",0","0",",0","0",",0","0",",0","0",",0","0",",0","31",",0","14",",0","","","","","14.4",",0,25,","0",",,0,31,+","0",",,0,31,+","54.9",",,0,21,","38.3",",0,05,","0.0","0","0.0",",0","98.0",",,,0","0",",,,0","26.08",",0","32.10",",,,0","20.07",",,,0"
"USC00068911","1949-08","41.56667","-73.03333","103.9","WATERBURY CITY HALL, CT US","","","164.2","1,0","9",",0","7",",0","1",",0","0",",0","0",",0","0","1,0","0","1,0","0",",0","31",",0","8",",0","","","","","8.9","1,0,21,","0",",,0,31,+","0",",,0,31,+","28.4",",,0,04,","37.8",",0,11,+","3.1","0","3.1",",0","72.3",",,,0","0",",,,0","23.65","1,0","29.58",",,,0","17.72","1,,,0"
"USC00068911","1949-09","41.56667","-73.03333","103.9","WATERBURY CITY HALL, CT US","","","29.3",",0","","","","","","","0",",0","0",",0","0",",0","0",",0","0",",0","19",",0","0",",0","","","","","2.8",",0,26,","0",",,0,30,+","0",",,0,30,+","","","28.9",",0,06,","66.5","0","63.4",",0","98.0",",a,,0","0",",,,0","17.20",",0","22.65",",,,0","11.74",",,,0"
"USC00068911","1949-10","41.56667","-73.03333","103.9","WATERBURY CITY HALL, CT US","","","20.9",",0","9",",0","7",",0","0",",0","0",",0","0",",0","0",",0","1",",0","0",",0","13",",0","0",",0","","","","","0.0",",0,28,","0",",,0,31,+","0",",,0,31,+","20.8",",,0,26,","28.9",",0,13,+","185.2","0","118.7",",0","57.2",",,,0","0",",,,0","15.18",",0","20.64",",,,0","9.72",",,,0"
"USC00068911","1949-11","41.56667","-73.03333","103.9","WATERBURY CITY HALL, CT US","","","0.0",",0","11",",0","6",",0","0",",0","1",",0","1",",0","0",",0","9",",0","0",",0","1",",0","0",",0","","","","","-5.6",",0,28,+","51",",,0,27,","51",",,0,27,","8.9",",,0,25,","21.1",",0,12,","532.1","0","346.9",",0","37.9",",,,0","51",",,,0","6.77",",0","11.86",",,,0","1.68",",,,0"
"USC00068911","1949-12","41.56667","-73.03333","103.9","WATERBURY CITY HALL, CT US","","","0.0","2,0","12",",0","7",",0","0",",0","","","1",",0","0","1,0","21","1,0","3","1,0","0","1,0","0","1,0","","","","","-14.4","1,0,09,","","","140",",,0,03,","19.3",",,0,28,","15.6","1,0,28,+","1013.0","0","480.9","1,0","86.0",",,,0","153",",,,0","1.92","2,0","6.78","1,,,0","-2.93","1,,,0"
"USC00068911","1950-03","41.56667","-73.03333","103.9","WATERBURY CITY HALL, CT US","","","0.0",",0","11","2,0","7","2,0","0","2,0","0","3,0","2",",0","0",",0","23",",0","5",",0","0",",0","0",",0","","","","","-15.0",",0,04,","0","3,,0,31,+","102",",,0,21,","19.3","2,,0,21,","18.3",",0,30,","","","522.2",",0","87.8",",a,,0","160",",,,0","1.49",",0","6.12",",,,0","-3.14",",,,0"
"USC00068911","1950-04","41.56667","-73.03333","103.9","WATERBURY CITY HALL, CT US","","","0.0",",0","10",",0","7",",0","1",",0","0","2,0","1",",0","0",",0","5",",0","0",",0","5",",0","0",",0","","","","","-3.9",",0,14,","0","2,,0,30,+","114",",,0,14,","32.5",",,0,20,","23.3",",0,20,","","","300.3",",0","86.7",",,,0","134",",,,0","8.32",",0","13.30",",,,0","3.35",",,,0"
"USC00068911","1950-05","41.56667","-73.03333","103.9","WATERBURY CITY HALL, CT US","","","3.1",",0","12",",0","7",",0","0",",0","0",",0","0",",0","0",",0","0",",0","0",",0","15",",0","0",",0","","","","","1.1",",0,14,","0",",,0,31,+","0",",,0,31,+","17.8",",,0,19,","26.1",",0,28,+","","","108.4",",0","76.7",",,,0","0",",,,0","14.94",",0","20.65",",,,0","9.23",",,,0"
"USC00068911","1950-06","41.56667","-73.03333","103.9","WATERBURY CITY HALL, CT US","","","92.3","1,0","6","2,0","4","2,0","0","2,0","0",",0","0",",0","0",",0","0",",0","0","1,0","28","1,0","4","1,0","","","","","8.9",",0,18,+","0",",,0,30,+","0",",,0,30,+","15.5","2,,0,15,","33.9","1,0,27,+","","","12.0","1,0","67.6",",a,,0","0",",,,0","21.09","1,0","26.90","1,,,0","15.27",",,,0"
"USC00068911","1950-07","41.56667","-73.03333","103.9","WATERBURY CITY HALL, CT US","","","149.7",",0","9","4,0","5","4,0","1","4,0","0",",0","0",",0","0",",0","0",",0","0",",0","31",",0","3",",0","","","","","11.7",",0,15,","0",",,0,31,+","0",",,0,31,+","26.7","4,,0,11,","33.3",",0,31,","0.0","0","0.0",",0","108.0",",a,,0","0",",,,0","23.16",",0","29.17",",,,0","17.15",",,,0"
"USC00068911","1950-08","41.56667","-73.03333","103.9","WATERBURY CITY HALL, CT US","","","111.1","1,0","7","2,0","6","2,0","1","2,0","0",",0","0",",0","0",",0","0",",0","0","1,0","30","1,0","1","1,0","","","","","10.0",",0,22,","0",",,0,31,+","0",",,0,31,+","44.7","2,,0,21,","34.4","1,0,01,","2.2","0","2.2","1,0","99.5",",a,,0","0",",,,0","22.02","1,0","27.56","1,,,0","16.48",",,,0"
"USC00068911","1950-09","41.56667","-73.03333","103.9","WATERBURY CITY HALL, CT US","","","35.9",",0","5","4,0","2","4,0","0","4,0","0",",0","0",",0","0",",0","0",",0","0",",0","16",",0","0",",0","","","","","1.7",",0,25,","0",",,0,30,+","0",",,0,30,+","8.9","4,,0,14,","31.1",",0,02,","86.8","0","84.6",",0","23.6",",a,,0","0",",,,0","16.71",",0","22.01",",,,0","11.41",",,,0"
"USC00068911","1950-10","41.56667","-73.03333","103.9","WATERBURY CITY HALL, CT US","","","4.2",",0","3",",0","3",",0","0",",0","0",",0","0",",0","0",",0","2",",0","0",",0","12",",0","0",",0","","","","","-2.8",",0,27,","0",",,0,31,+","0",",,0,31,+","17.5",",,0,10,","27.2",",0,03,","236.5","0","149.7",",0","35.0",",,,0","0",",,,0","13.64",",0","19.50",",,,0","7.78",",,,0"
"USC00068911","1950-11","41.56667","-73.03333","103.9","WATERBURY CITY HALL, CT US","","","0.6",",0","9",",0","7",",0","3",",0","0",",0","0",",0","0",",0","9",",0","0",",0","4",",0","0",",0","","","","","-5.0",",0,19,","0",",,0,30,+","0",",T,0,29,+","58.2",",,0,25,","26.7",",0,03,+","542.4","0","305.9",",0","179.2",",,,0","0",",T,,0","8.16",",0","13.06",",,,0","3.25",",,,0"
"USC00068911","1950-12","41.56667","-73.03333","103.9","WATERBURY CITY HALL, CT US","","","0.0",",0","","","","","","","","","2","2,0","1",",0","22",",0","6",",0","0",",0","0",",0","","","1","","-20.0",",0,28,","","","173","2,,0,26,","","","17.2",",0,05,+","1085.6","0","543.2",",0","134.6",",a,,0","249","2,,,0","0.81",",0","4.94",",,,0","-3.31",",,,0"
"USC00068911","1951-01","41.56667","-73.03333","103.9","WATERBURY CITY HALL, CT US","0.0","0","0.0",",0","10",",0","6",",0","2",",0","","","4",",0","0",",0","24",",0","7",",0","0",",0","0",",0","","","","","-15.6",",0,31,","","","140",",,0,07,","39.4",",,0,24,","14.4",",0,05,+","1630.5","0","544.9",",0","112.6",",,,0","397",",,,0","0.75",",0","5.29",",,,0","-3.78",",,,0"
"USC00068911","1951-02","41.56667","-73.03333","103.9","WATERBURY CITY HALL, CT US","0.0","0","0.0",",0","6","2,0","6","2,0","3","2,0","","","2","1,0","0",",0","15",",0","5",",0","0",",0","0",",0","","","","","-15.6",",0,10,","","","76","1,,0,08,","49.8","2,,0,08,","14.4",",0,14,","2120.3","0","489.8",",0","129.9",",a,,0","122","1,,,0","0.84",",0","5.21",",,,0","-3.53",",,,0"
"USC00068911","1951-03","41.56667","-73.03333","103.9","WATERBURY CITY HALL, CT US","0.0","0","0.0","1,0","7","1,0","7","1,0","2","1,0","","","3",",0","0",",0","14",",0","0","1,0","0","1,0","0","1,0","","","","","-6.1",",0,10,","","","127",",,0,04,","47.5","1,,0,31,","16.7","1,0,29,","2526.3","0","406.0","1,0","119.7","1,,,0","255",",,,0","4.74","1,0","8.60","1,,,0","0.88",",,,0"
"USC00068911","1951-04","41.56667","-73.03333","103.9","WATERBURY CITY HALL, CT US","1.1","0","1.1",",0","10",",0","6",",0","1",",0","0",",0","0",",0","0",",0","0",",0","0",",0","3",",0","0",",0","","","","","1.1",",0,05,","0",",,0,30,+","0",",T,0,11,","27.9",",,0,03,","25.6",",0,30,","2734.7","0","208.4",",0","63.2",",,,0","0",",T,,0","11.42",",0","16.76",",,,0","6.08",",,,0"
"USC00068911","1951-05","41.56667","-73.03333","103.9","WATERBURY CITY HALL, CT US","19.4","0","18.3",",0","11",",0","6",",0","1",",0","0",",0","0",",0","0",",0","0",",0","0",",0","23",",0","0",",0","","","","","3.9",",0,14,","0",",,0,31,+","0",",,0,31,+","34.8",",,0,24,","29.4",",0,23,+","2805.5","0","70.8",",0","82.1",",,,0","0",",,,0","16.64",",0","23.53",",,,0","9.75",",,,0"
"USC00068911","1951-06","41.56667","-73.03333","103.9","WATERBURY CITY HALL, CT US","106.9","0","87.5","1,0","9",",0","5",",0","1",",0","0",",0","0",",0","0","1,0","0","1,0","0",",0","27",",0","0",",0","","","","","9.4","1,0,12,+","0",",,0,30,+","0",",,0,30,+","40.9",",,0,05,","31.7",",0,25,","2819.8","0","14.3",",0","87.5",",,,0","0",",,,0","20.91","1,0","26.44",",,,0","15.38","1,,,0"
"USC00068911","1951-07","41.56667","-73.03333","103.9","WATERBURY CITY HALL, CT US","281.8","0","174.9","1,0","10",",0","6",",0","0",",0","0",",0","0",",0","0","1,0","0","1,0","0",",0","31",",0","9",",0","","","","","11.7","1,0,21,","0",",,0,31,+","0",",,0,31,+","21.1",",,0,12,","33.3",",0,28,+","0.0","0","0.0",",0","83.4",",,,0","0",",,,0","24.21","1,0","29.67",",,,0","18.74","1,,,0"
"USC00068911","1951-08","41.56667","-73.03333","103.9","WATERBURY CITY HALL, CT US","399.9","0","118.1","2,0","11",",0","8",",0","1",",0","0",",0","0",",0","0","2,0","0","2,0","0","1,0","30","1,0","3","1,0","","","","","10.6","2,0,06,","0",",,0,31,+","0",",,0,31,+","31.5",",,0,10,","33.9","1,0,01,","2.8","0","2.8","1,0","101.7",",,,0","0",",,,0","22.35","2,0","27.55","1,,,0","17.16","2,,,0"
"USC00068911","1951-09","41.56667","-73.03333","103.9","WATERBURY CITY HALL, CT US","448.4","0","48.5",",0","7",",0","5",",0","0",",0","0",",0","0",",0","0",",0","0",",0","0",",0","25",",0","0",",0","","","","","2.2",",0,30,","0",",,0,30,+","0",",,0,30,+","18.3",",,0,15,","31.7",",0,01,","45.1","0","42.3",",0","48.0",",,,0","0",",,,0","18.54",",0","24.02",",,,0","13.06",",,,0"
"USC00068911","1951-10","41.56667","-73.03333","103.9","WATERBURY CITY HALL, CT US","457.9","0","9.5",",0","3","4,0","2","4,0","2","4,0","0",",0","0",",0","0",",0","1",",0","0",",0","11",",0","0",",0","","","","","0.0",",0,14,","0",",,0,31,+","0",",,0,31,+","39.4","4,,0,07,","26.7",",0,06,","189.4","0","144.3",",0","85.8",",a,,0","0",",,,0","13.98",",0","18.82",",,,0","9.15",",,,0"
"USC00068911","1951-11","41.56667","-73.03333","103.9","WATERBURY CITY HALL, CT US","457.9","0","0.0",",0","7","4,0","6","4,0","2","4,0","","","","","0",",0","17",",0","1",",0","0",",0","0",",0","","","","","-8.3",",0,28,","","","","","50.3","4,,0,03,","20.0",",0,11,","570.7","0","381.3",",0","152.7","2,a,,0","","","5.62",",0","10.45",",,,0","0.80",",,,0"
"USC00068911","1951-12","41.56667","-73.03333","103.9","WATERBURY CITY HALL, CT US","457.9","0","0.0","2,0","8",",0","7",",0","2",",0","","","3","1,0","0","1,0","22","1,0","5","2,0","0","2,0","0","2,0","","","","","-14.4","1,0,17,","","","127","1,,0,15,","36.6",",,0,19,","16.7","2,0,09,+","1040.4","0","469.7","2,0","99.9",",,,0","203","1,,,0","2.36","2,0","7.01","2,,,0","-2.29","1,,,0"
"USC00068911","1952-01","41.56667","-73.03333","103.9","WATERBURY CITY HALL, CT US","0.0","0","0.0","2,0","15",",0","13",",0","2",",0","","","4",",0","0","1,0","21","1,0","4","1,0","0","1,0","0","1,0","","","","","-16.7","1,0,31,","","","140",",,0,29,","32.3",",,0,23,","12.2","1,0,27,+","1534.7","0","494.3","1,0","134.4",",,,0","371",",,,0","1.38","2,0","5.68","1,,,0","-2.93","1,,,0"
"USC00068911","1952-02","41.56667","-73.03333","103.9","WATERBURY CITY HALL, CT US","0.0","0","0.0",",0","10",",0","7",",0","0",",0","","","2",",0","0",",0","23",",0","3",",0","0",",0","0",",0","","","","","-12.2",",0,14,","","","216",",,0,18,","22.6",",,0,18,","11.1",",0,11,","2036.2","0","501.5",",0","73.1",",,,0","326",",,,0","1.04",",0","5.01",",,,0","-2.93",",,,0"
"USC00068911","1952-03","41.56667","-73.03333","103.9","WATERBURY CITY HALL, CT US","0.0","0","0.0",",0","15","2,0","8","2,0","0","2,0","","","4",",0","0",",0","16",",0","0",",0","0",",0","0",",0","","","","","-5.6",",0,16,+","","","178",",,0,20,","15.7","2,,0,19,","16.7",",0,27,+","2479.2","0","443.0",",0","121.1",",a,,0","287",",,,0","4.04",",0","7.87",",,,0","0.21",",,,0"
"USC00068911","1952-04","41.56667","-73.03333","103.9","WATERBURY CITY HALL, CT US","9.2","0","9.2","2,0","9","2,0","7","2,0","2","2,0","0",",0","0",",0","0","2,0","0","2,0","0","2,0","7","2,0","0","2,0","","","","","0.6","2,0,12,","0",",,0,30,+","0",",,0,30,+","31.5","2,,0,25,","26.7","2,0,21,+","2650.7","0","171.5","2,0","158.0",",a,,0","0",",,,0","12.54","2,0","17.12","2,,,0","7.95","2,,,0"
"USC00068911","1952-05","41.56667","-73.03333","103.9","WATERBURY CITY HALL, CT US","14.2","0","5.0","1,0","12",",0","8",",0","1",",0","0",",0","0",",0","0","1,0","0","1,0","0","1,0","15","1,0","0","1,0","","","","","3.3","1,0,04,","0",",,0,31,+","0",",,0,31,+","49.8",",,0,30,","28.9","1,0,30,","2757.5","0","106.8","1,0","152.5",",,,0","0",",,,0","14.94","1,0","20.67","1,,,0","9.20","1,,,0"
"USC00068911","1952-06","41.56667","-73.03333","103.9","WATERBURY CITY HALL, CT US","147.8","0","133.6",",0","9",",0","7",",0","1",",0","0",",0","0",",0","0",",0","0",",0","0",",0","30",",0","7",",0","","","","","12.2",",0,14,+","0",",,0,30,+","0",",,0,30,+","71.4",",,0,01,","37.8",",0,27,+","2758.1","0","0.6",",0","120.7",",,,0","0",",,,0","22.77",",0","28.42",",,,0","17.11",",,,0"
"USC00068911","1952-07","41.56667","-73.03333","103.9","WATERBURY CITY HALL, CT US","380.7","0","232.9",",0","5",",0","3",",0","1",",0","0",",0","0",",0","0",",0","0",",0","0",",0","31",",0","18",",0","","","","","12.2",",0,01,","0",",,0,31,+","0",",,0,31,+","84.3",",,0,10,","36.7",",0,30,+","0.0","0","0.0",",0","93.2",",,,0","0",",,,0","25.85",",0","31.58",",,,0","20.11",",,,0"
"USC00068911","1952-08","41.56667","-73.03333","103.9","WATERBURY CITY HALL, CT US","507.2","0","126.5","2,0","13","1,0","9","1,0","5","1,0","0","1,0","0","1,0","0","2,0","0","2,0","0","2,0","29","2,0","2","2,0","","","","","8.3","2,0,24,","0","1,,0,31,+","0","1,,0,31,+","42.7","1,,0,16,","32.8","2,0,01,","5.0","0","5.0","2,0","196.7","1,,,0","0","1,,,0","22.52","2,0","27.42","2,,,0","17.63","2,,,0"
"USC00068911","1952-09","41.56667","-73.03333","103.9","WATERBURY CITY HALL, CT US","557.1","0","49.9",",0","10",",0","4",",0","1",",0","0",",0","0",",0","0",",0","0",",0","0",",0","23",",0","0",",0","","","","","5.6",",0,28,","0",",,0,30,+","0",",,0,30,+","40.6",",,0,02,","31.1",",0,12,","42.5","0","37.5",",0","59.4",",,,0","0",",,,0","18.75",",0","24.71",",,,0","12.79",",,,0"
"USC00068911","1952-10","41.56667","-73.03333","103.9","WATERBURY CITY HALL, CT US","558.8","0","1.7","2,0","5",",0","1",",0","0",",0","0",",0","0",",0","0","1,0","2","1,0","0","1,0","9","1,0","0","1,0","","","","","-2.8","1,0,26,","0",",,0,31,+","0",",T,0,20,","14.7",",,0,03,","24.4","1,0,15,","232.8","0","190.3","1,0","18.5",",,,0","0",",T,,0","11.78","2,0","17.83","1,,,0","5.72","1,,,0"
"USC00068911","1952-11","41.56667","-73.03333","103.9","WATERBURY CITY HALL, CT US","558.8","0","0.0",",0","5","2,0","3","2,0","1","2,0","","","","","0",",0","8",",0","0",",0","0",",0","0",",0","","","","","-5.0",",0,09,","","","","","97.8","2,,0,22,","20.0",",0,02,","553.6","0","320.8",",0","141.4",",a,,0","","","7.64",",0","12.28",",,,0","3.00",",,,0"
"USC00068911","1952-12","41.56667","-73.03333","103.9","WATERBURY CITY HALL, CT US","558.8","0","0.0",",0","7",",0","3",",0","2",",0","","","","","0",",0","21",",0","1",",0","0",",0","0",",0","","","","","-13.9",",0,28,","","","","","34.8",",,0,12,","15.6",",0,12,+","1036.5","0","482.9",",0","82.1",",,,0","","","2.75",",0","6.60",",,,0","-1.09",",,,0"
"USC00068911","1953-01","41.56667","-73.03333","103.9","WATERBURY CITY HALL, CT US","0.0","0","0.0","2,0","10","2,0","8","2,0","1","2,0","","","2",",0","0","1,0","22","1,0","1","1,0","0","1,0","0","1,0","1","","","","-8.3","1,0,27,","","","178",",,0,22,","32.0","2,,0,25,","13.9","1,0,25,+","1501.4","0","464.9","1,0","141.3",",a,,0","357",",a,,0","2.26","2,0","6.31","1,,,0","-1.80","1,,,0"
"USC00068911","1953-02","41.56667","-73.03333","103.9","WATERBURY CITY HALL, CT US","0.0","0","0.0",",0","9",",0","6",",0","0",",0","","","1",",0","0",",0","20",",0","2",",0","0",",0","0",",0","","","","","-11.1",",0,02,","","","51",",,0,12,","13.0",",,0,16,","16.1",",0,22,","1934.8","0","433.4",",0","57.0",",,,0","71",",,,0","2.85",",0","6.88",",,,0","-1.17",",,,0"
"USC00068911","1953-03","41.56667","-73.03333","103.9","WATERBURY CITY HALL, CT US","0.0","0","0.0",",0","14",",0","10",",0","4",",0","","","","","0",",0","10",",0","4",",0","0",",0","0",",0","","","","","-9.4",",0,11,","","","","","74.7",",,0,13,","18.9",",0,24,","2335.1","0","400.3",",0","262.8",",,,0","","","5.42",",0","9.20",",,,0","1.65",",,,0"
"USC00068911","1953-04","41.56667","-73.03333","103.9","WATERBURY CITY HALL, CT US","0.0","0","0.0",",0","15",",0","13",",0","1",",0","","","","","0",",0","0",",0","0",",0","3",",0","0",",0","","","","","1.1",",0,14,","","","","","39.6",",,0,08,","22.8",",0,24,","2558.0","0","222.9",",0","154.9",",,,0","","","10.90",",0","15.33",",,,0","6.47",",,,0"
"USC00068911","1953-05","41.56667","-73.03333","103.9","WATERBURY CITY HALL, CT US","30.6","0","30.6","1,0","18",",0","11",",0","0",",0","0",",0","0",",0","0","1,0","0","1,0","0","1,0","18","1,0","0","1,0","","","","","2.2","1,0,04,","0",",,0,31,+","0",",,0,31,+","21.1",",,0,01,","31.7","1,0,12,","2626.1","0","68.1","1,0","85.5",",,,0","0",",,,0","17.08","1,0","22.28","1,,,0","11.88","1,,,0"
"USC00068911","1953-06","41.56667","-73.03333","103.9","WATERBURY CITY HALL, CT US","150.9","0","120.3",",0","7",",0","5",",0","1",",0","0",",0","0",",0","0",",0","0",",0","0",",0","29",",0","7",",0","","","","","7.2",",0,15,","0",",,0,30,+","0",",,0,30,+","25.4",",,0,29,","36.7",",0,22,","2643.1","0","17.0",",0","54.4",",,,0","0",",,,0","21.78",",0","28.29",",,,0","15.26",",,,0"
"USC00068911","1953-07","41.56667","-73.03333","103.9","WATERBURY CITY HALL, CT US","325.7","0","174.8",",0","9",",0","6",",0","2",",0","0",",0","0",",0","0",",0","0",",0","0",",0","31",",0","9",",0","","","","","12.2",",0,26,+","0",",,0,31,+","0",",,0,31,+","43.4",",,0,08,","36.7",",0,19,","0.0","0","0.0",",0","114.0",",,,0","0",",,,0","23.97",",0","29.92",",,,0","18.03",",,,0"
"USC00068911","1953-08","41.56667","-73.03333","103.9","WATERBURY CITY HALL, CT US","467.4","0","141.7",",0","9",",0","3",",0","0",",0","0",",0","0",",0","0",",0","0",",0","0",",0","31",",0","4",",0","","","","","5.6",",0,19,","0",",,0,31,+","0",",,0,31,+","17.5",",,0,15,","36.7",",0,31,","7.2","0","7.2",",0","45.0",",,,0","0",",,,0","22.67",",0","28.66",",,,0","16.68",",,,0"
"USC00068911","1953-09","41.56667","-73.03333","103.9","WATERBURY CITY HALL, CT US","550.6","0","83.2",",0","5",",0","2",",0","0",",0","0",",0","0",",0","0",",0","0",",0","0",",0","25",",0","5",",0","","","","","2.2",",0,24,","0",",,0,30,+","0",",,0,30,+","19.1",",,0,13,","37.2",",0,01,","48.9","0","41.7",",0","24.8",",,,0","0",",,,0","19.72",",0","25.41",",,,0","14.02",",,,0"
"USC00068911","1953-10","41.56667","-73.03333","103.9","WATERBURY CITY HALL, CT US","552.8","0","2.2",",0","5",",0","5",",0","2",",0","0",",0","0",",0","0",",0","2",",0","0",",0","14",",0","0",",0","","","","","-1.1",",0,14,","0",",,0,31,+","0",",,0,31,+","32.0",",,0,28,","25.6",",0,21,+","196.4","0","147.5",",0","104.4",",,,0","0",",,,0","13.65",",0","19.34",",,,0","7.95",",,,0"
"USC00068911","1953-11","41.56667","-73.03333","103.9","WATERBURY CITY HALL, CT US","552.8","0","0.0","2,0","4",",0","3",",0","2",",0","0","1,0","1",",0","0","1,0","7","1,0","0","1,0","0","1,0","0","1,0","","","","","-2.2","1,0,27,","0","1,,0,30,+","178",",,0,07,","35.6",",,0,22,","20.6","1,0,19,+","462.5","0","266.1","1,0","82.9",",,,0","178",",,,0","8.83","2,0","14.70","1,,,0","2.97","1,,,0"
"USC00068911","1953-12","41.56667","-73.03333","103.9","WATERBURY CITY HALL, CT US","552.8","0","0.0",",0","9",",0","8",",0","2",",0","","","","","0",",0","16",",0","3",",0","0",",0","0",",0","","","","","-10.0",",0,18,","","","","","31.8",",,0,07,","16.7",",0,10,+","891.9","0","429.4",",0","130.5",",,,0","","","4.48",",0","8.53",",,,0","0.44",",,,0"
"USC00068911","1954-01","41.56667","-73.03333","103.9","WATERBURY CITY HALL, CT US","0.0","0","0.0","2,0","9",",0","8",",0","1",",0","","","3",",0","2","1,0","27","1,0","10","1,0","0","1,0","0","1,0","","","","","-18.9","1,0,14,","","","140",",,0,11,","28.7",",,0,11,","10.6","1,0,21,","1476.5","0","584.6","1,0","69.8",",,,0","229",",,,0","-1.99","2,0","2.01","1,,,0","-5.98","1,,,0"
"USC00068911","1954-02","41.56667","-73.03333","103.9","WATERBURY CITY HALL, CT US","0.0","0","0.0","2,0","5",",0","5",",0","0",",0","","","2",",0","0","1,0","14","1,0","2","1,0","2","1,0","0","1,0","","","","","-14.4","1,0,13,","","","51",",,0,02,","6.6",",,0,22,","22.2","1,0,17,+","1835.0","0","358.5","1,0","22.3",",,,0","89",",,,0","4.26","2,0","9.05","1,,,0","-0.52","1,,,0"
"USC00068911","1954-03","41.56667","-73.03333","103.9","WATERBURY CITY HALL, CT US","0.0","0","0.0",",0","3","1,0","3","1,0","1","1,0","","","","","0",",0","15",",0","1",",0","1",",0","0",",0","","","","","-5.6",",0,05,","","","","","31.0","1,,0,20,","21.1",",0,30,","2226.8","0","391.8",",0","52.1","1,,,0","","","5.69",",0","10.58",",,,0","0.81",",,,0"
"USC00068911","1954-04","41.56667","-73.03333","103.9","WATERBURY CITY HALL, CT US","7.6","0","7.6","3,0","9",",0","9",",0","1",",0","","","","","0","2,0","6","2,0","1","2,0","8","2,0","0","2,0","","","","","-6.7","2,0,04,","","","","","29.2",",,0,18,","27.8","2,0,22,","2404.1","0","177.3","2,0","100.3",",,,0","","","11.94","3,0","17.80","2,,,0","6.09","2,,,0"
"USC00068911","1954-05","41.56667","-73.03333","103.9","WATERBURY CITY HALL, CT US","16.8","0","9.2","3,0","11",",0","9",",0","1",",0","0",",0","0",",0","0","2,0","0","2,0","0","2,0","15","2,0","0","2,0","","","","","3.9","2,0,06,","0",",,0,31,+","0",",,0,31,+","36.8",",,0,21,","27.2","2,0,02,","2506.0","0","101.9","2,0","109.1",",,,0","0",",,,0","14.95","3,0","20.12","2,,,0","9.77","2,,,0"
"USC00068911","1954-06","41.56667","-73.03333","103.9","WATERBURY CITY HALL, CT US","132.2","0","115.4",",0","8",",0","5",",0","0",",0","0",",0","0",",0","0",",0","0",",0","0",",0","30",",0","4",",0","","","","","8.9",",0,17,","0",",,0,30,+","0",",,0,30,+","19.1",",,0,30,","33.3",",0,22,","2511.6","0","5.6",",0","61.7",",,,0","0",",,,0","22.00",",0","27.52",",,,0","16.47",",,,0"
"USC00068911","1954-07","41.56667","-73.03333","103.9","WATERBURY CITY HALL, CT US","299.3","0","167.1",",0","8",",0","8",",0","1",",0","0",",0","0",",0","0",",0","0",",0","0",",0","31",",0","6",",0","","","","","11.1",",0,17,","0",",,0,31,+","0",",,0,31,+","28.4",",,0,29,","37.2",",0,15,","0.8","0","0.8",",0","72.9",",,,0","0",",,,0","23.70",",0","29.30",",,,0","18.09",",,,0"
"USC00068911","1954-08","41.56667","-73.03333","103.9","WATERBURY CITY HALL, CT US","407.1","0","107.8",",0","12",",0","11",",0","3",",0","0",",0","0",",0","0",",0","0",",0","0",",0","31",",0","1",",0","","","","","11.1",",0,27,","0",",,0,31,+","0",",,0,31,+","53.3",",,0,31,","36.7",",0,01,","0.8","0","0.0",",0","182.4",",,,0","0",",,,0","21.81",",0","26.93",",,,0","16.69",",,,0"
"USC00068911","1954-09","41.56667","-73.03333","103.9","WATERBURY CITY HALL, CT US","435.4","0","28.3","3,0","12",",0","9",",0","1",",0","0","1,0","0","1,0","0","3,0","0","3,0","0","1,0","15","1,0","0","1,0","","","","","5.6","3,0,13,","0","1,,0,30,+","0","1,,0,30,+","74.9",",,0,11,","28.3","1,0,07,+","54.9","0","54.1","1,0","149.9",",,,0","0","1,,,0","17.52","3,0","21.91","1,,,0","13.13","3,,,0"
"USC00068911","1954-10","41.56667","-73.03333","103.9","WATERBURY CITY HALL, CT US","478.8","0","43.4",",0","8",",0","4",",0","1",",0","0",",0","0",",0","0",",0","1",",0","0",",0","13",",0","0",",0","","","","","0.0",",0,08,","0",",,0,31,+","0",",,0,31,+","26.9",",,0,16,","30.0",",0,13,+","207.5","0","152.6",",0","60.5",",,,0","0",",,,0","14.81",",0","19.93",",,,0","9.69",",,,0"
"USC00068911","1954-11","41.56667","-73.03333","103.9","WATERBURY CITY HALL, CT US","478.8","0","0.0",",0","14",",0","6",",0","2",",0","0",",0","0",",0","0",",0","11",",0","0",",0","0",",0","0",",0","","","","","-4.4",",0,11,","0",",,0,30,+","0",",,0,30,+","78.0",",,0,03,","19.4",",0,17,","581.6","0","374.1",",0","154.6",",,,0","0",",,,0","5.86",",0","9.75",",,,0","1.98",",,,0"
"USC00068911","1954-12","41.56667","-73.03333","103.9","WATERBURY CITY HALL, CT US","478.8","0","0.0","5,0","10",",0","8",",0","1",",0","","","","","0","2,0","22","2,0","4","3,0","0","3,0","0","3,0","","","","","-8.9","2,0,06,","","","","","71.9",",,0,15,","13.3","3,0,29,+","1016.1","0","434.5","3,0","148.3",",,,0","","","1.40","5,0","5.46","3,,,0","-2.65","2,,,0"
"USC00068911","1955-01","41.56667","-73.03333","103.9","WATERBURY CITY HALL, CT US","0.0","","0.0",",0","5",",0","2",",0","0",",0","","","0",",0","0",",0","30",",0","11",",0","0",",0","0",",0","","","","","-13.3",",0,30,","","","0",",T,0,16,+","9.1",",,0,02,","7.2",",0,02,","1651.3","","635.2",",0","16.9",",,,0","0",",T,,0","-2.16",",0","1.48",",,,0","-5.79",",,,0"
"USC00068911","1955-02","41.56667","-73.03333","103.9","WATERBURY CITY HALL, CT US","","","","","12",",0","9",",0","1",",0","","","","","0",",0","25",",0","","","","","","","","","","","-17.2",",0,03,","","","","","33.3",",,0,07,","","","","","","","113.0",",,,0","","","","","","","-4.50",",,,0"
"USC00068911","1955-03","41.56667","-73.03333","103.9","WATERBURY CITY HALL, CT US","","","0.0",",0","14",",0","10",",0","0",",0","","","","","0",",0","16",",0","1",",0","0",",0","0",",0","","","","","-5.6",",0,08,","","","","","22.4",",,0,22,","20.0",",0,11,+","","","425.7",",0","105.9",",,,0","","","4.60",",0","8.76",",,,0","0.45",",,,0"
"USC00068911","1955-04","41.56667","-73.03333","103.9","WATERBURY CITY HALL, CT US","","","0.3","3,0","17",",0","7",",0","1",",0","0","4,0","1",",0","0","2,0","1","2,0","0","1,0","9","1,0","0","1,0","","","","","0.0","2,0,09,","0","4,,0,30,+","127",",,0,04,","30.7",",,0,04,","25.6","1,0,12,+","","","158.9","1,0","107.5",",,,0","127",",,,0","12.31","3,0","17.81","1,,,0","6.81","2,,,0"
"USC00068911","1955-05","41.56667","-73.03333","103.9","WATERBURY CITY HALL, CT US","","","36.1",",0","6",",0","3",",0","0",",0","0",",0","0",",0","0",",0","0",",0","0",",0","26",",0","1",",0","","","","","1.1",",0,10,","0",",,0,31,+","0",",,0,31,+","7.6",",,0,27,","32.2",",0,26,","","","78.4",",0","21.1",",,,0","0",",,,0","16.97",",0","24.53",",,,0","9.40",",,,0"
"USC00068911","1955-06","41.56667","-73.03333","103.9","WATERBURY CITY HALL, CT US","","","54.7","2,0","12",",0","6",",0","0",",0","0",",0","0",",0","0","2,0","0","2,0","0","2,0","23","2,0","1","2,0","","","","","7.8","2,0,04,","0",",,0,30,+","0",",,0,30,+","13.0",",,0,12,","32.2","2,0,22,","","","21.7","2,0","55.7",",,,0","0",",,,0","19.51","2,0","26.05","2,,,0","12.97","2,,,0"
"USC00068911","1955-07","41.56667","-73.03333","103.9","WATERBURY CITY HALL, CT US","","","202.2","4,0","7",",0","3",",0","0",",0","0",",0","0",",0","0","2,0","0","2,0","0","2,0","29","2,0","19","2,0","","","","","13.3","2,0,13,","0",",,0,31,+","0",",,0,31,+","17.0",",,0,24,","38.3","2,0,06,","0.0","","0.0","2,0","33.7",",,,0","0",",,,0","25.89","4,0","32.84","2,,,0","18.93","2,,,0"
"USC00068911","1957-01","41.56667","-73.03333","103.9","WATERBURY CITY HALL, CT US","","","","","7",",0","7",",0","0",",0","","","5",",0","","","","","","","","","","","","","","","","","","","178",",,0,16,","22.1",",,0,23,","","","","","","","70.6",",,,0","419",",,,0","","","","","",""
"USC00068911","1957-02","41.56667","-73.03333","103.9","WATERBURY CITY HALL, CT US","","","","","4","4,0","3","4,0","0","4,0","","","","","","","","","","","","","","","","","","","","","","","","","17.8","4,,0,26,","","","","","","","52.9",",a,,0","","","","","","","",""
"USC00068911","1957-03","41.56667","-73.03333","103.9","WATERBURY CITY HALL, CT US","","","","","5","2,0","4","2,0","0","2,0","","","2",",0","","","","","","","","","","","","","","","","","","","51",",,0,20,+","10.2","2,,0,01,","","","","","","","40.2",",a,,0","102",",,,0","","","","","",""
"USC00068911","1957-04","41.56667","-73.03333","103.9","WATERBURY CITY HALL, CT US","","","","","6","2,0","6","2,0","2","2,0","0",",0","1",",0","","","","","","","","","","","","","","","","","0",",,0,30,+","102",",,0,05,","39.4","2,,0,05,","","","","","","","108.5","2,,,0","102",",,,0","","","","","",""
"USC00068911","1957-05","41.56667","-73.03333","103.9","WATERBURY CITY HALL, CT US","","","","","5",",0","5",",0","0",",0","0",",0","0",",0","","","","","","","","","","","","","","","","","0",",,0,31,+","0",",,0,31,+","16.5",",,0,14,","","","","","","","44.2",",,,0","0",",,,0","","","","","",""
"USC00068911","1957-06","41.56667","-73.03333","103.9","WATERBURY CITY HALL, CT US","","","","","3",",0","3",",0","0",",0","0",",0","0",",0","","","","","","","","","","","","","","","","","0",",,0,30,+","0",",,0,30,+","6.1",",,0,29,","","","","","","","13.7",",,,0","0",",,,0","","","","","",""
"USC00068911","1957-07","41.56667","-73.03333","103.9","WATERBURY CITY HALL, CT US","","","","","4","2,0","4","2,0","0","2,0","0",",0","0",",0","","","","","","","","","","","","","","","","","0",",,0,31,+","0",",,0,31,+","7.9","2,,0,09,","","","","","","","36.2",",a,,0","0",",,,0","","","","","",""
"USC00068911","1957-08","41.56667","-73.03333","103.9","WATERBURY CITY HALL, CT US","","","","","5","4,0","5","4,0","1","4,0","0",",0","0",",0","","","","","","","","","","","","","","","","","0",",,0,31,+","0",",,0,31,+","30.5","4,,0,19,","","","","","","","120.7",",a,,0","0",",,,0","","","","","",""
"USC00068911","1957-09","41.56667","-73.03333","103.9","WATERBURY CITY HALL, CT US","","","","","6","4,0","6","4,0","0","4,0","0",",0","0",",0","","","","","","","","","","","","","","","","","0",",,0,30,+","0",",,0,30,+","16.5","4,,0,17,","","","","","","","42.2","4,,,0","0",",,,0","","","","","",""
"USC00068911","1957-10","41.56667","-73.03333","103.9","WATERBURY CITY HALL, CT US","","","","","6",",0","6",",0","0",",0","0",",0","0",",0","","","","","","","","","","","","","","","","","0",",,0,31,+","0",",T,0,27,","15.2",",,0,25,","","","","","","","69.8",",,,0","0",",T,,0","","","","","",""
"USC00068911","1957-11","41.56667","-73.03333","103.9","WATERBURY CITY HALL, CT US","","","","","7","1,0","7","1,0","1","1,0","0",",0","0",",0","","","","","","","","","","","","","","","","","0",",,0,30,+","0",",T,0,26,","25.4","1,,0,15,","","","","","","","89.0","1,,,0","0",",T,,0","","","","","",""
"USC00068911","1957-12","41.56667","-73.03333","103.9","WATERBURY CITY HALL, CT US","","","","","13","1,0","11","1,0","2","1,0","","","2",",0","","","","","","","","","","","","","","","","","","","76",",,0,12,+","50.8","1,,0,27,","","","","","","","166.1","1,,,0","172",",,,0","","","","","",""
"USC00068911","1958-01","41.56667","-73.03333","103.9","WATERBURY CITY HALL, CT US","","","","","10",",0","10",",0","5",",0","","","0",",0","","","","","","","","","","","","","","","","","","","20",",,0,08,","50.8",",,0,15,","","","","","","","184.1",",,,0","33",",,,0","","","","","",""
"USC00068911","1958-02","41.56667","-73.03333","103.9","WATERBURY CITY HALL, CT US","","","","","3","2,0","3","2,0","1","2,0","","","2",",0","","","","","","","","","","","","","","","","","","","89",",,0,08,","50.8","2,,0,28,","","","","","","","104.2",",a,,0","521",",a,,0","","","","","",""
"USC00068911","1958-03","41.56667","-73.03333","103.9","WATERBURY CITY HALL, CT US","","","","","7",",0","5",",0","0",",0","","","4",",0","","","","","","","","","","","","","","","","","","","152",",,0,20,","15.2",",,0,20,","","","","","","","49.5",",,,0","393",",,,0","","","","","",""
"USC00068911","1958-04","41.56667","-73.03333","103.9","WATERBURY CITY HALL, CT US","","","","","7","3,0","6","3,0","2","3,0","","","","","","","","","","","","","","","","","","","","","","","","","33.0","3,,0,07,","","","","","","","121.9","1,a,,0","","","","","","","",""
"USC00068911","1958-05","41.56667","-73.03333","103.9","WATERBURY CITY HALL, CT US","","","","","11",",0","8",",0","1",",0","0",",0","0",",0","","","","","","","","","","","","","","","","","0",",,0,31,+","0",",,0,31,+","31.8",",,0,26,","","","","","","","79.6",",,,0","0",",,,0","","","","","",""
"USC00068911","1958-06","41.56667","-73.03333","103.9","WATERBURY CITY HALL, CT US","","","","","","","","","","","0",",0","0",",0","","","","","","","","","","","","","","","","","0",",,0,30,+","0",",,0,30,+","","","","","","","","","","","0",",,,0","","","","","",""
