"STATION","DATE","LATITUDE","LONGITUDE","ELEVATION","NAME","CDSD","CDSD_ATTRIBUTES","CLDD","CLDD_ATTRIBUTES","DP01","DP01_ATTRIBUTES","DP10","DP10_ATTRIBUTES","DP1X","DP1X_ATTRIBUTES","DSND","DSND_ATTRIBUTES","DSNW","DSNW_ATTRIBUTES","DT00","DT00_ATTRIBUTES","DT32","DT32_ATTRIBUTES","DX32","DX32_ATTRIBUTES","DX70","DX70_ATTRIBUTES","DX90","DX90_ATTRIBUTES","DYFG","DYFG_ATTRIBUTES","EMNT","EMNT_ATTRIBUTES","EMSD","EMSD_ATTRIBUTES","EMSN","EMSN_ATTRIBUTES","EMXP","EMXP_ATTRIBUTES","EMXT","EMXT_ATTRIBUTES","HDSD","HDSD_ATTRIBUTES","HTDD","HTDD_ATTRIBUTES","PRCP","PRCP_ATTRIBUTES","SNOW","SNOW_ATTRIBUTES","TAVG","TAVG_ATTRIBUTES","TMAX","TMAX_ATTRIBUTES","TMIN","TMIN_ATTRIBUTES"
"USC00203698","1893-01","43.9","-83.21667","189.0","HAYES, MI US","0.0","6","0.0","2,6","8",",6","8",",6","1",",6","","","7",",6","10","2,6","29","2,6","25","1,6","0","1,6","0","1,6","","","-26.7","2,6,15,","","","102",",,6,08,+","25.4",",,6,28,","5.6","1,6,29,","","","824.5","1,6","73.7",",,,6","483",",,,6","-10.10","2,6","-5.16","1,,,6","-15.05","2,,,6"
"USC00203698","1893-02","43.9","-83.21667","189.0","HAYES, MI US","0.0","6","0.0","2,6","9",",6","9",",6","0",",6","","","9",",6","6","1,6","27","1,6","21","1,6","0","1,6","0","1,6","","","-24.4","1,6,04,","","","152",",,6,23,+","15.2",",,6,23,+","3.9","1,6,15,","","","690.9","1,6","63.4",",,,6","634",",,,6","-8.14","2,6","-2.96","1,,,6","-13.32","1,,,6"
"USC00203698","1893-03","43.9","-83.21667","189.0","HAYES, MI US","","","","","","","","","","","","","","","0","4,6","25","4,6","9","4,6","0","4,6","0","4,6","","","-16.1","4,6,15,","","","","","","","13.3","4,6,24,","","","","","","","","","-2.36","6,6","2.71","4,,,6","-7.43","4,,,6"
"USC00203698","1893-04","43.9","-83.21667","189.0","HAYES, MI US","","","0.0","2,6","","","","","","","","","","","0","1,6","20","1,6","0","1,6","3","1,6","0","1,6","","","-6.1","1,6,02,","","","","","","","23.3","1,6,07,","","","376.7","1,6","","","","","5.02","2,6","10.34","1,,,6","-0.31","1,,,6"
"USC00203698","1893-05","43.9","-83.21667","189.0","HAYES, MI US","","","3.0",",6","","","","","","","","","","","0",",6","2",",6","0",",6","10",",6","0",",6","","","-0.6",",6,08,","","","","","","","28.3",",6,19,","","","219.9",",6","","","","","11.34",",6","17.21",",,,6","5.47",",,,6"
"USC00203698","1893-06","43.9","-83.21667","189.0","HAYES, MI US","","","62.4","1,6","2",",6","2",",6","0",",6","","","","","0","1,6","0","1,6","0","1,6","28","1,6","1","1,6","","","6.7","1,6,07,","","","","","24.1",",,6,04,","34.4","1,6,20,","","","7.5","1,6","31.7",",,,6","","","20.23","1,6","26.35","1,,,6","14.10","1,,,6"
"USC00203698","1893-07","43.9","-83.21667","189.0","HAYES, MI US","","","60.0","2,6","8",",6","6",",6","0",",6","","","","","0","2,6","0","2,6","0",",6","30",",6","2",",6","","","8.9","2,6,09,","","","","","17.8",",,6,02,","32.2",",6,25,+","8.4","6","8.4",",6","67.4",",,,6","","","20.06","2,6","27.56",",,,6","12.57","2,,,6"
"USC00203698","1893-08","43.9","-83.21667","189.0","HAYES, MI US","","","35.3","1,6","4",",6","3",",6","0",",6","","","","","0","1,6","0","1,6","0","1,6","30","1,6","1","1,6","","","3.9","1,6,30,","","","","","20.3",",,6,17,","32.8","1,6,10,","28.9","6","20.5","1,6","28.7",",,,6","","","18.83","1,6","27.47","1,,,6","10.18","1,,,6"
"USC00203698","1893-09","43.9","-83.21667","189.0","HAYES, MI US","","","0.8",",6","4",",6","4",",6","0",",6","","","","","0",",6","2",",6","0",",6","28",",6","0",",6","","","0.0",",6,27,+","","","","","18.5",",,6,07,","31.1",",6,27,","130.4","6","101.5",",6","53.5",",,,6","","","14.98",",6","24.90",",,,6","5.05",",,,6"
"USC00203698","1893-11","43.9","-83.21667","189.0","HAYES, MI US","","","0.0",",6","2",",6","2",",6","1",",6","","","2",",6","0",",6","25",",6","3",",6","0",",6","0",",6","","","-11.1",",6,25,","","","25",",,6,30,+","25.4",",,6,21,","17.2",",6,06,","","","455.3",",6","27.9",",,,6","50",",,,6","3.16",",6","8.42",",,,6","-2.11",",,,6"
"USC00203698","1893-12","43.9","-83.21667","189.0","HAYES, MI US","","","0.0","4,6","4",",6","4",",6","2",",6","","","","","0","2,6","25","2,6","12","2,6","0","2,6","0","2,6","","","-15.0","2,6,03,","","","","","34.3",",,6,23,","12.8","2,6,25,","","","578.7","2,6","75.0",",,,6","","","-3.14","4,6","1.66","2,,,6","-7.95","2,,,6"
"USC00203698","1894-01","43.9","-83.21667","189.0","HAYES, MI US","0.0","6","0.0",",6","3",",6","3",",6","0",",6","","","2",",6","2",",6","27",",6","15",",6","0",",6","0",",6","1","","-17.8",",6,28,+","","","152",",,6,23,","15.2",",,6,23,","11.1",",6,19,","","","650.1",",6","28.9",",,,6","203",",,,6","-2.64",",6","1.52",",,,6","-6.80",",,,6"
"USC00203698","1894-02","43.9","-83.21667","189.0","HAYES, MI US","0.0","6","0.0","4,6","3",",6","3",",6","0",",6","","","1",",6","6","2,6","25","2,6","15","2,6","0","2,6","0","2,6","","","-22.2","2,6,24,","","","203",",,6,12,","20.3",",,6,12,","7.2","2,6,28,","","","578.3","2,6","31.0",",,,6","208",",,,6","-5.87","4,6","-0.48","2,,,6","-11.25","2,,,6"
"USC00203698","1894-03","43.9","-83.21667","189.0","HAYES, MI US","0.0","6","0.0",",6","3",",6","3",",6","1",",6","","","1",",6","0",",6","19",",6","3",",6","2",",6","0",",6","","","-12.2",",6,26,","","","51",",,6,15,","33.0",",,6,17,","24.4",",6,21,+","","","430.1",",6","43.2",",,,6","51",",,,6","4.46",",6","9.80",",,,6","-0.88",",,,6"
"USC00203698","1894-04","43.9","-83.21667","189.0","HAYES, MI US","0.0","6","0.0",",6","2",",6","2",",6","1",",6","","","2",",6","0",",6","17",",6","0",",6","4",",6","0",",6","","","-5.6",",6,01,","","","305",",,6,07,","30.5",",,6,07,","26.7",",6,30,","","","341.9",",6","40.7",",,,6","407",",,,6","6.94",",6","13.71",",,,6","0.16",",,,6"
"USC00203698","1894-05","43.9","-83.21667","189.0","HAYES, MI US","3.1","6","3.1",",6","14",",6","11",",6","1",",6","","","","","0",",6","3",",6","0",",6","11",",6","0",",6","","","-0.6",",6,29,+","","","","","25.4",",,6,18,","26.1",",6,01,","","","191.3",",6","95.8",",,,6","","","12.26",",6","18.27",",,,6","6.25",",,,6"
"USC00203698","1894-06","43.9","-83.21667","189.0","HAYES, MI US","90.0","6","86.9",",6","3",",6","2",",6","1",",6","","","","","0",",6","1",",6","0",",6","25",",6","6",",6","","","0.0",",6,06,","","","","","27.9",",,6,19,","33.9",",6,22,","","","46.6",",6","32.2",",,,6","","","19.68",",6","27.27",",,,6","12.08",",,,6"
"USC00203698","1894-07","43.9","-83.21667","189.0","HAYES, MI US","162.8","6","72.8","3,6","","","","","","","","","","","0","3,6","0","3,6","0","3,6","26","3,6","9","3,6","","","6.1","3,6,13,","","","","","","","35.0","3,6,27,+","16.7","6","16.7","3,6","","","","","20.34","3,6","29.37","3,,,6","11.30","3,,,6"
"USC00203698","1894-08","43.9","-83.21667","189.0","HAYES, MI US","178.9","6","16.1",",6","1",",6","1",",6","0",",6","","","","","0",",6","0",",6","0",",6","30",",6","1",",6","","","5.0",",6,18,+","","","","","3.6",",,6,28,","32.2",",6,08,","59.3","6","42.6",",6","3.6",",,,6","","","17.48",",6","26.13",",,,6","8.83",",,,6"
"USC00203698","1894-09","43.9","-83.21667","189.0","HAYES, MI US","","","","","8",",6","7",",6","1",",6","","","","","0","5,6","0","5,6","0","5,6","23","5,6","6","5,6","","","1.7","5,6,28,","","","","","43.9",",,6,08,","35.0","5,6,02,","","","","","79.0",",,,6","","","16.81","6,6","26.78","5,,,6","6.84","5,,,6"
"USC00203698","1894-10","43.9","-83.21667","189.0","HAYES, MI US","","","0.0",",6","4",",6","4",",6","1",",6","","","","","0",",6","1",",6","0",",6","9",",6","0",",6","","","-2.2",",6,15,","","","","","27.9",",,6,11,","25.6",",6,21,","","","187.3",",6","55.1",",,,6","","","12.29",",6","19.71",",,,6","4.87",",,,6"
"USC00203698","1894-11","43.9","-83.21667","189.0","HAYES, MI US","","","0.0","2,6","","","","","","","","","","","0","1,6","24","1,6","1","2,6","2","2,6","0","2,6","","","-11.1","1,6,30,","","","","","","","21.1","2,6,05,+","","","446.8","2,6","","","","","2.35","2,6","7.84","2,,,6","-3.14","1,,,6"
"USC00203698","1894-12","43.9","-83.21667","189.0","HAYES, MI US","","","0.0","1,6","3","1,6","3","1,6","0","1,6","","","","","0","1,6","24","1,6","7","1,6","0","1,6","0","1,6","","","-16.7","1,6,28,","","","","","6.4","1,,6,07,","10.0","1,6,16,","","","541.9","1,6","12.7","1,,,6","","","0.27","1,6","4.09","1,,,6","-3.56","1,,,6"
"USC00203698","1895-01","43.9","-83.21667","189.0","HAYES, MI US","0.0","6","0.0","4,6","10",",6","9",",6","1",",6","","","8",",6","4","2,6","29","2,6","24","2,6","0","2,6","0","2,6","","","-23.3","2,6,31,","","","356",",,6,11,","35.6",",,6,11,","2.2","2,6,22,+","","","717.4","2,6","107.5",",,,6","1004",",,,6","-8.16","4,6","-3.40","2,,,6","-12.92","2,,,6"
"USC00203698","1895-02","43.9","-83.21667","189.0","HAYES, MI US","0.0","6","0.0",",6","4",",6","3",",6","0",",6","","","3",",6","9",",6","27",",6","21",",6","0",",6","0",",6","","","-30.0",",6,06,","","","64",",,6,20,","6.4",",,6,20,","7.2",",6,28,","","","774.8",",6","15.3",",,,6","153",",,,6","-9.34",",6","-4.27",",,,6","-14.41",",,,6"
"USC00203698","1895-03","43.9","-83.21667","189.0","HAYES, MI US","0.0","6","0.0",",6","2",",6","2",",6","0",",6","","","2",",6","5",",6","30",",6","8",",6","0",",6","0",",6","","","-20.6",",6,09,","","","102",",,6,08,+","10.2",",,6,08,+","13.3",",6,24,","","","695.2",",6","20.4",",,,6","204",",,,6","-4.09",",6","2.14",",,,6","-10.32",",,,6"
"USC00203698","1895-04","43.9","-83.21667","189.0","HAYES, MI US","0.0","6","0.0",",6","6",",6","3",",6","0",",6","","","1",",6","0",",6","14",",6","0",",6","2",",6","0",",6","","","-6.1",",6,11,","","","25",",,6,01,","19.1",",,6,06,","22.8",",6,24,","","","363.2",",6","31.9",",,,6","25",",,,6","6.23",",6","11.82",",,,6","0.63",",,,6"
"USC00203698","1895-05","43.9","-83.21667","189.0","HAYES, MI US","42.3","6","42.3","2,6","3",",6","3",",6","1",",6","","","","","0","1,6","8","1,6","0","1,6","18","1,6","5","1,6","","","-2.2","1,6,16,","","","","","35.6",",,6,18,","32.8","1,6,31,","","","183.5","1,6","78.3",",,,6","","","13.55","2,6","21.25","1,,,6","5.85","1,,,6"
"USC00203698","1895-06","43.9","-83.21667","189.0","HAYES, MI US","160.6","6","118.3",",6","3",",6","3",",6","0",",6","","","","","0",",6","0",",6","0",",6","29",",6","14",",6","","","3.3",",6,07,","","","","","12.7",",,6,14,","33.9",",6,13,","","","13.1",",6","29.9",",,,6","","","21.84",",6","30.73",",,,6","12.95",",,,6"
"USC00203698","1895-07","43.9","-83.21667","189.0","HAYES, MI US","254.2","6","93.6",",6","3",",6","3",",6","1",",6","","","","","0",",6","0",",6","0",",6","30",",6","14",",6","","","4.4",",6,27,","","","","","26.7",",,6,30,","34.4",",6,07,+","14.7","6","14.7",",6","54.7",",,,6","","","20.88",",6","30.43",",,,6","11.33",",,,6"
"USC00203698","1895-08","43.9","-83.21667","189.0","HAYES, MI US","285.6","6","31.4",",6","4",",6","4",",6","0",",6","","","","","0",",6","0",",6","0",",6","31",",6","3",",6","","","4.4",",6,20,","","","","","24.4",",,6,26,","33.3",",6,10,","29.7","6","15.0",",6","49.0",",,,6","","","18.86",",6","28.95",",,,6","8.78",",,,6"
"USC00203698","1895-09","43.9","-83.21667","189.0","HAYES, MI US","369.1","6","83.5",",6","5",",6","4",",6","1",",6","","","","","0",",6","0",",6","0",",6","27",",6","6",",6","","","3.3",",6,30,+","","","","","25.9",",,6,13,","35.6",",6,11,","73.6","6","43.9",",6","66.1",",,,6","","","19.65",",6","28.83",",,,6","10.48",",,,6"
"USC00203698","1895-10","43.9","-83.21667","189.0","HAYES, MI US","369.1","6","0.0",",6","1",",6","1",",6","0",",6","","","","","0",",6","13",",6","0",",6","0",",6","0",",6","","","-3.3",",6,22,","","","","","20.3",",,6,12,","20.0",",6,06,","427.8","6","354.2",",6","20.3",",,,6","","","6.91",",6","13.46",",,,6","0.36",",,,6"
"USC00203698","1895-11","43.9","-83.21667","189.0","HAYES, MI US","369.1","6","0.0",",6","6",",6","6",",6","0",",6","","","4",",6","0",",6","21",",6","1",",6","0",",6","0",",6","","","-10.0",",6,21,","","","102",",,6,24,","16.0",",,6,07,","20.0",",6,08,","907.1","6","479.3",",6","47.2",",,,6","254",",,,6","2.36",",6","6.94",",,,6","-2.23",",,,6"
"USC00203698","1895-12","43.9","-83.21667","189.0","HAYES, MI US","369.1","6","0.0","3,6","","","","","","","","","2",",6","1","2,6","23","2,6","13","2,6","0","2,6","0","2,6","","","-22.8","2,6,13,","","","51",",,6,01,","","","13.3","2,6,21,","1507.6","6","600.5","2,6","","","91",",,,6","-2.75","3,6","0.45","2,,,6","-5.95","2,,,6"
"USC00203698","1896-01","43.9","-83.21667","189.0","HAYES, MI US","0.0","6","0.0","4,6","6",",6","6",",6","0",",6","","","5","1,6","2","2,6","29","2,6","14","2,6","0","2,6","0","2,6","","","-17.8","2,6,05,+","","","51","1,,6,18,+","5.1",",,6,18,+","3.3","2,6,30,+","2112.5","6","604.9","2,6","23.9",",,,6","203","1,,,6","-4.16","4,6","-1.10","2,,,6","-7.21","2,,,6"
"USC00203698","1896-02","43.9","-83.21667","189.0","HAYES, MI US","0.0","6","0.0","4,6","3",",6","2",",6","0",",6","","","2",",6","3","2,6","26","2,6","14","2,6","0","2,6","0","2,6","","","-23.3","2,6,17,","","","152",",,6,13,","15.2",",,6,13,","10.0","2,6,27,","2678.6","6","566.1","2,6","19.7",",,,6","177",",,,6","-4.53","4,6","-0.48","2,,,6","-8.57","2,,,6"
"USC00203698","1896-03","43.9","-83.21667","189.0","HAYES, MI US","0.0","6","0.0","2,6","","","","","","","","","","","0","1,6","29","1,6","10","1,6","0","1,6","0","1,6","","","-15.0","1,6,20,","","","","","","","11.1","1,6,25,","3284.1","6","605.5","1,6","","","","","-2.60","2,6","2.33","1,,,6","-7.53","1,,,6"
"USC00203698","1896-04","43.9","-83.21667","189.0","HAYES, MI US","6.5","6","6.5",",6","5",",6","5",",6","0",",6","","","","","0",",6","11",",6","2",",6","11",",6","0",",6","","","-7.8",",6,03,","","","","","15.2",",,6,09,","28.9",",6,17,+","3557.2","6","273.1",",6","31.7",",,,6","","","9.45",",6","15.54",",,,6","3.35",",,,6"
"USC00203698","1896-05","43.9","-83.21667","189.0","HAYES, MI US","27.4","6","20.9",",6","6",",6","4",",6","0",",6","","","","","0",",6","1",",6","0",",6","26",",6","0",",6","","","0.0",",6,20,","","","","","20.6",",,6,25,","31.1",",6,10,+","3633.8","6","76.6",",6","54.4",",,,6","","","16.54",",6","23.76",",,,6","9.31",",,,6"
"USC00203698","1896-06","43.9","-83.21667","189.0","HAYES, MI US","75.8","6","48.4",",6","3",",6","3",",6","0",",6","","","","","0",",6","0",",6","0",",6","26",",6","1",",6","","","3.3",",6,02,","","","","","11.4",",,6,07,","32.2",",6,06,","3672.8","6","39.0",",6","19.8",",,,6","","","18.65",",6","26.06",",,,6","11.24",",,,6"
"USC00203698","1896-07","43.9","-83.21667","189.0","HAYES, MI US","181.1","6","105.3",",6","2",",6","2",",6","0",",6","","","","","0",",6","0",",6","0",",6","31",",6","8",",6","","","7.2",",6,19,+","","","","","10.2",",,6,26,","35.0",",6,28,","5.8","6","5.8",",6","17.1",",,,6","","","21.54",",6","29.16",",,,6","13.92",",,,6"
"USC00203698","1896-08","43.9","-83.21667","189.0","HAYES, MI US","274.5","6","93.4",",6","4",",6","4",",6","0",",6","","","","","0",",6","0",",6","0",",6","31",",6","6",",6","","","4.4",",6,28,","","","","","24.6",",,6,01,","35.0",",6,05,","27.7","6","21.9",",6","61.9",",,,6","","","20.64",",6","27.69",",,,6","13.59",",,,6"
"USC00203698","1896-09","43.9","-83.21667","189.0","HAYES, MI US","275.1","6","0.6","5,6","9",",6","9",",6","1",",6","","","","","0","5,6","3","5,6","0","5,6","17","5,6","0","5,6","","","-1.7","5,6,22,","","","","","40.6",",,6,12,","26.7","5,6,02,","139.8","6","112.1","5,6","153.8",",,,6","","","13.87","5,6","21.68","5,,,6","6.06","5,,,6"
"USC00203698","1896-10","43.9","-83.21667","189.0","HAYES, MI US","","","","","3",",6","3",",6","0",",6","","","","","","","","","","","","","","","","","","","","","","","10.2",",,6,29,","","","","","","","21.6",",,,6","","","","","","","",""
"USC00203698","1896-11","43.9","-83.21667","189.0","HAYES, MI US","","","0.0",",6","","","","","","","","","","","0",",6","14",",6","2",",6","0",",6","0",",6","","","-11.1",",6,30,","","","","","","","18.3",",6,03,","","","425.2",",6","","","","","4.16",",6","8.79",",,,6","-0.48",",,,6"
"USC00203698","1896-12","43.9","-83.21667","189.0","HAYES, MI US","","","0.0",",6","2",",6","1",",6","0",",6","","","1",",6","0",",6","26",",6","12",",6","0",",6","0",",6","","","-12.8",",6,25,+","","","203",",,6,22,","10.4",",,6,22,","7.2",",6,31,+","","","640.3",",6","11.7",",,,6","203",",,,6","-2.32",",6","0.80",",,,6","-5.45",",,,6"
"USC00203698","1897-01","43.9","-83.21667","189.0","HAYES, MI US","","","","","10",",6","10",",6","0",",6","","","5",",6","2","4,6","24","4,6","15","5,6","0","5,6","0","5,6","","","-19.4","4,6,25,","","","51",",,6,29,+","22.1",",,6,02,","12.8","5,6,03,","","","","","99.8",",,,6","203",",,,6","-4.32","9,6","0.13","5,,,6","-8.78","4,,,6"
"USC00203698","1897-02","43.9","-83.21667","189.0","HAYES, MI US","","","0.0",",6","3",",6","2",",6","0",",6","","","1",",6","0",",6","28",",6","14",",6","0",",6","0",",6","","","-16.7",",6,27,","","","102",",,6,12,","15.2",",,6,06,","5.6",",6,17,","","","601.1",",6","27.7",",,,6","125",",,,6","-3.13",",6","0.06",",,,6","-6.33",",,,6"
"USC00203698","1897-03","43.9","-83.21667","189.0","HAYES, MI US","","","0.0","2,6","10",",6","9",",6","0",",6","","","2",",6","0","1,6","26","1,6","7","1,6","0","1,6","0","1,6","","","-15.0","1,6,01,","","","152",",,6,24,","22.6",",,6,20,","9.4","1,6,30,+","","","552.3","1,6","96.4",",,,6","228",",,,6","-0.86","2,6","3.66","1,,,6","-5.39","1,,,6"
"USC00203698","1897-04","43.9","-83.21667","189.0","HAYES, MI US","","","0.0",",6","9",",6","7",",6","1",",6","","","","","0",",6","21",",6","0",",6","4",",6","0",",6","","","-8.3",",6,19,","","","","","27.9",",,6,24,","23.3",",6,22,","","","382.9",",6","78.4",",,,6","","","5.57",",6","10.97",",,,6","0.17",",,,6"
"USC00203698","1897-05","43.9","-83.21667","189.0","HAYES, MI US","","","2.9",",6","9",",6","9",",6","0",",6","","","","","0",",6","2",",6","0",",6","8",",6","0",",6","","","-0.6",",6,26,","","","","","24.4",",,6,02,","30.6",",6,09,","","","211.4",",6","103.8",",,,6","","","11.60",",6","18.01",",,,6","5.20",",,,6"
"USC00203698","1897-06","43.9","-83.21667","189.0","HAYES, MI US","","","12.6",",6","4",",6","3",",6","1",",6","","","","","0",",6","1",",6","0",",6","17",",6","0",",6","","","0.0",",6,09,","","","","","26.7",",,6,29,","30.6",",6,24,","","","112.4",",6","56.7",",,,6","","","15.01",",6","22.40",",,,6","7.61",",,,6"
"USC00203698","1897-07","43.9","-83.21667","189.0","HAYES, MI US","","","102.4","3,6","6",",6","6",",6","1",",6","","","","","0","1,6","0","1,6","0","3,6","25","3,6","7","3,6","","","8.9","1,6,27,","","","","","27.9",",,6,27,","36.1","3,6,04,","8.7","6","8.7","3,6","95.0",",,,6","","","21.67","3,6","27.55","3,,,6","15.79","1,,,6"
"USC00203698","1897-08","43.9","-83.21667","189.0","HAYES, MI US","","","47.3",",6","3",",6","3",",6","0",",6","","","","","0",",6","0",",6","0",",6","30",",6","0",",6","","","7.2",",6,31,","","","","","18.8",",,6,18,","30.0",",6,05,","27.6","6","18.9",",6","38.9",",,,6","","","19.25",",6","26.26",",,,6","12.24",",,,6"
"USC00203698","1897-09","43.9","-83.21667","189.0","HAYES, MI US","","","","","4",",6","4",",6","0",",6","","","","","","","","","","","","","","","","","","","","","","","14.2",",,6,01,","","","","","","","28.7",",,,6","","","","","","","",""
"USC00203698","1897-10","43.9","-83.21667","189.0","HAYES, MI US","","","3.1",",6","4",",6","3",",6","2",",6","","","","","0",",6","2",",6","0",",6","10",",6","0",",6","","","-1.1",",6,18,+","","","","","31.5",",,6,07,","29.4",",6,03,","","","213.2",",6","69.1",",,,6","","","11.55",",6","18.86",",,,6","4.25",",,,6"
"USC00203698","1897-11","43.9","-83.21667","189.0","HAYES, MI US","","","0.0",",6","7",",6","6",",6","0",",6","","","","","0",",6","17",",6","5",",6","0",",6","0",",6","","","-8.9",",6,30,","","","","","12.2",",,6,26,+","16.1",",6,04,","","","473.0",",6","46.5",",,,6","","","2.57",",6","6.02",",,,6","-0.89",",,,6"
"USC00203698","1897-12","43.9","-83.21667","189.0","HAYES, MI US","","","0.0","1,6","5",",6","5",",6","0",",6","","","2",",6","1","1,6","24","1,6","15",",6","0",",6","0",",6","","","-18.9","1,6,02,","","","64",",,6,20,","13.5",",,6,11,","12.8",",6,10,","","","622.9",",6","38.5",",,,6","115",",,,6","-2.48","1,6","0.85",",,,6","-5.81","1,,,6"
"USC00203698","1898-01","43.9","-83.21667","189.0","HAYES, MI US","0.0","6","0.0","1,6","6",",6","6",",6","0",",6","","","","","1","1,6","29","1,6","11","1,6","0","1,6","0","1,6","","","-25.0","1,6,30,","","","","","23.4",",,6,23,","3.3","1,6,20,+","","","662.5","1,6","46.7",",,,6","","","-3.75","1,6","0.29","1,,,6","-7.79","1,,,6"
"USC00203698","1898-02","43.9","-83.21667","189.0","HAYES, MI US","0.0","6","0.0","5,6","5",",6","5",",6","1",",6","","","","","6","4,6","21","4,6","14","1,6","0","1,6","0","1,6","","","-24.4","4,6,02,","","","","","25.4",",,6,21,","8.3","1,6,11,+","","","530.2","1,6","46.2",",,,6","","","-4.90","5,6","-0.33","1,,,6","-9.48","4,,,6"
"USC00203698","1898-03","43.9","-83.21667","189.0","HAYES, MI US","0.0","6","0.0",",6","7",",6","7",",6","0",",6","","","","","0",",6","20",",6","2",",6","0",",6","0",",6","","","-16.7",",6,03,","","","","","17.8",",,6,10,","16.7",",6,16,","","","494.2",",6","59.9",",,,6","","","2.39",",6","7.55",",,,6","-2.77",",,,6"
"USC00203698","1898-04","43.9","-83.21667","189.0","HAYES, MI US","0.0","6","0.0","3,6","3",",6","3",",6","0",",6","","","","","0","2,6","11","2,6","2","1,6","0","1,6","0","1,6","","","-8.3","2,6,04,","","","","","21.3",",,6,22,","20.6","1,6,30,","","","342.0","1,6","36.5",",,,6","","","5.53","3,6","11.01","1,,,6","0.06","2,,,6"
"USC00203698","1898-05","43.9","-83.21667","189.0","HAYES, MI US","1.7","6","1.7",",6","4",",6","3",",6","1",",6","","","","","0",",6","1",",6","0",",6","11",",6","0",",6","","","-0.6",",6,06,","","","","","35.6",",,6,19,","26.1",",6,27,","","","185.0",",6","50.8",",,,6","","","12.42",",6","18.44",",,,6","6.40",",,,6"
"USC00203698","1898-06","43.9","-83.21667","189.0","HAYES, MI US","33.6","6","31.9","1,6","6",",6","6",",6","0",",6","","","","","0",",6","0",",6","0","1,6","24","1,6","1","1,6","","","3.3",",6,01,","","","","","24.9",",,6,13,","32.8","1,6,24,","","","38.3","1,6","83.1",",,,6","","","17.99","1,6","25.61","1,,,6","10.37",",,,6"
"USC00203698","1898-07","43.9","-83.21667","189.0","HAYES, MI US","104.4","6","70.8",",6","2",",6","2",",6","0",",6","","","","","0",",6","0",",6","0",",6","31",",6","9",",6","","","1.7",",6,11,","","","","","16.5",",,6,19,","33.3",",6,27,+","28.1","6","28.1",",6","25.6",",,,6","","","19.71",",6","28.49",",,,6","10.93",",,,6"
"USC00203698","1898-08","43.9","-83.21667","189.0","HAYES, MI US","140.5","6","36.1",",6","6",",6","5",",6","1",",6","","","","","0",",6","0",",6","0",",6","30",",6","1",",6","","","7.2",",6,27,+","","","","","39.1",",,6,03,","32.2",",6,31,","55.1","6","27.0",",6","90.7",",,,6","","","18.63",",6","25.39",",,,6","11.86",",,,6"
"USC00203698","1898-09","43.9","-83.21667","189.0","HAYES, MI US","187.0","6","46.5",",6","4",",6","4",",6","0",",6","","","","","0",",6","1",",6","0",",6","26",",6","3",",6","","","0.0",",6,11,","","","","","14.5",",,6,23,","34.4",",6,03,","126.5","6","71.4",",6","32.1",",,,6","","","17.51",",6","24.10",",,,6","10.91",",,,6"
"USC00203698","1898-10","43.9","-83.21667","189.0","HAYES, MI US","190.6","6","3.6","1,6","9",",6","9",",6","1",",6","","","","","0","1,6","5","1,6","0",",6","4",",6","0",",6","","","-6.7","1,6,27,","","","","","27.4",",,6,26,","29.4",",6,03,","387.7","6","261.2",",6","131.9",",,,6","","","9.74","1,6","14.73",",,,6","4.76","1,,,6"
"USC00203698","1898-11","43.9","-83.21667","189.0","HAYES, MI US","190.6","6","0.0","1,6","4",",6","3",",6","0",",6","","","","","0","1,6","20","1,6","3",",6","0",",6","0",",6","","","-7.8","1,6,27,","","","","","12.4",",,6,10,","15.6",",6,21,","848.5","6","460.8",",6","27.6",",,,6","","","2.40","1,6","5.96",",,,6","-1.17","1,,,6"
"USC00203698","1898-12","43.9","-83.21667","189.0","HAYES, MI US","190.6","6","0.0",",6","2",",6","2",",6","0",",6","","","","","1",",6","31",",6","11",",6","0",",6","0",",6","","","-17.8",",6,28,","","","","","4.3",",,6,22,","4.4",",6,16,","1517.2","6","668.7",",6","8.1",",,,6","","","-3.24",",6","0.53",",,,6","-7.00",",,,6"
"USC00203698","1899-01","43.9","-83.21667","189.0","HAYES, MI US","0.0","6","0.0",",6","7",",6","4",",6","0",",6","","","","","6",",6","29",",6","21",",6","0",",6","0",",6","","","-23.3",",6,31,","","","","","10.2",",,6,05,","8.9",",6,05,+","2257.7","6","740.5",",6","22.9",",,,6","","","-5.55",",6","-1.39",",,,6","-9.72",",,,6"
"USC00203698","1899-02","43.9","-83.21667","189.0","HAYES, MI US","0.0","6","0.0",",6","2",",6","2",",6","0",",6","","","","","12",",6","25",",6","18",",6","0",",6","0",",6","","","-32.8",",6,12,","","","","","15.2",",,6,26,","8.9",",6,27,+","3035.1","6","777.4",",6","17.7",",,,6","","","-9.43",",6","-4.07",",,,6","-14.79",",,,6"
"USC00203698","1899-03","43.9","-83.21667","189.0","HAYES, MI US","0.0","6","0.0","2,6","7",",6","7",",6","1",",6","","","6",",6","3","1,6","29","1,6","19","1,6","0","1,6","0","1,6","","","-21.1","1,6,08,","","","305",",,6,26,","30.5",",,6,26,","11.7","1,6,11,","3727.0","6","691.9","1,6","89.8",",,,6","749",",,,6","-5.35","2,6","-0.09","1,,,6","-10.61","1,,,6"
"USC00203698","1899-05","43.9","-83.21667","189.0","HAYES, MI US","","","10.6",",6","5",",6","5",",6","0",",6","","","","","0",",6","1",",6","0",",6","18",",6","0",",6","","","-1.1",",6,14,","","","","","21.3",",,6,28,","31.7",",6,02,","","","138.4",",6","67.6",",,,6","","","14.21",",6","21.69",",,,6","6.73",",,,6"
"USC00203698","1899-06","43.9","-83.21667","189.0","HAYES, MI US","","","54.0",",6","3",",6","3",",6","1",",6","","","","","0",",6","0",",6","0",",6","29",",6","4",",6","","","3.3",",6,10,","","","","","31.2",",,6,18,","33.3",",6,06,","","","37.5",",6","76.2",",,,6","","","18.88",",6","26.66",",,,6","11.10",",,,6"
"USC00203698","1899-07","43.9","-83.21667","189.0","HAYES, MI US","","","54.7",",6","8",",6","7",",6","1",",6","","","","","0",",6","0",",6","0",",6","30",",6","0",",6","","","9.4",",6,15,+","","","","","35.6",",,6,05,","31.7",",6,26,","5.1","6","5.1",",6","94.7",",,,6","","","19.94",",6","27.30",",,,6","12.57",",,,6"
"USC00203698","1899-08","43.9","-83.21667","189.0","HAYES, MI US","","","49.6",",6","0",",6","0",",6","0",",6","","","","","0",",6","0",",6","0",",6","31",",6","5",",6","","","5.6",",6,09,+","","","","","0.0",",T,6,10,+","33.9",",6,20,","16.4","6","11.3",",6","0.0",",T,,6","","","19.57",",6","29.31",",,,6","9.82",",,,6"
"USC00203698","1899-09","43.9","-83.21667","189.0","HAYES, MI US","","","14.5","1,6","4",",6","3",",6","2",",6","","","","","0","1,6","6","1,6","0","1,6","20","1,6","8","1,6","","","-1.1","1,6,28,+","","","","","33.8",",,6,24,","33.3","1,6,09,+","136.2","6","119.8","1,6","74.0",",,,6","","","14.70","1,6","25.56","1,,,6","3.85","1,,,6"
"USC00203698","1899-10","43.9","-83.21667","189.0","HAYES, MI US","","","4.2",",6","5",",6","5",",6","1",",6","","","0",",6","0",",6","12",",6","0",",6","9",",6","0",",6","","","-3.3",",6,03,","","","0",",,6,31,+","32.5",",,6,22,","28.9",",6,16,","402.1","6","265.9",",6","81.0",",,,6","0",",,,6","9.89",",6","15.70",",,,6","4.08",",,,6"
"USC00203698","1899-11","43.9","-83.21667","189.0","HAYES, MI US","","","0.0","2,6","4",",6","3",",6","0",",6","","","0",",6","0","1,6","12","1,6","0","1,6","0","1,6","0","1,6","","","-6.7","1,6,13,","","","0",",T,6,11,","9.4",",,6,11,","15.6","1,6,04,","778.5","6","376.4","1,6","19.1",",,,6","0",",T,,6","4.74","2,6","8.83","1,,,6","0.65","1,,,6"
"USC00203698","1899-12","43.9","-83.21667","189.0","HAYES, MI US","","","0.0","2,6","7",",6","7",",6","0",",6","","","2",",6","1","1,6","26","1,6","12","1,6","0","1,6","0","1,6","","","-18.9","1,6,30,","","","38",",,6,07,","11.4",",,6,11,","10.6","1,6,19,","1375.9","6","597.4","1,6","28.0",",,,6","63",",,,6","-2.27","2,6","1.35","1,,,6","-5.89","1,,,6"
"USC00203698","1900-01","43.9","-83.21667","189.0","HAYES, MI US","0.0","6","0.0",",6","4",",6","3",",6","0",",6","","","3",",6","4",",6","31",",6","12",",6","0",",6","0",",6","","","-22.2",",6,01,","","","76",",,6,16,","7.6",",,6,16,","8.9",",6,24,+","2076.7","6","700.8",",6","17.2",",,,6","172",",,,6","-4.27",",6","-0.57",",,,6","-7.98",",,,6"
"USC00203698","1900-02","43.9","-83.21667","189.0","HAYES, MI US","0.0","6","0.0","1,6","10",",6","10",",6","2",",6","","","7",",6","6","1,6","26","1,6","20",",6","0",",6","0",",6","","","-23.3","1,6,26,","","","152",",,6,28,","32.5",",,6,08,","17.2",",6,08,","2778.9","6","702.2",",6","118.8",",,,6","533",",,,6","-7.79","1,6","-3.20",",,,6","-12.38","1,,,6"
"USC00203698","1900-03","43.9","-83.21667","189.0","HAYES, MI US","0.0","6","0.0","3,6","9",",6","9",",6","0",",6","","","7",",6","3","3,6","28","3,6","13",",6","0",",6","0",",6","","","-25.0","3,6,12,","","","152",",,6,04,","20.3",",,6,06,","7.8",",6,31,","3441.6","6","662.7",",6","76.0",",,,6","405",",,,6","-5.30","3,6","-0.33",",,,6","-10.26","3,,,6"
"USC00203698","1900-04","43.9","-83.21667","189.0","HAYES, MI US","0.0","6","0.0",",6","7",",6","6",",6","0",",6","","","1",",6","0",",6","12",",6","0",",6","3",",6","0",",6","","","-6.7",",6,10,+","","","51",",,6,12,","9.9",",,6,17,","26.7",",6,29,","3785.9","6","344.3",",6","28.1",",,,6","51",",,,6","6.86",",6","12.90",",,,6","0.82",",,,6"
"USC00203698","1900-05","43.9","-83.21667","189.0","HAYES, MI US","21.0","6","21.0",",6","8",",6","8",",6","0",",6","","","","","0",",6","6",",6","0",",6","18",",6","0",",6","","","-2.8",",6,05,","","","","","24.4",",,6,27,","30.6",",6,15,","3958.2","6","172.3",",6","78.6",",,,6","","","13.45",",6","20.25",",,,6","6.65",",,,6"
"USC00203698","1900-06","43.9","-83.21667","189.0","HAYES, MI US","46.6","6","25.6",",6","6",",6","6",",6","0",",6","","","","","0",",6","0",",6","0",",6","24",",6","1",",6","","","3.3",",6,04,","","","","","16.3",",,6,28,","32.2",",6,26,","4014.8","6","56.6",",6","38.9",",,,6","","","17.30",",6","24.89",",,,6","9.71",",,,6"
"USC00203698","1900-07","43.9","-83.21667","189.0","HAYES, MI US","134.6","6","88.0",",6","6",",6","6",",6","0",",6","","","0",",6","0",",6","0",",6","0",",6","30",",6","2",",6","","","5.0",",6,27,","","","0",",,6,31,+","12.2",",,6,20,","34.4",",6,05,","14.9","6","14.9",",6","41.2",",,,6","0",",,,6","20.69",",6","27.70",",,,6","13.68",",,,6"
"USC00203698","1900-08","43.9","-83.21667","189.0","HAYES, MI US","264.5","6","129.9",",6","8",",6","8",",6","4",",6","","","0",",6","0",",6","0",",6","0",",6","29",",6","7",",6","","","7.2",",6,23,","","","0",",,6,31,+","41.4",",,6,19,","36.1",",6,05,","21.3","6","6.4",",6","175.5",",,,6","0",",,,6","22.32",",6","29.37",",,,6","15.26",",,,6"
"USC00203698","1900-09","43.9","-83.21667","189.0","HAYES, MI US","296.1","6","31.6",",6","4",",6","4",",6","0",",6","","","0",",6","0",",6","0",",6","0",",6","19",",6","1",",6","","","2.2",",6,28,","","","0",",,6,30,+","19.1",",,6,02,","32.2",",6,11,","99.2","6","77.9",",6","52.1",",,,6","0",",,,6","16.79",",6","23.78",",,,6","9.80",",,,6"
"USC00203698","1900-10","43.9","-83.21667","189.0","HAYES, MI US","307.2","6","11.1","2,6","7",",6","6",",6","2",",6","","","","","0","1,6","4","1,6","0","1,6","11","1,6","0","1,6","","","-1.1","1,6,20,+","","","","","31.2",",,6,29,","30.0","1,6,06,","256.2","6","157.0","1,6","112.8",",,,6","","","13.39","2,6","19.94","1,,,6","6.83","1,,,6"
"USC00203698","1900-11","43.9","-83.21667","189.0","HAYES, MI US","307.2","6","0.0",",6","9",",6","8",",6","1",",6","","","2",",6","0",",6","22",",6","3",",6","0",",6","0",",6","","","-6.7",",6,14,","","","102",",,6,13,","27.9",",,6,18,","20.6",",6,20,","724.6","6","468.4",",6","100.2",",,,6","127",",,,6","2.72",",6","6.77",",,,6","-1.33",",,,6"
"USC00203698","1900-12","43.9","-83.21667","189.0","HAYES, MI US","","","","","6",",6","6",",6","0",",6","","","5",",6","1","4,6","25","4,6","9","3,6","0","3,6","0","3,6","","","-17.8","4,6,16,","","","51",",,6,31,","5.6",",,6,22,","8.9","3,6,22,","","","","","20.7",",,,6","151",",,,6","-2.70","6,6","0.65","3,,,6","-6.06","4,,,6"
"USC00203698","1901-01","43.9","-83.21667","189.0","HAYES, MI US","0.0","6","0.0","3,6","9",",6","5",",6","0",",6","","","","","4","1,6","30","1,6","17","2,6","0","2,6","0","2,6","","","-23.3","1,6,03,","","","","","7.6",",,6,10,","8.9","2,6,08,","","","673.9","2,6","28.0",",,,6","","","-5.84","3,6","-1.18","2,,,6","-10.51","1,,,6"
"USC00203698","1901-02","43.9","-83.21667","189.0","HAYES, MI US","0.0","6","0.0",",6","4",",6","4",",6","0",",6","","","4",",6","11",",6","28",",6","28",",6","0",",6","0",",6","","","-25.0",",6,15,","","","76",",,6,11,","7.6",",,6,11,","-1.1",",6,25,+","","","808.0",",6","20.3",",,,6","203",",,,6","-10.52",",6","-4.88",",,,6","-16.16",",,,6"
"USC00203698","1901-03","43.9","-83.21667","189.0","HAYES, MI US","0.0","6","0.0",",6","9",",6","7",",6","0",",6","","","3",",6","3",",6","28",",6","5",",6","0",",6","0",",6","","","-20.6",",6,06,","","","89",",,6,13,","15.2",",,6,25,","15.6",",6,26,","","","635.2",",6","45.2",",,,6","204",",,,6","-2.16",",6","3.14",",,,6","-7.45",",,,6"
"USC00203698","1901-04","43.9","-83.21667","189.0","HAYES, MI US","0.0","6","0.0","2,6","5",",6","5",",6","0",",6","","","0",",6","0","1,6","18","1,6","0","1,6","4","1,6","0","1,6","","","-4.4","1,6,12,","","","0",",,6,30,+","15.5",",,6,21,","27.2","1,6,29,","","","336.3","1,6","48.5",",,,6","0",",,,6","6.29","2,6","12.35","1,,,6","0.23","1,,,6"
"USC00203698","1901-05","43.9","-83.21667","189.0","HAYES, MI US","0.6","6","0.6","4,6","5",",6","5",",6","0",",6","","","","","0","2,6","1","2,6","0","2,6","10","2,6","0","2,6","","","-0.6","2,6,04,","","","","","14.0",",,6,09,","27.2","2,6,16,","","","155.3","2,6","35.8",",,,6","","","12.50","4,6","19.02","2,,,6","5.98","2,,,6"
"USC00203698","1901-06","43.9","-83.21667","189.0","HAYES, MI US","64.6","6","64.0","3,6","4",",6","3",",6","0",",6","","","0",",6","0","2,6","0","2,6","0","1,6","25","1,6","5","1,6","","","0.6","2,6,09,","","","0",",,6,30,+","7.6",",,6,19,","34.4","1,6,29,+","","","48.9","1,6","19.2",",,,6","0",",,,6","18.75","3,6","26.56","1,,,6","10.93","2,,,6"
"USC00203698","1901-07","43.9","-83.21667","189.0","HAYES, MI US","167.6","6","103.0","3,6","12",",6","12",",6","1",",6","","","0",",6","0","3,6","0","3,6","0","2,6","28","2,6","5","2,6","","","8.3","3,6,08,","","","0",",,6,31,+","27.9",",,6,02,","36.7","2,6,01,","3.9","6","3.9","2,6","122.5",",,,6","0",",,,6","21.95","3,6","28.90","2,,,6","15.00","3,,,6"
"USC00203698","1901-08","43.9","-83.21667","189.0","HAYES, MI US","","","","","3",",6","3",",6","0",",6","","","0",",6","","","","","","","","","","","","","","","","","0",",,6,31,+","23.4",",,6,23,","","","","","","","55.2",",,,6","0",",,,6","","","","","",""
"USC00203698","1901-09","43.9","-83.21667","189.0","HAYES, MI US","","","20.8","2,6","2",",6","1",",6","1",",6","","","0",",6","0","2,6","0","2,6","0",",6","18",",6","0",",6","","","1.1","2,6,19,","","","0",",,6,30,+","27.9",",,6,12,","31.1",",6,04,","","","87.2",",6","29.9",",,,6","0",",,,6","15.94","2,6","22.47",",,,6","9.42","2,,,6"
"USC00203698","1901-10","43.9","-83.21667","189.0","HAYES, MI US","","","0.5","2,6","6",",6","5",",6","1",",6","","","0",",6","0","1,6","10","1,6","0","1,6","7","1,6","0","1,6","","","-3.9","1,6,25,+","","","0",",T,6,17,","26.7",",,6,12,","25.0","1,6,01,","","","256.4","1,6","60.4",",,,6","0",",T,,6","9.60","2,6","16.59","1,,,6","2.61","1,,,6"
"USC00203698","1901-11","43.9","-83.21667","189.0","HAYES, MI US","","","0.0","1,6","3",",6","1",",6","0",",6","","","0",",6","0","1,6","24","1,6","0",",6","0",",6","0",",6","","","-8.9","1,6,28,","","","0",",T,6,22,+","5.8",",,6,11,","16.1",",6,03,","","","480.2",",6","7.4",",,,6","0",",T,,6","1.79","1,6","6.13",",,,6","-2.54","1,,,6"
"USC00203698","1901-12","43.9","-83.21667","189.0","HAYES, MI US","","","0.0","3,6","4",",6","4",",6","0",",6","","","1",",6","7","2,6","29","2,6","14","1,6","0","1,6","0","1,6","","","-22.2","2,6,21,+","","","51",",,6,03,","23.1",",,6,13,","12.8","1,6,01,","","","675.0","1,6","39.8",",,,6","51",",,,6","-5.56","3,6","-1.11","1,,,6","-10.00","2,,,6"
"USC00203698","1902-01","43.9","-83.21667","189.0","HAYES, MI US","0.0","6","0.0","4,6","4",",6","1",",6","0",",6","","","1",",6","4",",6","31",",6","14","4,6","0","4,6","0","4,6","","","-22.2",",6,28,","","","25",",,6,06,","2.5",",,6,06,","4.4","4,6,09,","","","627.0","4,6","6.4",",,,6","64",",,,6","-5.29","4,6","-0.24","4,,,6","-10.34",",,,6"
"USC00203698","1902-02","43.9","-83.21667","189.0","HAYES, MI US","0.0","6","0.0","2,6","1",",6","1",",6","0",",6","","","1",",6","8","1,6","27","1,6","18","1,6","0","1,6","0","1,6","","","-22.8","1,6,15,","","","51",",,6,02,","5.1",",,6,02,","12.8","1,6,28,","","","669.7","1,6","5.1",",,,6","51",",,,6","-7.28","2,6","-1.13","1,,,6","-13.43","1,,,6"
"USC00203698","1902-03","43.9","-83.21667","189.0","HAYES, MI US","0.0","6","0.0","3,6","7",",6","6",",6","1",",6","","","1",",6","1","1,6","24","1,6","4","2,6","2","2,6","0","2,6","","","-18.3","1,6,19,","","","89",",,6,31,","43.7",",,6,12,","22.2","2,6,12,","","","434.6","2,6","128.8",",,,6","102",",,,6","2.77","3,6","8.99","2,,,6","-3.44","1,,,6"
"USC00203698","1902-04","43.9","-83.21667","189.0","HAYES, MI US","1.4","6","1.4","3,6","1",",6","1",",6","1",",6","","","0",",6","0","2,6","18","2,6","0","1,6","1","1,6","0","1,6","","","-6.1","2,6,15,","","","0",",,6,30,+","30.5",",,6,26,","29.4","1,6,22,","","","338.9","1,6","30.5",",,,6","0",",,,6","5.90","3,6","12.29","1,,,6","-0.49","2,,,6"
"USC00203698","1902-05","43.9","-83.21667","189.0","HAYES, MI US","9.8","6","8.4","1,6","6",",6","5",",6","0",",6","","","0",",6","0",",6","6",",6","0","1,6","15","1,6","0","1,6","","","-3.9",",6,11,","","","0",",,6,31,+","23.9",",,6,04,","30.0","1,6,19,","","","187.8","1,6","59.4",",,,6","0",",,,6","12.30","1,6","19.54","1,,,6","5.05",",,,6"
"USC00203698","1902-06","43.9","-83.21667","189.0","HAYES, MI US","","","","","12",",6","11",",6","2",",6","","","0",",6","","","","","0","3,6","15","3,6","0","3,6","","","","","","","0",",,6,30,+","27.4",",,6,25,","29.4","3,6,18,+","","","","","113.3",",,,6","0",",,,6","","","21.74","3,,,6","",""
"USC00203698","1902-07","43.9","-83.21667","189.0","HAYES, MI US","","","54.8","1,6","17","1,6","16","1,6","2","1,6","","","0",",6","0","1,6","0","1,6","0",",6","28",",6","1",",6","","","6.1","1,6,01,","","","0",",,6,31,+","27.9","1,,6,26,","32.2",",6,06,","20.3","6","20.3",",6","167.7","1,,,6","0",",,,6","19.53","1,6","26.04",",,,6","13.02","1,,,6"
"USC00203698","1902-08","43.9","-83.21667","189.0","HAYES, MI US","","","15.6",",6","5",",6","5",",6","1",",6","","","0",",6","0",",6","0",",6","0",",6","21",",6","0",",6","","","5.6",",6,12,","","","0",",,6,31,+","48.3",",,6,05,","29.4",",6,02,","72.7","6","52.4",",6","83.3",",,,6","0",",,,6","17.14",",6","23.64",",,,6","10.65",",,,6"
"USC00203698","1902-09","43.9","-83.21667","189.0","HAYES, MI US","","","1.1","3,6","10",",6","10",",6","2",",6","","","0",",6","0","1,6","0","1,6","0","2,6","17","2,6","0","2,6","","","3.3","1,6,05,","","","0",",,6,30,+","29.2",",,6,23,","27.2","2,6,08,","167.5","6","94.8","2,6","102.4",",,,6","0",",,,6","14.94","3,6","20.75","2,,,6","9.14","1,,,6"
"USC00203698","1902-10","43.9","-83.21667","189.0","HAYES, MI US","","","0.0","4,6","7",",6","7",",6","2",",6","","","0",",6","0","4,6","8","4,6","0",",6","3",",6","0",",6","","","-3.9","4,6,10,","","","0",",T,6,28,","44.5",",,6,26,","22.2",",6,26,","433.2","6","265.7",",6","156.9",",,,6","0",",T,,6","8.68","4,6","14.88",",,,6","2.47","4,,,6"
"USC00203698","1902-11","43.9","-83.21667","189.0","HAYES, MI US","","","0.0","2,6","8",",6","8",",6","0",",6","","","0",",6","0","1,6","11","1,6","0","1,6","1","1,6","0","1,6","","","-3.9","1,6,28,","","","0",",,6,30,+","18.8",",,6,05,","21.1","1,6,02,","740.7","6","307.5","1,6","51.6",",,,6","0",",,,6","7.29","2,6","12.34","1,,,6","2.24","1,,,6"
"USC00203698","1902-12","43.9","-83.21667","189.0","HAYES, MI US","","","0.0","5,6","5",",6","4",",6","1",",6","","","2",",6","0","2,6","28","2,6","17","3,6","0","3,6","0","3,6","","","-12.2","2,6,31,+","","","102",",,6,06,","32.0",",,6,02,","8.9","3,6,21,","1333.4","6","592.7","3,6","54.9",",,,6","191",",,,6","-4.16","5,6","-0.45","3,,,6","-7.87","2,,,6"
"USC00203698","1903-01","43.9","-83.21667","189.0","HAYES, MI US","0.0","6","0.0","2,6","6",",6","5",",6","0",",6","","","","","4","1,6","29","1,6","18","1,6","0","1,6","0","1,6","","","-22.2","1,6,19,","","","","","15.2",",,6,11,","8.9","1,6,26,","2055.5","6","722.1","1,6","47.8",",,,6","","","-6.58","2,6","-1.72","1,,,6","-11.44","1,,,6"
"USC00203698","1903-02","43.9","-83.21667","189.0","HAYES, MI US","0.0","6","0.0","2,6","8",",6","8",",6","1",",6","","","5",",6","5",",6","28",",6","12","2,6","0","2,6","0","2,6","","","-22.2",",6,17,","","","305",",,6,08,","30.5",",,6,08,","7.8","2,6,10,","2676.6","6","621.1","2,6","87.6",",,,6","635",",,,6","-5.37","2,6","-0.75","2,,,6","-10.00",",,,6"
"USC00203698","1903-03","43.9","-83.21667","189.0","HAYES, MI US","0.0","6","0.0","3,6","4",",6","4",",6","0",",6","","","","","0",",6","24",",6","0","3,6","3","3,6","0","3,6","","","-7.8",",6,02,","","","","","17.0",",,6,07,","23.9","3,6,19,","3076.0","6","399.4","3,6","41.4",",,,6","","","3.93","3,6","9.11","3,,,6","-1.25",",,,6"
"USC00203698","1903-04","43.9","-83.21667","189.0","HAYES, MI US","0.0","6","0.0","1,6","8",",6","8",",6","2",",6","","","1",",6","0","1,6","16","1,6","0",",6","2",",6","0",",6","","","-10.6","1,6,05,","","","38",",,6,03,","29.2",",,6,14,","25.0",",6,29,","3440.7","6","364.7",",6","79.4",",,,6","38",",,,6","5.81","1,6","12.11",",,,6","-0.49","1,,,6"
"USC00203698","1903-05","43.9","-83.21667","189.0","HAYES, MI US","12.2","6","12.2","4,6","5",",6","5",",6","0",",6","","","","","0","3,6","8","3,6","0","4,6","15","4,6","0","4,6","","","-2.2","3,6,01,","","","","","17.3",",,6,03,","30.0","4,6,11,","3581.3","6","140.6","4,6","48.0",",,,6","","","13.54","4,6","21.11","4,,,6","5.97","3,,,6"
"USC00203698","1903-06","43.9","-83.21667","189.0","HAYES, MI US","22.4","6","10.2","3,6","6",",6","6",",6","0",",6","","","0",",6","0","2,6","0","2,6","0","2,6","17","2,6","0","2,6","","","3.3","2,6,04,","","","0",",,6,30,+","23.1",",,6,23,","29.4","2,6,08,","3673.0","6","91.7","2,6","91.3",",,,6","0",",,,6","15.39","3,6","22.03","2,,,6","8.76","2,,,6"
"USC00203698","1903-07","43.9","-83.21667","189.0","HAYES, MI US","","","","","5",",6","5",",6","0",",6","","","0",",6","","","","","","","","","","","","","","","","","0",",,6,31,+","22.9",",,6,21,","","","","","","","76.1",",,,6","0",",,,6","","","","","",""
"USC00203698","1903-08","43.9","-83.21667","189.0","HAYES, MI US","","","","","7",",6","6",",6","1",",6","","","0",",6","","","","","","","","","","","","","","","","","0",",,6,31,+","37.3",",,6,04,","","","","","","","85.9",",,,6","0",",,,6","","","","","",""
"USC00203698","1903-09","43.9","-83.21667","189.0","HAYES, MI US","","","13.6",",6","11","1,6","11","1,6","0","1,6","","","0",",6","0",",6","1",",6","0",",6","18",",6","0",",6","","","-1.1",",6,30,","","","0",",,6,30,+","24.6","1,,6,07,","30.6",",6,11,","","","114.3",",6","138.4","1,,,6","0",",,,6","14.98",",6","21.13",",,,6","8.82",",,,6"
"USC00203698","1903-10","43.9","-83.21667","189.0","HAYES, MI US","","","2.0","4,6","8","1,6","8","1,6","1","1,6","","","0",",6","0","3,6","6","3,6","0","2,6","6","2,6","0","2,6","","","-1.7","3,6,25,","","","0",",,6,31,+","40.6","1,,6,01,","25.0","2,6,02,","","","213.6","2,6","99.2","1,,,6","0",",,,6","10.56","4,6","16.44","2,,,6","4.68","3,,,6"
"USC00203698","1903-11","43.9","-83.21667","189.0","HAYES, MI US","","","0.0","2,6","5",",6","5",",6","0",",6","","","3",",6","0",",6","23",",6","9","2,6","0","2,6","0","2,6","","","-12.2",",6,30,","","","51",",,6,28,","22.9",",,6,11,","17.2","2,6,09,","","","473.3","2,6","36.8",",,,6","101",",,,6","1.50","2,6","6.21","2,,,6","-3.22",",,,6"
"USC00203698","1903-12","43.9","-83.21667","189.0","HAYES, MI US","","","0.0","4,6","6",",6","6",",6","0",",6","","","6",",6","6","4,6","27","4,6","23","2,6","0","2,6","0","2,6","","","-20.6","4,6,28,+","","","152",",,6,12,","15.2",",,6,12,","3.3","2,6,24,+","","","689.7","2,6","44.4",",,,6","444",",,,6","-7.21","4,6","-2.46","2,,,6","-11.96","4,,,6"
"USC00203698","1904-01","43.9","-83.21667","189.0","HAYES, MI US","0.0","6","0.0","4,6","10",",6","10",",6","0",",6","","","","","14","2,6","29","2,6","27","2,6","0","2,6","0","2,6","","","-28.3","2,6,26,","","","","","20.3",",,6,02,","3.3","2,6,20,","","","797.6","2,6","73.7",",,,6","","","-11.16","4,6","-5.18","2,,,6","-17.13","2,,,6"
"USC00203698","1904-02","43.9","-83.21667","189.0","HAYES, MI US","0.0","6","0.0","4,6","11",",6","11",",6","0",",6","","","11",",6","19","4,6","25","4,6","22",",6","0",",6","0",",6","","","-30.6","4,6,17,","","","203",",,6,29,+","20.3",",,6,29,+","4.4",",6,07,+","","","820.3",",6","83.6",",,,6","836",",,,6","-14.06","4,6","-6.25",",,,6","-21.86","4,,,6"
"USC00203698","1904-03","43.9","-83.21667","189.0","HAYES, MI US","0.0","6","0.0","1,6","11",",6","11",",6","0",",6","","","5",",6","1","1,6","28","1,6","13",",6","0",",6","0",",6","","","-20.6","1,6,04,","","","102",",,6,14,","10.2",",,6,14,","10.0",",6,31,","","","624.5",",6","58.6",",,,6","280",",,,6","-2.54","1,6","1.95",",,,6","-7.02","1,,,6"
"USC00203698","1904-04","43.9","-83.21667","189.0","HAYES, MI US","0.0","6","0.0","1,6","11",",6","11",",6","1",",6","","","6",",6","0","1,6","16","1,6","2",",6","2",",6","0",",6","","","-6.7","1,6,20,+","","","254",",,6,15,","25.4",",,6,15,","26.1",",6,23,","","","412.1",",6","70.6",",,,6","379",",,,6","4.05","1,6","8.72",",,,6","-0.62","1,,,6"
"USC00203698","1904-05","43.9","-83.21667","189.0","HAYES, MI US","3.4","6","3.4","2,6","12",",6","10",",6","0",",6","","","0",",6","0","2,6","0","2,6","0","2,6","15","2,6","0","2,6","","","1.1","2,6,18,","","","0",",,6,31,+","23.4",",,6,18,","29.4","2,6,07,","","","148.7","2,6","114.4",",,,6","0",",,,6","13.32","2,6","20.13","2,,,6","6.51","2,,,6"
"USC00203698","1904-06","43.9","-83.21667","189.0","HAYES, MI US","16.8","6","13.4","5,6","3",",6","3",",6","0",",6","","","0",",6","0","2,6","0","2,6","0","4,6","20","4,6","0","4,6","","","4.4","2,6,08,","","","0",",,6,30,+","19.8",",,6,07,","30.6","4,6,24,","","","48.0","4,6","38.1",",,,6","0",",,,6","17.05","5,6","24.41","4,,,6","9.69","2,,,6"
"USC00203698","1904-07","43.9","-83.21667","189.0","HAYES, MI US","98.3","6","81.5","1,6","5","1,6","5","1,6","0","1,6","","","0",",6","0","1,6","0","1,6","0","1,6","29","1,6","3","1,6","","","4.4","1,6,03,","","","0",",,6,31,+","21.3","1,,6,23,","35.6","1,6,18,","15.6","6","15.6","1,6","51.8","1,,,6","0",",,,6","20.53","1,6","27.41","1,,,6","13.65","1,,,6"
"USC00203698","1904-08","43.9","-83.21667","189.0","HAYES, MI US","","","","","3",",6","3",",6","1",",6","","","0",",6","","","","","","","","","","","","","","","","","0",",,6,31,+","49.5",",,6,13,","","","","","","","55.8",",,,6","0",",,,6","","","","","",""
"USC00203698","1904-09","43.9","-83.21667","189.0","HAYES, MI US","","","","","4",",6","4",",6","0",",6","","","0",",6","","","","","","","","","","","","","","","","","0",",,6,30,+","16.5",",,6,24,","","","","","","","34.0",",,,6","0",",,,6","","","","","",""
"USC00203698","1904-11","43.9","-83.21667","189.0","HAYES, MI US","","","0.0","3,6","0",",6","0",",6","0",",6","","","0",",6","0","2,6","22","2,6","1","1,6","0","1,6","0","1,6","","","-12.8","2,6,27,","","","0",",,6,30,+","0.0",",T,6,05,","18.3","1,6,15,+","","","407.5","1,6","0.0",",T,,6","0",",,,6","3.38","3,6","8.81","1,,,6","-2.05","2,,,6"
"USC00203698","1904-12","43.9","-83.21667","189.0","HAYES, MI US","","","0.0","3,6","7",",6","7",",6","1",",6","","","5",",6","2","3,6","27","3,6","20",",6","0",",6","0",",6","","","-20.6","3,6,17,","","","102",",,6,19,+","42.7",",,6,27,","8.9",",6,23,","","","661.9",",6","80.8",",,,6","305",",,,6","-5.32","3,6","-1.25",",,,6","-9.39","3,,,6"
"USC00203698","1905-01","43.9","-83.21667","189.0","HAYES, MI US","0.0","6","0.0","1,6","8",",6","6",",6","0",",6","","","6",",6","6","1,6","30","1,6","28",",6","0",",6","0",",6","","","-24.4","1,6,29,","","","152",",,6,25,","15.2",",,6,25,","5.0",",6,01,","","","804.2",",6","43.1",",,,6","431",",,,6","-8.45","1,6","-4.35",",,,6","-12.54","1,,,6"
"USC00203698","1905-02","43.9","-83.21667","189.0","HAYES, MI US","0.0","6","0.0","1,6","6",",6","6",",6","0",",6","28",",6","6",",6","11",",6","28",",6","20","1,6","0","1,6","0","1,6","","","-27.8",",6,11,+","508",",,6,20,+","102",",,6,14,+","10.2",",,6,14,+","3.3","1,6,25,","","","758.5","1,6","38.1",",,,6","381",",,,6","-9.91","1,6","-4.75","1,,,6","-15.08",",,,6"
"USC00203698","1905-03","43.9","-83.21667","189.0","HAYES, MI US","0.0","6","0.0","1,6","6",",6","6",",6","1",",6","","","3",",6","2","1,6","25","1,6","6","1,6","1","1,6","0","1,6","","","-21.7","1,6,02,","","","51",",,6,09,+","36.8",",,6,18,","21.7","1,6,28,","","","559.0","1,6","72.9",",,,6","127",",,,6","-0.30","1,6","5.11","1,,,6","-5.72","1,,,6"
"USC00203698","1905-04","43.9","-83.21667","189.0","HAYES, MI US","0.0","6","0.0",",6","4",",6","4",",6","0",",6","2",",6","2",",6","0",",6","21",",6","0",",6","1",",6","0",",6","","","-4.4",",6,22,","127",",,6,21,","127",",,6,21,","12.7",",,6,21,","25.0",",6,27,","","","374.6",",6","26.1",",,,6","152",",,,6","5.85",",6","12.13",",,,6","-0.44",",,,6"
"USC00203698","1905-05","43.9","-83.21667","189.0","HAYES, MI US","0.8","6","0.8","2,6","11",",6","11",",6","3",",6","","","0",",6","0","2,6","1","2,6","0","1,6","13","1,6","0","1,6","","","-1.1","2,6,01,","","","0",",,6,31,+","44.5",",,6,17,","27.8","1,6,14,","","","157.6","1,6","177.4",",,,6","0",",,,6","13.07","2,6","19.81","1,,,6","6.32","2,,,6"
"USC00203698","1905-07","43.9","-83.21667","189.0","HAYES, MI US","","","54.5",",6","14",",6","14",",6","1",",6","","","0",",6","0",",6","0",",6","0",",6","28",",6","3",",6","","","8.3",",6,29,","","","0",",,6,31,+","31.8",",,6,06,","32.8",",6,19,+","18.9","6","18.9",",6","123.6",",,,6","0",",,,6","19.48",",6","25.76",",,,6","13.20",",,,6"
"USC00203698","1905-08","43.9","-83.21667","189.0","HAYES, MI US","","","48.6",",6","5",",6","5",",6","1",",6","","","0",",6","0",",6","0",",6","0",",6","31",",6","1",",6","","","6.7",",6,03,+","","","0",",,6,31,+","39.4",",,6,19,","32.8",",6,11,","34.8","6","15.9",",6","52.7",",,,6","0",",,,6","19.39",",6","26.77",",,,6","12.01",",,,6"
"USC00203698","1905-09","43.9","-83.21667","189.0","HAYES, MI US","","","4.4",",6","4",",6","3",",6","0",",6","","","0",",6","0",",6","0",",6","0",",6","24",",6","0",",6","","","1.1",",6,26,","","","0",",,6,30,+","24.4",",,6,17,","29.4",",6,29,","91.5","6","56.7",",6","39.6",",,,6","0",",,,6","16.59",",6","23.81",",,,6","9.37",",,,6"
"USC00203698","1905-10","43.9","-83.21667","189.0","HAYES, MI US","","","9.2","1,6","5",",6","5",",6","1",",6","","","0",",6","0","1,6","5","1,6","0",",6","13",",6","0",",6","","","-4.4","1,6,30,","","","0",",,6,31,+","26.7",",,6,18,","30.0",",6,01,","326.2","6","234.7",",6","58.2",",,,6","0",",,,6","10.92","1,6","17.38",",,,6","4.45","1,,,6"
"USC00203698","1905-11","43.9","-83.21667","189.0","HAYES, MI US","","","0.0",",6","5",",6","5",",6","0",",6","","","3",",6","0",",6","23",",6","1",",6","0",",6","0",",6","","","-12.2",",6,30,","","","102",",,6,28,","10.2",",,6,28,","15.6",",6,23,","787.3","6","461.1",",6","25.4",",,,6","191",",,,6","2.96",",6","7.46",",,,6","-1.54",",,,6"
"USC00203698","1905-12","43.9","-83.21667","189.0","HAYES, MI US","","","0.0","3,6","6",",6","5",",6","0",",6","","","5",",6","0","2,6","29","2,6","9","2,6","0","2,6","0","2,6","","","-12.2","2,6,16,+","","","102",",,6,21,","10.2",",,6,21,","12.8","2,6,26,","1329.4","6","542.1","2,6","31.7",",,,6","317",",,,6","-0.90","3,6","3.04","2,,,6","-4.84","2,,,6"
"USC00203698","1906-01","43.9","-83.21667","189.0","HAYES, MI US","0.0","6","0.0","2,6","8",",6","7",",6","1",",6","8",",6","4",",6","0","2,6","29","2,6","7","2,6","0","2,6","0","2,6","","","-11.1","2,6,09,","102",",,6,20,","152",",,6,19,","31.5",",,6,15,","14.4","2,6,21,","1889.9","6","560.5","2,6","84.0",",,,6","266",",,,6","-0.99","2,6","2.64","2,,,6","-4.63","2,,,6"
"USC00203698","1906-02","43.9","-83.21667","189.0","HAYES, MI US","0.0","6","0.0",",6","5",",6","5",",6","0",",6","22",",6","4",",6","10",",6","28",",6","15",",6","0",",6","0",",6","","","-21.1",",6,15,+","102",",,6,16,+","102",",,6,14,","16.0",",,6,24,","12.2",",6,23,","2565.7","6","675.8",",6","44.0",",,,6","280",",,,6","-5.80",",6","-0.21",",,,6","-11.39",",,,6"
"USC00203698","1906-03","43.9","-83.21667","189.0","HAYES, MI US","0.0","6","0.0",",6","6",",6","6",",6","2",",6","22","1,6","4",",6","1",",6","31",",6","14",",6","0",",6","0",",6","","","-17.8",",6,24,","76","1,,6,22,+","76",",,6,04,","39.1",",,6,03,","9.4",",6,27,","3250.4","6","684.7",",6","85.5",",,,6","177",",,,6","-3.75",",6","0.45",",,,6","-7.96",",,,6"
"USC00203698","1906-04","43.9","-83.21667","189.0","HAYES, MI US","0.0","6","0.0",",6","5",",6","4",",6","1",",6","1","1,6","1",",6","0",",6","13",",6","0",",6","1",",6","0",",6","","","-3.9",",6,01,","51","1,,6,05,","51",",,6,05,","41.1",",,6,14,","23.3",",6,20,","3572.9","6","322.5",",6","71.0",",,,6","51",",,,6","7.58",",6","14.11",",,,6","1.06",",,,6"
"USC00203698","1906-05","43.9","-83.21667","189.0","HAYES, MI US","11.4","6","11.4",",6","6",",6","5",",6","1",",6","0",",6","0",",6","0",",6","4",",6","0",",6","12",",6","0",",6","","","-2.2",",6,10,","0",",,6,31,+","0",",,6,31,+","36.8",",,6,24,","29.4",",6,17,","3785.0","6","212.1",",6","97.0",",,,6","0",",,,6","11.86",",6","18.80",",,,6","4.92",",,,6"
"USC00203698","1906-06","43.9","-83.21667","189.0","HAYES, MI US","59.0","6","47.6",",6","4",",6","4",",6","0",",6","0","1,6","0",",6","0",",6","0",",6","0",",6","26",",6","1",",6","","","1.7",",6,12,","0","1,,6,30,+","0",",,6,30,+","23.9",",,6,22,","32.8",",6,29,","3828.4","6","43.4",",6","57.0",",,,6","0",",,,6","18.47",",6","25.07",",,,6","11.87",",,,6"
"USC00203698","1906-07","43.9","-83.21667","189.0","HAYES, MI US","112.1","6","53.1","1,6","3",",6","3",",6","0",",6","0",",6","0",",6","0","1,6","0","1,6","0",",6","31",",6","1",",6","","","7.2","1,6,24,+","0",",,6,31,+","0",",,6,31,+","18.3",",,6,29,","32.2",",6,21,","12.3","6","12.3",",6","35.6",",,,6","0",",,,6","19.70","1,6","27.06",",,,6","12.33","1,,,6"
"USC00203698","1906-08","43.9","-83.21667","189.0","HAYES, MI US","239.9","6","127.8","1,6","4",",6","4",",6","0",",6","0",",6","0",",6","0","1,6","0","1,6","0",",6","31",",6","6",",6","","","7.2","1,6,30,+","0",",,6,31,+","0",",,6,31,+","23.4",",,6,21,","33.9",",6,21,+","21.4","6","9.1",",6","59.2",",,,6","0",",,,6","22.33","1,6","29.45",",,,6","15.21","1,,,6"
"USC00203698","1906-09","43.9","-83.21667","189.0","HAYES, MI US","302.4","6","62.5","1,6","2",",6","2",",6","1",",6","0",",6","0",",6","0","1,6","0","1,6","0",",6","28",",6","6",",6","","","3.3","1,6,01,","0",",,6,30,+","0",",,6,30,+","36.8",",,6,29,","33.9",",6,16,","55.1","6","33.7",",6","45.7",",,,6","0",",,,6","19.31","1,6","27.06",",,,6","11.56","1,,,6"
"USC00203698","1906-10","43.9","-83.21667","189.0","HAYES, MI US","302.4","6","0.0",",6","9",",6","8",",6","1",",6","2","1,6","2",",6","0",",6","8",",6","0",",6","6",",6","0",",6","","","-3.3",",6,28,","76","1,,6,29,","76",",,6,29,","26.7",",,6,26,","24.4",",6,16,","309.3","6","254.2",",6","94.5",",,,6","127",",,,6","10.13",",6","15.88",",,,6","4.38",",,,6"
"USC00203698","1906-11","43.9","-83.21667","189.0","HAYES, MI US","302.4","6","0.0","1,6","3","5,6","3","5,6","0","5,6","5","1,6","2",",6","0","1,6","18","1,6","0","1,6","0","1,6","0","1,6","","","-9.4","1,6,14,","76","1,,6,13,+","51",",,6,11,","24.9","5,,6,26,+","12.8","1,6,06,","750.3","6","441.0","1,6","61.2","5,,,6","76",",,,6","3.13","1,6","7.19","1,,,6","-0.93","1,,,6"
"USC00203698","1906-12","43.9","-83.21667","189.0","HAYES, MI US","302.4","6","0.0",",6","3",",6","3",",6","0",",6","27","1,6","3",",6","1",",6","30",",6","13",",6","0",",6","0",",6","","","-18.3",",6,08,","152","1,,6,08,","102",",,6,03,","10.2",",,6,03,","8.3",",6,31,","1427.3","6","677.0",",6","15.2",",,,6","152",",,,6","-3.50",",6","1.12",",,,6","-8.13",",,,6"
"USC00203698","1907-01","43.9","-83.21667","189.0","HAYES, MI US","0.0","6","0.0",",6","6",",6","6",",6","0",",6","17",",6","3",",6","6",",6","31",",6","17",",6","0",",6","0",",6","","","-21.7",",6,31,+","102",",,6,13,+","102",",,6,12,","20.6",",,6,07,","7.2",",6,19,","2175.2","6","747.9",",6","60.6",",,,6","204",",,,6","-5.79",",6","-2.09",",,,6","-9.50",",,,6"
"USC00203698","1907-02","43.9","-83.21667","189.0","HAYES, MI US","0.0","6","0.0","2,6","2",",6","2",",6","0",",6","28",",6","2",",6","12",",6","28",",6","17","2,6","0","2,6","0","2,6","","","-23.9",",6,04,","102",",,6,12,+","51",",,6,05,","5.1",",,6,05,","4.4","2,6,13,","2896.1","6","720.9","2,6","7.6",",,,6","76",",,,6","-9.38","2,6","-2.54","2,,,6","-16.21",",,,6"
"USC00203698","1907-03","43.9","-83.21667","189.0","HAYES, MI US","0.0","6","0.0","1,6","5",",6","5",",6","1",",6","9",",6","1","2,6","0","1,6","23","1,6","5","1,6","0","1,6","0","1,6","","","-13.3","1,6,09,+","51",",,6,01,","25","2,,6,14,","29.2",",,6,24,","20.6","1,6,29,","3401.6","6","505.5","1,6","72.8",",,,6","25","2,,,6","1.48","1,6","7.29","1,,,6","-4.33","1,,,6"
"USC00203698","1907-04","43.9","-83.21667","189.0","HAYES, MI US","0.0","6","0.0",",6","6",",6","6",",6","0",",6","0","1,6","1","2,6","0",",6","26",",6","0",",6","0",",6","0",",6","","","-7.8",",6,01,","0","1,,6,30,+","152","2,,6,30,","10.2",",,6,23,","20.6",",6,23,","3864.8","6","463.2",",6","37.3",",,,6","152","2,,,6","2.89",",6","8.15",",,,6","-2.37",",,,6"
"USC00203698","1907-05","43.9","-83.21667","189.0","HAYES, MI US","0.0","6","0.0",",6","5",",6","5",",6","0",",6","0","2,6","2",",6","0",",6","10",",6","0",",6","3",",6","0",",6","","","-6.7",",6,04,+","0","2,,6,31,+","25",",,6,04,+","11.4",",,6,27,","28.3",",6,14,","4176.2","6","311.4",",6","23.2",",,,6","50",",,,6","8.29",",6","14.92",",,,6","1.65",",,,6"
"USC00203698","1907-06","43.9","-83.21667","189.0","HAYES, MI US","43.5","6","43.5","2,6","7",",6","6",",6","0",",6","0","2,6","0",",6","0","2,6","0","2,6","0","2,6","21","2,6","3","2,6","","","3.3","2,6,08,+","0","2,,6,30,+","0",",,6,30,+","24.1",",,6,23,","32.8","2,6,21,+","4240.4","6","64.2","2,6","67.8",",,,6","0",",,,6","17.59","2,6","25.71","2,,,6","9.47","2,,,6"
"USC00203698","1907-07","43.9","-83.21667","189.0","HAYES, MI US","","","","","","","","","","","","","0",",6","","","","","","","","","","","","","","","","","0",",,6,31,+","","","","","","","","","","","0",",,,6","","","","","",""
"USC00203698","1907-08","43.9","-83.21667","189.0","HAYES, MI US","","","","","2",",6","2",",6","0",",6","","","","","","","","","","","","","","","","","","","","","","","12.7",",,6,28,","","","","","","","15.2",",,,6","","","","","","","",""
"USC00203698","1907-09","43.9","-83.21667","189.0","HAYES, MI US","","","27.8","1,6","8",",6","8",",6","1",",6","0","3,6","0","4,6","0","1,6","0","1,6","0","1,6","16","1,6","1","1,6","","","2.8","1,6,25,","0","3,,6,30,+","0","4,,6,30,+","46.5",",,6,16,","32.2","1,6,14,","","","101.2","1,6","113.5",",,,6","0","4,,,6","15.80","1,6","21.69","1,,,6","9.91","1,,,6"
"USC00203698","1907-10","43.9","-83.21667","189.0","HAYES, MI US","","","0.0",",6","2",",6","2",",6","0",",6","0",",6","0",",6","0",",6","15",",6","0",",6","6",",6","0",",6","","","-9.4",",6,25,","0",",,6,31,+","0",",,6,31,+","4.3",",,6,07,+","25.6",",6,04,","","","324.8",",6","8.6",",,,6","0",",,,6","7.85",",6","15.35",",,,6","0.36",",,,6"
"USC00203698","1907-11","43.9","-83.21667","189.0","HAYES, MI US","","","0.0",",6","4",",6","3",",6","1",",6","0",",6","0",",6","0",",6","25",",6","0",",6","0",",6","0",",6","","","-9.4",",6,16,","0",",,6,30,+","0",",,6,30,+","28.7",",,6,03,","12.8",",6,25,","","","474.5",",6","46.2",",,,6","0",",,,6","2.52",",6","7.11",",,,6","-2.08",",,,6"
"USC00203698","1907-12","43.9","-83.21667","189.0","HAYES, MI US","","","0.0","5,6","11",",6","11",",6","0",",6","18",",6","7",",6","0","4,6","26","4,6","11","4,6","0","4,6","0","4,6","","","-15.0","4,6,13,","203",",,6,17,+","152",",,6,29,","17.0",",,6,27,","12.2","4,6,09,","","","537.2","4,6","87.1",",,,6","509",",,,6","-2.51","5,6","1.90","4,,,6","-6.91","4,,,6"
"USC00203698","1908-01","43.9","-83.21667","189.0","HAYES, MI US","","","","","5",",6","5",",6","0",",6","30","1,6","4",",6","","","","","","","","","","","","","","","508","1,,6,31,","203",",,6,31,+","20.3",",,6,31,+","","","","","","","59.6",",,,6","558",",,,6","","","","","",""
"USC00203698","1908-02","43.9","-83.21667","189.0","HAYES, MI US","","","0.0","3,6","7",",6","7",",6","0",",6","28","1,6","5",",6","5","1,6","28","1,6","22","2,6","0","2,6","0","2,6","","","-25.6","1,6,09,","686","1,,6,29,","203",",,6,19,","20.3",",,6,19,","5.6","2,6,13,","","","690.5","2,6","81.4",",,,6","634",",,,6","-8.40","3,6","-3.80","2,,,6","-12.99","1,,,6"
"USC00203698","1908-03","43.9","-83.21667","189.0","HAYES, MI US","","","0.0","2,6","4",",6","4",",6","0",",6","19","1,6","2",",6","1",",6","31",",6","4","2,6","0","2,6","0","2,6","","","-20.0",",6,01,","737","1,,6,04,+","51",",,6,02,+","10.4",",,6,28,","17.8","2,6,26,","","","553.7","2,6","29.5",",,,6","102",",,,6","-0.83","2,6","4.68","2,,,6","-6.34",",,,6"
"USC00203698","1908-04","43.9","-83.21667","189.0","HAYES, MI US","","","","","6",",6","6",",6","0",",6","0","1,6","0",",6","0","3,6","14","3,6","1","5,6","4","5,6","0","5,6","","","-7.8","3,6,04,","0","1,,6,30,+","0",",,6,30,+","17.3",",,6,25,","25.6","5,6,22,","","","","","46.5",",,,6","0",",,,6","6.75","6,6","13.28","5,,,6","0.22","3,,,6"
"USC00203698","1908-05","43.9","-83.21667","189.0","HAYES, MI US","","","15.6",",6","7",",6","7",",6","1",",6","0",",6","0",",6","0",",6","4",",6","0",",6","17",",6","0",",6","","","-1.1",",6,05,+","0",",,6,31,+","0",",,6,31,+","50.3",",,6,07,","31.1",",6,25,","","","173.7",",6","112.8",",,,6","0",",,,6","13.23",",6","19.47",",,,6","6.99",",,,6"
"USC00203698","1908-06","43.9","-83.21667","189.0","HAYES, MI US","","","59.2","1,6","3",",6","3",",6","1",",6","0",",6","0",",6","0","1,6","0","1,6","0",",6","29",",6","2",",6","","","3.3","1,6,16,+","0",",,6,30,+","0",",,6,30,+","26.2",",,6,14,","32.8",",6,22,","","","37.2",",6","47.3",",,,6","0",",,,6","19.05","1,6","27.03",",,,6","11.07","1,,,6"
"USC00203698","1908-07","43.9","-83.21667","189.0","HAYES, MI US","","","86.4","3,6","4",",6","4",",6","1",",6","0",",6","0",",6","0","3,6","0","3,6","0","1,6","29","1,6","4","1,6","","","7.2","3,6,17,+","0",",,6,31,+","0",",,6,31,+","41.9",",,6,17,","35.0","1,6,11,","9.4","6","9.4","1,6","76.9",",,,6","0",",,,6","21.04","3,6","27.50","1,,,6","14.59","3,,,6"
"USC00203698","1908-08","43.9","-83.21667","189.0","HAYES, MI US","","","65.4",",6","5",",6","5",",6","0",",6","0",",6","0",",6","0",",6","0",",6","0",",6","30",",6","4",",6","","","4.4",",6,25,+","0",",,6,31,+","0",",,6,31,+","24.9",",,6,12,","33.3",",6,31,+","43.8","6","34.4",",6","66.3",",,,6","0",",,,6","19.33",",6","26.44",",,,6","12.23",",,,6"
"USC00203698","1908-09","43.9","-83.21667","189.0","HAYES, MI US","","","51.2",",6","2",",6","2",",6","1",",6","0",",6","0",",6","0",",6","0",",6","0",",6","28",",6","2",",6","","","4.4",",6,30,+","0",",,6,30,+","0",",,6,30,+","26.7",",,6,28,","32.8",",6,10,","74.9","6","31.1",",6","30.8",",,,6","0",",,,6","19.00",",6","26.71",",,,6","11.30",",,,6"
"USC00203698","1908-10","43.9","-83.21667","189.0","HAYES, MI US","","","2.5",",6","2",",6","2",",6","0",",6","0",",6","0",",6","0",",6","4",",6","0",",6","8",",6","0",",6","","","-5.0",",6,12,","0",",,6,31,+","0",",,6,31,+","13.2",",,6,24,","28.3",",6,15,","293.0","6","218.1",",6","15.7",",,,6","0",",,,6","11.38",",6","18.42",",,,6","4.34",",,,6"
"USC00203698","1908-11","43.9","-83.21667","189.0","HAYES, MI US","","","0.0","1,6","4",",6","2",",6","1",",6","0",",6","0",",6","0",",6","20",",6","1","1,6","0","1,6","0","1,6","","","-7.8",",6,17,+","0",",,6,30,+","0",",,6,30,+","26.7",",,6,30,","19.4","1,6,25,","724.7","6","431.7","1,6","40.7",",,,6","0",",,,6","3.52","1,6","8.12","1,,,6","-1.08",",,,6"
"USC00203698","1908-12","43.9","-83.21667","189.0","HAYES, MI US","","","0.0","1,6","5",",6","5",",6","0",",6","26",",6","5",",6","1","1,6","30","1,6","10",",6","0",",6","0",",6","","","-17.8","1,6,23,","254",",,6,23,+","152",",,6,15,","15.2",",,6,15,","7.8",",6,02,+","1360.6","6","635.9",",6","40.6",",,,6","406",",,,6","-2.88","1,6","1.35",",,,6","-7.10","1,,,6"
"USC00203698","1909-01","43.9","-83.21667","189.0","HAYES, MI US","0.0","6","0.0","1,6","5",",6","5",",6","0",",6","16",",6","3",",6","2",",6","28",",6","16","1,6","0","1,6","0","1,6","","","-17.8",",6,13,+","406",",,6,31,","152",",,6,30,+","20.8",",,6,23,","14.4","1,6,23,","2008.0","6","647.4","1,6","78.4",",,,6","406",",,,6","-3.32","1,6","1.04","1,,,6","-7.69",",,,6"
"USC00203698","1909-02","43.9","-83.21667","189.0","HAYES, MI US","0.0","6","0.0","1,6","9",",6","9",",6","1",",6","28",",6","7",",6","2",",6","26",",6","10","1,6","0","1,6","0","1,6","","","-25.0",",6,01,","381",",,6,03,","102",",,6,16,+","33.0",",,6,18,","6.7","1,6,24,+","2609.0","6","601.0","1,6","81.3",",,,6","381",",,,6","-3.96","1,6","0.71","1,,,6","-8.64",",,,6"
"USC00203698","1909-03","43.9","-83.21667","189.0","HAYES, MI US","0.0","6","0.0",",6","4",",6","4",",6","1",",6","16",",6","2",",6","0",",6","31",",6","5",",6","0",",6","0",",6","","","-12.8",",6,20,","102",",,6,04,+","76",",,6,03,","30.5",",,6,24,","8.9",",6,26,","3227.1","6","618.1",",6","52.1",",,,6","127",",,,6","-1.61",",6","2.63",",,,6","-5.84",",,,6"
"USC00203698","1909-04","43.9","-83.21667","189.0","HAYES, MI US","0.0","6","0.0","1,6","11","1,6","11","1,6","1","1,6","2",",6","3",",6","0","1,6","22","1,6","0",",6","1",",6","0",",6","","","-7.8","1,6,10,","51",",,6,29,","76",",,6,29,+","44.2","1,,6,17,","23.3",",6,05,","3630.9","6","403.8",",6","164.4","1,,,6","203",",,,6","4.36","1,6","9.60",",,,6","-0.88","1,,,6"
"USC00203698","1909-05","43.9","-83.21667","189.0","HAYES, MI US","3.6","6","3.6","1,6","8",",6","8",",6","0",",6","1","1,6","1",",6","0","1,6","4","1,6","0","1,6","8","1,6","0","1,6","","","-2.8","1,6,02,","51","1,,6,01,","76",",,6,01,","15.2",",,6,09,","29.4","1,6,30,","3832.5","6","201.6","1,6","42.8",",,,6","76",",,,6","11.73","1,6","18.37","1,,,6","5.09","1,,,6"
"USC00203698","1909-06","43.9","-83.21667","189.0","HAYES, MI US","39.2","6","35.6",",6","7",",6","7",",6","0",",6","0",",6","0",",6","0",",6","0",",6","0",",6","25",",6","0",",6","","","5.0",",6,15,","0",",,6,30,+","0",",,6,30,+","18.0",",,6,13,","30.6",",6,21,","3881.9","6","49.4",",6","52.7",",,,6","0",",,,6","17.87",",6","24.52",",,,6","11.23",",,,6"
"USC00203698","1909-07","43.9","-83.21667","189.0","HAYES, MI US","113.6","6","74.4","2,6","7",",6","6",",6","0",",6","0",",6","0",",6","0","2,6","0","2,6","0",",6","30",",6","1",",6","","","4.4","2,6,05,","0",",,6,31,+","0",",,6,31,+","20.3",",,6,02,","33.3",",6,29,","12.3","6","12.3",",6","52.7",",,,6","0",",,,6","20.42","2,6","27.60",",,,6","13.25","2,,,6"
"USC00203698","1909-08","43.9","-83.21667","189.0","HAYES, MI US","202.6","6","89.0",",6","5",",6","5",",6","0",",6","0",",6","0",",6","0",",6","0",",6","0",",6","29",",6","4",",6","","","6.7",",6,21,","0",",,6,31,+","0",",,6,31,+","22.1",",,6,09,","35.6",",6,25,","27.0","6","14.7",",6","49.7",",,,6","0",",,,6","20.73",",6","26.83",",,,6","14.63",",,,6"
"USC00203698","1909-09","43.9","-83.21667","189.0","HAYES, MI US","223.2","6","20.6","4,6","3",",6","3",",6","0",",6","0",",6","0",",6","0","3,6","0","3,6","0","3,6","17","3,6","2","3,6","","","2.2","3,6,28,+","0",",,6,30,+","0",",,6,30,+","19.3",",,6,23,","33.9","3,6,14,+","124.9","6","97.9","3,6","33.3",",,,6","0",",,,6","15.29","4,6","22.53","3,,,6","8.04","3,,,6"
"USC00203698","1909-10","43.9","-83.21667","189.0","HAYES, MI US","223.2","6","0.0",",6","4",",6","4",",6","0",",6","0",",6","0",",6","0",",6","9",",6","0",",6","7",",6","0",",6","","","-5.6",",6,29,","0",",,6,31,+","0",",,6,31,+","10.7",",,6,21,","27.8",",6,06,","436.9","6","312.0",",6","26.2",",,,6","0",",,,6","8.27",",6","13.97",",,,6","2.57",",,,6"
"USC00203698","1909-11","43.9","-83.21667","189.0","HAYES, MI US","223.2","6","0.0","1,6","6",",6","6",",6","1",",6","0",",6","1",",6","0","1,6","19","1,6","1",",6","1",",6","0",",6","","","-10.0","1,6,24,","0",",,6,30,+","76",",,6,22,","41.1",",,6,16,","21.1",",6,11,","818.4","6","381.5",",6","93.1",",,,6","76",",,,6","5.17","1,6","10.61",",,,6","-0.27","1,,,6"
"USC00203698","1909-12","43.9","-83.21667","189.0","HAYES, MI US","223.2","6","0.0","2,6","7",",6","7",",6","0",",6","25",",6","7",",6","0",",6","30",",6","17","2,6","0","2,6","0","2,6","","","-17.2",",6,30,","406",",,6,31,+","152",",,6,07,","15.2",",,6,07,","9.4","2,6,01,","1458.0","6","639.6","2,6","53.3",",,,6","533",",,,6","-3.59","2,6","-0.04","2,,,6","-7.14",",,,6"
"USC00203698","1910-01","43.9","-83.21667","189.0","HAYES, MI US","0.0","","0.0","3,6","3",",6","3",",6","0",",6","31",",6","3",",6","2","3,6","28","3,6","23","1,6","0","1,6","0","1,6","","","-22.2","3,6,10,","356",",,6,31,+","51",",,6,30,+","5.1",",,6,30,+","3.3","1,6,18,","2146.0","","688.0","1,6","15.3",",,,6","153",",,,6","-6.22","3,6","-2.16","1,,,6","-10.28","3,,,6"
"USC00203698","1910-02","43.9","-83.21667","189.0","HAYES, MI US","0.0","","0.0","4,6","5",",6","5",",6","0",",6","28",",6","4",",6","10","2,6","26","2,6","18","2,6","0","2,6","0","2,6","","","-25.6","2,6,25,","660",",,6,28,+","152",",,6,02,","15.2",",,6,02,","3.9","2,6,27,+","2785.1","","639.1","2,6","41.4",",,,6","305",",,,6","-8.22","4,6","-2.39","2,,,6","-14.04","2,,,6"
"USC00203698","1910-03","43.9","-83.21667","189.0","HAYES, MI US","0.0","","0.0",",6","1",",6","1",",6","0",",6","12",",6","0",",6","0",",6","20",",6","1",",6","5",",6","0",",6","","","-12.2",",6,16,","610",",,6,02,+","0",",,6,31,+","3.8",",,6,20,","26.7",",6,30,+","3218.6","","433.5",",6","3.8",",,,6","0",",,,6","4.35",",6","11.23",",,,6","-2.53",",,,6"
"USC00203698","1910-04","43.9","-83.21667","189.0","HAYES, MI US","0.3","","0.3","1,6","7",",6","7",",6","0",",6","0",",6","0",",6","0",",6","10",",6","0","1,6","7","1,6","0","1,6","","","-2.8",",6,08,","0",",,6,30,+","0",",,6,30,+","21.6",",,6,20,","25.0","1,6,05,","3495.6","","277.0","1,6","84.9",",,,6","0",",,,6","8.78","1,6","15.21","1,,,6","2.35",",,,6"
"USC00203698","1910-05","43.9","-83.21667","189.0","HAYES, MI US","0.3","","0.0","3,6","4",",6","4",",6","1",",6","0","3,6","0",",6","0","3,6","2","3,6","0","3,6","12","3,6","0","3,6","","","-1.1","3,6,13,","0","3,,6,31,+","0",",,6,31,+","28.4",",,6,02,","25.6","3,6,30,+","3670.3","","174.7","3,6","54.7",",,,6","0",",,,6","12.09","3,6","19.16","3,,,6","5.03","3,,,6"
"USC00203698","1910-06","43.9","-83.21667","189.0","HAYES, MI US","55.0","","54.7","4,6","7",",6","6",",6","0",",6","","","0",",6","0","3,6","0","3,6","0","2,6","22","2,6","2","2,6","","","1.7","3,6,04,","","","0",",,6,30,+","20.3",",,6,01,","33.9","2,6,29,","3743.8","","73.5","2,6","66.0",",,,6","0",",,,6","17.59","4,6","24.83","2,,,6","10.36","3,,,6"
"USC00203698","1910-07","43.9","-83.21667","189.0","HAYES, MI US","153.7","","98.7","4,6","","","","","","","","","","","0","3,6","0","3,6","0","3,6","28","3,6","5","3,6","","","7.2","3,6,18,","","","","","","","35.6","3,6,01,","2.0","","2.0","3,6","","","","","21.78","4,6","29.39","3,,,6","14.16","3,,,6"
"USC00203698","1910-08","43.9","-83.21667","189.0","HAYES, MI US","208.8","","55.1","2,6","5",",6","5",",6","0",",6","0","3,6","0","3,6","0","1,6","0","1,6","0","2,6","29","2,6","0","2,6","","","7.2","1,6,26,","0","3,,6,31,+","0","3,,6,31,+","23.4",",,6,16,","30.6","2,6,31,+","18.0","","16.0","2,6","43.0",",,,6","0","3,,,6","19.70","2,6","26.41","2,,,6","13.00","1,,,6"
"USC00203698","1910-09","43.9","-83.21667","189.0","HAYES, MI US","","","","","5","4,6","5","4,6","1","4,6","","","0","3,6","","","","","0","5,6","15","5,6","0","5,6","","","","","","","0","3,,6,30,+","34.3","4,,6,24,","28.9","5,6,08,","","","","","91.0","4,,,6","0","3,,,6","","","21.86","5,,,6","",""
"USC00203698","1910-10","43.9","-83.21667","189.0","HAYES, MI US","","","","","4","3,6","4","3,6","0","3,6","","","","","","","","","","","","","","","","","","","","","","","18.5","3,,6,06,","","","","","","","61.2","3,,,6","","","","","","","",""
"USC00203698","1911-01","43.9","-83.21667","189.0","HAYES, MI US","0.0","6","0.0","2,6","8",",6","7",",6","0",",6","31",",6","6",",6","2",",6","28",",6","13","2,6","0","2,6","0","2,6","","","-19.4",",6,30,","330",",,6,13,+","51",",,6,31,+","5.1",",,6,31,+","6.7","2,6,27,","","","655.2","2,6","26.4",",,,6","228",",,,6","-4.32","2,6","0.04","2,,,6","-8.68",",,,6"
"USC00203698","1911-02","43.9","-83.21667","189.0","HAYES, MI US","0.0","6","0.0",",6","7",",6","7",",6","0",",6","24","3,6","5",",6","0",",6","23",",6","14",",6","0",",6","0",",6","","","-15.0",",6,11,","356","3,,6,11,+","203",",,6,06,","24.1",",,6,17,","10.0",",6,25,","","","599.2",",6","64.6",",,,6","380",",,,6","-3.07",",6","0.77",",,,6","-6.90",",,,6"
"USC00203698","1911-03","43.9","-83.21667","189.0","HAYES, MI US","0.0","6","0.0",",6","8",",6","7",",6","0",",6","","","5",",6","1",",6","29",",6","5",",6","0",",6","0",",6","","","-21.7",",6,15,","","","102",",,6,27,","15.2",",,6,22,","16.1",",6,26,","","","594.7",",6","45.6",",,,6","292",",,,6","-0.85",",6","4.42",",,,6","-6.12",",,,6"
"USC00203698","1911-04","43.9","-83.21667","189.0","HAYES, MI US","0.0","6","0.0","1,6","6","1,6","6","1,6","0","1,6","","","1",",6","0","1,6","13","1,6","1",",6","4",",6","0",",6","","","-10.6","1,6,03,+","","","25",",,6,06,","11.4","1,,6,05,","24.4",",6,27,","","","350.6",",6","40.6","1,,,6","38",",,,6","6.31","1,6","11.60",",,,6","1.03","1,,,6"
"USC00203698","1911-05","43.9","-83.21667","189.0","HAYES, MI US","40.3","6","40.3","2,6","12",",6","12",",6","1",",6","","","0",",6","0","2,6","4","2,6","0",",6","23",",6","2",",6","","","-2.2","2,6,04,+","","","0",",,6,31,+","25.4",",,6,31,","34.4",",6,27,","","","116.8",",6","104.3",",,,6","0",",,,6","15.95","2,6","23.04",",,,6","8.85","2,,,6"
"USC00203698","1911-06","43.9","-83.21667","189.0","HAYES, MI US","93.6","6","53.3",",6","8",",6","7",",6","1",",6","","","","","0",",6","0",",6","0",",6","28",",6","1",",6","","","6.1",",6,29,","","","","","27.9",",,6,04,","35.0",",6,10,","","","21.6",",6","63.2",",,,6","","","19.39",",6","25.50",",,,6","13.27",",,,6"
"USC00203698","1911-07","43.9","-83.21667","189.0","HAYES, MI US","211.7","6","118.1",",6","6",",6","5",",6","0",",6","","","0",",6","0",",6","0",",6","0",",6","29",",6","9",",6","","","10.0",",6,27,+","","","0",",,6,31,+","20.3",",,6,19,","37.8",",6,05,","10.0","6","10.0",",6","43.1",",,,6","0",",,,6","21.82",",6","28.84",",,,6","14.80",",,,6"
"USC00203698","1911-08","43.9","-83.21667","189.0","HAYES, MI US","269.8","6","58.1","3,6","9",",6","7",",6","2",",6","0",",6","0",",6","0","2,6","0","2,6","0","1,6","27","1,6","2","1,6","","","5.6","2,6,30,","0",",,6,31,+","0",",,6,31,+","28.4",",,6,15,","32.2","1,6,08,+","37.5","6","27.5","1,6","99.3",",,,6","0",",,,6","19.64","3,6","25.41","1,,,6","13.87","2,,,6"
"USC00203698","1911-09","43.9","-83.21667","189.0","HAYES, MI US","279.3","6","9.5","3,6","11",",6","11",",6","1",",6","0",",6","0",",6","0","3,6","0","3,6","0",",6","18",",6","0",",6","","","2.8","3,6,14,","0",",,6,30,+","0",",,6,30,+","25.4",",,6,29,","28.3",",6,16,","140.8","6","103.3",",6","111.3",",,,6","0",",,,6","14.93","3,6","20.86",",,,6","9.01","3,,,6"
"USC00203698","1911-10","43.9","-83.21667","189.0","HAYES, MI US","279.3","6","0.0",",6","9",",6","9",",6","1",",6","0",",6","0",",6","0",",6","2",",6","0",",6","1",",6","0",",6","","","-1.1",",6,26,","0",",,6,31,+","0",",,6,31,+","38.1",",,6,06,","22.2",",6,16,","434.4","6","293.6",",6","106.2",",,,6","0",",,,6","8.86",",6","13.35",",,,6","4.37",",,,6"
"USC00203698","1911-11","43.9","-83.21667","189.0","HAYES, MI US","279.3","6","0.0","1,6","10",",6","9",",6","1",",6","10","2,6","6",",6","0",",6","25",",6","4","1,6","0","1,6","0","1,6","","","-12.2",",6,17,+","51","2,,6,18,+","64",",,6,23,","29.2",",,6,06,","19.4","1,6,11,","947.9","6","513.5","1,6","105.4",",,,6","241",",,,6","0.60","1,6","4.63","1,,,6","-3.43",",,,6"
"USC00203698","1911-12","43.9","-83.21667","189.0","HAYES, MI US","279.3","6","0.0","1,6","10",",6","5",",6","0",",6","15",",6","2",",6","0","1,6","25","1,6","8",",6","0",",6","0",",6","","","-13.3","1,6,28,+","76",",,6,30,+","76",",,6,30,+","7.6",",,6,30,+","14.4",",6,11,","1514.4","6","566.5",",6","38.2",",,,6","198",",,,6","-0.44","1,6","2.91",",,,6","-3.79","1,,,6"
"USC00203698","1912-01","43.9","-83.21667","189.0","HAYES, MI US","0.0","6","0.0",",6","3",",6","1",",6","0",",6","31",",6","1",",6","20",",6","31",",6","31",",6","0",",6","0",",6","","","-27.8",",6,28,","178",",,6,31,+","102",",,6,08,","10.2",",,6,08,","-1.1",",6,18,","2504.8","6","990.4",",6","12.8",",,,6","128",",,,6","-13.62",",6","-9.12",",,,6","-18.11",",,,6"
"USC00203698","1912-02","43.9","-83.21667","189.0","HAYES, MI US","0.0","6","0.0","2,6","4",",6","4",",6","1",",6","27","2,6","4","1,6","13","1,6","28","1,6","20","1,6","0","1,6","0","1,6","","","-31.7","1,6,03,","508","2,,6,29,+","254","1,,6,21,","25.4",",,6,21,","5.6","1,6,24,","3279.6","6","774.8","1,6","63.4",",,,6","634","1,,,6","-10.56","2,6","-4.63","1,,,6","-16.50","1,,,6"
"USC00203698","1912-03","43.9","-83.21667","189.0","HAYES, MI US","0.0","6","0.0",",6","5",",6","5",",6","0",",6","31",",6","4",",6","8",",6","31",",6","12",",6","0",",6","0",",6","","","-24.4",",6,06,","508",",,6,06,+","127",",,6,21,","12.7",",,6,21,","8.9",",6,28,+","4020.2","6","740.6",",6","34.6",",,,6","318",",,,6","-5.56",",6","0.44",",,,6","-11.55",",,,6"
"USC00203698","1912-04","43.9","-83.21667","189.0","HAYES, MI US","0.0","6","0.0","2,6","7",",6","6",",6","0",",6","2",",6","1",",6","0","1,6","11","1,6","1","1,6","3","1,6","0","1,6","","","-10.0","1,6,07,","25",",,6,02,+","51",",,6,01,","18.5",",,6,18,","22.2","1,6,06,","4356.7","6","336.5","1,6","43.2",",,,6","51",",,,6","6.33","2,6","11.90","1,,,6","0.75","1,,,6"
"USC00203698","1912-05","43.9","-83.21667","189.0","HAYES, MI US","7.0","6","7.0","1,6","14",",6","13",",6","4",",6","0",",6","0",",6","0",",6","1",",6","0","1,6","14","1,6","0","1,6","","","0.0",",6,01,","0",",,6,31,+","0",",T,6,13,","60.5",",,6,20,","27.2","1,6,22,","4524.6","6","167.9","1,6","200.8",",,,6","0",",T,,6","12.97","1,6","19.02","1,,,6","6.92",",,,6"
"USC00203698","1912-06","43.9","-83.21667","189.0","HAYES, MI US","34.5","6","27.5","2,6","7",",6","5",",6","0",",6","0",",6","0",",6","0","2,6","0","2,6","0","1,6","24","1,6","0","1,6","","","4.4","2,6,17,","0",",,6,30,+","0",",,6,30,+","21.6",",,6,02,","31.7","1,6,29,","4572.0","6","47.4","1,6","47.5",",,,6","0",",,,6","17.68","2,6","24.38","1,,,6","10.99","2,,,6"
"USC00203698","1912-07","43.9","-83.21667","189.0","HAYES, MI US","120.4","6","85.9",",6","10",",6","10",",6","1",",6","0",",6","0",",6","0",",6","0",",6","0",",6","29",",6","2",",6","","","6.1",",6,03,","0",",,6,31,+","0",",,6,31,+","28.7",",,6,07,","32.2",",6,09,+","16.7","6","16.7",",6","94.6",",,,6","0",",,,6","20.56",",6","26.48",",,,6","14.65",",,,6"
"USC00203698","1912-08","43.9","-83.21667","189.0","HAYES, MI US","162.7","6","42.3","4,6","12",",6","9",",6","0",",6","0",",6","0",",6","0","2,6","0","2,6","0","2,6","22","2,6","0","2,6","","","4.4","2,6,30,","0",",,6,31,+","0",",,6,31,+","21.1",",,6,28,","30.6","2,6,25,","61.8","6","45.1","2,6","72.3",",,,6","0",",,,6","18.12","4,6","23.91","2,,,6","12.33","2,,,6"
"USC00203698","1912-09","43.9","-83.21667","189.0","HAYES, MI US","212.7","6","50.0",",6","6",",6","6",",6","1",",6","0",",6","0",",6","0",",6","0",",6","0",",6","21",",6","3",",6","","","3.3",",6,29,","0",",,6,30,+","0",",,6,30,+","26.4",",,6,02,","32.8",",6,07,","133.3","6","71.5",",6","78.2",",,,6","0",",,,6","17.62",",6","23.54",",,,6","11.70",",,,6"
"USC00203698","1912-10","43.9","-83.21667","189.0","HAYES, MI US","212.7","6","0.0",",6","5",",6","5",",6","0",",6","0",",6","0",",6","0",",6","3",",6","0",",6","6",",6","0",",6","","","-1.7",",6,31,","0",",,6,31,+","0",",,6,31,+","17.3",",,6,09,","26.1",",6,06,","380.9","6","247.6",",6","46.4",",,,6","0",",,,6","10.35",",6","15.75",",,,6","4.95",",,,6"
"USC00203698","1912-11","43.9","-83.21667","189.0","HAYES, MI US","212.7","6","0.0","3,6","7",",6","7",",6","2",",6","3",",6","2",",6","0","2,6","21","2,6","2","1,6","0","1,6","0","1,6","","","-6.1","2,6,28,+","51",",,6,28,","51",",,6,28,","28.2",",,6,13,","15.6","1,6,12,","790.3","6","409.4","1,6","90.7",",,,6","76",",,,6","3.19","3,6","7.17","1,,,6","-0.80","2,,,6"
"USC00203698","1912-12","43.9","-83.21667","189.0","HAYES, MI US","212.7","6","0.0","3,6","4",",6","3",",6","0",",6","0",",6","1",",6","0","3,6","28","3,6","11",",6","0",",6","0",",6","","","-13.9","3,6,12,","0",",T,6,28,+","25",",,6,21,","17.8",",,6,02,","15.0",",6,06,","1350.2","6","559.9",",6","32.5",",,,6","30",",,,6","-1.58","3,6","2.01",",,,6","-5.18","3,,,6"
"USC00203698","1913-01","43.9","-83.21667","189.0","HAYES, MI US","0.0","6","0.0","1,6","5",",6","5",",6","0",",6","4",",6","3",",6","1","1,6","28","1,6","13",",6","0",",6","0",",6","","","-19.4","1,6,09,","25",",,6,10,+","102",",,6,07,","24.6",",,6,17,","11.1",",6,17,","1999.8","6","649.6",",6","53.1",",,,6","204",",,,6","-3.28","1,6","0.79",",,,6","-7.34","1,,,6"
"USC00203698","1913-02","43.9","-83.21667","189.0","HAYES, MI US","0.0","6","0.0","5,6","5",",6","5",",6","0",",6","7",",6","5",",6","3","5,6","23","5,6","22","1,6","0","1,6","0","1,6","","","-24.4","5,6,24,","25",",,6,28,+","102",",,6,22,","10.2",",,6,22,","7.8","1,6,20,+","2603.5","6","603.7","1,6","26.7",",,,6","267",",,,6","-7.79","5,6","-3.41","1,,,6","-12.16","5,,,6"
"USC00203698","1913-03","43.9","-83.21667","189.0","HAYES, MI US","","","","","3",",6","3",",6","0",",6","7",",6","0",",6","","","","","8","2,6","0","2,6","0","2,6","","","","","25",",,6,07,+","0",",T,6,27,+","10.2",",,6,21,","18.9","2,6,14,","","","","","27.7",",,,6","0",",T,,6","","","4.05","2,,,6","",""
"USC00203698","1913-04","43.9","-83.21667","189.0","HAYES, MI US","","","1.7","2,6","5",",6","4",",6","1",",6","0",",6","0",",6","0","1,6","13","1,6","0","1,6","4","1,6","0","1,6","","","-9.4","1,6,05,","0",",,6,30,+","0",",,6,30,+","29.2",",,6,10,","27.2","1,6,24,","","","334.7","1,6","74.4",",,,6","0",",,,6","6.49","2,6","11.84","1,,,6","1.14","1,,,6"
"USC00203698","1913-05","43.9","-83.21667","189.0","HAYES, MI US","","","15.6","5,6","6",",6","5",",6","0",",6","0","2,6","0","1,6","0","4,6","3","4,6","0","3,6","12","3,6","0","3,6","","","-2.2","4,6,26,","0","2,,6,31,+","0","1,,6,31,+","19.1",",,6,15,","29.4","3,6,02,","","","144.9","3,6","41.7",",,,6","0","1,,,6","13.40","5,6","19.90","3,,,6","6.91","4,,,6"
"USC00203698","1913-06","43.9","-83.21667","189.0","HAYES, MI US","","","83.3",",6","5",",6","5",",6","0",",6","0",",6","0",",6","0",",6","0",",6","0",",6","28",",6","4",",6","","","1.1",",6,10,","0",",,6,30,+","0",",,6,30,+","8.9",",,6,20,","36.7",",6,30,","","","44.8",",6","29.3",",,,6","0",",,,6","19.62",",6","26.95",",,,6","12.28",",,,6"
"USC00203698","1913-07","43.9","-83.21667","189.0","HAYES, MI US","","","93.4",",6","8",",6","6",",6","0",",6","0",",6","0",",6","0",",6","0",",6","0",",6","30",",6","5",",6","","","5.6",",6,25,","0",",,6,31,+","0",",,6,31,+","18.5",",,6,04,","35.6",",6,27,","12.7","6","12.7",",6","59.5",",,,6","0",",,,6","20.94",",6","27.51",",,,6","14.36",",,,6"
"USC00203698","1913-08","43.9","-83.21667","189.0","HAYES, MI US","","","","","2",",6","2",",6","1",",6","","","","","","","","","0","5,6","24","5,6","3","5,6","","","","","","","","","33.0",",,6,10,","36.1","5,6,16,","","","","","36.0",",,,6","","","","","26.54","5,,,6","",""
"USC00203698","1913-09","43.9","-83.21667","189.0","HAYES, MI US","","","26.4","4,6","7",",6","6",",6","0",",6","","","","","0","3,6","0","3,6","0","3,6","20","3,6","2","3,6","","","0.6","3,6,14,","","","","","12.4",",,6,08,","35.6","3,6,07,+","","","67.5","3,6","35.8",",,,6","","","16.84","4,6","23.70","3,,,6","9.98","3,,,6"
"USC00203698","1913-10","43.9","-83.21667","189.0","HAYES, MI US","","","1.9","4,6","7","1,6","7","1,6","0","1,6","0","1,6","0",",6","0","4,6","8","4,6","0","1,6","9","1,6","0","1,6","","","-2.8","4,6,20,","0","1,,6,31,+","0",",,6,31,+","20.6","1,,6,11,","29.4","1,6,07,","","","255.4","1,6","81.0","1,,,6","0",",,,6","9.63","4,6","14.68","1,,,6","4.58","4,,,6"
"USC00203698","1913-11","43.9","-83.21667","189.0","HAYES, MI US","","","0.0","3,6","4",",6","3",",6","0",",6","","","","","0","2,6","13","2,6","1","3,6","0","3,6","0","3,6","","","-5.6","2,6,12,+","","","","","18.8",",,6,19,","20.0","3,6,21,","","","346.8","3,6","27.9",",,,6","","","5.53","3,6","10.10","3,,,6","0.96","2,,,6"
"USC00203698","1913-12","43.9","-83.21667","189.0","HAYES, MI US","","","0.0","4,6","2",",6","2",",6","0",",6","","","2",",6","0","4,6","21","4,6","9","3,6","0","3,6","0","3,6","","","-10.0","4,6,27,","","","51",",,6,25,+","5.1",",,6,25,+","18.3","3,6,01,","","","487.6","3,6","10.2",",,,6","102",",,,6","0.19","4,6","3.66","3,,,6","-3.29","4,,,6"
"USC00203698","1914-01","43.9","-83.21667","189.0","HAYES, MI US","0.0","","0.0","4,6","5",",6","3",",6","1",",6","26","2,6","3","1,6","3","3,6","26","3,6","15","2,6","0","2,6","0","2,6","","","-21.1","3,6,22,","178","2,,6,22,+","381","1,,6,31,","38.1",",,6,31,","12.8","2,6,29,","","","605.8","2,6","47.0",",,,6","457","1,,,6","-4.05","4,6","-0.19","2,,,6","-7.92","3,,,6"
"USC00203698","1914-02","43.9","-83.21667","189.0","HAYES, MI US","","","","","","","","","","","23","5,","","","","","","","","","","","","","","","","","381","5,,6,02,+","","","","","","","","","","","","","","","","","","","",""
"USC00203698","1914-03","43.9","-83.21667","189.0","HAYES, MI US","","","0.0","5,6","3",",6","3",",6","0",",6","","","2",",6","0","4,6","21","4,6","13","3,6","0","3,6","0","3,6","","","-15.6","4,6,02,","","","102",",,6,22,","10.2",",,6,22,","16.7","3,6,26,","","","539.8","3,6","17.8",",,,6","153",",,,6","-2.18","5,6","2.32","3,,,6","-6.69","4,,,6"
