"STATION","DATE","LATITUDE","LONGITUDE","ELEVATION","NAME","CDSD","CDSD_ATTRIBUTES","CLDD","CLDD_ATTRIBUTES","DP01","DP01_ATTRIBUTES","DP10","DP10_ATTRIBUTES","DP1X","DP1X_ATTRIBUTES","DSND","DSND_ATTRIBUTES","DSNW","DSNW_ATTRIBUTES","DT00","DT00_ATTRIBUTES","DT32","DT32_ATTRIBUTES","DX32","DX32_ATTRIBUTES","DX70","DX70_ATTRIBUTES","DX90","DX90_ATTRIBUTES","DYFG","DYFG_ATTRIBUTES","DYTS","DYTS_ATTRIBUTES","EMNT","EMNT_ATTRIBUTES","EMSD","EMSD_ATTRIBUTES","EMSN","EMSN_ATTRIBUTES","EMXP","EMXP_ATTRIBUTES","EMXT","EMXT_ATTRIBUTES","HDSD","HDSD_ATTRIBUTES","HTDD","HTDD_ATTRIBUTES","PRCP","PRCP_ATTRIBUTES","SNOW","SNOW_ATTRIBUTES","TAVG","TAVG_ATTRIBUTES","TMAX","TMAX_ATTRIBUTES","TMIN","TMIN_ATTRIBUTES"
"USC00423706","1959-08","39.16667","-109.13333","1601.1","HARLEY DOME, UT US","","","","","2",",0","2",",0","1",",0","0",",0","0",",0","","","","","","","","","","","","","","","","","0",",,0,31,+","0",",,0,31,+","30.5",",,0,19,","","","","","","","38.1",",,,0","0",",,,0","","","","","",""
"USC00423706","1959-09","39.16667","-109.13333","1601.1","HARLEY DOME, UT US","","","58.9",",0","4",",0","3",",0","0",",0","0",",0","0",",0","0",",0","0",",0","0",",0","24",",0","10",",0","","","8","","0.6",",0,30,","0",",,0,30,+","0",",,0,30,+","13.0",",,0,16,","35.6",",0,07,","","","68.4",",0","25.9",",,,0","0",",,,0","18.02",",0","26.59",",,,0","9.44",",,,0"
"USC00423706","1959-10","39.16667","-109.13333","1601.1","HARLEY DOME, UT US","","","0.0","1,0","6",",0","3",",0","0",",0","0",",0","0",",0","0",",0","5",",0","0","1,0","15","1,0","0","1,0","","","2","","-2.2",",0,08,","0",",,0,31,+","0",",,0,31,+","15.2",",,0,28,","25.6","1,0,25,+","","","214.9","1,0","33.0",",,,0","0",",,,0","11.25","1,0","19.64","1,,,0","2.86",",,,0"
"USC00423706","1959-11","39.16667","-109.13333","1601.1","HARLEY DOME, UT US","","","0.0",",0","2",",0","1",",0","0",",0","0",",0","0",",0","0",",0","26",",0","0",",0","0",",0","0",",0","","","","","-11.1",",0,27,","0",",,0,30,+","0",",,0,30,+","10.7",",,0,03,","18.3",",0,02,","","","450.5",",0","11.2",",,,0","0",",,,0","3.32",",0","11.24",",,,0","-4.60",",,,0"
"USC00423706","1959-12","39.16667","-109.13333","1601.1","HARLEY DOME, UT US","","","0.0",",0","8",",0","4",",0","0",",0","","","4",",0","0",",0","31",",0","1",",0","0",",0","0",",0","","","","","-12.2",",0,05,","","","46",",,0,14,","8.4",",,0,21,","10.6",",0,02,+","","","592.7",",0","30.3",",,,0","134",",,,0","-0.79",",0","4.61",",,,0","-6.18",",,,0"
"USC00423706","1960-01","39.16667","-109.13333","1601.1","HARLEY DOME, UT US","0.0","0","0.0",",0","7",",0","2",",0","0",",0","","","1","1,0","5",",0","31",",0","12",",0","0",",0","0",",0","","","","","-21.7",",0,04,","","","51","1,,0,01,","5.8",",,0,12,","8.3",",0,28,","","","708.1",",0","14.2",",,,0","72","1,,,0","-4.51",",0","1.03",",,,0","-10.04",",,,0"
"USC00423706","1960-02","39.16667","-109.13333","1601.1","HARLEY DOME, UT US","0.0","0","0.0",",0","5",",0","4",",0","0",",0","","","3",",0","1",",0","29",",0","5",",0","0",",0","0",",0","","","","","-20.0",",0,28,","","","178",",,0,02,","11.4",",,0,02,","8.3",",0,09,","","","588.6",",0","32.0",",,,0","432",",,,0","-1.96",",0","3.34",",,,0","-7.26",",,,0"
"USC00423706","1960-03","39.16667","-109.13333","1601.1","HARLEY DOME, UT US","0.0","0","0.0",",0","5",",0","4",",0","0",",0","","","1",",0","0",",0","20",",0","0",",0","5",",0","0",",0","","","3","","-15.6",",0,03,","","","127",",,0,01,","6.6",",,0,01,","22.8",",0,26,","","","398.4",",0","21.8",",,,0","127",",,,0","5.48",",0","13.15",",,,0","-2.19",",,,0"
"USC00423706","1960-04","39.16667","-109.13333","1601.1","HARLEY DOME, UT US","0.0","0","0.0",",0","4",",0","2",",0","0",",0","","","0",",0","0",",0","12",",0","0",",0","16",",0","0",",0","","","10","","-5.6",",0,16,","","","0",",,0,30,+","9.4",",,0,28,","27.8",",0,21,+","","","229.1",",0","15.8",",,,0","0",",,,0","10.70",",0","19.96",",,,0","1.44",",,,0"
"USC00423706","1960-05","39.16667","-109.13333","1601.1","HARLEY DOME, UT US","13.5","0","13.5",",0","3",",0","2",",0","0",",0","0",",0","0",",0","0",",0","2",",0","0",",0","26",",0","2",",0","","","9","","-0.6",",0,19,","0",",,0,31,+","0",",T,0,19,","5.1",",,0,04,","32.8",",0,12,","","","99.8",",0","8.7",",,,0","0",",T,,0","15.55",",0","24.80",",,,0","6.30",",,,0"
"USC00423706","1960-06","39.16667","-109.13333","1601.1","HARLEY DOME, UT US","141.2","0","127.7",",0","2",",0","1",",0","0",",0","0",",0","0",",0","0",",0","0",",0","0",",0","30",",0","20",",0","","","10","","9.4",",0,22,+","0",",,0,30,+","0",",,0,30,+","4.3",",,0,08,","36.7",",0,29,+","","","0.0",",0","4.8",",,,0","0",",,,0","22.59",",0","32.66",",,,0","12.52",",,,0"
"USC00423706","1960-07","39.16667","-109.13333","1601.1","HARLEY DOME, UT US","378.0","0","236.8",",0","1",",0","0",",0","0",",0","0",",0","0",",0","0",",0","0",",0","0",",0","31",",0","30",",0","","","14","","13.3",",0,08,+","0",",,0,31,+","0",",,0,31,+","2.3",",,0,10,","38.9",",0,27,","0.0","0","0.0",",0","2.3",",,,0","0",",,,0","25.97",",0","35.43",",,,0","16.51",",,,0"
"USC00423706","1960-08","39.16667","-109.13333","1601.1","HARLEY DOME, UT US","564.2","0","186.2",",0","4",",0","1",",0","0",",0","0",",0","0",",0","0",",0","0",",0","0",",0","31",",0","23",",0","","","9","","6.1",",0,17,","0",",,0,31,+","0",",,0,31,+","10.7",",,0,23,","38.9",",0,08,","2.8","0","2.8",",0","14.5",",,,0","0",",,,0","24.25",",0","34.02",",,,0","14.48",",,,0"
"USC00423706","1960-09","39.16667","-109.13333","1601.1","HARLEY DOME, UT US","629.0","0","64.8","2,0","8",",0","2",",0","0",",0","0",",0","0",",0","0","2,0","0","2,0","0","2,0","28","2,0","6","2,0","","","11","","5.0","2,0,25,+","0",",,0,30,+","0",",,0,30,+","10.4",",,0,07,","35.6","2,0,04,","15.1","0","12.3","2,0","23.0",",,,0","0",",,,0","20.21","2,0","29.01","2,,,0","11.41","2,,,0"
"USC00423706","1960-10","39.16667","-109.13333","1601.1","HARLEY DOME, UT US","629.0","0","0.0",",0","5",",0","3",",0","0",",0","0",",0","0",",0","0",",0","3",",0","0",",0","12",",0","0",",0","","","","","-6.7",",0,30,","0",",,0,31,+","0",",,0,31,+","13.7",",,0,09,","27.2",",0,06,+","223.1","0","208.0",",0","27.4",",,,0","0",",,,0","11.62",",0","19.13",",,,0","4.12",",,,0"
"USC00423706","1960-11","39.16667","-109.13333","1601.1","HARLEY DOME, UT US","629.0","0","0.0",",0","3",",0","1",",0","0",",0","0",",0","0",",0","0",",0","22",",0","0",",0","0",",0","0",",0","","","2","","-7.8",",0,29,+","0",",,0,30,+","0",",,0,30,+","5.3",",,0,07,","20.6",",0,04,","625.5","0","402.4",",0","6.8",",,,0","0",",,,0","4.92",",0","12.10",",,,0","-2.26",",,,0"
"USC00423706","1960-12","39.16667","-109.13333","1601.1","HARLEY DOME, UT US","629.0","0","0.0",",0","4",",0","0",",0","0",",0","0","1,0","0",",0","0",",0","31",",0","1",",0","0",",0","0",",0","","","1","","-12.2",",0,31,+","0","1,,0,31,+","8",",,0,05,","1.5",",,0,03,","11.1",",0,01,","1236.2","0","610.7",",0","2.8",",,,0","8",",,,0","-1.37",",0","5.64",",,,0","-8.37",",,,0"
"USC00423706","1961-01","39.16667","-109.13333","1601.1","HARLEY DOME, UT US","0.0","0","0.0",",0","0",",0","0",",0","0",",0","0",",0","0",",0","0",",0","31",",0","0",",0","0",",0","0",",0","","","","","-15.6",",0,27,+","0",",,0,31,+","0",",,0,31,+","0.0",",,0,31,+","10.0",",0,31,+","1870.7","0","634.5",",0","0.0",",,,0","0",",,,0","-2.13",",0","6.31",",,,0","-10.57",",,,0"
"USC00423706","1961-02","39.16667","-109.13333","1601.1","HARLEY DOME, UT US","0.0","0","0.0",",0","1",",0","0",",0","0",",0","0",",0","0","1,0","0",",0","26",",0","0",",0","0",",0","0",",0","","","","","-12.8",",0,24,","0",",,0,28,+","0","1,,0,28,+","0.5",",,0,18,","15.6",",0,16,+","2320.7","0","450.0",",0","0.5",",,,0","0","1,,,0","2.26",",0","10.14",",,,0","-5.62",",,,0"
"USC00423706","1961-03","39.16667","-109.13333","1601.1","HARLEY DOME, UT US","0.0","0","0.0","1,0","10",",0","5",",0","0",",0","2","3,0","2",",0","0",",0","25",",0","0","1,0","1","1,0","0","1,0","","","","","-12.8",",0,08,","51","3,,0,07,","114",",,0,06,","15.7",",,0,06,","21.7","1,0,23,","2717.7","0","397.0","1,0","45.5",",,,0","165",",,,0","5.22","1,0","12.15","1,,,0","-1.70",",,,0"
"USC00423706","1961-04","39.16667","-109.13333","1601.1","HARLEY DOME, UT US","0.0","0","0.0","2,0","5",",0","3",",0","0",",0","0",",0","0",",0","0","2,0","14","2,0","0",",0","11",",0","0",",0","","","1","","-5.6","2,0,26,","0",",,0,30,+","0",",T,0,24,+","18.0",",,0,07,","26.1",",0,30,","2962.0","0","244.3",",0","31.7",",,,0","0",",T,,0","9.78","2,0","18.21",",,,0","1.35","2,,,0"
"USC00423706","1961-05","39.16667","-109.13333","1601.1","HARLEY DOME, UT US","17.3","0","17.3","1,0","7",",0","4",",0","0",",0","0",",0","0",",0","0","1,0","1","1,0","0",",0","26",",0","0",",0","","","","","-1.1","1,0,10,","0",",,0,31,+","0",",,0,31,+","7.6",",,0,07,","31.1",",0,24,+","3044.8","0","82.8",",0","22.1",",,,0","0",",,,0","16.21","1,0","25.39",",,,0","7.02","1,,,0"
"USC00423706","1961-06","39.16667","-109.13333","1601.1","HARLEY DOME, UT US","189.2","0","171.9",",0","1",",0","0",",0","0",",0","0",",0","0",",0","0",",0","0",",0","0",",0","30",",0","22",",0","","","","","6.1",",0,01,","0",",,0,30,+","0",",,0,30,+","0.5",",,0,06,","40.6",",0,19,","3047.0","0","2.2",",0","0.5",",,,0","0",",,,0","23.99",",0","33.95",",,,0","14.02",",,,0"
"USC00423706","1961-07","39.16667","-109.13333","1601.1","HARLEY DOME, UT US","425.0","0","235.8",",0","5",",0","3",",0","0",",0","0",",0","0",",0","0",",0","0",",0","0",",0","31",",0","28",",0","","","","","11.7",",0,22,+","0",",,0,31,+","0",",,0,31,+","5.1",",,0,31,","39.4",",0,17,","0.0","0","0.0",",0","11.7",",,,0","0",",,,0","25.94",",0","35.53",",,,0","16.35",",,,0"
"USC00423706","1961-08","39.16667","-109.13333","1601.1","HARLEY DOME, UT US","622.0","0","197.0",",0","8",",0","4",",0","0",",0","0",",0","0",",0","0",",0","0",",0","0",",0","31",",0","23",",0","","","","","12.2",",0,31,+","0",",,0,31,+","0",",,0,31,+","14.2",",,0,01,","37.2",",0,06,","0.0","0","0.0",",0","40.6",",,,0","0",",,,0","24.69",",0","33.30",",,,0","16.08",",,,0"
"USC00423706","1961-09","39.16667","-109.13333","1601.1","HARLEY DOME, UT US","628.7","0","6.7","1,0","11","2,0","6","2,0","1","2,0","0",",0","0",",0","0",",0","1",",0","0","1,0","19","1,0","0","1,0","","","","","-1.1",",0,30,","0",",,0,30,+","0",",,0,30,+","33.0","2,,0,09,","30.0","1,0,06,+","113.6","0","113.6","1,0","85.3",",a,,0","0",",,,0","14.69","1,0","22.36","1,,,0","7.02",",,,0"
"USC00423706","1961-10","39.16667","-109.13333","1601.1","HARLEY DOME, UT US","628.7","0","0.0",",0","5",",0","4",",0","0",",0","0",",0","0",",0","0",",0","8",",0","0",",0","10",",0","0",",0","","","","","-3.9",",0,23,","0",",,0,31,+","0",",,0,31,+","23.6",",,0,09,","23.9",",0,04,","370.7","0","257.1",",0","49.5",",,,0","0",",,,0","10.04",",0","17.46",",,,0","2.62",",,,0"
"USC00423706","1961-11","39.16667","-109.13333","1601.1","HARLEY DOME, UT US","628.7","0","0.0","1,0","8",",0","3",",0","0",",0","0",",0","0",",0","0",",0","28",",0","0","1,0","0","1,0","0","1,0","","","","","-8.9",",0,14,","0",",,0,30,+","0",",,0,30,+","7.1",",,0,25,","12.8","1,0,11,","842.0","0","471.3","1,0","21.4",",,,0","0",",,,0","2.13","1,0","8.15","1,,,0","-3.89",",,,0"
"USC00423706","1961-12","39.16667","-109.13333","1601.1","HARLEY DOME, UT US","628.7","0","0.0",",0","2",",0","1",",0","0",",0","","","0","1,0","2",",0","30",",0","20",",0","0",",0","0",",0","1","","","","-18.3",",0,12,","","","0","1,T,0,21,+","4.8",",,0,16,","11.7",",0,01,","1584.7","0","742.7",",0","5.6",",,,0","0","1,T,,0","-5.63",",0","-0.04",",,,0","-11.22",",,,0"
"USC00423706","1962-01","39.16667","-109.13333","1601.1","HARLEY DOME, UT US","0.0","0","0.0",",0","5",",0","2",",0","0",",0","","","","","7",",0","31",",0","19",",0","0",",0","0",",0","","","","","-22.2",",0,16,","","","","","5.8",",,0,13,","8.3",",0,08,","2368.3","0","783.6",",0","15.4",",,,0","","","-6.95",",0","-0.13",",,,0","-13.76",",,,0"
"USC00423706","1962-02","39.16667","-109.13333","1601.1","HARLEY DOME, UT US","0.0","0","0.0","2,0","12",",0","5",",0","0",",0","","","2",",0","1",",0","22",",0","1","2,0","0","2,0","0","2,0","","","1","","-21.1",",0,28,","","","102",",,0,26,","11.4",",,0,09,","15.6","2,0,11,","2785.8","0","417.5","2,0","41.7",",,,0","178",",,,0","2.07","2,0","7.37","2,,,0","-3.23",",,,0"
"USC00423706","1962-03","39.16667","-109.13333","1601.1","HARLEY DOME, UT US","0.0","0","0.0",",0","4",",0","2",",0","0",",0","0","4,0","0",",0","0",",0","28",",0","0",",0","2",",0","0",",0","","","","","-15.6",",0,01,","0","4,,0,31,+","0",",,0,31,+","3.3",",,0,21,","22.2",",0,28,+","3265.7","0","479.9",",0","9.4",",,,0","0",",,,0","2.85",",0","10.40",",,,0","-4.70",",,,0"
"USC00423706","1962-04","39.16667","-109.13333","1601.1","HARLEY DOME, UT US","1.1","0","1.1",",0","5",",0","3",",0","0",",0","0",",0","0",",0","0",",0","10",",0","0",",0","17",",0","0",",0","","","","","-3.3",",0,01,","0",",,0,30,+","0",",,0,30,+","7.6",",,0,29,","29.4",",0,19,","3448.8","0","183.1",",0","18.1",",,,0","0",",,,0","12.27",",0","21.86",",,,0","2.67",",,,0"
"USC00423706","1962-05","39.16667","-109.13333","1601.1","HARLEY DOME, UT US","5.2","0","4.1",",0","1",",0","1",",0","0",",0","0",",0","0",",0","0",",0","2",",0","0",",0","23",",0","0",",0","","","","","-1.7",",0,01,","0",",,0,31,+","0",",,0,31,+","3.0",",,0,27,","30.6",",0,10,+","3557.4","0","108.6",",0","3.0",",,,0","0",",,,0","14.96",",0","24.39",",,,0","5.54",",,,0"
"USC00423706","1962-06","39.16667","-109.13333","1601.1","HARLEY DOME, UT US","108.0","0","102.8",",0","2",",0","1",",0","0",",0","0",",0","0",",0","0",",0","0",",0","0",",0","30",",0","16",",0","","","","","4.4",",0,17,+","0",",,0,30,+","0",",,0,30,+","8.4",",,0,30,","37.2",",0,26,+","3573.6","0","16.2",",0","9.2",",,,0","0",",,,0","21.22",",0","31.16",",,,0","11.28",",,,0"
"USC00423706","1962-07","39.16667","-109.13333","1601.1","HARLEY DOME, UT US","301.2","0","193.2",",0","1",",0","1",",0","0",",0","0",",0","0",",0","0",",0","0",",0","0",",0","31",",0","29",",0","","","","","8.9",",0,14,","0",",,0,31,+","0",",,0,31,+","2.5",",,0,27,","37.8",",0,21,+","0.0","0","0.0",",0","2.5",",,,0","0",",,,0","24.57",",0","34.65",",,,0","14.48",",,,0"
"USC00423706","1962-08","39.16667","-109.13333","1601.1","HARLEY DOME, UT US","466.9","0","165.7",",0","2",",0","1",",0","0",",0","0",",0","0",",0","0",",0","0",",0","0",",0","31",",0","27",",0","","","","","5.6",",0,31,","0",",,0,31,+","0",",,0,31,+","5.1",",,0,03,","38.9",",0,15,+","1.1","0","1.1",",0","6.1",",,,0","0",",,,0","23.64",",0","34.25",",,,0","13.04",",,,0"
"USC00423706","1962-09","39.16667","-109.13333","1601.1","HARLEY DOME, UT US","512.3","0","45.4",",0","5",",0","4",",0","0",",0","0",",0","0",",0","0",",0","0",",0","0",",0","28",",0","11",",0","","","","","1.1",",0,09,","0",",,0,30,+","0",",,0,30,+","16.5",",,0,28,","34.4",",0,19,+","31.4","0","30.3",",0","46.5",",,,0","0",",,,0","18.84",",0","28.73",",,,0","8.94",",,,0"
"USC00423706","1962-10","39.16667","-109.13333","1601.1","HARLEY DOME, UT US","512.3","0","0.0","1,0","5",",0","3",",0","0",",0","0",",0","0",",0","0",",0","2",",0","0","1,0","16","1,0","0","1,0","","","","","-0.6",",0,27,","0",",,0,31,+","0",",,0,31,+","13.2",",,0,16,","26.1","1,0,10,+","216.8","0","185.4","1,0","36.7",",,,0","0",",,,0","12.25","1,0","21.10","1,,,0","3.39",",,,0"
"USC00423706","1962-11","39.16667","-109.13333","1601.1","HARLEY DOME, UT US","512.3","0","0.0",",0","3",",0","2",",0","0",",0","0",",0","0",",0","0",",0","24",",0","0",",0","1",",0","0",",0","","","","","-8.3",",0,19,","0",",,0,30,+","13",",,0,18,","8.9",",,0,15,","22.8",",0,03,","611.3","0","394.5",",0","12.2",",,,0","13",",,,0","5.18",",0","13.00",",,,0","-2.63",",,,0"
"USC00423706","1962-12","39.16667","-109.13333","1601.1","HARLEY DOME, UT US","512.3","0","0.0",",0","2",",0","2",",0","0",",0","8",",0","1",",0","7",",0","30",",0","8",",0","0",",0","0",",0","","","","","-27.8",",0,26,","229",",,0,27,+","216",",,0,24,","13.0",",,0,24,","12.2",",0,02,","1287.3","0","676.0",",0","15.5",",,,0","216",",,,0","-3.47",",0","3.96",",,,0","-10.91",",,,0"
"USC00423706","1963-01","39.16667","-109.13333","1601.1","HARLEY DOME, UT US","0.0","","0.0",",0","4",",0","4",",0","0",",0","","","3",",0","19",",0","31",",0","26",",0","0",",0","0",",0","","","","","-32.8",",0,12,","","","76",",,0,18,","6.6",",,0,31,","4.4",",0,31,+","2242.2","","954.9",",0","18.6",",,,0","178",",,,0","-12.47",",0","-6.23",",,,0","-18.71",",,,0"
"USC00423706","1963-02","39.16667","-109.13333","1601.1","HARLEY DOME, UT US","0.0","","0.0",",0","3",",0","2",",0","0",",0","0",",0","0",",0","0",",0","28",",0","0",",0","0",",0","0",",0","","","","","-12.2",",0,13,+","0",",,0,28,+","0",",,0,28,+","5.1",",,0,26,","15.0",",0,24,","2684.5","","442.3",",0","10.1",",,,0","0",",,,0","2.54",",0","10.18",",,,0","-5.10",",,,0"
"USC00423706","1963-03","39.16667","-109.13333","1601.1","HARLEY DOME, UT US","0.0","","0.0","1,0","8",",0","2",",0","0",",0","0",",0","0",",0","0",",0","29",",0","0","1,0","3","1,0","0","1,0","","","","","-12.2",",0,05,","0",",,0,31,+","0",",,0,31,+","8.4",",,0,18,","21.1","1,0,31,+","3118.5","","434.0","1,0","18.2",",,,0","0",",,,0","3.81","1,0","12.21","1,,,0","-4.58",",,,0"
"USC00423706","1963-04","39.16667","-109.13333","1601.1","HARLEY DOME, UT US","0.0","","0.0",",0","5",",0","3",",0","0",",0","0",",0","0",",0","0",",0","14",",0","0",",0","10",",0","0",",0","","","","","-7.2",",0,03,","0",",,0,30,+","0",",,0,30,+","10.4",",,0,27,","26.7",",0,12,","3388.7","","270.2",",0","24.6",",,,0","0",",,,0","9.33",",0","17.78",",,,0","0.87",",,,0"
"USC00423706","1963-05","39.16667","-109.13333","1601.1","HARLEY DOME, UT US","22.8","","22.8","1,0","3",",0","0",",0","0",",0","0",",0","0",",0","0","1,0","0","1,0","0","1,0","30","1,0","2","1,0","","","","","0.6","1,0,13,","0",",,0,31,+","0",",,0,31,+","1.8",",,0,09,","32.8","1,0,31,","3429.5","","40.8","1,0","4.6",",,,0","0",",,,0","17.73","1,0","28.08","1,,,0","7.39","1,,,0"
"USC00423706","1963-06","39.16667","-109.13333","1601.1","HARLEY DOME, UT US","90.6","","67.8",",0","2",",0","2",",0","0",",0","0",",0","0",",0","0",",0","0",",0","0",",0","30",",0","11",",0","","","","","6.1",",0,05,","0",",,0,30,+","0",",,0,30,+","6.6",",,0,03,","36.7",",0,27,","3436.5","","7.0",",0","10.2",",,,0","0",",,,0","20.36",",0","30.16",",,,0","10.57",",,,0"
