"STATION","DATE","LATITUDE","LONGITUDE","ELEVATION","NAME","CDSD","CDSD_ATTRIBUTES","CLDD","CLDD_ATTRIBUTES","DP01","DP01_ATTRIBUTES","DP10","DP10_ATTRIBUTES","DP1X","DP1X_ATTRIBUTES","DSND","DSND_ATTRIBUTES","DSNW","DSNW_ATTRIBUTES","DT00","DT00_ATTRIBUTES","DT32","DT32_ATTRIBUTES","DX32","DX32_ATTRIBUTES","DX70","DX70_ATTRIBUTES","DX90","DX90_ATTRIBUTES","DYFG","DYFG_ATTRIBUTES","DYTS","DYTS_ATTRIBUTES","EMNT","EMNT_ATTRIBUTES","EMSD","EMSD_ATTRIBUTES","EMSN","EMSN_ATTRIBUTES","EMXP","EMXP_ATTRIBUTES","EMXT","EMXT_ATTRIBUTES","HDSD","HDSD_ATTRIBUTES","HTDD","HTDD_ATTRIBUTES","PRCP","PRCP_ATTRIBUTES","SNOW","SNOW_ATTRIBUTES","TAVG","TAVG_ATTRIBUTES","TMAX","TMAX_ATTRIBUTES","TMIN","TMIN_ATTRIBUTES"
"USC00242112","1898-04","45.6","-107.45","923.5","CROW AGENCY, MT US","","","0.5",",0","8",",0","2",",0","0",",0","0",",0","0",",0","0",",0","10",",0","0",",0","8",",0","0",",0","","","","","-8.9",",0,01,","0",",,0,30,+","0",",,0,30,+","4.3",",,0,11,","29.4",",0,26,","","","243.3",",0","13.8",",,,0","0",",,,0","10.24",",0","18.87",",,,0","1.61",",,,0"
"USC00242112","1898-05","45.6","-107.45","923.5","CROW AGENCY, MT US","","","0.0",",0","16",",0","7",",0","0",",0","0",",0","0",",0","0",",0","3",",0","0",",0","12",",0","0",",0","","","","","-3.3",",0,04,","0",",,0,31,+","0",",,0,31,+","24.9",",,0,24,","27.8",",0,22,+","","","192.6",",0","91.7",",,,0","0",",,,0","12.12",",0","18.90",",,,0","5.34",",,,0"
"USC00242112","1898-06","45.6","-107.45","923.5","CROW AGENCY, MT US","","","40.7",",0","12",",0","8",",0","0",",0","0",",0","0",",0","0",",0","0",",0","0",",0","25",",0","2",",0","","","","","3.3",",0,01,","0",",,0,30,+","0",",,0,30,+","24.6",",,0,23,","35.6",",0,19,","","","47.6",",0","65.4",",,,0","0",",,,0","18.11",",0","25.89",",,,0","10.32",",,,0"
"USC00242112","1898-07","45.6","-107.45","923.5","CROW AGENCY, MT US","","","88.3",",0","8",",0","2",",0","1",",0","0",",0","0",",0","0",",0","0",",0","0",",0","30",",0","13",",0","","","","","5.6",",0,18,","0",",,0,31,+","0",",,0,31,+","33.3",",,0,01,","36.1",",0,25,","11.9","0","11.9",",0","43.1",",,,0","0",",,,0","20.80",",0","29.95",",,,0","11.65",",,,0"
"USC00242112","1898-08","45.6","-107.45","923.5","CROW AGENCY, MT US","","","92.4",",0","6",",0","2",",0","0",",0","0",",0","0",",0","0",",0","0",",0","0",",0","31",",0","13",",0","","","","","8.3",",0,24,+","0",",,0,31,+","0",",,0,31,+","5.1",",,0,04,","35.6",",0,20,","13.0","0","1.1",",0","13.0",",,,0","0",",,,0","21.28",",0","30.56",",,,0","12.00",",,,0"
"USC00242112","1898-09","45.6","-107.45","923.5","CROW AGENCY, MT US","","","1.5",",0","4",",0","3",",0","0",",0","0",",0","0",",0","0",",0","3",",0","0",",0","23",",0","0",",0","","","","","-1.1",",0,30,+","0",",,0,30,+","0",",,0,30,+","12.2",",,0,02,","31.7",",0,19,","119.1","0","106.1",",0","25.6",",,,0","0",",,,0","14.85",",0","24.13",",,,0","5.56",",,,0"
"USC00242112","1898-10","45.6","-107.45","923.5","CROW AGENCY, MT US","","","0.0",",0","13",",0","6",",0","0",",0","1",",0","3",",0","0",",0","20",",0","0",",0","3",",0","0",",0","","","","","-6.1",",0,17,","25",",,0,02,","102",",,0,02,","20.1",",,0,01,","23.9",",0,22,","493.1","0","374.0",",0","60.0",",,,0","152",",,,0","6.27",",0","13.40",",,,0","-0.86",",,,0"
"USC00242112","1898-11","45.6","-107.45","923.5","CROW AGENCY, MT US","","","0.0",",0","5",",0","2",",0","0",",0","11",",0","2",",0","4",",0","28",",0","5",",0","0",",0","0",",0","","","","","-27.2",",0,21,","76",",,0,26,+","76",",,0,20,","4.8",",,0,18,","20.0",",0,06,","1063.9","0","570.8",",0","10.7",",,,0","101",",,,0","-0.69",",0","6.61",",,,0","-8.00",",,,0"
"USC00242112","1898-12","45.6","-107.45","923.5","CROW AGENCY, MT US","","","0.0","2,0","4",",0","1",",0","0",",0","28",",0","3",",0","9","1,0","27","1,0","8","1,0","0","1,0","0","1,0","","","","","-26.1","1,0,09,","127",",,0,15,+","76",",,0,05,","3.6",",,0,05,","16.1","1,0,28,","1743.8","0","679.9","1,0","6.2",",,,0","152",",,,0","-5.24","2,0","1.56","1,,,0","-12.04","1,,,0"
"USC00242112","1899-01","45.6","-107.45","923.5","CROW AGENCY, MT US","0.0","0","0.0",",0","8",",0","5",",0","0",",0","28",",0","6",",0","8",",0","31",",0","10",",0","0",",0","0",",0","","","","","-26.1",",0,04,","203",",,0,31,","102",",,0,16,","7.1",",,0,26,","9.4",",0,20,","2503.4","0","759.6",",0","28.0",",,,0","317",",,,0","-6.17",",0","0.25",",,,0","-12.58",",,,0"
"USC00242112","1899-02","45.6","-107.45","923.5","CROW AGENCY, MT US","0.0","0","0.0",",0","7",",0","0",",0","0",",0","28",",0","4",",0","17",",0","26",",0","17",",0","0",",0","0",",0","","","","","-43.3",",0,11,","305",",,0,12,+","38",",,0,09,","2.0",",,0,24,+","11.7",",0,19,","3370.3","0","866.9",",0","9.3",",,,0","139",",,,0","-12.63",",0","-5.34",",,,0","-19.92",",,,0"
"USC00242112","1899-03","45.6","-107.45","923.5","CROW AGENCY, MT US","0.0","0","0.0",",0","9",",0","3",",0","0",",0","27","2,0","6","1,0","4",",0","31",",0","12",",0","0",",0","0",",0","","","","","-22.8",",0,15,","152","2,,0,17,+","76","1,,0,24,+","4.8",",,0,24,","12.2",",0,08,","4069.2","0","698.9",",0","16.3",",,,0","408","1,,,0","-4.21",",0","2.96",",,,0","-11.39",",,,0"
"USC00242112","1899-04","45.6","-107.45","923.5","CROW AGENCY, MT US","0.0","0","0.0",",0","11",",0","5",",0","0",",0","6",",0","3",",0","0",",0","17",",0","1",",0","4",",0","0",",0","","","","","-16.7",",0,01,","51",",,0,02,","51",",,0,19,+","16.8",",,0,17,","25.0",",0,16,","4416.1","0","346.9",",0","40.1",",,,0","153",",,,0","6.77",",0","14.23",",,,0","-0.69",",,,0"
"USC00242112","1899-05","45.6","-107.45","923.5","CROW AGENCY, MT US","0.0","0","0.0",",0","14",",0","5",",0","0",",0","3",",0","3",",0","0",",0","4",",0","0",",0","18",",0","0",",0","","","","","-2.8",",0,03,","178",",,0,02,","178",",,0,02,","14.2",",,0,21,","28.3",",0,11,","4617.3","0","201.2",",0","56.7",",,,0","254",",,,0","11.84",",0","19.15",",,,0","4.54",",,,0"
"USC00242112","1899-06","45.6","-107.45","923.5","CROW AGENCY, MT US","30.0","0","30.0",",0","17",",0","8",",0","0",",0","0",",0","0",",0","0",",0","0",",0","0",",0","23",",0","3",",0","","","","","2.8",",0,08,+","0",",,0,30,+","0",",,0,30,+","20.3",",,0,03,","33.3",",0,18,","4692.0","0","74.7",",0","69.5",",,,0","0",",,,0","16.85",",0","24.78",",,,0","8.91",",,,0"
"USC00242112","1899-07","45.6","-107.45","923.5","CROW AGENCY, MT US","110.6","0","80.6",",0","14",",0","6",",0","0",",0","0",",0","0",",0","0",",0","0",",0","0",",0","30",",0","8",",0","","","","","5.6",",0,29,","0",",,0,31,+","0",",,0,31,+","12.2",",,0,15,","35.6",",0,20,","7.8","0","7.8",",0","49.1",",,,0","0",",,,0","20.68",",0","29.08",",,,0","12.28",",,,0"
"USC00242112","1899-08","45.6","-107.45","923.5","CROW AGENCY, MT US","151.8","0","41.2",",0","8",",0","3",",0","0",",0","0",",0","0",",0","0",",0","0",",0","0",",0","31",",0","4",",0","","","","","4.4",",0,29,+","0",",,0,31,+","0",",,0,31,+","7.6",",,0,07,","33.3",",0,14,","25.7","0","17.9",",0","18.2",",,,0","0",",,,0","19.08",",0","28.46",",,,0","9.70",",,,0"
"USC00242112","1899-09","45.6","-107.45","923.5","CROW AGENCY, MT US","163.0","0","11.2",",0","5",",0","0",",0","0",",0","0",",0","0",",0","0",",0","2",",0","0",",0","26",",0","1",",0","","","","","-1.1",",0,28,","0",",,0,30,+","0",",,0,30,+","1.5",",,0,14,","32.8",",0,01,","114.1","0","88.4",",0","4.4",",,,0","0",",,,0","15.76",",0","25.84",",,,0","5.68",",,,0"
"USC00242112","1899-10","45.6","-107.45","923.5","CROW AGENCY, MT US","163.0","0","0.0",",0","11",",0","7",",0","0",",0","2",",0","2",",0","0",",0","19",",0","0",",0","3",",0","0",",0","","","","","-6.1",",0,13,","25",",,0,13,+","51",",,0,12,","5.8",",,0,24,+","27.2",",0,06,","463.8","0","349.7",",0","34.6",",,,0","87",",,,0","7.05",",0","14.11",",,,0","0.00",",,,0"
"USC00242112","1899-11","45.6","-107.45","923.5","CROW AGENCY, MT US","163.0","0","0.0",",0","4",",0","3",",0","0",",0","0",",0","0",",0","0",",0","28",",0","0",",0","0",",0","0",",0","","","","","-11.7",",0,26,","0",",,0,30,+","0",",,0,30,+","6.1",",,0,06,","20.0",",0,14,","891.8","0","428.0",",0","15.3",",,,0","0",",,,0","4.07",",0","12.88",",,,0","-4.75",",,,0"
"USC00242112","1899-12","45.6","-107.45","923.5","CROW AGENCY, MT US","163.0","0","0.0",",0","5",",0","2",",0","0",",0","19",",0","3",",0","11",",0","29",",0","10",",0","0",",0","0",",0","","","","","-24.4",",0,17,","102",",,0,31,","64",",,0,26,","12.2",",,0,26,","15.6",",0,24,","1612.2","0","720.4",",0","22.2",",,,0","140",",,,0","-4.90",",0","2.43",",,,0","-12.24",",,,0"
"USC00242112","1900-01","45.6","-107.45","923.5","CROW AGENCY, MT US","0.0","0","0.0",",0","2",",0","0",",0","0",",0","20",",0","0",",0","5",",0","30",",0","7",",0","0",",0","0",",0","","","","","-25.0",",0,01,","102",",,0,05,+","13",",,0,29,","0.8",",,0,29,","12.2",",0,23,","2271.4","0","659.2",",0","1.1",",,,0","13",",,,0","-2.93",",0","4.01",",,,0","-9.87",",,,0"
"USC00242112","1900-02","45.6","-107.45","923.5","CROW AGENCY, MT US","0.0","0","0.0",",0","7",",0","2",",0","0",",0","16",",0","5",",0","7",",0","27",",0","8",",0","0",",0","0",",0","","","","","-32.8",",0,16,","152",",,0,09,","140",",,0,09,","5.6",",,0,09,","11.1",",0,28,+","2940.5","0","669.1",",0","13.0",",,,0","305",",,,0","-5.56",",0","1.64",",,,0","-12.76",",,,0"
"USC00242112","1900-03","45.6","-107.45","923.5","CROW AGENCY, MT US","0.0","0","0.0",",0","2",",0","0",",0","0",",0","0",",0","0",",0","1",",0","27",",0","4",",0","1",",0","0",",0","","","","","-19.4",",0,06,","0",",,0,31,+","20",",,0,27,","2.0",",,0,27,","23.9",",0,11,","3433.4","0","492.9",",0","2.5",",,,0","25",",,,0","2.43",",0","9.66",",,,0","-4.80",",,,0"
"USC00242112","1900-04","45.6","-107.45","923.5","CROW AGENCY, MT US","0.0","0","0.0",",0","10",",0","7",",0","1",",0","0",",0","2",",0","0",",0","8",",0","0",",0","10",",0","0",",0","","","","","-5.6",",0,17,+","0",",,0,30,+","102",",,0,17,","29.2",",,0,23,","26.7",",0,19,","3679.3","0","245.9",",0","101.3",",,,0","127",",,,0","10.14",",0","18.08",",,,0","2.19",",,,0"
"USC00242112","1900-05","45.6","-107.45","923.5","CROW AGENCY, MT US","8.4","0","8.4",",0","3",",0","3",",0","0",",0","0",",0","0",",0","0",",0","0",",0","0",",0","26",",0","2",",0","","","","","1.1",",0,15,+","0",",,0,31,+","0",",,0,31,+","6.1",",,0,17,","33.9",",0,10,","3772.1","0","92.8",",0","11.9",",,,0","0",",,,0","15.61",",0","25.29",",,,0","5.93",",,,0"
"USC00242112","1900-06","45.6","-107.45","923.5","CROW AGENCY, MT US","103.6","0","95.2",",0","0",",0","0",",0","0",",0","0",",0","0",",0","0",",0","0",",0","0",",0","30",",0","17",",0","","","","","4.4",",0,10,","0",",,0,30,+","0",",,0,30,+","0.0",",,0,30,+","38.3",",0,22,","3782.7","0","10.6",",0","0.0",",,,0","0",",,,0","21.15",",0","31.96",",,,0","10.35",",,,0"
"USC00242112","1900-07","45.6","-107.45","923.5","CROW AGENCY, MT US","199.4","0","95.8",",0","3",",0","2",",0","0",",0","0",",0","0",",0","0",",0","0",",0","0",",0","31",",0","15",",0","","","","","4.4",",0,19,","0",",,0,31,+","0",",,0,31,+","6.4",",,0,21,","38.3",",0,31,","9.7","0","9.7",",0","9.9",",,,0","0",",,,0","21.11",",0","31.33",",,,0","10.89",",,,0"
"USC00242112","1900-08","45.6","-107.45","923.5","CROW AGENCY, MT US","252.8","0","53.4",",0","5",",0","4",",0","0",",0","0",",0","0",",0","0",",0","0",",0","0",",0","31",",0","2",",0","","","","","6.1",",0,18,","0",",,0,31,+","0",",,0,31,+","24.1",",,0,10,","37.2",",0,01,","18.6","0","8.9",",0","65.6",",,,0","0",",,,0","19.77",",0","28.60",",,,0","10.93",",,,0"
"USC00242112","1900-09","45.6","-107.45","923.5","CROW AGENCY, MT US","260.3","0","7.5",",0","6",",0","5",",0","0",",0","0",",0","0",",0","0",",0","3",",0","0",",0","18",",0","0",",0","","","","","-6.7",",0,26,","0",",,0,30,+","13",",,0,25,","7.6",",,0,18,","31.1",",0,06,","163.0","0","144.4",",0","25.1",",,,0","13",",,,0","13.77",",0","21.90",",,,0","5.64",",,,0"
"USC00242112","1900-10","45.6","-107.45","923.5","CROW AGENCY, MT US","260.3","0","0.0",",0","3",",0","3",",0","0",",0","0",",0","0",",0","0",",0","17",",0","0",",0","10",",0","0",",0","","","","","-7.2",",0,31,","0",",,0,31,+","0",",T,0,06,","8.9",",,0,29,+","26.1",",0,18,","458.1","0","295.1",",0","20.6",",,,0","0",",T,,0","8.81",",0","17.40",",,,0","0.23",",,,0"
"USC00242112","1900-11","45.6","-107.45","923.5","CROW AGENCY, MT US","260.3","0","0.0",",0","4",",0","4",",0","0",",0","7","4,0","3",",0","5",",0","29",",0","4",",0","1",",0","0",",0","","","","","-21.7",",0,19,","76","4,,0,23,+","51",",,0,21,+","5.1",",,0,21,+","22.2",",0,12,","1034.3","0","576.2",",0","17.8",",,,0","127",",,,0","-0.87",",0","7.17",",,,0","-8.92",",,,0"
"USC00242112","1900-12","45.6","-107.45","923.5","CROW AGENCY, MT US","260.3","0","0.0",",0","3",",0","1",",0","0",",0","5",",0","1",",0","3",",0","27",",0","5",",0","0",",0","0",",0","","","","","-25.0",",0,31,","51",",,0,31,+","64",",,0,27,","3.0",",,0,04,","15.6",",0,20,","1599.8","0","565.5",",0","5.5",",,,0","64",",,,0","0.09",",0","6.27",",,,0","-6.09",",,,0"
"USC00242112","1901-01","45.6","-107.45","923.5","CROW AGENCY, MT US","0.0","0","0.0","1,0","2",",0","1",",0","0",",0","14",",0","1",",0","10",",0","31",",0","11","1,0","0","1,0","0","1,0","","","","","-31.1",",0,09,","76",",,0,11,+","38",",,0,05,","3.0",",,0,05,","13.3","1,0,27,","2316.1","0","716.3","1,0","4.3",",,,0","51",",,,0","-5.36","1,0","2.45","1,,,0","-13.17",",,,0"
"USC00242112","1901-02","45.6","-107.45","923.5","CROW AGENCY, MT US","0.0","0","0.0","1,0","5",",0","0",",0","0",",0","14",",0","3",",0","11","1,0","27","1,0","12",",0","0",",0","0",",0","","","","","-30.6","1,0,05,","102",",,0,09,+","51",",,0,07,+","1.3",",,0,03,","18.9",",0,28,","2973.7","0","657.6",",0","4.1",",,,0","153",",,,0","-6.18","1,0","1.54",",,,0","-13.90","1,,,0"
"USC00242112","1901-03","45.6","-107.45","923.5","CROW AGENCY, MT US","0.0","0","0.0","4,0","3",",0","1",",0","0",",0","3",",0","3",",0","0","4,0","25","4,0","2",",0","1",",0","0",",0","","","","","-15.0","4,0,04,","51",",,0,26,","102",",,0,26,","2.5",",,0,26,","21.1",",0,01,","3372.2","0","398.5",",0","5.5",",,,0","254",",,,0","3.47","4,0","11.51",",,,0","-4.57","4,,,0"
"USC00242112","1901-04","45.6","-107.45","923.5","CROW AGENCY, MT US","0.0","0","0.0","1,0","3",",0","1",",0","0",",0","0",",0","0",",0","0","1,0","14","1,0","0",",0","11",",0","0",",0","","","","","-7.8","1,0,05,","0",",,0,30,+","0",",T,0,16,","15.2",",,0,12,","31.7",",0,30,","3640.0","0","267.8",",0","17.0",",,,0","0",",T,,0","9.11","1,0","18.21",",,,0","0.01","1,,,0"
"USC00242112","1901-05","45.6","-107.45","923.5","CROW AGENCY, MT US","30.1","0","30.1",",0","7",",0","7",",0","0",",0","0",",0","0",",0","0",",0","0",",0","0",",0","23",",0","5",",0","","","","","1.7",",0,12,+","0",",,0,31,+","0",",,0,31,+","18.0",",,0,30,","34.4",",0,19,","3717.5","0","77.5",",0","67.3",",,,0","0",",,,0","16.80",",0","25.41",",,,0","8.19",",,,0"
"USC00242112","1901-06","45.6","-107.45","923.5","CROW AGENCY, MT US","40.3","0","10.2",",0","8",",0","6",",0","0",",0","0",",0","0",",0","0",",0","1",",0","0",",0","24",",0","0",",0","","","","","-0.6",",0,06,","0",",,0,30,+","0",",,0,30,+","12.7",",,0,10,","30.0",",0,23,+","3805.7","0","88.2",",0","45.4",",,,0","0",",,,0","15.73",",0","23.65",",,,0","7.82",",,,0"
"USC00242112","1901-07","45.6","-107.45","923.5","CROW AGENCY, MT US","205.8","0","165.5",",0","2",",0","2",",0","0",",0","0",",0","0",",0","0",",0","0",",0","0",",0","31",",0","21",",0","","","","","2.8",",0,01,","0",",,0,31,+","0",",,0,31,+","5.1",",,0,18,+","38.3",",0,31,","4.6","0","4.6",",0","10.2",",,,0","0",",,,0","23.52",",0","32.97",",,,0","14.07",",,,0"
"USC00242112","1901-08","45.6","-107.45","923.5","CROW AGENCY, MT US","303.6","0","97.8","1,0","2",",0","2",",0","0",",0","0",",0","0",",0","0",",0","0",",0","0","1,0","30","1,0","14","1,0","","","","","6.7",",0,28,","0",",,0,31,+","0",",,0,31,+","15.2",",,0,02,","35.6","1,0,05,","4.9","0","0.3","1,0","17.7",",,,0","0",",,,0","21.61","1,0","31.45","1,,,0","11.77",",,,0"
"USC00242112","1901-09","45.6","-107.45","923.5","CROW AGENCY, MT US","313.0","0","9.4",",0","7",",0","6",",0","0",",0","0",",0","0",",0","0",",0","8",",0","0",",0","10",",0","2",",0","","","","","-2.2",",0,17,","0",",,0,30,+","0",",,0,30,+","8.9",",,0,05,","32.8",",0,01,","183.7","0","178.8",",0","26.6",",,,0","0",",,,0","12.69",",0","20.56",",,,0","4.81",",,,0"
"USC00242112","1901-10","45.6","-107.45","923.5","CROW AGENCY, MT US","313.0","0","0.0","1,0","1",",0","1",",0","0",",0","0",",0","0",",0","0",",0","13",",0","0","1,0","15","1,0","0","1,0","","","","","-1.7",",0,16,","0",",,0,31,+","0",",,0,31,+","13.0",",,0,11,","25.6","1,0,17,","408.6","0","224.9","1,0","13.0",",,,0","0",",,,0","10.80","1,0","20.01","1,,,0","1.59",",,,0"
"USC00242112","1901-11","45.6","-107.45","923.5","CROW AGENCY, MT US","313.0","0","0.0","1,0","1",",0","1",",0","0",",0","0",",0","0",",0","0",",0","28",",0","0","1,0","1","1,0","0","1,0","","","","","-8.9",",0,25,+","0",",,0,30,+","0",",T,0,10,","2.5",",,0,23,","22.2","1,0,01,","812.6","0","404.0","1,0","2.5",",,,0","0",",T,,0","4.47","1,0","13.27","1,,,0","-4.34",",,,0"
"USC00242112","1901-12","45.6","-107.45","923.5","CROW AGENCY, MT US","313.0","0","0.0","2,0","4",",0","4",",0","0",",0","","","3",",0","4","1,0","27","1,0","5","1,0","0","1,0","0","1,0","","","","","-33.3","1,0,14,","","","64",",,0,16,","6.4",",,0,16,","13.3","1,0,29,","1402.3","0","589.7","1,0","17.8",",,,0","153",",,,0","-2.00","2,0","4.60","1,,,0","-8.60","1,,,0"
"USC00242112","1902-01","45.6","-107.45","923.5","CROW AGENCY, MT US","0.0","0","0.0",",0","1",",0","0",",0","0",",0","","","0",",0","8",",0","30",",0","9",",0","0",",0","0",",0","","","","","-29.4",",0,29,+","","","13",",,0,24,","1.3",",,0,24,","13.3",",0,08,+","2109.0","0","706.7",",0","1.3",",,,0","13",",,,0","-4.46",",0","2.49",",,,0","-11.41",",,,0"
"USC00242112","1902-02","45.6","-107.45","923.5","CROW AGENCY, MT US","0.0","0","0.0",",0","3",",0","3",",0","0",",0","","","2",",0","6",",0","24",",0","7",",0","0",",0","0",",0","","","","","-26.1",",0,01,","","","76",",,0,07,","7.6",",,0,07,","15.6",",0,24,","2687.0","0","578.0",",0","18.8",",,,0","127",",,,0","-2.31",",0","4.51",",,,0","-9.13",",,,0"
"USC00242112","1902-03","45.6","-107.45","923.5","CROW AGENCY, MT US","0.0","0","0.0",",0","8",",0","5",",0","0",",0","","","2",",0","2",",0","29",",0","3",",0","0",",0","0",",0","","","","","-18.9",",0,16,","","","152",",,0,14,","15.2",",,0,14,","16.7",",0,08,","3208.7","0","521.7",",0","30.9",",,,0","229",",,,0","1.50",",0","8.01",",,,0","-5.00",",,,0"
"USC00242112","1902-04","45.6","-107.45","923.5","CROW AGENCY, MT US","0.0","0","0.0","2,0","9",",0","5",",0","0",",0","","","1",",0","0",",0","20",",0","0","2,0","6","2,0","0","2,0","","","","","-10.0",",0,01,","","","203",",,0,13,","20.3",",,0,13,","25.0","2,0,19,","3515.6","0","306.9","2,0","44.5",",,,0","203",",,,0","7.31","2,0","15.99","2,,,0","-1.36",",,,0"
"USC00242112","1902-05","45.6","-107.45","923.5","CROW AGENCY, MT US","7.8","0","7.8",",0","5",",0","4",",0","1",",0","","","0",",0","0",",0","3",",0","0",",0","21",",0","0",",0","","","","","-3.3",",0,03,","","","0",",,0,31,+","33.0",",,0,19,","30.0",",0,30,+","3622.1","0","106.5",",0","76.9",",,,0","0",",,,0","15.15",",0","23.68",",,,0","6.62",",,,0"
"USC00242112","1902-06","45.6","-107.45","923.5","CROW AGENCY, MT US","33.9","0","26.1","1,0","6",",0","6",",0","0",",0","","","0",",0","0","1,0","1","1,0","0",",0","25",",0","5",",0","","","","","0.0","1,0,21,","","","0",",,0,30,+","8.9",",,0,26,","35.0",",0,09,","3685.7","0","63.6",",0","27.9",",,,0","0",",,,0","16.93","1,0","26.07",",,,0","7.80","1,,,0"
"USC00242112","1902-07","45.6","-107.45","923.5","CROW AGENCY, MT US","118.3","0","84.4",",0","2",",0","2",",0","0",",0","","","0",",0","0",",0","0",",0","0",",0","31",",0","17",",0","","","","","4.4",",0,09,+","","","0",",,0,31,+","19.1",",,0,18,","36.1",",0,31,","16.8","0","16.8",",0","24.2",",,,0","0",",,,0","20.51",",0","30.47",",,,0","10.55",",,,0"
"USC00242112","1902-08","45.6","-107.45","923.5","CROW AGENCY, MT US","177.7","0","59.4",",0","2",",0","2",",0","0",",0","","","0",",0","0",",0","0",",0","0",",0","31",",0","7",",0","","","","","4.4",",0,20,+","","","0",",,0,31,+","20.3",",,0,09,","35.0",",0,01,","38.4","0","21.6",",0","22.8",",,,0","0",",,,0","19.55",",0","29.25",",,,0","9.86",",,,0"
"USC00242112","1902-09","45.6","-107.45","923.5","CROW AGENCY, MT US","180.5","0","2.8",",0","2",",0","2",",0","0",",0","","","0",",0","0",",0","5",",0","0",",0","21",",0","1",",0","","","","","-2.2",",0,12,","","","0",",,0,30,+","6.4",",,0,16,","33.3",",0,04,","187.9","0","149.5",",0","11.5",",,,0","0",",,,0","13.44",",0","23.67",",,,0","3.22",",,,0"
"USC00242112","1902-10","45.6","-107.45","923.5","CROW AGENCY, MT US","180.5","0","0.0",",0","1",",0","1",",0","0",",0","","","0",",0","0",",0","18",",0","0",",0","10",",0","0",",0","","","","","-6.7",",0,30,","","","0",",,0,31,+","5.1",",,0,12,","25.0",",0,07,","476.7","0","288.8",",0","5.1",",,,0","0",",,,0","9.02",",0","17.98",",,,0","0.05",",,,0"
"USC00242112","1902-11","45.6","-107.45","923.5","CROW AGENCY, MT US","180.5","0","0.0",",0","1",",0","1",",0","0",",0","","","1",",0","0",",0","28",",0","3",",0","0",",0","0",",0","","","","","-13.3",",0,29,","","","38",",,0,11,","3.8",",,0,11,","16.7",",0,07,","999.2","0","522.5",",0","3.8",",,,0","38",",,,0","0.92",",0","7.61",",,,0","-5.78",",,,0"
"USC00242112","1902-12","45.6","-107.45","923.5","CROW AGENCY, MT US","180.5","0","0.0","1,0","2",",0","2",",0","0",",0","","","2",",0","3",",0","31",",0","14","1,0","0","1,0","0","1,0","","","","","-20.0",",0,07,","","","127",",,0,24,","12.7",",,0,24,","11.7","1,0,01,","1727.5","0","728.3","1,0","17.8",",,,0","178",",,,0","-5.96","1,0","0.37","1,,,0","-12.29",",,,0"
"USC00242112","1903-01","45.6","-107.45","923.5","CROW AGENCY, MT US","0.0","0","0.0",",0","2",",0","2",",0","0",",0","","","1",",0","1",",0","29",",0","6",",0","0",",0","0",",0","","","","","-23.3",",0,11,","","","76",",,0,10,","7.6",",,0,10,","12.8",",0,06,","2366.5","0","639.0",",0","12.7",",,,0","76",",,,0","-2.28",",0","3.73",",,,0","-8.29",",,,0"
"USC00242112","1903-02","45.6","-107.45","923.5","CROW AGENCY, MT US","0.0","0","0.0","1,0","6",",0","6",",0","0",",0","","","6",",0","8",",0","27",",0","11","1,0","0","1,0","0","1,0","","","","","-23.9",",0,15,","","","76",",,0,27,+","7.6",",,0,27,+","10.6","1,0,21,","3034.6","0","668.1","1,0","30.4",",,,0","304",",,,0","-6.28","1,0","0.51","1,,,0","-13.08",",,,0"
"USC00242112","1903-03","45.6","-107.45","923.5","CROW AGENCY, MT US","0.0","0","0.0",",0","4",",0","4",",0","0",",0","","","4",",0","1",",0","30",",0","5",",0","0",",0","0",",0","","","","","-18.3",",0,19,","","","102",",,0,18,","10.2",",,0,18,","20.6",",0,30,","3599.6","0","565.0",",0","20.3",",,,0","203",",,,0","0.11",",0","7.69",",,,0","-7.47",",,,0"
"USC00242112","1903-04","45.6","-107.45","923.5","CROW AGENCY, MT US","0.0","0","0.0",",0","6",",0","6",",0","0",",0","","","2",",0","0",",0","16",",0","0",",0","8",",0","0",",0","","","","","-8.3",",0,06,","","","51",",,0,05,","10.2",",,0,27,","26.1",",0,26,","3908.5","0","308.9",",0","29.2",",,,0","76",",,,0","8.04",",0","16.41",",,,0","-0.34",",,,0"
"USC00242112","1903-05","45.6","-107.45","923.5","CROW AGENCY, MT US","3.6","0","3.6",",0","7",",0","7",",0","0",",0","","","0",",0","0",",0","2",",0","0",",0","13",",0","1",",0","","","","","-1.7",",0,02,","","","0",",,0,31,+","7.6",",,0,17,","32.2",",0,14,","4089.2","0","180.7",",0","38.2",",,,0","0",",,,0","12.62",",0","20.79",",,,0","4.45",",,,0"
"USC00242112","1903-06","45.6","-107.45","923.5","CROW AGENCY, MT US","45.4","0","41.8",",0","9",",0","8",",0","0",",0","","","0",",0","0",",0","0",",0","0",",0","28",",0","4",",0","","","","","2.8",",0,10,","","","0",",,0,30,+","12.7",",,0,24,","35.0",",0,17,","4104.7","0","15.5",",0","52.1",",,,0","0",",,,0","19.21",",0","28.10",",,,0","10.32",",,,0"
"USC00242112","1903-07","45.6","-107.45","923.5","CROW AGENCY, MT US","139.3","0","93.9",",0","8",",0","8",",0","1",",0","","","0",",0","0",",0","0",",0","0",",0","29",",0","13",",0","","","","","6.7",",0,08,","","","0",",,0,31,+","39.4",",,0,31,","37.8",",0,24,","17.2","0","17.2",",0","79.1",",,,0","0",",,,0","20.81",",0","29.28",",,,0","12.33",",,,0"
"USC00242112","1903-08","45.6","-107.45","923.5","CROW AGENCY, MT US","216.4","0","77.1","1,0","4",",0","4",",0","0",",0","","","0",",0","0",",0","0",",0","0","1,0","30","1,0","7","1,0","","","","","7.8",",0,29,","","","0",",,0,31,+","7.6",",,0,28,+","35.0","1,0,16,","23.9","0","6.7","1,0","22.8",",,,0","0",",,,0","20.66","1,0","28.98","1,,,0","12.34",",,,0"
"USC00242112","1903-09","45.6","-107.45","923.5","CROW AGENCY, MT US","218.0","0","1.6",",0","7",",0","7",",0","0",",0","","","0",",0","0",",0","1",",0","0",",0","17",",0","0",",0","","","","","-1.7",",0,15,","","","0",",T,0,15,","15.2",",,0,12,","28.3",",0,01,","177.1","0","153.2",",0","45.7",",,,0","0",",T,,0","13.28",",0","20.70",",,,0","5.86",",,,0"
"USC00242112","1903-10","45.6","-107.45","923.5","CROW AGENCY, MT US","218.0","0","0.0",",0","3",",0","3",",0","0",",0","","","0",",0","0",",0","12",",0","0",",0","8",",0","0",",0","","","","","-4.4",",0,31,+","","","0",",,0,31,+","5.1",",,0,29,","27.8",",0,18,","450.0","0","272.9",",0","10.1",",,,0","0",",,,0","9.53",",0","18.39",",,,0","0.66",",,,0"
"USC00242112","1903-11","45.6","-107.45","923.5","CROW AGENCY, MT US","218.0","0","0.0","1,0","5",",0","5",",0","0",",0","","","3",",0","4","1,0","28","1,0","8",",0","2",",0","0",",0","","","","","-30.0","1,0,17,","","","51",",,0,16,+","8.9",",,0,22,","21.1",",0,07,+","1024.0","0","574.0",",0","24.1",",,,0","127",",,,0","-1.19","1,0","5.30",",,,0","-7.68","1,,,0"
"USC00242112","1903-12","45.6","-107.45","923.5","CROW AGENCY, MT US","218.0","0","0.0",",0","5",",0","5",",0","0",",0","","","5",",0","3",",0","26",",0","5",",0","0",",0","0",",0","","","","","-21.7",",0,12,","","","152",",,0,13,","15.2",",,0,13,","17.2",",0,01,","1641.4","0","617.4",",0","33.0",",,,0","330",",,,0","-1.58",",0","4.02",",,,0","-7.19",",,,0"
"USC00242112","1904-01","45.6","-107.45","923.5","CROW AGENCY, MT US","0.0","0","0.0",",0","3",",0","3",",0","0",",0","","","3",",0","2",",0","30",",0","10",",0","0",",0","0",",0","","","","","-22.8",",0,25,","","","76",",,0,12,","7.6",",,0,12,","9.4",",0,17,+","2315.7","0","674.3",",0","15.2",",,,0","152",",,,0","-3.42",",0","2.36",",,,0","-9.20",",,,0"
"USC00242112","1904-02","45.6","-107.45","923.5","CROW AGENCY, MT US","0.0","0","0.0",",0","6",",0","6",",0","1",",0","","","6",",0","10",",0","28",",0","14",",0","0",",0","0",",0","","","","","-31.7",",0,14,","","","305",",,0,13,","30.5",",,0,13,","12.8",",0,12,","3062.0","0","746.3",",0","60.9",",,,0","609",",,,0","-7.40",",0","-0.84",",,,0","-13.96",",,,0"
"USC00242112","1904-03","45.6","-107.45","923.5","CROW AGENCY, MT US","0.0","0","0.0","1,0","7",",0","6",",0","1",",0","","","7",",0","4",",0","28",",0","5","1,0","0","1,0","0","1,0","","","","","-21.1",",0,03,","","","254",",,0,12,","25.4",",,0,12,","14.4","1,0,08,","3669.7","0","607.7","1,0","59.7",",,,0","660",",,,0","-1.89","1,0","4.46","1,,,0","-8.24",",,,0"
"USC00242112","1904-04","45.6","-107.45","923.5","CROW AGENCY, MT US","0.0","0","0.0",",0","2",",0","2",",0","0",",0","","","0",",0","0",",0","15",",0","0",",0","11",",0","0",",0","","","","","-5.6",",0,15,","","","0",",,0,30,+","6.4",",,0,06,","24.4",",0,28,+","3939.5","0","269.8",",0","11.5",",,,0","0",",,,0","9.34",",0","17.54",",,,0","1.14",",,,0"
"USC00242112","1904-05","45.6","-107.45","923.5","CROW AGENCY, MT US","2.0","0","2.0",",0","5",",0","4",",0","0",",0","","","0",",0","0",",0","5",",0","0",",0","18",",0","0",",0","","","","","-3.9",",0,13,","","","0",",T,0,25,","8.9",",,0,25,","30.0",",0,26,","4102.1","0","162.6",",0","25.4",",,,0","0",",T,,0","13.15",",0","21.68",",,,0","4.62",",,,0"
"USC00242112","1904-06","45.6","-107.45","923.5","CROW AGENCY, MT US","32.8","0","30.8",",0","6",",0","6",",0","0",",0","","","0",",0","0",",0","0",",0","0",",0","25",",0","4",",0","","","","","3.3",",0,12,+","","","0",",,0,30,+","19.1",",,0,02,","32.8",",0,18,","4161.1","0","59.0",",0","52.1",",,,0","0",",,,0","17.40",",0","26.23",",,,0","8.56",",,,0"
"USC00242112","1904-07","45.6","-107.45","923.5","CROW AGENCY, MT US","117.3","0","84.5","1,0","3",",0","3",",0","0",",0","","","0",",0","0",",0","0",",0","0","1,0","30","1,0","11","1,0","","","","","7.2",",0,26,+","","","0",",,0,31,+","11.4",",,0,02,","36.7","1,0,25,+","3.1","0","3.1","1,0","26.7",",,,0","0",",,,0","20.97","1,0","30.37","1,,,0","11.57",",,,0"
"USC00242112","1904-08","45.6","-107.45","923.5","CROW AGENCY, MT US","191.7","0","74.4",",0","4",",0","4",",0","0",",0","","","0",",0","0",",0","0",",0","0",",0","31",",0","14",",0","","","","","3.3",",0,25,+","","","0",",,0,31,+","5.1",",,0,20,","36.7",",0,13,","16.8","0","13.7",",0","12.6",",,,0","0",",,,0","20.29",",0","30.44",",,,0","10.14",",,,0"
"USC00242112","1904-09","45.6","-107.45","923.5","CROW AGENCY, MT US","200.7","0","9.0",",0","1",",0","1",",0","1",",0","","","0",",0","0",",0","1",",0","0",",0","25",",0","3",",0","","","","","-2.2",",0,14,","","","0",",,0,30,+","25.4",",,0,10,","35.0",",0,08,","113.2","0","96.4",",0","25.4",",,,0","0",",,,0","15.42",",0","25.45",",,,0","5.39",",,,0"
"USC00242112","1904-10","45.6","-107.45","923.5","CROW AGENCY, MT US","200.7","0","0.0",",0","3",",0","3",",0","0",",0","","","0",",0","0",",0","14",",0","0",",0","8",",0","0",",0","","","","","-7.2",",0,25,","","","0",",,0,31,+","8.9",",,0,05,","28.3",",0,02,+","371.4","0","258.2",",0","16.5",",,,0","0",",,,0","10.00",",0","19.24",",,,0","0.77",",,,0"
"USC00242112","1904-11","45.6","-107.45","923.5","CROW AGENCY, MT US","200.7","0","0.0",",0","1",",0","1",",0","0",",0","","","0",",0","0",",0","27",",0","0",",0","0",",0","0",",0","","","","","-12.8",",0,11,+","","","0",",,0,30,+","10.2",",,0,19,","20.6",",0,01,","788.4","0","417.0",",0","10.2",",,,0","0",",,,0","4.43",",0","13.52",",,,0","-4.66",",,,0"
"USC00242112","1904-12","45.6","-107.45","923.5","CROW AGENCY, MT US","200.7","0","0.0",",0","6",",0","6",",0","0",",0","","","4",",0","5",",0","31",",0","8",",0","0",",0","0",",0","","","","","-28.9",",0,26,","","","76",",,0,25,+","7.6",",,0,25,+","16.1",",0,30,","1432.5","0","644.1",",0","32.9",",,,0","228",",,,0","-2.45",",0","4.14",",,,0","-9.03",",,,0"
"USC00242112","1905-01","45.6","-107.45","923.5","CROW AGENCY, MT US","0.0","0","0.0",",0","8",",0","8",",0","0",",0","","","8",",0","10",",0","31",",0","15",",0","0",",0","0",",0","","","","","-28.9",",0,31,+","","","51",",,0,29,+","7.6",",,0,23,","11.7",",0,03,","2216.8","0","784.3",",0","32.9",",,,0","304",",,,0","-6.97",",0","-0.98",",,,0","-12.95",",,,0"
"USC00242112","1905-02","45.6","-107.45","923.5","CROW AGENCY, MT US","0.0","0","0.0",",0","3",",0","3",",0","0",",0","","","3",",0","15",",0","27",",0","14",",0","0",",0","0",",0","","","","","-38.3",",0,12,+","","","25",",,0,16,+","2.5",",,0,16,+","17.2",",0,27,+","3002.6","0","785.8",",0","7.5",",,,0","75",",,,0","-9.73",",0","-1.55",",,,0","-17.91",",,,0"
"USC00242112","1905-03","45.6","-107.45","923.5","CROW AGENCY, MT US","0.0","0","0.0",",0","7",",0","7",",0","0",",0","","","5",",0","0",",0","24",",0","2",",0","2",",0","0",",0","","","","","-10.0",",0,11,","","","152",",,0,09,","15.2",",,0,09,","22.2",",0,02,","3394.6","0","392.0",",0","45.7",",,,0","356",",,,0","5.69",",0","13.15",",,,0","-1.78",",,,0"
"USC00242112","1905-04","45.6","-107.45","923.5","CROW AGENCY, MT US","0.0","0","0.0",",0","7",",0","7",",0","0",",0","","","3",",0","0",",0","17",",0","0",",0","8",",0","0",",0","","","","","-5.6",",0,11,+","","","102",",,0,14,","15.2",",,0,09,","25.0",",0,30,+","3719.3","0","324.7",",0","44.4",",,,0","204",",,,0","7.51",",0","15.47",",,,0","-0.45",",,,0"
"USC00242112","1905-05","45.6","-107.45","923.5","CROW AGENCY, MT US","0.6","0","0.6",",0","10",",0","10",",0","0",",0","","","0",",0","0",",0","5",",0","0",",0","9",",0","0",",0","","","","","-3.3",",0,05,","","","0",",,0,31,+","17.8",",,0,23,","27.8",",0,21,","3943.2","0","223.9",",0","68.9",",,,0","0",",,,0","11.13",",0","18.35",",,,0","3.91",",,,0"
"USC00242112","1905-06","45.6","-107.45","923.5","CROW AGENCY, MT US","18.9","0","18.3",",0","14",",0","12",",0","2",",0","","","0",",0","0",",0","0",",0","0",",0","21",",0","1",",0","","","","","3.9",",0,23,+","","","0",",,0,30,+","48.3",",,0,04,","32.2",",0,28,","4018.1","0","74.9",",0","156.2",",,,0","0",",,,0","16.45",",0","24.25",",,,0","8.65",",,,0"
"USC00242112","1905-07","45.6","-107.45","923.5","CROW AGENCY, MT US","97.5","0","78.6",",0","4",",0","4",",0","0",",0","","","0",",0","0",",0","0",",0","0",",0","31",",0","6",",0","","","","","6.7",",0,18,","","","0",",,0,31,+","3.8",",,0,08,","35.6",",0,25,","2.6","0","2.6",",0","11.3",",,,0","0",",,,0","20.79",",0","29.36",",,,0","12.22",",,,0"
"USC00242112","1905-08","45.6","-107.45","923.5","CROW AGENCY, MT US","209.9","0","112.4",",0","0",",0","0",",0","0",",0","","","0",",0","0",",0","0",",0","0",",0","31",",0","21",",0","","","","","4.4",",0,16,","","","0",",,0,31,+","0.0",",,0,31,+","37.8",",0,28,","9.1","0","6.5",",0","0.0",",,,0","0",",,,0","21.75",",0","31.82",",,,0","11.68",",,,0"
"USC00242112","1905-09","45.6","-107.45","923.5","CROW AGENCY, MT US","220.2","0","10.3",",0","2",",0","2",",0","0",",0","","","0",",0","0",",0","0",",0","0",",0","28",",0","1",",0","","","","","1.7",",0,18,+","","","0",",,0,30,+","24.1",",,0,30,","32.2",",0,10,","74.2","0","65.1",",0","27.1",",,,0","0",",,,0","16.50",",0","26.61",",,,0","6.40",",,,0"
"USC00242112","1905-10","45.6","-107.45","923.5","CROW AGENCY, MT US","220.2","0","0.0",",0","7",",0","6",",0","0",",0","","","2",",0","1",",0","18",",0","1",",0","9",",0","0",",0","","","","","-19.4",",0,19,","","","102",",,0,18,","16.5",",,0,13,","28.3",",0,06,+","440.3","0","366.1",",0","55.9",",,,0","127",",,,0","6.52",",0","14.46",",,,0","-1.42",",,,0"
"USC00242112","1905-11","45.6","-107.45","923.5","CROW AGENCY, MT US","220.2","0","0.0",",0","6",",0","5",",0","0",",0","","","4",",0","3",",0","26",",0","3",",0","0",",0","0",",0","","","","","-25.6",",0,29,","","","76",",,0,28,+","7.6",",,0,28,+","20.0",",0,12,","916.0","0","475.7",",0","26.6",",,,0","231",",,,0","2.48",",0","10.00",",,,0","-5.04",",,,0"
"USC00242112","1905-12","45.6","-107.45","923.5","CROW AGENCY, MT US","220.2","0","0.0",",0","0",",0","0",",0","0",",0","","","0",",0","2",",0","31",",0","6",",0","0",",0","0",",0","","","","","-21.1",",0,02,","","","0",",T,0,31,","0.0",",T,0,31,","10.0",",0,11,","1605.0","0","689.0",",0","0.0",",T,,0","0",",T,,0","-3.89",",0","2.36",",,,0","-10.15",",,,0"
"USC00242112","1906-01","45.6","-107.45","923.5","CROW AGENCY, MT US","0.0","0","0.0",",0","5",",0","4",",0","0",",0","","","5",",0","5",",0","30",",0","10",",0","0",",0","0",",0","","","","","-26.7",",0,21,","","","51",",,0,20,+","5.1",",,0,20,+","12.8",",0,31,","2305.7","0","700.7",",0","16.5",",,,0","177",",,,0","-4.27",",0","2.43",",,,0","-10.97",",,,0"
"USC00242112","1906-02","45.6","-107.45","923.5","CROW AGENCY, MT US","0.0","0","0.0",",0","6",",0","6",",0","0",",0","","","4",",0","4",",0","26",",0","10",",0","0",",0","0",",0","","","","","-25.6",",0,04,","","","51",",,0,03,","5.1",",,0,03,","13.9",",0,21,","2879.7","0","574.0",",0","17.6",",,,0","126",",,,0","-2.17",",0","4.63",",,,0","-8.96",",,,0"
"USC00242112","1906-03","45.6","-107.45","923.5","CROW AGENCY, MT US","0.0","0","0.0",",0","7",",0","7",",0","0",",0","","","6",",0","7",",0","29",",0","14",",0","1",",0","0",",0","","","","","-28.9",",0,15,","","","152",",,0,01,","15.2",",,0,01,","21.7",",0,31,","3540.8","0","661.1",",0","44.4",",,,0","355",",,,0","-2.99",",0","4.32",",,,0","-10.30",",,,0"
"USC00242112","1906-04","45.6","-107.45","923.5","CROW AGENCY, MT US","0.3","0","0.3","1,0","5",",0","5",",0","0",",0","","","1",",0","0",",0","13",",0","0","1,0","12","1,0","0","1,0","","","","","-14.4",",0,03,","","","152",",,0,02,","24.1",",,0,02,","28.9","1,0,23,+","3776.6","0","235.8","1,0","35.4",",,,0","152",",,,0","9.95","1,0","19.20","1,,,0","0.70",",,,0"
"USC00242112","1906-05","45.6","-107.45","923.5","CROW AGENCY, MT US","5.3","0","5.0","1,0","13",",0","12",",0","0",",0","","","0",",0","0","1,0","3","1,0","0",",0","14",",0","1",",0","","","","","-3.9","1,0,06,","","","0",",,0,31,+","19.3",",,0,24,","32.2",",0,11,","3944.6","0","168.0",",0","84.8",",,,0","0",",,,0","12.87","1,0","20.45",",,,0","5.30","1,,,0"
"USC00242112","1906-06","45.6","-107.45","923.5","CROW AGENCY, MT US","28.3","0","23.0",",0","10",",0","7",",0","0",",0","","","0",",0","0",",0","0",",0","0",",0","25",",0","2",",0","","","","","2.8",",0,01,","","","0",",,0,30,+","19.3",",,0,14,+","33.9",",0,13,","4013.8","0","69.2",",0","69.1",",,,0","0",",,,0","16.79",",0","24.81",",,,0","8.77",",,,0"
"USC00242112","1906-07","45.6","-107.45","923.5","CROW AGENCY, MT US","119.1","0","90.8",",0","3",",0","1",",0","0",",0","","","0",",0","0",",0","0",",0","0",",0","31",",0","12",",0","","","","","3.9",",0,15,","","","0",",,0,31,+","11.4",",,0,11,","37.2",",0,24,","12.5","0","12.5",",0","14.0",",,,0","0",",,,0","20.86",",0","30.84",",,,0","10.88",",,,0"
"USC00242112","1906-08","45.6","-107.45","923.5","CROW AGENCY, MT US","189.2","0","70.1",",0","8",",0","7",",0","1",",0","","","0",",0","0",",0","0",",0","0",",0","30",",0","10",",0","","","","","2.8",",0,26,","","","0",",,0,31,+","40.6",",,0,24,","37.8",",0,16,","32.5","0","20.0",",0","67.8",",,,0","0",",,,0","19.95",",0","28.46",",,,0","11.44",",,,0"
"USC00242112","1906-09","45.6","-107.45","923.5","CROW AGENCY, MT US","","","","","4",",0","4",",0","0",",0","","","0",",0","","","","","0",",0","24",",0","3",",0","","","","","","","","","0",",,0,30,+","7.6",",,0,12,","32.2",",0,08,+","","","","","20.3",",,,0","0",",,,0","","","25.44",",,,0","",""
"USC00242112","1906-10","45.6","-107.45","923.5","CROW AGENCY, MT US","","","0.3",",0","4",",0","4",",0","0",",0","","","0",",0","0",",0","15",",0","0",",0","13",",0","0",",0","","","","","-10.6",",0,22,","","","0",",,0,31,+","5.1",",,0,03,","30.6",",0,01,","","","276.7",",0","15.2",",,,0","0",",,,0","9.42",",0","18.48",",,,0","0.35",",,,0"
"USC00242112","1906-11","45.6","-107.45","923.5","CROW AGENCY, MT US","","","0.0",",0","9",",0","6",",0","0",",0","","","3",",0","5",",0","26",",0","7",",0","0",",0","0",",0","","","","","-20.0",",0,23,","","","51",",,0,22,","6.4",",,0,14,","18.3",",0,12,+","","","559.1",",0","30.6",",,,0","153",",,,0","-0.30",",0","7.07",",,,0","-7.68",",,,0"
"USC00242112","1906-12","45.6","-107.45","923.5","CROW AGENCY, MT US","","","0.0",",0","7",",0","4",",0","0",",0","","","4",",0","2",",0","31",",0","8",",0","0",",0","0",",0","1","","","","-27.8",",0,15,","","","76",",,0,13,","7.6",",,0,13,","8.9",",0,07,+","","","707.3",",0","24.2",",,,0","242",",,,0","-4.48",",0","1.52",",,,0","-10.49",",,,0"
"USC00242112","1907-01","45.6","-107.45","923.5","CROW AGENCY, MT US","0.0","0","0.0",",0","9",",0","8",",0","0",",0","","","8",",0","19",",0","31",",0","24",",0","0",",0","0",",0","","","","","-35.0",",0,14,","","","51",",,0,29,","5.1",",,0,29,","8.3",",0,31,","","","981.9",",0","23.9",",,,0","239",",,,0","-13.34",",0","-6.69",",,,0","-20.00",",,,0"
"USC00242112","1907-02","45.6","-107.45","923.5","CROW AGENCY, MT US","0.0","0","0.0",",0","7",",0","6",",0","0",",0","","","5",",0","5",",0","26",",0","5",",0","0",",0","0",",0","","","","","-27.8",",0,03,+","","","51",",,0,05,+","5.1",",,0,19,+","12.8",",0,24,","","","605.6",",0","23.3",",,,0","185",",,,0","-3.29",",0","3.49",",,,0","-10.08",",,,0"
"USC00242112","1907-03","45.6","-107.45","923.5","CROW AGENCY, MT US","0.0","0","0.0","1,0","10",",0","8",",0","0",",0","","","5",",0","0","1,0","23","1,0","0","1,0","1","1,0","0","1,0","","","","","-10.6","1,0,26,","","","102",",,0,26,","17.8",",,0,06,","22.8","1,0,18,","","","420.3","1,0","53.1",",,,0","262",",,,0","4.32","1,0","12.02","1,,,0","-3.37","1,,,0"
"USC00242112","1907-04","45.6","-107.45","923.5","CROW AGENCY, MT US","0.0","0","0.0",",0","4",",0","4",",0","0",",0","","","4",",0","0",",0","23",",0","0",",0","4",",0","0",",0","","","","","-12.2",",0,25,","","","229",",,0,24,","22.9",",,0,24,","23.9",",0,14,","","","374.1",",0","40.6",",,,0","406",",,,0","5.86",",0","14.47",",,,0","-2.74",",,,0"
"USC00242112","1907-05","45.6","-107.45","923.5","CROW AGENCY, MT US","0.0","0","0.0",",0","8",",0","7",",0","2",",0","","","0",",0","0",",0","8",",0","0",",0","12",",0","0",",0","","","","","-4.4",",0,05,+","","","0",",T,0,03,+","38.6",",,0,12,","26.7",",0,11,+","","","247.1",",0","117.5",",,,0","0",",T,,0","10.36",",0","17.89",",,,0","2.83",",,,0"
"USC00242112","1907-06","45.6","-107.45","923.5","CROW AGENCY, MT US","4.2","0","4.2",",0","10",",0","9",",0","0",",0","","","0",",0","0",",0","0",",0","0",",0","24",",0","0",",0","","","","","3.9",",0,17,+","","","0",",,0,30,+","22.9",",,0,22,","29.4",",0,19,+","","","74.3",",0","94.1",",,,0","0",",,,0","16.00",",0","24.25",",,,0","7.74",",,,0"
"USC00242112","1907-07","45.6","-107.45","923.5","CROW AGENCY, MT US","70.9","0","66.7",",0","7",",0","5",",0","1",",0","","","0","1,0","0",",0","0",",0","0",",0","31",",0","6",",0","","","","","8.3",",0,07,","","","0","1,,0,31,+","26.7",",,0,15,","35.0",",0,03,","5.6","0","5.6",",0","50.9",",,,0","0","1,,,0","20.30",",0","29.15",",,,0","11.45",",,,0"
"USC00242112","1907-08","45.6","-107.45","923.5","CROW AGENCY, MT US","113.6","0","42.7",",0","5",",0","5",",0","0",",0","","","0",",0","0",",0","0",",0","0",",0","31",",0","7",",0","","","","","1.7",",0,20,","","","0",",,0,31,+","12.7",",,0,28,","35.6",",0,15,","39.6","0","34.0",",0","31.8",",,,0","0",",,,0","18.61",",0","28.64",",,,0","8.59",",,,0"
"USC00242112","1907-09","45.6","-107.45","923.5","CROW AGENCY, MT US","116.9","0","3.3",",0","7",",0","7",",0","0",",0","","","0",",0","0",",0","3",",0","0",",0","21",",0","0",",0","","","","","-1.1",",0,14,","","","0",",,0,30,+","7.6",",,0,26,","27.8",",0,10,+","175.8","0","136.2",",0","30.4",",,,0","0",",,,0","13.91",",0","22.39",",,,0","5.42",",,,0"
"USC00242112","1907-10","45.6","-107.45","923.5","CROW AGENCY, MT US","116.9","0","0.0",",0","2",",0","1",",0","0",",0","","","0",",0","0",",0","13",",0","0",",0","14",",0","0",",0","","","","","-5.6",",0,27,","","","0",",,0,31,+","17.8",",,0,02,","26.7",",0,05,","430.0","0","254.2",",0","19.1",",,,0","0",",,,0","10.13",",0","19.79",",,,0","0.47",",,,0"
"USC00242112","1907-11","45.6","-107.45","923.5","CROW AGENCY, MT US","116.9","0","0.0",",0","2",",0","2",",0","0",",0","","","0",",0","1",",0","28",",0","0",",0","1",",0","0",",0","","","","","-18.3",",0,11,","","","0",",,0,30,+","6.4",",,0,25,","21.1",",0,06,","896.0","0","466.0",",0","8.9",",,,0","0",",,,0","2.80",",0","12.00",",,,0","-6.40",",,,0"
"USC00242112","1907-12","45.6","-107.45","923.5","CROW AGENCY, MT US","116.9","0","0.0",",0","3",",0","3",",0","0",",0","","","3",",0","4",",0","31",",0","7",",0","0",",0","0",",0","","","","","-20.6",",0,20,","","","76",",,0,26,","10.2",",,0,08,","16.1",",0,01,","1541.3","0","645.3",",0","20.3",",,,0","152",",,,0","-2.48",",0","4.88",",,,0","-9.85",",,,0"
"USC00242112","1908-01","45.6","-107.45","923.5","CROW AGENCY, MT US","","","","","1",",6","0",",6","0",",6","","","0",",6","","","","","","","","","","","","","","","","","","","13",",,6,15,","1.3",",,6,15,","","","","","","","1.3",",,,6","13",",,,6","","","","","",""
"USC00242112","1908-02","45.6","-107.45","923.5","CROW AGENCY, MT US","","","","","5",",0","5",",0","0",",0","","","5",",0","","","","","","","","","","","","","","","","","","","76",",,0,29,+","7.6",",,0,29,+","","","","","","","22.7",",,,0","227",",,,0","","","","","",""
"USC00242112","1908-03","45.6","-107.45","923.5","CROW AGENCY, MT US","","","0.0",",0","11",",0","10",",0","0",",0","","","9",",0","1",",0","29",",0","3",",0","0",",0","0",",0","","","","","-20.0",",0,01,","","","102",",,0,31,","10.2",",,0,31,","19.4",",0,21,","","","527.3",",0","44.4",",,,0","406",",,,0","1.32",",0","9.29",",,,0","-6.65",",,,0"
"USC00242112","1908-04","45.6","-107.45","923.5","CROW AGENCY, MT US","","","0.3",",0","5",",0","4",",0","0",",0","","","0",",0","1",",0","13",",0","1",",0","14",",0","0",",0","","","","","-22.2",",0,01,","","","0",",,0,30,+","19.1",",,0,23,","31.7",",0,21,","","","274.6",",0","34.3",",,,0","0",",,,0","9.19",",0","18.93",",,,0","-0.55",",,,0"
"USC00242112","1908-05","45.6","-107.45","923.5","CROW AGENCY, MT US","","","1.1",",0","14",",0","13",",0","1",",0","","","0",",0","0",",0","3",",0","0",",0","14",",0","0",",0","","","","","-3.3",",0,01,","","","0",",,0,31,+","50.8",",,0,20,","29.4",",0,08,","","","186.0",",0","140.9",",,,0","0",",,,0","12.37",",0","20.15",",,,0","4.59",",,,0"
"USC00242112","1908-06","45.6","-107.45","923.5","CROW AGENCY, MT US","","","8.6",",0","11",",0","11",",0","0",",0","","","0",",0","0",",0","0",",0","0",",0","27",",0","2",",0","","","","","3.3",",0,29,+","","","0",",,0,30,+","20.3",",,0,04,","33.9",",0,26,","","","72.0",",0","67.0",",,,0","0",",,,0","16.22",",0","24.58",",,,0","7.86",",,,0"
"USC00242112","1908-07","45.6","-107.45","923.5","CROW AGENCY, MT US","","","126.1",",0","1",",0","1",",0","0",",0","","","0",",0","0",",0","0",",0","0",",0","31",",0","20",",0","","","","","4.4",",0,02,","","","0",",,0,31,+","2.5",",,0,27,","37.2",",0,31,+","8.0","0","8.0",",0","2.5",",,,0","0",",,,0","22.14",",0","32.26",",,,0","12.03",",,,0"
"USC00242112","1908-08","45.6","-107.45","923.5","CROW AGENCY, MT US","","","57.1",",0","8",",0","8",",0","0",",0","","","0",",0","0",",0","1",",0","0",",0","28",",0","9",",0","","","","","0.0",",0,27,","","","0",",,0,31,+","10.2",",,0,30,+","38.3",",0,01,","45.3","0","37.3",",0","41.9",",,,0","0",",,,0","18.97",",0","28.12",",,,0","9.83",",,,0"
"USC00242112","1908-09","45.6","-107.45","923.5","CROW AGENCY, MT US","","","26.7",",0","5",",0","5",",0","1",",0","","","0",",0","0",",0","3",",0","0",",0","24",",0","7",",0","","","","","-5.0",",0,27,","","","0",",,0,30,+","25.4",",,0,25,","36.1",",0,07,","150.6","0","105.3",",0","44.4",",,,0","0",",,,0","15.71",",0","25.60",",,,0","5.83",",,,0"
"USC00242112","1908-10","45.6","-107.45","923.5","CROW AGENCY, MT US","","","0.0",",0","7",",0","6",",0","0",",0","","","2",",0","0",",0","21",",0","0",",0","8",",0","0",",0","","","","","-8.3",",0,22,","","","102",",,0,03,","20.3",",,0,20,","26.1",",0,01,","500.9","0","350.3",",0","57.1",",,,0","153",",,,0","7.03",",0","14.45",",,,0","-0.38",",,,0"
"USC00242112","1908-11","45.6","-107.45","923.5","CROW AGENCY, MT US","","","0.0",",0","2",",0","2",",0","0",",0","","","2",",0","2",",0","27",",0","3",",0","6",",0","0",",0","","","","","-18.3",",0,13,","","","76",",,0,30,","7.6",",,0,30,","23.3",",0,19,","993.7","0","492.8",",0","12.7",",,,0","127",",,,0","1.91",",0","11.23",",,,0","-7.42",",,,0"
"USC00242112","1908-12","45.6","-107.45","923.5","CROW AGENCY, MT US","","","0.0",",0","5",",0","4",",0","0",",0","","","3",",0","4",",0","30",",0","9",",0","0",",0","0",",0","","","","","-27.2",",0,01,","","","51",",,0,17,+","7.6",",,0,14,","11.7",",0,26,","1702.2","0","708.5",",0","21.6",",,,0","153",",,,0","-4.52",",0","2.28",",,,0","-11.33",",,,0"
"USC00242112","1909-01","45.6","-107.45","923.5","CROW AGENCY, MT US","0.0","0","0.0",",0","4",",0","3",",0","0",",0","","","3",",0","14",",0","31",",0","14",",0","0",",0","0",",0","","","","","-33.3",",0,10,","","","51",",,0,09,+","5.1",",,0,09,+","12.8",",0,03,","2560.0","0","857.8",",0","14.0",",,,0","140",",,,0","-9.34",",0","-2.12",",,,0","-16.55",",,,0"
"USC00242112","1909-02","45.6","-107.45","923.5","CROW AGENCY, MT US","0.0","0","0.0",",0","4",",0","4",",0","0",",0","","","2",",0","7",",0","28",",0","5",",0","0",",0","0",",0","","","","","-29.4",",0,09,","","","76",",,0,08,","7.6",",,0,08,","12.8",",0,28,","3182.0","0","622.0",",0","17.7",",,,0","101",",,,0","-3.88",",0","3.21",",,,0","-10.97",",,,0"
"USC00242112","1909-03","45.6","-107.45","923.5","CROW AGENCY, MT US","0.0","0","0.0",",0","6",",0","6",",0","0",",0","","","3",",0","1",",0","29",",0","1",",0","0",",0","0",",0","","","","","-21.1",",0,11,","","","76",",,0,13,","11.9",",,0,21,","17.8",",0,25,","3682.4","0","500.4",",0","37.6",",,,0","191",",,,0","2.19",",0","10.27",",,,0","-5.89",",,,0"
"USC00242112","1909-04","45.6","-107.45","923.5","CROW AGENCY, MT US","0.0","0","0.0",",0","13",",0","9",",0","0",",0","","","4",",0","0",",0","25",",0","0",",0","1",",0","0",",0","","","","","-11.7",",0,30,","","","152",",,0,18,","7.9",",,0,28,","21.1",",0,25,","4110.2","0","427.8",",0","43.5",",,,0","310",",,,0","4.07",",0","11.68",",,,0","-3.54",",,,0"
"USC00242112","1909-05","45.6","-107.45","923.5","CROW AGENCY, MT US","0.0","0","0.0",",0","13",",0","7",",0","0",",0","","","0",",0","0",",0","12",",0","0",",0","15",",0","0",",0","","","","","-5.0",",0,01,","","","0",",,0,31,+","15.0",",,0,21,","29.4",",0,22,+","4328.6","0","218.4",",0","60.3",",,,0","0",",,,0","11.29",",0","20.33",",,,0","2.25",",,,0"
"USC00242112","1909-06","45.6","-107.45","923.5","CROW AGENCY, MT US","53.8","0","53.8","1,0","10",",0","6",",0","0",",0","","","0",",0","0",",0","0",",0","0","1,0","24","1,0","8","1,0","","","","","4.4",",0,09,","","","0",",,0,30,+","11.9",",,0,10,+","36.1","1,0,28,","4378.0","0","49.4","1,0","46.5",",,,0","0",",,,0","18.47","1,0","27.33","1,,,0","9.61",",,,0"
"USC00242112","1909-07","45.6","-107.45","923.5","CROW AGENCY, MT US","167.2","0","113.4",",0","5",",0","2",",0","0",",0","","","0",",0","0",",0","0",",0","0",",0","31",",0","18",",0","","","","","4.4",",0,14,","","","0",",,0,31,+","7.9",",,0,27,","38.3",",0,01,","6.1","0","6.1",",0","17.6",",,,0","0",",,,0","21.80",",0","31.95",",,,0","11.64",",,,0"
"USC00242112","1909-08","45.6","-107.45","923.5","CROW AGENCY, MT US","286.6","0","119.4",",0","5",",0","5",",0","0",",0","","","0",",0","0",",0","0",",0","0",",0","31",",0","23",",0","","","","","1.1",",0,28,","","","0",",,0,31,+","11.9",",,0,11,","36.7",",0,11,","13.3","0","7.2",",0","25.6",",,,0","0",",,,0","21.95",",0","32.68",",,,0","11.22",",,,0"
"USC00242112","1909-09","45.6","-107.45","923.5","CROW AGENCY, MT US","293.3","0","6.7",",0","6",",0","4",",0","0",",0","","","0",",0","0",",0","1",",0","0",",0","22",",0","0",",0","","","","","-0.6",",0,24,","","","0",",,0,30,+","7.9",",,0,12,","30.0",",0,17,+","112.2","0","98.9",",0","25.4",",,,0","0",",,,0","15.26",",0","23.99",",,,0","6.53",",,,0"
"USC00242112","1909-10","45.6","-107.45","923.5","CROW AGENCY, MT US","293.3","0","0.0",",0","3",",0","1",",0","0",",0","","","0",",0","0",",0","19",",0","0",",0","8",",0","0",",0","","","","","-7.8",",0,18,","","","0",",,0,31,+","7.9",",,0,07,","26.1",",0,28,","426.7","0","314.5",",0","11.7",",,,0","0",",,,0","8.19",",0","17.67",",,,0","-1.29",",,,0"
"USC00242112","1909-11","45.6","-107.45","923.5","CROW AGENCY, MT US","293.3","0","0.0",",0","8",",0","6",",0","0",",0","","","4",",0","2",",0","28",",0","5",",0","3",",0","0",",0","","","","","-20.0",",0,16,","","","178",",,0,20,","17.8",",,0,20,","25.0",",0,04,","932.7","0","506.0",",0","47.3",",,,0","343",",,,0","1.47",",0","9.70",",,,0","-6.76",",,,0"
"USC00242112","1909-12","45.6","-107.45","923.5","CROW AGENCY, MT US","293.3","0","0.0",",0","9",",0","8",",0","0",",0","","","8",",0","17",",0","31",",0","20",",0","0",",0","0",",0","","","","","-32.2",",0,07,","","","76",",,0,19,+","9.9",",,0,13,","7.8",",0,31,+","1851.7","0","919.0",",0","54.4",",,,0","470",",,,0","-11.31",",0","-4.81",",,,0","-17.81",",,,0"
"USC00242112","1910-01","45.6","-107.45","923.5","CROW AGENCY, MT US","0.0","0","0.0",",0","5",",0","4",",0","0",",0","","","4",",0","12",",0","31",",0","15",",0","0",",0","0",",0","","","","","-33.3",",0,03,","","","76",",,0,04,+","7.6",",,0,04,+","10.6",",0,24,","2643.1","0","791.4",",0","25.9",",,,0","259",",,,0","-7.20",",0","-0.15",",,,0","-14.25",",,,0"
"USC00242112","1910-02","45.6","-107.45","923.5","CROW AGENCY, MT US","0.0","0","0.0",",0","5",",0","3",",0","0",",0","","","3",",0","15",",0","28",",0","16",",0","0",",0","0",",0","","","","","-37.2",",0,22,","","","51",",,0,01,","5.1",",,0,01,","8.9",",0,13,","3429.8","0","786.7",",0","11.1",",,,0","111",",,,0","-9.76",",0","-1.95",",,,0","-17.58",",,,0"
"USC00242112","1910-03","45.6","-107.45","923.5","CROW AGENCY, MT US","0.0","0","0.0",",0","3",",0","1",",0","0",",0","","","0",",0","0",",0","22",",0","0",",0","8",",0","0",",0","","","","","-7.8",",0,30,","","","0",",,0,31,+","9.1",",,0,23,","27.2",",0,22,","3749.3","0","319.5",",0","11.7",",,,0","0",",,,0","8.03",",0","17.81",",,,0","-1.75",",,,0"
"USC00242112","1910-05","45.6","-107.45","923.5","CROW AGENCY, MT US","","","","","5",",6","4",",6","1",",6","","","","","","","","","","","","","","","","","","","","","","","","","30.7",",,6,15,","","","","","","","70.3",",,,6","","","","","","","",""
"USC00242112","1910-07","45.6","-107.45","923.5","CROW AGENCY, MT US","","","134.2",",0","3",",0","3",",0","0",",0","","","0",",0","0",",0","0",",0","0",",0","31",",0","21",",0","","","","","5.0",",0,10,","","","0",",,0,31,+","5.8",",,0,05,","40.0",",0,04,","2.7","0","2.7",",0","12.2",",,,0","0",",,,0","22.57",",0","33.96",",,,0","11.18",",,,0"
"USC00242112","1910-08","45.6","-107.45","923.5","CROW AGENCY, MT US","","","39.5",",0","3",",0","1",",0","0",",0","","","0",",0","0",",0","4",",0","0",",0","30",",0","9",",0","","","","","-2.8",",0,25,","","","0",",T,0,24,","13.2",",,0,24,","36.7",",0,01,","60.5","0","57.8",",0","15.5",",,,0","0",",T,,0","17.74",",0","29.23",",,,0","6.25",",,,0"
"USC00242112","1910-09","45.6","-107.45","923.5","CROW AGENCY, MT US","","","5.0",",0","5",",0","4",",0","0",",0","","","1",",0","0",",0","5",",0","0",",0","27",",0","0",",0","","","","","-9.4",",0,25,","","","102",",,0,24,","23.1",",,0,24,","30.0",",0,16,","174.3","0","113.8",",0","42.4",",,,0","102",",,,0","14.71",",0","24.37",",,,0","5.04",",,,0"
"USC00242112","1910-10","45.6","-107.45","923.5","CROW AGENCY, MT US","","","0.0",",0","6",",0","5",",0","0",",0","","","0",",0","0",",0","14",",0","0",",0","15",",0","0",",0","","","","","-8.3",",0,28,+","","","0",",T,0,26,","11.9",",,0,02,","29.4",",0,10,+","432.6","0","258.3",",0","33.5",",,,0","0",",T,,0","10.00",",0","19.73",",,,0","0.27",",,,0"
"USC00242112","1910-11","45.6","-107.45","923.5","CROW AGENCY, MT US","","","0.0",",0","9",",0","6",",0","0",",0","","","4",",0","1",",0","29",",0","3",",0","0",",0","0",",0","","","","","-20.0",",0,27,","","","102",",,0,26,","14.5",",,0,19,","18.9",",0,07,","954.6","0","522.0",",0","56.2",",,,0","292",",,,0","0.93",",0","7.40",",,,0","-5.54",",,,0"
"USC00242112","1910-12","45.6","-107.45","923.5","CROW AGENCY, MT US","","","0.0",",0","2",",0","2",",0","0",",0","","","2",",0","5",",0","31",",0","8",",0","0",",0","0",",0","","","","","-20.0",",0,06,","","","203",",,0,04,","20.3",",,0,04,","7.2",",0,19,+","1680.0","0","725.4",",0","25.4",",,,0","254",",,,0","-5.07",",0","1.51",",,,0","-11.64",",,,0"
"USC00242112","1911-01","45.6","-107.45","923.5","CROW AGENCY, MT US","0.0","0","0.0",",0","8",",0","7",",0","0",",0","","","6",",0","14",",0","31",",0","14",",0","0",",0","0",",0","","","","","-35.0",",0,02,","","","152",",,0,20,","15.2",",,0,20,","10.0",",0,19,+","2517.9","0","837.9",",0","44.9",",,,0","406",",,,0","-8.70",",0","-0.71",",,,0","-16.69",",,,0"
"USC00242112","1911-02","45.6","-107.45","923.5","CROW AGENCY, MT US","0.0","0","0.0",",0","4",",0","2",",0","0",",0","","","2",",0","13",",0","28",",0","16",",0","0",",0","0",",0","","","","","-27.2",",0,28,","","","64",",,0,25,","6.4",",,0,25,","5.6",",0,05,","3274.6","0","756.7",",0","11.5",",,,0","115",",,,0","-8.69",",0","-0.90",",,,0","-16.48",",,,0"
"USC00242112","1911-03","45.6","-107.45","923.5","CROW AGENCY, MT US","0.0","0","0.0",",0","3",",0","3",",0","0",",0","","","2",",0","1",",0","29",",0","0",",0","3",",0","0",",0","","","","","-21.1",",0,01,","","","127",",,0,25,","12.7",",,0,25,","22.8",",0,20,","3721.6","0","447.0",",0","19.5",",,,0","165",",,,0","3.91",",0","12.67",",,,0","-4.84",",,,0"
"USC00242112","1911-04","45.6","-107.45","923.5","CROW AGENCY, MT US","0.0","0","0.0",",0","5",",0","2",",0","0",",0","","","0",",0","0",",0","20",",0","0",",0","8",",0","0",",0","","","","","-10.0",",0,06,","","","13",",,0,07,+","4.6",",,0,22,","26.1",",0,26,","4065.5","0","343.9",",0","12.8",",,,0","39",",,,0","6.87",",0","15.87",",,,0","-2.13",",,,0"
"USC00242112","1911-06","45.6","-107.45","923.5","CROW AGENCY, MT US","","","53.8",",0","10",",0","7",",0","0",",0","","","0",",0","0",",0","0",",0","0",",0","30",",0","8",",0","","","","","2.8",",0,05,","","","0",",,0,30,+","14.2",",,0,09,","35.0",",0,19,","","","18.0",",0","54.6",",,,0","0",",,,0","19.53",",0","29.60",",,,0","9.45",",,,0"
"USC00242112","1911-07","45.6","-107.45","923.5","CROW AGENCY, MT US","","","52.0",",0","9",",0","4",",0","0",",0","","","0",",0","0",",0","0",",0","0",",0","31",",0","12",",0","","","","","2.2",",0,24,","","","0",",,0,31,+","8.4",",,0,08,","36.1",",0,07,","14.3","0","14.3",",0","25.8",",,,0","0",",,,0","19.55",",0","30.71",",,,0","8.39",",,,0"
"USC00242112","1911-08","45.6","-107.45","923.5","CROW AGENCY, MT US","","","43.0","2,0","10",",0","3",",0","0",",0","","","0",",0","0","2,0","2","2,0","0","2,0","27","2,0","11","2,0","","","","","0.0","2,0,28,+","","","0",",,0,31,+","8.9",",,0,23,","36.7","2,0,18,","50.4","0","36.1","2,0","22.2",",,,0","0",",,,0","18.57","2,0","28.43","2,,,0","8.71","2,,,0"
"USC00242112","1911-09","45.6","-107.45","923.5","CROW AGENCY, MT US","","","","","6",",0","2",",0","0",",0","","","0",",0","","","","","0",",0","21",",0","0",",0","","","","","","","","","0",",T,0,27,","6.1",",,0,05,","31.7",",0,02,+","","","","","13.8",",,,0","0",",T,,0","","","23.89",",,,0","",""
"USC00242112","1911-10","45.6","-107.45","923.5","CROW AGENCY, MT US","","","0.0",",0","8",",0","5",",0","0",",0","","","2",",0","0",",0","19",",0","0",",0","6",",0","0",",0","","","","","-11.1",",0,30,","","","25",",,0,31,+","17.3",",,0,15,","28.9",",0,08,","","","378.0",",0","35.8",",,,0","50",",,,0","6.14",",0","14.17",",,,0","-1.90",",,,0"
"USC00242112","1911-11","45.6","-107.45","923.5","CROW AGENCY, MT US","","","0.0",",0","10",",0","4",",0","0",",0","","","3",",0","6",",0","30",",0","9",",0","0",",0","0",",0","","","","","-31.1",",0,12,","","","89",",,0,10,","8.9",",,0,10,","12.2",",0,07,+","","","670.4",",0","30.8",",,,0","207",",,,0","-4.02",",0","2.92",",,,0","-10.95",",,,0"
"USC00242112","1911-12","45.6","-107.45","923.5","CROW AGENCY, MT US","","","0.0",",0","9",",0","5",",0","0",",0","","","4",",0","6",",0","31",",0","10",",0","0",",0","0",",0","","","","","-33.3",",0,29,","","","165",",,0,21,","16.5",",,0,21,","10.6",",0,08,","","","740.3",",0","36.6",",,,0","336",",,,0","-5.55",",0","0.48",",,,0","-11.58",",,,0"
"USC00242112","1912-01","45.6","-107.45","923.5","CROW AGENCY, MT US","0.0","0","0.0",",0","8",",0","2",",0","0",",0","","","3",",0","14",",0","31",",0","14",",0","0",",0","0",",0","","","","","-37.8",",0,07,","","","46",",,0,02,","3.8",",,0,02,","7.8",",0,30,","","","862.2",",0","13.6",",,,0","160",",,,0","-9.48",",0","-2.33",",,,0","-16.64",",,,0"
"USC00242112","1912-02","45.6","-107.45","923.5","CROW AGENCY, MT US","0.0","0","0.0",",0","8",",0","2",",0","0",",0","","","2",",0","3",",0","27",",0","6",",0","0",",0","0",",0","","","","","-21.7",",0,04,","","","46",",,0,27,","4.6",",,0,27,","9.4",",0,10,","","","594.8",",0","15.8",",,,0","143",",,,0","-2.18",",0","3.18",",,,0","-7.53",",,,0"
"USC00242112","1912-03","45.6","-107.45","923.5","CROW AGENCY, MT US","0.0","0","0.0","1,0","10",",0","4",",0","0",",0","","","5",",0","9","1,0","30","1,0","15",",0","0",",0","0",",0","","","","","-29.4","1,0,08,","","","114",",,0,03,","9.1",",,0,03,","15.0",",0,28,","","","743.2",",0","29.6",",,,0","373",",,,0","-6.59","1,0","0.57",",,,0","-13.75","1,,,0"
"USC00242112","1912-04","45.6","-107.45","923.5","CROW AGENCY, MT US","0.0","0","0.0","2,0","7",",0","5",",0","0",",0","","","2","1,0","0","1,0","17","1,0","0","2,0","10","2,0","0","2,0","","","","","-5.0","1,0,16,","","","203","1,,0,14,","16.3",",,0,14,","26.1","2,0,10,+","","","277.9","2,0","60.6",",,,0","274","1,,,0","8.40","2,0","16.84","2,,,0","-0.04","1,,,0"
"USC00242112","1912-05","45.6","-107.45","923.5","CROW AGENCY, MT US","1.7","0","1.7",",0","13",",0","8",",0","0",",0","","","0",",0","0",",0","3",",0","0",",0","17",",0","0",",0","","","","","-3.3",",0,13,","","","0",",T,0,03,","22.1",",,0,20,","30.6",",0,29,","","","177.3",",0","99.2",",,,0","0",",T,,0","12.67",",0","20.75",",,,0","4.58",",,,0"
"USC00242112","1912-06","45.6","-107.45","923.5","CROW AGENCY, MT US","56.8","0","55.1",",0","6",",0","4",",0","1",",0","","","0",",0","0",",0","0",",0","0",",0","29",",0","7",",0","","","","","3.3",",0,04,","","","0",",,0,30,+","49.5",",,0,30,","36.1",",0,26,","","","44.9",",0","93.0",",,,0","0",",,,0","18.67",",0","28.45",",,,0","8.90",",,,0"
"USC00242112","1912-07","45.6","-107.45","923.5","CROW AGENCY, MT US","109.1","0","52.3",",0","12",",0","10",",0","0",",0","","","0",",0","0",",0","0",",0","0",",0","29",",0","2",",0","","","","","6.1",",0,08,","","","0",",,0,31,+","23.1",",,0,02,","32.2",",0,28,+","16.1","0","16.1",",0","100.6",",,,0","0",",,,0","19.50",",0","27.35",",,,0","11.65",",,,0"
"USC00242112","1912-08","45.6","-107.45","923.5","CROW AGENCY, MT US","138.2","0","29.1","1,0","8",",0","4",",0","0",",0","","","0","1,0","0","1,0","0","1,0","0","1,0","30","1,0","0","1,0","","","","","3.9","1,0,31,","","","0","1,,0,31,+","17.8",",,0,02,","31.7","1,0,24,","42.2","0","26.1","1,0","44.2",",,,0","0","1,,,0","18.44","1,0","26.94","1,,,0","9.93","1,,,0"
"USC00242112","1912-09","45.6","-107.45","923.5","CROW AGENCY, MT US","138.2","0","0.0","1,0","14",",6","8",",6","0",",6","","","1",",6","0","1,0","5","1,0","0","1,0","10","1,0","0","1,0","","","","","-5.0","1,0,29,","","","89",",,6,15,","20.1",",,6,15,","31.1","1,0,02,","262.8","0","220.6","1,0","92.8",",,,6","89",",,,6","10.73","1,0","18.01","1,,,0","3.44","1,,,0"
"USC00242112","1912-10","45.6","-107.45","923.5","CROW AGENCY, MT US","138.2","0","0.0","1,0","7",",0","6",",0","0",",0","","","1",",0","0","1,0","17","1,0","0","1,0","4","1,0","0","1,0","","","","","-8.3","1,0,31,","","","102",",,0,28,","24.9",",,0,05,","24.4","1,0,18,","611.2","0","348.4","1,0","70.7",",,,0","107",",,,0","6.72","1,0","14.10","1,,,0","-0.66","1,,,0"
"USC00242112","1912-11","45.6","-107.45","923.5","CROW AGENCY, MT US","138.2","0","0.0","1,0","3",",0","3",",0","0",",0","1",",0","1",",0","0","1,0","27","1,0","0",",0","0",",0","0",",0","","","","","-11.7","1,0,01,","25",",,0,25,","38",",,0,25,","11.4",",,0,11,","17.8",",0,09,","1044.7","0","433.5",",0","19.5",",,,0","38",",,,0","3.31","1,0","10.20",",,,0","-3.57","1,,,0"
"USC00242112","1912-12","45.6","-107.45","923.5","CROW AGENCY, MT US","138.2","0","0.0",",0","2",",0","0",",0","0",",0","0",",0","0",",0","0",",0","30",",0","2",",0","0",",0","0",",0","","","","","-12.2",",0,05,","0",",,0,31,+","13",",,0,01,","1.3",",,0,01,","12.8",",0,13,","1617.7","0","573.0",",0","1.8",",,,0","13",",,,0","-0.15",",0","6.04",",,,0","-6.34",",,,0"
"USC00242112","1913-01","45.6","-107.45","923.5","CROW AGENCY, MT US","0.0","0","0.0","1,0","7",",0","5",",0","0",",0","22","2,0","4","1,0","12",",0","31",",0","16","1,0","0","1,0","0","1,0","","","","","-34.4",",0,20,","152","2,,0,11,+","76","1,,0,09,+","8.9",",,0,26,","11.1","1,0,28,","2409.2","0","791.5","1,0","28.2",",,,0","267","1,,,0","-8.21","1,0","-0.89","1,,,0","-15.53",",,,0"
"USC00242112","1913-02","45.6","-107.45","923.5","CROW AGENCY, MT US","0.0","0","0.0","2,0","6",",0","2",",0","0",",0","16",",0","1",",0","10","1,0","26","1,0","17","1,0","0","1,0","0","1,0","","","","","-28.3","1,0,08,","76",",,0,11,+","25",",,0,10,","3.8",",,0,18,","15.0","1,0,16,","3083.2","0","674.0","1,0","11.1",",,,0","56",",,,0","-7.67","2,0","-0.64","1,,,0","-14.69","1,,,0"
"USC00242112","1913-03","45.6","-107.45","923.5","CROW AGENCY, MT US","0.0","0","0.0",",0","9",",0","6",",0","0",",0","19",",0","4",",0","6",",0","27",",0","11",",0","0",",0","0",",0","","","","","-28.3",",0,26,","229",",,0,26,+","102",",,0,13,","9.7",",,0,13,","13.3",",0,09,","3738.1","0","654.9",",0","35.3",",,,0","241",",,,0","-2.79",",0","3.42",",,,0","-9.01",",,,0"
"USC00242112","1913-04","45.6","-107.45","923.5","CROW AGENCY, MT US","0.0","0","0.0",",0","4",",0","2",",0","0",",0","0",",0","1",",0","0",",0","12",",0","0",",0","15",",0","0",",0","","","","","-4.4",",0,03,","0",",,0,30,+","51",",,0,02,","10.2",",,0,02,","27.8",",0,27,+","3983.3","0","245.2",",0","16.1",",,,0","51",",,,0","10.16",",0","19.23",",,,0","1.09",",,,0"
"USC00242112","1913-05","45.6","-107.45","923.5","CROW AGENCY, MT US","15.0","0","15.0",",0","4",",0","3",",0","0",",0","0",",0","0",",0","0",",0","4",",0","0",",0","15",",0","1",",0","","","","","-1.1",",0,18,","0",",,0,31,+","0",",,0,31,+","17.8",",,0,19,","32.2",",0,27,","4153.8","0","170.5",",0","32.0",",,,0","0",",,,0","13.32",",0","21.06",",,,0","5.58",",,,0"
"USC00242112","1913-06","45.6","-107.45","923.5","CROW AGENCY, MT US","60.8","0","45.8",",0","9",",0","5",",0","0",",0","0",",0","0",",0","0",",0","0",",0","0",",0","29",",0","0",",0","","","","","7.8",",0,03,","0",",,0,30,+","0",",,0,30,+","12.4",",,0,06,","31.7",",0,04,","4164.1","0","10.3",",0","41.8",",,,0","0",",,,0","19.52",",0","27.48",",,,0","11.56",",,,0"
"USC00242112","1913-07","45.6","-107.45","923.5","CROW AGENCY, MT US","138.8","0","78.0",",0","7",",0","4",",0","0",",0","0",",0","0",",0","0",",0","0",",0","0",",0","31",",0","8",",0","","","","","6.1",",0,31,+","0",",,0,31,+","0",",,0,31,+","7.6",",,0,26,","36.1",",0,09,","8.4","0","8.4",",0","22.1",",,,0","0",",,,0","20.58",",0","29.56",",,,0","11.60",",,,0"
"USC00242112","1913-08","45.6","-107.45","923.5","CROW AGENCY, MT US","","","","","5",",0","2",",0","0",",0","0","4,0","0",",0","","","","","","","","","","","","","","","","","0","4,,0,31,+","0",",,0,31,+","15.2",",,0,09,","","","","","","","26.4",",,,0","0",",,,0","","","","","",""
"USC00242112","1913-09","45.6","-107.45","923.5","CROW AGENCY, MT US","","","27.1","1,0","5",",0","5",",0","1",",0","2",",0","1",",0","0",",0","5",",0","0","1,0","21","1,0","1","1,0","","","","","-5.6",",0,25,","102",",,0,23,","127",",,0,23,","35.6",",,0,23,","32.8","1,0,05,","","","120.6","1,0","67.6",",,,0","127",",,,0","15.06","1,0","24.37","1,,,0","5.76",",,,0"
"USC00242112","1913-10","45.6","-107.45","923.5","CROW AGENCY, MT US","","","0.0","3,0","7",",0","5",",0","0",",0","0",",0","0",",0","0",",0","15",",0","0","3,0","8","3,0","0","3,0","","","","","-7.8",",0,26,","0",",,0,31,+","0",",T,0,27,+","13.5",",,0,05,","27.2","3,0,02,","","","302.2","3,0","42.7",",,,0","0",",T,,0","7.31","3,0","14.59","3,,,0","0.04",",,,0"
"USC00242112","1913-11","45.6","-107.45","923.5","CROW AGENCY, MT US","","","0.0","5,0","3",",0","2",",0","0",",0","0","2,0","0",",0","0","3,0","25","3,0","0","4,0","0","4,0","0","4,0","","","","","-8.9","3,0,22,","0","2,,0,30,+","0",",,0,30,+","9.4",",,0,03,","17.8","4,0,16,","","","358.9","4,0","16.3",",,,0","0",",,,0","4.02","5,0","12.22","4,,,0","-4.18","3,,,0"
"USC00242112","1913-12","45.6","-107.45","923.5","CROW AGENCY, MT US","","","0.0","1,0","0",",0","0",",0","0",",0","0",",0","0",",0","1","1,0","30","1,0","5",",0","0",",0","0",",0","","","","","-17.8","1,0,22,","0",",,0,31,+","0",",T,0,24,+","0.0",",T,0,24,+","15.0",",0,10,","","","650.4",",0","0.0",",T,,0","0",",T,,0","-3.48","1,0","4.50",",,,0","-11.45","1,,,0"
"USC00242112","1914-01","45.6","-107.45","923.5","CROW AGENCY, MT US","0.0","0","0.0",",0","4",",0","1",",0","0",",0","5","4,0","0","2,0","2",",0","31",",0","2",",0","0",",0","0",",0","1","","","","-23.3",",0,29,","102","4,,0,24,","8","2,,0,25,+","3.0",",,0,23,","14.4",",0,05,","","","614.6",",0","6.5",",,,0","16","2,,,0","-1.49",",0","6.58",",,,0","-9.57",",,,0"
"USC00242112","1914-02","45.6","-107.45","923.5","CROW AGENCY, MT US","","","","","5",",0","4",",0","0",",0","13",",0","4",",0","","","","","","","","","","","","","","","","","51",",,0,22,+","48",",,0,22,","4.8",",,0,19,","","","","","","","15.5",",,,0","123",",,,0","","","","","",""
"USC00242112","1914-03","45.6","-107.45","923.5","CROW AGENCY, MT US","","","0.0",",0","4",",0","2",",0","0",",0","","","3",",0","1",",0","27",",0","1",",0","2",",0","0",",0","","","","","-18.9",",0,26,","","","76",",,0,24,","5.8",",,0,24,","21.1",",0,30,+","","","465.7",",0","11.8",",,,0","126",",,,0","3.31",",0","10.98",",,,0","-4.35",",,,0"
"USC00242112","1914-04","45.6","-107.45","923.5","CROW AGENCY, MT US","","","0.0","1,0","6",",0","5",",0","0",",0","0",",0","0",",0","0","1,0","10","1,0","0",",0","9",",0","0",",0","","","","","-5.6","1,0,11,","0",",,0,30,+","0",",,0,30,+","10.9",",,0,06,","26.7",",0,15,","","","257.2",",0","35.2",",,,0","0",",,,0","9.55","1,0","17.47",",,,0","1.63","1,,,0"
"USC00242112","1914-05","45.6","-107.45","923.5","CROW AGENCY, MT US","","","1.7","1,0","6",",0","5",",0","1",",0","0",",0","0",",0","0",",0","6",",0","0","1,0","22","1,0","0","1,0","","","","","-4.4",",0,07,+","0",",,0,31,+","0",",,0,31,+","27.4",",,0,11,","31.1","1,0,09,","","","140.7","1,0","79.1",",,,0","0",",,,0","13.84","1,0","23.21","1,,,0","4.47",",,,0"
"USC00242112","1914-06","45.6","-107.45","923.5","CROW AGENCY, MT US","","","30.7",",0","9",",0","4",",0","1",",0","0",",0","0",",0","0",",0","0",",0","0",",0","29",",0","1",",0","","","","","3.3",",0,07,","0",",,0,30,+","0",",,0,30,+","29.7",",,0,26,","32.8",",0,18,","","","38.0",",0","52.6",",,,0","0",",,,0","18.09",",0","26.75",",,,0","9.42",",,,0"
"USC00242112","1914-07","45.6","-107.45","923.5","CROW AGENCY, MT US","","","143.0",",0","2",",0","1",",0","0",",0","0",",0","0",",0","0",",0","0",",0","0",",0","31",",0","18",",0","","","","","6.7",",0,17,","0",",,0,31,+","0",",,0,31,+","20.8",",,0,11,","35.6",",0,09,","0.0","0","0.0",",0","21.3",",,,0","0",",,,0","22.95",",0","32.09",",,,0","13.80",",,,0"
"USC00242112","1914-08","45.6","-107.45","923.5","CROW AGENCY, MT US","","","64.6",",0","5",",0","1",",0","0",",0","0",",0","0",",0","0",",0","0",",0","0",",0","30",",0","11",",0","","","","","1.1",",0,25,","0",",,0,31,+","0",",,0,31,+","4.3",",,0,10,","36.1",",0,03,","22.8","0","22.8",",0","9.6",",,,0","0",",,,0","19.68",",0","29.87",",,,0","9.48",",,,0"
"USC00242112","1914-09","45.6","-107.45","923.5","CROW AGENCY, MT US","","","5.9","2,0","4",",0","4",",0","0",",0","0",",0","0",",0","0","1,0","1","1,0","0","1,0","22","1,0","1","1,0","","","","","0.0","1,0,02,","0",",,0,30,+","0",",,0,30,+","17.3",",,0,20,","32.2","1,0,18,","124.1","0","101.3","1,0","43.4",",,,0","0",",,,0","14.96","2,0","24.45","1,,,0","5.48","1,,,0"
"USC00242112","1914-10","45.6","-107.45","923.5","CROW AGENCY, MT US","","","","","3",",0","2",",0","0",",0","0",",0","0",",0","","","","","0",",0","8",",0","0",",0","","","","","","","0",",,0,31,+","0",",,0,31,+","11.7",",,0,06,","26.1",",0,16,+","","","","","23.4",",,,0","0",",,,0","","","17.20",",,,0","",""
"USC00242112","1914-11","45.6","-107.45","923.5","CROW AGENCY, MT US","","","0.0","1,0","0",",0","0",",0","0",",0","0",",0","0",",0","0",",0","26",",0","1","1,0","1","1,0","0","1,0","","","","","-11.7",",0,18,","0",",,0,30,+","0",",,0,30,+","0.0",",,0,30,+","21.1","1,0,09,","","","389.1","1,0","0.0",",,,0","0",",,,0","4.91","1,0","14.53","1,,,0","-4.71",",,,0"
"USC00242112","1914-12","45.6","-107.45","923.5","CROW AGENCY, MT US","","","0.0","2,0","3",",0","2",",0","0",",0","25",",0","2",",0","11","2,0","29","2,0","19",",0","0",",0","0",",0","","","","","-31.1","2,0,16,","102",",,0,20,+","51",",,0,07,","4.1",",,0,07,","8.3",",0,03,","","","806.3",",0","7.6",",,,0","89",",,,0","-9.85","2,0","-2.48",",,,0","-17.21","2,,,0"
"USC00242112","1917-07","45.6","-107.45","923.5","CROW AGENCY, MT US","","","","","0",",0","0",",0","0",",0","","","0",",0","","","","","","","","","","","","","","","","","","","0",",,0,31,+","0.0",",,0,31,+","","","","","","","0.0",",,,0","0",",,,0","","","","","",""
"USC00242112","1917-08","45.6","-107.45","923.5","CROW AGENCY, MT US","","","56.9",",0","2",",0","0",",0","0",",0","0",",0","0",",0","0",",0","0",",0","0",",0","31",",0","16",",0","","","","","2.8",",0,10,","0",",,0,31,+","0",",,0,31,+","2.0",",,0,19,","35.6",",0,19,+","","","10.8",",0","2.8",",,,0","0",",,,0","19.82",",0","30.93",",,,0","8.71",",,,0"
"USC00242112","1917-09","45.6","-107.45","923.5","CROW AGENCY, MT US","","","4.2",",0","4",",0","2",",0","0",",0","0",",0","0",",0","0",",0","2",",0","0",",0","27",",0","3",",0","","","","","-0.6",",0,25,","0",",,0,30,+","0",",,0,30,+","5.1",",,0,15,","32.8",",0,13,","","","93.6",",0","9.5",",,,0","0",",,,0","15.35",",0","26.01",",,,0","4.70",",,,0"
"USC00242112","1917-10","45.6","-107.45","923.5","CROW AGENCY, MT US","","","","","6",",0","5",",0","0",",0","0","5,0","0","5,0","","","","","","","","","","","","","","","","","0","5,,0,31,+","0","5,,0,31,+","20.3",",,0,28,","","","","","","","49.7",",,,0","0","5,,,0","","","","","",""
"USC00242112","1917-11","45.6","-107.45","923.5","CROW AGENCY, MT US","","","0.0",",0","0",",0","0",",0","0",",0","0",",0","0",",0","0",",0","28",",0","0",",0","2",",0","0",",0","","","","","-7.8",",0,14,+","0",",,0,30,+","0",",,0,30,+","0.0",",,0,30,+","22.2",",0,03,","","","367.0",",0","0.0",",,,0","0",",,,0","6.10",",0","15.59",",,,0","-3.39",",,,0"
"USC00242112","1917-12","45.6","-107.45","923.5","CROW AGENCY, MT US","","","0.0",",0","13",",0","4",",0","0",",0","","","3","1,0","13",",0","30",",0","14",",0","0",",0","0",",0","","","","","-24.4",",0,10,","","","102","1,,0,13,","9.1",",,0,13,","18.3",",0,01,","","","748.4",",0","37.0",",,,0","268","1,,,0","-5.81",",0","1.43",",,,0","-13.04",",,,0"
"USC00242112","1918-01","45.6","-107.45","923.5","CROW AGENCY, MT US","0.0","0","0.0",",0","8",",0","7",",0","0",",0","","","7",",0","18",",0","31",",0","18",",0","0",",0","0",",0","","","","","-37.8",",0,31,","","","203",",,0,25,","15.2",",,0,25,","15.0",",0,05,","","","857.6",",0","54.1",",,,0","584",",,,0","-9.33",",0","-2.01",",,,0","-16.65",",,,0"
"USC00242112","1918-02","45.6","-107.45","923.5","CROW AGENCY, MT US","0.0","0","0.0",",0","4",",0","1",",0","0",",0","","","1",",0","11",",0","28",",0","10",",0","0",",0","0",",0","","","","","-35.0",",0,20,","","","89",",,0,14,","12.7",",,0,14,","18.3",",0,07,","","","696.7",",0","14.5",",,,0","128",",,,0","-6.55",",0","1.88",",,,0","-14.98",",,,0"
"USC00242112","1918-03","45.6","-107.45","923.5","CROW AGENCY, MT US","0.0","0","0.0",",0","3",",0","0",",0","0",",0","","","2",",0","2",",0","29",",0","1",",0","4",",0","0",",0","","","","","-24.4",",0,06,","","","38",",,0,05,","1.3",",,0,05,","23.3",",0,30,","","","471.1",",0","2.6",",,,0","63",",,,0","3.14",",0","11.98",",,,0","-5.71",",,,0"
"USC00242112","1918-04","45.6","-107.45","923.5","CROW AGENCY, MT US","0.0","0","0.0","1,0","6",",0","5",",0","0",",0","","","2",",0","0",",0","23",",0","0","1,0","13","1,0","0","1,0","","","","","-5.0",",0,03,","","","89",",,0,19,","14.0",",,0,15,","28.3","1,0,13,","","","284.2","1,0","34.3",",,,0","153",",,,0","8.54","1,0","18.43","1,,,0","-1.35",",,,0"
"USC00242112","1918-05","45.6","-107.45","923.5","CROW AGENCY, MT US","0.0","0","0.0",",0","4",",0","4",",0","0",",0","","","1",",0","0",",0","2",",0","0",",0","25",",0","0",",0","","","","","-1.1",",0,02,","","","89",",,0,09,","7.6",",,0,19,","28.3",",0,16,","","","163.6",",0","21.6",",,,0","89",",,,0","13.05",",0","23.32",",,,0","2.79",",,,0"
"USC00242112","1918-06","45.6","-107.45","923.5","CROW AGENCY, MT US","152.8","0","152.8",",0","3",",0","3",",0","0",",0","","","0",",0","0",",0","0",",0","0",",0","30",",0","19",",0","","","","","0.6",",0,03,","","","0",",,0,30,+","20.3",",,0,23,","40.6",",0,14,","","","18.3",",0","39.4",",,,0","0",",,,0","22.82",",0","32.48",",,,0","13.15",",,,0"
"USC00242112","1918-07","45.6","-107.45","923.5","CROW AGENCY, MT US","","","","","5",",0","5",",0","0",",0","","","0",",0","","","","","0",",0","30",",0","15",",0","","","","","","","","","0",",,0,31,+","22.9",",,0,25,","40.0",",0,03,","","","","","60.2",",,,0","0",",,,0","","","31.79",",,,0","",""
"USC00242112","1918-08","45.6","-107.45","923.5","CROW AGENCY, MT US","","","69.7",",0","4",",0","3",",0","0",",0","","","0",",0","0",",0","0",",0","0",",0","31",",0","20",",0","","","","","2.8",",0,23,","","","0",",,0,31,+","12.7",",,0,03,","37.8",",0,05,+","","","17.6",",0","25.7",",,,0","0",",,,0","20.01",",0","32.13",",,,0","7.90",",,,0"
"USC00242112","1918-09","45.6","-107.45","923.5","CROW AGENCY, MT US","","","0.9",",0","6",",0","6",",0","0",",0","","","0",",0","0",",0","0",",0","0",",0","26",",0","0",",0","","","","","1.1",",0,05,","","","0",",,0,30,+","21.8",",,0,02,","31.7",",0,06,","","","106.9",",0","70.9",",,,0","0",",,,0","14.80",",0","25.47",",,,0","4.13",",,,0"
"USC00242112","1918-10","45.6","-107.45","923.5","CROW AGENCY, MT US","","","0.0",",0","2",",0","2",",0","0",",0","","","0",",0","0",",0","4",",0","0",",0","22",",0","0",",0","","","","","-2.2",",0,27,","","","0",",,0,31,+","7.6",",,0,29,","31.7",",0,06,","","","184.2",",0","14.0",",,,0","0",",,,0","12.39",",0","22.17",",,,0","2.61",",,,0"
"USC00242112","1918-11","45.6","-107.45","923.5","CROW AGENCY, MT US","","","0.0",",0","4",",0","4",",0","0",",0","","","3",",0","6",",0","27",",0","6",",0","0",",0","0",",0","","","","","-28.9",",0,24,","","","152",",,0,08,","20.3",",,0,08,","18.3",",0,01,","","","590.2",",0","57.2",",,,0","330",",,,0","-1.34",",0","6.08",",,,0","-8.76",",,,0"
"USC00242112","1918-12","45.6","-107.45","923.5","CROW AGENCY, MT US","","","0.0",",0","0",",0","0",",0","0",",0","","","0",",0","7",",0","30",",0","0",",0","0",",0","0",",0","","","","","-26.7",",0,31,","","","0",",,0,31,+","0.0",",,0,31,+","15.6",",0,04,","","","588.3",",0","0.0",",,,0","0",",,,0","-0.64",",0","7.60",",,,0","-8.89",",,,0"
"USC00242112","1919-01","45.6","-107.45","923.5","CROW AGENCY, MT US","0.0","0","0.0",",0","1",",0","1",",0","0",",0","","","1",",0","5",",0","31",",0","2",",0","0",",0","0",",0","","","","","-28.9",",0,02,","","","114",",,0,02,","9.1",",,0,02,","16.7",",0,25,","","","593.5",",0","9.1",",,,0","114",",,,0","-0.81",",0","9.14",",,,0","-10.76",",,,0"
"USC00242112","1919-02","45.6","-107.45","923.5","CROW AGENCY, MT US","0.0","0","0.0",",0","3",",0","0",",0","0",",0","","","1",",0","8",",0","28",",0","10",",0","0",",0","0",",0","","","","","-22.8",",0,24,","","","25",",,0,02,","1.5",",,0,02,","11.1",",0,17,","","","698.4",",0","2.3",",,,0","51",",,,0","-6.61",",0","1.18",",,,0","-14.40",",,,0"
"USC00242112","1919-03","45.6","-107.45","923.5","CROW AGENCY, MT US","0.0","0","0.0",",0","3",",0","3",",0","0",",0","","","3",",0","4",",0","30",",0","4",",0","0",",0","0",",0","","","","","-23.3",",0,01,","","","89",",,0,14,","6.4",",,0,01,","16.7",",0,11,","","","558.4",",0","14.0",",,,0","191",",,,0","0.32",",0","8.91",",,,0","-8.26",",,,0"
"USC00242112","1919-04","45.6","-107.45","923.5","CROW AGENCY, MT US","0.0","0","0.0",",0","0",",0","0",",0","0",",0","","","0",",0","0",",0","16",",0","0",",0","14",",0","0",",0","","","","","-7.8",",0,06,","","","0",",T,0,07,","0.0",",T,0,07,","27.8",",0,18,","","","278.6",",0","0.0",",T,,0","0",",T,,0","9.05",",0","19.26",",,,0","-1.17",",,,0"
"USC00242112","1919-05","45.6","-107.45","923.5","CROW AGENCY, MT US","38.6","0","38.6",",0","3",",0","3",",0","0",",0","","","0",",0","0",",0","3",",0","0",",0","26",",0","9",",0","","","","","-1.1",",0,08,","","","0",",,0,31,+","16.5",",,0,29,","38.3",",0,28,","","","125.4",",0","40.6",",,,0","0",",,,0","15.53",",0","26.04",",,,0","5.03",",,,0"
"USC00242112","1919-06","45.6","-107.45","923.5","CROW AGENCY, MT US","168.9","0","130.3",",0","2",",0","2",",0","0",",0","","","0",",0","0",",0","1",",0","0",",0","29",",0","19",",0","","","","","-2.2",",0,01,","","","0",",,0,30,+","10.2",",,0,08,","41.7",",0,27,","","","32.5",",0","18.3",",,,0","0",",,,0","21.60",",0","33.34",",,,0","9.85",",,,0"
"USC00242112","1919-07","45.6","-107.45","923.5","CROW AGENCY, MT US","312.8","0","143.9",",0","3",",0","3",",0","1",",0","","","0",",0","0",",0","0",",0","0",",0","31",",0","26",",0","","","","","6.1",",0,18,","","","0",",,0,31,+","31.8",",,0,03,","38.9",",0,24,","0.0","0","0.0",",0","40.1",",,,0","0",",,,0","22.98",",0","34.92",",,,0","11.03",",,,0"
"USC00242112","1919-08","45.6","-107.45","923.5","CROW AGENCY, MT US","378.8","0","66.0",",0","3",",0","1",",0","0",",0","","","0",",0","0",",0","0",",0","0",",0","31",",0","27",",0","","","","","2.8",",0,15,","","","0",",,0,31,+","6.6",",,0,01,","37.2",",0,29,","1.4","0","1.4",",0","8.6",",,,0","0",",,,0","20.42",",0","33.71",",,,0","7.13",",,,0"
"USC00242112","1919-09","45.6","-107.45","923.5","CROW AGENCY, MT US","392.4","0","13.6",",0","3",",0","3",",0","0",",0","","","0",",0","0",",0","4",",0","0",",0","30",",0","15",",0","","","","","-1.1",",0,30,+","","","0",",,0,30,+","12.7",",,0,21,","35.6",",0,11,+","66.4","0","65.0",",0","24.9",",,,0","0",",,,0","16.62",",0","29.89",",,,0","3.35",",,,0"
"USC00242112","1919-10","45.6","-107.45","923.5","CROW AGENCY, MT US","392.4","0","0.0","2,0","4",",0","4",",0","0",",0","","","3",",0","5",",0","28",",0","2","2,0","7","2,0","0","2,0","","","","","-24.4",",0,25,","","","305",",,0,29,","19.1",",,0,29,","27.8","2,0,02,","488.0","0","421.6","2,0","47.0",",,,0","826",",a,,0","3.70","2,0","13.32","2,,,0","-5.91",",,,0"
"USC00242112","1919-11","45.6","-107.45","923.5","CROW AGENCY, MT US","392.4","0","0.0","2,0","3",",0","3",",0","0",",0","","","3",",0","11","2,0","26","2,0","9",",0","0",",0","0",",0","","","","","-29.4","2,0,27,","","","178",",,0,08,","16.5",",,0,08,","10.0",",0,22,","1145.7","0","657.7",",0","29.2",",,,0","432",",a,,0","-4.98","2,0","2.99",",,,0","-12.95","2,,,0"
"USC00242112","1919-12","45.6","-107.45","923.5","CROW AGENCY, MT US","392.4","0","0.0","5,0","3",",0","3",",0","0",",0","","","3",",0","17","2,0","29","2,0","13","3,0","0","3,0","0","3,0","","","","","-41.1","2,0,09,","","","178",",,0,01,","9.1",",,0,01,","10.0","3,0,21,","1863.0","0","717.3","3,0","16.2",",,,0","305",",,,0","-9.38","5,0","-0.12","3,,,0","-18.64","2,,,0"
"USC00242112","1920-01","45.6","-107.45","923.5","CROW AGENCY, MT US","0.0","0","0.0",",0","4",",0","4",",0","0",",0","","","4",",0","12",",0","31",",0","10",",0","0",",0","0",",0","","","","","-30.6",",0,26,+","","","127",",,0,18,","11.4",",,0,18,","8.9",",0,15,","2667.7","0","804.7",",0","29.2",",,,0","305",",,,0","-7.62",",0","0.56",",,,0","-15.81",",,,0"
"USC00242112","1920-02","45.6","-107.45","923.5","CROW AGENCY, MT US","0.0","0","0.0",",0","5",",0","5",",0","0",",0","","","5",",0","3",",0","28",",0","6",",0","0",",0","0",",0","","","","","-23.3",",0,29,","","","203",",,0,20,","20.3",",,0,15,","10.0",",0,17,","3309.2","0","641.5",",0","57.4",",,,0","354",",,,0","-3.79",",0","2.90",",,,0","-10.48",",,,0"
"USC00242112","1920-03","45.6","-107.45","923.5","CROW AGENCY, MT US","0.0","0","0.0","4,0","4",",0","3",",0","0",",0","","","4",",0","4","2,0","27","2,0","4","2,0","0","2,0","0","2,0","","","","","-35.0","2,0,06,","","","127",",,0,03,","8.9",",,0,03,","17.8","2,0,30,","3830.8","0","521.6","2,0","24.1",",,,0","330",",,,0","-1.11","4,0","6.27","2,,,0","-8.49","2,,,0"
"USC00242112","1920-04","45.6","-107.45","923.5","CROW AGENCY, MT US","0.0","0","0.0","1,0","7",",0","7",",0","0",",0","","","1",",0","0",",0","22",",0","1","1,0","0","1,0","0","1,0","","","","","-9.4",",0,19,","","","51",",,0,05,","15.2",",,0,28,+","17.2","1,0,15,","4281.3","0","450.5","1,0","59.6",",,,0","51",",,,0","2.73","1,0","8.84","1,,,0","-3.38",",,,0"
"USC00242112","1920-05","45.6","-107.45","923.5","CROW AGENCY, MT US","7.6","0","7.6","3,0","5",",0","5",",0","0",",0","","","0",",0","0","1,0","1","1,0","0","2,0","20","2,0","0","2,0","","","","","-0.6","1,0,01,","","","0",",,0,31,+","21.6",",,0,11,","30.0","2,0,23,","4417.1","0","135.8","2,0","67.6",",,,0","0",",,,0","13.72","3,0","22.37","2,,,0","5.07","1,,,0"
"USC00242112","1920-06","45.6","-107.45","923.5","CROW AGENCY, MT US","","","","","6",",0","6",",0","2",",0","","","0",",0","","","","","0",",0","24",",0","19",",0","","","","","","","","","0",",,0,30,+","26.7",",,0,27,","37.2",",0,30,+","","","","","103.7",",,,0","0",",,,0","","","29.65",",,,0","",""
"USC00242112","1920-07","45.6","-107.45","923.5","CROW AGENCY, MT US","","","233.2","1,0","3",",0","3",",0","0",",0","","","0",",0","0",",0","0",",0","0","1,0","30","1,0","22","1,0","","","","","11.7",",0,25,","","","0",",,0,31,+","17.8",",,0,04,","40.0","1,0,19,","0.0","0","0.0","1,0","39.4",",,,0","0",",,,0","26.13","1,0","32.96","1,,,0","19.30",",,,0"
"USC00242112","1920-08","45.6","-107.45","923.5","CROW AGENCY, MT US","","","119.7","1,0","0",",0","0",",0","0",",0","","","0",",0","0","1,0","0","1,0","0",",0","31",",0","20",",0","","","","","2.2","1,0,30,","","","0",",,0,31,+","0.0",",,0,31,+","38.3",",0,25,","26.6","0","26.6",",0","0.0",",,,0","0",",,,0","21.44","1,0","31.56",",,,0","11.31","1,,,0"
"USC00242112","1920-09","45.6","-107.45","923.5","CROW AGENCY, MT US","","","14.4","2,0","0","1,0","0","1,0","0","1,0","","","0","1,0","0","2,0","4","2,0","0","1,0","25","1,0","5","1,0","","","","","-2.8","2,0,30,+","","","0","1,,0,30,+","0.0","1,,0,30,+","33.9","1,0,17,","103.7","0","77.1","1,0","0.0","1,,,0","0","1,,,0","16.08","2,0","27.62","1,,,0","4.53","2,,,0"
"USC00242112","1920-10","45.6","-107.45","923.5","CROW AGENCY, MT US","","","0.0",",0","1",",0","1",",0","0",",0","","","1",",0","0",",0","20",",0","0",",0","12",",0","0",",0","","","","","-7.8",",0,26,","","","25",",,0,31,","7.6",",,0,31,","31.1",",0,07,","387.6","0","283.9",",0","7.6",",,,0","25",",,,0","9.18",",0","19.66",",,,0","-1.31",",,,0"
"USC00242112","1920-11","45.6","-107.45","923.5","CROW AGENCY, MT US","","","0.0",",0","1",",0","1",",0","0",",0","","","1",",0","4",",0","30",",0","5",",0","0",",0","0",",0","","","","","-23.3",",0,12,","","","51",",,0,08,","6.4",",,0,08,","17.8",",0,20,","957.6","0","570.0",",0","6.4",",,,0","51",",,,0","-0.67",",0","8.24",",,,0","-9.57",",,,0"
"USC00242112","1920-12","45.6","-107.45","923.5","CROW AGENCY, MT US","","","0.0",",0","4",",0","4",",0","0",",0","","","4",",0","7",",0","31",",0","8",",0","0",",0","0",",0","","","","","-28.9",",0,21,","","","51",",,0,26,+","5.6",",,0,20,","10.0",",0,03,","1652.0","0","694.4",",0","18.1",",,,0","191",",,,0","-4.07",",0","4.19",",,,0","-12.33",",,,0"
"USC00242112","1921-01","45.6","-107.45","923.5","CROW AGENCY, MT US","0.0","0","0.0",",0","2",",0","2",",0","0",",0","","","2",",0","4",",0","30",",0","1",",0","0",",0","0",",0","","","","","-25.0",",0,07,","","","102",",,0,06,","12.7",",,0,06,","16.1",",0,27,","2238.2","0","586.2",",0","15.2",",,,0","127",",,,0","-0.58",",0","8.67",",,,0","-9.82",",,,0"
"USC00242112","1921-02","45.6","-107.45","923.5","CROW AGENCY, MT US","0.0","0","0.0",",0","2",",0","2",",0","0",",0","","","2",",0","4",",0","24",",0","4",",0","0",",0","0",",0","","","","","-26.1",",0,18,","","","152",",,0,15,","18.0",",,0,15,","20.0",",0,13,","2718.2","0","480.0",",0","23.6",",,,0","203",",,,0","1.19",",0","9.64",",,,0","-7.26",",,,0"
"USC00242112","1921-03","45.6","-107.45","923.5","CROW AGENCY, MT US","0.0","0","0.0","1,0","5",",0","5",",0","0",",0","","","5",",0","1","1,0","22","1,0","2",",0","3",",0","0",",0","","","","","-23.3","1,0,13,","","","102",",,0,05,","12.7",",,0,05,","23.9",",0,03,","3141.1","0","422.9",",0","37.4",",,,0","317",",,,0","4.28","1,0","12.60",",,,0","-4.05","1,,,0"
"USC00242112","1921-04","45.6","-107.45","923.5","CROW AGENCY, MT US","0.0","0","0.0","1,0","3",",0","3",",0","1",",0","","","1",",0","0","1,0","22","1,0","0",",0","1",",0","0",",0","","","","","-9.4","1,0,07,","","","152",",,0,06,","25.4",",,0,08,","21.1",",0,14,","3493.9","0","352.8",",0","45.2",",,,0","155",",,,0","6.28","1,0","14.70",",,,0","-2.14","1,,,0"
"USC00242112","1921-05","45.6","-107.45","923.5","CROW AGENCY, MT US","0.0","0","0.0",",0","6",",0","6",",0","3",",0","","","0",",0","0",",0","7",",0","0",",0","1",",0","0",",0","","","","","-3.9",",0,02,","","","0",",,0,31,+","50.8",",,0,09,","21.1",",0,11,","3756.3","0","262.4",",0","148.8",",,,0","0",",,,0","9.87",",0","15.72",",,,0","4.02",",,,0"
"USC00242112","1921-06","45.6","-107.45","923.5","CROW AGENCY, MT US","109.3","0","109.3",",0","3",",0","3",",0","1",",0","","","0",",0","0",",0","0",",0","0",",0","30",",0","17",",0","","","","","6.1",",0,03,","","","0",",,0,30,+","25.4",",,0,23,","37.2",",0,28,+","3762.4","0","6.1",",0","40.2",",,,0","0",",,,0","21.77",",0","31.80",",,,0","11.75",",,,0"
"USC00242112","1921-07","45.6","-107.45","923.5","CROW AGENCY, MT US","276.1","0","166.8","1,0","2","1,0","2","1,0","0","1,0","","","0","1,0","0",",0","0",",0","0","1,0","28","1,0","23","1,0","","","","","5.0",",0,03,","","","0","1,,0,31,+","14.0","1,,0,02,","41.7","1,0,20,","14.7","0","14.7","1,0","19.8","1,,,0","0","1,,,0","23.41","1,0","33.92","1,,,0","12.90",",,,0"
"USC00242112","1921-08","45.6","-107.45","923.5","CROW AGENCY, MT US","393.2","0","117.1",",0","0",",0","0",",0","0",",0","","","0",",0","0",",0","0",",0","0",",0","31",",0","26",",0","","","","","6.7",",0,26,+","","","0",",,0,31,+","0.0",",,0,31,+","36.1",",0,31,","14.7","0","0.0",",0","0.0",",,,0","0",",,,0","22.11",",0","33.18",",,,0","11.04",",,,0"
"USC00242112","1921-09","45.6","-107.45","923.5","CROW AGENCY, MT US","412.1","0","18.9","1,0","0",",0","0",",0","0",",0","","","0",",0","0",",0","4",",0","0","1,0","29","1,0","2","1,0","","","","","-1.7",",0,18,+","","","0",",,0,30,+","0.0",",,0,30,+","32.8","1,0,03,","117.0","0","102.3","1,0","0.0",",,,0","0",",,,0","15.35","1,0","26.21","1,,,0","4.49",",,,0"
"USC00242112","1921-10","45.6","-107.45","923.5","CROW AGENCY, MT US","412.1","0","0.0",",0","1",",0","1",",0","0",",0","","","0",",0","0",",0","7",",0","0",",0","29",",0","0",",0","","","","","-3.3",",0,24,","","","0",",T,0,27,","7.6",",,0,27,","26.7",",0,03,","302.2","0","185.2",",0","7.6",",,,0","0",",T,,0","12.36",",0","22.91",",,,0","1.81",",,,0"
"USC00242112","1921-11","45.6","-107.45","923.5","CROW AGENCY, MT US","412.1","0","0.0",",0","4",",0","3",",0","0",",0","","","4",",0","5",",0","28",",0","6",",0","3",",0","0",",0","","","","","-28.9",",0,19,","","","178",",,0,22,","15.2",",,0,22,","22.8",",0,05,","850.5","0","548.3",",0","31.7",",,,0","356",",,,0","0.06",",0","7.48",",,,0","-7.37",",,,0"
"USC00242112","1921-12","45.6","-107.45","923.5","CROW AGENCY, MT US","412.1","0","0.0",",0","1",",0","1",",0","0",",0","","","1",",0","9",",0","24",",0","12",",0","0",",0","0",",0","","","","","-23.3",",0,20,","","","25",",,0,15,","3.0",",,0,15,","11.7",",0,04,","1520.4","0","669.9",",0","3.0",",,,0","25",",,,0","-3.28",",0","2.06",",,,0","-8.62",",,,0"
"USC00242112","1922-01","45.6","-107.45","923.5","CROW AGENCY, MT US","0.0","0","0.0",",0","5",",0","4",",0","0",",0","","","4",",0","19",",0","31",",0","21",",0","0",",0","0",",0","","","","","-36.7",",0,30,","","","152",",,0,02,","17.8",",,0,02,","7.8",",0,02,","2429.6","0","909.2",",0","36.6",",,,0","343",",,,0","-11.00",",0","-3.83",",,,0","-18.16",",,,0"
"USC00242112","1922-02","45.6","-107.45","923.5","CROW AGENCY, MT US","0.0","0","0.0",",0","2",",0","2",",0","0",",0","","","1",",0","20",",0","28",",0","17",",0","0",",0","0",",0","","","","","-35.6",",0,28,+","","","25",",,0,11,","15.2",",,0,23,","9.4",",0,17,","3295.9","0","866.3",",0","18.2",",,,0","43",",,,0","-12.61",",0","-3.05",",,,0","-22.16",",,,0"
"USC00242112","1922-03","45.6","-107.45","923.5","CROW AGENCY, MT US","0.0","0","0.0","1,0","2",",0","2",",0","0",",0","","","2",",0","5","1,0","22","1,0","1",",0","0",",0","0",",0","","","","","-31.7","1,0,01,","","","102",",,0,26,","12.7",",,0,26,","12.2",",0,31,","3850.4","0","554.5",",0","17.8",",,,0","153",",,,0","-0.21","1,0","6.67",",,,0","-7.08","1,,,0"
"USC00242112","1922-04","45.6","-107.45","923.5","CROW AGENCY, MT US","","","","","5",",0","5",",0","0",",0","","","3",",0","","","","","0","1,0","7","1,0","0","1,0","","","","","","","","","127",",,0,11,","15.2",",,0,11,","26.7","1,0,22,","","","","","45.7",",,,0","254",",,,0","","","16.11","1,,,0","",""
"USC00242112","1922-05","45.6","-107.45","923.5","CROW AGENCY, MT US","","","3.0","1,0","3",",0","3",",0","0",",0","","","0",",0","0",",0","0",",0","0","1,0","12","1,0","3","1,0","","","","","0.6",",0,31,","","","0",",,0,31,+","16.5",",,0,11,","33.9","1,0,25,","","","212.8","1,0","39.3",",,,0","0",",,,0","11.31","1,0","18.45","1,,,0","4.16",",,,0"
"USC00242112","1922-06","45.6","-107.45","923.5","CROW AGENCY, MT US","","","76.7",",0","5",",0","5",",0","1",",0","","","0",",0","0",",0","0",",0","0",",0","30",",0","10",",0","","","","","3.9",",0,03,","","","0",",,0,30,+","76.2",",,0,15,","38.3",",0,20,","","","14.0",",0","104.2",",,,0","0",",,,0","20.42",",0","30.37",",,,0","10.47",",,,0"
"USC00242112","1922-07","45.6","-107.45","923.5","CROW AGENCY, MT US","","","100.8","1,0","3",",0","3",",0","0",",0","","","0",",0","0","1,0","0","1,0","0",",0","30",",0","21",",0","","","","","5.6","1,0,17,","","","0",",,0,31,+","15.2",",,0,06,","37.8",",0,19,","9.4","0","9.4",",0","40.6",",,,0","0",",,,0","21.38","1,0","32.07",",,,0","10.69","1,,,0"
"USC00242112","1922-08","45.6","-107.45","923.5","CROW AGENCY, MT US","","","132.1",",0","0",",0","0",",0","0",",0","","","0",",0","0",",0","0",",0","0",",0","31",",0","31",",0","","","","","6.1",",0,31,+","","","0",",,0,31,+","0.0",",,0,31,+","38.3",",0,23,+","9.4","0","0.0",",0","0.0",",,,0","0",",,,0","22.59",",0","35.47",",,,0","9.72",",,,0"
"USC00242112","1922-09","45.6","-107.45","923.5","CROW AGENCY, MT US","","","6.5",",0","0",",0","0",",0","0",",0","","","0",",0","0",",0","1",",0","0",",0","30",",0","11",",0","","","","","-2.2",",0,29,","","","0",",,0,30,+","0.0",",,0,30,+","33.9",",0,08,","47.9","0","38.5",",0","0.0",",,,0","0",",,,0","17.26",",0","30.73",",,,0","3.79",",,,0"
"USC00242112","1922-10","45.6","-107.45","923.5","CROW AGENCY, MT US","","","0.0",",0","1",",0","1",",0","0",",0","","","1",",0","0",",0","17",",0","0",",0","24",",0","0",",0","","","","","-6.7",",0,30,","","","102",",,0,30,","22.9",",,0,30,","28.3",",0,12,","264.6","0","216.7",",0","22.9",",,,0","102",",,,0","11.34",",0","23.02",",,,0","-0.34",",,,0"
"USC00242112","1922-11","45.6","-107.45","923.5","CROW AGENCY, MT US","","","0.0","3,0","3",",0","3",",0","0",",0","","","1",",0","1",",0","28",",0","1","3,0","1","3,0","0","3,0","","","","","-17.8",",0,13,","","","152",",,0,11,","20.3",",,0,11,+","21.7","3,0,01,","681.1","0","416.5","3,0","43.1",",,,0","165",",,,0","3.03","3,0","11.07","3,,,0","-5.01",",,,0"
"USC00242112","1922-12","45.6","-107.45","923.5","CROW AGENCY, MT US","","","0.0",",0","5",",0","3",",0","0",",0","","","4","1,0","15",",0","31",",0","11",",0","0",",0","0",",0","","","","","-35.6",",0,17,","","","152","1,,0,30,","18.8",",,0,30,","10.0",",0,26,+","1519.6","0","838.5",",0","36.6",",,,0","266","1,,,0","-8.71",",0","0.10",",,,0","-17.53",",,,0"
"USC00242112","1923-01","45.6","-107.45","923.5","CROW AGENCY, MT US","0.0","0","0.0","1,0","1",",0","0",",0","0",",0","","","1",",0","3",",0","31",",0","4","1,0","0","1,0","0","1,0","","","","","-28.3",",0,30,","","","25",",,0,29,","2.3",",,0,29,","14.4","1,0,13,+","2075.2","0","555.6","1,0","2.3",",,,0","25",",,,0","-0.30","1,0","7.49","1,,,0","-8.10",",,,0"
"USC00242112","1923-02","45.6","-107.45","923.5","CROW AGENCY, MT US","0.0","0","0.0",",0","2",",0","2",",0","0",",0","","","2",",0","10",",0","28",",0","11",",0","0",",0","0",",0","","","","","-30.0",",0,14,+","","","102",",,0,07,","8.9",",,0,07,","14.4",",0,28,","2781.3","0","706.1",",0","16.0",",,,0","178",",,,0","-6.89",",0","1.45",",,,0","-15.22",",,,0"
"USC00242112","1923-03","45.6","-107.45","923.5","CROW AGENCY, MT US","0.0","0","0.0",",0","5",",0","3",",0","0",",0","","","4",",0","2",",0","29",",0","0",",0","0",",0","0",",0","","","","","-22.2",",0,18,+","","","38",",,0,25,+","5.8",",,0,25,","17.8",",0,28,","3314.0","0","532.7",",0","17.5",",,,0","139",",,,0","1.15",",0","8.76",",,,0","-6.46",",,,0"
"USC00242112","1923-04","45.6","-107.45","923.5","CROW AGENCY, MT US","0.0","0","0.0",",0","7",",0","7",",0","0",",0","","","2",",0","0",",0","7",",0","0",",0","1",",0","0",",0","","","","","-12.2",",0,07,","","","38",",,0,06,+","13.7",",,0,23,","21.7",",0,29,","3664.6","0","350.6",",0","47.6",",,,0","76",",,,0","6.65",",0","12.53",",,,0","0.76",",,,0"
"USC00242112","1923-05","45.6","-107.45","923.5","CROW AGENCY, MT US","0.0","0","0.0",",0","6",",0","5",",0","1",",0","","","0",",0","0",",0","2",",0","0",",0","12",",0","0",",0","","","","","-1.1",",0,03,","","","0",",,0,31,+","38.1",",,0,31,","27.8",",0,30,","3867.4","0","202.8",",0","66.0",",,,0","0",",,,0","11.79",",0","19.67",",,,0","3.91",",,,0"
"USC00242112","1923-06","45.6","-107.45","923.5","CROW AGENCY, MT US","34.9","0","34.9","2,0","6",",0","6",",0","0",",0","","","0",",0","0","2,0","0","2,0","0",",0","29",",0","5",",0","","","","","4.4","2,0,17,","","","0",",,0,30,+","23.1",",,0,17,","35.6",",0,28,","3885.8","0","18.4",",0","75.1",",,,0","0",",,,0","18.92","2,0","28.19",",,,0","9.64","2,,,0"
"USC00242112","1923-07","45.6","-107.45","923.5","CROW AGENCY, MT US","237.2","0","202.3",",0","6",",0","6",",0","1",",0","","","0",",0","0",",0","0",",0","0",",0","31",",0","25",",0","","","","","10.0",",0,04,+","","","0",",,0,31,+","58.4",",,0,23,","40.0",",0,10,","0.0","0","0.0",",0","94.8",",,,0","0",",,,0","24.86",",0","34.16",",,,0","15.55",",,,0"
"USC00242112","1923-08","45.6","-107.45","923.5","CROW AGENCY, MT US","292.8","0","55.6","1,0","2",",0","1",",0","0",",0","","","0",",0","0",",0","0",",0","0","1,0","30","1,0","8","1,0","","","","","5.0",",0,05,","","","0",",,0,31,+","17.8",",,0,20,","35.6","1,0,12,","12.1","0","12.1","1,0","19.3",",,,0","0",",,,0","19.72","1,0","28.38","1,,,0","11.05",",,,0"
"USC00242112","1923-09","45.6","-107.45","923.5","CROW AGENCY, MT US","304.9","0","12.1",",0","7",",0","7",",0","2",",0","","","0",",0","0",",0","0",",0","0",",0","26",",0","2",",0","","","","","0.6",",0,18,","","","0",",,0,30,+","53.3",",,0,28,","34.4",",0,04,","124.1","0","112.0",",0","155.3",",,,0","0",",,,0","15.01",",0","24.74",",,,0","5.27",",,,0"
"USC00242112","1923-10","45.6","-107.45","923.5","CROW AGENCY, MT US","304.9","0","0.0",",0","3",",0","3",",0","0",",0","","","1",",0","0",",0","14",",0","0",",0","6",",0","0",",0","","","","","-10.6",",0,29,","","","102",",,0,24,","22.9",",,0,11,","23.3",",0,20,","453.3","0","329.2",",0","55.9",",,,0","102",",,,0","7.71",",0","14.84",",,,0","0.59",",,,0"
"USC00242112","1923-11","45.6","-107.45","923.5","CROW AGENCY, MT US","304.9","0","0.0",",0","2",",0","2",",0","0",",0","","","0",",0","0",",0","27",",0","0",",0","0",",0","0",",0","","","","","-10.6",",0,04,","","","13",",,0,30,","3.8",",,0,20,","17.8",",0,29,","883.2","0","429.9",",0","6.8",",,,0","13",",,,0","4.00",",0","11.92",",,,0","-3.92",",,,0"
"USC00242112","1923-12","45.6","-107.45","923.5","CROW AGENCY, MT US","304.9","0","0.0",",0","2",",0","2",",0","0",",0","","","2",",0","4",",0","31",",0","2",",0","0",",0","0",",0","","","","","-37.8",",0,31,","","","102",",,0,28,","11.4",",,0,28,","18.9",",0,05,","1540.7","0","657.5",",0","17.0",",,,0","153",",,,0","-2.88",",0","6.27",",,,0","-12.02",",,,0"
"USC00242112","1924-01","45.6","-107.45","923.5","CROW AGENCY, MT US","0.0","0","0.0","1,0","3",",0","3",",0","0",",0","","","3","1,0","15","1,0","30","1,0","16",",0","0",",0","0",",0","","","","","-36.1","1,0,01,","","","76","1,,0,18,","7.1",",,0,18,","10.6",",0,31,","2392.3","0","851.6",",0","18.5",",,,0","178","1,,,0","-10.06","1,0","-1.86",",,,0","-18.26","1,,,0"
"USC00242112","1924-02","45.6","-107.45","923.5","CROW AGENCY, MT US","0.0","0","0.0",",0","4",",0","4",",0","0",",0","","","3",",0","2",",0","28",",0","2",",0","0",",0","0",",0","","","","","-22.2",",0,20,","","","76",",,0,23,","10.2",",,0,23,","11.7",",0,12,","2946.0","0","553.7",",0","26.7",",,,0","126",",,,0","-0.76",",0","5.38",",,,0","-6.90",",,,0"
"USC00242112","1924-03","45.6","-107.45","923.5","CROW AGENCY, MT US","0.0","0","0.0",",0","7",",0","5",",0","2",",0","","","5",",0","1",",0","31",",0","1",",0","0",",0","0",",0","","","","","-17.8",",0,08,","","","457",",,0,29,","25.4",",,0,29,+","10.0",",0,01,","3540.8","0","594.8",",0","86.7",",,,0","864",",,,0","-0.85",",0","4.84",",,,0","-6.55",",,,0"
"USC00242112","1924-04","45.6","-107.45","923.5","CROW AGENCY, MT US","0.0","0","0.0",",0","2",",0","2",",0","0",",0","","","1",",0","0",",0","5",",0","0",",0","6",",0","0",",0","","","","","-6.7",",0,01,","","","102",",,0,15,","13.7",",,0,15,","23.9",",0,21,","3819.6","0","278.8",",0","16.2",",,,0","102",",,,0","9.04",",0","15.97",",,,0","2.11",",,,0"
"USC00242112","1924-05","45.6","-107.45","923.5","CROW AGENCY, MT US","0.0","0","0.0",",0","4",",0","4",",0","1",",0","","","0",",0","0",",0","1",",0","0",",0","16",",0","0",",0","","","","","-0.6",",0,18,","","","0",",,0,31,+","25.4",",,0,28,","24.4",",0,11,","4011.6","0","192.0",",0","49.5",",,,0","0",",,,0","12.14",",0","21.02",",,,0","3.26",",,,0"
"USC00242112","1924-06","45.6","-107.45","923.5","CROW AGENCY, MT US","44.5","0","44.5","1,0","6",",0","6",",0","0",",0","","","0",",0","0","1,0","0","1,0","0",",0","28",",0","0",",0","","","","","1.1","1,0,08,","","","0",",,0,30,+","20.3",",,0,04,","31.7",",0,16,","4068.5","0","56.9",",0","80.9",",,,0","0",",,,0","17.99","1,0","26.17",",,,0","9.81","1,,,0"
"USC00242112","1924-07","45.6","-107.45","923.5","CROW AGENCY, MT US","136.2","0","91.7",",0","6",",0","6",",0","0",",0","","","0",",0","0",",0","0",",0","0",",0","31",",0","17",",0","","","","","6.1",",0,24,","","","0",",,0,31,+","15.2",",,0,17,","38.3",",0,15,","14.7","0","14.7",",0","57.1",",,,0","0",",,,0","20.82",",0","30.88",",,,0","10.75",",,,0"
"USC00242112","1924-08","45.6","-107.45","923.5","CROW AGENCY, MT US","185.9","0","49.7",",0","0",",0","0",",0","0",",0","","","0",",0","0",",0","0",",0","0",",0","31",",0","9",",0","","","","","1.7",",0,31,","","","0",",,0,31,+","0.0",",,0,31,+","36.1",",0,28,","23.2","0","8.5",",0","0.0",",,,0","0",",,,0","19.66",",0","30.23",",,,0","9.09",",,,0"
"USC00242112","1924-09","45.6","-107.45","923.5","CROW AGENCY, MT US","187.6","0","1.7",",0","1",",0","1",",0","0",",0","","","0",",0","0",",0","9",",0","0",",0","27",",0","4",",0","","","","","-2.8",",0,27,+","","","0",",,0,30,+","13.2",",,0,10,","33.3",",0,03,","152.7","0","129.5",",0","13.2",",,,0","0",",,,0","14.07",",0","26.32",",,,0","1.83",",,,0"
"USC00242112","1924-10","45.6","-107.45","923.5","CROW AGENCY, MT US","187.6","0","0.0",",0","5",",0","5",",0","0",",0","","","0",",0","0",",0","19",",0","0",",0","27",",0","0",",0","","","","","-3.9",",0,30,","","","0",",,0,31,+","20.3",",,0,10,","26.1",",0,26,","363.2","0","210.5",",0","49.5",",,,0","0",",,,0","11.54",",0","22.96",",,,0","0.12",",,,0"
"USC00242112","1924-11","45.6","-107.45","923.5","CROW AGENCY, MT US","187.6","0","0.0",",0","0",",0","0",",0","0",",0","","","0",",0","1",",0","28",",0","0",",0","0",",0","0",",0","","","","","-20.6",",0,13,","","","0",",,0,30,+","0.0",",,0,30,+","16.7",",0,01,","849.7","0","486.5",",0","0.0",",,,0","0",",,,0","2.12",",0","10.11",",,,0","-5.88",",,,0"
"USC00242112","1924-12","45.6","-107.45","923.5","CROW AGENCY, MT US","187.6","0","0.0","1,0","8",",0","7",",0","0",",0","","","6",",0","16",",0","28",",0","19","1,0","0","1,0","0","1,0","","","","","-41.7",",0,18,","","","102",",,0,17,","11.4",",,0,17,","20.6","1,0,13,","1689.1","0","839.4","1,0","39.3",",,,0","305",",,,0","-9.74","1,0","-2.99","1,,,0","-16.48",",,,0"
"USC00242112","1925-01","45.6","-107.45","923.5","CROW AGENCY, MT US","0.0","0","0.0",",0","4",",0","3",",0","0",",0","","","3",",0","7",",0","31",",0","10",",0","0",",0","0",",0","","","","","-28.9",",0,15,","","","102",",,0,05,","12.7",",,0,05,","11.7",",0,31,","2418.0","0","728.9",",0","19.8",",,,0","178",",,,0","-5.18",",0","2.70",",,,0","-13.06",",,,0"
"USC00242112","1925-02","45.6","-107.45","923.5","CROW AGENCY, MT US","0.0","0","0.0",",0","4",",0","4",",0","0",",0","","","3",",0","2",",0","27",",0","1",",0","0",",0","0",",0","","","","","-20.6",",0,16,","","","191",",,0,16,","18.5",",,0,16,","14.4",",0,18,+","2894.2","0","476.2",",0","40.1",",,,0","318",",,,0","1.33",",0","9.08",",,,0","-6.43",",,,0"
"USC00242112","1925-03","45.6","-107.45","923.5","CROW AGENCY, MT US","0.0","0","0.0","1,0","5",",0","4",",0","0",",0","","","4",",0","3","1,0","17","1,0","2",",0","0",",0","0",",0","","","","","-22.2","1,0,14,","","","178",",,0,09,","20.3",",,0,09,","20.0",",0,28,","3353.0","0","458.8",",0","40.2",",,,0","381",",,,0","3.03","1,0","9.15",",,,0","-3.09","1,,,0"
"USC00242112","1925-04","45.6","-107.45","923.5","CROW AGENCY, MT US","0.0","0","0.0",",0","2",",0","2",",0","0",",0","","","0",",0","0",",0","5",",0","0",",0","7",",0","0",",0","","","","","-5.0",",0,29,","","","0",",,0,30,+","19.1",",,0,08,","23.9",",0,30,+","3570.7","0","217.7",",0","21.6",",,,0","0",",,,0","11.08",",0","18.75",",,,0","3.40",",,,0"
"USC00242112","1925-05","45.6","-107.45","923.5","CROW AGENCY, MT US","15.3","0","15.3","4,0","2",",0","2",",0","0",",0","","","0",",0","0",",0","6",",0","0","4,0","10","4,0","4","4,0","","","","","-3.9",",0,19,","","","0",",,0,31,+","23.4",",,0,31,","34.4","4,0,28,","3738.1","0","167.4","4,0","43.7",",,,0","0",",,,0","12.42","4,0","20.28","4,,,0","4.56",",,,0"
"USC00242112","1925-06","45.6","-107.45","923.5","CROW AGENCY, MT US","77.4","0","62.1",",0","5",",0","5",",0","0",",0","","","0",",0","0",",0","0",",0","0",",0","27",",0","13",",0","","","","","5.0",",0,16,+","","","0",",,0,30,+","10.2",",,0,14,+","37.8",",0,29,","3782.1","0","44.0",",0","37.2",",,,0","0",",,,0","18.94",",0","29.24",",,,0","8.64",",,,0"
"USC00242112","1925-07","45.6","-107.45","923.5","CROW AGENCY, MT US","197.5","0","120.1","1,0","1",",0","1",",0","0",",0","","","0",",0","0",",0","0",",0","0","1,0","30","1,0","20","1,0","","","","","5.6",",0,27,","","","0",",,0,31,+","5.1",",,0,17,","40.0","1,0,14,","5.5","0","5.5","1,0","5.1",",,,0","0",",,,0","22.08","1,0","32.68","1,,,0","11.49",",,,0"
"USC00242112","1925-08","45.6","-107.45","923.5","CROW AGENCY, MT US","230.1","0","32.6",",0","0",",0","0",",0","0",",0","","","0",",0","0",",0","0",",0","0",",0","31",",0","15",",0","","","","","1.7",",0,28,+","","","0",",,0,31,+","0.0",",,0,31,+","37.2",",0,22,","26.9","0","21.4",",0","0.0",",,,0","0",",,,0","18.70",",0","31.79",",,,0","5.60",",,,0"
"USC00242112","1925-09","45.6","-107.45","923.5","CROW AGENCY, MT US","","","","","5",",0","5",",0","0",",0","","","0",",0","","","","","","","","","","","","","","","","","","","0",",,0,30,+","12.7",",,0,07,","","","","","","","38.1",",,,0","0",",,,0","","","","","",""
"USC00242112","1925-10","45.6","-107.45","923.5","CROW AGENCY, MT US","","","0.0","1,0","6",",0","6",",0","0",",0","","","2",",0","0","1,0","21","1,0","2","1,0","1","1,0","0","1,0","","","","","-15.6","1,0,30,","","","229",",,0,27,","21.1",",,0,27,","22.2","1,0,21,","","","447.2","1,0","62.1",",,,0","267",",,,0","3.43","1,0","9.64","1,,,0","-2.79","1,,,0"
"USC00242112","1925-11","45.6","-107.45","923.5","CROW AGENCY, MT US","","","0.0",",0","5",",0","5",",0","0",",0","","","1",",0","0",",0","30",",0","1",",0","0",",0","0",",0","","","","","-12.2",",0,06,","","","38",",,0,04,","15.2",",,0,21,","14.4",",0,23,","","","520.6",",0","34.2",",,,0","51",",,,0","0.98",",0","8.72",",,,0","-6.76",",,,0"
"USC00242112","1925-12","45.6","-107.45","923.5","CROW AGENCY, MT US","","","0.0",",0","5",",0","5",",0","0",",0","","","4",",0","5",",0","28",",0","4",",0","0",",0","0",",0","","","","","-27.8",",0,27,","","","229",",,0,20,","22.1",",,0,20,","15.0",",0,17,","","","552.4",",0","42.1",",,,0","356",",,,0","0.51",",0","7.32",",,,0","-6.30",",,,0"
"USC00242112","1926-01","45.6","-107.45","923.5","CROW AGENCY, MT US","0.0","0","0.0",",0","5",",0","3",",0","0",",0","","","1",",0","5",",0","30",",0","4",",0","0",",0","0",",0","","","","","-20.0",",0,20,","","","102",",,0,18,","15.2",",,0,18,","8.9",",0,14,","","","648.0",",0","33.2",",,,0","147",",,,0","-2.57",",0","3.44",",,,0","-8.58",",,,0"
"USC00242112","1926-02","45.6","-107.45","923.5","CROW AGENCY, MT US","","","","","3",",0","3",",0","0",",0","","","1",",0","","","","","","","","","","","","","","","","","","","76",",,0,15,","9.4",",,0,15,","","","","","","","20.8",",,,0","76",",,,0","","","","","",""
"USC00242112","1926-03","45.6","-107.45","923.5","CROW AGENCY, MT US","","","0.0","3,0","4",",0","2",",0","0",",0","","","0",",0","1","2,0","28","2,0","2","3,0","1","3,0","0","3,0","","","","","-17.8","2,0,28,","","","0",",,0,31,+","6.4",",,0,05,","21.1","3,0,16,","","","441.7","3,0","11.9",",,,0","0",",,,0","2.57","3,0","10.99","3,,,0","-5.84","2,,,0"
"USC00242112","1926-04","45.6","-107.45","923.5","CROW AGENCY, MT US","","","0.0",",0","2",",0","1",",0","0",",0","","","0",",0","0",",0","12",",0","0",",0","17",",0","0",",0","","","","","-13.9",",0,07,+","","","0",",,0,30,+","5.1",",,0,06,","30.0",",0,29,","","","283.0",",0","6.4",",,,0","0",",,,0","8.90",",0","18.19",",,,0","-0.39",",,,0"
"USC00242112","1926-05","45.6","-107.45","923.5","CROW AGENCY, MT US","","","4.5","3,0","6",",0","6",",0","0",",0","","","0",",0","0","2,0","0","2,0","0","1,0","24","1,0","2","1,0","","","","","1.7","2,0,29,+","","","0",",,0,31,+","17.8",",,0,10,","33.9","1,0,29,","","","78.3","1,0","41.9",",,,0","0",",,,0","15.72","3,0","25.69","1,,,0","5.75","2,,,0"
"USC00242112","1926-06","45.6","-107.45","923.5","CROW AGENCY, MT US","","","37.2",",0","3",",0","3",",0","0",",0","","","0",",0","0",",0","0",",0","0",",0","29",",0","13",",0","","","","","2.2",",0,01,","","","0",",,0,30,+","13.5",",,0,20,","40.0",",0,27,","","","32.2",",0","27.0",",,,0","0",",,,0","18.50",",0","31.03",",,,0","5.97",",,,0"
"USC00242112","1926-07","45.6","-107.45","923.5","CROW AGENCY, MT US","","","129.3","2,0","3",",0","3",",0","1",",0","","","0",",0","0",",0","0",",0","0","2,0","29","2,0","22","2,0","","","","","6.1",",0,21,","","","0",",,0,31,+","40.6",",,0,08,","37.2","2,0,31,+","0.0","0","0.0","2,0","59.6",",,,0","0",",,,0","22.88","2,0","33.35","2,,,0","12.41",",,,0"
"USC00242112","1926-08","45.6","-107.45","923.5","CROW AGENCY, MT US","","","75.2",",0","3",",0","3",",0","0",",0","","","0",",0","0",",0","0",",0","0",",0","31",",0","17",",0","","","","","4.4",",0,10,","","","0",",,0,31,+","15.2",",,0,10,","39.4",",0,25,","4.5","0","4.5",",0","38.1",",,,0","0",",,,0","20.61",",0","31.84",",,,0","9.39",",,,0"
"USC00242112","1926-09","45.6","-107.45","923.5","CROW AGENCY, MT US","","","0.3",",0","5",",0","5",",0","0",",0","","","1",",0","0",",0","8",",0","0",",0","18",",0","0",",0","","","","","-8.9",",0,25,","","","25",",,0,24,","22.9",",,0,30,+","30.0",",0,05,","193.4","0","188.9",",0","96.6",",,,0","38",",,,0","12.05",",0","21.11",",,,0","2.98",",,,0"
"USC00242112","1926-10","45.6","-107.45","923.5","CROW AGENCY, MT US","","","0.0",",0","0",",0","0",",0","0",",0","","","0",",0","0",",0","10",",0","0",",0","17",",0","0",",0","","","","","-3.9",",0,28,+","","","0",",,0,31,+","0.0",",,0,31,+","26.7",",0,16,+","423.8","0","230.4",",0","0.0",",,,0","0",",,,0","10.90",",0","20.62",",,,0","1.18",",,,0"
"USC00242112","1926-11","45.6","-107.45","923.5","CROW AGENCY, MT US","","","0.0",",0","5",",0","5",",0","2",",0","","","2",",0","1",",0","25",",0","5",",0","4",",0","0",",0","","","","","-24.4",",0,21,","","","229",",,0,20,","33.0",",,0,20,","23.3",",0,06,","925.9","0","502.1",",0","68.5",",,,0","267",",,,0","1.60",",0","9.33",",,,0","-6.14",",,,0"
"USC00242112","1926-12","45.6","-107.45","923.5","CROW AGENCY, MT US","","","0.0",",0","3",",0","3",",0","0",",0","","","3",",0","8",",0","31",",0","10",",0","0",",0","0",",0","","","","","-31.7",",0,14,","","","76",",,0,12,","7.6",",,0,12,","12.8",",0,11,","1678.0","0","752.1",",0","13.9",",,,0","126",",,,0","-5.93",",0","1.06",",,,0","-12.92",",,,0"
"USC00242112","1927-01","45.6","-107.45","923.5","CROW AGENCY, MT US","0.0","0","0.0","1,0","5",",0","3",",0","0",",0","","","6",",0","11",",0","30",",0","13","1,0","0","1,0","0","1,0","","","","","-38.9",",0,21,","","","64",",,0,12,","5.6",",,0,20,","7.8","1,0,03,","2464.0","0","786.0","1,0","18.3",",,,0","241",",,,0","-7.78","1,0","-1.45","1,,,0","-14.11",",,,0"
"USC00242112","1927-02","45.6","-107.45","923.5","CROW AGENCY, MT US","0.0","0","0.0",",0","2",",0","0",",0","0",",0","","","1",",0","8",",0","28",",0","8",",0","0",",0","0",",0","","","","","-22.2",",0,13,","","","25",",,0,13,","2.0",",,0,13,","11.7",",0,21,","3076.4","0","612.4",",0","3.3",",,,0","38",",,,0","-3.54",",0","3.16",",,,0","-10.24",",,,0"
"USC00242112","1927-03","45.6","-107.45","923.5","CROW AGENCY, MT US","0.0","0","0.0","1,0","3",",0","3",",0","0",",0","","","2",",0","0",",0","27",",0","1","1,0","0","1,0","0","1,0","","","","","-15.0",",0,19,","","","51",",,0,18,+","7.1",",,0,15,","20.6","1,0,13,","3546.7","0","470.3","1,0","14.7",",,,0","102",",,,0","2.63","1,0","9.31","1,,,0","-4.05",",,,0"
"USC00242112","1927-04","45.6","-107.45","923.5","CROW AGENCY, MT US","0.0","0","0.0",",0","9",",0","9",",0","1",",0","","","4",",0","0",",0","21",",0","1",",0","5",",0","0",",0","","","","","-7.8",",0,21,","","","279",",,0,16,","43.2",",,0,16,","22.8",",0,28,+","3932.2","0","385.5",",0","100.9",",,,0","380",",,,0","5.48",",0","11.48",",,,0","-0.52",",,,0"
"USC00242112","1927-05","45.6","-107.45","923.5","CROW AGENCY, MT US","0.0","0","0.0","1,0","7",",0","7",",0","4",",0","","","1","1,0","0",",0","5",",0","0","1,0","1","1,0","0","1,0","","","","","-5.6",",0,10,","","","178","1,,0,09,","35.6",",,0,08,","24.4","1,0,16,","4207.9","0","275.7","1,0","153.6",",,,0","178","1,,,0","9.09","1,0","14.20","1,,,0","3.99",",,,0"
"USC00242112","1927-06","45.6","-107.45","923.5","CROW AGENCY, MT US","0.8","0","0.8","4,0","6",",0","6",",0","0",",0","","","0",",0","0",",0","0",",0","0","4,0","19","4,0","0","4,0","","","","","2.2",",0,02,","","","0",",,0,30,+","14.2",",,0,20,","30.0","4,0,07,","4292.3","0","84.4","4,0","56.1",",,,0","0",",,,0","15.11","4,0","22.37","4,,,0","7.85",",,,0"
"USC00242112","1927-07","45.6","-107.45","923.5","CROW AGENCY, MT US","32.9","0","32.1",",0","5",",0","5",",0","0",",0","","","0",",0","0",",0","0",",0","0",",0","26",",0","2",",0","","","","","6.7",",0,06,+","","","0",",,0,31,+","23.4",",,0,11,","34.4",",0,09,","29.7","0","29.7",",0","67.8",",,,0","0",",,,0","18.41",",0","25.86",",,,0","10.96",",,,0"
"USC00242112","1927-08","45.6","-107.45","923.5","CROW AGENCY, MT US","33.2","0","0.3","1,0","6",",0","6",",0","1",",0","","","0",",0","0","1,0","0","1,0","0",",0","27",",0","0",",0","","","","","3.3","1,0,24,","","","0",",,0,31,+","26.7",",,0,15,","26.1",",0,04,","101.8","0","72.1",",0","70.0",",,,0","0",",,,0","15.89","1,0","22.68",",,,0","9.11","1,,,0"
"USC00242112","1927-09","45.6","-107.45","923.5","CROW AGENCY, MT US","33.2","0","0.0","1,0","3",",0","3",",0","1",",0","","","0",",0","0",",0","3",",0","0","1,0","10","1,0","0","1,0","","","","","-2.2",",0,20,","","","0",",,0,30,+","36.8",",,0,25,","23.9","1,0,12,","324.0","0","222.2","1,0","44.4",",,,0","0",",,,0","10.65","1,0","18.59","1,,,0","2.72",",,,0"
"USC00242112","1927-10","45.6","-107.45","923.5","CROW AGENCY, MT US","33.2","0","0.0","2,0","0","2,0","0","2,0","0","2,0","","","0","2,0","0","2,0","11","2,0","0","2,0","4","2,0","0","2,0","","","","","-6.1","2,0,30,","","","0","2,,0,31,+","0.0","2,,0,31,+","23.3","2,0,20,","608.8","0","284.8","2,0","0.0","2,,,0","0","2,,,0","8.51","2,0","16.59","2,,,0","0.43","2,,,0"
"USC00242112","1927-11","45.6","-107.45","923.5","CROW AGENCY, MT US","33.2","0","0.0","2,0","5",",0","4",",0","0",",0","","","2",",0","2","2,0","26","2,0","9",",0","0",",0","0",",0","","","","","-20.6","2,0,11,","","","102",",,0,05,","22.9",",,0,04,","15.6",",0,03,","1160.5","0","551.7",",0","59.0",",,,0","166",",,,0","-1.14","2,0","3.94",",,,0","-6.23","2,,,0"
"USC00242112","1927-12","45.6","-107.45","923.5","CROW AGENCY, MT US","33.2","0","0.0","4,0","8",",0","6",",0","0",",0","","","7",",0","22","1,0","30","1,0","24","3,0","0","3,0","0","3,0","","","","","-41.7","1,0,31,","","","178",",,0,14,","13.7",",,0,14,","5.6","3,0,06,+","2035.6","0","875.1","3,0","42.9",",,,0","551",",,,0","-14.13","4,0","-7.93","3,,,0","-20.33","1,,,0"
"USC00242112","1928-01","45.6","-107.45","923.5","CROW AGENCY, MT US","0.0","0","0.0","1,0","5","1,0","5","1,0","0","1,0","","","5","1,0","10","1,0","29","1,0","14","1,0","0","1,0","0","1,0","","","","","-37.2","1,0,01,","","","127","1,,0,14,","20.3","1,,0,30,","7.8","1,0,11,","2803.4","0","767.8","1,0","72.4","1,,,0","304","1,,,0","-7.26","1,0","-1.76","1,,,0","-12.76","1,,,0"
"USC00242112","1928-02","45.6","-107.45","923.5","CROW AGENCY, MT US","0.0","0","0.0",",0","3",",0","3",",0","0",",0","","","3",",0","7",",0","29",",0","8",",0","0",",0","0",",0","","","","","-28.9",",0,23,","","","51",",,0,22,","22.9",",,0,26,","6.1",",0,10,","3501.3","0","697.9",",0","29.5",",,,0","101",",,,0","-5.73",",0","1.26",",,,0","-12.72",",,,0"
"USC00242112","1928-03","45.6","-107.45","923.5","CROW AGENCY, MT US","0.0","0","0.0",",0","0",",0","0",",0","0",",0","","","0",",0","0",",0","26",",0","0",",0","1",",0","0",",0","","","","","-13.3",",0,02,","","","0",",,0,31,+","0.0",",,0,31,+","21.7",",0,21,","3959.6","0","458.3",",0","0.0",",,,0","0",",,,0","3.55",",0","10.23",",,,0","-3.13",",,,0"
"USC00242112","1928-04","45.6","-107.45","923.5","CROW AGENCY, MT US","0.0","0","0.0","1,0","4",",0","1",",0","0",",0","","","0",",0","0","1,0","18","1,0","0",",0","2",",0","0",",0","","","","","-11.1","1,0,08,","","","13",",,0,14,+","7.6",",,0,17,","23.3",",0,26,","4354.3","0","394.7",",0","10.6",",,,0","39",",,,0","4.64","1,0","10.66",",,,0","-1.39","1,,,0"
"USC00242112","1928-05","45.6","-107.45","923.5","CROW AGENCY, MT US","8.1","0","8.1","1,0","4",",0","4",",0","1",",0","","","0",",0","0",",0","2",",0","0","1,0","22","1,0","1","1,0","","","","","-1.7",",0,04,","","","0",",,0,31,+","35.6",",,0,26,","33.3","1,0,22,","4460.8","0","106.5","1,0","77.5",",,,0","0",",,,0","15.06","1,0","23.13","1,,,0","7.00",",,,0"
"USC00242112","1928-06","45.6","-107.45","923.5","CROW AGENCY, MT US","10.4","0","2.3",",0","5",",0","5",",0","0",",0","","","0",",0","0",",0","0",",0","0",",0","20",",0","0",",0","","","","","1.7",",0,01,","","","0",",,0,30,+","15.2",",,0,19,","30.6",",0,28,","4566.3","0","105.5",",0","36.8",",,,0","0",",,,0","14.89",",0","21.93",",,,0","7.86",",,,0"
"USC00242112","1928-07","45.6","-107.45","923.5","CROW AGENCY, MT US","63.2","0","52.8",",0","3",",0","3",",0","1",",0","","","0",",0","0",",0","0",",0","0",",0","31",",0","6",",0","","","","","8.3",",0,07,","","","0",",,0,31,+","41.1",",,0,07,","35.6",",0,13,","17.6","0","17.6",",0","58.9",",,,0","0",",,,0","19.47",",0","27.55",",,,0","11.38",",,,0"
"USC00242112","1928-08","45.6","-107.45","923.5","CROW AGENCY, MT US","101.8","0","38.6","1,0","2",",0","2",",0","0",",0","","","0",",0","0",",0","0",",0","0","1,0","28","1,0","9","1,0","","","","","2.2",",0,26,","","","0",",,0,31,+","6.4",",,0,04,","37.8","1,0,13,","68.2","0","50.6","1,0","10.2",",,,0","0",",,,0","18.00","1,0","28.07","1,,,0","7.92",",,,0"
"USC00242112","1928-10","45.6","-107.45","923.5","CROW AGENCY, MT US","","","0.0","2,0","3",",0","3",",0","1",",0","","","2",",0","0","1,0","19","1,0","0","1,0","10","1,0","0","1,0","","","","","-6.7","1,0,29,","","","152",",,0,12,","61.0",",,0,12,","27.8","1,0,09,","","","301.0","1,0","66.5",",,,0","203",",,,0","7.98","2,0","16.27","1,,,0","-0.31","1,,,0"
"USC00242112","1928-11","45.6","-107.45","923.5","CROW AGENCY, MT US","","","0.0","1,0","3",",0","3",",0","0",",0","","","3",",0","1",",0","30",",0","1","1,0","0","1,0","0","1,0","","","","","-17.8",",0,29,","","","152",",,0,28,","20.3",",,0,28,","18.3","1,0,10,","","","488.0","1,0","31.5",",,,0","241",",,,0","1.43","1,0","10.35","1,,,0","-7.50",",,,0"
"USC00242112","1929-01","45.6","-107.45","923.5","CROW AGENCY, MT US","0.0","0","0.0",",0","7",",0","4",",0","0",",0","","","4",",0","20",",0","31",",0","22",",0","0",",0","0",",0","","","","","-39.4",",0,31,","","","25",",,0,30,+","3.0",",,0,22,","6.1",",0,10,","","","980.1",",0","14.8",",,,0","126",",,,0","-13.28",",0","-5.93",",,,0","-20.64",",,,0"
"USC00242112","1929-02","45.6","-107.45","923.5","CROW AGENCY, MT US","0.0","0","0.0",",0","7",",0","3",",0","0",",0","","","4",",0","14",",0","28",",0","20",",0","0",",0","0",",0","","","","","-36.7",",0,07,","","","102",",,0,17,","10.4",",,0,17,","4.4",",0,25,+","","","813.5",",0","27.2",",,,0","268",",,,0","-10.72",",0","-3.30",",,,0","-18.14",",,,0"
"USC00242112","1929-03","45.6","-107.45","923.5","CROW AGENCY, MT US","0.0","0","0.0",",0","3",",0","3",",0","0",",0","","","3",",0","0",",0","27",",0","2",",0","0",",0","0",",0","","","","","-12.2",",0,15,","","","127",",,0,13,","16.5",",,0,23,","14.4",",0,10,","","","516.6",",0","37.8",",,,0","267",",,,0","1.67",",0","7.53",",,,0","-4.19",",,,0"
"USC00242112","1929-04","45.6","-107.45","923.5","CROW AGENCY, MT US","0.0","0","0.0","3,0","3","2,0","3","2,0","0","2,0","","","2","2,0","0","3,0","22","3,0","0","3,0","2","3,0","0","3,0","","","","","-7.8","3,0,01,","","","38","2,,0,10,+","6.6","2,,0,30,","23.9","3,0,03,","","","322.5","3,0","14.8","2,,,0","76","2,,,0","6.39","3,0","14.75","3,,,0","-1.97","3,,,0"
"USC00242112","1929-05","45.6","-107.45","923.5","CROW AGENCY, MT US","17.6","0","17.6","3,0","2","3,0","2","3,0","0","3,0","","","0","3,0","0","3,0","6","3,0","0","3,0","19","3,0","2","3,0","","","","","-6.7","3,0,07,","","","0","3,,0,31,+","21.6","3,,0,29,","35.0","3,0,24,","","","135.6","3,0","36.8","3,,,0","0","3,,,0","14.12","3,0","23.14","3,,,0","5.10","3,,,0"
"USC00242112","1929-06","45.6","-107.45","923.5","CROW AGENCY, MT US","56.4","0","38.8","1,0","2",",0","2",",0","0",",0","","","0",",0","0",",0","0",",0","0","1,0","26","1,0","8","1,0","","","","","1.1",",0,20,","","","0",",,0,30,+","11.4",",,0,02,","40.0","1,0,28,","","","52.2","1,0","22.1",",,,0","0",",,,0","17.81","1,0","27.83","1,,,0","7.79",",,,0"
"USC00242112","1929-07","45.6","-107.45","923.5","CROW AGENCY, MT US","221.3","0","164.9","2,0","1","2,0","1","2,0","0","2,0","","","0","2,0","0","2,0","0","2,0","0","2,0","29","2,0","23","2,0","","","","","7.8","2,0,08,","","","0","2,,0,31,+","17.3","2,,0,08,","40.6","2,0,26,+","4.2","0","4.2","2,0","17.3","2,,,0","0","2,,,0","23.88","2,0","34.73","2,,,0","13.02","2,,,0"
"USC00242112","1929-08","45.6","-107.45","923.5","CROW AGENCY, MT US","338.0","0","116.7","1,0","1",",0","1",",0","0",",0","","","0",",0","0","1,0","0","1,0","0",",0","31",",0","24",",0","","","","","6.1","1,0,22,","","","0",",,0,31,+","15.2",",,0,06,","38.9",",0,14,","4.2","0","0.0",",0","15.2",",,,0","0",",,,0","22.23","1,0","33.70",",,,0","10.75","1,,,0"
"USC00242112","1929-09","45.6","-107.45","923.5","CROW AGENCY, MT US","346.1","0","8.1",",0","6",",0","6",",0","0",",0","","","0",",0","0",",0","5",",0","0",",0","16",",0","2",",0","","","","","-2.8",",0,08,","","","0",",,0,30,+","17.8",",,0,26,","37.8",",0,01,","169.8","0","165.6",",0","59.7",",,,0","0",",,,0","13.08",",0","21.47",",,,0","4.70",",,,0"
"USC00242112","1929-10","45.6","-107.45","923.5","CROW AGENCY, MT US","346.1","0","0.0",",0","2",",0","2",",0","0",",0","","","1",",0","0",",0","19",",0","0",",0","13",",0","0",",0","","","","","-9.4",",0,24,","","","203",",,0,29,","20.3",",,0,10,","26.7",",0,08,+","444.2","0","274.4",",0","39.6",",,,0","203",",,,0","9.48",",0","19.77",",,,0","-0.81",",,,0"
"USC00242112","1929-11","45.6","-107.45","923.5","CROW AGENCY, MT US","346.1","0","0.0",",0","3",",0","3",",0","0",",0","","","0",",0","3",",0","28",",0","3",",0","0",",0","0",",0","","","","","-25.0",",0,21,","","","13",",,0,19,+","22.9",",,0,11,","12.8",",0,09,","1029.3","0","585.1",",0","33.0",",,,0","26",",,,0","-1.17",",0","5.52",",,,0","-7.87",",,,0"
"USC00242112","1929-12","45.6","-107.45","923.5","CROW AGENCY, MT US","346.1","0","0.0",",0","2",",0","1",",0","0",",0","","","1",",0","7",",0","31",",0","10",",0","0",",0","0",",0","","","","","-29.4",",0,18,","","","25",",,0,08,","2.5",",,0,08,","11.1",",0,29,","1761.6","0","732.3",",0","3.5",",,,0","38",",,,0","-5.29",",0","2.15",",,,0","-12.72",",,,0"
"USC00242112","1930-01","45.6","-107.45","923.5","CROW AGENCY, MT US","0.0","0","0.0",",0","6",",0","2",",0","0",",0","","","3",",0","24",",0","31",",0","22",",0","0",",0","0",",0","","","","","-42.2",",0,17,","","","38",",,0,30,+","5.1",",,0,30,","10.0",",0,03,","2764.2","0","1002.6",",0","17.5",",,,0","140",",,,0","-14.01",",0","-5.87",",,,0","-22.15",",,,0"
"USC00242112","1930-02","45.6","-107.45","923.5","CROW AGENCY, MT US","0.0","0","0.0",",0","2",",0","1",",0","0",",0","","","2",",0","0",",0","24",",0","2",",0","0",",0","0",",0","","","","","-13.9",",0,28,+","","","25",",,0,28,+","5.1",",,0,24,","18.3",",0,19,","3216.5","0","452.3",",0","7.1",",,,0","50",",,,0","2.18",",0","9.41",",,,0","-5.05",",,,0"
"USC00242112","1930-03","45.6","-107.45","923.5","CROW AGENCY, MT US","0.0","0","0.0",",0","5",",0","3",",0","0",",0","","","3",",0","3",",0","29",",0","2",",0","0",",0","0",",0","","","","","-23.3",",0,02,","","","76",",,0,30,+","6.9",",,0,06,","17.8",",0,19,","3747.0","0","530.5",",0","20.3",",,,0","203",",,,0","1.22",",0","8.86",",,,0","-6.42",",,,0"
"USC00242112","1930-04","45.6","-107.45","923.5","CROW AGENCY, MT US","0.0","0","0.0","1,0","4",",0","4",",0","0",",0","","","0",",0","0","1,0","5","1,0","0",",0","15",",0","0",",0","","","","","-7.8","1,0,01,","","","0",",,0,30,+","24.1",",,0,28,","31.7",",0,07,","3930.4","0","183.4",",0","41.9",",,,0","0",",,,0","12.09","1,0","21.74",",,,0","2.43","1,,,0"
"USC00242112","1930-05","45.6","-107.45","923.5","CROW AGENCY, MT US","3.1","0","3.1",",0","2",",0","2",",0","1",",0","","","0",",0","0",",0","2",",0","0",",0","18",",0","0",",0","","","","","-1.7",",0,23,","","","0",",,0,31,+","25.4",",,0,21,","31.1",",0,28,+","4083.5","0","153.1",",0","38.1",",,,0","0",",,,0","13.50",",0","22.22",",,,0","4.77",",,,0"
"USC00242112","1930-06","45.6","-107.45","923.5","CROW AGENCY, MT US","68.6","0","65.5",",0","4",",0","4",",0","0",",0","","","0",",0","0",",0","0",",0","0",",0","29",",0","18",",0","","","","","1.1",",0,04,","","","0",",,0,30,+","12.7",",,0,24,+","40.0",",0,16,","4109.9","0","26.4",",0","32.0",",,,0","0",",,,0","19.64",",0","32.35",",,,0","6.92",",,,0"
"USC00242112","1930-07","45.6","-107.45","923.5","CROW AGENCY, MT US","238.4","0","169.8",",0","5",",0","5",",0","0",",0","","","0",",0","0",",0","0",",0","0",",0","31",",0","22",",0","","","","","6.7",",0,28,+","","","0",",,0,31,+","12.7",",,0,10,","42.8",",0,06,","2.0","0","2.0",",0","38.2",",,,0","0",",,,0","23.75",",0","34.58",",,,0","12.92",",,,0"
"USC00242112","1930-08","45.6","-107.45","923.5","CROW AGENCY, MT US","378.0","0","139.6","1,0","2",",0","2",",0","0",",0","","","0",",0","0","1,0","0","1,0","0",",0","31",",0","15",",0","","","","","1.1","1,0,31,","","","0",",,0,31,+","6.4",",,0,20,","37.8",",0,24,+","5.6","0","3.6",",0","8.9",",,,0","0",",,,0","22.94","1,0","32.70",",,,0","13.18","1,,,0"
"USC00242112","1930-09","45.6","-107.45","923.5","CROW AGENCY, MT US","380.5","0","2.5","1,0","1",",0","1",",0","0",",0","","","0",",0","0",",0","8",",0","0","1,0","24","1,0","0","1,0","","","","","-2.8",",0,24,","","","0",",,0,30,+","4.6",",,0,09,","31.7","1,0,10,","119.2","0","113.6","1,0","4.6",",,,0","0",",,,0","14.40","1,0","24.97","1,,,0","3.83",",,,0"
"USC00242112","1930-10","45.6","-107.45","923.5","CROW AGENCY, MT US","380.5","0","0.0","2,0","11","1,0","11","1,0","0","1,0","","","1",",0","0","2,0","16","2,0","1",",0","1",",0","0",",0","","","","","-11.1","2,0,21,+","","","76",",,0,20,","10.7","1,,0,11,","21.1",",0,08,","478.2","0","359.0",",0","74.1","1,,,0","89",",,,0","5.97","2,0","12.88",",,,0","-0.94","2,,,0"
"USC00242112","1930-11","45.6","-107.45","923.5","CROW AGENCY, MT US","380.5","0","0.0",",0","1",",0","1",",0","0",",0","","","1",",0","1",",0","29",",0","0",",0","3",",0","0",",0","","","","","-21.7",",0,15,","","","25",",,0,14,","3.0",",,0,14,","22.2",",0,04,","966.0","0","487.8",",0","3.0",",,,0","25",",,,0","2.07",",0","11.44",",,,0","-7.30",",,,0"
"USC00242112","1930-12","45.6","-107.45","923.5","CROW AGENCY, MT US","380.5","0","0.0",",0","2",",0","1",",0","0",",0","","","2",",0","1",",0","31",",0","0",",0","0",",0","0",",0","","","","","-17.8",",0,26,","","","25",",,0,24,+","2.5",",,0,16,","14.4",",0,09,","1581.7","0","615.7",",0","4.5",",,,0","50",",,,0","-1.53",",0","7.96",",,,0","-11.02",",,,0"
"USC00242112","1931-01","45.6","-107.45","923.5","CROW AGENCY, MT US","0.0","0","0.0",",0","3",",0","2",",0","0",",0","","","2","1,0","5",",0","30",",0","3",",0","0",",0","0",",0","","","","","-27.8",",0,14,+","","","76","1,,0,11,","6.6",",,0,11,","20.6",",0,29,","2232.2","0","650.5",",0","12.5",",,,0","140","1,,,0","-2.65",",0","6.64",",,,0","-11.95",",,,0"
"USC00242112","1931-03","45.6","-107.45","923.5","CROW AGENCY, MT US","","","0.0",",0","6",",0","4",",0","0",",0","","","3",",0","2",",0","27",",0","4",",0","0",",0","0",",0","","","","","-20.0",",0,27,","","","76",",,0,07,","12.7",",,0,22,","15.0",",0,18,","","","548.4",",0","29.1",",,,0","139",",,,0","0.64",",0","7.52",",,,0","-6.23",",,,0"
"USC00242112","1931-04","45.6","-107.45","923.5","CROW AGENCY, MT US","","","0.0",",0","3",",0","3",",0","0",",0","","","0",",0","0",",0","21",",0","0",",0","10",",0","0",",0","","","","","-9.4",",0,23,","","","0",",,0,30,+","12.7",",,0,01,","26.7",",0,30,+","","","309.1",",0","27.9",",,,0","0",",,,0","8.03",",0","17.38",",,,0","-1.32",",,,0"
"USC00242112","1931-05","45.6","-107.45","923.5","CROW AGENCY, MT US","","","","","0",",0","0",",0","0",",0","","","0",",0","","","","","","","","","","","","","","","","","","","0",",,0,31,+","0.0",",T,0,08,","","","","","","","0.0",",T,,0","0",",,,0","","","","","",""
"USC00242112","1931-06","45.6","-107.45","923.5","CROW AGENCY, MT US","","","115.7",",0","5",",0","5",",0","0",",0","","","0",",0","0",",0","0",",0","0",",0","28",",0","15",",0","","","","","6.1",",0,18,","","","0",",,0,30,+","15.7",",,0,21,","41.1",",0,28,+","","","12.0",",0","69.1",",,,0","0",",,,0","21.79",",0","31.96",",,,0","11.61",",,,0"
"USC00242112","1931-07","45.6","-107.45","923.5","CROW AGENCY, MT US","","","151.1",",0","2",",0","2",",0","0",",0","","","0",",0","0",",0","0",",0","0",",0","30",",0","17",",0","","","","","4.4",",0,07,","","","0",",,0,31,+","12.7",",,0,29,","42.8",",0,21,","10.1","0","10.1",",0","17.8",",,,0","0",",,,0","22.88",",0","33.36",",,,0","12.40",",,,0"
"USC00242112","1931-08","45.6","-107.45","923.5","CROW AGENCY, MT US","","","111.9",",0","2",",0","2",",0","0",",0","","","0",",0","0",",0","0",",0","0",",0","31",",0","16",",0","","","","","2.8",",0,28,","","","0",",,0,31,+","11.4",",,0,14,","37.8",",0,11,","17.6","0","7.5",",0","20.3",",,,0","0",",,,0","21.70",",0","31.18",",,,0","12.23",",,,0"
"USC00242112","1931-09","45.6","-107.45","923.5","CROW AGENCY, MT US","","","32.5",",0","4",",0","4",",0","1",",0","","","0",",0","0",",0","0",",0","0",",0","24",",0","5",",0","","","","","2.2",",0,23,","","","0",",,0,30,+","38.1",",,0,20,","36.1",",0,06,","123.0","0","105.4",",0","68.5",",,,0","0",",,,0","15.91",",0","24.69",",,,0","7.12",",,,0"
"USC00242112","1931-10","45.6","-107.45","923.5","CROW AGENCY, MT US","","","0.0","4,0","2","1,0","2","1,0","1","1,0","","","0","1,0","0","4,0","19","4,0","0","4,0","5","4,0","0","4,0","","","","","-7.8","4,0,30,","","","0","1,,0,31,+","37.1","1,,0,07,","25.6","4,0,01,","388.9","0","265.9","4,0","58.2","1,,,0","0","1,,,0","8.49","4,0","17.65","4,,,0","-0.68","4,,,0"
"USC00242112","1931-11","45.6","-107.45","923.5","CROW AGENCY, MT US","","","0.0",",0","4",",0","3",",0","0",",0","","","2",",0","4",",0","29",",0","5",",0","4",",0","0",",0","","","","","-22.2",",0,22,","","","51",",,0,25,","7.6",",,0,09,","23.9",",0,06,","937.8","0","548.9",",0","15.7",",,,0","89",",,,0","0.04",",0","8.11",",,,0","-8.04",",,,0"
"USC00242112","1931-12","45.6","-107.45","923.5","CROW AGENCY, MT US","","","0.0","1,0","1",",0","1",",0","0",",0","","","1",",0","10",",0","31",",0","13","1,0","0","1,0","0","1,0","","","","","-24.4",",0,31,","","","127",",,0,29,","20.3",",,0,29,","6.1","1,0,21,","1672.8","0","735.0","1,0","20.3",",,,0","127",",,,0","-6.29","1,0","0.42","1,,,0","-13.01",",,,0"
"USC00242112","1932-01","45.6","-107.45","923.5","CROW AGENCY, MT US","0.0","0","0.0",",0","2",",0","1",",0","1",",0","","","1",",0","14",",0","31",",0","17",",0","0",",0","0",",0","","","","","-32.8",",0,14,","","","152",",,0,09,","33.0",",,0,09,","6.1",",0,11,","2530.1","0","857.3",",0","35.0",",,,0","165",",,,0","-9.32",",0","-1.75",",,,0","-16.89",",,,0"
"USC00242112","1932-02","45.6","-107.45","923.5","CROW AGENCY, MT US","0.0","0","0.0",",0","1",",0","1",",0","0",",0","","","1",",0","14",",0","26",",0","8",",0","0",",0","0",",0","","","","","-30.0",",0,01,","","","76",",,0,16,","8.9",",,0,16,","17.8",",0,27,","3244.4","0","714.3",",0","8.9",",,,0","76",",,,0","-6.30",",0","3.36",",,,0","-15.96",",,,0"
"USC00242112","1932-03","45.6","-107.45","923.5","CROW AGENCY, MT US","0.0","0","0.0",",0","6",",0","6",",0","1",",0","","","4",",0","9",",0","24",",0","9",",0","0",",0","0",",0","","","","","-36.7",",0,08,","","","178",",,0,06,","25.4",",,0,21,","18.3",",0,31,","3931.0","0","686.6",",0","68.8",",,,0","331",",,,0","-3.82",",0","2.78",",,,0","-10.41",",,,0"
"USC00242112","1932-04","45.6","-107.45","923.5","CROW AGENCY, MT US","0.0","0","0.0",",0","4",",0","4",",0","1",",0","","","0",",0","0",",0","10",",0","0",",0","9",",0","0",",0","","","","","-3.9",",0,26,+","","","0",",,0,30,+","38.1",",,0,24,","26.7",",0,14,","4193.7","0","262.7",",0","78.0",",,,0","0",",,,0","9.58",",0","16.75",",,,0","2.40",",,,0"
"USC00242112","1932-05","45.6","-107.45","923.5","CROW AGENCY, MT US","9.4","0","9.4",",0","5",",0","5",",0","0",",0","","","0",",0","0",",0","1",",0","0",",0","20",",0","0",",0","","","","","0.0",",0,27,","","","0",",,0,31,+","15.2",",,0,14,","31.7",",0,12,","4310.2","0","116.5",",0","38.0",",,,0","0",",,,0","14.88",",0","23.11",",,,0","6.65",",,,0"
"USC00242112","1932-07","45.6","-107.45","923.5","CROW AGENCY, MT US","","","139.2","2,0","1",",0","1",",0","0",",0","","","0",",0","0","1,0","0","1,0","0","1,0","30","1,0","24","1,0","","","","","5.6","1,0,07,","","","0",",,0,31,+","5.1",",,0,31,","39.4","1,0,17,","1.4","0","1.4","1,0","5.1",",,,0","0",",,,0","23.19","2,0","34.24","1,,,0","12.13","1,,,0"
"USC00242112","1932-08","45.6","-107.45","923.5","CROW AGENCY, MT US","","","119.7",",0","3",",0","3",",0","0",",0","","","0",",0","0",",0","0",",0","0",",0","29",",0","15",",0","","","","","2.8",",0,31,","","","0",",,0,31,+","15.2",",,0,28,","38.9",",0,19,","16.9","0","15.5",",0","38.1",",,,0","0",",,,0","21.70",",0","31.49",",,,0","11.90",",,,0"
"USC00242112","1932-09","45.6","-107.45","923.5","CROW AGENCY, MT US","","","6.1",",0","2",",0","2",",0","0",",0","","","0",",0","0",",0","2",",0","0",",0","23",",0","1",",0","","","","","-1.7",",0,22,","","","0",",,0,30,+","21.3",",,0,10,","33.3",",0,08,","147.0","0","130.1",",0","25.1",",,,0","0",",,,0","14.20",",0","23.28",",,,0","5.12",",,,0"
"USC00242112","1932-10","45.6","-107.45","923.5","CROW AGENCY, MT US","","","0.0",",0","7",",0","6",",0","2",",0","","","2",",0","0",",0","18",",0","0",",0","7",",0","0",",0","","","","","-13.9",",0,20,","","","279",",,0,18,","43.2",",,0,18,","25.6",",0,01,","548.0","0","401.0",",0","133.7",",,,0","381",",,,0","5.40",",0","12.48",",,,0","-1.69",",,,0"
"USC00242112","1932-11","45.6","-107.45","923.5","CROW AGENCY, MT US","","","0.0",",0","4",",0","4",",0","0",",0","","","2",",0","0",",0","29",",0","2",",0","0",",0","0",",0","","","","","-13.3",",0,14,","","","25",",,0,10,+","7.6",",,0,18,","20.6",",0,28,","1030.1","0","482.1",",0","22.1",",,,0","63",",,,0","2.26",",0","9.21",",,,0","-4.69",",,,0"
"USC00242112","1932-12","45.6","-107.45","923.5","CROW AGENCY, MT US","","","0.0",",0","4",",0","4",",0","0",",0","","","4",",0","13",",0","31",",0","15",",0","0",",0","0",",0","","","","","-36.1",",0,11,","","","58",",,0,09,","14.0",",,0,26,","14.4",",0,04,","1854.8","0","824.7",",0","23.4",",,,0","159",",,,0","-8.27",",0","-0.75",",,,0","-15.79",",,,0"
"USC00242112","1933-01","45.6","-107.45","923.5","CROW AGENCY, MT US","0.0","0","0.0",",0","6",",0","3",",0","0",",0","","","3",",0","15",",0","30",",0","13",",0","0",",0","0",",0","","","","","-32.8",",0,17,","","","178",",,0,17,","22.9",",,0,17,","9.4",",0,14,","2611.3","0","756.5",",0","40.2",",,,0","280",",,,0","-6.07",",0","1.10",",,,0","-13.24",",,,0"
"USC00242112","1933-02","45.6","-107.45","923.5","CROW AGENCY, MT US","0.0","0","0.0",",0","2",",0","2",",0","0",",0","","","2",",0","9",",0","27",",0","11",",0","0",",0","0",",0","","","","","-40.6",",0,07,","","","76",",,0,06,","8.6",",,0,06,","7.8",",0,28,","3357.3","0","746.0",",0","11.4",",,,0","101",",,,0","-8.31",",0","-0.25",",,,0","-16.38",",,,0"
"USC00242112","1933-03","45.6","-107.45","923.5","CROW AGENCY, MT US","0.0","0","0.0",",0","3",",0","3",",0","0",",0","","","2",",0","0",",0","28",",0","0",",0","0",",0","0",",0","","","","","-16.7",",0,05,","","","127",",,0,22,","20.3",",,0,22,","19.4",",0,28,","3839.6","0","482.3",",0","36.0",",,,0","165",",,,0","2.78",",0","10.09",",,,0","-4.54",",,,0"
"USC00242112","1933-04","45.6","-107.45","923.5","CROW AGENCY, MT US","","","","","5",",0","5",",0","0",",0","","","3",",0","0",",0","19",",0","","","","","","","","","","","-12.2",",0,05,","","","140",",,0,09,","22.9",",,0,09,","","","","","","","80.1",",,,0","241",",,,0","","","","","-1.00",",,,0"
"USC00242112","1933-05","45.6","-107.45","923.5","CROW AGENCY, MT US","","","5.0","1,0","8",",0","8",",0","1",",0","","","0",",0","0","1,0","2","1,0","0",",0","16",",0","2",",0","","","","","-1.1","1,0,13,","","","0",",,0,31,+","33.0",",,0,09,","33.3",",0,30,","","","172.9",",0","92.8",",,,0","0",",,,0","12.75","1,0","20.33",",,,0","5.17","1,,,0"
"USC00242112","1933-06","45.6","-107.45","923.5","CROW AGENCY, MT US","","","","","0",",0","0",",0","0",",0","","","0","1,0","0",",0","0",",0","","","","","","","","","","","5.0",",0,14,","","","0","1,,0,30,+","0.0",",,0,30,+","","","","","","","0.0",",,,0","0","1,,,0","","","","","9.89",",,,0"
"USC00242112","1933-07","45.6","-107.45","923.5","CROW AGENCY, MT US","","","200.2",",0","1",",0","1",",0","0",",0","","","0",",0","0",",0","0",",0","0",",0","31",",0","27",",0","","","","","8.3",",0,21,+","","","0",",,0,31,+","6.4",",,0,28,","40.6",",0,28,","0.0","0","0.0",",0","6.4",",,,0","0",",,,0","24.79",",0","36.35",",,,0","13.24",",,,0"
"USC00242112","1933-08","45.6","-107.45","923.5","CROW AGENCY, MT US","","","97.7",",0","2",",0","2",",0","1",",0","","","0",",0","0",",0","0",",0","0",",0","27",",0","17",",0","","","","","5.0",",0,22,","","","0",",,0,31,+","27.9",",,0,27,","38.3",",0,04,","21.8","0","21.8",",0","33.0",",,,0","0",",,,0","20.78",",0","30.93",",,,0","10.63",",,,0"
"USC00242112","1933-09","45.6","-107.45","923.5","CROW AGENCY, MT US","","","7.9",",0","1",",0","1",",0","0",",0","","","0",",0","0",",0","3",",0","0",",0","25",",0","3",",0","","","","","-4.4",",0,26,","","","0",",,0,30,+","12.7",",,0,25,","32.8",",0,17,","112.0","0","90.2",",0","12.7",",,,0","0",",,,0","15.59",",0","25.63",",,,0","5.54",",,,0"
"USC00242112","1933-10","45.6","-107.45","923.5","CROW AGENCY, MT US","","","0.0",",0","2",",0","2",",0","0",",0","","","0",",0","0",",0","11",",0","0",",0","15",",0","0",",0","","","","","-7.2",",0,21,","","","0",",,0,31,+","10.2",",,0,14,","28.3",",0,05,","368.4","0","256.4",",0","17.8",",,,0","0",",,,0","10.06",",0","19.61",",,,0","0.52",",,,0"
"USC00242112","1933-11","45.6","-107.45","923.5","CROW AGENCY, MT US","","","0.0",",0","2",",0","2",",0","0",",0","","","1",",0","1",",0","26",",0","1",",0","0",",0","0",",0","","","","","-20.6",",0,05,","","","76",",,0,04,","9.4",",,0,04,","20.0",",0,12,","804.9","0","436.5",",0","13.2",",,,0","76",",,,0","3.78",",0","11.79",",,,0","-4.23",",,,0"
"USC00242112","1933-12","45.6","-107.45","923.5","CROW AGENCY, MT US","","","0.0",",0","4",",0","3",",0","1",",0","","","3",",0","7",",0","28",",0","11",",0","0",",0","0",",0","","","","","-27.8",",0,26,","","","203",",,0,11,","35.6",",,0,11,","12.8",",0,02,","1504.2","0","699.3",",0","49.4",",,,0","483",",,,0","-4.22",",0","2.59",",,,0","-11.04",",,,0"
"USC00242112","1934-01","45.6","-107.45","923.5","CROW AGENCY, MT US","0.0","0","0.0",",0","3",",0","2",",0","0",",0","","","0",",0","2",",0","28",",0","2",",0","0",",0","0",",0","","","","","-20.0",",0,02,","","","13",",,0,06,","3.8",",,0,21,","13.9",",0,27,","2109.5","0","605.3",",0","7.8",",,,0","13",",,,0","-1.19",",0","5.59",",,,0","-7.98",",,,0"
"USC00242112","1934-02","45.6","-107.45","923.5","CROW AGENCY, MT US","0.0","0","0.0",",0","2",",0","1",",0","0",",0","","","0",",0","2",",0","24",",0","6",",0","0",",0","0",",0","","","","","-27.8",",0,26,","","","13",",,0,24,","5.1",",,0,09,","18.9",",0,12,","2583.5","0","474.0",",0","6.4",",,,0","13",",,,0","1.40",",0","8.86",",,,0","-6.06",",,,0"
"USC00242112","1934-03","45.6","-107.45","923.5","CROW AGENCY, MT US","0.0","0","0.0",",0","6",",0","6",",0","0",",0","","","2",",0","1",",0","24",",0","0",",0","1",",0","0",",0","","","","","-17.8",",0,17,","","","102",",,0,06,","12.7",",,0,06,","21.1",",0,12,","3026.1","0","442.6",",0","47.1",",,,0","191",",,,0","4.06",",0","12.00",",,,0","-3.89",",,,0"
"USC00242112","1934-04","45.6","-107.45","923.5","CROW AGENCY, MT US","0.0","0","0.0",",0","2",",0","2",",0","0",",0","","","2",",0","0",",0","11",",0","0",",0","14",",0","0",",0","","","","","-6.7",",0,19,+","","","76",",,0,03,","10.7",",,0,03,","30.6",",0,29,","3271.6","0","245.5",",0","18.3",",,,0","101",",,,0","10.15",",0","19.66",",,,0","0.64",",,,0"
"USC00242112","1934-05","45.6","-107.45","923.5","CROW AGENCY, MT US","56.7","0","56.7",",0","1",",0","1",",0","0",",0","","","0",",0","0",",0","2",",0","0",",0","30",",0","12",",0","","","","","-2.2",",0,13,","","","0",",,0,31,+","8.9",",,0,12,","37.8",",0,28,+","3323.9","0","52.3",",0","8.9",",,,0","0",",,,0","18.47",",0","30.20",",,,0","6.74",",,,0"
"USC00242112","1934-06","45.6","-107.45","923.5","CROW AGENCY, MT US","119.8","0","63.1",",0","3",",0","3",",0","0",",0","","","0",",0","0",",0","0",",0","0",",0","28",",0","12",",0","","","","","4.4",",0,02,","","","0",",,0,30,+","12.7",",,0,16,","36.1",",0,26,","3343.1","0","19.2",",0","26.7",",,,0","0",",,,0","19.80",",0","30.00",",,,0","9.59",",,,0"
"USC00242112","1934-07","45.6","-107.45","923.5","CROW AGENCY, MT US","305.1","0","185.3",",0","1",",0","1",",0","0",",0","","","0",",0","0",",0","0",",0","0",",0","31",",0","26",",0","","","","","6.7",",0,06,","","","0",",,0,31,+","10.2",",,0,25,","39.4",",0,20,","3.7","0","3.7",",0","10.2",",,,0","0",",,,0","24.19",",0","35.14",",,,0","13.25",",,,0"
"USC00242112","1934-08","45.6","-107.45","923.5","CROW AGENCY, MT US","438.1","0","133.0",",0","1",",0","1",",0","0",",0","","","0",",0","0",",0","0",",0","0",",0","30",",0","19",",0","","","","","3.9",",0,25,+","","","0",",,0,31,+","6.4",",,0,30,","41.1",",0,03,","21.4","0","17.7",",0","6.4",",,,0","0",",,,0","22.05",",0","32.51",",,,0","11.59",",,,0"
"USC00242112","1934-09","45.6","-107.45","923.5","CROW AGENCY, MT US","450.9","0","12.8",",0","5",",0","5",",0","0",",0","","","2",",0","0",",0","5",",0","0",",0","18",",0","1",",0","","","","","-4.4",",0,25,","","","76",",,0,20,","16.5",",,0,20,","34.4",",0,12,","171.3","0","149.9",",0","52.0",",,,0","127",",,,0","13.76",",0","22.26",",,,0","5.27",",,,0"
"USC00242112","1934-10","45.6","-107.45","923.5","CROW AGENCY, MT US","450.9","0","0.0",",0","2",",0","2",",0","0",",0","","","0",",0","0",",0","7",",0","0",",0","9",",0","0",",0","","","","","-5.0",",0,30,","","","0",",,0,31,+","10.2",",,0,03,","28.9",",0,07,","403.5","0","232.2",",0","19.1",",,,0","0",",,,0","10.84",",0","18.85",",,,0","2.84",",,,0"
"USC00242112","1934-11","45.6","-107.45","923.5","CROW AGENCY, MT US","450.9","0","0.0",",0","0",",0","0",",0","0",",0","","","0",",0","0",",0","25",",0","0",",0","0",",0","0",",0","","","","","-8.3",",0,27,","","","0",",,0,30,+","0.0",",,0,30,+","20.0",",0,17,","836.0","0","432.5",",0","0.0",",,,0","0",",,,0","3.92",",0","10.38",",,,0","-2.55",",,,0"
"USC00242112","1934-12","45.6","-107.45","923.5","CROW AGENCY, MT US","450.9","0","0.0",",0","4",",0","4",",0","0",",0","","","0",",0","6",",0","31",",0","6",",0","0",",0","0",",0","","","","","-23.3",",0,25,","","","13",",,0,25,","10.2",",,0,21,","10.0",",0,11,+","1481.5","0","645.5",",0","20.3",",,,0","13",",,,0","-2.49",",0","3.53",",,,0","-8.51",",,,0"
"USC00242112","1935-01","45.6","-107.45","923.5","CROW AGENCY, MT US","","","","","2",",0","1",",0","0",",0","","","1",",0","11","1,0","30","1,0","","","","","","","","","","","-35.6","1,0,21,","","","51",",,0,18,","5.6",",,0,18,","","","","","","","7.1",",,,0","64",",,,0","","","","","-14.41","1,,,0"
"USC00242112","1935-02","45.6","-107.45","923.5","CROW AGENCY, MT US","","","0.0",",0","2",",0","2",",0","0",",0","","","1",",0","0",",0","27",",0","0",",0","0",",0","0",",0","","","","","-14.4",",0,25,","","","51",",,0,07,","6.4",",,0,07,","18.3",",0,17,","","","457.6",",0","11.5",",,,0","51",",,,0","1.99",",0","9.80",",,,0","-5.82",",,,0"
"USC00242112","1935-03","45.6","-107.45","923.5","CROW AGENCY, MT US","","","0.0",",0","6",",0","6",",0","1",",0","","","4",",0","4",",0","26",",0","6",",0","1",",0","0",",0","","","","","-23.9",",0,07,","","","305",",,0,10,","43.2",",,0,10,","21.1",",0,14,","","","532.4",",0","90.0",",,,0","508",",,,0","1.16",",0","8.85",",,,0","-6.53",",,,0"
"USC00242112","1935-04","45.6","-107.45","923.5","CROW AGENCY, MT US","","","0.0","1,0","5",",0","5",",0","0",",0","","","4",",0","0","1,0","18","1,0","1",",0","6",",0","0",",0","","","","","-13.3","1,0,02,","","","76",",,0,10,+","8.1",",,0,06,","26.7",",0,21,","","","338.2",",0","23.3",",,,0","228",",,,0","6.54","1,0","14.73",",,,0","-1.64","1,,,0"
"USC00242112","1935-05","45.6","-107.45","923.5","CROW AGENCY, MT US","","","0.0",",0","7",",0","7",",0","0",",0","","","0",",0","0",",0","3",",0","0",",0","16",",0","0",",0","","","","","-2.2",",0,08,","","","0",",,0,31,+","18.8",",,0,19,","26.7",",0,16,","","","201.5",",0","69.6",",,,0","0",",,,0","11.83",",0","19.94",",,,0","3.73",",,,0"
"USC00242112","1935-06","45.6","-107.45","923.5","CROW AGENCY, MT US","","","27.8",",0","5",",0","5",",0","0",",0","","","0",",0","0",",0","0",",0","0",",0","25",",0","4",",0","","","","","3.9",",0,23,","","","0",",,0,30,+","11.4",",,0,12,","35.0",",0,29,","","","64.0",",0","37.8",",,,0","0",",,,0","17.13",",0","26.52",",,,0","7.74",",,,0"
"USC00242112","1935-07","45.6","-107.45","923.5","CROW AGENCY, MT US","","","190.9",",0","3",",0","3",",0","1",",0","","","0",",0","0",",0","0",",0","0",",0","31",",0","31",",0","","","","","8.3",",0,01,","","","0",",,0,31,+","35.1",",,0,21,","40.6",",0,27,","0.0","0","0.0",",0","49.8",",,,0","0",",,,0","24.49",",0","35.95",",,,0","13.03",",,,0"
"USC00242112","1935-08","45.6","-107.45","923.5","CROW AGENCY, MT US","","","76.8","1,0","1",",0","1",",0","0",",0","","","0",",0","0","1,0","0","1,0","0",",0","31",",0","15",",0","","","","","4.4","1,0,28,","","","0",",,0,31,+","19.8",",,0,19,","40.6",",0,10,","19.4","0","19.4",",0","19.8",",,,0","0",",,,0","20.34","1,0","31.49",",,,0","9.18","1,,,0"
"USC00242112","1935-09","45.6","-107.45","923.5","CROW AGENCY, MT US","","","6.9",",0","3",",0","3",",0","0",",0","","","0",",0","0",",0","0",",0","0",",0","28",",0","2",",0","","","","","0.6",",0,29,","","","0",",,0,30,+","16.0",",,0,24,","33.9",",0,14,","97.5","0","78.1",",0","30.0",",,,0","0",",,,0","15.96",",0","25.89",",,,0","6.03",",,,0"
"USC00242112","1935-10","45.6","-107.45","923.5","CROW AGENCY, MT US","","","0.0",",0","3",",0","2",",0","0",",0","","","2",",0","0",",0","20",",0","2",",0","10",",0","0",",0","","","","","-15.0",",0,31,","","","76",",,0,09,","7.6",",,0,09,","27.8",",0,02,","427.6","0","330.1",",0","12.1",",,,0","101",",,,0","7.68",",0","16.90",",,,0","-1.53",",,,0"
"USC00242112","1935-11","45.6","-107.45","923.5","CROW AGENCY, MT US","","","0.0",",0","4",",0","4",",0","0",",0","","","3",",0","4",",0","22",",0","5",",0","0",",0","0",",0","","","","","-23.3",",0,10,","","","76",",,0,10,","15.2",",,0,10,","15.6",",0,29,+","990.9","0","563.3",",0","24.8",",,,0","152",",,,0","-0.45",",0","5.79",",,,0","-6.68",",,,0"
"USC00242112","1935-12","45.6","-107.45","923.5","CROW AGENCY, MT US","","","0.0",",0","3",",0","3",",0","0",",0","","","1",",0","0",",0","31",",0","1",",0","0",",0","0",",0","","","","","-15.0",",0,24,","","","25",",,0,24,","12.7",",,0,13,","11.1",",0,06,","1588.4","0","597.5",",0","18.7",",,,0","25",",,,0","-0.94",",0","5.89",",,,0","-7.77",",,,0"
"USC00242112","1936-01","45.6","-107.45","923.5","CROW AGENCY, MT US","0.0","0","0.0","1,0","3",",0","3",",0","0",",0","","","3",",0","16","1,0","30","1,0","14",",0","0",",0","0",",0","","","","","-28.9","1,0,06,","","","102",",,0,17,","10.7",",,0,05,","12.2",",0,23,","2357.3","0","768.9",",0","24.7",",,,0","203",",,,0","-7.25","1,0","-0.54",",,,0","-13.97","1,,,0"
"USC00242112","1936-02","45.6","-107.45","923.5","CROW AGENCY, MT US","0.0","0","0.0","1,0","5",",0","4",",0","1",",0","","","4",",0","22","1,0","28","1,0","25",",0","0",",0","0",",0","","","","","-45.6","1,0,15,","","","330",",,0,12,","27.9",",,0,12,","7.8",",0,29,","3395.4","0","1038.1",",0","41.0",",,,0","469",",,,0","-18.65","1,0","-11.80",",,,0","-25.50","1,,,0"
"USC00242112","1936-03","45.6","-107.45","923.5","CROW AGENCY, MT US","0.0","0","0.0",",0","1",",0","1",",0","0",",0","","","1",",0","1",",0","29",",0","3",",0","0",",0","0",",0","","","","","-23.9",",0,30,","","","25",",,0,30,","4.1",",,0,30,","15.0",",0,18,","3920.9","0","525.5",",0","4.1",",,,0","25",",,,0","1.38",",0","7.73",",,,0","-4.97",",,,0"
"USC00242112","1936-04","45.6","-107.45","923.5","CROW AGENCY, MT US","0.0","0","0.0",",0","5",",0","5",",0","0",",0","","","0",",0","3",",0","9",",0","2",",0","8",",0","0",",0","","","","","-23.3",",0,02,","","","0",",,0,30,+","6.4",",,0,28,+","26.7",",0,19,+","4270.4","0","349.5",",0","24.2",",,,0","0",",,,0","6.68",",0","14.86",",,,0","-1.50",",,,0"
"USC00242112","1936-05","45.6","-107.45","923.5","CROW AGENCY, MT US","18.5","0","18.5",",0","2",",0","2",",0","1",",0","","","0",",0","0",",0","1",",0","0",",0","28",",0","6",",0","","","","","0.0",",0,01,","","","0",",,0,31,+","29.2",",,0,05,","34.4",",0,26,","4333.9","0","63.5",",0","39.4",",,,0","0",",,,0","16.88",",0","27.85",",,,0","5.92",",,,0"
"USC00242112","1936-06","45.6","-107.45","923.5","CROW AGENCY, MT US","116.9","0","98.4","1,0","4",",0","4",",0","0",",0","","","0",",0","0","1,0","0","1,0","0",",0","29",",0","14",",0","","","","","5.6","1,0,03,","","","0",",,0,30,+","11.4",",,0,09,","40.6",",0,23,","4363.6","0","29.7",",0","27.9",",,,0","0",",,,0","20.85","1,0","30.80",",,,0","10.90","1,,,0"
"USC00242112","1936-07","45.6","-107.45","923.5","CROW AGENCY, MT US","372.0","0","255.1",",0","2",",0","2",",0","0",",0","","","0",",0","0",",0","0",",0","0",",0","31",",0","29",",0","","","","","7.2",",0,28,+","","","0",",,0,31,+","10.7",",,0,11,+","43.3",",0,05,","0.0","0","0.0",",0","21.4",",,,0","0",",,,0","26.56",",0","37.76",",,,0","15.36",",,,0"
"USC00242112","1936-08","45.6","-107.45","923.5","CROW AGENCY, MT US","490.0","0","118.0","3,0","3",",0","3",",0","0",",0","","","0",",0","0","3,0","0","3,0","0","3,0","28","3,0","20","3,0","","","","","4.4","3,0,30,","","","0",",,0,31,+","7.6",",,0,16,","37.8","3,0,10,+","4.7","0","4.7","3,0","16.5",",,,0","0",",,,0","22.38","3,0","32.62","3,,,0","12.14","3,,,0"
"USC00242112","1936-09","45.6","-107.45","923.5","CROW AGENCY, MT US","508.1","0","18.1",",0","3",",0","3",",0","0",",0","","","0",",0","0",",0","4",",0","0",",0","25",",0","4",",0","","","","","-2.8",",0,16,","","","0",",,0,30,+","17.5",",,0,25,","35.0",",0,02,+","118.0","0","113.3",",0","29.0",",,,0","0",",,,0","15.16",",0","25.48",",,,0","4.84",",,,0"
"USC00242112","1936-10","45.6","-107.45","923.5","CROW AGENCY, MT US","508.1","0","0.0",",0","3",",0","3",",0","0",",0","","","0",",0","0",",0","14",",0","0",",0","13",",0","0",",0","","","","","-7.8",",0,25,","","","0",",,0,31,+","6.4",",,0,20,+","28.3",",0,08,","399.2","0","281.2",",0","17.4",",,,0","0",",,,0","9.26",",0","18.64",",,,0","-0.12",",,,0"
"USC00242112","1936-11","45.6","-107.45","923.5","CROW AGENCY, MT US","508.1","0","0.0",",0","2",",0","2",",0","0",",0","","","1",",0","1",",0","28",",0","4",",0","0",",0","0",",0","","","","","-23.9",",0,03,","","","152",",,0,01,","16.5",",,0,01,","19.4",",0,21,","910.4","0","511.2",",0","24.1",",,,0","152",",,,0","1.29",",0","8.66",",,,0","-6.07",",,,0"
"USC00242112","1936-12","45.6","-107.45","923.5","CROW AGENCY, MT US","508.1","0","0.0","1,0","3",",0","3",",0","0",",0","","","3",",0","6","1,0","30","1,0","8",",0","0",",0","0",",0","","","","","-27.2","1,0,06,","","","76",",,0,06,","11.4",",,0,06,","10.0",",0,19,","1569.6","0","659.2",",0","20.3",",,,0","152",",,,0","-3.63","1,0","2.78",",,,0","-10.05","1,,,0"
"USC00242112","1937-01","45.6","-107.45","923.5","CROW AGENCY, MT US","0.0","0","0.0",",0","2",",0","2",",0","0",",0","","","2",",0","27",",0","31",",0","28",",0","0",",0","0",",0","","","","","-38.9",",0,07,","","","76",",,0,05,","7.1",",,0,05,","1.7",",0,04,+","2639.6","0","1070.0",",0","9.6",",,,0","101",",,,0","-16.18",",0","-8.55",",,,0","-23.81",",,,0"
"USC00242112","1937-02","45.6","-107.45","923.5","CROW AGENCY, MT US","0.0","0","0.0",",0","5",",0","4",",0","0",",0","","","4",",0","15",",0","28",",0","13",",0","0",",0","0",",0","","","","","-37.2",",0,09,","","","203",",,0,22,+","19.1",",,0,22,","10.0",",0,12,","3410.4","0","770.8",",0","44.8",",,,0","629",",,,0","-9.19",",0","-0.73",",,,0","-17.66",",,,0"
"USC00242112","1937-03","45.6","-107.45","923.5","CROW AGENCY, MT US","0.0","0","0.0",",0","3",",0","3",",0","0",",0","","","1",",0","2",",0","28",",0","1",",0","0",",0","0",",0","","","","","-18.3",",0,01,","","","76",",,0,24,","7.6",",,0,24,","14.4",",0,31,","3949.4","0","539.0",",0","16.5",",,,0","76",",,,0","0.95",",0","7.76",",,,0","-5.87",",,,0"
"USC00242112","1937-04","45.6","-107.45","923.5","CROW AGENCY, MT US","","","","","2","1,0","2","1,0","0","1,0","","","0",",0","","","","","","","","","","","","","","","","","","","0",",,0,30,+","11.7","1,,0,11,","","","","","","","14.2","1,,,0","0",",,,0","","","","","",""
"USC00242112","1937-05","45.6","-107.45","923.5","CROW AGENCY, MT US","","","18.3","1,0","2",",0","2",",0","0",",0","","","0",",0","0","1,0","2","1,0","0",",0","28",",0","3",",0","","","","","-2.2","1,0,07,","","","0",",,0,31,+","12.7",",,0,21,","38.9",",0,19,","","","72.6",",0","24.4",",,,0","0",",,,0","16.51","1,0","26.46",",,,0","6.56","1,,,0"
"USC00242112","1937-06","45.6","-107.45","923.5","CROW AGENCY, MT US","","","63.5",",0","4",",0","3",",0","0",",0","","","0",",0","0",",0","0",",0","0",",0","20",",0","8",",0","","","","","3.9",",0,07,+","","","0",",,0,30,+","15.2",",,0,04,","38.3",",0,29,","","","74.4",",0","27.1",",,,0","0",",,,0","17.97",",0","26.37",",,,0","9.57",",,,0"
"USC00242112","1937-07","45.6","-107.45","923.5","CROW AGENCY, MT US","","","183.5",",0","5",",0","5",",0","0",",0","","","0",",0","0",",0","0",",0","0",",0","31",",0","23",",0","","","","","8.3",",0,16,","","","0",",,0,31,+","14.7",",,0,10,","42.2",",0,05,","0.0","0","0.0",",0","33.0",",,,0","0",",,,0","24.25",",0","34.48",",,,0","14.02",",,,0"
"USC00242112","1937-08","45.6","-107.45","923.5","CROW AGENCY, MT US","","","112.4",",0","0",",0","0",",0","0",",0","","","0",",0","0",",0","0",",0","0",",0","31",",0","23",",0","","","","","3.9",",0,03,","","","0",",,0,31,+","0.0",",,0,31,+","40.6",",0,13,","3.6","0","3.6",",0","0.0",",,,0","0",",,,0","21.84",",0","34.17",",,,0","9.51",",,,0"
"USC00242112","1937-09","45.6","-107.45","923.5","CROW AGENCY, MT US","","","29.2",",0","3",",0","3",",0","0",",0","","","0",",0","0",",0","1",",0","0",",0","27",",0","7",",0","","","","","-1.1",",0,25,","","","0",",,0,30,+","11.4",",,0,05,","36.7",",0,19,","63.4","0","59.8",",0","26.7",",,,0","0",",,,0","17.31",",0","28.01",",,,0","6.61",",,,0"
"USC00242112","1937-10","45.6","-107.45","923.5","CROW AGENCY, MT US","","","0.0",",0","1",",0","1",",0","1",",0","","","0","1,0","0",",0","15",",0","0",",0","22",",0","0",",0","","","","","-3.9",",0,14,","","","0","1,,0,31,+","33.0",",,0,05,","29.4",",0,01,","279.4","0","216.0",",0","33.0",",,,0","0","1,,,0","11.36",",0","21.82",",,,0","0.91",",,,0"
"USC00242112","1937-11","45.6","-107.45","923.5","CROW AGENCY, MT US","","","0.0","1,0","2",",0","2",",0","0",",0","","","2",",0","1",",0","29",",0","5","1,0","1","1,0","0","1,0","","","","","-21.1",",0,19,","","","127",",,0,28,","12.7",",,0,28,","21.1","1,0,09,","775.6","0","496.2","1,0","19.1",",,,0","203",",,,0","1.29","1,0","8.63","1,,,0","-6.06",",,,0"
"USC00242112","1937-12","45.6","-107.45","923.5","CROW AGENCY, MT US","","","0.0",",0","3",",0","3",",0","0",",0","","","3",",0","8",",0","31",",0","8",",0","0",",0","0",",0","","","","","-32.2",",0,24,","","","76",",,0,13,","11.4",",,0,13,","10.0",",0,30,","1511.0","0","735.4",",0","21.6",",,,0","152",",,,0","-5.39",",0","2.25",",,,0","-13.03",",,,0"
"USC00242112","1938-01","45.6","-107.45","923.5","CROW AGENCY, MT US","0.0","0","0.0",",0","1",",0","0",",0","0",",0","","","0",",0","3",",0","31",",0","4",",0","0",",0","0",",0","","","","","-30.0",",0,30,","","","13",",,0,30,","1.3",",,0,30,","8.9",",0,22,","2160.3","0","649.3",",0","1.3",",,,0","13",",,,0","-2.61",",0","4.46",",,,0","-9.68",",,,0"
"USC00242112","1938-02","45.6","-107.45","923.5","CROW AGENCY, MT US","0.0","0","0.0","1,0","2",",0","2",",0","0",",0","","","2",",0","10","1,0","27","1,0","11",",0","0",",0","0",",0","","","","","-23.9","1,0,03,","","","76",",,0,02,","5.6",",,0,02,","15.6",",0,26,","2801.3","0","641.0",",0","8.1",",,,0","101",",,,0","-5.33","1,0","3.08",",,,0","-13.74","1,,,0"
"USC00242112","1938-03","45.6","-107.45","923.5","CROW AGENCY, MT US","0.0","0","0.0","1,0","5","2,0","4","2,0","1","2,0","","","1",",0","0","1,0","28","1,0","3",",0","0",",0","0",",0","","","","","-11.1","1,0,06,","","","102",",,0,21,","29.2","2,,0,21,","20.0",",0,13,","3263.4","0","462.1",",0","73.7",",a,,0","204",",a,,0","3.04","1,0","10.36",",,,0","-4.27","1,,,0"
"USC00242112","1938-04","45.6","-107.45","923.5","CROW AGENCY, MT US","0.0","0","0.0",",0","2",",0","2",",0","0",",0","","","1",",0","0",",0","13",",0","0",",0","8",",0","0",",0","","","","","-9.4",",0,01,","","","25",",,0,06,","3.8",",,0,19,+","26.7",",0,30,","3579.4","0","316.0",",0","7.6",",,,0","25",",,,0","7.80",",0","16.73",",,,0","-1.13",",,,0"
"USC00242112","1938-05","45.6","-107.45","923.5","CROW AGENCY, MT US","1.4","0","1.4",",0","9",",0","9",",0","1",",0","","","0",",0","0",",0","7",",0","0",",0","14",",0","0",",0","","","","","-5.6",",0,07,","","","0",",,0,31,+","50.3",",,0,20,","31.1",",0,27,","3792.9","0","213.5",",0","102.8",",,,0","0",",,,0","11.49",",0","20.16",",,,0","2.82",",,,0"
"USC00242112","1938-06","45.6","-107.45","923.5","CROW AGENCY, MT US","52.2","0","50.8",",0","5",",0","5",",0","0",",0","","","0",",0","0",",0","0",",0","0",",0","29",",0","5",",0","","","","","0.6",",0,11,","","","0",",,0,30,+","14.7",",,0,29,","34.4",",0,19,","3837.5","0","44.6",",0","42.8",",,,0","0",",,,0","18.54",",0","28.11",",,,0","8.96",",,,0"
"USC00242112","1938-07","45.6","-107.45","923.5","CROW AGENCY, MT US","151.0","0","98.8",",0","5",",0","5",",0","0",",0","","","0",",0","0",",0","0",",0","0",",0","31",",0","13",",0","","","","","8.9",",0,30,+","","","0",",,0,31,+","22.4",",,0,25,","36.7",",0,24,+","0.6","0","0.6",",0","85.8",",,,0","0",",,,0","21.50",",0","31.12",",,,0","11.88",",,,0"
"USC00242112","1938-08","45.6","-107.45","923.5","CROW AGENCY, MT US","218.6","0","67.6",",0","3",",0","3",",0","0",",0","","","0",",0","0",",0","0",",0","0",",0","31",",0","15",",0","","","","","3.9",",0,21,","","","0",",,0,31,+","22.9",",,0,14,+","38.9",",0,11,","17.3","0","16.7",",0","48.3",",,,0","0",",,,0","19.97",",0","30.78",",,,0","9.16",",,,0"
"USC00242112","1938-09","45.6","-107.45","923.5","CROW AGENCY, MT US","240.5","0","21.9",",0","1",",0","1",",0","0",",0","","","0",",0","0",",0","2",",0","0",",0","30",",0","12",",0","","","","","0.0",",0,28,+","","","0",",,0,30,+","7.6",",,0,09,","35.0",",0,24,+","51.2","0","33.9",",0","7.6",",,,0","0",",,,0","17.93",",0","29.74",",,,0","6.12",",,,0"
"USC00242112","1938-10","45.6","-107.45","923.5","CROW AGENCY, MT US","240.5","0","0.0",",0","2",",0","2",",0","0",",0","","","0",",0","0",",0","12",",0","0",",0","20",",0","0",",0","","","","","-5.6",",0,19,","","","0",",,0,31,+","12.7",",,0,18,","29.4",",0,01,","272.5","0","221.3",",0","17.0",",,,0","0",",,,0","11.19",",0","21.20",",,,0","1.18",",,,0"
"USC00242112","1938-11","45.6","-107.45","923.5","CROW AGENCY, MT US","240.5","0","0.0",",0","3",",0","2",",0","0",",0","","","2",",0","3",",0","29",",0","4",",0","0",",0","0",",0","","","","","-21.1",",0,23,","","","102",",,0,12,","18.3",",,0,12,","12.8",",0,03,+","866.4","0","593.9",",0","22.1",",,,0","140",",,,0","-1.46",",0","6.98",",,,0","-9.91",",,,0"
"USC00242112","1938-12","45.6","-107.45","923.5","CROW AGENCY, MT US","240.5","0","0.0",",0","1",",0","0",",0","0",",0","","","0",",0","5",",0","29",",0","4",",0","0",",0","0",",0","","","","","-22.2",",0,27,","","","8",",,0,26,","0.8",",,0,26,","17.2",",0,25,","1480.3","0","613.9",",0","0.8",",,,0","8",",,,0","-1.47",",0","7.20",",,,0","-10.14",",,,0"
"USC00242112","1939-01","45.6","-107.45","923.5","CROW AGENCY, MT US","","","","","2",",0","2",",0","0",",0","","","2",",0","","","","","1",",0","0",",0","0",",0","","","","","","","","","51",",,0,31,+","6.4",",,0,31,","15.0",",0,02,+","","","","","11.7",",,,0","102",",,,0","","","8.11",",,,0","",""
"USC00242112","1939-02","45.6","-107.45","923.5","CROW AGENCY, MT US","","","0.0",",0","3",",0","3",",0","0",",0","","","3",",0","15",",0","27",",0","12",",0","0",",0","0",",0","","","","","-34.4",",0,10,","","","152",",,0,15,","17.8",",,0,15,","11.1",",0,12,","","","750.0",",0","23.3",",,,0","228",",,,0","-8.45",",0","-0.16",",,,0","-16.75",",,,0"
"USC00242112","1939-03","45.6","-107.45","923.5","CROW AGENCY, MT US","","","0.0",",0","3",",0","3",",0","0",",0","","","3",",0","1",",0","23",",0","0",",0","6",",0","0",",0","","","","","-23.3",",0,05,","","","51",",,0,13,","5.6",",,0,13,","25.6",",0,22,","","","453.0",",0","11.1",",,,0","101",",,,0","3.72",",0","11.92",",,,0","-4.48",",,,0"
"USC00242112","1939-04","45.6","-107.45","923.5","CROW AGENCY, MT US","","","7.2",",0","6",",0","6",",0","0",",0","","","0",",0","0",",0","9",",0","0",",0","14",",0","1",",0","","","","","-10.6",",0,06,","","","0",",T,0,05,+","8.9",",,0,10,","34.4",",0,29,","","","241.1",",0","30.2",",,,0","0",",T,,0","10.54",",0","19.00",",,,0","2.07",",,,0"
"USC00242112","1939-05","45.6","-107.45","923.5","CROW AGENCY, MT US","","","","","6",",0","6",",0","2",",0","","","0",",0","","","","","0","1,0","25","1,0","2","1,0","","","","","","","","","0",",,0,31,+","41.9",",,0,24,","33.3","1,0,16,","","","","","100.3",",,,0","0",",,,0","","","25.56","1,,,0","",""
"USC00242112","1939-06","45.6","-107.45","923.5","CROW AGENCY, MT US","","","16.1",",0","9",",0","9",",0","1",",0","","","0",",0","0",",0","0",",0","0",",0","27",",0","2",",0","","","","","4.4",",0,25,+","","","0",",,0,30,+","29.2",",,0,01,","33.9",",0,30,","","","75.0",",0","89.8",",,,0","0",",,,0","16.37",",0","24.93",",,,0","7.81",",,,0"
"USC00242112","1939-07","45.6","-107.45","923.5","CROW AGENCY, MT US","","","174.4",",0","1",",0","1",",0","0",",0","","","0",",0","0",",0","0",",0","0",",0","31",",0","27",",0","","","","","4.4",",0,21,","","","0",",,0,31,+","6.4",",,0,05,","42.2",",0,28,","0.0","0","0.0",",0","6.4",",,,0","0",",,,0","23.96",",0","35.69",",,,0","12.22",",,,0"
"USC00242112","1939-08","45.6","-107.45","923.5","CROW AGENCY, MT US","","","94.1",",0","3",",0","3",",0","0",",0","","","0",",0","0",",0","0",",0","0",",0","29",",0","19",",0","","","","","3.3",",0,22,+","","","0",",,0,31,+","24.1",",,0,10,","37.8",",0,14,","31.5","0","31.5",",0","31.7",",,,0","0",",,,0","20.35",",0","31.63",",,,0","9.07",",,,0"
"USC00242112","1939-09","45.6","-107.45","923.5","CROW AGENCY, MT US","","","12.7",",0","2",",0","2",",0","0",",0","","","0",",0","0",",0","5",",0","0",",0","24",",0","5",",0","","","","","-2.2",",0,26,","","","0",",,0,30,+","11.4",",,0,28,","35.6",",0,01,","135.4","0","103.9",",0","17.8",",,,0","0",",,,0","15.29",",0","26.39",",,,0","4.20",",,,0"
"USC00242112","1939-10","45.6","-107.45","923.5","CROW AGENCY, MT US","","","0.0",",0","2",",0","2",",0","0",",0","","","0",",0","0",",0","18",",0","0",",0","13",",0","0",",0","","","","","-3.9",",0,31,+","","","0",",,0,31,+","8.9",",,0,28,","27.2",",0,23,+","402.7","0","267.3",",0","11.4",",,,0","0",",,,0","9.71",",0","19.23",",,,0","0.19",",,,0"
"USC00242112","1939-11","45.6","-107.45","923.5","CROW AGENCY, MT US","","","0.0",",0","1",",0","1",",0","0",",0","","","0",",0","0",",0","28",",0","0",",0","2",",0","0",",0","","","","","-16.1",",0,27,","","","0",",,0,30,+","5.1",",,0,07,","21.7",",0,05,+","809.4","0","406.7",",0","5.1",",,,0","0",",,,0","4.78",",0","16.60",",,,0","-7.04",",,,0"
"USC00242112","1939-12","45.6","-107.45","923.5","CROW AGENCY, MT US","","","0.0",",0","3",",0","2",",0","0",",0","","","3",",0","1",",0","29",",0","6",",0","2",",0","0",",0","","","","","-17.8",",0,27,","","","51",",,0,25,","7.9",",,0,25,","25.6",",0,05,","1312.7","0","503.3",",0","15.8",",,,0","101",",,,0","2.10",",0","10.65",",,,0","-6.46",",,,0"
"USC00242112","1940-01","45.6","-107.45","923.5","CROW AGENCY, MT US","0.0","0","0.0",",0","6",",0","4",",0","0",",0","","","4",",0","15",",0","31",",0","17",",0","0",",0","0",",0","","","","","-37.2",",0,25,","","","76",",,0,07,","7.4",",,0,07,","10.6",",0,29,","2186.6","0","873.9",",0","18.9",",,,0","203",",,,0","-9.86",",0","-1.47",",,,0","-18.24",",,,0"
"USC00242112","1940-02","45.6","-107.45","923.5","CROW AGENCY, MT US","0.0","0","0.0",",0","7",",0","6",",0","0",",0","","","5",",0","3",",0","28",",0","4",",0","0",",0","0",",0","","","","","-23.3",",0,24,","","","51",",,0,18,","5.6",",,0,18,","12.8",",0,28,","2798.0","0","611.4",",0","27.4",",,,0","177",",,,0","-2.75",",0","4.83",",,,0","-10.33",",,,0"
"USC00242112","1940-03","45.6","-107.45","923.5","CROW AGENCY, MT US","0.0","0","0.0",",0","1",",0","1",",0","0",",0","","","0",",0","0",",0","25",",0","0",",0","1",",0","0",",0","","","","","-8.3",",0,15,","","","0",",T,0,19,+","11.9",",,0,08,","21.1",",0,16,","3214.0","0","416.0",",0","11.9",",,,0","0",",T,,0","4.91",",0","11.90",",,,0","-2.07",",,,0"
"USC00242112","1940-04","45.6","-107.45","923.5","CROW AGENCY, MT US","0.0","0","0.0",",0","11",",0","11",",0","1",",0","","","1",",0","0",",0","15",",0","1",",0","4",",0","0",",0","","","","","-17.2",",0,11,","","","102",",,0,02,","26.7",",,0,02,","22.8",",0,18,","3555.8","0","341.8",",0","105.7",",,,0","102",",,,0","6.94",",0","14.28",",,,0","-0.40",",,,0"
"USC00242112","1940-05","45.6","-107.45","923.5","CROW AGENCY, MT US","5.0","0","5.0",",0","4",",0","4",",0","1",",0","","","0",",0","0",",0","3",",0","0",",0","30",",0","2",",0","","","","","-1.7",",0,14,","","","0",",,0,31,+","25.4",",,0,13,","35.0",",0,31,","3662.8","0","107.0",",0","38.1",",,,0","0",",,,0","15.04",",0","25.52",",,,0","4.56",",,,0"
"USC00242112","1940-06","45.6","-107.45","923.5","CROW AGENCY, MT US","69.6","0","64.6",",0","7",",0","7",",0","1",",0","","","0",",0","0",",0","0",",0","0",",0","27",",0","13",",0","","","","","4.4",",0,23,+","","","0",",,0,30,+","33.5",",,0,08,","37.8",",0,19,+","3691.5","0","28.7",",0","83.8",",,,0","0",",,,0","19.53",",0","29.74",",,,0","9.32",",,,0"
"USC00242112","1940-07","45.6","-107.45","923.5","CROW AGENCY, MT US","233.3","0","163.7",",0","4",",0","3",",0","0",",0","","","0",",0","0",",0","0",",0","0",",0","31",",0","24",",0","","","","","6.1",",0,28,","","","0",",,0,31,+","7.6",",,0,26,","40.6",",0,23,+","1.0","0","1.0",",0","16.5",",,,0","0",",,,0","23.58",",0","34.18",",,,0","12.98",",,,0"
"USC00242112","1940-08","45.6","-107.45","923.5","CROW AGENCY, MT US","369.5","0","136.2",",0","1",",0","1",",0","0",",0","","","0",",0","0",",0","0",",0","0",",0","31",",0","24",",0","","","","","2.8",",0,18,","","","0",",,0,31,+","15.2",",,0,01,","41.1",",0,12,","7.6","0","6.6",",0","15.2",",,,0","0",",,,0","22.51",",0","34.52",",,,0","10.50",",,,0"
"USC00242112","1940-09","45.6","-107.45","923.5","CROW AGENCY, MT US","409.1","0","39.6",",0","2",",0","2",",0","0",",0","","","0",",0","0",",0","2",",0","0",",0","28",",0","8",",0","","","","","0.0",",0,25,+","","","0",",,0,30,+","5.6",",,0,29,","38.9",",0,02,","42.6","0","35.0",",0","8.1",",,,0","0",",,,0","18.49",",0","28.79",",,,0","8.18",",,,0"
"USC00242112","1940-10","45.6","-107.45","923.5","CROW AGENCY, MT US","409.1","0","0.0",",0","5",",0","4",",0","0",",0","","","0",",0","0",",0","9",",0","0",",0","15",",0","0",",0","","","","","-3.3",",0,31,+","","","0",",,0,31,+","16.3",",,0,01,","28.9",",0,21,+","251.1","0","208.5",",0","29.5",",,,0","0",",,,0","11.61",",0","21.23",",,,0","1.99",",,,0"
"USC00242112","1940-11","45.6","-107.45","923.5","CROW AGENCY, MT US","409.1","0","0.0",",0","5",",0","4",",0","0",",0","","","4",",0","7",",0","30",",0","6",",0","0",",0","0",",0","","","","","-26.7",",0,12,","","","76",",,0,19,+","7.6",",,0,04,","17.2",",0,02,","891.1","0","640.0",",0","22.6",",,,0","202",",,,0","-3.00",",0","5.35",",,,0","-11.35",",,,0"
"USC00242112","1940-12","45.6","-107.45","923.5","CROW AGENCY, MT US","409.1","0","0.0",",0","3",",0","2",",0","0",",0","","","2",",0","5",",0","30",",0","6",",0","0",",0","0",",0","","","","","-26.7",",0,13,","","","76",",,0,31,","3.8",",,0,31,+","18.3",",0,05,","1523.4","0","632.3",",0","9.6",",,,0","127",",,,0","-2.06",",0","5.98",",,,0","-10.11",",,,0"
"USC00242112","1941-01","45.6","-107.45","923.5","CROW AGENCY, MT US","0.0","0","0.0",",0","2",",0","0",",0","0",",0","","","1",",0","6",",0","31",",0","6",",0","0",",0","0",",0","","","","","-24.4",",0,04,","","","38",",,0,18,","1.8",",,0,18,","15.0",",0,28,","2200.5","0","677.1",",0","2.6",",,,0","51",",,,0","-3.51",",0","5.16",",,,0","-12.18",",,,0"
"USC00242112","1941-02","45.6","-107.45","923.5","CROW AGENCY, MT US","0.0","0","0.0",",0","1",",0","0",",0","0",",0","","","0",",0","1",",0","26",",0","1",",0","0",",0","0",",0","","","","","-21.1",",0,23,","","","0",",T,0,24,+","1.0",",,0,12,","20.0",",0,28,","2723.1","0","522.6",",0","1.0",",,,0","0",",T,,0","-0.33",",0","10.27",",,,0","-10.93",",,,0"
"USC00242112","1941-03","45.6","-107.45","923.5","CROW AGENCY, MT US","0.0","0","0.0","1,0","4",",0","3",",0","0",",0","","","2",",0","1",",0","31",",0","3","1,0","2","1,0","0","1,0","","","","","-18.3",",0,16,","","","51",",,0,16,+","4.3",",,0,21,","22.8","1,0,31,","3200.9","0","477.8","1,0","11.3",",,,0","102",",,,0","2.51","1,0","11.24","1,,,0","-6.22",",,,0"
"USC00242112","1941-04","45.6","-107.45","923.5","CROW AGENCY, MT US","0.0","0","0.0",",0","3","5,0","3","5,0","0","5,0","","","3",",0","0",",0","22",",0","0",",0","8",",0","0",",0","","","","","-12.8",",0,20,","","","254",",,0,17,","12.7","5,,0,04,","23.3",",0,30,","3545.4","0","344.5",",0","95.5",",a,,0","343",",,,0","6.85",",0","16.06",",,,0","-2.36",",,,0"
"USC00242112","1941-05","45.6","-107.45","923.5","CROW AGENCY, MT US","5.3","0","5.3","1,0","4",",0","3",",0","0",",0","","","0",",0","0","1,0","2","1,0","0",",0","24",",0","2",",0","","","","","-0.6","1,0,07,","","","0",",,0,31,+","13.5",",,0,14,","34.4",",0,12,","3641.5","0","96.1",",0","22.1",",,,0","0",",,,0","15.23","1,0","25.54",",,,0","4.92","1,,,0"
"USC00242112","1941-06","45.6","-107.45","923.5","CROW AGENCY, MT US","72.2","0","66.9",",0","6",",0","5",",0","1",",0","","","0",",0","0",",0","0",",0","0",",0","25",",0","10",",0","","","","","2.2",",0,11,","","","0",",,0,30,+","41.9",",,0,05,","39.4",",0,24,","3693.6","0","52.1",",0","61.1",",,,0","0",",,,0","18.83",",0","28.15",",,,0","9.50",",,,0"
"USC00242112","1941-07","45.6","-107.45","923.5","CROW AGENCY, MT US","204.0","0","131.8",",0","7",",0","5",",0","0",",0","","","0",",0","0",",0","0",",0","0",",0","31",",0","21",",0","","","","","3.9",",0,01,","","","0",",,0,31,+","17.3",",,0,24,","39.4",",0,19,","3.4","0","3.4",",0","38.9",",,,0","0",",,,0","22.48",",0","33.11",",,,0","11.84",",,,0"
"USC00242112","1941-08","45.6","-107.45","923.5","CROW AGENCY, MT US","316.0","0","112.0",",0","4","2,0","1","2,0","0","2,0","","","0",",0","0",",0","0",",0","0",",0","31",",0","18",",0","","","","","3.9",",0,25,","","","0",",,0,31,+","10.2","2,,0,02,","37.8",",0,08,+","13.1","0","9.7",",0","19.7",",a,,0","0",",,,0","21.63",",0","31.49",",,,0","11.78",",,,0"
"USC00242112","1941-09","45.6","-107.45","923.5","CROW AGENCY, MT US","316.8","0","0.8",",0","9",",0","8",",0","2",",0","","","1",",0","0",",0","7",",0","0",",0","17",",0","0",",0","","","","","-5.0",",0,28,","","","76",",,0,27,","50.5",",,0,07,","30.6",",0,18,+","183.2","0","170.1",",0","143.2",",,,0","76",",,,0","12.69",",0","21.65",",,,0","3.73",",,,0"
"USC00242112","1941-10","45.6","-107.45","923.5","CROW AGENCY, MT US","316.8","0","0.0",",0","5",",0","4",",0","0",",0","","","1",",0","0",",0","24",",0","0",",0","6",",0","0",",0","","","","","-13.3",",0,30,","","","64",",,0,05,","16.3",",,0,05,","25.0",",0,12,","521.9","0","338.7",",0","30.1",",,,0","84",",,,0","7.41",",0","16.96",",,,0","-2.15",",,,0"
"USC00242112","1941-11","45.6","-107.45","923.5","CROW AGENCY, MT US","316.8","0","0.0",",0","6",",0","3",",0","0",",0","","","3",",0","3",",0","28",",0","3",",0","0",",0","0",",0","","","","","-26.7",",0,22,","","","109",",,0,19,","12.7",",,0,18,","20.0",",0,11,","1015.9","0","494.0",",0","34.6",",,,0","238",",,,0","1.87",",0","10.66",",,,0","-6.93",",,,0"
"USC00242112","1941-12","45.6","-107.45","923.5","CROW AGENCY, MT US","316.8","0","0.0",",0","9",",0","5",",0","0",",0","","","4",",0","5",",0","30",",0","9",",0","1",",0","0",",0","","","","","-30.0",",0,28,","","","165",",,0,25,","9.1",",,0,04,","22.2",",0,03,","1694.3","0","678.4",",0","32.5",",,,0","418",",,,0","-3.55",",0","3.66",",,,0","-10.76",",,,0"
"USC00242112","1942-01","45.6","-107.45","923.5","CROW AGENCY, MT US","0.0","0","0.0",",0","6",",0","1",",0","0",",0","","","2",",0","9",",0","31",",0","9",",0","0",",0","0",",0","","","","","-37.8",",0,01,","","","36",",,0,06,","3.0",",,0,28,","11.7",",0,27,","2471.9","0","777.6",",0","6.1",",,,0","76",",,,0","-6.75",",0","2.24",",,,0","-15.74",",,,0"
"USC00242112","1942-02","45.6","-107.45","923.5","CROW AGENCY, MT US","0.0","0","0.0",",0","8",",0","2",",0","0",",0","","","6",",0","10",",0","28",",0","6",",0","0",",0","0",",0","","","","","-29.4",",0,24,","","","51",",,0,22,+","3.3",",,0,12,","8.9",",0,03,","3153.9","0","682.0",",0","12.4",",,,0","254",",,,0","-6.02",",0","2.14",",,,0","-14.19",",,,0"
"USC00242112","1942-03","45.6","-107.45","923.5","CROW AGENCY, MT US","0.0","0","0.0",",0","5",",0","3",",0","0",",0","","","3",",0","0",",0","31",",0","0",",0","0",",0","0",",0","","","","","-11.7",",0,28,","","","66",",,0,24,","8.4",",,0,15,","19.4",",0,31,","3659.1","0","505.2",",0","20.1",",,,0","168",",,,0","2.04",",0","9.89",",,,0","-5.82",",,,0"
"USC00242112","1942-04","45.6","-107.45","923.5","CROW AGENCY, MT US","0.0","0","0.0",",0","6",",0","4",",0","0",",0","","","0",",0","0",",0","17",",0","0",",0","14",",0","0",",0","","","","","-7.8",",0,07,","","","0",",,0,30,+","21.6",",,0,18,","28.9",",0,21,","3923.4","0","264.3",",0","47.9",",,,0","0",",,,0","9.52",",0","19.50",",,,0","-0.45",",,,0"
"USC00242112","1942-05","45.6","-107.45","923.5","CROW AGENCY, MT US","1.1","0","1.1",",0","13",",0","9",",0","0",",0","","","0",",0","0",",0","10",",0","0",",0","14",",0","0",",0","","","","","-3.9",",0,18,","","","0",",,0,31,+","17.0",",,0,11,","28.9",",0,23,","4143.8","0","220.4",",0","74.4",",,,0","0",",,,0","11.26",",0","19.53",",,,0","2.98",",,,0"
"USC00242112","1942-06","45.6","-107.45","923.5","CROW AGENCY, MT US","4.8","0","3.7",",0","10",",0","7",",0","0",",0","","","0",",0","0",",0","0",",0","0",",0","26",",0","0",",0","","","","","1.1",",0,22,+","","","0",",,0,30,+","11.4",",,0,05,","28.9",",0,09,","4223.7","0","79.9",",0","47.2",",,,0","0",",,,0","15.79",",0","24.93",",,,0","6.65",",,,0"
"USC00242112","1942-07","45.6","-107.45","923.5","CROW AGENCY, MT US","112.0","0","107.2",",0","5",",0","2",",0","0",",0","","","0",",0","0",",0","0",",0","0",",0","31",",0","22",",0","","","","","5.0",",0,12,","","","0",",,0,31,+","6.1",",,0,26,","39.4",",0,22,","1.7","0","1.7",",0","13.5",",,,0","0",",,,0","21.74",",0","32.79",",,,0","10.69",",,,0"
"USC00242112","1942-08","45.6","-107.45","923.5","CROW AGENCY, MT US","180.9","0","68.9",",0","5",",0","3",",0","0",",0","","","0",",0","0",",0","0",",0","0",",0","31",",0","14",",0","","","","","2.2",",0,17,","","","0",",,0,31,+","10.4",",,0,07,","38.9",",0,19,","14.2","0","12.5",",0","27.4",",,,0","0",",,,0","20.15",",0","31.80",",,,0","8.50",",,,0"
"USC00242112","1942-09","45.6","-107.45","923.5","CROW AGENCY, MT US","192.8","0","11.9",",0","8",",0","6",",0","0",",0","","","1",",0","0",",0","6",",0","0",",0","21",",0","5",",0","","","","","-6.1",",0,26,","","","25",",,0,18,","17.8",",,0,18,","35.0",",0,08,","144.4","0","130.2",",0","50.6",",,,0","25",",,,0","14.39",",0","24.00",",,,0","4.78",",,,0"
"USC00242112","1942-10","45.6","-107.45","923.5","CROW AGENCY, MT US","192.8","0","0.0","1,0","3",",0","2",",0","0",",0","","","0",",0","0","1,0","17","1,0","0",",0","13",",0","0",",0","","","","","-10.0","1,0,29,","","","0",",,0,31,+","14.2",",,0,13,","31.1",",0,09,","406.1","0","261.7",",0","25.4",",,,0","0",",,,0","9.59","1,0","20.00",",,,0","-0.82","1,,,0"
"USC00242112","1942-11","45.6","-107.45","923.5","CROW AGENCY, MT US","192.8","0","0.0",",0","8",",0","7",",0","0",",0","","","4",",0","0",",0","30",",0","3",",0","0",",0","0",",0","","","","","-14.4",",0,29,","","","51",",,0,30,+","11.2",",,0,09,","20.0",",0,14,","930.2","0","524.1",",0","43.7",",,,0","178",",,,0","0.86",",0","9.21",",,,0","-7.48",",,,0"
"USC00242112","1942-12","45.6","-107.45","923.5","CROW AGENCY, MT US","192.8","0","0.0",",0","7",",0","3",",0","0",",0","","","4",",0","8",",0","31",",0","8",",0","0",",0","0",",0","","","","","-24.4",",0,06,","","","127",",,0,02,","12.7",",,0,02,","16.1",",0,16,","1599.2","0","669.0",",0","21.3",",,,0","228",",,,0","-3.25",",0","4.23",",,,0","-10.73",",,,0"
"USC00242112","1943-01","45.6","-107.45","923.5","CROW AGENCY, MT US","0.0","0","0.0","1,0","11",",0","6",",0","0",",0","","","6",",0","14","1,0","29","1,0","16",",0","0",",0","0",",0","","","","","-32.8","1,0,18,","","","114",",,0,01,","7.9",",,0,02,","11.1",",0,13,","2459.5","0","860.3",",0","28.0",",,,0","394",",,,0","-10.39","1,0","-2.82",",,,0","-17.96","1,,,0"
"USC00242112","1943-02","45.6","-107.45","923.5","CROW AGENCY, MT US","0.0","0","0.0",",0","6",",0","3",",0","0",",0","","","3",",0","2",",0","27",",0","2",",0","0",",0","0",",0","","","","","-27.2",",0,10,","","","89",",,0,09,","7.1",",,0,09,","18.3",",0,21,","2993.9","0","534.4",",0","18.2",",,,0","191",",,,0","-0.75",",0","8.55",",,,0","-10.05",",,,0"
"USC00242112","1943-03","45.6","-107.45","923.5","CROW AGENCY, MT US","0.0","0","0.0",",0","7",",0","3",",0","0",",0","","","4",",0","11",",0","30",",0","8",",0","3",",0","0",",0","","","","","-33.3",",0,16,","","","76",",,0,15,","7.1",",,0,15,","26.7",",0,30,+","3681.1","0","687.2",",0","21.3",",,,0","255",",,,0","-3.83",",0","6.15",",,,0","-13.82",",,,0"
"USC00242112","1943-04","45.6","-107.45","923.5","CROW AGENCY, MT US","0.0","0","0.0",",0","3",",0","2",",0","0",",0","","","0",",0","0",",0","17",",0","0",",0","14",",0","0",",0","","","","","-6.7",",0,14,","","","0",",,0,30,+","13.5",",,0,26,","29.4",",0,23,","3912.6","0","231.5",",0","17.3",",,,0","0",",,,0","10.62",",0","20.90",",,,0","0.33",",,,0"
"USC00242112","1943-05","45.6","-107.45","923.5","CROW AGENCY, MT US","2.5","0","2.5",",0","8",",0","5",",0","0",",0","","","0",",0","0",",0","9",",0","0",",0","14",",0","0",",0","","","","","-9.4",",0,12,","","","0",",T,0,11,","13.2",",,0,11,","30.6",",0,28,+","4150.2","0","237.6",",0","45.3",",,,0","0",",T,,0","10.75",",0","19.38",",,,0","2.12",",,,0"
"USC00242112","1943-06","45.6","-107.45","923.5","CROW AGENCY, MT US","21.4","0","18.9",",0","13",",0","11",",0","1",",0","","","0",",0","0",",0","2",",0","0",",0","25",",0","2",",0","","","","","-1.7",",0,03,","","","0",",T,0,03,","36.3",",,0,03,","34.4",",0,22,","4240.1","0","89.9",",0","129.1",",,,0","0",",T,,0","15.97",",0","24.48",",,,0","7.45",",,,0"
"USC00242112","1943-07","45.6","-107.45","923.5","CROW AGENCY, MT US","119.2","0","97.8","1,0","3",",0","0",",0","0",",0","","","0",",0","0",",0","0",",0","0","1,0","30","1,0","21","1,0","","","","","2.2",",0,13,","","","0",",,0,31,+","1.0",",,0,23,","40.0","1,0,31,","6.9","0","6.9","1,0","2.0",",,,0","0",",,,0","21.36","1,0","33.48","1,,,0","9.23",",,,0"
"USC00242112","1943-08","45.6","-107.45","923.5","CROW AGENCY, MT US","201.5","0","82.3",",0","6",",0","3",",0","0",",0","","","0",",0","0",",0","0",",0","0",",0","31",",0","19",",0","","","","","5.0",",0,23,+","","","0",",,0,31,+","23.6",",,0,03,","39.4",",0,01,","11.4","0","4.5",",0","53.6",",,,0","0",",,,0","20.84",",0","32.48",",,,0","9.21",",,,0"
"USC00242112","1943-09","45.6","-107.45","923.5","CROW AGENCY, MT US","205.1","0","3.6",",0","5",",0","1",",0","0",",0","","","0",",0","0",",0","10",",0","0",",0","26",",0","2",",0","","","","","-5.0",",0,19,","","","0",",,0,30,+","3.8",",,0,05,","35.6",",0,17,","129.2","0","117.8",",0","7.7",",,,0","0",",,,0","14.53",",0","27.20",",,,0","1.85",",,,0"
"USC00242112","1943-10","45.6","-107.45","923.5","CROW AGENCY, MT US","205.1","0","0.0",",0","6",",0","6",",0","0",",0","","","1",",0","0",",0","24",",0","0",",0","16",",0","0",",0","","","","","-6.7",",0,24,+","","","76",",,0,31,","19.6",",,0,31,","31.1",",0,04,+","384.4","0","255.2",",0","63.8",",,,0","76",",,,0","10.10",",0","21.44",",,,0","-1.24",",,,0"
"USC00242112","1943-11","45.6","-107.45","923.5","CROW AGENCY, MT US","205.1","0","0.0",",0","6",",0","2",",0","0",",0","","","1",",0","0",",0","28",",0","0",",0","1",",0","0",",0","","","","","-17.2",",0,26,","","","64",",,0,25,","3.3",",,0,25,","21.1",",0,16,","881.1","0","496.7",",0","13.7",",,,0","77",",,,0","1.78",",0","10.59",",,,0","-7.04",",,,0"
"USC00242112","1943-12","45.6","-107.45","923.5","CROW AGENCY, MT US","205.1","0","0.0",",0","2",",0","0",",0","0",",0","","","2",",0","8",",0","31",",0","0",",0","0",",0","0",",0","","","","","-22.2",",0,20,","","","25",",,0,05,+","1.0",",,0,02,","16.1",",0,03,","1515.8","0","634.7",",0","1.5",",,,0","50",",,,0","-2.14",",0","8.76",",,,0","-13.05",",,,0"
"USC00242112","1944-01","45.6","-107.45","923.5","CROW AGENCY, MT US","0.0","0","0.0",",0","4",",0","3",",0","0",",0","","","3",",0","10",",0","31",",0","3",",0","0",",0","0",",0","","","","","-23.3",",0,11,","","","51",",,0,25,","5.1",",,0,25,","16.7",",0,19,","2176.6","0","660.8",",0","13.2",",,,0","114",",,,0","-2.98",",0","7.52",",,,0","-13.49",",,,0"
"USC00242112","1944-02","45.6","-107.45","923.5","CROW AGENCY, MT US","0.0","0","0.0",",0","6",",0","2",",0","0",",0","","","5",",0","9",",0","29",",0","3",",0","0",",0","0",",0","","","","","-27.8",",0,11,","","","64",",,0,09,","3.6",",,0,05,","13.3",",0,06,","2862.2","0","685.6",",0","10.9",",,,0","190",",,,0","-5.31",",0","4.06",",,,0","-14.67",",,,0"
"USC00242112","1944-03","45.6","-107.45","923.5","CROW AGENCY, MT US","0.0","0","0.0",",0","6",",0","2",",0","0",",0","","","4",",0","3",",0","31",",0","5",",0","0",",0","0",",0","","","","","-27.8",",0,14,","","","51",",,0,29,","5.8",",,0,17,","15.0",",0,24,","3481.9","0","619.7",",0","14.0",",,,0","152",",,,0","-1.66",",0","6.18",",,,0","-9.50",",,,0"
"USC00242112","1944-04","45.6","-107.45","923.5","CROW AGENCY, MT US","0.0","0","0.0",",0","3",",0","2",",0","0",",0","","","0",",0","0",",0","23",",0","0",",0","5",",0","0",",0","","","","","-6.7",",0,24,+","","","0",",,0,30,+","8.1",",,0,30,","24.4",",0,05,+","3804.3","0","322.4",",0","14.7",",,,0","0",",,,0","7.59",",0","17.18",",,,0","-2.01",",,,0"
"USC00242112","1944-05","45.6","-107.45","923.5","CROW AGENCY, MT US","7.5","0","7.5",",0","8",",0","6",",0","0",",0","","","0",",0","0",",0","7",",0","0",",0","22",",0","0",",0","","","","","-4.4",",0,08,+","","","0",",,0,31,+","23.4",",,0,03,","31.7",",0,29,+","3942.9","0","138.6",",0","60.3",",,,0","0",",,,0","14.10",",0","24.16",",,,0","4.04",",,,0"
"USC00242112","1944-06","45.6","-107.45","923.5","CROW AGENCY, MT US","18.6","0","11.1",",0","17",",0","12",",0","4",",0","","","0",",0","0",",0","1",",0","0",",0","20",",0","4",",0","","","","","-1.1",",0,06,","","","0",",,0,30,+","34.8",",,0,17,","32.8",",0,30,+","4061.3","0","118.4",",0","198.8",",,,0","0",",,,0","14.76",",0","23.35",",,,0","6.16",",,,0"
"USC00242112","1944-07","45.6","-107.45","923.5","CROW AGENCY, MT US","57.4","0","38.8","1,0","5",",0","4",",0","0",",0","","","0",",0","0","1,0","0","1,0","0",",0","31",",0","7",",0","","","","","4.4","1,0,15,","","","0",",,0,31,+","12.2",",,0,05,","35.6",",0,01,","13.0","0","13.0",",0","30.5",",,,0","0",",,,0","19.21","1,0","29.99",",,,0","8.44","1,,,0"
"USC00242112","1944-08","45.6","-107.45","923.5","CROW AGENCY, MT US","97.4","0","40.0",",0","6",",0","6",",0","0",",0","","","0",",0","0",",0","0",",0","0",",0","31",",0","10",",0","","","","","1.1",",0,31,","","","0",",,0,31,+","17.8",",,0,03,","36.1",",0,18,","42.2","0","29.2",",0","34.7",",,,0","0",",,,0","18.68",",0","29.96",",,,0","7.40",",,,0"
"USC00242112","1944-09","45.6","-107.45","923.5","CROW AGENCY, MT US","100.5","0","3.1",",0","4",",0","4",",0","1",",0","","","0",",0","0",",0","12",",0","0",",0","26",",0","3",",0","","","","","-3.9",",0,28,+","","","0",",,0,30,+","33.3",",,0,02,","32.8",",0,07,","174.9","0","132.7",",0","44.7",",,,0","0",",,,0","14.01",",0","25.88",",,,0","2.14",",,,0"
"USC00242112","1944-10","45.6","-107.45","923.5","CROW AGENCY, MT US","100.5","0","0.0","1,0","0",",0","0",",0","0",",0","","","0",",0","0",",0","26",",0","0","1,0","21","1,0","0","1,0","","","","","-7.8",",0,29,+","","","0",",,0,31,+","0.0",",,0,31,+","27.2","1,0,27,+","445.5","0","270.6","1,0","0.0",",,,0","0",",,,0","9.39","1,0","22.42","1,,,0","-3.64",",,,0"
"USC00242112","1944-11","45.6","-107.45","923.5","CROW AGENCY, MT US","100.5","0","0.0","1,0","3",",0","0",",0","0",",0","","","1",",0","0",",0","28",",0","1","1,0","0","1,0","0","1,0","","","","","-16.1",",0,18,","","","25",",,0,14,","2.3",",,0,14,","18.9","1,0,01,","964.0","0","518.5","1,0","5.3",",,,0","25",",,,0","0.36","1,0","9.45","1,,,0","-8.74",",,,0"
"USC00242112","1944-12","45.6","-107.45","923.5","CROW AGENCY, MT US","100.5","0","0.0",",0","5",",0","5",",0","0",",0","","","5",",0","11",",0","31",",0","10",",0","0",",0","0",",0","","","","","-34.4",",0,23,","","","102",",,0,22,","9.7",",,0,20,","15.6",",0,05,","1717.8","0","753.8",",0","27.7",",,,0","343",",,,0","-5.98",",0","4.39",",,,0","-16.36",",,,0"
"USC00242112","1945-01","45.6","-107.45","923.5","CROW AGENCY, MT US","0.0","0","0.0","2,0","9","1,0","2","1,0","0","1,0","","","2","1,0","9","2,0","29","2,0","4","1,0","0","1,0","0","1,0","","","","","-29.4","2,0,30,","","","76","1,,0,01,","5.8","1,,0,01,","11.7","1,0,14,","2408.9","0","691.1","1,0","15.0","1,,,0","190","1,,,0","-5.51","2,0","4.30","1,,,0","-15.31","2,,,0"
"USC00242112","1945-02","45.6","-107.45","923.5","CROW AGENCY, MT US","0.0","0","0.0",",0","6",",0","2",",0","0",",0","","","2",",0","9",",0","28",",0","6",",0","0",",0","0",",0","","","","","-21.1",",0,26,+","","","64",",,0,09,","8.1",",,0,09,","12.8",",0,08,","3030.9","0","622.0",",0","15.9",",,,0","161",",,,0","-3.88",",0","5.04",",,,0","-12.80",",,,0"
"USC00242112","1945-03","45.6","-107.45","923.5","CROW AGENCY, MT US","0.0","0","0.0",",0","6",",0","4",",0","0",",0","","","1",",0","3",",0","26",",0","1",",0","4",",0","0",",0","","","","","-30.6",",0,05,","","","30",",,0,04,","16.3",",,0,24,","23.9",",0,23,+","3499.0","0","468.1",",0","52.1",",,,0","30",",,,0","3.23",",0","12.31",",,,0","-5.85",",,,0"
"USC00242112","1945-04","45.6","-107.45","923.5","CROW AGENCY, MT US","0.0","0","0.0",",0","8",",0","5",",0","0",",0","","","1",",0","0",",0","24",",0","1",",0","8",",0","0",",0","","","","","-10.6",",0,03,","","","25",",,0,02,","6.6",",,0,22,+","26.1",",0,21,","3857.6","0","358.6",",0","30.2",",,,0","25",",,,0","6.38",",0","14.80",",,,0","-2.04",",,,0"
"USC00242112","1945-05","45.6","-107.45","923.5","CROW AGENCY, MT US","0.5","0","0.5",",0","8",",0","7",",0","0",",0","","","0",",0","0",",0","6",",0","0",",0","16",",0","0",",0","","","","","-3.3",",0,03,","","","0",",,0,31,+","16.8",",,0,19,","31.7",",0,04,","4054.8","0","197.2",",0","55.8",",,,0","0",",,,0","11.99",",0","20.50",",,,0","3.48",",,,0"
"USC00242112","1945-06","45.6","-107.45","923.5","CROW AGENCY, MT US","14.6","0","14.1",",0","16",",0","11",",0","0",",0","","","0",",0","0",",0","0",",0","0",",0","19",",0","2",",0","","","","","1.7",",0,16,","","","0",",,0,30,+","17.0",",,0,05,","34.4",",0,22,","4172.6","0","117.8",",0","83.3",",,,0","0",",,,0","14.88",",0","22.94",",,,0","6.81",",,,0"
"USC00242112","1945-07","45.6","-107.45","923.5","CROW AGENCY, MT US","128.5","0","113.9","1,0","2",",0","2",",0","0",",0","","","0",",0","0","1,0","0","1,0","0",",0","31",",0","19",",0","","","","","3.9","1,0,01,","","","0",",,0,31,+","12.2",",,0,04,","38.9",",0,30,+","4.4","0","4.4",",0","15.0",",,,0","0",",,,0","21.96","1,0","33.21",",,,0","10.72","1,,,0"
"USC00242112","1945-08","45.6","-107.45","923.5","CROW AGENCY, MT US","218.9","0","90.4",",0","8",",0","3",",0","0",",0","","","0",",0","0",",0","0",",0","0",",0","30",",0","15",",0","","","","","3.3",",0,27,+","","","0",",,0,31,+","10.9",",,0,20,","36.7",",0,17,+","15.3","0","10.9",",0","30.9",",,,0","0",",,,0","20.90",",0","31.86",",,,0","9.93",",,,0"
"USC00242112","1945-09","45.6","-107.45","923.5","CROW AGENCY, MT US","245.6","0","26.7",",0","7",",0","4",",0","0",",0","","","0",",0","0",",0","8",",0","0",",0","20",",0","6",",0","","","","","-4.4",",0,28,","","","0",",,0,30,+","21.8",",,0,16,","36.7",",0,05,+","160.7","0","145.4",",0","37.9",",,,0","0",",,,0","14.38",",0","24.47",",,,0","4.28",",,,0"
"USC00242112","1945-10","45.6","-107.45","923.5","CROW AGENCY, MT US","245.6","0","0.0",",0","5",",0","4",",0","0",",0","","","1",",0","0",",0","17",",0","0",",0","17",",0","0",",0","","","","","-5.0",",0,26,+","","","53",",,0,25,","11.9",",,0,18,","30.6",",0,15,","400.9","0","240.2",",0","29.1",",,,0","53",",,,0","10.59",",0","21.12",",,,0","0.05",",,,0"
"USC00242112","1945-11","45.6","-107.45","923.5","CROW AGENCY, MT US","245.6","0","0.0",",0","6",",0","2",",0","0",",0","","","3",",0","2",",0","27",",0","3",",0","1",",0","0",",0","","","","","-17.8",",0,22,+","","","30",",,0,21,+","3.0",",,0,06,","23.3",",0,04,","917.9","0","517.0",",0","10.9",",,,0","90",",,,0","1.10",",0","8.66",",,,0","-6.47",",,,0"
"USC00242112","1945-12","45.6","-107.45","923.5","CROW AGENCY, MT US","245.6","0","0.0",",0","7",",0","5",",0","0",",0","","","5",",0","11",",0","31",",0","13",",0","0",",0","0",",0","","","","","-32.8",",0,15,","","","76",",,0,08,","6.9",",,0,17,","13.3",",0,05,","1679.8","0","761.9",",0","28.5",",,,0","231",",,,0","-6.24",",0","1.79",",,,0","-14.27",",,,0"
"USC00242112","1946-01","45.6","-107.45","923.5","CROW AGENCY, MT US","0.0","0","0.0","1,0","7",",0","4",",0","0",",0","","","3",",0","3","1,0","30","1,0","6",",0","0",",0","0",",0","","","","","-26.7","1,0,26,","","","122",",,0,25,","19.3",",,0,25,","16.1",",0,18,","2306.2","0","626.4",",0","29.6",",,,0","213",",,,0","-2.52","1,0","5.90",",,,0","-10.95","1,,,0"
"USC00242112","1946-02","45.6","-107.45","923.5","CROW AGENCY, MT US","0.0","0","0.0",",0","3",",0","1",",0","0",",0","","","1",",0","5",",0","28",",0","1",",0","0",",0","0",",0","","","","","-25.6",",0,12,","","","38",",,0,07,","3.3",",,0,07,","15.6",",0,24,","2888.5","0","582.3",",0","4.1",",,,0","38",",,,0","-2.46",",0","6.12",",,,0","-11.05",",,,0"
"USC00242112","1946-03","45.6","-107.45","923.5","CROW AGENCY, MT US","0.0","0","0.0",",0","7",",0","4",",0","0",",0","","","1",",0","0",",0","28",",0","0",",0","5",",0","0",",0","","","","","-12.8",",0,07,","","","165",",,0,21,","25.1",",,0,21,","25.0",",0,27,","3292.5","0","404.0",",0","40.3",",,,0","165",",,,0","5.30",",0","14.75",",,,0","-4.15",",,,0"
"USC00242112","1946-04","45.6","-107.45","923.5","CROW AGENCY, MT US","0.0","0","0.0",",0","4",",0","2",",0","0",",0","","","0",",0","0",",0","16",",0","0",",0","18",",0","0",",0","","","","","-7.8",",0,07,","","","0",",T,0,22,+","12.7",",,0,30,","31.7",",0,26,","3508.6","0","216.1",",0","19.1",",,,0","0",",T,,0","11.13",",0","22.27",",,,0","-0.01",",,,0"
"USC00242112","1946-05","45.6","-107.45","923.5","CROW AGENCY, MT US","0.8","0","0.8",",0","13",",0","5",",0","1",",0","","","0",",0","0",",0","10",",0","0",",0","16",",0","0",",0","","","","","-2.8",",0,10,","","","0",",T,0,09,","26.7",",,0,29,","29.4",",0,26,","3707.5","0","198.9",",0","53.4",",,,0","0",",T,,0","11.94",",0","21.31",",,,0","2.58",",,,0"
"USC00242112","1946-06","45.6","-107.45","923.5","CROW AGENCY, MT US","26.5","0","25.7",",0","5",",0","4",",0","2",",0","","","0",",0","0",",0","1",",0","0",",0","28",",0","2",",0","","","","","0.0",",0,19,","","","0",",,0,30,+","50.5",",,0,12,","34.4",",0,22,","3757.8","0","50.3",",0","111.8",",,,0","0",",,,0","17.51",",0","27.00",",,,0","8.02",",,,0"
"USC00242112","1946-07","45.6","-107.45","923.5","CROW AGENCY, MT US","165.2","0","138.7",",0","4",",0","1",",0","0",",0","","","0",",0","0",",0","0",",0","0",",0","31",",0","23",",0","","","","","7.8",",0,21,+","","","0",",,0,31,+","3.8",",,0,09,","38.9",",0,29,","0.9","0","0.9",",0","7.7",",,,0","0",",,,0","22.78",",0","33.66",",,,0","11.89",",,,0"
"USC00242112","1946-08","45.6","-107.45","923.5","CROW AGENCY, MT US","243.4","0","78.2",",0","2",",0","1",",0","0",",0","","","0",",0","0",",0","0",",0","0",",0","28",",0","15",",0","","","","","3.9",",0,09,","","","0",",,0,31,+","7.4",",,0,29,","38.3",",0,20,","25.6","0","24.7",",0","8.7",",,,0","0",",,,0","20.06",",0","30.66",",,,0","9.45",",,,0"
"USC00242112","1946-09","45.6","-107.45","923.5","CROW AGENCY, MT US","253.2","0","9.8","1,0","10",",0","7",",0","1",",0","","","0",",0","0",",0","2",",0","0","1,0","20","1,0","3","1,0","","","","","-1.1",",0,30,+","","","0",",,0,30,+","25.4",",,0,07,","33.3","1,0,14,","143.8","0","118.2","1,0","105.0",",,,0","0",",,,0","14.67","1,0","23.88","1,,,0","5.47",",,,0"
"USC00242112","1946-10","45.6","-107.45","923.5","CROW AGENCY, MT US","253.5","0","0.3","1,0","10",",0","7",",0","1",",0","","","0",",0","0",",0","23",",0","0","1,0","4","1,0","0","1,0","","","","","-7.8",",0,31,+","","","0",",T,0,10,+","37.1",",,0,05,","31.1","1,0,01,","506.4","0","362.6","1,0","73.4",",,,0","0",",T,,0","6.25","1,0","13.25","1,,,0","-0.75",",,,0"
"USC00242112","1946-11","45.6","-107.45","923.5","CROW AGENCY, MT US","253.5","0","0.0",",0","7",",0","2",",0","0",",0","","","3",",0","1",",0","30",",0","3",",0","0",",0","0",",0","","","","","-23.9",",0,21,","","","51",",,0,25,","5.3",",,0,25,","16.1",",0,06,","1070.4","0","564.0",",0","13.7",",,,0","109",",,,0","-0.47",",0","6.68",",,,0","-7.62",",,,0"
"USC00242112","1946-12","45.6","-107.45","923.5","CROW AGENCY, MT US","253.5","0","0.0",",0","7",",0","4",",0","0",",0","","","6",",0","6",",0","31",",0","6",",0","0",",0","0",",0","","","","","-30.0",",0,29,","","","140",",,0,13,","10.7",",,0,13,","14.4",",0,02,","1751.3","0","680.9",",0","27.9",",,,0","407",",,,0","-3.63",",0","3.68",",,,0","-10.95",",,,0"
"USC00242112","1947-01","45.6","-107.45","923.5","CROW AGENCY, MT US","0.0","0","0.0",",0","5",",0","2",",0","0",",0","30","1,0","2",",0","7",",0","31",",0","9",",0","0",",0","0",",0","","","","","-28.9",",0,02,","229","1,,0,20,+","64",",,0,13,","3.6",",,0,13,","11.7",",0,23,","2468.9","0","717.6",",0","7.9",",,,0","125",",,,0","-4.81",",0","2.98",",,,0","-12.61",",,,0"
"USC00242112","1947-02","45.6","-107.45","923.5","CROW AGENCY, MT US","0.0","0","0.0",",0","4",",0","1",",0","0",",0","","","2",",0","10",",0","28",",0","11",",0","0",",0","0",",0","","","","","-28.3",",0,27,","","","102",",,0,23,","6.9",",,0,23,","18.3",",0,12,","3108.3","0","639.4",",0","11.0",",,,0","166",",,,0","-4.50",",0","3.26",",,,0","-12.26",",,,0"
"USC00242112","1947-03","45.6","-107.45","923.5","CROW AGENCY, MT US","0.0","0","0.0",",0","10",",0","3",",0","0",",0","","","2",",0","5",",0","29",",0","7",",0","0",",0","0",",0","","","","","-29.4",",0,05,","","","38",",,0,03,","7.1",",,0,19,","18.9",",0,22,+","3709.2","0","600.9",",0","19.9",",,,0","63",",,,0","-1.05",",0","6.55",",,,0","-8.65",",,,0"
"USC00242112","1947-04","45.6","-107.45","923.5","CROW AGENCY, MT US","0.0","0","0.0",",0","11",",0","7",",0","0",",0","","","2",",0","0",",0","18",",0","0",",0","8",",0","0",",0","","","","","-11.7",",0,07,","","","178",",,0,05,","19.1",",,0,04,","26.7",",0,28,","4040.1","0","330.9",",0","68.7",",,,0","305",",,,0","7.30",",0","15.77",",,,0","-1.17",",,,0"
"USC00242112","1947-05","45.6","-107.45","923.5","CROW AGENCY, MT US","0.3","0","0.3",",0","4",",0","2",",0","0",",0","","","0",",0","0",",0","4",",0","0",",0","20",",0","1",",0","","","","","-1.1",",0,29,+","","","0",",,0,31,+","24.1",",,0,11,","32.2",",0,02,","4185.7","0","145.6",",0","32.8",",,,0","0",",,,0","13.64",",0","22.70",",,,0","4.58",",,,0"
"USC00242112","1947-06","45.6","-107.45","923.5","CROW AGENCY, MT US","9.5","0","9.2",",0","9",",0","7",",0","2",",0","","","0",",0","0",",0","0",",0","0",",0","22",",0","0",",0","","","","","2.2",",0,29,+","","","0",",,0,30,+","34.0",",,0,10,","31.7",",0,19,","4278.2","0","92.5",",0","107.7",",,,0","0",",,,0","15.56",",0","23.72",",,,0","7.39",",,,0"
"USC00242112","1947-07","45.6","-107.45","923.5","CROW AGENCY, MT US","147.1","0","137.6","1,0","1",",0","0",",0","0",",0","","","0",",0","0",",0","0",",0","0","1,0","30","1,0","21","1,0","","","","","5.6",",0,01,","","","0",",,0,31,+","0.5",",,0,28,","41.1","1,0,28,","0.5","0","0.5","1,0","0.5",",,,0","0",",,,0","22.85","1,0","34.21","1,,,0","11.49",",,,0"
"USC00242112","1947-08","45.6","-107.45","923.5","CROW AGENCY, MT US","255.5","0","108.4",",0","5",",0","2",",0","0",",0","","","0",",0","0",",0","0",",0","0",",0","31",",0","20",",0","","","","","3.3",",0,24,","","","0",",,0,31,+","6.1",",,0,22,","38.9",",0,09,+","10.4","0","9.9",",0","14.8",",,,0","0",",,,0","21.51",",0","33.25",",,,0","9.77",",,,0"
"USC00242112","1947-09","45.6","-107.45","923.5","CROW AGENCY, MT US","271.5","0","16.0",",0","5",",0","4",",0","0",",0","","","0",",0","0",",0","1",",0","0",",0","22",",0","7",",0","","","","","-1.1",",0,15,","","","0",",,0,30,+","13.5",",,0,19,","37.2",",0,02,","130.0","0","119.6",",0","33.3",",,,0","0",",,,0","14.88",",0","24.74",",,,0","5.02",",,,0"
"USC00242112","1947-10","45.6","-107.45","923.5","CROW AGENCY, MT US","272.6","0","1.1",",0","5",",0","4",",0","0",",0","","","0",",0","0",",0","15",",0","0",",0","17",",0","1",",0","","","","","-5.6",",0,25,","","","13",",,0,22,","6.1",",,0,23,","32.8",",0,20,","353.6","0","223.6",",0","20.4",",,,0","13",",,,0","11.16",",0","21.35",",,,0","0.97",",,,0"
"USC00242112","1947-11","45.6","-107.45","923.5","CROW AGENCY, MT US","272.6","0","0.0",",0","8",",0","6",",0","0",",0","","","7",",0","1",",0","28",",0","5",",0","1",",0","0",",0","","","","","-18.3",",0,22,","","","51",",,0,16,+","7.6",",,0,08,","24.4",",0,01,","922.9","0","569.3",",0","28.6",",,,0","227",",,,0","-0.64",",0","5.87",",,,0","-7.16",",,,0"
"USC00242112","1947-12","45.6","-107.45","923.5","CROW AGENCY, MT US","272.6","0","0.0",",0","2",",0","1",",0","0",",0","","","1",",0","5",",0","31",",0","7",",0","0",",0","0",",0","","","","","-23.9",",0,08,","","","102",",,0,02,","13.2",",,0,02,","14.4",",0,27,","1604.0","0","681.1",",0","15.0",",,,0","122",",,,0","-3.64",",0","4.13",",,,0","-11.40",",,,0"
"USC00242112","1948-01","45.6","-107.45","923.5","CROW AGENCY, MT US","0.0","0","0.0",",0","5",",0","4",",0","0",",0","","","3",",0","4",",0","31",",0","5",",0","0",",0","0",",0","","","","","-29.4",",0,26,","","","64",",,0,25,","5.8",",,0,22,","15.6",",0,07,","2261.9","0","657.9",",0","16.4",",,,0","150",",,,0","-2.89",",0","4.97",",,,0","-10.75",",,,0"
"USC00242112","1948-02","45.6","-107.45","923.5","CROW AGENCY, MT US","0.0","0","0.0",",0","5",",0","2",",0","0",",0","","","3",",0","9",",0","29",",0","11",",0","0",",0","0",",0","","","","","-31.1",",0,11,","","","51",",,0,23,","11.4",",,0,23,","16.1",",0,17,","2951.1","0","689.2",",0","18.0",",,,0","116",",,,0","-5.43",",0","3.04",",,,0","-13.90",",,,0"
"USC00242112","1948-03","45.6","-107.45","923.5","CROW AGENCY, MT US","0.0","0","0.0",",0","8",",0","5",",0","0",",0","","","4",",0","4",",0","31",",0","4",",0","0",",0","0",",0","","","","","-30.6",",0,10,","","","140",",,0,25,","12.4",",,0,25,","17.8",",0,29,","3572.9","0","621.8",",0","42.4",",,,0","324",",,,0","-1.73",",0","6.84",",,,0","-10.29",",,,0"
"USC00242112","1948-04","45.6","-107.45","923.5","CROW AGENCY, MT US","0.6","0","0.6",",0","10",",0","4",",0","0",",0","","","0",",0","0",",0","17",",0","0",",0","11",",0","1",",0","","","","","-9.4",",0,08,","","","0",",T,0,12,+","20.3",",,0,19,","32.2",",0,29,","3840.9","0","268.0",",0","62.1",",,,0","0",",T,,0","9.42",",0","19.39",",,,0","-0.56",",,,0"
"USC00242112","1948-05","45.6","-107.45","923.5","CROW AGENCY, MT US","27.9","0","27.3",",0","9",",0","6",",0","0",",0","","","0",",0","0",",0","5",",0","0",",0","18",",0","5",",0","","","","","-4.4",",0,03,","","","0",",,0,31,+","10.4",",,0,08,","35.6",",0,18,","3983.2","0","142.3",",0","39.9",",,,0","0",",,,0","14.62",",0","23.35",",,,0","5.90",",,,0"
"USC00242112","1948-06","45.6","-107.45","923.5","CROW AGENCY, MT US","68.7","0","40.8","2,0","12",",0","7",",0","2",",0","","","0",",0","0","2,0","0","2,0","0",",0","25",",0","4",",0","","","","","6.7","2,0,26,","","","0",",,0,30,+","35.3",",,0,21,","36.1",",0,30,","4020.1","0","36.9",",0","99.0",",,,0","0",",,,0","18.60","2,0","25.68",",,,0","11.51","2,,,0"
"USC00242112","1948-07","45.6","-107.45","923.5","CROW AGENCY, MT US","","","","","7",",0","5",",0","0",",0","","","0",",0","","","","","0","1,0","30","1,0","11","1,0","","","","","","","","","0",",,0,31,+","17.5",",,0,04,","37.2","1,0,05,","","","","","45.4",",,,0","0",",,,0","","","30.68","1,,,0","",""
"USC00242112","1948-08","45.6","-107.45","923.5","CROW AGENCY, MT US","","","96.7",",0","6",",0","2",",0","0",",0","","","0",",0","0",",0","0",",0","0",",0","31",",0","18",",0","","","","","5.0",",0,21,","","","0",",,0,31,+","5.8",",,0,08,","39.4",",0,30,+","","","0.8",",0","12.2",",,,0","0",",,,0","21.43",",0","32.98",",,,0","9.87",",,,0"
"USC00242112","1948-09","45.6","-107.45","923.5","CROW AGENCY, MT US","","","17.5","1,0","3",",0","2",",0","0",",0","","","0",",0","0","1,0","3","1,0","0","1,0","25","1,0","8","1,0","","","","","-1.1","1,0,30,","","","0",",,0,30,+","5.8",",,0,19,","38.9","1,0,14,","","","72.8","1,0","9.9",",,,0","0",",,,0","16.43","1,0","27.69","1,,,0","5.17","1,,,0"
"USC00242112","1948-10","45.6","-107.45","923.5","CROW AGENCY, MT US","","","3.0",",0","2",",0","0",",0","0",",0","","","0",",0","0",",0","22",",0","0",",0","17",",0","1",",0","","","","","-11.1",",0,17,","","","0",",T,0,15,","0.8",",,0,15,","34.4",",0,03,","","","274.0",",0","1.3",",,,0","0",",T,,0","9.59",",0","21.68",",,,0","-2.49",",,,0"
"USC00242112","1948-11","45.6","-107.45","923.5","CROW AGENCY, MT US","","","0.0",",0","6",",0","2",",0","0",",0","","","1",",0","0",",0","26",",0","0",",0","0",",0","0",",0","","","","","-15.0",",0,27,","","","30",",,0,12,","7.6",",,0,04,","20.0",",0,14,","","","502.5",",0","15.2",",,,0","30",",,,0","1.58",",0","8.61",",,,0","-5.45",",,,0"
"USC00242112","1948-12","45.6","-107.45","923.5","CROW AGENCY, MT US","","","0.0","1,0","4","1,0","1","1,0","0","1,0","27","1,0","2","1,0","16","1,0","30","1,0","14","1,0","0","1,0","0","1,0","","","","","-27.2","1,0,17,","102","1,,0,18,+","64","1,,0,04,","4.6","1,,0,04,","17.2","1,0,02,","","","797.7","1,0","9.2","1,,,0","145","1,,,0","-8.26","1,0","0.17","1,,,0","-16.69","1,,,0"
"USC00242112","1949-01","45.6","-107.45","923.5","CROW AGENCY, MT US","0.0","0","0.0",",0","6",",0","5",",0","0",",0","31",",0","6",",0","24",",0","31",",0","23",",0","0",",0","0",",0","","","","","-38.9",",0,25,+","356",",,0,31,+","140",",,0,15,","18.5",",,0,15,","11.1",",0,07,","","","1032.0",",0","48.0",",,,0","550",",,,0","-14.96",",0","-6.35",",,,0","-23.57",",,,0"
"USC00242112","1949-02","45.6","-107.45","923.5","CROW AGENCY, MT US","0.0","0","0.0",",0","5",",0","1",",0","0",",0","28",",0","3",",0","14",",0","28",",0","15",",0","0",",0","0",",0","","","","","-33.9",",0,13,","381",",,0,06,+","102",",,0,11,","8.9",",,0,11,","12.8",",0,17,","","","763.6",",0","13.8",",,,0","216",",,,0","-8.94",",0","-0.03",",,,0","-17.85",",,,0"
"USC00242112","1949-03","45.6","-107.45","923.5","CROW AGENCY, MT US","0.0","0","0.0",",0","9",",0","5",",0","0",",0","13",",0","4",",0","4",",0","30",",0","5",",0","0",",0","0",",0","","","","","-24.4",",0,15,+","203",",,0,17,","114",",,0,16,","10.7",",,0,16,","14.4",",0,06,","","","585.0",",0","37.9",",,,0","338",",,,0","-0.54",",0","7.40",",,,0","-8.47",",,,0"
"USC00242112","1949-04","45.6","-107.45","923.5","CROW AGENCY, MT US","0.0","0","0.0",",0","6",",0","1",",0","0",",0","0",",0","0",",0","0",",0","16",",0","0",",0","16",",0","0",",0","","","","","-9.4",",0,01,","0",",,0,30,+","0",",,0,30,+","9.9",",,0,13,","30.6",",0,28,","","","231.8",",0","15.0",",,,0","0",",,,0","10.61",",0","21.28",",,,0","-0.07",",,,0"
"USC00242112","1949-05","45.6","-107.45","923.5","CROW AGENCY, MT US","3.4","0","3.4","1,0","9",",0","3",",0","1",",0","0",",0","0",",0","0","1,0","3","1,0","0",",0","25",",0","1",",0","","","3","","-6.1","1,0,01,","0",",,0,31,+","0",",T,0,23,","32.3",",,0,04,","32.8",",0,27,","","","118.6",",0","45.2",",,,0","0",",T,,0","14.57","1,0","24.51",",,,0","4.63","1,,,0"
"USC00242112","1949-06","45.6","-107.45","923.5","CROW AGENCY, MT US","36.7","0","33.3",",0","10",",0","3",",0","0",",0","0",",0","0",",0","0",",0","0",",0","0",",0","25",",0","7",",0","","","","","3.9",",0,27,","0",",,0,30,+","0",",,0,30,+","5.8",",,0,12,","35.0",",0,10,","","","40.0",",0","20.8",",,,0","0",",,,0","18.11",",0","27.27",",,,0","8.94",",,,0"
"USC00242112","1949-07","45.6","-107.45","923.5","CROW AGENCY, MT US","140.0","0","103.3","1,0","6",",0","4",",0","0",",0","0",",0","0",",0","0","1,0","0","1,0","0",",0","31",",0","19",",0","","","2","","4.4","1,0,01,","0",",,0,31,+","0",",T,0,28,","7.4",",,0,28,","40.6",",0,16,","2.2","0","2.2",",0","22.6",",,,0","0",",T,,0","21.67","1,0","33.56",",,,0","9.78","1,,,0"
"USC00242112","1949-08","45.6","-107.45","923.5","CROW AGENCY, MT US","234.7","0","94.7","5,0","3",",0","0",",0","0",",0","0",",0","0",",0","0","5,0","0","5,0","0",",0","31",",0","20",",0","","","3","","4.4","5,0,31,+","0",",,0,31,+","0",",,0,31,+","1.5",",,0,20,","42.2",",0,06,","7.0","0","4.8",",0","2.8",",,,0","0",",,,0","22.07","5,0","33.64",",,,0","10.51","5,,,0"
"USC00242112","1949-09","45.6","-107.45","923.5","CROW AGENCY, MT US","","","","","8",",0","3",",0","0",",0","0",",0","0",",0","0","5,0","4","5,0","","","","","","","","","1","","-2.2","5,0,13,","0",",,0,30,+","0",",,0,30,+","16.5",",,0,03,","","","","","","","28.6",",,,0","0",",,,0","","","","","3.96","5,,,0"
"USC00242112","1949-10","45.6","-107.45","923.5","CROW AGENCY, MT US","","","0.0","4,0","7",",0","5",",0","0",",0","6",",0","3",",0","0","3,0","20","3,0","2","1,0","7","1,0","0","1,0","","","","","-10.0","3,0,22,","229",",,0,21,+","203",",,0,20,","15.2",",,0,20,","28.3","1,0,15,","","","335.0","1,0","38.7",",,,0","279",",,,0","6.37","4,0","14.18","1,,,0","-1.44","3,,,0"
"USC00242112","1949-11","45.6","-107.45","923.5","CROW AGENCY, MT US","","","0.0","1,0","5",",0","0",",0","0",",0","0",",0","0",",0","0","1,0","24","1,0","0",",0","6",",0","0",",0","","","","","-10.0","1,0,21,","0",",,0,30,+","0",",,0,30,+","1.5",",,0,13,","23.3",",0,03,","","","342.0",",0","3.7",",,,0","0",",,,0","6.66","1,0","16.23",",,,0","-2.90","1,,,0"
"USC00242112","1949-12","45.6","-107.45","923.5","CROW AGENCY, MT US","","","0.0",",0","5",",0","5",",0","0",",0","22",",0","5",",0","11",",0","31",",0","15",",0","0",",0","0",",0","","","","","-30.0",",0,20,","279",",,0,25,+","127",",,0,10,","6.9",",,0,10,","18.3",",0,02,","","","796.6",",0","26.7",",,,0","427",",,,0","-7.36",",0","1.06",",,,0","-15.79",",,,0"
"USC00242112","1950-01","45.6","-107.45","923.5","CROW AGENCY, MT US","0.0","0","0.0",",0","9",",0","1",",0","0",",0","31",",0","3",",0","27",",0","31",",0","26",",0","0",",0","0",",0","","","","","-37.2",",0,26,","203",",,0,30,+","51",",,0,24,","4.3",",,0,24,","8.3",",0,21,","","","1125.7",",0","11.4",",,,0","186",",,,0","-17.98",",0","-10.36",",,,0","-25.60",",,,0"
"USC00242112","1950-02","45.6","-107.45","923.5","CROW AGENCY, MT US","0.0","0","0.0",",0","8",",0","1",",0","0",",0","23",",0","0",",0","6",",0","28",",0","3",",0","1",",0","0",",0","","","","","-32.2",",0,02,","178",",,0,03,+","13",",,0,21,","4.3",",,0,25,","21.1",",0,26,","","","609.8",",0","7.8",",,,0","37",",,,0","-3.45",",0","4.90",",,,0","-11.80",",,,0"
"USC00242112","1950-03","45.6","-107.45","923.5","CROW AGENCY, MT US","0.0","0","0.0",",0","11",",0","8",",0","0",",0","14",",0","6",",0","4",",0","29",",0","6",",0","0",",0","0",",0","","","","","-31.1",",0,12,","152",",,0,11,","102",",,0,18,","10.7",",,0,18,","20.6",",0,04,","","","599.4",",0","44.6",",,,0","304",",,,0","-1.00",",0","6.85",",,,0","-8.85",",,,0"
"USC00242112","1950-04","45.6","-107.45","923.5","CROW AGENCY, MT US","0.0","0","0.0",",0","9",",0","5",",0","0",",0","","","3",",0","0",",0","21",",0","0",",0","9",",0","0",",0","","","","","-10.0",",0,19,","","","102",",,0,29,","10.9",",,0,24,","23.3",",0,21,+","","","351.5",",0","35.4",",,,0","230",",,,0","6.62",",0","15.18",",,,0","-1.95",",,,0"
"USC00242112","1950-05","45.6","-107.45","923.5","CROW AGENCY, MT US","2.5","0","2.5",",0","10",",0","6",",0","0",",0","0","4,0","0","4,0","0",",0","12",",0","0",",0","17",",0","0",",0","","","","","-6.7",",0,01,","0","4,,0,31,+","0","4,,0,31,+","11.4",",,0,24,","30.0",",0,23,+","","","230.8",",0","48.5",",,,0","0","4,,,0","10.97",",0","19.93",",,,0","2.01",",,,0"
"USC00242112","1950-06","45.6","-107.45","923.5","CROW AGENCY, MT US","23.4","0","20.9",",0","11",",0","8",",0","1",",0","0","1,0","0","1,0","0",",0","1",",0","0",",0","24",",0","2",",0","","","","","0.0",",0,08,","0","1,,0,30,+","0","1,T,0,14,","30.0",",,0,08,","32.2",",0,21,+","","","74.2",",0","101.9",",,,0","0","1,T,,0","16.56",",0","25.17",",,,0","7.94",",,,0"
"USC00242112","1950-07","45.6","-107.45","923.5","CROW AGENCY, MT US","86.4","0","63.0","1,0","12",",0","5",",0","0",",0","0",",0","0",",0","0","1,0","0","1,0","0","1,0","29","1,0","10","1,0","","","3","","6.7","1,0,17,+","0",",,0,31,+","0",",,0,31,+","10.9",",,0,18,","36.7","1,0,28,","14.7","0","14.7","1,0","46.7",",,,0","0",",,,0","19.95","1,0","29.35","1,,,0","10.54","1,,,0"
"USC00242112","1950-08","45.6","-107.45","923.5","CROW AGENCY, MT US","120.2","0","33.8","3,0","3",",0","1",",0","0",",0","0",",0","0",",0","0","3,0","0","3,0","0","3,0","28","3,0","8","3,0","","","","","2.8","3,0,20,","0",",,0,31,+","0",",,0,31,+","21.8",",,0,12,","37.2","3,0,03,","38.6","0","23.9","3,0","25.1",",,,0","0",",,,0","18.69","3,0","29.92","3,,,0","7.45","3,,,0"
"USC00242112","1950-09","45.6","-107.45","923.5","CROW AGENCY, MT US","143.3","0","23.1","2,0","10",",0","6",",0","0",",0","1",",0","2",",0","0","2,0","4","2,0","0","2,0","16","2,0","5","2,0","1","","","","-1.1","2,0,16,","76",",,0,30,","203",",,0,30,","21.3",",,0,30,","38.3","2,0,04,+","197.2","0","158.6","2,0","48.1",",,,0","241",",,,0","13.49","2,0","22.38","2,,,0","4.60","2,,,0"
"USC00242112","1950-10","45.6","-107.45","923.5","CROW AGENCY, MT US","143.3","0","0.0",",0","4",",0","1",",0","0",",0","0",",0","1",",0","0",",0","19",",0","0",",0","16",",0","0",",0","","","","","-6.7",",0,24,+","0",",T,0,02,","25",",,0,02,","6.6",",,0,31,","28.9",",0,30,+","451.7","0","254.5",",0","9.5",",,,0","28",",,,0","10.12",",0","20.45",",,,0","-0.20",",,,0"
"USC00242112","1950-11","45.6","-107.45","923.5","CROW AGENCY, MT US","143.3","0","0.0",",0","8",",0","2",",0","0",",0","20",",0","4",",0","4",",0","27",",0","5",",0","1",",0","0",",0","","","","","-28.9",",0,23,","152",",,0,18,","127",",,0,18,","9.1",",,0,07,","22.8",",0,04,","1024.1","0","572.4",",0","22.9",",,,0","330",",,,0","-0.75",",0","6.76",",,,0","-8.26",",,,0"
"USC00242112","1950-12","45.6","-107.45","923.5","CROW AGENCY, MT US","143.3","0","0.0","2,0","5",",0","3",",0","0",",0","23",",0","4",",0","3","2,0","29","2,0","4",",0","0",",0","0",",0","","","","","-31.7","2,0,05,","203",",,0,07,","127",",,0,04,","9.1",",,0,07,","12.8",",0,21,","1619.5","0","595.4",",0","23.3",",,,0","340",",,,0","-2.15","2,0","4.96",",,,0","-9.25","2,,,0"
"USC00242112","1951-01","45.6","-107.45","923.5","CROW AGENCY, MT US","0.0","0","0.0","2,0","5",",0","2",",0","0",",0","30","1,0","2",",0","9","2,0","29","2,0","16","1,0","0","1,0","0","1,0","1","","","","-36.7","2,0,29,","279","1,,0,27,","152",",,0,18,","10.9",",,0,18,","10.0","1,0,17,","2416.3","0","796.8","1,0","19.4",",,,0","307",",,,0","-9.00","2,0","-1.80","1,,,0","-16.20","2,,,0"
"USC00242112","1951-02","45.6","-107.45","923.5","CROW AGENCY, MT US","0.0","0","0.0",",0","5",",0","1",",0","0",",0","11",",0","1",",0","6",",0","27",",0","5",",0","0",",0","0",",0","","","","","-36.7",",0,01,","152",",,0,01,","25",",,0,12,","11.7",",,0,08,","20.0",",0,10,","3006.0","0","589.7",",0","14.6",",,,0","61",",,,0","-2.73",",0","4.99",",,,0","-10.44",",,,0"
"USC00242112","1951-03","45.6","-107.45","923.5","CROW AGENCY, MT US","0.0","0","0.0",",0","12",",0","4",",0","0",",0","16",",0","6",",0","9",",0","31",",0","11",",0","0",",0","0",",0","","","","","-30.0",",0,11,","152",",,0,20,","127",",,0,20,","10.4",",,0,22,","16.7",",0,25,","3710.3","0","704.3",",0","31.9",",,,0","471",",,,0","-4.39",",0","3.11",",,,0","-11.88",",,,0"
"USC00242112","1951-04","45.6","-107.45","923.5","CROW AGENCY, MT US","0.0","0","0.0","3,0","5",",0","4",",0","0",",0","0",",0","2",",0","0","3,0","22","3,0","1","1,0","6","1,0","0","1,0","","","","","-11.1","3,0,19,","0",",,0,30,+","64",",,0,21,","6.9",",,0,30,","26.7","1,0,29,+","4044.1","0","333.8","1,0","19.8",",,,0","115",",,,0","5.69","3,0","14.58","1,,,0","-3.20","3,,,0"
"USC00242112","1951-05","45.6","-107.45","923.5","CROW AGENCY, MT US","5.8","0","5.8","1,0","7",",0","4",",0","0",",0","0",",0","0",",0","0","1,0","2","1,0","0","1,0","20","1,0","1","1,0","","","","","-0.6","1,0,14,","0",",,0,31,+","0",",,0,31,+","11.9",",,0,31,","33.3","1,0,23,","4179.0","0","134.9","1,0","30.2",",,,0","0",",,,0","14.03","1,0","22.37","1,,,0","5.69","1,,,0"
"USC00242112","1951-06","45.6","-107.45","923.5","CROW AGENCY, MT US","8.9","0","3.1","3,0","11",",0","7",",0","0",",0","0",",0","0",",0","0","3,0","2","3,0","0","2,0","22","2,0","0","2,0","","","1","","-1.1","3,0,03,","0",",,0,30,+","0",",T,0,05,+","18.3",",,0,01,","31.1","2,0,15,","4289.3","0","110.3","2,0","61.0",",,,0","0",",T,,0","14.37","3,0","22.80","2,,,0","5.94","3,,,0"
"USC00242112","1951-07","45.6","-107.45","923.5","CROW AGENCY, MT US","126.6","0","117.7","4,0","5",",0","4",",0","0",",0","0",",0","0",",0","0","4,0","0","4,0","0","4,0","24","4,0","18","4,0","","","","","5.0","4,0,12,","0",",,0,31,+","0",",,0,31,+","19.6",",,0,10,","38.9","4,0,14,","25.5","0","25.5","4,0","32.6",",,,0","0",",,,0","21.75","4,0","31.74","4,,,0","11.76","4,,,0"
"USC00242112","1951-08","45.6","-107.45","923.5","CROW AGENCY, MT US","188.7","0","62.1","3,0","10",",0","3",",0","0",",0","0",",0","0",",0","0","3,0","0","3,0","0","2,0","29","2,0","9","2,0","","","","","5.6","3,0,21,","0",",,0,31,+","0",",,0,31,+","17.3",",,0,14,","37.2","2,0,03,","34.1","0","8.6","2,0","33.6",",,,0","0",",,,0","20.29","3,0","29.46","2,,,0","11.12","3,,,0"
"USC00242112","1951-09","45.6","-107.45","923.5","CROW AGENCY, MT US","188.7","0","0.0","1,0","9",",0","4",",0","0",",0","0",",0","0",",0","0","1,0","5","1,0","0",",0","19",",0","1",",0","","","","","-5.6","1,0,28,","0",",,0,30,+","0",",,0,30,+","19.8",",,0,20,","32.8",",0,10,","207.5","0","173.4",",0","39.7",",,,0","0",",,,0","12.24","1,0","21.05",",,,0","3.43","1,,,0"
"USC00242112","1951-10","45.6","-107.45","923.5","CROW AGENCY, MT US","188.7","0","0.0",",0","12",",0","6",",0","0",",0","3",",0","3",",0","0",",0","19",",0","2",",0","10",",0","0",",0","","","","","-8.3",",0,31,","51",",,0,31,+","64",",,0,30,","7.6",",,0,20,","29.4",",0,09,","550.4","0","342.9",",0","35.4",",,,0","140",",,,0","7.27",",0","14.55",",,,0","0.00",",,,0"
"USC00242112","1951-11","45.6","-107.45","923.5","CROW AGENCY, MT US","188.7","0","0.0","2,0","3","2,0","0","2,0","0","2,0","6","2,0","2",",0","1","2,0","28","2,0","2","2,0","0","2,0","0","2,0","","","","","-21.7","2,0,02,","51","2,,0,23,+","51",",,0,23,","2.3","2,,0,23,","17.2","2,0,30,+","1046.1","0","495.7","2,0","9.5",",a,,0","102",",a,,0","0.63","2,0","9.10","2,,,0","-7.84","2,,,0"
"USC00242112","1951-12","45.6","-107.45","923.5","CROW AGENCY, MT US","","","","","10",",0","5",",0","0",",0","19",",0","7",",0","","","","","","","","","","","","","","","","","330",",,0,27,+","178",",,0,15,+","7.6",",,0,16,","","","","","","","29.6",",,,0","615",",,,0","","","","","",""
"USC00242112","1952-01","45.6","-107.45","923.5","CROW AGENCY, MT US","0.0","0","0.0","2,0","3",",0","1",",0","0",",0","28","3,0","1",",0","19","2,0","29","2,0","19","1,0","0","1,0","0","1,0","","","","","-33.9","2,0,23,","279","3,,0,06,+","51",",,0,21,","3.8",",,0,21,","9.4","1,0,29,","","","850.6","1,0","5.3",",,,0","84",",,,0","-11.07","2,0","-2.76","1,,,0","-19.38","2,,,0"
"USC00242112","1952-02","45.6","-107.45","923.5","CROW AGENCY, MT US","0.0","0","0.0",",0","7",",0","3",",0","0",",0","29",",0","3",",0","7",",0","29",",0","7",",0","0",",0","0",",0","","","","","-28.3",",0,20,+","152",",,0,29,+","76",",,0,28,+","5.6",",,0,28,","12.8",",0,09,","","","644.7",",0","17.9",",,,0","224",",,,0","-3.90",",0","3.64",",,,0","-11.44",",,,0"
"USC00242112","1952-03","45.6","-107.45","923.5","CROW AGENCY, MT US","0.0","0","0.0","1,0","8",",0","0",",0","0",",0","15",",0","1",",0","3","1,0","30","1,0","7","1,0","0","1,0","0","1,0","","","","","-22.2","1,0,03,","152",",,0,03,+","25",",,0,12,","2.0",",,0,12,","18.9","1,0,28,","","","589.0","1,0","7.8",",,,0","48",",,,0","-1.30","1,0","5.69","1,,,0","-8.29","1,,,0"
"USC00242112","1952-04","45.6","-107.45","923.5","CROW AGENCY, MT US","1.4","0","1.4","2,0","2",",0","1",",0","0",",0","0",",0","1",",0","0","1,0","14","1,0","0","2,0","15","2,0","2","2,0","","","","","-7.2","1,0,09,","0",",,0,30,+","102",",,0,08,","5.6",",,0,08,","32.8","2,0,28,","","","216.6","2,0","7.1",",,,0","102",",,,0","10.56","2,0","21.07","2,,,0","0.05","1,,,0"
"USC00242112","1952-05","45.6","-107.45","923.5","CROW AGENCY, MT US","1.7","0","0.3","4,0","7","2,0","6","2,0","0","2,0","0",",0","0",",0","0","3,0","1","3,0","0","3,0","19","3,0","0","3,0","","","","","-3.9","3,0,10,","0",",,0,31,+","0",",,0,31,+","22.9","2,,0,21,","29.4","3,0,25,","","","123.1","3,0","51.1",",a,,0","0",",,,0","13.94","4,0","22.59","3,,,0","5.28","3,,,0"
"USC00242112","1952-06","45.6","-107.45","923.5","CROW AGENCY, MT US","58.7","0","57.0","2,0","6",",0","5",",0","0",",0","0",",0","0",",0","0","1,0","0","1,0","0","2,0","26","2,0","5","2,0","","","1","","5.0","1,0,16,","0",",,0,30,+","0",",T,0,07,","18.3",",,0,25,","36.7","2,0,29,","","","18.6","2,0","40.7",",,,0","0",",T,,0","19.73","2,0","29.39","2,,,0","10.08","1,,,0"
"USC00242112","1952-07","45.6","-107.45","923.5","CROW AGENCY, MT US","144.7","0","86.0","2,0","4",",0","3",",0","0",",0","0",",0","0",",0","0","2,0","0","2,0","0","2,0","29","2,0","18","2,0","","","","","2.8","2,0,07,","0",",,0,31,+","0",",,0,31,+","14.7",",,0,12,","38.3","2,0,31,","4.2","0","4.2","2,0","28.1",",,,0","0",",,,0","21.16","2,0","32.07","2,,,0","10.24","2,,,0"
"USC00242112","1952-08","45.6","-107.45","923.5","CROW AGENCY, MT US","239.0","0","94.3","2,0","8",",0","3",",0","0",",0","0",",0","0",",0","0","1,0","0","1,0","0","1,0","28","1,0","16","1,0","","","","","2.2","1,0,31,","0",",,0,31,+","0",",,0,31,+","19.3",",,0,09,","38.3","1,0,25,","16.1","0","11.9","1,0","38.8",",,,0","0",",,,0","21.16","2,0","31.17","1,,,0","11.15","1,,,0"
"USC00242112","1952-09","45.6","-107.45","923.5","CROW AGENCY, MT US","258.5","0","19.5","4,0","2",",0","1",",0","0",",0","0",",0","0",",0","0","2,0","3","2,0","0","2,0","25","2,0","5","2,0","","","","","-0.6","2,0,22,","0",",,0,30,+","0",",,0,30,+","3.0",",,0,07,","33.9","2,0,26,+","78.6","0","62.5","2,0","3.8",",,,0","0",",,,0","16.79","4,0","28.24","2,,,0","5.34","2,,,0"
"USC00242112","1952-10","45.6","-107.45","923.5","CROW AGENCY, MT US","258.5","0","0.0","2,0","2",",0","1",",0","0",",0","0",",0","0",",0","0","1,0","23","1,0","0","1,0","16","1,0","0","1,0","","","","","-12.2","1,0,06,","0",",,0,31,+","0",",,0,31,+","10.4",",,0,13,","30.0","1,0,08,","338.6","0","260.0","1,0","11.9",",,,0","0",",,,0","9.34","2,0","21.24","1,,,0","-2.57","1,,,0"
"USC00242112","1952-11","45.6","-107.45","923.5","CROW AGENCY, MT US","258.5","0","0.0","1,0","4",",0","2",",0","0",",0","2","5,0","1",",0","5","1,0","28","1,0","5","1,0","2","1,0","0","1,0","","","","","-25.0","1,0,28,","76","5,,0,24,","76",",,0,24,","5.8",",,0,16,","23.3","1,0,04,","885.1","0","546.5","1,0","11.7",",,,0","76",",,,0","-0.51","1,0","8.72","1,,,0","-9.74","1,,,0"
"USC00242112","1952-12","45.6","-107.45","923.5","CROW AGENCY, MT US","258.5","0","0.0","2,0","2",",0","0",",0","0",",0","0","3,0","0",",0","1","1,0","30","1,0","3","1,0","0","1,0","0","1,0","","","","","-18.3","1,0,01,","0","3,T,0,21,+","0",",T,0,21,+","1.0",",,0,12,","12.8","1,0,15,+","1473.6","0","588.5","1,0","1.3",",,,0","0",",T,,0","-1.92","2,0","5.71","1,,,0","-9.55","1,,,0"
"USC00242112","1953-01","45.6","-107.45","923.5","CROW AGENCY, MT US","0.0","0","0.0","2,0","7",",0","3",",0","0",",0","6",",0","2",",0","4","1,0","26","1,0","4","1,0","0","1,0","0","1,0","","","","","-23.9","1,0,06,","51",",,0,07,+","51",",,0,05,","10.7",",,0,23,","19.4","1,0,12,","1981.4","0","507.8","1,0","26.3",",,,0","76",",,,0","0.79","2,0","7.77","1,,,0","-6.20","1,,,0"
"USC00242112","1953-02","45.6","-107.45","923.5","CROW AGENCY, MT US","0.0","0","0.0","3,0","7",",0","3",",0","0",",0","3",",0","4",",0","0","2,0","22","2,0","1","2,0","0","2,0","0","2,0","","","","","-15.0","2,0,21,","51",",,0,28,","76",",,0,28,+","3.3",",,0,27,","17.2","2,0,03,","2410.6","0","429.2","2,0","13.4",",,,0","241",",,,0","0.93","3,0","7.24","2,,,0","-5.38","2,,,0"
"USC00242112","1953-03","45.6","-107.45","923.5","CROW AGENCY, MT US","0.0","0","0.0","4,0","5",",0","2",",0","0",",0","4",",0","2",",0","1","3,0","26","3,0","2","2,0","1","2,0","0","2,0","","","","","-17.8","3,0,02,","178",",,0,02,","152",",,0,01,","4.6",",,0,02,","25.6","2,0,28,","2815.0","0","404.4","2,0","11.5",",,,0","203",",,,0","3.62","4,0","12.53","2,,,0","-5.30","3,,,0"
"USC00242112","1953-04","45.6","-107.45","923.5","CROW AGENCY, MT US","0.0","0","0.0","3,0","11",",0","5",",0","0",",0","0",",0","1",",0","0","2,0","19","2,0","0","2,0","6","2,0","0","2,0","","","","","-11.1","2,0,19,+","0",",T,0,08,","51",",,0,08,","14.5",",,0,29,","27.2","2,0,21,","3184.7","0","369.7","2,0","43.8",",,,0","51",",,,0","4.92","3,0","12.65","2,,,0","-2.81","2,,,0"
"USC00242112","1953-05","45.6","-107.45","923.5","CROW AGENCY, MT US","0.8","0","0.8","2,0","10",",0","8",",0","0",",0","0","1,0","0","1,0","0","2,0","8","2,0","0","2,0","13","2,0","0","2,0","","","","","-6.7","2,0,12,","0","1,,0,31,+","0","1,,0,31,+","17.0",",,0,29,","31.1","2,0,07,","3404.5","0","219.8","2,0","60.6",",,,0","0","1,,,0","10.78","2,0","18.81","2,,,0","2.76","2,,,0"
"USC00242112","1953-06","45.6","-107.45","923.5","CROW AGENCY, MT US","34.1","0","33.3","2,0","8",",0","5",",0","0",",0","0",",0","0",",0","0","2,0","0","2,0","0","1,0","25","1,0","3","1,0","","","","","2.2","2,0,25,","0",",,0,30,+","0",",,0,30,+","18.0",",,0,03,","35.0","1,0,30,","3457.4","0","52.9","1,0","53.6",",,,0","0",",,,0","17.71","2,0","26.37","1,,,0","9.04","2,,,0"
"USC00242112","1953-07","45.6","-107.45","923.5","CROW AGENCY, MT US","174.7","0","140.6",",0","5",",0","1",",0","0",",0","0",",0","0",",0","0",",0","0",",0","0",",0","31",",0","19",",0","","","","","5.0",",0,22,","0",",,0,31,+","0",",,0,31,+","6.1",",,0,30,","40.6",",0,14,","1.4","0","1.4",",0","10.4",",,,0","0",",,,0","22.82",",0","33.24",",,,0","12.41",",,,0"
"USC00242112","1953-08","45.6","-107.45","923.5","CROW AGENCY, MT US","268.9","0","94.2",",0","5",",0","1",",0","0",",0","0",",0","0",",0","0",",0","0",",0","0",",0","31",",0","18",",0","","","","","5.0",",0,26,","0",",,0,31,+","0",",,0,31,+","11.2",",,0,29,","38.3",",0,24,","2.5","0","1.1",",0","16.3",",,,0","0",",,,0","21.34",",0","32.11",",,,0","10.56",",,,0"
"USC00242112","1953-09","45.6","-107.45","923.5","CROW AGENCY, MT US","278.9","0","10.0","3,0","3",",0","3",",0","0",",0","0",",0","0",",0","0","3,0","6","3,0","0","3,0","23","3,0","2","3,0","","","","","-3.9","3,0,21,","0",",,0,30,+","0",",,0,30,+","19.1",",,0,02,","33.9","3,0,12,","85.9","0","83.4","3,0","26.7",",,,0","0",",,,0","15.61","3,0","26.97","3,,,0","4.26","3,,,0"
"USC00242112","1953-10","45.6","-107.45","923.5","CROW AGENCY, MT US","279.2","0","0.3","3,0","4",",0","3",",0","2",",0","0",",0","0",",0","0","2,0","19","2,0","0","3,0","18","3,0","2","3,0","","","","","-4.4","2,0,26,+","0",",,0,31,+","0",",,0,31,+","36.1",",,0,21,","32.2","3,0,10,+","296.4","0","210.5","3,0","69.6",",,,0","0",",,,0","10.90","3,0","21.67","3,,,0","0.13","2,,,0"
"USC00242112","1953-11","45.6","-107.45","923.5","CROW AGENCY, MT US","279.2","0","0.0","1,0","4",",0","2",",0","0",",0","0",",0","0",",0","0","1,0","26","1,0","1",",0","6",",0","0",",0","","","","","-12.8","1,0,21,+","0",",,0,30,+","0",",,0,30,+","3.8",",,0,18,","22.8",",0,15,+","697.4","0","401.0",",0","6.9",",,,0","0",",,,0","4.60","1,0","13.51",",,,0","-4.31","1,,,0"
"USC00242112","1953-12","45.6","-107.45","923.5","CROW AGENCY, MT US","","","","","2",",0","0",",0","0",",0","","","1",",0","0","4,0","27","4,0","1","4,0","0","4,0","0","4,0","","","","","-15.0","4,0,23,","","","38",",,0,21,","2.3",",,0,01,","13.9","4,0,12,","","","","","3.6",",,,0","51",",,,0","-0.22","6,0","7.41","4,,,0","-7.84","4,,,0"
"USC00242112","1954-01","45.6","-107.45","923.5","CROW AGENCY, MT US","0.0","0","0.0",",0","7",",0","4",",0","0",",0","","","5",",0","17",",0","31",",0","15",",0","0",",0","0",",0","","","","","-40.6",",0,20,","","","152",",,0,16,","8.4",",,0,16,","15.6",",0,07,","","","870.4",",0","19.6",",,,0","343",",,,0","-9.75",",0","-1.64",",,,0","-17.85",",,,0"
"USC00242112","1954-02","45.6","-107.45","923.5","CROW AGENCY, MT US","0.0","0","0.0","3,0","2",",0","1",",0","0",",0","0","4,0","1",",0","0","3,0","23","3,0","1","3,0","0","3,0","0","3,0","","","","","-10.0","3,0,01,","0","4,,0,28,+","25",",,0,26,","8.4",",,0,26,","19.4","3,0,08,","","","372.5","3,0","10.4",",,,0","25",",,,0","3.43","3,0","11.64","3,,,0","-4.78","3,,,0"
"USC00242112","1954-03","45.6","-107.45","923.5","CROW AGENCY, MT US","0.0","0","0.0",",0","11",",0","5",",0","0",",0","","","7",",0","3",",0","31",",0","9",",0","0",",0","0",",0","","","","","-21.1",",0,29,","","","178",",,0,24,","14.0",",,0,24,","20.6",",0,10,","","","634.0",",0","53.0",",,,0","508",",,,0","-2.12",",0","5.09",",,,0","-9.33",",,,0"
"USC00242112","1954-04","45.6","-107.45","923.5","CROW AGENCY, MT US","0.0","0","0.0","1,0","7",",0","3",",0","0",",0","3",",0","1",",0","0","1,0","17","1,0","1","1,0","4","1,0","0","1,0","","","","","-11.7","1,0,01,","102",",,0,02,+","51",",,0,28,","7.1",",,0,28,","25.0","1,0,17,","","","352.4","1,0","19.6",",,,0","77",",,,0","6.18","1,0","14.19","1,,,0","-1.82","1,,,0"
"USC00242112","1954-05","45.6","-107.45","923.5","CROW AGENCY, MT US","","","","","6",",0","4",",0","0",",0","0",",0","2",",0","0","3,0","6","3,0","0","4,0","15","4,0","1","4,0","","","","","-8.9","3,0,03,","0",",T,0,01,","76",",,0,01,","14.7",",,0,22,","33.9","4,0,19,","","","","","32.9",",,,0","101",",,,0","11.93","6,0","20.15","4,,,0","3.71","3,,,0"
"USC00242112","1954-06","45.6","-107.45","923.5","CROW AGENCY, MT US","","","27.4",",0","7",",0","5",",0","0",",0","0",",0","0",",0","0",",0","0",",0","0",",0","23",",0","3",",0","","","","","1.1",",0,03,","0",",,0,30,+","0",",,0,30,+","14.2",",,0,02,","37.8",",0,23,","","","95.1",",0","31.0",",,,0","0",",,,0","16.08",",0","24.85",",,,0","7.30",",,,0"
"USC00242112","1954-07","45.6","-107.45","923.5","CROW AGENCY, MT US","","","146.2","1,0","5",",0","2",",0","0",",0","0",",0","0",",0","0","1,0","0","1,0","0","1,0","30","1,0","23","1,0","","","","","4.4","1,0,23,","0",",,0,31,+","0",",,0,31,+","4.3",",,0,20,","39.4","1,0,12,+","1.4","0","1.4","1,0","10.4",",,,0","0",",,,0","23.16","1,0","34.18","1,,,0","12.14","1,,,0"
"USC00242112","1954-08","45.6","-107.45","923.5","CROW AGENCY, MT US","","","64.2","4,0","5",",0","4",",0","0",",0","0",",0","0",",0","0","3,0","0","3,0","0","3,0","28","3,0","12","3,0","","","","","5.0","3,0,27,+","0",",,0,31,+","0",",T,0,03,","6.4",",,0,06,","38.9","3,0,30,","5.6","0","4.2","3,0","21.8",",,,0","0",",T,,0","20.51","4,0","31.05","3,,,0","9.98","3,,,0"
"USC00242112","1954-09","45.6","-107.45","923.5","CROW AGENCY, MT US","","","8.0","1,0","7",",0","4",",0","0",",0","0",",0","0",",0","0","1,0","1","1,0","0","1,0","25","1,0","1","1,0","","","","","0.0","1,0,21,","0",",,0,30,+","0",",T,0,16,","10.9",",,0,04,","35.0","1,0,11,","105.2","0","99.6","1,0","32.4",",,,0","0",",T,,0","15.18","1,0","24.65","1,,,0","5.70","1,,,0"
"USC00242112","1954-10","45.6","-107.45","923.5","CROW AGENCY, MT US","","","0.0","1,0","5",",0","3",",0","0",",0","0",",0","2",",0","0","1,0","21","1,0","0","1,0","11","1,0","0","1,0","","","","","-6.7","1,0,27,+","0",",,0,31,+","25",",,0,26,+","8.6",",,0,25,","31.1","1,0,07,","414.4","0","309.2","1,0","18.2",",,,0","50",",,,0","8.03","1,0","17.29","1,,,0","-1.24","1,,,0"
"USC00242112","1954-11","45.6","-107.45","923.5","CROW AGENCY, MT US","","","0.0",",0","1",",0","0",",0","0",",0","0",",0","0",",0","0",",0","27",",0","1",",0","2",",0","0",",0","","","","","-14.4",",0,30,","0",",T,0,28,","0",",T,0,28,","0.5",",,0,27,","22.8",",0,06,","807.0","0","392.6",",0","0.5",",,,0","0",",T,,0","5.25",",0","14.55",",,,0","-4.06",",,,0"
"USC00242112","1954-12","45.6","-107.45","923.5","CROW AGENCY, MT US","","","0.0",",0","1",",0","1",",0","0",",0","","","1",",0","2",",0","31",",0","1",",0","0",",0","0",",0","","","","","-18.9",",0,28,","","","76",",,0,07,","6.1",",,0,07,","16.1",",0,22,","1429.0","0","622.0",",0","6.1",",,,0","76",",,,0","-1.73",",0","7.52",",,,0","-10.99",",,,0"
"USC00242112","1955-01","45.6","-107.45","923.5","CROW AGENCY, MT US","0.0","0","0.0","1,0","0",",0","0",",0","0",",0","0",",0","0",",0","3","1,0","30","1,0","4","1,0","0","1,0","0","1,0","","","","","-20.6","1,0,12,","0",",T,0,23,+","0",",T,0,27,+","0.0",",T,0,27,+","13.9","1,0,30,","2082.1","0","653.1","1,0","0.0",",T,,0","0",",T,,0","-3.44","1,0","4.58","1,,,0","-11.46","1,,,0"
"USC00242112","1955-02","45.6","-107.45","923.5","CROW AGENCY, MT US","0.0","0","0.0",",0","9",",0","6",",0","0",",0","","","8",",0","10",",0","28",",0","12",",0","0",",0","0",",0","","","","","-28.9",",0,24,","","","140",",,0,09,","10.2",",,0,09,","12.2",",0,08,","2768.0","0","685.9",",0","31.9",",,,0","517",",,,0","-6.16",",0","1.23",",,,0","-13.55",",,,0"
"USC00242112","1955-03","45.6","-107.45","923.5","CROW AGENCY, MT US","0.0","0","0.0","3,0","9",",0","4",",0","0",",0","","","5",",0","5","3,0","26","3,0","7","2,0","0","2,0","0","2,0","","","","","-32.2","3,0,05,","","","91",",,0,03,","4.6",",,0,15,","17.8","2,0,29,","3362.4","0","594.4","2,0","20.9",",,,0","359",",,,0","-2.93","3,0","4.77","2,,,0","-10.63","3,,,0"
"USC00242112","1955-04","45.6","-107.45","923.5","CROW AGENCY, MT US","0.0","0","0.0",",0","6",",0","6",",0","2",",0","","","3",",0","0",",0","22",",0","1",",0","6",",0","0",",0","","","","","-15.6",",0,07,","","","457",",,0,04,","61.2",",,0,04,","25.0",",0,30,","3711.1","0","348.7",",0","132.6",",,,0","901",",,,0","6.71",",0","15.09",",,,0","-1.67",",,,0"
"USC00242112","1955-05","45.6","-107.45","923.5","CROW AGENCY, MT US","0.0","0","0.0","1,0","12",",0","10",",0","0",",0","0",",0","0",",0","0","1,0","1","1,0","0","1,0","15","1,0","0","1,0","","","","","0.0","1,0,07,","0",",,0,31,+","0",",,0,31,+","23.6",",,0,27,","30.0","1,0,01,","3866.6","0","155.5","1,0","124.0",",,,0","0",",,,0","13.15","1,0","21.06","1,,,0","5.24","1,,,0"
"USC00242112","1955-06","45.6","-107.45","923.5","CROW AGENCY, MT US","20.4","0","20.4",",0","7",",0","6",",0","0",",0","0",",0","0",",0","0",",0","0",",0","0",",0","22",",0","1",",0","","","","","4.4",",0,06,+","0",",,0,30,+","0",",,0,30,+","11.9",",,0,03,","32.2",",0,21,","3935.0","0","68.4",",0","43.7",",,,0","0",",,,0","16.74",",0","23.75",",,,0","9.72",",,,0"
"USC00242112","1955-07","45.6","-107.45","923.5","CROW AGENCY, MT US","141.2","0","120.8","1,0","5",",0","2",",0","0",",0","0",",0","0",",0","0","1,0","0","1,0","0","1,0","30","1,0","14","1,0","","","","","2.8","1,0,02,","0",",,0,31,+","0",",,0,31,+","18.0",",,0,23,","38.9","1,0,20,+","12.8","0","12.8","1,0","22.8",",,,0","0",",,,0","21.94","1,0","31.24","1,,,0","12.63","1,,,0"
"USC00242112","1955-08","45.6","-107.45","923.5","CROW AGENCY, MT US","244.4","0","103.2","2,0","2",",0","0",",0","0",",0","0",",0","0",",0","0","2,0","0","2,0","0","2,0","29","2,0","17","2,0","","","","","4.4","2,0,30,+","0",",,0,31,+","0",",,0,31,+","1.5",",,0,14,","38.3","2,0,24,","17.3","0","4.5","2,0","1.8",",,,0","0",",,,0","21.74","2,0","32.48","2,,,0","11.00","2,,,0"
"USC00242112","1955-09","45.6","-107.45","923.5","CROW AGENCY, MT US","263.4","0","19.0",",0","3",",0","2",",0","0",",0","0",",0","0",",0","0",",0","6",",0","0",",0","21",",0","6",",0","","","","","-5.0",",0,23,","0",",,0,30,+","0",",,0,30,+","3.8",",,0,25,+","36.1",",0,14,","157.3","0","140.0",",0","8.4",",,,0","0",",,,0","14.30",",0","24.55",",,,0","4.04",",,,0"
"USC00242112","1955-10","45.6","-107.45","923.5","CROW AGENCY, MT US","263.4","0","0.0","2,0","6",",0","5",",0","0",",0","1",",0","2",",0","0","2,0","21","2,0","0","2,0","18","2,0","1","2,0","","","","","-7.8","2,0,23,","76",",,0,22,","76",",,0,22,","13.5",",,0,06,","32.2","2,0,10,","391.3","0","234.0","2,0","43.2",",,,0","101",",,,0","10.27","2,0","21.24","2,,,0","-0.71","2,,,0"
"USC00242112","1955-11","45.6","-107.45","923.5","CROW AGENCY, MT US","263.4","0","0.0",",0","6",",0","3",",0","0",",0","","","3",",0","9",",0","26",",0","12",",0","0",",0","0",",0","","","","","-31.7",",0,27,","","","178",",,0,26,","10.7",",,0,26,","19.4",",0,04,","1077.9","0","686.6",",0","20.8",",,,0","331",",,,0","-4.56",",0","2.51",",,,0","-11.62",",,,0"
"USC00242112","1955-12","45.6","-107.45","923.5","CROW AGENCY, MT US","263.4","0","0.0","2,0","4","4,0","3","4,0","0","4,0","","","4",",0","10","1,0","29","1,0","13","1,0","0","1,0","0","1,0","","","","","-26.7","1,0,18,","","","254",",,0,17,","11.4","4,,0,16,","12.8","1,0,23,","1795.4","0","717.5","1,0","27.4",",a,,0","635",",a,,0","-6.42","2,0","0.69","1,,,0","-13.52","1,,,0"
"USC00242112","1956-01","45.6","-107.45","923.5","CROW AGENCY, MT US","0.0","0","0.0",",0","3",",0","1",",0","0",",0","","","2","3,0","11",",0","31",",0","14",",0","0",",0","0",",0","","","","","-26.1",",0,30,","","","76","3,,0,16,","2.5",",,0,16,","11.1",",0,08,","2594.0","0","798.6",",0","4.8",",,,0","127","3,,,0","-7.43",",0","0.15",",,,0","-15.00",",,,0"
"USC00242112","1956-02","45.6","-107.45","923.5","CROW AGENCY, MT US","0.0","0","0.0",",0","1",",0","1",",0","0",",0","","","1",",0","10",",0","29",",0","7",",0","0",",0","0",",0","","","","","-33.9",",0,16,","","","76",",,0,13,","3.6",",,0,13,","14.4",",0,23,","3285.7","0","691.7",",0","3.6",",,,0","76",",,,0","-5.52",",0","3.76",",,,0","-14.80",",,,0"
"USC00242112","1956-03","45.6","-107.45","923.5","CROW AGENCY, MT US","0.0","0","0.0",",0","3",",0","1",",0","0",",0","","","0","5,0","3",",0","30",",0","3",",0","4",",0","0",",0","","","","","-25.0",",0,11,","","","0","5,,0,31,+","4.6",",,0,06,","26.1",",0,24,","3794.6","0","508.9",",0","6.7",",,,0","0","5,,,0","1.92",",0","10.32",",,,0","-6.48",",,,0"
"USC00242112","1956-04","45.6","-107.45","923.5","CROW AGENCY, MT US","0.0","0","0.0",",0","4",",0","4",",0","0",",0","","","","","0",",0","26",",0","0",",0","6",",0","0",",0","","","","","-11.1",",0,03,","","","","","21.6",",,0,01,","26.7",",0,20,","4166.3","0","371.7",",0","37.8",",,,0","","","5.94",",0","14.62",",,,0","-2.73",",,,0"
"USC00242112","1956-05","45.6","-107.45","923.5","CROW AGENCY, MT US","12.8","0","12.8",",0","7",",0","6",",0","0",",0","","","","","0",",0","1",",0","0",",0","16",",0","0",",0","","","","","-1.7",",0,03,","","","","","8.4",",,0,05,","31.7",",0,19,","4315.6","0","149.3",",0","32.8",",,,0","","","13.93",",0","21.38",",,,0","6.48",",,,0"
"USC00242112","1956-06","45.6","-107.45","923.5","CROW AGENCY, MT US","88.7","0","75.9",",0","1",",0","1",",0","0",",0","0",",0","0",",0","0",",0","0",",0","0",",0","30",",0","12",",0","","","","","3.9",",0,07,","0",",,0,30,+","0",",,0,30,+","19.3",",,0,21,","37.2",",0,20,","4324.5","0","8.9",",0","19.3",",,,0","0",",,,0","20.57",",0","31.24",",,,0","9.89",",,,0"
"USC00242112","1956-07","45.6","-107.45","923.5","CROW AGENCY, MT US","190.1","0","101.4","1,0","5",",0","4",",0","0",",0","0",",0","0",",0","0","1,0","0","1,0","0","1,0","30","1,0","11","1,0","","","","","5.6","1,0,02,+","0",",,0,31,+","0",",,0,31,+","18.3",",,0,07,","38.9","1,0,24,","9.4","0","9.4","1,0","37.9",",,,0","0",",,,0","21.40","1,0","31.54","1,,,0","11.26","1,,,0"
"USC00242112","1956-08","45.6","-107.45","923.5","CROW AGENCY, MT US","248.2","0","58.1","3,0","6",",0","5",",0","0",",0","0",",0","0",",0","0","3,0","0","3,0","0","3,0","27","3,0","11","3,0","","","","","1.7","3,0,31,","0",",,0,31,+","0",",,0,31,+","14.5",",,0,27,","37.2","3,0,24,","33.7","0","24.3","3,0","48.0",",,,0","0",",,,0","19.54","3,0","29.90","3,,,0","9.19","3,,,0"
"USC00242112","1956-09","45.6","-107.45","923.5","CROW AGENCY, MT US","259.0","0","10.8",",0","3",",0","2",",0","0",",0","0",",0","0",",0","0",",0","3",",0","0",",0","25",",0","2",",0","","","","","-1.1",",0,06,","0",",,0,30,+","0",",,0,30,+","4.6",",,0,29,","33.3",",0,26,","119.5","0","85.8",",0","9.5",",,,0","0",",,,0","15.83",",0","26.98",",,,0","4.68",",,,0"
"USC00242112","1956-10","45.6","-107.45","923.5","CROW AGENCY, MT US","259.0","0","0.0",",0","3",",0","2",",0","0",",0","0",",0","0",",0","0",",0","21",",0","0",",0","17",",0","0",",0","","","","","-10.0",",0,30,","0",",,0,31,+","0",",T,0,31,","4.8",",,0,13,","30.6",",0,07,","368.6","0","249.1",",0","9.1",",,,0","0",",T,,0","10.30",",0","21.26",",,,0","-0.67",",,,0"
"USC00242112","1956-11","45.6","-107.45","923.5","CROW AGENCY, MT US","259.0","0","0.0",",0","6",",0","5",",0","0",",0","","","1","5,0","0",",0","28",",0","2",",0","0",",0","0",",0","","","","","-16.1",",0,15,","","","51","5,,0,14,","17.3",",,0,03,","20.6",",0,10,","862.0","0","493.4",",0","43.5",",,,0","51","5,,,0","1.89",",0","9.54",",,,0","-5.76",",,,0"
"USC00242112","1956-12","45.6","-107.45","923.5","CROW AGENCY, MT US","259.0","0","0.0","1,0","4",",0","1",",0","0",",0","","","0","5,0","4","1,0","30","1,0","6",",0","0",",0","0",",0","","","","","-26.1","1,0,07,","","","0","5,,0,31,+","2.5",",,0,16,","19.4",",0,29,","1452.9","0","590.9",",0","7.8",",,,0","0","5,,,0","-1.23","1,0","7.49",",,,0","-9.95","1,,,0"
"USC00242112","1957-01","45.6","-107.45","923.5","CROW AGENCY, MT US","0.0","0","0.0","1,0","6",",0","3",",0","0",",0","24","5,0","","","22","1,0","30","1,0","18","1,0","0","1,0","0","1,0","","","","","-37.2","1,0,25,","102","5,,0,31,+","","","5.1",",,0,03,","7.2","1,0,01,","2382.6","0","929.7","1,0","15.0",",,,0","","","-12.66","1,0","-4.27","1,,,0","-21.05","1,,,0"
"USC00242112","1957-02","45.6","-107.45","923.5","CROW AGENCY, MT US","0.0","0","0.0",",0","4",",0","2",",0","0",",0","17",",","","","9",",0","28",",0","8",",0","0",",0","0",",0","1","","","","-25.0",",0,02,","102",",,0,07,+","","","8.6",",,0,25,","17.2",",0,26,","2987.5","0","604.9",",0","13.2",",,,0","","","-3.27",",0","5.53",",,,0","-12.07",",,,0"
"USC00242112","1957-03","45.6","-107.45","923.5","CROW AGENCY, MT US","0.0","0","0.0","2,0","8",",0","6",",0","0",",0","7","4,","","","1","2,0","28","2,0","2","1,0","0","1,0","0","1,0","","","","","-20.6","2,0,07,","127","4,,0,05,","","","10.9",",,0,13,","18.9","1,0,20,","3445.5","0","458.0","1,0","34.4",",,,0","","","2.29","2,0","9.96","1,,,0","-5.37","2,,,0"
"USC00242112","1957-04","45.6","-107.45","923.5","CROW AGENCY, MT US","0.0","0","0.0","2,0","14",",0","8",",0","1",",0","0","2,","","","0","1,0","16","1,0","0","1,0","4","1,0","0","1,0","","","","","-6.1","1,0,12,+","0","2,,0,30,+","","","89.2",",,0,23,","26.1","1,0,29,","3781.2","0","335.7","1,0","128.7",",,,0","","","6.41","2,0","13.38","1,,,0","-0.55","1,,,0"
"USC00242112","1957-05","45.6","-107.45","923.5","CROW AGENCY, MT US","3.3","0","3.3","2,0","7",",0","6",",0","1",",0","0",",0","0",",0","0","2,0","0","2,0","0","2,0","19","2,0","0","2,0","","","","","1.1","2,0,24,","0",",,0,31,+","0",",,0,31,+","32.3",",,0,20,","30.0","2,0,02,","3914.0","0","132.8","2,0","79.1",",,,0","0",",,,0","13.87","2,0","21.59","2,,,0","6.14","2,,,0"
"USC00242112","1957-06","45.6","-107.45","923.5","CROW AGENCY, MT US","22.8","0","19.5",",0","8",",0","8",",0","2",",0","0",",0","0",",0","0",",0","0",",0","0",",0","24",",0","2",",0","","","","","2.8",",0,15,","0",",,0,30,+","0",",,0,30,+","35.3",",,0,21,","32.2",",0,05,+","3973.6","0","59.6",",0","119.4",",,,0","0",",,,0","17.00",",0","24.63",",,,0","9.36",",,,0"
"USC00242112","1957-07","45.6","-107.45","923.5","CROW AGENCY, MT US","170.1","0","147.3",",0","1",",0","0",",0","0",",0","0",",0","0",",0","0",",0","0",",0","0",",0","31",",0","25",",0","","","","","6.1",",0,04,","0",",,0,31,+","0",",,0,31,+","1.3",",,0,01,","38.3",",0,31,","2.2","0","2.2",",0","1.3",",,,0","0",",,,0","23.01",",0","33.32",",,,0","12.70",",,,0"
"USC00242112","1957-08","45.6","-107.45","923.5","CROW AGENCY, MT US","277.8","0","107.7",",0","5",",0","3",",0","1",",0","0",",0","0",",0","0",",0","0",",0","0",",0","31",",0","15",",0","","","","","7.2",",0,23,","0",",,0,31,+","0",",,0,31,+","45.7",",,0,30,","39.4",",0,10,","6.1","0","3.9",",0","63.8",",,,0","0",",,,0","21.68",",0","31.26",",,,0","12.10",",,,0"
"USC00242112","1957-09","45.6","-107.45","923.5","CROW AGENCY, MT US","283.1","0","5.3",",0","6",",0","5",",0","0",",0","0",",0","0",",0","0",",0","2",",0","0",",0","23",",0","1",",0","","","","","0.0",",0,22,+","0",",,0,30,+","0",",,0,30,+","11.7",",,0,12,","33.9",",0,07,","118.5","0","112.4",",0","33.3",",,,0","0",",,,0","14.76",",0","24.21",",,,0","5.31",",,,0"
"USC00242112","1957-10","45.6","-107.45","923.5","CROW AGENCY, MT US","283.9","0","0.8","1,0","4",",0","2",",0","0",",0","0",",0","0",",0","0","1,0","18","1,0","0","1,0","7","1,0","0","1,0","","","","","-8.3","1,0,25,","0",",,0,31,+","0",",,0,31,+","5.3",",,0,19,","31.1","1,0,02,","442.6","0","324.1","1,0","11.2",",,,0","0",",,,0","7.56","1,0","15.52","1,,,0","-0.41","1,,,0"
"USC00242112","1957-11","45.6","-107.45","923.5","CROW AGENCY, MT US","283.9","0","0.0",",0","5",",0","2",",0","1",",0","","","","","0",",0","28",",0","0",",0","0",",0","0",",0","","","","","-11.1",",0,05,","","","","","32.3",",,0,01,","18.3",",0,24,","954.5","0","511.9",",0","38.9",",,,0","","","1.27",",0","7.58",",,,0","-5.04",",,,0"
"USC00242112","1957-12","45.6","-107.45","923.5","CROW AGENCY, MT US","283.9","0","0.0",",0","0",",0","0",",0","0",",0","0",",0","0",",0","0",",0","31",",0","0",",0","1",",0","0",",0","","","","","-15.0",",0,24,","0",",,0,31,+","0",",,0,31,+","0.0",",,0,31,+","21.1",",0,09,","1475.1","0","520.6",",0","0.0",",,,0","0",",,,0","1.54",",0","10.03",",,,0","-6.95",",,,0"
"USC00242112","1958-01","45.6","-107.45","923.5","CROW AGENCY, MT US","0.0","0","0.0",",0","3",",0","1",",0","0",",0","","","1","3,0","0",",0","30",",0","0",",0","0",",0","0",",0","","","","","-16.7",",0,20,","","","25","3,,0,18,","3.8",",,0,30,","16.7",",0,17,","2040.1","0","565.0",",0","6.8",",,,0","25","3,,,0","0.11",",0","10.21",",,,0","-9.99",",,,0"
"USC00242112","1958-02","45.6","-107.45","923.5","CROW AGENCY, MT US","0.0","0","0.0",",0","9",",0","3",",0","0",",0","16","2,0","","","2",",0","28",",0","11",",0","0",",0","0",",0","","","","","-23.9",",0,12,","229","2,,0,16,","","","4.6",",,0,13,","16.7",",0,22,","2641.2","0","601.1",",0","17.0",",,,0","","","-3.14",",0","3.77",",,,0","-10.04",",,,0"
"USC00242112","1958-03","45.6","-107.45","923.5","CROW AGENCY, MT US","0.0","0","0.0",",0","7",",0","2",",0","0",",0","","","","","0",",0","28",",0","1",",0","0",",0","0",",0","","","","","-15.0",",0,03,+","","","","","4.3",",,0,22,","19.4",",0,30,","3172.0","0","530.8",",0","11.4",",,,0","","","1.21",",0","7.83",",,,0","-5.40",",,,0"
"USC00242112","1958-04","45.6","-107.45","923.5","CROW AGENCY, MT US","0.0","0","0.0",",0","7",",0","3",",0","0",",0","","","","","0",",0","18",",0","0",",0","6",",0","0",",0","","","","","-6.7",",0,26,","","","","","7.9",",,0,27,","26.7",",0,16,","3495.3","0","323.3",",0","25.3",",,,0","","","7.56",",0","15.48",",,,0","-0.37",",,,0"
"USC00242112","1958-05","45.6","-107.45","923.5","CROW AGENCY, MT US","28.0","0","28.0",",0","1",",0","1",",0","0",",0","0",",0","0",",0","0",",0","0",",0","0",",0","30",",0","6",",0","","","","","0.6",",0,01,","0",",,0,31,+","0",",,0,31,+","4.1",",,0,31,","35.0",",0,28,","3567.1","0","71.8",",0","4.1",",,,0","0",",,,0","16.92",",0","27.25",",,,0","6.58",",,,0"
"USC00242112","1958-06","45.6","-107.45","923.5","CROW AGENCY, MT US","38.9","0","10.9",",0","18",",0","10",",0","1",",0","0",",0","0",",0","0",",0","0",",0","0",",0","23",",0","2",",0","","","","","1.1",",0,25,","0",",,0,30,+","0",",,0,30,+","26.7",",,0,03,","33.9",",0,27,","3634.9","0","67.8",",0","129.0",",,,0","0",",,,0","16.44",",0","24.02",",,,0","8.85",",,,0"
"USC00242112","1958-07","45.6","-107.45","923.5","CROW AGENCY, MT US","83.9","0","45.0",",0","5",",0","2",",0","0",",0","0",",0","0",",0","0",",0","0",",0","0",",0","31",",0","3",",0","","","","","5.0",",0,06,","0",",,0,31,+","0",",,0,31,+","6.9",",,0,26,","34.4",",0,22,","18.3","0","18.3",",0","15.8",",,,0","0",",,,0","19.20",",0","28.12",",,,0","10.27",",,,0"
"USC00242112","1958-08","45.6","-107.45","923.5","CROW AGENCY, MT US","193.7","0","109.8","1,0","3",",0","1",",0","0",",0","0",",0","0",",0","0","1,0","0","1,0","0","1,0","30","1,0","21","1,0","","","","","5.6","1,0,31,","0",",,0,31,+","0",",,0,31,+","7.1",",,0,30,","37.8","1,0,17,","20.8","0","2.5","1,0","10.4",",,,0","0",",,,0","21.91","1,0","32.92","1,,,0","10.89","1,,,0"
"USC00242112","1958-09","45.6","-107.45","923.5","CROW AGENCY, MT US","223.2","0","29.5",",0","2",",0","1",",0","0",",0","0",",0","0",",0","0",",0","4",",0","0",",0","25",",0","9",",0","","","","","-6.7",",0,30,","0",",,0,30,+","0",",,0,30,+","4.6",",,0,24,","36.7",",0,08,+","119.8","0","99.0",",0","5.9",",,,0","0",",,,0","16.02",",0","27.27",",,,0","4.76",",,,0"
"USC00242112","1958-10","45.6","-107.45","923.5","CROW AGENCY, MT US","223.2","0","0.0","2,0","4",",0","4",",0","0",",0","0",",0","0",",0","0","1,0","17","1,0","0","1,0","17","1,0","3","1,0","","","","","-7.8","1,0,30,+","0",",,0,31,+","0",",,0,31,+","24.4",",,0,20,","32.2","1,0,15,+","367.7","0","247.9","1,0","46.7",",,,0","0",",,,0","9.96","2,0","21.37","1,,,0","-1.45","1,,,0"
"USC00242112","1958-11","45.6","-107.45","923.5","CROW AGENCY, MT US","223.2","0","0.0",",0","8",",0","5",",0","0",",0","9",",0","","","3",",0","27",",0","4",",0","0",",0","0",",0","","","","","-20.0",",0,18,","279",",,0,17,+","","","9.1",",,0,16,","20.0",",0,01,","849.9","0","482.2",",0","38.0",",,,0","","","2.26",",0","10.44",",,,0","-5.92",",,,0"
"USC00242112","1958-12","45.6","-107.45","923.5","CROW AGENCY, MT US","223.2","0","0.0",",0","7",",0","6",",0","0",",0","28",",0","","","5",",0","30",",0","9",",0","0",",0","0",",0","","","","","-24.4",",0,09,","254",",,0,09,+","","","8.6",",,0,07,","15.6",",0,02,","1547.8","0","697.9",",0","31.9",",,,0","","","-4.18",",0","2.73",",,,0","-11.09",",,,0"
"USC00242112","1959-01","45.6","-107.45","923.5","CROW AGENCY, MT US","0.0","0","0.0",",0","7",",0","2",",0","0",",0","31",",","","","9",",0","31",",0","11",",0","0",",0","0",",0","","","","","-33.3",",0,04,","76",",,0,23,+","","","4.3",",,0,01,","8.9",",0,27,+","2339.3","0","791.5",",0","13.4",",,,0","","","-7.20",",0","-0.32",",,,0","-14.08",",,,0"
"USC00242112","1959-02","45.6","-107.45","923.5","CROW AGENCY, MT US","0.0","0","0.0",",0","5",",0","2",",0","0",",0","28",",","","","15",",0","28",",0","11",",0","0",",0","0",",0","","","","","-27.2",",0,18,","203",",,0,19,+","","","12.7",",,0,17,","11.7",",0,06,","3063.2","0","723.9",",0","18.8",",,,0","","","-7.52",",0","1.23",",,,0","-16.28",",,,0"
"USC00242112","1959-03","45.6","-107.45","923.5","CROW AGENCY, MT US","0.0","0","0.0",",0","3",",0","1",",0","0",",0","6",",0","0","3,0","0",",0","27",",0","0",",0","1",",0","0",",0","","","","","-9.4",",0,06,","76",",,0,01,","0","3,,0,31,+","7.1",",,0,14,","22.2",",0,21,","3494.1","0","430.9",",0","9.9",",,,0","0","3,,,0","4.43",",0","11.83",",,,0","-2.96",",,,0"
"USC00242112","1959-04","45.6","-107.45","923.5","CROW AGENCY, MT US","0.0","0","0.0","1,0","5",",0","3",",0","0",",0","","","","","0","1,0","19","1,0","0","1,0","9","1,0","0","1,0","","","","","-11.7","1,0,09,","","","","","20.3",",,0,16,","27.2","1,0,13,","3802.8","0","308.7","1,0","43.5",",,,0","","","7.69","1,0","16.59","1,,,0","-1.21","1,,,0"
"USC00242112","1959-05","45.6","-107.45","923.5","CROW AGENCY, MT US","0.0","0","0.0",",0","7",",0","4",",0","0",",0","0",",0","0",",0","0",",0","6",",0","0",",0","12",",0","0",",0","","","","","-3.3",",0,12,","0",",,0,31,+","0",",,0,31,+","15.0",",,0,04,","28.3",",0,01,","4032.7","0","229.9",",0","43.7",",,,0","0",",,,0","10.92",",0","19.14",",,,0","2.69",",,,0"
"USC00242112","1959-06","45.6","-107.45","923.5","CROW AGENCY, MT US","75.3","0","75.3",",0","5",",0","5",",0","0",",0","0",",0","0",",0","0",",0","0",",0","0",",0","28",",0","8",",0","","","","","1.7",",0,01,","0",",,0,30,+","0",",,0,30,+","9.1",",,0,26,","37.2",",0,13,","4061.3","0","28.6",",0","28.4",",,,0","0",",,,0","19.89",",0","28.96",",,,0","10.81",",,,0"
"USC00242112","1959-07","45.6","-107.45","923.5","CROW AGENCY, MT US","192.3","0","117.0",",0","2",",0","1",",0","0",",0","0",",0","0",",0","0",",0","0",",0","0",",0","31",",0","21",",0","","","","","5.6",",0,29,","0",",,0,31,+","0",",,0,31,+","2.5",",,0,14,","40.6",",0,24,","6.9","0","6.9",",0","3.0",",,,0","0",",,,0","21.88",",0","33.14",",,,0","10.63",",,,0"
"USC00242112","1959-08","45.6","-107.45","923.5","CROW AGENCY, MT US","277.6","0","85.3",",0","2",",0","2",",0","0",",0","0",",0","0",",0","0",",0","0",",0","0",",0","31",",0","14",",0","","","","","4.4",",0,14,","0",",,0,31,+","0",",,0,31,+","3.3",",,0,13,","36.7",",0,17,","9.2","0","2.3",",0","5.8",",,,0","0",",,,0","21.01",",0","31.99",",,,0","10.03",",,,0"
"USC00242112","1959-09","45.6","-107.45","923.5","CROW AGENCY, MT US","303.7","0","26.1","1,0","6",",0","3",",0","0",",0","0",",0","0",",0","0","1,0","6","1,0","0","1,0","16","1,0","6","1,0","","","","","-3.9","1,0,29,","0",",,0,30,+","0",",,0,30,+","15.0",",,0,16,","38.3","1,0,13,+","138.5","0","129.3","1,0","31.6",",,,0","0",",,,0","14.78","1,0","23.84","1,,,0","5.71","1,,,0"
"USC00242112","1959-11","45.6","-107.45","923.5","CROW AGENCY, MT US","","","0.0",",0","6",",0","4",",0","0",",0","","","4",",0","6",",0","28",",0","7",",0","1",",0","0",",0","","","","","-36.7",",0,16,","","","152",",,0,12,","14.2",",,0,12,","23.3",",0,02,","","","628.5",",0","32.2",",,,0","304",",,,0","-2.62",",0","5.01",",,,0","-10.24",",,,0"
"USC00242112","1959-12","45.6","-107.45","923.5","CROW AGENCY, MT US","","","0.0",",0","2",",0","2",",0","0",",0","","","0","4,0","0",",0","31",",0","1",",0","0",",0","0",",0","","","","","-13.3",",0,31,","","","0","4,,0,31,+","5.1",",,0,03,","15.0",",0,15,","","","589.0",",0","8.4",",,,0","0","4,,,0","-0.67",",0","6.68",",,,0","-8.02",",,,0"
"USC00242112","1960-01","45.6","-107.45","923.5","CROW AGENCY, MT US","0.0","0","0.0",",0","4",",0","3",",0","0",",0","31",",0","","","7",",0","31",",0","12",",0","0",",0","0",",0","","","","","-26.1",",0,19,","51",",,0,05,+","","","5.3",",,0,01,","10.0",",0,31,","","","758.7",",0","11.8",",,,0","","","-6.14",",0","1.72",",,,0","-14.00",",,,0"
"USC00242112","1960-02","45.6","-107.45","923.5","CROW AGENCY, MT US","0.0","0","0.0",",0","8",",0","2",",0","0",",0","","","","","7",",0","28",",0","12",",0","0",",0","0",",0","","","","","-31.1",",0,27,","","","","","3.0",",,0,20,+","11.1",",0,06,","","","680.8",",0","12.5",",,,0","","","-5.14",",0","1.42",",,,0","-11.70",",,,0"
"USC00242112","1960-03","45.6","-107.45","923.5","CROW AGENCY, MT US","0.0","0","0.0","1,0","7",",0","3",",0","0",",0","","","","","4","1,0","24","1,0","6","1,0","6","1,0","0","1,0","","","","","-26.1","1,0,02,","","","","","5.1",",,0,29,","26.1","1,0,26,","","","501.1","1,0","16.6",",,,0","","","1.63","1,0","9.55","1,,,0","-6.29","1,,,0"
"USC00242112","1960-04","45.6","-107.45","923.5","CROW AGENCY, MT US","0.0","0","0.0","3,0","3",",0","3",",0","0",",0","","","0","2,0","0","2,0","21","2,0","0","2,0","6","2,0","0","2,0","","","","","-7.2","2,0,30,","","","0","2,,0,30,+","11.9",",,0,24,","28.3","2,0,05,","","","293.4","2,0","27.4",",,,0","0","2,,,0","7.52","3,0","16.30","2,,,0","-1.26","2,,,0"
"USC00242112","1960-05","45.6","-107.45","923.5","CROW AGENCY, MT US","9.2","0","9.2",",0","3",",0","2",",0","0",",0","0",",0","0",",0","0",",0","5",",0","0",",0","23",",0","1",",0","","","","","-2.2",",0,01,","0",",,0,31,+","0",",,0,31,+","20.6",",,0,03,","33.3",",0,12,","","","152.4",",0","26.9",",,,0","0",",,,0","13.71",",0","23.42",",,,0","4.01",",,,0"
"USC00242112","1960-06","45.6","-107.45","923.5","CROW AGENCY, MT US","44.7","0","35.5","1,0","6",",0","3",",0","0",",0","0",",0","0",",0","0",",0","0",",0","0","1,0","28","1,0","8","1,0","","","","","1.1",",0,21,","0",",,0,30,+","0",",,0,30,+","19.1",",,0,15,","37.8","1,0,25,","","","27.0","1,0","31.4",",,,0","0",",,,0","18.54","1,0","28.60","1,,,0","8.47",",,,0"
"USC00242112","1960-07","45.6","-107.45","923.5","CROW AGENCY, MT US","215.9","0","171.2",",0","0",",0","0",",0","0",",0","0",",0","0",",0","0",",0","0",",0","0",",0","31",",0","27",",0","","","","","3.9",",0,05,","0",",,0,31,+","0",",,0,31,+","0.0",",,0,31,+","41.7",",0,20,+","5.5","0","5.5",",0","0.0",",,,0","0",",,,0","23.68",",0","36.11",",,,0","11.25",",,,0"
"USC00242112","1960-08","45.6","-107.45","923.5","CROW AGENCY, MT US","275.1","0","59.2",",0","3",",0","2",",0","0",",0","0",",0","0",",0","0",",0","1",",0","0",",0","31",",0","16",",0","","","","","-2.2",",0,28,","0",",,0,31,+","0",",,0,31,+","13.0",",,0,16,","38.3",",0,01,","39.6","0","34.1",",0","24.4",",,,0","0",",,,0","19.14",",0","31.04",",,,0","7.25",",,,0"
"USC00242112","1960-09","45.6","-107.45","923.5","CROW AGENCY, MT US","298.4","0","23.3","1,0","2",",0","1",",0","0",",0","0",",0","0",",0","0","1,0","6","1,0","0","1,0","26","1,0","6","1,0","","","","","-3.9","1,0,08,","0",",,0,30,+","0",",,0,30,+","4.1",",,0,16,","38.9","1,0,04,","142.6","0","103.0","1,0","5.1",",,,0","0",",,,0","15.58","1,0","27.81","1,,,0","3.36","1,,,0"
"USC00242112","1960-10","45.6","-107.45","923.5","CROW AGENCY, MT US","298.4","0","0.0","2,0","3",",0","2",",0","0",",0","0",",0","0",",0","0","1,0","21","1,0","0","1,0","13","1,0","1","1,0","","","","","-10.6","1,0,30,","0",",,0,31,+","0",",,0,31,+","14.2",",,0,09,","32.8","1,0,06,","393.6","0","251.0","1,0","19.3",",,,0","0",",,,0","9.61","2,0","20.12","1,,,0","-0.91","1,,,0"
"USC00242112","1960-11","45.6","-107.45","923.5","CROW AGENCY, MT US","298.4","0","0.0",",0","3",",0","0",",0","0",",0","","","0","4,0","2",",0","29",",0","3",",0","1",",0","0",",0","","","","","-24.4",",0,28,","","","0","4,,0,30,+","1.8",",,0,27,","23.9",",0,25,","903.5","0","509.9",",0","4.1",",,,0","0","4,,,0","1.34",",0","10.02",",,,0","-7.35",",,,0"
"USC00242112","1960-12","45.6","-107.45","923.5","CROW AGENCY, MT US","298.4","0","0.0","1,0","3",",0","3",",0","0",",0","13",",","","","4",",0","31",",0","4","1,0","0","1,0","0","1,0","","","","","-28.9",",0,22,","279",",,0,22,+","","","13.2",",,0,30,","16.7","1,0,13,","1586.0","0","682.5","1,0","34.5",",,,0","","","-4.40","1,0","4.72","1,,,0","-13.51",",,,0"
"USC00242112","1961-01","45.6","-107.45","923.5","CROW AGENCY, MT US","0.0","0","0.0",",0","2",",0","0",",0","0",",0","31",",0","0","5,0","7",",0","31",",0","8",",0","0",",0","0",",0","","","","","-27.2",",0,27,","127",",,0,04,+","0","5,,0,31,+","1.5",",,0,29,","10.0",",0,23,+","2299.3","0","713.3",",0","2.0",",,,0","0","5,,,0","-4.68",",0","3.43",",,,0","-12.78",",,,0"
"USC00242112","1961-02","45.6","-107.45","923.5","CROW AGENCY, MT US","0.0","0","0.0",",0","4",",0","4",",0","0",",0","13",",0","0","3,0","0",",0","27",",0","2",",0","0",",0","0",",0","","","","","-15.6",",0,17,","76",",,0,01,","0","3,,0,28,+","6.4",",,0,22,","20.0",",0,21,","2747.6","0","448.3",",0","18.8",",,,0","0","3,,,0","2.32",",0","10.32",",,,0","-5.67",",,,0"
"USC00242112","1961-03","45.6","-107.45","923.5","CROW AGENCY, MT US","0.0","0","0.0",",0","7",",0","5",",0","0",",0","","","","","0",",0","27",",0","0",",0","2",",0","0",",0","","","","","-11.1",",0,05,","","","","","4.6",",,0,17,+","23.3",",0,24,","3163.8","0","416.2",",0","21.1",",,,0","","","4.91",",0","13.62",",,,0","-3.80",",,,0"
"USC00242112","1961-04","45.6","-107.45","923.5","CROW AGENCY, MT US","0.0","0","0.0",",0","6",",0","3",",0","0",",0","","","","","0",",0","23",",0","0",",0","4",",0","0",",0","","","","","-10.0",",0,06,","","","","","12.2",",,0,23,","25.0",",0,18,","3531.5","0","367.7",",0","31.2",",,,0","","","6.08",",0","14.66",",,,0","-2.51",",,,0"
"USC00242112","1961-05","45.6","-107.45","923.5","CROW AGENCY, MT US","12.6","0","12.6",",0","5",",0","5",",0","0",",0","0",",0","0",",0","0",",0","5",",0","0",",0","20",",0","2",",0","","","","","-2.2",",0,08,+","0",",,0,31,+","0",",,0,31,+","14.5",",,0,12,","32.8",",0,28,","3693.3","0","161.8",",0","37.4",",,,0","0",",,,0","13.52",",0","22.48",",,,0","4.56",",,,0"
"USC00242112","1961-06","45.6","-107.45","923.5","CROW AGENCY, MT US","112.9","0","100.3",",0","2",",0","2",",0","0",",0","0",",0","0",",0","0",",0","0",",0","0",",0","30",",0","18",",0","","","","","5.0",",0,03,","0",",,0,30,+","0",",,0,30,+","14.0",",,0,19,","38.9",",0,29,+","3698.0","0","4.7",",0","21.4",",,,0","0",",,,0","21.52",",0","32.76",",,,0","10.28",",,,0"
"USC00242112","1961-07","45.6","-107.45","923.5","CROW AGENCY, MT US","254.7","0","141.8","1,0","6",",0","4",",0","0",",0","0",",0","0",",0","0","1,0","0","1,0","0","1,0","30","1,0","18","1,0","","","","","6.1","1,0,02,","0",",,0,31,+","0",",,0,31,+","6.4",",,0,07,","40.6","1,0,03,","0.3","0","0.3","1,0","23.7",",,,0","0",",,,0","23.05","1,0","33.31","1,,,0","12.79","1,,,0"
"USC00242112","1961-08","45.6","-107.45","923.5","CROW AGENCY, MT US","398.6","0","143.9","3,0","1",",0","1",",0","0",",0","0",",0","0",",0","0","2,0","0","2,0","0","3,0","28","3,0","22","3,0","","","","","5.6","2,0,11,","0",",,0,31,+","0",",,0,31,+","5.1",",,0,10,","42.8","3,0,05,","1.2","0","0.9","3,0","5.1",",,,0","0",",,,0","23.43","3,0","34.62","3,,,0","12.24","2,,,0"
"USC00242112","1961-09","45.6","-107.45","923.5","CROW AGENCY, MT US","402.2","0","3.6",",0","11",",0","8",",0","2",",0","0",",0","0",",0","0",",0","9",",0","0",",0","14",",0","0",",0","","","","","-3.9",",0,30,+","0",",,0,30,+","0",",,0,30,+","33.0",",,0,10,","31.1",",0,16,","203.6","0","202.4",",0","119.9",",,,0","0",",,,0","11.71",",0","20.20",",,,0","3.21",",,,0"
"USC00242112","1961-10","45.6","-107.45","923.5","CROW AGENCY, MT US","402.2","0","0.0","1,0","7",",0","5",",0","0",",0","4",",0","0","5,0","0","1,0","20","1,0","0","1,0","10","1,0","0","1,0","","","","","-16.1","1,0,30,","178",",,0,28,","0","5,,0,31,+","16.0",",,0,28,","29.4","1,0,15,","535.7","0","332.1","1,0","56.8",",,,0","0","5,,,0","7.26","1,0","16.14","1,,,0","-1.62","1,,,0"
"USC00242112","1961-11","45.6","-107.45","923.5","CROW AGENCY, MT US","402.2","0","0.0",",0","6",",0","2",",0","0",",0","22",",","","","3",",0","28",",0","3",",0","0",",0","0",",0","","","","","-20.6",",0,17,","102",",,0,18,+","","","8.1",",,0,15,","15.0",",0,10,","1141.7","0","606.0",",0","21.3",",,,0","","","-1.87",",0","5.81",",,,0","-9.54",",,,0"
"USC00242112","1961-12","45.6","-107.45","923.5","CROW AGENCY, MT US","402.2","0","0.0","1,0","3",",0","1",",0","0",",0","","","0","2,0","7","1,0","30","1,0","9","1,0","0","1,0","0","1,0","","","","","-29.4","1,0,11,","","","15","2,,0,08,","3.0",",,0,30,","13.3","1,0,01,","1864.9","0","723.2","1,0","6.5",",,,0","15","2,,,0","-5.77","1,0","1.65","1,,,0","-13.19","1,,,0"
"USC00242112","1962-01","45.6","-107.45","923.5","CROW AGENCY, MT US","0.0","0","0.0","1,0","6",",0","4",",0","0",",0","","","","","14","1,0","30","1,0","15","1,0","0","1,0","0","1,0","","","","","-36.1","1,0,19,","","","","","8.9",",,0,20,","13.9","1,0,03,+","2696.3","0","831.4","1,0","25.7",",,,0","","","-9.38","1,0","-1.03","1,,,0","-17.73","1,,,0"
"USC00242112","1962-02","45.6","-107.45","923.5","CROW AGENCY, MT US","0.0","0","0.0","3,0","7",",0","3",",0","0",",0","","","","","7","3,0","25","3,0","11","3,0","0","3,0","0","3,0","","","","","-26.7","3,0,28,","","","","","3.6",",,0,04,","18.3","3,0,03,","3273.3","0","577.0","3,0","14.3",",,,0","","","-4.75","3,0","1.70","3,,,0","-11.20","3,,,0"
"USC00242112","1962-03","45.6","-107.45","923.5","CROW AGENCY, MT US","0.0","0","0.0","1,0","7",",0","3",",0","0",",0","11",",","","","6","1,0","30","1,0","7","1,0","1","1,0","0","1,0","","","","","-23.3","1,0,12,","76",",,0,12,+","","","5.3",",,0,28,","22.8","1,0,27,","3859.5","0","586.2","1,0","18.7",",,,0","","","-1.21","1,0","6.85","1,,,0","-9.27","1,,,0"
"USC00242112","1962-04","45.6","-107.45","923.5","CROW AGENCY, MT US","0.0","0","0.0","1,0","3",",0","2",",0","0",",0","0",",0","0",",0","0","1,0","13","1,0","0","1,0","12","1,0","0","1,0","","","","","-5.0","1,0,12,","0",",,0,30,+","0",",,0,30,+","5.1",",,0,10,","31.1","1,0,19,","4095.0","0","235.5","1,0","10.1",",,,0","0",",,,0","10.21","1,0","19.53","1,,,0","0.90","1,,,0"
"USC00242112","1962-05","45.6","-107.45","923.5","CROW AGENCY, MT US","0.0","0","0.0","2,0","10",",0","9",",0","0",",0","0",",0","0",",0","0","1,0","1","1,0","0","1,0","17","1,0","0","1,0","","","","","-1.7","1,0,01,","0",",,0,31,+","0",",,0,31,+","17.0",",,0,22,","27.2","1,0,10,","4250.0","0","155.0","1,0","56.5",",,,0","0",",,,0","13.09","2,0","20.85","1,,,0","5.33","1,,,0"
"USC00242112","1962-06","45.6","-107.45","923.5","CROW AGENCY, MT US","33.0","0","33.0",",0","8",",0","8",",0","0",",0","0",",0","0",",0","0",",0","0",",0","0",",0","27",",0","5",",0","","","","","1.7",",0,07,+","0",",,0,30,+","0",",,0,30,+","10.9",",,0,04,","38.3",",0,26,","4299.3","0","49.3",",0","44.1",",,,0","0",",,,0","17.79",",0","27.36",",,,0","8.22",",,,0"
"USC00242112","1962-07","45.6","-107.45","923.5","CROW AGENCY, MT US","89.8","0","56.8",",0","3",",0","2",",0","1",",0","0",",0","0",",0","0",",0","0",",0","0",",0","31",",0","6",",0","","","","","6.1",",0,08,","0",",,0,31,+","0",",,0,31,+","32.8",",,0,14,","36.1",",0,01,","1.4","0","1.4",",0","37.3",",,,0","0",",,,0","20.12",",0","29.78",",,,0","10.46",",,,0"
"USC00242112","1962-08","45.6","-107.45","923.5","CROW AGENCY, MT US","153.6","0","63.8","1,0","3",",0","3",",0","0",",0","0",",0","0",",0","0","1,0","0","1,0","0","1,0","27","1,0","16","1,0","","","","","2.8","1,0,30,","0",",,0,31,+","0",",,0,31,+","10.7",",,0,10,","38.3","1,0,08,","31.1","0","29.7","1,0","21.4",",,,0","0",",,,0","19.47","1,0","30.70","1,,,0","8.24","1,,,0"
"USC00242112","1962-09","45.6","-107.45","923.5","CROW AGENCY, MT US","154.1","0","0.5","2,0","5",",0","4",",0","1",",0","1",",0","0","2,0","0","1,0","5","1,0","0","2,0","22","2,0","1","2,0","","","","","-3.3","1,0,09,+","51",",,0,08,","0","2,,0,30,+","27.4",",,0,08,","32.8","2,0,06,","155.5","0","124.4","2,0","43.4",",,,0","0","2,,,0","13.93","2,0","23.89","2,,,0","3.97","1,,,0"
"USC00242112","1962-10","45.6","-107.45","923.5","CROW AGENCY, MT US","154.1","0","0.0","1,0","2",",0","2",",0","0",",0","0",",0","0",",0","0","1,0","14","1,0","0","1,0","18","1,0","0","1,0","","","","","-6.7","1,0,25,","0",",,0,31,+","0",",,0,31,+","16.0",",,0,15,","27.8","1,0,04,+","377.9","0","222.4","1,0","20.8",",,,0","0",",,,0","10.92","1,0","20.93","1,,,0","0.91","1,,,0"
"USC00242112","1962-11","45.6","-107.45","923.5","CROW AGENCY, MT US","154.1","0","0.0","1,0","3",",0","1",",0","0",",0","4",",0","0","2,0","0","1,0","26","1,0","0","1,0","1","1,0","0","1,0","","","","","-15.0","1,0,24,","76",",,0,23,+","0","2,,0,30,+","9.4",",,0,22,","22.2","1,0,03,","798.5","0","420.6","1,0","13.0",",,,0","0","2,,,0","3.83","1,0","11.58","1,,,0","-3.91","1,,,0"
"USC00242112","1962-12","45.6","-107.45","923.5","CROW AGENCY, MT US","154.1","0","0.0",",0","2",",0","2",",0","0",",0","","","0","3,0","2",",0","30",",0","4",",0","0",",0","0",",0","","","","","-21.1",",0,25,","","","0","3,,0,31,+","3.6",",,0,08,","16.7",",0,30,+","1373.6","0","575.1",",0","6.4",",,,0","0","3,,,0","-0.22",",0","7.23",",,,0","-7.66",",,,0"
"USC00242112","1963-01","45.6","-107.45","923.5","CROW AGENCY, MT US","0.0","0","0.0",",0","7",",0","5",",0","0",",0","22",",0","","","18",",0","31",",0","19",",0","0",",0","0",",0","","","","","-39.4",",0,19,","178",",,0,30,+","","","3.8",",,0,15,","17.2",",0,07,","2280.3","0","906.7",",0","19.8",",,,0","","","-10.92",",0","-2.36",",,,0","-19.47",",,,0"
"USC00242112","1963-02","45.6","-107.45","923.5","CROW AGENCY, MT US","0.0","0","0.0","1,0","5",",0","4",",0","0",",0","","","0","2,0","1",",0","26",",0","1","1,0","0","1,0","0","1,0","","","","","-25.6",",0,02,","","","0","2,,0,28,+","7.1",",,0,23,","15.6","1,0,05,","2753.6","0","473.3","1,0","22.0",",,,0","0","2,,,0","0.45","1,0","7.31","1,,,0","-6.41",",,,0"
"USC00242112","1963-03","45.6","-107.45","923.5","CROW AGENCY, MT US","0.0","0","0.0",",0","3",",0","2",",0","0",",0","1",",","","","0",",0","29",",0","0",",0","6",",0","0",",0","","","","","-12.2",",0,13,","76",",,0,16,","","","9.9",",,0,16,","25.0",",0,22,","3191.4","0","437.8",",0","15.3",",,,0","","","4.21",",0","13.38",",,,0","-4.96",",,,0"
"USC00242112","1963-04","45.6","-107.45","923.5","CROW AGENCY, MT US","0.0","0","0.0",",0","8",",0","8",",0","0",",0","","","","","0",",0","18",",0","0",",0","5",",0","0",",0","","","","","-7.8",",0,03,","","","","","22.9",",,0,28,","29.4",",0,14,","3521.1","0","329.7",",0","77.5",",,,0","","","7.34",",0","15.24",",,,0","-0.56",",,,0"
"USC00242112","1963-05","45.6","-107.45","923.5","CROW AGENCY, MT US","1.9","0","1.9","2,0","1","2,0","1","2,0","0","2,0","0",",0","0",",0","0","2,0","5","2,0","0","2,0","20","2,0","0","2,0","","","","","-3.3","2,0,21,","0",",,0,31,+","0",",,0,31,+","13.7","2,,0,27,","29.4","2,0,31,","3662.8","0","141.7","2,0","20.6",",a,,0","0",",,,0","13.51","2,0","22.29","2,,,0","4.73","2,,,0"
"USC00242112","1963-06","45.6","-107.45","923.5","CROW AGENCY, MT US","28.4","0","26.5",",0","8",",0","6",",0","0",",0","0",",0","0",",0","0",",0","0",",0","0",",0","26",",0","3",",0","","","","","2.8",",0,30,","0",",,0,30,+","0",",,0,30,+","20.3",",,0,03,","34.4",",0,27,","3709.2","0","46.4",",0","67.0",",,,0","0",",,,0","17.67",",0","25.88",",,,0","9.46",",,,0"
"USC00242112","1963-07","45.6","-107.45","923.5","CROW AGENCY, MT US","147.4","0","119.0","2,0","3",",0","3",",0","0",",0","0",",0","0",",0","0","1,0","0","1,0","0","1,0","30","1,0","22","1,0","","","","","5.0","1,0,01,","0",",,0,31,+","0",",,0,31,+","8.9",",,0,26,","40.0","1,0,22,","2.5","0","2.5","1,0","14.7",",,,0","0",",,,0","22.33","2,0","33.15","1,,,0","11.51","1,,,0"
"USC00242112","1963-08","45.6","-107.45","923.5","CROW AGENCY, MT US","","","","","2",",0","2",",0","0",",0","0",",0","0",",0","","","","","","","","","","","","","","","","","0",",,0,31,+","0",",,0,31,+","10.7",",,0,31,","","","","","","","16.0",",,,0","0",",,,0","","","","","",""
"USC00242112","1963-09","45.6","-107.45","923.5","CROW AGENCY, MT US","","","","","5",",0","4",",0","0",",0","0",",0","0",",0","","","","","0","3,0","27","3,0","8","3,0","","","","","","","0",",,0,30,+","0",",,0,30,+","20.6",",,0,01,","35.0","3,0,05,","","","","","44.5",",,,0","0",",,,0","","","27.91","3,,,0","",""
"USC00242112","1963-10","45.6","-107.45","923.5","CROW AGENCY, MT US","","","6.9","5,0","1",",0","1",",0","0",",0","0",",0","0",",0","0","3,0","10","3,0","0","3,0","22","3,0","2","3,0","","","","","-9.4","3,0,27,","0",",,0,31,+","0",",,0,31,+","5.1",",,0,30,","35.0","3,0,04,","","","134.5","3,0","5.1",",,,0","0",",,,0","13.10","5,0","24.13","3,,,0","2.07","3,,,0"
"USC00242112","1963-12","45.6","-107.45","923.5","CROW AGENCY, MT US","","","0.0","1,0","6",",0","2",",0","0",",0","22","1,0","","","11","1,0","30","1,0","15",",0","0",",0","0",",0","","","","","-36.1","1,0,13,","279","1,,0,21,+","","","11.2",",,0,17,","17.2",",0,04,","","","763.9",",0","22.6",",,,0","","","-7.06","1,0","1.37",",,,0","-15.49","1,,,0"
"USC00242112","1964-01","45.6","-107.45","923.5","CROW AGENCY, MT US","0.0","0","0.0",",0","3",",0","0",",0","0",",0","19",",","","","5",",0","31",",0","10",",0","0",",0","0",",0","","","","","-23.9",",0,12,","76",",,0,15,+","","","2.3",",,0,11,+","13.9",",0,20,","","","664.3",",0","6.1",",,,0","","","-3.10",",0","3.86",",,,0","-10.05",",,,0"
"USC00242112","1964-02","45.6","-107.45","923.5","CROW AGENCY, MT US","0.0","0","0.0",",0","5",",0","3",",0","0",",0","","","","","2",",0","29",",0","1",",0","0",",0","0",",0","","","","","-21.1",",0,25,","","","","","3.6",",,0,05,","15.6",",0,04,","","","559.5",",0","11.9",",,,0","","","-0.96",",0","6.62",",,,0","-8.54",",,,0"
"USC00242112","1964-03","45.6","-107.45","923.5","CROW AGENCY, MT US","0.0","0","0.0","2,0","4",",0","2",",0","0",",0","4",",","","","3","2,0","28","2,0","4","2,0","2","2,0","0","2,0","","","","","-27.8","2,0,24,","102",",,0,24,+","","","4.3",",,0,22,","25.0","2,0,31,","","","545.4","2,0","10.7",",,,0","","","-0.47","2,0","8.33","2,,,0","-9.28","2,,,0"
"USC00242112","1964-04","45.6","-107.45","923.5","CROW AGENCY, MT US","0.0","0","0.0","1,0","7",",0","6",",0","3",",0","1",",","","","0",",0","19",",0","0","1,0","8","1,0","0","1,0","","","","","-7.8",",0,17,","102",",,0,06,","","","39.1",",,0,25,","26.7","1,0,15,","","","294.5","1,0","132.6",",,,0","","","8.16","1,0","16.83","1,,,0","-0.52",",,,0"
"USC00242112","1964-05","45.6","-107.45","923.5","CROW AGENCY, MT US","5.3","0","5.3",",0","8",",0","7",",0","0",",0","0",",0","0",",0","0",",0","0",",0","0",",0","18",",0","2",",0","","","","","1.1",",0,12,+","0",",,0,31,+","0",",,0,31,+","22.1",",,0,11,","33.9",",0,20,","","","149.9",",0","72.7",",,,0","0",",,,0","13.67",",0","22.13",",,,0","5.20",",,,0"
"USC00242112","1964-06","45.6","-107.45","923.5","CROW AGENCY, MT US","30.6","0","25.3","1,0","9",",0","8",",0","1",",0","0",",0","0",",0","0","1,0","0","1,0","0","1,0","21","1,0","4","1,0","","","","","2.2","1,0,02,+","0",",,0,30,+","0",",,0,30,+","25.4",",,0,18,","36.1","1,0,27,","","","68.2","1,0","101.3",",,,0","0",",,,0","16.86","1,0","24.49","1,,,0","9.22","1,,,0"
"USC00242112","1964-07","45.6","-107.45","923.5","CROW AGENCY, MT US","187.2","0","156.6",",0","1",",0","1",",0","0",",0","0",",0","0",",0","0",",0","0",",0","0",",0","31",",0","24",",0","","","","","6.1",",0,25,","0",",,0,31,+","0",",,0,31,+","10.4",",,0,09,","40.0",",0,21,","0.0","0","0.0",",0","10.4",",,,0","0",",,,0","23.38",",0","33.91",",,,0","12.86",",,,0"
"USC00242112","1964-08","45.6","-107.45","923.5","CROW AGENCY, MT US","254.2","0","67.0","1,0","5",",0","5",",0","1",",0","0",",0","0",",0","0","1,0","0","1,0","0","1,0","27","1,0","13","1,0","","","","","2.8","1,0,25,","0",",,0,31,+","0",",,0,31,+","76.7",",,0,29,","40.6","1,0,04,","44.5","0","44.5","1,0","107.4",",,,0","0",",,,0","19.08","1,0","29.56","1,,,0","8.60","1,,,0"
"USC00242112","1964-09","45.6","-107.45","923.5","CROW AGENCY, MT US","254.2","0","0.0",",0","1",",0","0",",0","0",",0","0",",0","0",",0","0",",0","4",",0","0",",0","23",",0","1",",0","","","","","-5.6",",0,27,","0",",,0,30,+","0",",,0,30,+","1.3",",,0,02,","32.2",",0,17,","186.7","0","142.2",",0","1.3",",,,0","0",",,,0","13.59",",0","23.39",",,,0","3.79",",,,0"
"USC00242112","1964-10","45.6","-107.45","923.5","CROW AGENCY, MT US","254.2","0","0.0",",0","2",",0","2",",0","0",",0","0",",0","0",",0","0",",0","22",",0","0",",0","18",",0","0",",0","","","","","-8.3",",0,23,","0",",,0,31,+","0",",,0,31,+","4.8",",,0,01,","31.1",",0,14,","446.1","0","259.4",",0","9.1",",,,0","0",",,,0","9.96",",0","21.20",",,,0","-1.27",",,,0"
"USC00242112","1964-12","45.6","-107.45","923.5","CROW AGENCY, MT US","","","0.0",",0","3",",0","1",",0","0",",0","31",",","","","11",",0","31",",0","13",",0","0",",0","0",",0","","","","","-35.6",",0,17,","76",",,0,09,+","","","3.6",",,0,02,","13.9",",0,22,","","","837.0",",0","6.9",",,,0","","","-8.67",",0","-0.42",",,,0","-16.92",",,,0"
"USC00242112","1965-01","45.6","-107.45","923.5","CROW AGENCY, MT US","0.0","0","0.0",",0","5",",0","3",",0","0",",0","21",",","","","6",",0","30",",0","2",",0","0",",0","0",",0","","","","","-25.6",",0,08,","76",",,0,31,+","","","19.1",",,0,29,","15.0",",0,20,","","","657.1",",0","28.7",",,,0","","","-2.86",",0","5.35",",,,0","-11.08",",,,0"
"USC00242112","1965-02","45.6","-107.45","923.5","CROW AGENCY, MT US","0.0","0","0.0",",0","5",",0","2",",0","0",",0","22","1,","","","7",",0","27",",0","9",",0","0",",0","0",",0","","","","","-33.3",",0,23,","102","1,,0,23,+","","","9.7",",,0,22,","17.8",",0,18,","","","622.9",",0","16.3",",,,0","","","-3.91",",0","4.70",",,,0","-12.53",",,,0"
"USC00242112","1965-03","45.6","-107.45","923.5","CROW AGENCY, MT US","0.0","0","0.0",",0","5",",0","3",",0","0",",0","8",",","","","10",",0","31",",0","11",",0","0",",0","0",",0","","","","","-27.8",",0,25,","127",",,0,28,","","","8.1",",,0,28,","15.6",",0,31,","","","721.3",",0","20.3",",,,0","","","-4.93",",0","2.45",",,,0","-12.32",",,,0"
"USC00242112","1965-04","45.6","-107.45","923.5","CROW AGENCY, MT US","0.0","0","0.0",",0","9",",0","4",",0","0",",0","0","1,","","","0",",0","20",",0","0",",0","4",",0","0",",0","","","","","-6.7",",0,04,","0","1,T,0,16,","","","15.5",",,0,11,","27.2",",0,30,","","","310.1",",0","38.2",",,,0","","","8.00",",0","16.20",",,,0","-0.21",",,,0"
"USC00242112","1965-05","45.6","-107.45","923.5","CROW AGENCY, MT US","0.0","0","0.0",",0","5",",0","5",",0","0",",0","0",",0","0",",0","0",",0","3",",0","0",",0","16",",0","0",",0","","","","","-2.8",",0,18,","0",",,0,31,+","0",",,0,31,+","20.8",",,0,07,+","29.4",",0,29,","","","201.7",",0","55.0",",,,0","0",",,,0","11.83",",0","20.13",",,,0","3.53",",,,0"
"USC00242112","1965-06","45.6","-107.45","923.5","CROW AGENCY, MT US","12.6","0","12.6",",0","8",",0","8",",0","0",",0","0",",0","0",",0","0",",0","1",",0","0",",0","30",",0","0",",0","","","","","-0.6",",0,08,","0",",,0,30,+","0",",,0,30,+","15.7",",,0,29,","31.1",",0,12,","","","46.0",",0","75.5",",,,0","0",",,,0","17.22",",0","26.44",",,,0","8.00",",,,0"
"USC00242112","1965-07","45.6","-107.45","923.5","CROW AGENCY, MT US","128.2","0","115.6",",0","4",",0","3",",0","0",",0","0",",0","0",",0","0",",0","0",",0","0",",0","31",",0","17",",0","","","","","7.2",",0,13,","0",",,0,31,+","0",",,0,31,+","13.2",",,0,12,","36.7",",0,21,","2.5","0","2.5",",0","22.6",",,,0","0",",,,0","21.98",",0","32.00",",,,0","11.96",",,,0"
"USC00242112","1965-08","45.6","-107.45","923.5","CROW AGENCY, MT US","206.5","0","78.3",",0","3",",0","3",",0","0",",0","0",",0","0",",0","0",",0","0",",0","0",",0","31",",0","13",",0","","","","","3.3",",0,29,","0",",,0,31,+","0",",,0,31,+","19.8",",,0,23,","41.1",",0,12,","21.7","0","19.2",",0","49.5",",,,0","0",",,,0","20.24",",0","30.30",",,,0","10.18",",,,0"
"USC00242112","1965-09","45.6","-107.45","923.5","CROW AGENCY, MT US","206.5","0","0.0",",0","6",",0","4",",0","0",",0","0",",0","0",",0","0",",0","9",",0","0",",0","9",",0","1",",0","","","","","-4.4",",0,18,","0",",,0,30,+","0",",,0,30,+","19.8",",,0,15,","32.2",",0,01,","289.6","0","267.9",",0","51.3",",,,0","0",",,,0","9.40",",0","16.44",",,,0","2.36",",,,0"
"USC00242112","1965-10","45.6","-107.45","923.5","CROW AGENCY, MT US","206.8","0","0.3",",0","1",",0","1",",0","0",",0","0",",0","0",",0","0",",0","16",",0","0",",0","22",",0","1",",0","","","","","-3.3",",0,11,","0",",,0,31,+","0",",,0,31,+","2.5",",,0,16,","32.2",",0,09,","489.2","0","199.6",",0","2.5",",,,0","0",",,,0","11.90",",0","23.11",",,,0","0.69",",,,0"
"USC00242112","1965-11","45.6","-107.45","923.5","CROW AGENCY, MT US","206.8","0","0.0",",0","3",",0","2",",0","0",",0","","","","","0",",0","30",",0","1",",0","3",",0","0",",0","","","","","-8.3",",0,30,+","","","","","10.4",",,0,11,","26.7",",0,02,+","939.7","0","450.5",",0","19.3",",,,0","","","3.32",",0","11.26",",,,0","-4.63",",,,0"
"USC00242112","1965-12","45.6","-107.45","923.5","CROW AGENCY, MT US","206.8","0","0.0",",0","3",",0","3",",0","0",",0","9",",0","3",",0","4",",0","31",",0","9",",0","0",",0","0",",0","","","","","-29.4",",0,27,","152",",,0,31,+","76",",,0,30,+","6.9",",,0,30,+","16.7",",0,04,","1607.1","0","667.4",",0","19.1",",,,0","203",",,,0","-3.20",",0","5.14",",,,0","-11.54",",,,0"
"USC00242112","1966-01","45.6","-107.45","923.5","CROW AGENCY, MT US","0.0","0","0.0",",0","4",",0","2",",0","0",",0","29",",","","","19",",0","30",",0","19",",0","0",",0","0",",0","","","","","-32.8",",0,21,","152",",,0,05,+","","","8.1",",,0,15,","13.3",",0,08,","2476.0","0","868.9",",0","14.6",",,,0","","","-9.70",",0","-2.67",",,,0","-16.72",",,,0"
"USC00242112","1966-02","45.6","-107.45","923.5","CROW AGENCY, MT US","0.0","0","0.0",",0","7",",0","4",",0","0",",0","28",",","","","11",",0","28",",0","5",",0","0",",0","0",",0","","","","","-29.4",",0,15,","127",",,0,22,+","","","5.8",",,0,18,","8.9",",0,27,","3173.6","0","697.6",",0","21.3",",,,0","","","-6.58",",0","2.53",",,,0","-15.69",",,,0"
"USC00242112","1966-03","45.6","-107.45","923.5","CROW AGENCY, MT US","0.0","0","0.0",",0","3",",0","3",",0","0",",0","12",",","","","3",",0","30",",0","3",",0","5",",0","0",",0","","","","","-26.1",",0,04,","127",",,0,05,+","","","6.1",",,0,03,","26.1",",0,30,","3674.9","0","501.3",",0","15.7",",,,0","","","2.16",",0","11.57",",,,0","-7.25",",,,0"
"USC00242112","1966-04","45.6","-107.45","923.5","CROW AGENCY, MT US","0.0","0","0.0",",0","6","1,0","4","1,0","0","1,0","","","","","0",",0","21",",0","0",",0","3",",0","0",",0","","","","","-7.8",",0,27,+","","","","","5.6","1,,0,04,","23.3",",0,25,","4041.5","0","366.6",",0","20.6","1,,,0","","","6.11",",0","13.89",",,,0","-1.67",",,,0"
"USC00242112","1966-05","45.6","-107.45","923.5","CROW AGENCY, MT US","27.5","0","27.5","1,0","4",",0","4",",0","0",",0","0",",0","0",",0","0","1,0","4","1,0","0",",0","24",",0","11",",0","","","","","-1.1","1,0,13,+","0",",,0,31,+","0",",,0,31,+","18.5",",,0,14,","34.4",",0,30,+","4155.5","0","114.0",",0","37.5",",,,0","0",",,,0","15.33","1,0","25.80",",,,0","4.85","1,,,0"
"USC00242112","1966-06","45.6","-107.45","923.5","CROW AGENCY, MT US","68.3","0","40.8",",0","6",",0","4",",0","0",",0","0",",0","0",",0","0",",0","0",",0","0",",0","29",",0","5",",0","","","","","2.8",",0,16,","0",",,0,30,+","0",",,0,30,+","16.3",",,0,04,","38.9",",0,28,","4208.3","0","52.8",",0","45.8",",,,0","0",",,,0","17.94",",0","27.06",",,,0","8.81",",,,0"
"USC00242112","1966-07","45.6","-107.45","923.5","CROW AGENCY, MT US","274.7","0","206.4",",0","1",",0","1",",0","0",",0","0",",0","0",",0","0",",0","0",",0","0",",0","31",",0","25",",0","","","","","10.0",",0,05,","0",",,0,31,+","0",",,0,31,+","5.1",",,0,23,","41.7",",0,16,","0.0","0","0.0",",0","5.1",",,,0","0",",,,0","24.99",",0","34.97",",,,0","15.01",",,,0"
"USC00242112","1966-08","45.6","-107.45","923.5","CROW AGENCY, MT US","375.8","0","101.1",",0","2",",0","1",",0","0",",0","0",",0","0",",0","0",",0","0",",0","0",",0","29",",0","16",",0","","","","","2.8",",0,23,+","0",",,0,31,+","0",",,0,31,+","17.8",",,0,20,","38.9",",0,26,","26.1","0","26.1",",0","19.6",",,,0","0",",,,0","20.75",",0","30.59",",,,0","10.91",",,,0"
"USC00242112","1966-09","45.6","-107.45","923.5","CROW AGENCY, MT US","419.4","0","43.6",",0","3",",0","2",",0","1",",0","0",",0","0",",0","0",",0","0",",0","0",",0","28",",0","9",",0","","","","","1.1",",0,30,","0",",,0,30,+","0",",,0,30,+","28.7",",,0,13,","36.1",",0,08,","61.6","0","35.5",",0","33.8",",,,0","0",",,,0","18.60",",0","28.21",",,,0","9.00",",,,0"
"USC00242112","1966-10","45.6","-107.45","923.5","CROW AGENCY, MT US","419.4","0","0.0",",0","5",",0","3",",0","0",",0","0",",0","0",",0","0",",0","17",",0","0",",0","11",",0","0",",0","","","","","-5.0",",0,29,+","0",",,0,31,+","0",",,0,31,+","12.7",",,0,03,","27.8",",0,07,","338.6","0","277.0",",0","31.5",",,,0","0",",,,0","9.40",",0","18.96",",,,0","-0.17",",,,0"
"USC00242112","1966-11","45.6","-107.45","923.5","CROW AGENCY, MT US","419.4","0","0.0",",0","3",",0","2",",0","0",",0","6","2,","","","2",",0","30",",0","4",",0","0",",0","0",",0","","","","","-21.7",",0,11,","76","2,,0,12,+","","","5.6",",,0,09,","16.1",",0,21,","889.4","0","550.8",",0","12.4",",,,0","","","-0.03",",0","8.31",",,,0","-8.37",",,,0"
"USC00242112","1966-12","45.6","-107.45","923.5","CROW AGENCY, MT US","419.4","0","0.0","1,0","5",",0","3",",0","0",",0","26",",","","","10","1,0","30","1,0","12",",0","0",",0","0",",0","","","","","-26.1","1,0,09,","76",",,0,30,+","","","6.1",",,0,22,","14.4",",0,18,","1596.4","0","707.0",",0","17.3",",,,0","","","-5.26","1,0","2.34",",,,0","-12.86","1,,,0"
"USC00242112","1967-01","45.6","-107.45","923.5","CROW AGENCY, MT US","0.0","0","0.0",",0","6",",0","2",",0","0",",0","18","5,","","","7",",0","31",",0","4",",0","0",",0","0",",0","","","","","-26.7",",0,07,","76","5,,0,08,+","","","7.9",",,0,16,","12.8",",0,28,","2248.3","0","651.9",",0","18.3",",,,0","","","-2.70",",0","4.03",",,,0","-9.42",",,,0"
"USC00242112","1967-02","45.6","-107.45","923.5","CROW AGENCY, MT US","0.0","0","0.0",",0","6",",0","3",",0","0",",0","","","","","1",",0","26",",0","2",",0","0",",0","0",",0","","","","","-20.6",",0,15,","","","","","9.1",",,0,14,","17.8",",0,28,","2771.0","0","522.7",",0","20.6",",,,0","","","-0.33",",0","6.87",",,,0","-7.54",",,,0"
"USC00242112","1967-03","45.6","-107.45","923.5","CROW AGENCY, MT US","0.0","0","0.0",",0","5",",0","4",",0","0",",0","8",",","","","2",",0","29",",0","5",",0","1",",0","0",",0","","","","","-22.2",",0,07,","51",",,0,14,+","","","11.9",",,0,30,","24.4",",0,23,","3314.1","0","543.1",",0","23.5",",,,0","","","0.81",",0","7.90",",,,0","-6.27",",,,0"
"USC00242112","1967-04","45.6","-107.45","923.5","CROW AGENCY, MT US","0.0","0","0.0",",0","5",",0","4",",0","1",",0","1",",","","","0",",0","23",",0","1",",0","5",",0","0",",0","","","","","-6.7",",0,22,+","254",",,0,30,","","","30.2",",,0,30,","22.8",",0,04,","3657.6","0","343.5",",0","60.3",",,,0","","","6.88",",0","15.10",",,,0","-1.33",",,,0"
"USC00242112","1967-05","45.6","-107.45","923.5","CROW AGENCY, MT US","5.3","0","5.3",",0","4",",0","3",",0","0",",0","1",",0","0",",0","0",",0","9",",0","0",",0","18",",0","0",",0","","","","","-5.6",",0,04,","51",",,0,01,","0",",,0,31,+","7.6",",,0,07,","31.7",",0,23,","3864.3","0","206.7",",0","23.3",",,,0","0",",,,0","11.83",",0","20.14",",,,0","3.53",",,,0"
"USC00242112","1967-06","45.6","-107.45","923.5","CROW AGENCY, MT US","15.4","0","10.1",",0","12",",0","11",",0","0",",0","0",",0","0",",0","0",",0","0",",0","0",",0","24",",0","0",",0","","","","","2.2",",0,24,","0",",,0,30,+","0",",,0,30,+","24.9",",,0,13,","30.6",",0,29,+","3929.5","0","65.2",",0","88.2",",,,0","0",",,,0","16.50",",0","24.12",",,,0","8.87",",,,0"
"USC00242112","1967-07","45.6","-107.45","923.5","CROW AGENCY, MT US","135.8","0","120.4","1,0","2",",0","2",",0","0",",0","0",",0","0",",0","0","1,0","0","1,0","0","1,0","30","1,0","16","1,0","","","","","7.2","1,0,02,","0",",,0,31,+","0",",,0,31,+","3.8",",,0,26,","36.1","1,0,17,","0.8","0","0.8","1,0","6.8",",,,0","0",",,,0","22.32","1,0","32.27","1,,,0","12.37","1,,,0"
"USC00242112","1967-08","45.6","-107.45","923.5","CROW AGENCY, MT US","248.3","0","112.5",",0","0",",0","0",",0","0",",0","0",",0","0",",0","0",",0","0",",0","0",",0","31",",0","20",",0","","","","","2.8",",0,26,","0",",,0,31,+","0",",,0,31,+","0.0",",,0,31,+","38.3",",0,23,","0.8","0","0.0",",0","0.0",",,,0","0",",,,0","21.96",",0","33.59",",,,0","10.34",",,,0"
"USC00242112","1967-09","45.6","-107.45","923.5","CROW AGENCY, MT US","283.7","0","35.4",",0","7",",0","6",",0","1",",0","0",",0","0",",0","0",",0","0",",0","0",",0","24",",0","10",",0","","","","","1.1",",0,27,","0",",,0,30,+","0",",,0,30,+","26.4",",,0,13,","36.1",",0,05,+","63.9","0","63.1",",0","86.1",",,,0","0",",,,0","17.41",",0","27.05",",,,0","7.77",",,,0"
"USC00242112","1967-10","45.6","-107.45","923.5","CROW AGENCY, MT US","283.7","0","0.0",",0","3",",0","3",",0","0",",0","0",",0","0",",0","0",",0","11",",0","0",",0","14",",0","0",",0","","","","","-6.1",",0,27,","0",",,0,31,+","0",",,0,31,+","10.4",",,0,06,","27.2",",0,21,","312.8","0","248.9",",0","21.8",",,,0","0",",,,0","10.30",",0","18.88",",,,0","1.72",",,,0"
"USC00242112","1967-11","45.6","-107.45","923.5","CROW AGENCY, MT US","283.7","0","0.0",",0","2",",0","1",",0","0",",0","0","4,0","0","2,0","0",",0","29",",0","5",",0","0",",0","0",",0","","","","","-16.1",",0,27,","0","4,,0,30,+","0","2,,0,30,+","9.7",",,0,01,","18.3",",0,15,","821.4","0","508.6",",0","11.5",",,,0","0","2,,,0","1.38",",0","8.92",",,,0","-6.17",",,,0"
"USC00242112","1967-12","45.6","-107.45","923.5","CROW AGENCY, MT US","283.7","0","0.0",",0","7",",0","3",",0","0",",0","10",",","","","8",",0","31",",0","12",",0","0",",0","0",",0","","","","","-30.6",",0,31,","152",",,0,31,+","","","10.4",",,0,26,","14.4",",0,05,","1565.3","0","743.9",",0","23.8",",,,0","","","-5.66",",0","1.69",",,,0","-13.02",",,,0"
"USC00242112","1968-01","45.6","-107.45","923.5","CROW AGENCY, MT US","0.0","0","0.0",",0","7",",0","5",",0","0",",0","31",",","","","16",",0","31",",0","14",",0","0",",0","0",",0","","","","","-31.7",",0,07,+","330",",,0,13,+","","","12.2",",,0,22,","11.1",",0,24,","2423.0","0","857.7",",0","36.7",",,,0","","","-9.34",",0","-0.91",",,,0","-17.76",",,,0"
"USC00242112","1968-02","45.6","-107.45","923.5","CROW AGENCY, MT US","0.0","0","0.0",",0","3",",0","2",",0","0",",0","23",",","","","2",",0","28",",0","3",",0","0",",0","0",",0","","","","","-20.6",",0,15,","127",",,0,01,","","","7.1",",,0,22,","18.3",",0,29,","2984.5","0","561.5",",0","15.0",",,,0","","","-1.03",",0","6.43",",,,0","-8.49",",,,0"
"USC00242112","1968-03","45.6","-107.45","923.5","CROW AGENCY, MT US","0.0","0","0.0",",0","5",",0","3",",0","0",",0","0","2,","","","0",",0","27",",0","0",",0","2",",0","0",",0","","","","","-8.3",",0,21,","0","2,,0,31,+","","","7.6",",,0,14,","23.9",",0,29,","3377.2","0","392.7",",0","18.8",",,,0","","","5.66",",0","14.08",",,,0","-2.75",",,,0"
"USC00242112","1968-04","45.6","-107.45","923.5","CROW AGENCY, MT US","0.0","0","0.0",",0","5",",0","4",",0","0",",0","","","","","0",",0","21",",0","1",",0","5",",0","0",",0","","","","","-10.6",",0,04,","","","","","8.1",",,0,16,","29.4",",0,30,","3726.7","0","349.5",",0","26.9",",,,0","","","6.68",",0","15.33",",,,0","-1.96",",,,0"
"USC00242112","1968-05","45.6","-107.45","923.5","CROW AGENCY, MT US","2.5","0","2.5","1,0","12",",0","9",",0","1",",0","0",",0","0",",0","0","1,0","11","1,0","0","1,0","14","1,0","0","1,0","","","","","-6.1","1,0,11,","0",",,0,31,+","0",",,0,31,+","25.9",",,0,15,","28.3","1,0,29,","3931.6","0","204.9","1,0","112.5",",,,0","0",",,,0","11.59","1,0","19.89","1,,,0","3.28","1,,,0"
"USC00242112","1968-06","45.6","-107.45","923.5","CROW AGENCY, MT US","22.7","0","20.2",",0","13",",0","8",",0","1",",0","0",",0","0",",0","0",",0","0",",0","0",",0","22",",0","3",",0","","","","","4.4",",0,14,","0",",,0,30,+","0",",,0,30,+","70.1",",,0,09,","33.3",",0,19,+","4000.0","0","68.4",",0","128.9",",,,0","0",",,,0","16.73",",0","24.17",",,,0","9.28",",,,0"
"USC00242112","1968-07","45.6","-107.45","923.5","CROW AGENCY, MT US","126.7","0","104.0",",0","2",",0","2",",0","0",",0","0",",0","0",",0","0",",0","0",",0","0",",0","31",",0","14",",0","","","","","4.4",",0,31,","0",",,0,31,+","0",",,0,31,+","7.6",",,0,26,","36.7",",0,29,+","10.5","0","10.5",",0","13.7",",,,0","0",",,,0","21.35",",0","31.58",",,,0","11.11",",,,0"
"USC00242112","1968-08","45.6","-107.45","923.5","CROW AGENCY, MT US","190.9","0","64.2",",0","6",",0","5",",0","0",",0","0",",0","0",",0","0",",0","0",",0","0",",0","30",",0","11",",0","","","","","6.1",",0,30,","0",",,0,31,+","0",",,0,31,+","21.6",",,0,23,","35.6",",0,05,+","32.6","0","22.1",",0","56.7",",,,0","0",",,,0","19.69",",0","28.92",",,,0","10.47",",,,0"
"USC00242112","1968-09","45.6","-107.45","923.5","CROW AGENCY, MT US","202.4","0","11.5",",0","6",",0","6",",0","0",",0","0",",0","0",",0","0",",0","1",",0","0",",0","26",",0","3",",0","","","","","-0.6",",0,22,","0",",,0,30,+","0",",,0,30,+","14.0",",,0,21,","33.3",",0,11,+","119.7","0","87.1",",0","41.8",",,,0","0",",,,0","15.81",",0","25.79",",,,0","5.83",",,,0"
"USC00242112","1968-10","45.6","-107.45","923.5","CROW AGENCY, MT US","202.4","0","0.0",",0","3",",0","2",",0","0",",0","0",",0","0",",0","0",",0","18",",0","0",",0","14",",0","0",",0","","","","","-8.9",",0,27,","0",",,0,31,+","0",",,0,31,+","8.1",",,0,15,","29.4",",0,29,","382.5","0","262.8",",0","14.9",",,,0","0",",,,0","9.86",",0","20.17",",,,0","-0.46",",,,0"
"USC00242112","1968-11","45.6","-107.45","923.5","CROW AGENCY, MT US","202.4","0","0.0",",0","3",",0","3",",0","0",",0","","","","","0",",0","28",",0","0",",0","0",",0","0",",0","","","","","-11.7",",0,17,","","","","","20.6",",,0,04,","20.0",",0,20,","879.9","0","497.4",",0","42.7",",,,0","","","1.75",",0","8.86",",,,0","-5.35",",,,0"
"USC00242112","1968-12","45.6","-107.45","923.5","CROW AGENCY, MT US","202.4","0","0.0","3,0","7",",0","4",",0","0",",0","21","5,","","","9","2,0","29","2,0","16","3,0","0","3,0","0","3,0","","","","","-30.0","2,0,30,","102","5,,0,31,+","","","9.1",",,0,12,","11.1","3,0,10,+","1648.2","0","768.3","3,0","25.2",",,,0","","","-9.12","3,0","-2.74","3,,,0","-15.50","2,,,0"
"USC00242112","1969-01","45.6","-107.45","923.5","CROW AGENCY, MT US","0.0","0","0.0",",0","5",",0","2",",0","0",",0","31",",","","","25",",0","30",",0","24",",0","0",",0","0",",0","","","","","-37.2",",0,24,","127",",,0,31,+","","","8.1",",,0,06,","8.3",",0,07,","2687.7","0","1039.5",",0","15.8",",,,0","","","-15.20",",0","-8.17",",,,0","-22.23",",,,0"
"USC00242112","1969-02","45.6","-107.45","923.5","CROW AGENCY, MT US","0.0","0","0.0",",0","1",",0","0",",0","0",",0","28",",","","","2",",0","28",",0","11",",0","0",",0","0",",0","","","","","-17.8",",0,28,+","127",",,0,09,+","","","2.0",",,0,20,","7.2",",0,10,","3380.1","0","692.4",",0","2.0",",,,0","","","-6.39",",0","1.11",",,,0","-13.90",",,,0"
"USC00242112","1969-03","45.6","-107.45","923.5","CROW AGENCY, MT US","0.0","0","0.0","1,0","4",",0","2",",0","0",",0","19","1,","","","4","1,0","29","1,0","8","1,0","0","1,0","0","1,0","","","","","-25.6","1,0,08,","127","1,,0,14,+","","","5.1",",,0,28,","20.0","1,0,31,","3987.8","0","607.7","1,0","12.8",",,,0","","","-1.93","1,0","5.71","1,,,0","-9.56","1,,,0"
"USC00242112","1969-04","45.6","-107.45","923.5","CROW AGENCY, MT US","0.0","0","0.0",",0","7",",0","6",",0","1",",0","0","1,","","","0",",0","14",",0","0",",0","18",",0","0",",0","","","","","-3.9",",0,28,","0","1,,0,30,+","","","27.9",",,0,26,","28.3",",0,06,","4220.8","0","233.0",",0","88.7",",,,0","","","10.57",",0","20.02",",,,0","1.11",",,,0"
"USC00242112","1969-05","45.6","-107.45","923.5","CROW AGENCY, MT US","17.2","0","17.2",",0","6",",0","4",",0","0",",0","0",",0","0",",0","0",",0","4",",0","0",",0","19",",0","3",",0","","","","","-2.8",",0,08,","0",",,0,31,+","0",",,0,31,+","18.0",",,0,21,","35.6",",0,27,","4369.1","0","148.3",",0","51.3",",,,0","0",",,,0","14.10",",0","23.59",",,,0","4.62",",,,0"
"USC00242112","1969-06","45.6","-107.45","923.5","CROW AGENCY, MT US","34.5","0","17.3",",0","8",",0","7",",0","2",",0","0",",0","0",",0","0",",0","1",",0","0",",0","24",",0","2",",0","","","","","0.0",",0,14,","0",",,0,30,+","0",",,0,30,+","57.9",",,0,26,","35.0",",0,05,","4456.1","0","87.0",",0","144.2",",,,0","0",",,,0","16.01",",0","24.46",",,,0","7.56",",,,0"
"USC00242112","1969-07","45.6","-107.45","923.5","CROW AGENCY, MT US","120.2","0","85.7","3,0","1",",0","1",",0","0",",0","0",",0","0",",0","0","2,0","0","2,0","0","3,0","28","3,0","12","3,0","","","","","5.6","2,0,08,","0",",,0,31,+","0",",,0,31,+","11.2",",,0,07,","36.7","3,0,11,","3.0","0","3.0","3,0","11.2",",,,0","0",",,,0","21.21","3,0","31.03","3,,,0","11.40","2,,,0"
"USC00242112","1969-08","45.6","-107.45","923.5","CROW AGENCY, MT US","245.4","0","125.2",",0","0",",0","0",",0","0",",0","0",",0","0",",0","0",",0","0",",0","0",",0","31",",0","23",",0","","","","","6.7",",0,31,","0",",,0,31,+","0",",,0,31,+","0.0",",,0,31,+","38.9",",0,24,+","5.0","0","2.0",",0","0.0",",,,0","0",",,,0","22.31",",0","33.76",",,,0","10.85",",,,0"
"USC00242112","1969-09","45.6","-107.45","923.5","CROW AGENCY, MT US","260.5","0","15.1",",0","1",",0","1",",0","0",",0","0",",0","0",",0","0",",0","0",",0","0",",0","30",",0","4",",0","","","","","1.1",",0,16,","0",",,0,30,+","0",",,0,30,+","6.6",",,0,21,","36.1",",0,03,","59.1","0","54.1",",0","6.6",",,,0","0",",,,0","17.03",",0","28.09",",,,0","5.97",",,,0"
"USC00242112","1969-11","45.6","-107.45","923.5","CROW AGENCY, MT US","","","0.0",",0","5",",0","3",",0","0",",0","","","","","0",",0","28",",0","0",",0","2",",0","0",",0","","","","","-12.2",",0,18,+","","","","","5.6",",,0,12,","25.0",",0,05,","","","443.1",",0","13.7",",,,0","","","3.56",",0","12.05",",,,0","-4.93",",,,0"
"USC00242112","1969-12","45.6","-107.45","923.5","CROW AGENCY, MT US","","","0.0",",0","4",",0","3",",0","0",",0","10",",","","","2",",0","31",",0","5",",0","0",",0","0",",0","","","","","-21.1",",0,29,","51",",,0,30,+","","","9.1",",,0,22,","17.2",",0,01,","","","618.2",",0","21.0",",,,0","","","-1.61",",0","5.08",",,,0","-8.30",",,,0"
"USC00242112","1970-01","45.6","-107.45","923.5","CROW AGENCY, MT US","0.0","0","0.0",",0","5",",0","3",",0","0",",0","31",",","","","12",",0","31",",0","14",",0","0",",0","0",",0","","","","","-30.6",",0,08,","152",",,0,21,+","","","6.1",",,0,01,","11.1",",0,23,","","","807.2",",0","18.5",",,,0","","","-7.70",",0","-0.50",",,,0","-14.91",",,,0"
"USC00242112","1970-02","45.6","-107.45","923.5","CROW AGENCY, MT US","0.0","0","0.0",",0","6",",0","5",",0","0",",0","27",",","","","0",",0","28",",0","4",",0","0",",0","0",",0","","","","","-16.1",",0,02,","127",",,0,18,","","","10.7",",,0,17,","12.8",",0,25,","","","531.9",",0","34.3",",,,0","","","-0.66",",0","6.61",",,,0","-7.94",",,,0"
"USC00242112","1970-03","45.6","-107.45","923.5","CROW AGENCY, MT US","0.0","0","0.0",",0","7",",0","6",",0","0",",0","13",",","","","1",",0","28",",0","4",",0","0",",0","0",",0","","","","","-17.8",",0,03,","102",",,0,17,+","","","16.3",",,0,17,","16.7",",0,07,","","","595.1",",0","44.5",",,,0","","","-0.86",",0","5.38",",,,0","-7.11",",,,0"
"USC00242112","1970-04","45.6","-107.45","923.5","CROW AGENCY, MT US","0.0","0","0.0",",0","9",",0","7",",0","0",",0","","","","","0",",0","23",",0","0",",0","2",",0","0",",0","","","","","-8.9",",0,03,","","","","","16.8",",,0,28,","25.0",",0,06,","","","412.1",",0","56.7",",,,0","","","4.60",",0","11.56",",,,0","-2.36",",,,0"
"USC00242112","1970-05","45.6","-107.45","923.5","CROW AGENCY, MT US","7.0","0","7.0",",0","12",",0","11",",0","1",",0","0",",0","0",",0","0",",0","4",",0","0",",0","19",",0","1",",0","","","","","-1.1",",0,01,","0",",,0,31,+","0",",,0,31,+","52.1",",,0,08,","32.8",",0,17,","","","144.0",",0","136.3",",,,0","0",",,,0","13.91",",0","22.10",",,,0","5.73",",,,0"
"USC00242112","1970-06","45.6","-107.45","923.5","CROW AGENCY, MT US","60.8","0","53.8","1,0","4",",0","3",",0","0",",0","0",",0","0",",0","0",",0","0",",0","0","1,0","28","1,0","7","1,0","","","","","3.3",",0,13,","0",",,0,30,+","0",",,0,30,+","18.3",",,0,12,","36.7","1,0,27,+","","","33.2","1,0","28.4",",,,0","0",",,,0","19.12","1,0","28.16","1,,,0","10.07",",,,0"
"USC00242112","1970-07","45.6","-107.45","923.5","CROW AGENCY, MT US","189.5","0","128.7",",0","2",",0","2",",0","0",",0","0",",0","0",",0","0",",0","0",",0","0",",0","31",",0","23",",0","","","","","4.4",",0,01,","0",",,0,31,+","0",",,0,31,+","5.8",",,0,22,","36.1",",0,20,","2.8","0","2.8",",0","8.8",",,,0","0",",,,0","22.40",",0","32.84",",,,0","11.95",",,,0"
"USC00242112","1970-08","45.6","-107.45","923.5","CROW AGENCY, MT US","322.5","0","133.0",",0","0",",0","0",",0","0",",0","0",",0","0",",0","0",",0","0",",0","0",",0","31",",0","24",",0","","","","","5.6",",0,19,","0",",,0,31,+","0",",,0,31,+","0.0",",,0,31,+","38.9",",0,08,","3.3","0","0.5",",0","0.0",",,,0","0",",,,0","22.61",",0","34.53",",,,0","10.68",",,,0"
"USC00242112","1970-09","45.6","-107.45","923.5","CROW AGENCY, MT US","346.7","0","24.2",",0","5",",0","5",",0","0",",0","0",",0","0","2,0","0",",0","4",",0","0",",0","22",",0","3",",0","","","","","-2.2",",0,15,","0",",,0,30,+","0","2,,0,30,+","17.8",",,0,24,","36.1",",0,04,","148.2","0","144.9",",0","45.8",",,,0","0","2,,,0","14.31",",0","23.60",",,,0","5.02",",,,0"
"USC00242112","1970-10","45.6","-107.45","923.5","CROW AGENCY, MT US","346.7","0","0.0",",0","6",",0","3",",0","0",",0","0",",0","0",",0","0",",0","21",",0","0",",0","10",",0","0",",0","","","","","-9.4",",0,26,","0",",,0,31,+","0",",,0,31,+","9.7",",,0,10,","31.7",",0,04,","490.0","0","341.8",",0","25.3",",,,0","0",",,,0","7.31",",0","16.38",",,,0","-1.76",",,,0"
"USC00242112","1970-11","45.6","-107.45","923.5","CROW AGENCY, MT US","346.7","0","0.0",",0","8",",0","5",",0","0",",0","8",",","","","2",",0","25",",0","4",",0","0",",0","0",",0","","","","","-25.0",",0,22,","51",",,0,23,+","","","15.7",",,0,10,","16.7",",0,08,+","1023.8","0","533.8",",0","34.7",",,,0","","","0.54",",0","7.65",",,,0","-6.58",",,,0"
"USC00242112","1970-12","45.6","-107.45","923.5","CROW AGENCY, MT US","346.7","0","0.0",",0","6",",0","1",",0","0",",0","15",",","","","9",",0","31",",0","10",",0","0",",0","0",",0","","","","","-25.0",",0,23,","102",",,0,28,+","","","4.3",",,0,17,","11.1",",0,07,+","1758.5","0","734.7",",0","13.5",",,,0","","","-5.37",",0","2.27",",,,0","-13.01",",,,0"
"USC00242112","1971-01","45.6","-107.45","923.5","CROW AGENCY, MT US","0.0","0","0.0",",0","7",",0","5",",0","0",",0","31",",","","","9",",0","31",",0","14",",0","0",",0","0",",0","","","","","-31.7",",0,14,","279",",,0,15,+","","","15.5",",,0,09,","9.4",",0,28,","2556.6","0","798.1",",0","56.7",",,,0","","","-7.41",",0","-1.38",",,,0","-13.44",",,,0"
"USC00242112","1971-02","45.6","-107.45","923.5","CROW AGENCY, MT US","0.0","0","0.0",",0","5",",0","3",",0","0",",0","28",",","","","4",",0","27",",0","10",",0","0",",0","0",",0","","","","","-35.0",",0,07,","330",",,0,10,+","","","16.5",",,0,03,","11.1",",0,24,","3195.3","0","638.7",",0","35.0",",,,0","","","-4.48",",0","2.78",",,,0","-11.73",",,,0"
"USC00242112","1971-03","45.6","-107.45","923.5","CROW AGENCY, MT US","0.0","0","0.0",",0","7",",0","3",",0","0",",0","15",",","","","2",",0","29",",0","3",",0","1",",0","0",",0","","","","","-22.2",",0,02,","203",",,0,02,+","","","5.6",",,0,31,","24.4",",0,30,","3727.8","0","532.5",",0","19.6",",,,0","","","1.16",",0","9.06",",,,0","-6.75",",,,0"
"USC00242112","1971-04","45.6","-107.45","923.5","CROW AGENCY, MT US","0.0","0","0.0",",0","7",",0","7",",0","0",",0","","","","","0",",0","14",",0","0",",0","7",",0","0",",0","","","","","-6.7",",0,01,","","","","","9.4",",,0,08,","27.2",",0,10,","4039.8","0","312.0",",0","33.2",",,,0","","","7.93",",0","15.98",",,,0","-0.11",",,,0"
"USC00242112","1971-05","45.6","-107.45","923.5","CROW AGENCY, MT US","3.3","0","3.3",",0","5",",0","4",",0","1",",0","0",",0","0",",0","0",",0","2",",0","0",",0","19",",0","0",",0","","","","","-1.7",",0,11,","0",",,0,31,+","0",",,0,31,+","25.9",",,0,22,","30.6",",0,27,+","4198.3","0","158.5",",0","52.9",",,,0","0",",,,0","13.33",",0","21.82",",,,0","4.84",",,,0"
"USC00242112","1971-06","45.6","-107.45","923.5","CROW AGENCY, MT US","53.9","0","50.6",",0","4",",0","2",",0","1",",0","0",",0","0",",0","0",",0","0",",0","0",",0","27",",0","5",",0","","","","","3.9",",0,30,","0",",,0,30,+","0",",,0,30,+","39.1",",,0,11,","37.2",",0,23,","4234.1","0","35.8",",0","46.7",",,,0","0",",,,0","18.83",",0","27.80",",,,0","9.85",",,,0"
"USC00242112","1971-07","45.6","-107.45","923.5","CROW AGENCY, MT US","129.9","0","76.0","2,0","1",",0","1",",0","0",",0","0",",0","0",",0","0","1,0","0","1,0","0","1,0","30","1,0","16","1,0","","","","","3.3","1,0,30,+","0",",,0,31,+","0",",,0,31,+","7.9",",,0,03,","37.8","1,0,16,","12.2","0","12.2","1,0","7.9",",,,0","0",",,,0","20.45","2,0","31.50","1,,,0","9.40","1,,,0"
"USC00242112","1971-08","45.6","-107.45","923.5","CROW AGENCY, MT US","320.8","0","190.9","1,0","1",",0","1",",0","1",",0","0",",0","0",",0","0","1,0","0","1,0","0","1,0","30","1,0","28","1,0","","","","","3.9","1,0,24,","0",",,0,31,+","0",",,0,31,+","43.7",",,0,30,","40.6","1,0,14,","13.3","0","1.1","1,0","43.7",",,,0","0",",,,0","24.66","1,0","36.04","1,,,0","13.28","1,,,0"
"USC00242112","1971-09","45.6","-107.45","923.5","CROW AGENCY, MT US","339.1","0","18.3",",0","4",",0","2",",0","0",",0","0",",0","0",",0","0",",0","5",",0","0",",0","19",",0","6",",0","","","","","-5.6",",0,18,","0",",,0,30,+","0",",,0,30,+","8.6",",,0,20,","35.6",",0,11,","151.9","0","138.6",",0","16.0",",,,0","0",",,,0","14.33",",0","24.19",",,,0","4.46",",,,0"
"USC00242112","1971-10","45.6","-107.45","923.5","CROW AGENCY, MT US","339.1","0","0.0",",0","8",",0","6",",0","3",",0","","","","","0",",0","14",",0","2",",0","10",",0","0",",0","","","","","-17.2",",0,29,","","","","","35.8",",,0,18,","28.9",",0,11,+","475.4","0","323.5",",0","119.7",",,,0","","","7.90",",0","15.99",",,,0","-0.20",",,,0"
"USC00242112","1971-11","45.6","-107.45","923.5","CROW AGENCY, MT US","339.1","0","0.0",",0","4",",0","1",",0","0",",0","","","","","1",",0","30",",0","1",",0","1",",0","0",",0","","","","","-17.8",",0,06,","","","","","5.3",",,0,05,","21.1",",0,12,","972.2","0","496.8",",0","8.8",",,,0","","","1.77",",0","9.40",",,,0","-5.86",",,,0"
"USC00242112","1971-12","45.6","-107.45","923.5","CROW AGENCY, MT US","339.1","0","0.0","1,0","5",",0","3",",0","0",",0","26",",","","","13","1,0","30","1,0","15","1,0","0","1,0","0","1,0","","","","","-26.1","1,0,16,","102",",,0,31,+","","","9.7",",,0,06,","8.9","1,0,17,","1758.0","0","785.8","1,0","18.5",",,,0","","","-7.86","1,0","0.37","1,,,0","-16.10","1,,,0"
"USC00242112","1972-01","45.6","-107.45","923.5","CROW AGENCY, MT US","0.0","0","0.0","2,0","6",",0","3",",0","0",",0","31",",","","","12","1,0","30","1,0","12","1,0","0","1,0","0","1,0","","","","","-33.9","1,0,27,+","229",",,0,20,+","","","7.9",",,0,18,","10.6","1,0,17,","2563.9","0","805.9","1,0","21.6",",,,0","","","-9.35","2,0","-1.41","1,,,0","-17.28","1,,,0"
"USC00242112","1972-02","45.6","-107.45","923.5","CROW AGENCY, MT US","0.0","0","0.0",",0","6",",0","2",",0","0",",0","29",",","","","5",",0","29",",0","8",",0","0",",0","0",",0","","","","","-28.3",",0,02,","229",",,0,07,+","","","15.2",",,0,13,","17.8",",0,28,","3196.4","0","632.5",",0","24.5",",,,0","","","-3.48",",0","3.90",",,,0","-10.86",",,,0"
"USC00242112","1972-03","45.6","-107.45","923.5","CROW AGENCY, MT US","0.0","0","0.0",",0","4",",0","4",",0","0",",0","3",",","","","0",",0","23",",0","1",",0","7",",0","0",",0","","","","","-15.6",",0,04,","102",",,0,03,","","","8.6",",,0,03,","23.9",",0,22,+","3609.2","0","412.8",",0","25.9",",,,0","","","5.02",",0","13.17",",,,0","-3.14",",,,0"
"USC00242112","1972-04","45.6","-107.45","923.5","CROW AGENCY, MT US","0.0","0","0.0",",0","4",",0","3",",0","0",",0","","","","","0",",0","20",",0","0",",0","5",",0","0",",0","","","","","-10.0",",0,03,","","","","","16.8",",,0,30,","23.3",",0,05,","3923.7","0","314.5",",0","35.6",",,,0","","","7.85",",0","16.59",",,,0","-0.89",",,,0"
"USC00242112","1972-05","45.6","-107.45","923.5","CROW AGENCY, MT US","5.8","0","5.8",",0","13",",0","5",",0","0",",0","0",",","","","0",",0","1",",0","0",",0","19",",0","2",",0","","","","","-3.9",",0,02,","0",",,0,31,+","","","6.1",",,0,19,","32.8",",0,31,","4083.6","0","159.9",",0","29.8",",,,0","","","13.36",",0","21.51",",,,0","5.22",",,,0"
"USC00242112","1972-06","45.6","-107.45","923.5","CROW AGENCY, MT US","60.8","0","55.0",",0","5",",0","4",",0","0",",0","0",",","","","0",",0","0",",0","0",",0","29",",0","7",",0","","","","","5.6",",0,20,","0",",,0,30,+","","","10.9",",,0,19,","35.0",",0,30,+","4097.5","0","13.9",",0","37.1",",,,0","","","19.70",",0","29.14",",,,0","10.26",",,,0"
"USC00242112","1972-07","45.6","-107.45","923.5","CROW AGENCY, MT US","134.9","0","74.1",",0","2",",0","2",",0","0",",0","0",",","","","0",",0","0",",0","0",",0","28",",0","12",",0","","","","","2.8",",0,04,","0",",,0,31,+","","","17.0",",,0,21,","36.7",",0,29,","29.5","0","29.5",",0","31.5",",,,0","","","19.77",",0","29.66",",,,0","9.88",",,,0"
"USC00242112","1972-08","45.6","-107.45","923.5","CROW AGENCY, MT US","247.5","0","112.6",",0","8",",0","8",",0","0",",0","","","","","0",",0","0",",0","0",",0","31",",0","14",",0","","","","","7.2",",0,26,","","","","","17.8",",,0,21,","37.2",",0,12,+","29.8","0","0.3",",0","75.2",",,,0","","","21.95",",0","31.60",",,,0","12.31",",,,0"
"USC00242112","1972-09","45.6","-107.45","923.5","CROW AGENCY, MT US","251.7","0","4.2",",0","5",",0","3",",0","0",",0","0",",","","","0",",0","7",",0","0",",0","23",",0","0",",0","","","","","-4.4",",0,26,","0",",,0,30,+","","","18.8",",,0,25,","30.6",",0,16,","172.4","0","142.6",",0","33.8",",,,0","","","13.72",",0","23.45",",,,0","3.99",",,,0"
"USC00242112","1972-10","45.6","-107.45","923.5","CROW AGENCY, MT US","251.7","0","0.0","2,0","6",",0","6",",0","0",",0","","","","","0","2,0","17","2,0","0","2,0","9","2,0","0","2,0","","","","","-14.4","2,0,31,","","","","","20.3",",,0,24,","27.8","2,0,03,+","464.3","0","291.9","2,0","61.9",",,,0","","","8.27","2,0","17.64","2,,,0","-1.11","2,,,0"
"USC00242112","1972-11","45.6","-107.45","923.5","CROW AGENCY, MT US","251.7","0","0.0",",0","2",",0","2",",0","0",",0","","","","","0",",0","29",",0","0",",0","0",",0","0",",0","","","","","-12.8",",0,29,","","","","","10.2",",,0,05,","16.7",",0,03,","955.6","0","491.3",",0","14.3",",,,0","","","1.96",",0","8.59",",,,0","-4.67",",,,0"
"USC00242112","1972-12","45.6","-107.45","923.5","CROW AGENCY, MT US","251.7","0","0.0",",0","5",",0","4",",0","0",",0","23",",","","","15",",0","30",",0","15",",0","0",",0","0",",0","","","","","-35.0",",0,08,","152",",,0,31,+","","","5.3",",,0,29,+","15.6",",0,01,","1774.7","0","819.1",",0","19.2",",,,0","","","-8.09",",0","-0.76",",,,0","-15.42",",,,0"
"USC00242112","1973-01","45.6","-107.45","923.5","CROW AGENCY, MT US","0.0","0","0.0",",0","4",",0","2",",0","0",",0","28",",0","2","2,0","11",",0","31",",0","11",",0","0",",0","0",",0","","","","","-35.6",",0,09,","152",",,0,11,+","25","2,,0,27,+","3.6",",,0,26,","12.8",",0,23,","2558.1","0","783.4",",0","9.7",",,,0","50","2,,,0","-6.94",",0","0.72",",,,0","-14.59",",,,0"
"USC00242112","1973-02","45.6","-107.45","923.5","CROW AGENCY, MT US","0.0","0","0.0",",0","3",",0","0",",0","0",",0","7",",","","","6",",0","28",",0","6",",0","0",",0","0",",0","","","","","-24.4",",0,08,+","25",",,0,13,+","","","1.8",",,0,05,","15.6",",0,28,+","3123.4","0","565.3",",0","3.8",",,,0","","","-1.86",",0","6.44",",,,0","-10.15",",,,0"
"USC00242112","1973-03","45.6","-107.45","923.5","CROW AGENCY, MT US","0.0","0","0.0",",0","6",",0","2",",0","0",",0","","","","","0",",0","29",",0","0",",0","0",",0","0",",0","","","","","-8.3",",0,29,","","","","","14.0",",,0,23,","19.4",",0,17,","3556.6","0","433.2",",0","33.0",",,,0","","","4.36",",0","12.87",",,,0","-4.15",",,,0"
"USC00242112","1973-04","45.6","-107.45","923.5","CROW AGENCY, MT US","0.0","0","0.0",",0","10",",0","6",",0","2",",0","","","","","0",",0","23",",0","0",",0","4",",0","0",",0","","","","","-10.6",",0,09,","","","","","67.6",",,0,20,","23.9",",0,13,","3945.6","0","389.0",",0","130.9",",,,0","","","5.37",",0","13.52",",,,0","-2.78",",,,0"
"USC00242112","1973-05","45.6","-107.45","923.5","CROW AGENCY, MT US","1.9","0","1.9",",0","4",",0","2",",0","0",",0","","","","","0",",0","1",",0","0",",0","17",",0","0",",0","","","","","-1.7",",0,12,","","","","","9.9",",,0,25,","31.7",",0,31,","4118.7","0","173.1",",0","18.3",",,,0","","","12.81",",0","22.09",",,,0","3.54",",,,0"
"USC00242112","1973-06","45.6","-107.45","923.5","CROW AGENCY, MT US","57.8","0","55.9",",0","7",",0","7",",0","0",",0","","","","","0",",0","0",",0","0",",0","27",",0","6",",0","","","","","2.2",",0,03,","","","","","16.8",",,0,29,","35.6",",0,13,","4160.1","0","41.4",",0","53.2",",,,0","","","18.82",",0","28.08",",,,0","9.56",",,,0"
"USC00242112","1973-07","45.6","-107.45","923.5","CROW AGENCY, MT US","155.9","0","98.1",",0","3",",0","2",",0","0",",0","","","","","0",",0","0",",0","0",",0","31",",0","16",",0","","","","","3.3",",0,02,","","","","","15.7",",,0,23,","38.9",",0,10,","4.5","0","4.5",",0","30.0",",,,0","","","21.35",",0","31.51",",,,0","11.20",",,,0"
"USC00242112","1973-08","45.6","-107.45","923.5","CROW AGENCY, MT US","270.3","0","114.4",",0","4",",0","3",",0","0",",0","","","","","0",",0","0",",0","0",",0","31",",0","15",",0","","","","","7.8",",0,31,","","","","","14.2",",,0,12,","37.2",",0,16,","5.9","0","1.4",",0","33.8",",,,0","","","21.98",",0","32.09",",,,0","11.87",",,,0"
"USC00242112","1973-09","45.6","-107.45","923.5","CROW AGENCY, MT US","275.6","0","5.3",",0","8",",0","7",",0","1",",0","","","","","0",",0","1",",0","0",",0","23",",0","0",",0","","","","","-0.6",",0,17,","","","","","29.0",",,0,01,","30.0",",0,06,","128.1","0","122.2",",0","88.8",",,,0","","","14.44",",0","22.64",",,,0","6.23",",,,0"
"USC00242112","1973-10","45.6","-107.45","923.5","CROW AGENCY, MT US","275.6","0","0.0",",0","2",",0","2",",0","0",",0","","","","","0",",0","10",",0","0",",0","17",",0","0",",0","","","","","-2.8",",0,27,","","","","","17.3",",,0,24,","29.4",",0,18,","353.0","0","224.9",",0","25.4",",,,0","","","11.08",",0","20.50",",,,0","1.65",",,,0"
"USC00242112","1973-11","45.6","-107.45","923.5","CROW AGENCY, MT US","275.6","0","0.0",",0","2",",0","2",",0","0",",0","","","","","0",",0","29",",0","6",",0","0",",0","0",",0","","","","","-14.4",",0,05,","","","","","8.1",",,0,01,","20.0",",0,12,","912.2","0","559.2",",0","11.1",",,,0","","","-0.31",",0","6.50",",,,0","-7.11",",,,0"
"USC00242112","1973-12","45.6","-107.45","923.5","CROW AGENCY, MT US","","","","","5",",0","4",",0","0",",0","13",",","","","","","","","6",",0","0",",0","0",",0","","","","","","","102",",,0,31,+","","","14.5",",,0,18,","16.7",",0,10,","","","","","27.2",",,,0","","","","","4.36",",,,0","",""
"USC00242112","1974-01","45.6","-107.45","923.5","CROW AGENCY, MT US","0.0","0","0.0","1,0","4","1,0","2","1,0","0","1,0","15","1,","","","9",",0","28",",0","12","1,0","0","1,0","0","1,0","","","","","-33.3",",0,11,","102","1,,0,31,+","","","8.1","1,,0,31,","17.2","1,0,16,+","","","688.2","1,0","12.4","1,,,0","","","-4.95","1,0","2.75","1,,,0","-12.65",",,,0"
"USC00242112","1974-02","45.6","-107.45","923.5","CROW AGENCY, MT US","0.0","0","0.0",",0","4",",0","1",",0","0",",0","11","1,","","","1",",0","28",",0","1",",0","0",",0","0",",0","","","","","-17.8",",0,24,","76","1,,0,23,","","","10.9",",,0,23,","16.1",",0,16,","","","479.9",",0","14.5",",,,0","","","1.19",",0","9.13",",,,0","-6.74",",,,0"
"USC00242112","1974-03","45.6","-107.45","923.5","CROW AGENCY, MT US","0.0","0","0.0",",0","9",",0","6",",0","0",",0","6",",","","","0",",0","27",",0","1",",0","1",",0","0",",0","","","","","-16.7",",0,22,","51",",,0,07,+","","","9.4",",,0,18,","22.2",",0,17,","","","467.4",",0","40.1",",,,0","","","3.25",",0","11.10",",,,0","-4.59",",,,0"
"USC00242112","1974-04","45.6","-107.45","923.5","CROW AGENCY, MT US","4.7","0","4.7","1,0","12",",0","7",",0","0",",0","","","","","0","1,0","10","1,0","0","1,0","12","1,0","0","1,0","","","","","-3.9","1,0,15,","","","","","20.3",",,0,07,","30.6","1,0,25,","","","238.1","1,0","66.4",",,,0","","","10.28","1,0","18.48","1,,,0","2.09","1,,,0"
"USC00242112","1974-05","45.6","-107.45","923.5","CROW AGENCY, MT US","6.1","0","1.4","1,0","14",",0","10",",0","0",",0","","","","","0","1,0","5","1,0","0","1,0","12","1,0","0","1,0","","","","","-3.9","1,0,16,","","","","","17.8",",,0,20,","28.9","1,0,26,","","","201.6","1,0","69.3",",,,0","","","11.66","1,0","19.23","1,,,0","4.09","1,,,0"
"USC00242112","1974-06","45.6","-107.45","923.5","CROW AGENCY, MT US","81.0","0","74.9",",0","8",",0","4",",0","1",",0","","","","","0",",0","0",",0","0",",0","26",",0","14",",0","","","","","0.6",",0,01,","","","","","30.5",",,0,07,","36.1",",0,19,","","","43.8",",0","68.8",",,,0","","","19.37",",0","28.97",",,,0","9.77",",,,0"
"USC00242112","1974-07","45.6","-107.45","923.5","CROW AGENCY, MT US","234.3","0","153.3","2,0","2",",0","2",",0","1",",0","","","","","0","2,0","0","2,0","0","2,0","29","2,0","22","2,0","","","","","8.9","2,0,12,","","","","","29.7",",,0,03,","38.3","2,0,22,","0.5","0","0.5","2,0","54.8",",,,0","","","23.60","2,0","33.54","2,,,0","13.66","2,,,0"
"USC00242112","1974-08","45.6","-107.45","923.5","CROW AGENCY, MT US","269.5","0","35.2",",0","5",",0","4",",0","0",",0","","","","","0",",0","0",",0","0",",0","30",",0","4",",0","","","","","5.6",",0,31,","","","","","10.9",",,0,14,","37.2",",0,06,","25.8","0","25.3",",0","32.0",",,,0","","","18.65",",0","28.58",",,,0","8.73",",,,0"
"USC00242112","1974-09","45.6","-107.45","923.5","CROW AGENCY, MT US","274.2","0","4.7",",0","5",",0","4",",0","0",",0","","","","","0",",0","5",",0","0",",0","22",",0","1",",0","","","","","-2.2",",0,30,","","","","","23.6",",,0,27,","32.2",",0,25,","158.1","0","132.3",",0","50.5",",,,0","","","14.08",",0","24.58",",,,0","3.58",",,,0"
"USC00242112","1974-10","45.6","-107.45","923.5","CROW AGENCY, MT US","","","","","3",",0","3",",0","1",",0","0",",0","0",",0","0","3,0","18","3,0","0","4,0","16","4,0","0","4,0","","","","","-6.1","3,0,14,","0",",,0,31,+","0",",,0,31,+","42.9",",,0,31,","31.1","4,0,02,","","","","","72.3",",,,0","0",",,,0","10.64","5,0","21.67","4,,,0","-0.38","3,,,0"
"USC00242112","1974-11","45.6","-107.45","923.5","CROW AGENCY, MT US","","","0.0",",0","4",",0","2",",0","0",",0","","","","","0",",0","28",",0","0",",0","0",",0","0",",0","","","","","-15.0",",0,29,","","","","","16.5",",,0,01,","18.3",",0,25,","","","461.9",",0","20.3",",,,0","","","2.94",",0","10.85",",,,0","-4.98",",,,0"
"USC00242112","1974-12","45.6","-107.45","923.5","CROW AGENCY, MT US","","","0.0",",0","5",",0","2",",0","0",",0","11","2,","","","2",",0","31",",0","3",",0","0",",0","0",",0","","","","","-25.0",",0,24,","51","2,,0,24,+","","","4.1",",,0,23,","14.4",",0,21,","","","632.9",",0","11.5",",,,0","","","-2.08",",0","6.07",",,,0","-10.23",",,,0"
"USC00242112","1975-01","45.6","-107.45","923.5","CROW AGENCY, MT US","0.0","0","0.0",",0","12",",0","4",",0","0",",0","13","1,","","","7",",0","27",",0","8",",0","0",",0","0",",0","","","","","-26.7",",0,28,","203","1,,0,26,","","","20.3",",,0,26,","12.8",",0,23,","","","692.2",",0","59.3",",,,0","","","-4.00",",0","2.72",",,,0","-10.72",",,,0"
"USC00242112","1975-02","45.6","-107.45","923.5","CROW AGENCY, MT US","0.0","0","0.0",",0","6",",0","4",",0","0",",0","27","1,","","","15",",0","28",",0","13",",0","0",",0","0",",0","","","","","-30.0",",0,09,","203","1,,0,14,+","","","6.4",",,0,14,","11.1",",0,24,","","","757.6",",0","21.3",",,,0","","","-8.72",",0","-0.61",",,,0","-16.83",",,,0"
"USC00242112","1975-03","45.6","-107.45","923.5","CROW AGENCY, MT US","0.0","0","0.0","1,0","12",",0","3",",0","0",",0","10","2,","","","1","1,0","29","1,0","3","1,0","0","1,0","0","1,0","","","","","-18.3","1,0,29,","76","2,,0,29,+","","","11.2",",,0,26,","15.0","1,0,18,+","","","535.3","1,0","33.2",",,,0","","","0.49","1,0","7.33","1,,,0","-6.35","1,,,0"
"USC00242112","1975-04","45.6","-107.45","923.5","CROW AGENCY, MT US","0.0","0","0.0",",0","13",",0","3",",0","1",",0","6",",","","","0",",0","19",",0","4",",0","1",",0","0",",0","","","","","-10.0",",0,10,+","381",",,0,08,","","","25.4",",,0,08,","25.6",",0,25,","","","416.1",",0","66.2",",,,0","","","4.46",",0","11.02",",,,0","-2.10",",,,0"
"USC00242112","1975-05","45.6","-107.45","923.5","CROW AGENCY, MT US","4.1","0","4.1",",0","15",",0","12",",0","0",",0","0",",0","0",",0","0",",0","3",",0","0",",0","13",",0","0",",0","","","","","-2.2",",0,01,","0",",,0,31,+","0",",,0,31,+","19.8",",,0,19,","30.6",",0,15,","","","204.2",",0","116.9",",,,0","0",",,,0","11.88",",0","19.22",",,,0","4.54",",,,0"
"USC00242112","1975-06","45.6","-107.45","923.5","CROW AGENCY, MT US","13.8","0","9.7","3,0","9",",0","6",",0","0",",0","0",",0","0",",0","0","2,0","0","2,0","0","2,0","23","2,0","1","2,0","","","","","3.9","2,0,01,","0",",,0,30,+","0",",,0,30,+","19.1",",,0,08,","32.2","2,0,24,","","","57.9","2,0","44.0",",,,0","0",",,,0","16.54","3,0","25.01","2,,,0","8.08","2,,,0"
"USC00242112","1975-07","45.6","-107.45","923.5","CROW AGENCY, MT US","163.2","0","149.4",",0","4",",0","4",",0","1",",0","0",",0","0",",0","0",",0","0",",0","0",",0","31",",0","20",",0","","","","","7.2",",0,12,","0",",,0,31,+","0",",,0,31,+","29.7",",,0,07,","38.9",",0,28,","0.0","0","0.0",",0","48.0",",,,0","0",",,,0","23.15",",0","32.50",",,,0","13.81",",,,0"
"USC00242112","1975-08","45.6","-107.45","923.5","CROW AGENCY, MT US","220.2","0","57.0","2,0","1",",0","1",",0","0",",0","0",",0","0",",0","0","2,0","0","2,0","0","2,0","29","2,0","8","2,0","","","","","6.1","2,0,27,+","0",",,0,31,+","0",",,0,31,+","13.0",",,0,18,","36.1","2,0,06,","12.3","0","12.3","2,0","13.0",",,,0","0",",,,0","19.87","2,0","29.81","2,,,0","9.94","2,,,0"
"USC00242112","1975-09","45.6","-107.45","923.5","CROW AGENCY, MT US","223.0","0","2.8",",0","2",",0","2",",0","0",",0","0",",0","0",",0","0",",0","10",",0","0",",0","27",",0","3",",0","","","","","-3.9",",0,20,","0",",,0,30,+","0",",,0,30,+","5.6",",,0,02,","32.8",",0,14,","114.4","0","102.1",",0","10.2",",,,0","0",",,,0","15.02",",0","26.99",",,,0","3.06",",,,0"
"USC00242112","1975-10","45.6","-107.45","923.5","CROW AGENCY, MT US","","","","","6",",0","5",",0","0",",0","","","","","0","3,0","17","3,0","","","","","","","","","","","-7.8","3,0,28,","","","","","20.3",",,0,08,","","","","","","","58.1",",,,0","","","","","","","-0.50","3,,,0"
"USC00242112","1975-11","45.6","-107.45","923.5","CROW AGENCY, MT US","","","0.0",",0","7",",0","4",",0","0",",0","7",",","","","2",",0","29",",0","7",",0","7",",0","0",",0","","","","","-27.8",",0,30,","178",",,0,30,+","","","20.6",",,0,24,","25.6",",0,05,","","","542.3",",0","40.1",",,,0","","","0.26",",0","8.70",",,,0","-8.18",",,,0"
"USC00242112","1975-12","45.6","-107.45","923.5","CROW AGENCY, MT US","","","0.0","3,0","7",",0","2",",0","0",",0","28","3,","","","4","2,0","29","2,0","5","2,0","0","2,0","0","2,0","","","","","-29.4","2,0,17,","229","3,,0,17,+","","","14.0",",,0,11,","17.2","2,0,09,","","","610.7","2,0","24.4",",,,0","","","-3.48","3,0","3.72","2,,,0","-10.69","2,,,0"
"USC00242112","1976-01","45.6","-107.45","923.5","CROW AGENCY, MT US","0.0","0","0.0",",0","4",",0","1",",0","0",",0","31",",","","","9",",0","31",",0","9",",0","0",",0","0",",0","","","","","-29.4",",0,03,","229",",,0,15,+","","","3.6",",,0,01,","13.3",",0,29,","","","732.6",",0","9.7",",,,0","","","-5.30",",0","2.18",",,,0","-12.78",",,,0"
"USC00242112","1976-02","45.6","-107.45","923.5","CROW AGENCY, MT US","0.0","0","0.0","1,0","4",",0","3",",0","0",",0","18",",","","","2","1,0","27","1,0","3","1,0","0","1,0","0","1,0","","","","","-25.0","1,0,06,","76",",,0,12,+","","","10.2",",,0,27,","18.3","1,0,23,","","","499.8","1,0","17.0",",,,0","","","0.48","1,0","8.34","1,,,0","-7.37","1,,,0"
"USC00242112","1976-03","45.6","-107.45","923.5","CROW AGENCY, MT US","0.0","0","0.0","1,0","4",",0","3",",0","0",",0","5",",","","","4",",0","28",",0","5","1,0","1","1,0","0","1,0","","","","","-25.6",",0,03,","25",",,0,05,+","","","5.3",",,0,01,","22.2","1,0,31,","","","517.3","1,0","13.7",",,,0","","","1.06","1,0","9.55","1,,,0","-7.44",",,,0"
"USC00242112","1976-04","45.6","-107.45","923.5","CROW AGENCY, MT US","0.0","0","0.0","2,0","8",",0","6",",0","0",",0","","","","","0","2,0","14","2,0","0","2,0","9","2,0","0","2,0","","","","","-7.2","2,0,03,","","","","","20.8",",,0,14,","27.8","2,0,12,","","","251.9","2,0","50.7",",,,0","","","9.34","2,0","17.96","2,,,0","0.71","2,,,0"
"USC00242112","1976-06","45.6","-107.45","923.5","CROW AGENCY, MT US","","","18.6","3,0","11","4,0","4","4,0","1","4,0","0",",0","0",",0","0","2,0","0","2,0","0","2,0","24","2,0","3","2,0","","","","","2.8","2,0,15,","0",",,0,30,+","0",",,0,30,+","36.8","4,,0,14,","32.2","2,0,30,+","","","52.9","2,0","100.7",",a,,0","0",",,,0","17.03","3,0","25.83","2,,,0","8.22","2,,,0"
"USC00242112","1976-07","45.6","-107.45","923.5","CROW AGENCY, MT US","","","110.6","5,0","5",",0","0",",0","0",",0","0",",0","0",",0","0","4,0","0","4,0","0","4,0","27","4,0","21","4,0","","","","","6.1","4,0,28,","0",",,0,31,+","0",",,0,31,+","2.0",",,0,02,","40.0","4,0,24,","0.0","0","0.0","4,0","5.1",",,,0","0",",,,0","22.61","5,0","33.28","4,,,0","11.93","4,,,0"
"USC00242112","1976-08","45.6","-107.45","923.5","CROW AGENCY, MT US","","","","","3",",0","1",",0","0",",0","0",",0","0",",0","","","","","","","","","","","","","1","","","","0",",,0,31,+","0",",,0,31,+","2.5",",,0,09,","","","","","","","4.1",",,,0","0",",,,0","","","","","",""
"USC00242112","1976-09","45.6","-107.45","923.5","CROW AGENCY, MT US","","","15.6","3,0","6",",0","5",",0","0",",0","0",",0","0",",0","0","1,0","2","1,0","0","2,0","25","2,0","5","2,0","","","","","-1.7","1,0,27,","0",",,0,30,+","0",",,0,30,+","10.2",",,0,07,","36.7","2,0,05,","","","56.4","2,0","35.3",",,,0","0",",,,0","16.73","3,0","27.80","2,,,0","5.66","1,,,0"
"USC00242112","1976-10","45.6","-107.45","923.5","CROW AGENCY, MT US","","","","","2","5,0","1","5,0","0","5,0","0",",0","0","2,0","0","5,0","17","5,0","0","5,0","9","5,0","0","5,0","","","","","-10.6","5,0,19,","0",",,0,31,+","0","2,,0,31,+","3.3","5,,0,23,","30.6","5,0,01,","","","","","28.5","1,a,,0","0","2,,,0","7.87","8,0","17.58","5,,,0","-1.85","5,,,0"
"USC00242112","1976-11","45.6","-107.45","923.5","CROW AGENCY, MT US","","","","","4",",0","4",",0","0",",0","","","","","0","4,0","26","4,0","3","4,0","1","4,0","0","4,0","","","","","-17.2","4,0,28,","","","","","11.7",",,0,30,+","23.3","4,0,04,","","","","","34.3",",,,0","","","2.02","6,0","11.30","4,,,0","-7.27","4,,,0"
"USC00242112","1976-12","45.6","-107.45","923.5","CROW AGENCY, MT US","","","0.0",",0","3",",0","1",",0","0",",0","","","2",",0","0",",0","30",",0","4",",0","0",",0","0",",0","","","","","-16.7",",0,10,","","","127",",,0,31,","6.1",",,0,31,","15.0",",0,17,","","","632.6",",0","7.7",",,,0","152",",,,0","-2.07",",0","6.07",",,,0","-10.22",",,,0"
"USC00242112","1977-01","45.6","-107.45","923.5","CROW AGENCY, MT US","0.0","0","0.0","5,0","8",",0","5",",0","0",",0","","","5","3,0","7","4,0","27","4,0","12","4,0","0","4,0","0","4,0","","","","","-28.9","4,0,05,","","","102","3,,0,04,","7.9",",,0,04,","7.2","4,0,31,+","","","663.1","4,0","32.1",",,,0","355","3,,,0","-7.51","5,0","0.49","4,,,0","-15.50","4,,,0"
"USC00242112","1977-02","45.6","-107.45","923.5","CROW AGENCY, MT US","0.0","0","0.0","4,0","1",",0","1",",0","0",",0","","","0","1,0","0","3,0","23","3,0","0","3,0","0","3,0","0","3,0","","","","","-14.4","3,0,06,","","","0","1,,0,28,+","2.5",",,0,24,","19.4","3,0,21,","","","400.5","3,0","2.5",",,,0","0","1,,,0","1.47","4,0","9.50","3,,,0","-6.56","3,,,0"
"USC00242112","1977-03","45.6","-107.45","923.5","CROW AGENCY, MT US","","","","","10",",0","6",",0","1",",0","","","","","","","","","","","","","","","","","","","","","","","","","27.9",",,0,29,","","","","","","","74.8",",,,0","","","","","","","",""
"USC00242112","1977-04","45.6","-107.45","923.5","CROW AGENCY, MT US","","","","","2","2,0","0","2,0","0","2,0","","","","","0","5,0","18","5,0","0","5,0","17","5,0","0","5,0","","","","","-10.6","5,0,01,","","","","","2.0","2,,0,18,","30.6","5,0,26,","","","","","15.5",",a,,0","","","10.65","8,0","22.11","5,,,0","-0.80","5,,,0"
"USC00242112","1977-05","45.6","-107.45","923.5","CROW AGENCY, MT US","","","6.4","4,0","9",",0","5",",0","1",",0","0",",0","0",",0","0","3,0","0","3,0","0","3,0","20","3,0","0","3,0","","","","","0.6","3,0,05,","0",",,0,31,+","0",",,0,31,+","26.9",",,0,15,","30.0","3,0,31,+","","","99.1","3,0","59.7",",,,0","0",",,,0","14.83","4,0","24.30","3,,,0","5.36","3,,,0"
"USC00242112","1977-06","45.6","-107.45","923.5","CROW AGENCY, MT US","","","70.6","5,0","6",",0","6",",0","0",",0","0",",0","0",",0","0","4,0","0","4,0","0","4,0","26","4,0","10","4,0","","","","","3.3","4,0,30,","0",",,0,30,+","0",",,0,30,+","8.9",",,0,13,","36.1","4,0,25,","","","9.2","4,0","28.4",",,,0","0",",,,0","20.66","5,0","30.33","4,,,0","11.00","4,,,0"
"USC00242112","1977-07","45.6","-107.45","923.5","CROW AGENCY, MT US","","","","","4",",0","2",",0","0",",0","0",",0","0",",0","","","","","","","","","","","","","","","","","0",",,0,31,+","0",",,0,31,+","15.7",",,0,10,","","","","","","","28.0",",,,0","0",",,,0","","","","","",""
"USC00242112","1977-08","45.6","-107.45","923.5","CROW AGENCY, MT US","","","52.0",",0","11",",0","7",",0","0",",0","0",",0","0",",0","0",",0","0",",0","0",",0","28",",0","8",",0","","","","","5.0",",0,28,+","0",",,0,31,+","0",",,0,31,+","8.9",",,0,31,","35.6",",0,24,+","","","19.3",",0","38.4",",,,0","0",",,,0","19.39",",0","28.53",",,,0","10.25",",,,0"
"USC00242112","1977-09","45.6","-107.45","923.5","CROW AGENCY, MT US","","","11.7","5,0","8",",0","5",",0","0",",0","0",",0","0",",0","0","2,0","1","2,0","0","3,0","22","3,0","4","3,0","","","","","0.0","2,0,24,","0",",,0,30,+","0",",,0,30,+","16.5",",,0,30,","33.3","3,0,07,","","","81.2","3,0","46.2",",,,0","0",",,,0","15.61","5,0","25.44","3,,,0","5.77","2,,,0"
"USC00242112","1977-10","45.6","-107.45","923.5","CROW AGENCY, MT US","","","0.0","3,0","7",",0","6",",0","0",",0","0",",0","0",",0","0","2,0","17","2,0","0","2,0","14","2,0","0","2,0","","","","","-6.1","2,0,11,","0",",,0,31,+","0",",,0,31,+","21.1",",,0,01,","28.9","2,0,16,","","","234.7","2,0","62.1",",,,0","0",",,,0","9.97","3,0","19.69","2,,,0","0.25","2,,,0"
"USC00242112","1977-11","45.6","-107.45","923.5","CROW AGENCY, MT US","","","0.0","3,0","8",",0","4",",0","0",",0","","","3",",0","2","3,0","26","3,0","5","3,0","2","3,0","0","3,0","","","","","-32.2","3,0,21,","","","165",",,0,19,","15.7",",,0,19,","22.2","3,0,12,","","","491.4","3,0","33.6",",,,0","262",",,,0","0.13","3,0","8.26","3,,,0","-8.00","3,,,0"
"USC00242112","1977-12","45.6","-107.45","923.5","CROW AGENCY, MT US","","","","","9",",0","5",",0","0",",0","","","6",",0","7","4,0","27","4,0","11","4,0","0","4,0","0","4,0","","","","","-30.6","4,0,09,","","","64",",,0,18,","11.9",",,0,03,","12.8","4,0,11,","","","","","32.5",",,,0","309",",,,0","-6.87","7,0","-0.12","4,,,0","-13.62","4,,,0"
"USC00242112","1978-01","45.6","-107.45","923.5","CROW AGENCY, MT US","","","","","7",",0","6",",0","0",",0","","","7",",0","7","5,0","26","5,0","20","4,0","0","4,0","0","4,0","","","","","-28.9","5,0,01,","","","114",",,0,26,","8.9",",,0,26,","5.6","4,0,12,","","","","","39.5",",,,0","482",",,,0","-10.93","7,0","-4.08","4,,,0","-17.78","5,,,0"
"USC00242112","1978-02","45.6","-107.45","923.5","CROW AGENCY, MT US","","","","","7",",0","4",",0","0",",0","","","5",",0","8","4,0","24","4,0","14","3,0","0","3,0","0","3,0","","","","","-27.2","4,0,16,","","","152",",,0,12,","13.2",",,0,12,","11.7","3,0,23,","","","","","30.0",",,,0","368",",,,0","-7.89","6,0","-0.19","3,,,0","-15.60","4,,,0"
"USC00242112","1978-03","45.6","-107.45","923.5","CROW AGENCY, MT US","","","0.0","3,0","3",",0","0",",0","0",",0","","","2",",0","4","2,0","24","2,0","4","2,0","6","2,0","0","2,0","","","","","-33.9","2,0,04,+","","","33",",,0,06,","1.5",",,0,06,","28.9","2,0,30,","","","502.3","2,0","3.0",",,,0","58",",,,0","0.71","3,0","9.76","2,,,0","-8.34","2,,,0"
"USC00242112","1978-04","45.6","-107.45","923.5","CROW AGENCY, MT US","","","","","9",",0","6",",0","1",",0","0",",0","0",",0","","","","","","","","","","","","","","","","","0",",,0,30,+","0",",,0,30,+","29.0",",,0,28,","","","","","","","62.7",",,,0","0",",,,0","","","","","",""
"USC00242112","1978-05","45.6","-107.45","923.5","CROW AGENCY, MT US","","","","","15",",0","14",",0","3",",0","0",",0","0",",0","0","4,0","0","4,0","0","4,0","14","4,0","1","4,0","","","","","0.6","4,0,09,","0",",,0,31,+","0",",,0,31,+","54.4",",,0,18,","32.8","4,0,15,","","","","","206.7",",,,0","0",",,,0","12.96","6,0","20.16","4,,,0","5.77","4,,,0"
"USC00242112","1978-06","45.6","-107.45","923.5","CROW AGENCY, MT US","","","","","11",",0","5",",0","0",",0","0",",0","0",",0","0","4,0","0","4,0","0","4,0","25","4,0","2","4,0","","","","","2.8","4,0,02,","0",",,0,30,+","0",",,0,30,+","14.0",",,0,05,","32.8","4,0,30,+","","","","","40.5",",,,0","0",",,,0","18.24","6,0","27.75","4,,,0","8.73","4,,,0"
"USC00242112","1978-07","45.6","-107.45","923.5","CROW AGENCY, MT US","","","71.2","5,0","6",",0","2",",0","0",",0","0",",0","0",",0","0","5,0","0","5,0","0","5,0","24","5,0","10","5,0","","","","","5.0","5,0,22,","0",",,0,31,+","0",",,0,31,+","6.9",",,0,20,","37.8","5,0,24,","9.3","0","9.3","5,0","17.1",",,,0","0",",,,0","20.72","5,0","30.32","5,,,0","11.12","5,,,0"
"USC00242112","1978-08","45.6","-107.45","923.5","CROW AGENCY, MT US","","","","","8",",0","2",",0","0",",0","0",",0","0",",0","","","","","","","","","","","","","","","","","0",",,0,31,+","0",",,0,31,+","3.3",",,0,14,","","","","","","","11.0",",,,0","0",",,,0","","","","","",""
"USC00242112","1978-09","45.6","-107.45","923.5","CROW AGENCY, MT US","","","","","5",",0","5",",0","3",",0","","","","","0","4,0","3","4,0","0","5,0","20","5,0","8","5,0","","","","","-1.7","4,0,20,","","","","","65.0",",,0,12,","38.9","5,0,04,","","","","","159.5",",,,0","","","16.22","6,0","26.74","5,,,0","5.70","4,,,0"
"USC00242112","1978-10","45.6","-107.45","923.5","CROW AGENCY, MT US","","","","","5",",0","1",",0","0",",0","0",",0","0",",0","0","4,0","17","4,0","0","5,0","15","5,0","0","5,0","","","","","-10.0","4,0,31,","0",",,0,31,+","0",",,0,31,+","3.0",",,0,18,","29.4","5,0,10,","","","","","6.6",",,,0","0",",,,0","9.97","7,0","21.03","5,,,0","-1.09","4,,,0"
"USC00242112","1978-11","45.6","-107.45","923.5","CROW AGENCY, MT US","","","","","6",",0","4",",0","0",",0","","","6",",0","4","5,0","24","5,0","","","","","","","","","","","-25.0","5,0,21,","","","152",",,0,18,+","22.1",",,0,09,","","","","","","","61.3",",,,0","558",",,,0","","","","","-10.70","5,,,0"
"USC00242112","1978-12","45.6","-107.45","923.5","CROW AGENCY, MT US","","","","","8",",0","3",",0","0",",0","","","6","1,0","","","","","","","","","","","","","","","","","","","127","1,,0,04,","9.9",",,0,04,","","","","","","","23.7",",,,0","350","1,,,0","","","","","",""
"USC00242112","1979-01","45.6","-107.45","923.5","CROW AGENCY, MT US","0.0","0","0.0","5,0","9",",0","3",",0","0",",0","","","5",",0","23","4,0","27","4,0","24","4,0","0","4,0","0","4,0","","","","","-33.9","4,0,14,","","","102",",,0,12,","6.4",",,0,12,","6.7","4,0,22,+","","","874.6","4,0","20.2",",,,0","338",",,,0","-15.41","5,0","-6.80","4,,,0","-24.01","4,,,0"
"USC00242112","1979-02","45.6","-107.45","923.5","CROW AGENCY, MT US","0.0","0","0.0","1,0","5",",0","3",",0","0",",0","","","3","1,0","11","1,0","27","1,0","8","1,0","0","1,0","0","1,0","","","","","-32.8","1,0,01,","","","97","1,,0,15,","6.9",",,0,15,","11.1","1,0,12,+","","","694.2","1,0","15.5",",,,0","206","1,,,0","-7.38","1,0","1.23","1,,,0","-15.99","1,,,0"
"USC00242112","1979-03","45.6","-107.45","923.5","CROW AGENCY, MT US","0.0","0","0.0","2,0","6",",0","1",",0","0",",0","","","1",",0","2","2,0","27","2,0","0","2,0","0","2,0","0","2,0","","","","","-21.7","2,0,03,","","","64",",,0,01,","2.8",",,0,01,","19.4","2,0,24,","","","487.6","2,0","5.7",",,,0","110",",,,0","1.52","2,0","9.66","2,,,0","-6.62","2,,,0"
"USC00242112","1979-04","45.6","-107.45","923.5","CROW AGENCY, MT US","","","","","11",",0","6",",0","0",",0","","","3",",0","","","","","1","4,0","4","4,0","0","4,0","","","","","","","","","89",",,0,11,+","8.6",",,0,18,","29.4","4,0,18,","","","","","41.2",",,,0","224",",,,0","","","15.74","4,,,0","",""
"USC00242112","1979-05","45.6","-107.45","923.5","CROW AGENCY, MT US","","","","","7",",0","5",",0","0",",0","0",",0","0",",0","0","5,0","4","5,0","0","5,0","16","5,0","0","5,0","","","","","-3.3","5,0,03,","0",",,0,31,+","0",",,0,31,+","19.1",",,0,29,","31.7","5,0,27,+","","","","","53.1",",,,0","0",",,,0","13.08","8,0","22.27","5,,,0","3.89","5,,,0"
"USC00242112","1979-06","45.6","-107.45","923.5","CROW AGENCY, MT US","","","44.5","3,0","4",",0","2",",0","0",",0","0",",0","0",",0","0","3,0","1","3,0","0","3,0","25","3,0","6","3,0","","","","","0.0","3,0,08,","0",",,0,30,+","0",",,0,30,+","8.9",",,0,07,","36.7","3,0,13,","","","42.4","3,0","19.1",",,,0","0",",,,0","18.41","3,0","28.11","3,,,0","8.70","3,,,0"
"USC00242112","1979-07","45.6","-107.45","923.5","CROW AGENCY, MT US","","","103.5","5,0","7",",0","2",",0","0",",0","0",",0","0",",0","0","4,0","0","4,0","0","4,0","27","4,0","14","4,0","","","","","7.2","4,0,02,+","0",",,0,31,+","0",",,0,31,+","16.8",",,0,28,","36.7","4,0,22,","0.0","0","0.0","4,0","32.7",",,,0","0",",,,0","22.31","5,0","32.47","4,,,0","12.16","4,,,0"
"USC00242112","1979-08","45.6","-107.45","923.5","CROW AGENCY, MT US","","","","","4",",0","0",",0","0",",0","0",",0","0",",0","0","4,0","0","4,0","0","3,0","28","3,0","16","3,0","","","","","8.9","4,0,30,","0",",,0,31,+","0",",,0,31,+","2.3",",,0,28,","36.7","3,0,05,","","","","","6.7",",,,0","0",",,,0","22.17","6,0","31.96","3,,,0","12.37","4,,,0"
"USC00242112","1979-09","45.6","-107.45","923.5","CROW AGENCY, MT US","","","29.3","4,0","1",",0","1",",0","0",",0","0",",0","0",",0","0","4,0","0","4,0","0","4,0","24","4,0","7","4,0","","","","","0.6","4,0,14,","0",",,0,30,+","0",",,0,30,+","7.4",",,0,12,","38.3","4,0,08,","","","36.1","4,0","7.4",",,,0","0",",,,0","18.07","4,0","30.09","4,,,0","6.05","4,,,0"
"USC00242112","1979-10","45.6","-107.45","923.5","CROW AGENCY, MT US","","","","","6",",0","1",",0","0",",0","0",",0","0",",0","","","","","","","","","","","","","","","","","0",",,0,31,+","0",",,0,31,+","6.6",",,0,16,","","","","","","","12.2",",,,0","0",",,,0","","","","","",""
"USC00242112","1979-11","45.6","-107.45","923.5","CROW AGENCY, MT US","","","","","6",",0","4",",0","0",",0","","","","","1","4,0","26","4,0","3","4,0","0","4,0","0","4,0","","","","","-19.4","4,0,29,","","","","","4.3",",,0,19,","19.4","4,0,16,","","","","","16.5",",,,0","","","-0.22","8,0","8.65","4,,,0","-9.10","4,,,0"
"USC00242112","1979-12","45.6","-107.45","923.5","CROW AGENCY, MT US","","","","","2",",0","1",",0","0",",0","","","2",",0","","","","","1","5,0","0","5,0","0","5,0","","","","","","","","","64",",,0,16,","3.8",",,0,16,","20.6","5,0,04,","","","","","6.1",",,,0","102",",,,0","","","10.71","5,,,0","",""
"USC00242112","1980-01","45.6","-107.45","923.5","CROW AGENCY, MT US","0.0","","0.0","2,0","4",",0","3",",0","0",",0","","","4",",0","15","2,0","27","2,0","11","2,0","0","2,0","0","2,0","","","","","-34.4","2,0,11,","","","102",",,0,18,","7.4",",,0,06,","12.8","2,0,15,+","","","755.0","2,0","19.7",",,,0","283",",,,0","-7.70","2,0","0.69","2,,,0","-16.09","2,,,0"
"USC00242112","1980-02","45.6","-107.45","923.5","CROW AGENCY, MT US","0.0","","0.0","5,0","5",",0","2",",0","0",",0","","","2",",0","3","3,0","26","3,0","3","3,0","1","3,0","0","3,0","","","","","-23.9","3,0,16,","","","89",",,0,29,+","6.9",",,0,13,","21.7","3,0,27,","","","474.7","3,0","15.8",",,,0","178",",,,0","-1.38","5,0","6.37","3,,,0","-9.12","3,,,0"
"USC00242112","1980-03","45.6","-107.45","923.5","CROW AGENCY, MT US","","","","","8",",0","5",",0","0",",0","","","5",",0","","","","","","","","","","","","","","","","","","","71",",,0,25,+","9.9",",,0,12,","","","","","","","30.7",",,,0","321",",,,0","","","","","",""
"USC00242112","1980-04","45.6","-107.45","923.5","CROW AGENCY, MT US","","","","","6",",0","0",",0","0",",0","0",",0","0",",0","","","","","","","","","","","","","","","","","0",",,0,30,+","0",",,0,30,+","2.3",",,0,01,","","","","","","","4.4",",,,0","0",",,,0","","","","","",""
"USC00242112","1980-05","45.6","-107.45","923.5","CROW AGENCY, MT US","","","","","7",",0","3",",0","1",",0","0",",0","0",",0","","","","","","","","","","","","","","","","","0",",,0,31,+","0",",,0,31,+","27.2",",,0,25,","","","","","","","54.5",",,,0","0",",,,0","","","","","",""
"USC00242112","1980-06","45.6","-107.45","923.5","CROW AGENCY, MT US","","","","","9",",0","6",",0","0",",0","0",",0","0",",0","","","","","","","","","","","","","","","","","0",",,0,30,+","0",",,0,30,+","20.6",",,0,16,","","","","","","","54.5",",,,0","0",",,,0","","","","","",""
"USC00242112","1980-07","45.6","-107.45","923.5","CROW AGENCY, MT US","","","89.5","5,0","8",",0","2",",0","0",",0","0",",0","0",",0","0","3,0","0","3,0","0","4,0","27","4,0","16","4,0","","","","","6.1","3,0,21,+","0",",,0,31,+","0",",,0,31,+","6.1",",,0,09,","37.2","4,0,10,","3.0","","3.0","4,0","17.0",",,,0","0",",,,0","21.67","5,0","32.34","4,,,0","11.00","3,,,0"
"USC00242112","1980-08","45.6","-107.45","923.5","CROW AGENCY, MT US","","","","","11",",0","2",",0","0",",0","0",",0","0",",0","0","4,0","0","4,0","","","","","","","","","","","2.2","4,0,05,","0",",,0,31,+","0",",,0,31,+","9.9",",,0,19,","","","","","","","25.8",",,,0","0",",,,0","","","","","8.04","4,,,0"
"USC00242112","1980-09","45.6","-107.45","923.5","CROW AGENCY, MT US","","","","","9",",0","5",",0","0",",0","0",",0","0",",0","","","","","0","1,0","19","1,0","1","1,0","","","","","","","0",",,0,30,+","0",",,0,30,+","6.6",",,0,12,+","32.2","1,0,05,","","","","","28.9",",,,0","0",",,,0","","","23.33","1,,,0","",""
"USC00242112","1980-10","45.6","-107.45","923.5","CROW AGENCY, MT US","","","","","6",",0","5",",0","0",",0","","","","","","","","","","","","","","","","","","","","","","","","","13.5",",,0,15,","","","","","","","43.0",",,,0","","","","","","","",""
"USC00242112","1980-11","45.6","-107.45","923.5","CROW AGENCY, MT US","","","","","2",",0","1",",0","0",",0","2",",","","","","","","","","","","","","","","","","","","","51",",,0,12,","","","3.6",",,0,12,","","","","","","","5.4",",,,0","","","","","","","",""
"USC00242112","1981-01","45.6","-107.45","923.5","CROW AGENCY, MT US","","","","","4",",0","1",",0","0",",0","","","1",",0","","","","","","","","","","","","","","","","","","","51",",,0,31,","3.8",",,0,31,","","","","","","","5.7",",,,0","91",",,,0","","","","","",""
"USC00242112","1981-02","45.6","-107.45","923.5","CROW AGENCY, MT US","","","","","6",",0","3",",0","0",",0","","","3",",0","","","","","","","","","","","","","","","","","","","102",",,0,01,","5.3",",,0,20,","","","","","","","17.2",",,,0","178",",,,0","","","","","",""
"USC00242112","1981-03","45.6","-107.45","923.5","CROW AGENCY, MT US","","","","","5",",0","5",",0","0",",0","","","","","","","","","","","","","","","","","","","","","","","","","7.9",",,0,19,","","","","","","","30.0",",,,0","","","","","","","",""
"USC00242112","1981-04","45.6","-107.45","923.5","CROW AGENCY, MT US","","","","","5",",0","1",",0","0",",0","0",",0","0",",0","","","","","","","","","","","","","","","","","0",",,0,30,+","0",",,0,30,+","4.6",",,0,27,","","","","","","","8.0",",,,0","0",",,,0","","","","","",""
"USC00242112","1981-05","45.6","-107.45","923.5","CROW AGENCY, MT US","","","","","16",",0","13",",0","1",",0","0",",0","0",",0","","","","","","","","","","","","","","","","","0",",,0,31,+","0",",,0,31,+","33.8",",,0,11,","","","","","","","138.3",",,,0","0",",,,0","","","","","",""
"USC00242112","1981-06","45.6","-107.45","923.5","CROW AGENCY, MT US","","","10.6","5,0","16","2,0","8","2,0","0","2,0","0",",0","0",",0","0","5,0","1","5,0","0","5,0","21","5,0","1","5,0","","","","","-1.1","5,0,18,","0",",,0,30,+","0",",,0,30,+","18.8","2,,0,13,","33.3","5,0,30,","","","59.7","5,0","64.8",",a,,0","0",",,,0","16.37","5,0","24.33","5,,,0","8.40","5,,,0"
"USC00242112","1981-07","45.6","-107.45","923.5","CROW AGENCY, MT US","","","90.8","4,0","6",",0","3",",0","0",",0","0",",0","0",",0","0","4,0","0","4,0","0","4,0","26","4,0","16","4,0","","","","","2.8","4,0,08,","0",",,0,31,+","0",",,0,31,+","16.3",",,0,26,","36.1","4,0,05,","3.9","0","3.9","4,0","25.7",",,,0","0",",,,0","21.55","4,0","31.53","4,,,0","11.56","4,,,0"
"USC00242112","1981-08","45.6","-107.45","923.5","CROW AGENCY, MT US","","","","","6",",0","2",",0","0",",0","0",",0","0",",0","","","","","","","","","","","","","","","","","0",",,0,31,+","0",",,0,31,+","4.8",",,0,05,","","","","","","","14.7",",,,0","0",",,,0","","","","","",""
"USC00242112","1981-09","45.6","-107.45","923.5","CROW AGENCY, MT US","","","23.3","5,0","4",",0","1",",0","0",",0","0",",0","0",",0","0","5,0","0","5,0","0","5,0","23","5,0","9","5,0","","","","","0.6","5,0,23,","0",",,0,30,+","0",",,0,30,+","5.6",",,0,06,","35.0","5,0,09,","","","50.2","5,0","10.4",",,,0","0",",,,0","17.26","5,0","27.96","5,,,0","6.56","5,,,0"
"USC00242112","1981-10","45.6","-107.45","923.5","CROW AGENCY, MT US","","","","","7",",0","6",",0","0",",0","","","","","","","","","","","","","","","","","","","","","","","","","8.1",",,0,04,","","","","","","","36.2",",,,0","","","","","","","",""
"USC00242112","1981-11","45.6","-107.45","923.5","CROW AGENCY, MT US","","","","","4",",0","3",",0","0",",0","","","2",",0","","","","","","","","","","","","","","","","","","","102",",,0,25,","7.6",",,0,25,","","","","","","","16.5",",,,0","153",",,,0","","","","","",""
"USC00242112","1981-12","45.6","-107.45","923.5","CROW AGENCY, MT US","","","","","10",",0","2",",0","0",",0","","","4","2,0","","","","","","","","","","","","","","","","","","","64","2,,0,16,","4.8",",,0,16,","","","","","","","15.5",",,,0","204","2,,,0","","","","","",""
"USC00242112","1982-02","45.6","-107.45","923.5","CROW AGENCY, MT US","","","","","5","3,0","2","3,0","0","3,0","","","3",",0","10","3,0","24","3,0","","","","","","","","","","","-34.4","3,0,05,+","","","89",",,0,02,","4.8","3,,0,02,","","","","","","","12.7","3,,,0","204",",,,0","","","","","-14.59","3,,,0"
"USC00242112","1982-03","45.6","-107.45","923.5","CROW AGENCY, MT US","","","","","","","","","","","","","7",",0","1","2,0","29","2,0","","","","","","","","","","","-17.8","2,0,05,","","","178",",,0,19,","","","","","","","","","","","560",",,,0","","","","","-6.34","2,,,0"
"USC00242112","1982-04","45.6","-107.45","923.5","CROW AGENCY, MT US","","","","","","","","","","","3","4,0","0","3,0","0","4,0","19","4,0","","","","","","","","","","","-8.3","4,0,20,","102","4,,0,02,","0","3,,0,30,+","","","","","","","","","27.5",",a,,0","0","3,,,0","","","","","-2.05","4,,,0"
"USC00242112","1982-05","45.6","-107.45","923.5","CROW AGENCY, MT US","","","","","","","","","","","0",",0","0",",0","0","1,0","2","1,0","","","","","","","","","","","-3.3","1,0,31,","0",",,0,31,+","0",",,0,31,+","","","","","","","","","","","0",",,,0","","","","","3.88","1,,,0"
"USC00242112","1982-06","45.6","-107.45","923.5","CROW AGENCY, MT US","","","","","14",",0","7",",0","1",",0","0",",0","0",",0","0","2,0","0","2,0","","","","","","","","","","","1.7","2,0,09,","0",",,0,30,+","0",",,0,30,+","68.6",",,0,06,","","","","","","","109.3",",,,0","0",",,,0","","","","","8.55","2,,,0"
"USC00242112","1982-07","45.6","-107.45","923.5","CROW AGENCY, MT US","","","","","7",",0","3",",0","0",",0","0",",0","0",",0","0","2,0","0","2,0","","","","","","","","","","","5.0","2,0,18,","0",",,0,31,+","0",",,0,31,+","11.7",",,0,25,","","","","","","","23.1",",,,0","0",",,,0","","","","","12.06","2,,,0"
"USC00242112","1982-08","45.6","-107.45","923.5","CROW AGENCY, MT US","","","","","7",",0","4",",0","0",",0","0",",0","0",",0","0","3,0","0","3,0","","","","","","","","","","","5.6","3,0,24,","0",",,0,31,+","0",",,0,31,+","8.1",",,0,16,","","","","","","","22.9",",,,0","0",",,,0","","","","","11.80","3,,,0"
"USC00242112","1982-09","45.6","-107.45","923.5","CROW AGENCY, MT US","","","","","8",",0","5",",0","1",",0","0",",0","0",",0","0","5,0","3","5,0","","","","","","","","","","","-1.7","5,0,30,","0",",,0,30,+","0",",,0,30,+","26.9",",,0,14,","","","","","","","53.8",",,,0","0",",,,0","","","","","5.01","5,,,0"
"USC00242112","1982-10","45.6","-107.45","923.5","CROW AGENCY, MT US","","","","","10",",0","3",",0","0",",0","0",",0","0",",0","","","","","","","","","","","","","","","","","0",",,0,31,+","0",",,0,31,+","18.0",",,0,27,","","","","","","","35.8",",,,0","0",",,,0","","","","","",""
"USC00242112","1982-11","45.6","-107.45","923.5","CROW AGENCY, MT US","","","","","7","3,0","2","3,0","0","3,0","","","","","0","5,0","25","5,0","","","","","","","","","","","-17.2","5,0,24,","","","","","4.8","3,,0,13,","","","","","","","17.6","1,a,,0","","","","","","","-9.12","5,,,0"
"USC00242112","1982-12","45.6","-107.45","923.5","CROW AGENCY, MT US","","","","","","","","","","","","","","","","","","","","","","","","","","","","","","","","","","","","","","","","","","","48.3",",a,,0","","","","","","","",""
"USC00242112","1983-02","45.6","-107.45","923.5","CROW AGENCY, MT US","","","0.0","3,0","3",",0","1",",0","0",",0","1","3,0","0","1,0","0","3,0","25","3,0","0","3,0","0","3,0","0","3,0","","","","","-16.7","3,0,07,","25","3,,0,02,","0","1,,0,28,+","4.8",",,0,20,","20.6","3,0,25,","","","394.0","3,0","6.6",",,,0","0","1,,,0","2.57","3,0","11.06","3,,,0","-5.91","3,,,0"
"USC00242112","1983-03","45.6","-107.45","923.5","CROW AGENCY, MT US","","","","","3","3,0","1","3,0","0","3,0","","","","","","","","","","","","","","","","","","","","","","","","","3.6","3,,0,08,","","","","","","","17.4",",a,,0","","","","","","","",""
"USC00242112","1983-04","45.6","-107.45","923.5","CROW AGENCY, MT US","","","","","1","2,0","0","2,0","0","2,0","","","","","","","","","","","","","","","","","","","","","","","","","0.3","2,,0,20,","","","","","","","5.9",",a,,0","","","","","","","",""
"USC00242112","1983-05","45.6","-107.45","923.5","CROW AGENCY, MT US","","","2.8","5,0","10","2,0","6","2,0","0","2,0","2","3,0","0","2,0","0","5,0","8","5,0","0","5,0","12","5,0","0","5,0","","","","","-3.9","5,0,14,+","254","3,,0,12,","0","2,,0,31,+","21.6","2,,0,12,","31.1","5,0,26,","","","171.6","5,0","67.2",",a,,0","0","2,,,0","11.84","5,0","20.71","5,,,0","2.97","5,,,0"
"USC00242112","1983-06","45.6","-107.45","923.5","CROW AGENCY, MT US","","","","","","","","","","","0",",0","0",",0","","","","","","","","","","","","","","","","","0",",,0,30,+","0",",,0,30,+","","","","","","","","","","","0",",,,0","","","","","",""
"USC00242112","1983-07","45.6","-107.45","923.5","CROW AGENCY, MT US","","","","","7",",0","3",",0","0",",0","0",",0","0",",0","0","4,0","0","4,0","0","5,0","25","5,0","20","5,0","","","","","3.9","4,0,17,","0",",,0,31,+","0",",,0,31,+","10.9",",,0,10,","40.6","5,0,14,","","","","","25.1",",,,0","0",",,,0","22.82","6,0","34.10","5,,,0","11.54","4,,,0"
"USC00242112","1983-08","45.6","-107.45","923.5","CROW AGENCY, MT US","","","180.9","4,0","2","4,0","1","4,0","0","4,0","0",",0","0",",0","0","4,0","0","4,0","0","4,0","27","4,0","24","4,0","","","","","9.4","4,0,30,+","0",",,0,31,+","0",",,0,31,+","4.6","4,,0,12,","40.6","4,0,07,","","","0.0","4,0","8.1","1,a,,0","0",",,,0","25.03","4,0","35.49","4,,,0","14.57","4,,,0"
"USC00242112","1983-09","45.6","-107.45","923.5","CROW AGENCY, MT US","","","29.2","4,0","5","2,0","3","2,0","1","2,0","1","1,0","0","1,0","0","3,0","4","3,0","0","4,0","18","4,0","5","4,0","","","","","-3.3","3,0,20,","178","1,,0,19,","0","1,,0,30,+","26.4","2,,0,28,","40.0","4,0,02,+","","","118.6","4,0","60.2",",a,,0","0","1,,,0","14.95","4,0","24.40","4,,,0","5.50","3,,,0"
"USC00242112","1983-10","45.6","-107.45","923.5","CROW AGENCY, MT US","","","","","","","","","","","0",",0","0",",0","","","","","","","","","","","","","","","","","0",",,0,31,+","0",",,0,31,+","","","","","","","","","36.8","2,a,,0","0",",,,0","","","","","",""
"USC00242112","1983-11","45.6","-107.45","923.5","CROW AGENCY, MT US","","","","","","","","","","","","","4",",0","","","","","","","","","","","","","","","","","","","114",",,0,26,","","","","","","","","","37.1",",a,,0","313",",,,0","","","","","",""
"USC00242112","1983-12","45.6","-107.45","923.5","CROW AGENCY, MT US","","","0.0","5,0","7","2,0","5","2,0","0","2,0","","","7","1,0","19","4,0","27","4,0","20","4,0","0","4,0","0","4,0","","","","","-42.2","4,0,25,+","","","97","1,,0,16,","7.6","2,,0,16,","3.3","4,0,12,+","","","901.8","4,0","32.0",",a,,0","448","1,,,0","-16.55","5,0","-9.01","4,,,0","-24.08","4,,,0"
"USC00242112","1984-01","45.6","-107.45","923.5","CROW AGENCY, MT US","","","","","","","","","","","","","3","1,0","","","","","","","","","","","","","","","","","","","102","1,,0,16,+","","","","","","","","","18.9",",a,,0","314","1,a,,0","","","","","",""
"USC00242112","1984-02","45.6","-107.45","923.5","CROW AGENCY, MT US","","","","","6","5,0","2","5,0","0","5,0","","","6","5,0","","","","","","","","","","","","","","","","","","","178","5,,0,17,","9.7","5,,0,17,","","","","","","","26.7","5,,,0","380","5,,,0","","","","","",""
"USC00242112","1984-04","45.6","-107.45","923.5","CROW AGENCY, MT US","","","","","5","5,0","2","5,0","0","5,0","0","2,0","1",",0","","","","","","","","","","","","","","","","","0","2,,0,30,+","51",",,0,27,","9.4","5,,0,09,","","","","","","","52.0",",a,,0","51",",,,0","","","","","",""
"USC00242112","1984-05","45.6","-107.45","923.5","CROW AGENCY, MT US","","","","","","","","","","","0",",0","0",",0","","","","","","","","","","","","","","","","","0",",,0,31,+","0",",,0,31,+","","","","","","","","","35.8",",a,,0","0",",,,0","","","","","",""
"USC00242112","1984-06","45.6","-107.45","923.5","CROW AGENCY, MT US","","","","","6","3,0","1","3,0","0","3,0","0",",0","0",",0","","","","","","","","","","","","","","","","","0",",,0,30,+","0",",,0,30,+","8.6","3,,0,05,","","","","","","","37.9",",a,,0","0",",,,0","","","","","",""
"USC00242112","1984-07","45.6","-107.45","923.5","CROW AGENCY, MT US","","","","","2","2,0","0","2,0","0","2,0","0",",0","0",",0","0","5,0","0","5,0","","","","","","","","","","","7.2","5,0,02,","0",",,0,31,+","0",",,0,31,+","2.0","2,,0,10,","","","","","","","7.6",",a,,0","0",",,,0","","","","","12.28","5,,,0"
"USC00242112","1984-08","45.6","-107.45","923.5","CROW AGENCY, MT US","","","","","2","3,0","0","3,0","0","3,0","0",",0","0",",0","","","","","","","","","","","","","","","","","0",",,0,31,+","0",",,0,31,+","0.8","3,,0,02,","","","","","","","10.0",",a,,0","0",",,,0","","","","","",""
"USC00242112","1984-09","45.6","-107.45","923.5","CROW AGENCY, MT US","","","","","3","4,0","2","4,0","0","4,0","3","4,0","0","4,0","","","","","","","","","","","","","","","","","127","4,,0,23,","0","4,,0,30,+","11.9","4,,0,27,","","","","","","","52.9",",a,,0","0","4,,,0","","","","","",""
"USC00242112","1984-10","45.6","-107.45","923.5","CROW AGENCY, MT US","","","","","2","2,0","1","2,0","0","2,0","1","2,0","0","3,0","","","","","","","","","","","","","","","","","76","2,,0,31,","0","3,,0,31,+","2.5","2,,0,31,","","","","","","","9.9",",a,,0","0","3,,,0","","","","","",""
"USC00242112","1984-11","45.6","-107.45","923.5","CROW AGENCY, MT US","","","","","4",",0","3",",0","0",",0","","","0","4,0","","","","","","","","","","","","","","","","","","","0","4,,0,30,+","16.0",",,0,26,","","","","","","","40.6",",,,0","0","4,,,0","","","","","",""
"USC00242112","1984-12","45.6","-107.45","923.5","CROW AGENCY, MT US","","","","","","","","","","","","","","","","","","","","","","","","","","","","","","","","","","","","","","","","","","","5.4","4,a,,0","","","","","","","",""
"USC00242112","1985-01","45.6","-107.45","923.5","CROW AGENCY, MT US","","","","","6",",0","3",",0","0",",0","","","6",",0","","","","","","","","","","","","","","","","","","","89",",,0,15,","7.1",",,0,15,","","","","","","","17.8",",,,0","279",",,,0","","","","","",""
"USC00242112","1985-02","45.6","-107.45","923.5","CROW AGENCY, MT US","","","","","5","3,0","2","3,0","0","3,0","","","","","","","","","","","","","","","","","","","","","","","","","5.1","3,,0,09,","","","","","","","11.8","1,a,,0","","","","","","","",""
"USC00242112","1985-03","45.6","-107.45","923.5","CROW AGENCY, MT US","","","","","6","2,0","3","2,0","0","2,0","","","","","","","","","","","","","","","","","","","","","","","","","11.9","2,,0,21,","","","","","","","29.3","2,,,0","","","","","","","",""
"USC00242112","1985-04","45.6","-107.45","923.5","CROW AGENCY, MT US","","","0.0","4,0","7",",0","3",",0","0",",0","","","","","0","4,0","14","4,0","0","4,0","11","4,0","0","4,0","","","","","-6.7","4,0,08,","","","","","11.9",",,0,04,","27.8","4,0,29,","","","229.4","4,0","24.1",",,,0","","","9.51","4,0","19.02","4,,,0","0.00","4,,,0"
"USC00242112","1985-05","45.6","-107.45","923.5","CROW AGENCY, MT US","","","","","6","2,0","2","2,0","0","2,0","0",",0","0",",0","","","","","","","","","","","","","","","","","0",",,0,31,+","0",",,0,31,+","6.9","2,,0,11,","","","","","","","18.2",",a,,0","0",",,,0","","","","","",""
"USC00242112","1985-06","45.6","-107.45","923.5","CROW AGENCY, MT US","","","","","","","","","","","0",",0","0",",0","0","5,0","0","5,0","0","5,0","20","5,0","8","5,0","","","","","3.3","5,0,12,","0",",,0,30,+","0",",,0,30,+","","","35.6","5,0,07,","","","","","68.3","3,a,,0","0",",,,0","17.66","7,0","27.06","5,,,0","8.25","5,,,0"
"USC00242112","1985-07","45.6","-107.45","923.5","CROW AGENCY, MT US","","","137.5",",0","6",",0","5",",0","0",",0","0",",0","0",",0","0",",0","0",",0","0",",0","29",",0","22",",0","","","","","8.9",",0,28,","0",",,0,31,+","0",",,0,31,+","21.8",",,0,29,","38.3",",0,22,","3.0","0","3.0",",0","43.3",",,,0","0",",,,0","22.67",",0","32.30",",,,0","13.04",",,,0"
"USC00242112","1985-08","45.6","-107.45","923.5","CROW AGENCY, MT US","","","54.9","4,0","9",",0","5",",0","1",",0","0",",0","0",",0","0","3,0","0","3,0","0","1,0","28","1,0","6","1,0","","","","","3.3","3,0,16,","0",",,0,31,+","0",",,0,31,+","36.8",",,0,02,","37.2","1,0,25,","28.8","0","25.8","1,0","61.9",",,,0","0",",,,0","19.61","4,0","28.60","1,,,0","10.63","3,,,0"
"USC00242112","1985-09","45.6","-107.45","923.5","CROW AGENCY, MT US","","","2.0","2,0","10","1,0","7","1,0","0","1,0","0","2,0","0","2,0","0","2,0","7","2,0","0","1,0","16","1,0","0","1,0","","","","","-7.2","2,0,29,","0","2,,0,30,+","0","2,,0,30,+","11.9","1,,0,18,","31.7","1,0,13,","217.9","0","189.1","1,0","47.5","1,,,0","0","2,,,0","11.84","2,0","20.12","1,,,0","3.55","2,,,0"
"USC00242112","1985-10","45.6","-107.45","923.5","CROW AGENCY, MT US","","","0.0","1,0","9",",0","4",",0","0",",0","0","3,0","0","2,0","0","1,0","19","1,0","0",",0","10",",0","0",",0","","","","","-6.7","1,0,09,","0","3,,0,31,+","0","2,,0,31,+","8.1",",,0,07,","26.1",",0,28,+","531.7","0","313.8",",0","24.9",",,,0","0","2,,,0","7.72","1,0","16.56",",,,0","-1.13","1,,,0"
"USC00242112","1985-11","45.6","-107.45","923.5","CROW AGENCY, MT US","","","0.0","5,0","10",",0","5",",0","0",",0","","","","","12","4,0","24","4,0","19","1,0","1","1,0","0","1,0","","","","","-30.6","4,0,22,","","","","","11.7",",,0,07,","21.7","1,0,04,","1220.2","0","688.5","1,0","36.6",",,,0","","","-9.38","5,0","-3.08","1,,,0","-15.68","4,,,0"
"USC00242112","1985-12","45.6","-107.45","923.5","CROW AGENCY, MT US","","","","","7","2,0","0","2,0","0","2,0","","","1","3,0","","","","","","","","","","","","","","","","","","","46","3,,0,11,","2.3","2,,0,11,","","","","","","","6.0","2,,,0","85","3,,,0","","","","","",""
"USC00242112","1986-01","45.6","-107.45","923.5","CROW AGENCY, MT US","0.0","0","0.0","1,0","4",",0","1",",0","0",",0","","","","","0","1,0","30","1,0","1",",0","0",",0","0",",0","","","","","-16.7","1,0,05,","","","","","8.9",",,0,20,","12.2",",0,12,","","","591.2",",0","12.0",",,,0","","","-1.41","1,0","6.05",",,,0","-8.87","1,,,0"
"USC00242112","1986-02","45.6","-107.45","923.5","CROW AGENCY, MT US","0.0","0","0.0","2,0","8",",0","4",",0","0",",0","","","6",",0","8","1,0","26","1,0","14","1,0","0","1,0","0","1,0","","","","","-30.6","1,0,11,","","","173",",,0,04,","11.4",",,0,04,","19.4","1,0,26,","","","622.7","1,0","32.9",",,,0","559",",,,0","-5.48","2,0","1.83","1,,,0","-12.78","1,,,0"
"USC00242112","1986-03","45.6","-107.45","923.5","CROW AGENCY, MT US","0.0","0","0.0","2,0","6",",0","3",",0","0",",0","","","2",",0","0","2,0","23","2,0","0","1,0","6","1,0","0","1,0","","","","","-6.7","2,0,15,","","","25",",,0,19,+","4.3",",,0,18,","27.2","1,0,30,","","","326.4","1,0","12.9",",,,0","50",",,,0","7.05","2,0","15.39","1,,,0","-1.28","2,,,0"
"USC00242112","1986-04","45.6","-107.45","923.5","CROW AGENCY, MT US","0.0","0","0.0","1,0","8",",0","6",",0","0",",0","1","1,0","0","1,0","0","1,0","12","1,0","0",",0","7",",0","0",",0","","","","","-15.0","1,0,14,","76","1,,0,14,","0","1,,0,30,+","16.3",",,0,26,","28.9",",0,23,","","","306.8",",0","53.3",",,,0","0","1,,,0","7.72","1,0","14.99",",,,0","0.44","1,,,0"
"USC00242112","1986-05","45.6","-107.45","923.5","CROW AGENCY, MT US","10.0","0","10.0","3,0","10",",0","8",",0","0",",0","0",",0","0",",0","0","3,0","7","3,0","0",",0","15",",0","1",",0","","","","","-2.8","3,0,01,","0",",,0,31,+","0",",,0,31,+","20.3",",,0,09,","33.3",",0,31,","","","181.4",",0","83.2",",,,0","0",",,,0","12.39","3,0","21.20",",,,0","3.59","3,,,0"
"USC00242112","1986-06","45.6","-107.45","923.5","CROW AGENCY, MT US","81.4","0","71.4",",0","9",",0","4",",0","1",",0","0",",0","0",",0","0",",0","0",",0","0",",0","29",",0","10",",0","","","","","3.9",",0,20,","0",",,0,30,+","0",",,0,30,+","27.7",",,0,09,","36.1",",0,26,+","","","11.3",",0","57.6",",,,0","0",",,,0","20.34",",0","30.11",",,,0","10.56",",,,0"
"USC00242112","1986-07","45.6","-107.45","923.5","CROW AGENCY, MT US","175.3","0","93.9",",0","9",",0","4",",0","0",",0","0",",0","0",",0","0",",0","0",",0","0",",0","31",",0","13",",0","","","","","4.4",",0,06,","0",",,0,31,+","0",",,0,31,+","6.1",",,0,23,","36.7",",0,22,+","1.4","0","1.4",",0","18.1",",,,0","0",",,,0","21.32",",0","31.40",",,,0","11.24",",,,0"
"USC00242112","1986-08","45.6","-107.45","923.5","CROW AGENCY, MT US","286.5","0","111.2",",0","5",",0","2",",0","1",",0","0",",0","0",",0","0",",0","0",",0","0",",0","31",",0","22",",0","","","","","6.7",",0,10,","0",",,0,31,+","0",",,0,31,+","56.1",",,0,31,","37.8",",0,18,","1.4","0","0.0",",0","64.8",",,,0","0",",,,0","21.92",",0","32.83",",,,0","11.01",",,,0"
"USC00242112","1986-09","45.6","-107.45","923.5","CROW AGENCY, MT US","288.2","0","1.7","1,0","9",",0","6",",0","0",",0","0",",0","0",",0","0","1,0","0","1,0","0",",0","14",",0","0",",0","","","","","2.2","1,0,29,+","0",",,0,30,+","0",",,0,30,+","20.3",",,0,24,","28.9",",0,08,","131.5","0","130.1",",0","78.4",",,,0","0",",,,0","13.85","1,0","20.83",",,,0","6.88","1,,,0"
"USC00242112","1986-10","45.6","-107.45","923.5","CROW AGENCY, MT US","288.2","0","0.0",",0","4",",0","2",",0","0",",0","0",",0","0",",0","0",",0","17",",0","0",",0","10",",0","0",",0","","","","","-7.2",",0,12,+","0",",,0,31,+","0",",,0,31,+","6.4",",,0,09,","25.6",",0,26,","430.4","0","298.9",",0","13.0",",,,0","0",",,,0","8.69",",0","17.53",",,,0","-0.15",",,,0"
"USC00242112","1986-11","45.6","-107.45","923.5","CROW AGENCY, MT US","288.2","0","0.0","5,0","11",",0","5",",0","0",",0","14","2,0","3","3,0","4","4,0","24","4,0","5","2,0","0","2,0","0","2,0","","","","","-31.1","4,0,11,","254","2,,0,11,","191","3,,0,11,","8.9",",,0,11,+","18.3","2,0,05,","905.0","0","474.6","2,0","39.9",",,,0","293","3,,,0","-0.79","5,0","6.87","2,,,0","-8.46","4,,,0"
"USC00242112","1986-12","45.6","-107.45","923.5","CROW AGENCY, MT US","288.2","0","0.0","3,0","3",",0","2",",0","0",",0","6",",0","2",",0","1","2,0","29","2,0","2","1,0","0","1,0","0","1,0","","","","","-17.8","2,0,09,","25",",,0,11,+","51",",,0,07,","10.2",",,0,07,","12.2","1,0,23,","1485.9","0","580.9","1,0","15.6",",,,0","89",",,,0","-2.46","3,0","6.88","1,,,0","-11.80","2,,,0"
"USC00242112","1987-01","45.6","-107.45","923.5","CROW AGENCY, MT US","0.0","0","0.0","1,0","3",",0","2",",0","0",",0","","","","","4","1,0","30","1,0","4",",0","0",",0","0",",0","","","","","-21.1","1,0,15,","","","","","3.0",",,0,28,","13.3",",0,27,","2137.8","0","651.9",",0","5.8",",,,0","","","-3.38","1,0","5.50",",,,0","-12.26","1,,,0"
"USC00242112","1987-02","45.6","-107.45","923.5","CROW AGENCY, MT US","0.0","0","0.0",",0","5",",0","1",",0","0",",0","","","1",",0","0",",0","28",",0","6",",0","0",",0","0",",0","","","","","-16.1",",0,27,+","","","25",",,0,23,","3.8",",,0,23,","20.0",",0,08,","2626.9","0","489.1",",0","5.0",",,,0","72",",,,0","0.87",",0","9.44",",,,0","-7.70",",,,0"
"USC00242112","1987-03","45.6","-107.45","923.5","CROW AGENCY, MT US","0.0","0","0.0","3,0","6",",0","4",",0","0",",0","","","","","1","3,0","26","3,0","4",",0","6",",0","0",",0","","","","","-18.3","3,0,27,","","","","","18.3",",,0,20,","25.6",",0,05,","3019.2","0","392.3",",0","35.1",",,,0","","","3.79","3,0","11.46",",,,0","-3.89","3,,,0"
"USC00242112","1987-04","45.6","-107.45","923.5","CROW AGENCY, MT US","0.9","0","0.9","1,0","2",",0","1",",0","0",",0","0",",0","0",",0","0","1,0","13","1,0","0",",0","19",",0","0",",0","","","","","-7.2","1,0,01,","0",",,0,30,+","0",",,0,30,+","7.4",",,0,08,","31.1",",0,28,","3231.4","0","212.2",",0","8.7",",,,0","0",",,,0","11.19","1,0","22.00",",,,0","0.38","1,,,0"
"USC00242112","1987-05","45.6","-107.45","923.5","CROW AGENCY, MT US","16.1","0","15.2",",0","11",",0","7",",0","1",",0","0",",0","0",",0","0",",0","0",",0","0",",0","23",",0","4",",0","","","","","0.6",",0,21,","0",",,0,31,+","0",",,0,31,+","28.4",",,0,27,","33.3",",0,18,","3339.2","0","107.8",",0","111.3",",,,0","0",",,,0","15.35",",0","24.52",",,,0","6.18",",,,0"
"USC00242112","1987-06","45.6","-107.45","923.5","CROW AGENCY, MT US","77.2","0","61.1",",0","10",",0","3",",0","0",",0","0",",0","0",",0","0",",0","0",",0","0",",0","27",",0","10",",0","","","","","2.8",",0,02,","0",",,0,30,+","0",",,0,30,+","8.6",",,0,19,","36.7",",0,14,","3367.8","0","28.6",",0","20.8",",,,0","0",",,,0","19.42",",0","29.15",",,,0","9.68",",,,0"
"USC00242112","1987-07","45.6","-107.45","923.5","CROW AGENCY, MT US","203.7","0","126.5","1,0","9","1,0","6","1,0","1","1,0","0","1,0","0","1,0","0","1,0","0","1,0","0",",0","31",",0","14",",0","","","","","3.9","1,0,12,","0","1,,0,31,+","0","1,,0,31,+","30.0","1,,0,12,","37.2",",0,16,","4.4","0","4.4",",0","92.3","1,,,0","0","1,,,0","22.45","1,0","31.32",",,,0","13.57","1,,,0"
"USC00242112","1987-08","45.6","-107.45","923.5","CROW AGENCY, MT US","251.8","0","48.1",",0","7","1,0","4","1,0","0","1,0","","","0","1,0","0",",0","0",",0","0",",0","29",",0","7",",0","","","","","4.4",",0,26,+","","","0","1,,0,31,+","18.3","1,,0,25,","36.7",",0,10,","32.9","0","28.5",",0","46.2","1,,,0","0","1,,,0","18.97",",0","28.10",",,,0","9.84",",,,0"
"USC00242112","1987-09","45.6","-107.45","923.5","CROW AGENCY, MT US","264.0","0","12.2",",0","6",",0","2",",0","1",",0","0",",0","0",",0","0",",0","1",",0","0",",0","24",",0","3",",0","","","","","0.0",",0,17,","0",",,0,30,+","0",",,0,30,+","26.7",",,0,05,","35.6",",0,02,","137.7","0","104.8",",0","34.9",",,,0","0",",,,0","15.25",",0","25.91",",,,0","4.58",",,,0"
"USC00242112","1987-10","45.6","-107.45","923.5","CROW AGENCY, MT US","264.0","0","0.0","1,0","1",",0","0",",0","0",",0","1",",0","0","1,0","0","1,0","27","1,0","0",",0","16",",0","0",",0","","","","","-7.8","1,0,25,+","25",",,0,08,","0","1,,0,31,+","0.5",",,0,15,","31.7",",0,04,","428.1","0","290.4",",0","0.5",",,,0","0","1,,,0","8.68","1,0","20.55",",,,0","-3.19","1,,,0"
"USC00242112","1987-11","45.6","-107.45","923.5","CROW AGENCY, MT US","264.0","0","0.0","1,0","4","1,0","2","1,0","0","1,0","1","2,0","0","1,0","0","1,0","27","1,0","2",",0","1",",0","0",",0","","","","","-15.6","1,0,17,","76","2,,0,16,","0","1,T,0,17,","12.4","1,,0,02,","24.4",",0,01,","885.9","0","457.8",",0","16.2","1,,,0","0","1,T,,0","2.53","1,0","11.20",",,,0","-6.15","1,,,0"
"USC00242112","1987-12","45.6","-107.45","923.5","CROW AGENCY, MT US","264.0","0","0.0","3,0","4",",0","2",",0","0",",0","","","2",",0","9","2,0","29","2,0","9","1,0","0","1,0","0","1,0","","","","","-22.8","2,0,14,","","","89",",,0,29,+","9.4",",,0,12,","16.1","1,0,03,","1522.9","0","637.0","1,0","15.5",",,,0","191",",,,0","-4.27","3,0","4.00","1,,,0","-12.55","2,,,0"
"USC00242112","1988-01","45.6","-107.45","923.5","CROW AGENCY, MT US","0.0","0","0.0","1,0","5",",0","5",",0","0",",0","","","4","1,0","17",",0","31",",0","13","1,0","0","1,0","0","1,0","","","","","-30.6",",0,04,","","","76","1,,0,30,+","6.4",",,0,30,","14.4","1,0,27,","2333.1","0","810.2","1,0","21.3",",,,0","215","1,,,0","-8.82","1,0","0.06","1,,,0","-17.71",",,,0"
"USC00242112","1988-02","45.6","-107.45","923.5","CROW AGENCY, MT US","0.0","0","0.0","3,0","3",",0","3",",0","0",",0","","","","","8",",0","29",",0","5","3,0","0","3,0","0","3,0","","","","","-26.7",",0,05,+","","","","","9.1",",,0,09,","20.0","3,0,29,+","2871.8","0","538.7","3,0","21.3",",,,0","","","-2.50","3,0","5.77","3,,,0","-10.77",",,,0"
"USC00242112","1988-03","45.6","-107.45","923.5","CROW AGENCY, MT US","0.0","0","0.0","1,0","7",",0","2",",0","0",",0","2","3,0","0","4,0","0",",0","27",",0","1","1,0","2","1,0","0","1,0","","","","","-13.9",",0,13,","25","3,,0,29,+","0","4,T,0,13,","7.9",",,0,05,","23.3","1,0,20,","3331.4","0","459.6","1,0","18.4",",,,0","0","4,T,,0","3.08","1,0","10.22","1,,,0","-4.06",",,,0"
"USC00242112","1988-04","45.6","-107.45","923.5","CROW AGENCY, MT US","","","","","","","","","","","","","2","1,0","","","","","","","","","","","","","","","","","","","152","1,,0,25,","","","","","","","","","34.1",",a,,0","254","1,,,0","","","","","",""
"USC00242112","1988-05","45.6","-107.45","923.5","CROW AGENCY, MT US","","","19.5",",0","8",",0","4",",0","1",",0","0",",0","0",",0","0",",0","2",",0","0",",0","23",",0","3",",0","","","","","-2.8",",0,02,","0",",,0,31,+","0",",,0,31,+","39.4",",,0,06,","35.0",",0,29,","","","114.4",",0","68.6",",,,0","0",",,,0","15.27",",0","24.46",",,,0","6.08",",,,0"
"USC00242112","1988-06","45.6","-107.45","923.5","CROW AGENCY, MT US","","","170.8",",0","4",",0","2",",0","0",",0","0",",0","0",",0","0",",0","0",",0","0",",0","29",",0","24",",0","","","","","2.8",",0,13,","0",",,0,30,+","0",",,0,30,+","4.1",",,0,12,","40.6",",0,27,+","","","12.7",",0","8.2",",,,0","0",",,,0","23.60",",0","35.00",",,,0","12.21",",,,0"
"USC00242112","1988-07","45.6","-107.45","923.5","CROW AGENCY, MT US","","","153.8",",0","2",",0","0",",0","0",",0","0",",0","0",",0","0",",0","0",",0","0",",0","31",",0","25",",0","","","","","5.0",",0,06,","0",",,0,31,+","0",",,0,31,+","0.8",",,0,17,","40.0",",0,30,","1.6","0","1.6",",0","1.3",",,,0","0",",,,0","23.24",",0","35.45",",,,0","11.04",",,,0"
"USC00242112","1988-08","45.6","-107.45","923.5","CROW AGENCY, MT US","","","87.0","1,0","3",",0","0",",0","0",",0","0",",0","0",",0","0","1,0","0","1,0","0",",0","31",",0","20",",0","","","","","2.8","1,0,28,","0",",,0,31,+","0",",,0,31,+","2.3",",,0,03,","37.8",",0,12,+","9.1","0","7.5",",0","5.1",",,,0","0",",,,0","20.99","1,0","32.60",",,,0","9.37","1,,,0"
"USC00242112","1988-09","45.6","-107.45","923.5","CROW AGENCY, MT US","","","8.4",",0","6",",0","4",",0","0",",0","0",",0","0",",0","0",",0","1",",0","0",",0","23",",0","6",",0","","","","","0.0",",0,18,","0",",,0,30,+","0",",,0,30,+","24.4",",,0,12,","35.0",",0,06,","130.8","0","121.7",",0","59.0",",,,0","0",",,,0","14.55",",0","25.16",",,,0","3.95",",,,0"
"USC00242112","1988-10","45.6","-107.45","923.5","CROW AGENCY, MT US","","","0.0",",0","2",",0","1",",0","0",",0","1",",0","0","1,0","0",",0","18",",0","0",",0","19",",0","0",",0","","","","","-10.0",",0,28,","25",",,0,26,","0","1,,0,31,+","20.1",",,0,17,","28.3",",0,11,+","368.4","0","237.6",",0","20.9",",,,0","0","1,,,0","10.67",",0","21.70",",,,0","-0.36",",,,0"
"USC00242112","1988-11","45.6","-107.45","923.5","CROW AGENCY, MT US","","","0.0","1,0","4",",0","3",",0","0",",0","","","2","1,0","1","1,0","21","1,0","0",",0","1",",0","0",",0","","","","","-18.3","1,0,26,","","","76","1,,0,23,","12.7",",,0,23,","25.0",",0,01,","829.1","0","460.7",",0","19.9",",,,0","114","1,,,0","2.48","1,0","9.94",",,,0","-4.99","1,,,0"
"USC00242112","1988-12","45.6","-107.45","923.5","CROW AGENCY, MT US","","","0.0","3,0","","","","","","","","","","","3","3,0","27","3,0","12",",0","0",",0","0",",0","","","","","-24.4","3,0,26,","","","","","","","16.7",",0,13,","1462.1","0","633.0",",0","","","","","-4.23","3,0","3.67",",,,0","-12.14","3,,,0"
"USC00242112","1989-01","45.6","-107.45","923.5","CROW AGENCY, MT US","0.0","0","0.0","2,0","5",",0","5",",0","0",",0","25","1,0","5",",0","11","2,0","29","2,0","14",",0","0",",0","0",",0","","","","","-31.7","2,0,08,","305","1,,0,31,","102",",,0,08,","11.7",",,0,08,","12.8",",0,30,","2175.8","0","713.7",",0","28.6",",,,0","306",",,,0","-6.18","2,0","2.72",",,,0","-15.08","2,,,0"
"USC00242112","1989-02","45.6","-107.45","923.5","CROW AGENCY, MT US","0.0","0","0.0","4,0","7",",0","3",",0","0",",0","","","","","14","4,0","24","4,0","14","1,0","0","1,0","0","1,0","","","","","-38.9","4,0,02,","","","","","3.6",",,0,01,","12.2","1,0,24,+","2871.7","0","695.9","1,0","13.0",",,,0","","","-10.41","4,0","-1.50","1,,,0","-19.32","4,,,0"
"USC00242112","1989-03","45.6","-107.45","923.5","CROW AGENCY, MT US","0.0","0","0.0",",0","9",",0","5",",0","0",",0","","","0","5,0","6",",0","29",",0","9",",0","0",",0","0",",0","","","","","-33.3",",0,05,","","","0","5,,0,31,+","22.1",",,0,13,","16.1",",0,28,+","3506.4","0","634.7",",0","45.6",",,,0","0","5,,,0","-2.14",",0","4.55",",,,0","-8.84",",,,0"
"USC00242112","1989-04","45.6","-107.45","923.5","CROW AGENCY, MT US","1.4","0","1.4",",0","10",",0","8",",0","0",",0","2","2,0","0","4,0","0",",0","15",",0","0",",0","7",",0","0",",0","","","","","-7.8",",0,08,","152","2,,0,27,","0","4,T,0,28,","19.1",",,0,27,","31.1",",0,21,","3808.3","0","301.9",",0","50.0",",,,0","0","4,T,,0","8.32",",0","16.17",",,,0","0.46",",,,0"
"USC00242112","1989-05","45.6","-107.45","923.5","CROW AGENCY, MT US","1.4","0","0.0","2,0","12",",0","8",",0","0",",0","0",",0","0",",0","0","2,0","3","2,0","0",",0","20",",0","0",",0","","","","","-0.6","2,0,31,+","0",",,0,31,+","0",",,0,31,+","14.5",",,0,11,","29.4",",0,18,","3964.2","0","155.9",",0","65.8",",,,0","0",",,,0","13.16","2,0","22.51",",,,0","3.81","2,,,0"
"USC00242112","1989-06","45.6","-107.45","923.5","CROW AGENCY, MT US","40.4","0","39.0",",0","7",",0","6",",0","0",",0","0",",0","0",",0","0",",0","0",",0","0",",0","29",",0","7",",0","","","","","3.3",",0,13,","0",",,0,30,+","0",",,0,30,+","16.3",",,0,20,","38.3",",0,19,","4008.2","0","44.0",",0","52.1",",,,0","0",",,,0","18.17",",0","27.67",",,,0","8.66",",,,0"
"USC00242112","1989-07","45.6","-107.45","923.5","CROW AGENCY, MT US","237.7","0","197.3",",0","6",",0","1",",0","0",",0","0",",0","0",",0","0",",0","0",",0","0",",0","31",",0","26",",0","","","","","8.3",",0,01,","0",",,0,31,+","0",",,0,31,+","2.8",",,0,12,","40.6",",0,31,","0.0","0","0.0",",0","11.6",",,,0","0",",,,0","24.70",",0","35.17",",,,0","14.22",",,,0"
"USC00242112","1989-09","45.6","-107.45","923.5","CROW AGENCY, MT US","","","","","5","2,0","3","2,0","0","2,0","0",",0","0",",0","","","","","","","","","","","","","","","","","0",",,0,30,+","0",",,0,30,+","16.5","2,,0,01,","","","","","","","41.7",",a,,0","0",",,,0","","","","","",""
"USC00242112","1989-12","45.6","-107.45","923.5","CROW AGENCY, MT US","","","","","","","","","","","","","1",",0","","","","","","","","","","","","","","","","","","","152",",,0,16,","","","","","","","","","38.1",",a,,0","165",",,,0","","","","","",""
"USC00242112","1990-01","45.6","-107.45","923.5","CROW AGENCY, MT US","","","","","","","","","","","0","2,0","0","1,0","","","","","","","","","","","","","","","","","0","2,,0,31,+","0","1,,0,31,+","","","","","","","","","31.3","5,a,,0","0","1,,,0","","","","","",""
"USC00242112","1990-02","45.6","-107.45","923.5","CROW AGENCY, MT US","","","","","1","4,0","0","4,0","0","4,0","","","3","2,0","","","","","","","","","","","","","","","","","","","51","2,,0,12,+","1.0","4,,0,08,","","","","","","","1.8","1,a,,0","153","2,,,0","","","","","",""
"USC00242112","1990-03","45.6","-107.45","923.5","CROW AGENCY, MT US","","","","","","","","","","","","","3","5,0","","","","","","","","","","","","","","","","","","","25","5,,0,22,+","","","","","","","","","12.5",",a,,0","88","5,,,0","","","","","",""
"USC00242112","1990-04","45.6","-107.45","923.5","CROW AGENCY, MT US","","","","","","","","","","","","","1",",0","","","","","","","","","","","","","","","","","","","76",",,0,09,","","","","","","","","","68.1",",a,,0","89",",,,0","","","","","",""
"USC00242112","1990-05","45.6","-107.45","923.5","CROW AGENCY, MT US","","","","","","","","","","","0",",0","0",",0","","","","","","","","","","","","","","","","","0",",,0,31,+","0",",,0,31,+","","","","","","","","","42.6","1,a,,0","0",",,,0","","","","","",""
"USC00242112","1990-06","45.6","-107.45","923.5","CROW AGENCY, MT US","","","","","","","","","","","0",",0","0",",0","","","","","","","","","","","","","","","","","0",",,0,30,+","0",",,0,30,+","","","","","","","","","17.1",",a,,0","0",",,,0","","","","","",""
"USC00242112","1990-07","45.6","-107.45","923.5","CROW AGENCY, MT US","","","","","0","4,0","0","4,0","0","4,0","0",",0","0",",0","","","","","","","","","","","","","","","","","0",",,0,31,+","0",",,0,31,+","0.0","4,,0,31,+","","","","","","","3.8",",a,,0","0",",,,0","","","","","",""
"USC00242112","1990-08","45.6","-107.45","923.5","CROW AGENCY, MT US","","","","","","","","","","","0",",0","0",",0","","","","","","","","","","","","","","","","","0",",,0,31,+","0",",,0,31,+","","","","","","","","","25.1",",a,,0","0",",,,0","","","","","",""
"USC00242112","1990-09","45.6","-107.45","923.5","CROW AGENCY, MT US","","","","","","","","","","","0",",0","0",",0","","","","","","","","","","","","","","","","","0",",,0,30,+","0",",,0,30,+","","","","","","","","","","","0",",,,0","","","","","",""
"USC00242112","1990-10","45.6","-107.45","923.5","CROW AGENCY, MT US","","","","","1","2,0","1","2,0","0","2,0","0",",0","0",",0","","","","","","","","","","","","","","","","","0",",,0,31,+","0",",,0,31,+","11.2","2,,0,17,","","","","","","","24.7",",a,,0","0",",,,0","","","","","",""
"USC00242112","1990-11","45.6","-107.45","923.5","CROW AGENCY, MT US","","","","","4","3,0","1","3,0","0","3,0","0",",0","0",",0","","","","","","","","","","","","","","","","","0",",,0,30,+","0",",,0,30,+","15.2","3,,0,21,","","","","","","","23.7",",a,,0","0",",,,0","","","","","",""
"USC00242112","1990-12","45.6","-107.45","923.5","CROW AGENCY, MT US","","","","","","","","","","","","","","","","","","","","","","","","","","","","","","","","","","","","","","","","","","","10.6","4,a,,0","","","","","","","",""
"USC00242112","1991-02","45.6","-107.45","923.5","CROW AGENCY, MT US","","","","","0","5,0","0","5,0","0","5,0","0",",0","0",",0","","","","","","","","","","","","","","","","","0",",,0,28,+","0",",,0,28,+","0.0","5,,0,28,+","","","","","","","7.9","1,a,,0","0",",,,0","","","","","",""
"USC00242112","1991-04","45.6","-107.45","923.5","CROW AGENCY, MT US","","","","","15","5,0","8","5,0","1","5,0","0",",0","0","1,0","0","3,0","25","3,0","","","","","","","","","","","-9.4","3,0,15,","0",",,0,30,+","0","1,,0,30,+","25.4","5,,0,11,","","","","","","","131.2",",a,,0","0","1,,,0","","","","","-2.86","3,,,0"
"USC00242112","1991-05","45.6","-107.45","923.5","CROW AGENCY, MT US","","","0.6","4,0","14","3,0","2","3,0","0","3,0","0","2,0","0","2,0","0","3,0","8","3,0","0","4,0","14","4,0","0","4,0","","","","","-7.8","3,0,01,","0","2,,0,31,+","0","2,,0,31,+","5.3","3,,0,12,","28.9","4,0,27,+","","","199.0","4,0","30.7",",a,,0","0","2,,,0","11.05","4,0","19.99","4,,,0","2.11","3,,,0"
"USC00242112","1991-06","45.6","-107.45","923.5","CROW AGENCY, MT US","","","","","13","5,0","5","5,0","1","5,0","0",",0","0",",0","0","5,0","2","5,0","","","","","","","","","","","-0.6","5,0,16,+","0",",,0,30,+","0",",,0,30,+","29.0","5,,0,06,","","","","","","","70.0",",a,,0","0",",,,0","","","","","6.20","5,,,0"
"USC00242112","1991-07","45.6","-107.45","923.5","CROW AGENCY, MT US","","","","","1","5,0","0","5,0","0","5,0","0",",0","0",",0","","","","","","","","","","","","","","","","","0",",,0,31,+","0",",,0,31,+","1.3","5,,0,19,","","","","","","","1.6","3,a,,0","0",",,,0","","","","","",""
