"STATION","DATE","LATITUDE","LONGITUDE","ELEVATION","NAME","CDSD","CDSD_ATTRIBUTES","CLDD","CLDD_ATTRIBUTES","DP01","DP01_ATTRIBUTES","DP10","DP10_ATTRIBUTES","DP1X","DP1X_ATTRIBUTES","DSND","DSND_ATTRIBUTES","DSNW","DSNW_ATTRIBUTES","DT00","DT00_ATTRIBUTES","DT32","DT32_ATTRIBUTES","DX32","DX32_ATTRIBUTES","DX70","DX70_ATTRIBUTES","DX90","DX90_ATTRIBUTES","DYFG","DYFG_ATTRIBUTES","DYTS","DYTS_ATTRIBUTES","EMNT","EMNT_ATTRIBUTES","EMSD","EMSD_ATTRIBUTES","EMSN","EMSN_ATTRIBUTES","EMXP","EMXP_ATTRIBUTES","EMXT","EMXT_ATTRIBUTES","HDSD","HDSD_ATTRIBUTES","HTDD","HTDD_ATTRIBUTES","PRCP","PRCP_ATTRIBUTES","SNOW","SNOW_ATTRIBUTES","TAVG","TAVG_ATTRIBUTES","TMAX","TMAX_ATTRIBUTES","TMIN","TMIN_ATTRIBUTES"
"USC00414911","1995-02","26.3233","-98.3233","64.9","LA JOYA, TX US","","","36.1","3,0","4","1,0","0","1,0","0","1,0","0",",0","0",",0","0","2,0","0","2,0","0","2,0","20","2,0","2","2,0","2","","","","2.8","2,0,01,","0",",,0,28,+","0",",,0,28,+","0.8","1,,0,19,+","33.9","2,0,12,","","","37.0","2,0","2.2","1,,,0","0",",,,0","18.17","3,0","26.08","2,,,0","10.26","2,,,0"
"USC00414911","1995-03","26.3233","-98.3233","64.9","LA JOYA, TX US","","","74.7","3,0","8","3,0","2","3,0","0","3,0","0",",0","0",",0","0","3,0","0","3,0","0","2,0","18","2,0","7","2,0","","","","","4.4","3,0,29,+","0",",,0,31,+","0",",,0,31,+","7.6","3,,0,02,","37.2","2,0,21,","","","75.0","2,0","24.8",",a,,0","0",",,,0","18.16","3,0","24.81","2,,,0","11.51","3,,,0"
"USC00414911","1995-04","26.3233","-98.3233","64.9","LA JOYA, TX US","","","","","1",",0","0",",0","0",",0","0",",0","0",",0","","","","","","","","","","","","","","","","","0",",,0,30,+","0",",,0,30,+","2.3",",,0,05,","","","","","","","2.3",",,,0","0",",,,0","","","","","",""
"USC00414911","1995-05","26.3233","-98.3233","64.9","LA JOYA, TX US","","","","","0",",0","0",",0","0",",0","0",",0","0",",0","","","","","","","","","","","","","","","","","0",",,0,31,+","0",",,0,31,+","0.0",",,0,31,+","","","","","","","0.0",",,,0","0",",,,0","","","","","",""
"USC00414911","1995-06","26.3233","-98.3233","64.9","LA JOYA, TX US","","","","","0","1,0","0","1,0","0","1,0","0",",0","0",",0","","","","","","","","","","","","","","","","","0",",,0,30,+","0",",,0,30,+","0.0","1,,0,30,+","","","","","","","0.0","1,,,0","0",",,,0","","","","","",""
"USC00414911","1995-07","26.3233","-98.3233","64.9","LA JOYA, TX US","","","","","2",",0","1",",0","0",",0","0",",0","0",",0","","","","","0","4,0","27","4,0","27","4,0","","","","","","","0",",,0,31,+","0",",,0,31,+","8.1",",,0,01,","40.0","4,0,25,+","","","","","10.4",",,,0","0",",,,0","","","38.17","4,,,0","",""
"USC00414911","1995-08","26.3233","-98.3233","64.9","LA JOYA, TX US","","","","","1","3,0","0","3,0","0","3,0","0",",0","0",",0","","","","","","","","","","","","","","","","","0",",,0,31,+","0",",,0,31,+","2.0","3,,0,25,","","","","","","","22.8",",a,,0","0",",,,0","","","","","",""
"USC00414911","1995-09","26.3233","-98.3233","64.9","LA JOYA, TX US","","","","","1",",0","1",",0","1",",0","0",",0","0",",0","","","","","","","","","","","","","","","","","0",",,0,30,+","0",",,0,30,+","50.8",",,0,22,","","","","","","","50.8",",,,0","0",",,,0","","","","","",""
"USC00414911","1995-10","26.3233","-98.3233","64.9","LA JOYA, TX US","","","","","3",",0","3",",0","1",",0","0",",0","0",",0","","","","","","","","","","","","","","","","","0",",,0,31,+","0",",,0,31,+","52.3",",,0,13,","","","","","","","72.6",",,,0","0",",,,0","","","","","",""
"USC00414911","1995-11","26.3233","-98.3233","64.9","LA JOYA, TX US","","","62.6","4,0","5",",0","5",",0","0",",0","0",",0","0",",0","0","4,0","0","4,0","0","3,0","22","3,0","7","3,0","","","","","4.4","4,0,30,+","0",",,0,30,+","0",",,0,30,+","21.6",",,0,17,","36.1","3,0,11,","","","40.6","3,0","46.9",",,,0","0",",,,0","19.29","4,0","26.38","3,,,0","12.20","4,,,0"
"USC00414911","1995-12","26.3233","-98.3233","64.9","LA JOYA, TX US","","","","","2",",0","2",",0","0",",0","0",",0","0",",0","","","","","","","","","","","","","","","","","0",",,0,31,+","0",",,0,31,+","15.2",",,0,22,","","","","","","","20.3",",,,0","0",",,,0","","","","","",""
"USC00414911","1996-01","26.3233","-98.3233","64.9","LA JOYA, TX US","","","","","0",",0","0",",0","0",",0","0",",0","0",",0","","","","","","","","","","","","","","","","","0",",,0,31,+","0",",,0,31,+","0.0",",,0,31,+","","","","","","","0.0",",,,0","0",",,,0","","","","","",""
"USC00414911","1996-02","26.3233","-98.3233","64.9","LA JOYA, TX US","","","","","0",",0","0",",0","0",",0","0",",0","0",",0","","","","","","","","","","","","","","","","","0",",,0,29,+","0",",,0,29,+","0.0",",,0,29,+","","","","","","","0.0",",,,0","0",",,,0","","","","","",""
"USC00414911","1996-03","26.3233","-98.3233","64.9","LA JOYA, TX US","","","","","0",",0","0",",0","0",",0","0",",0","0",",0","","","","","","","","","","","","","","","","","0",",,0,31,+","0",",,0,31,+","0.0",",,0,31,+","","","","","","","0.0",",,,0","0",",,,0","","","","","",""
"USC00414911","1996-04","26.3233","-98.3233","64.9","LA JOYA, TX US","","","","","0","5,0","0","5,0","0","5,0","0",",0","0",",0","","","","","","","","","","","","","","","","","0",",,0,30,+","0",",,0,30,+","0.0","5,,0,30,+","","","","","","","14.2",",a,,0","0",",,,0","","","","","",""
"USC00414911","1996-05","26.3233","-98.3233","64.9","LA JOYA, TX US","","","","","0","3,0","0","3,0","0","3,0","0",",0","0",",0","","","","","","","","","","","","","","","","","0",",,0,31,+","0",",,0,31,+","0.0","3,,0,31,+","","","","","","","39.9",",a,,0","0",",,,0","","","","","",""
"USC00414911","1996-06","26.3233","-98.3233","64.9","LA JOYA, TX US","","","","","","","","","","","0",",0","0",",0","","","","","","","","","","","","","","","","","0",",,0,30,+","0",",,0,30,+","","","","","","","","","","","0",",,,0","","","","","",""
"USC00414911","1996-07","26.3233","-98.3233","64.9","LA JOYA, TX US","","","","","0",",0","0",",0","0",",0","0",",0","0",",0","","","","","","","","","","","","","","","","","0",",,0,31,+","0",",,0,31,+","0.0",",,0,31,+","","","","","","","0.0",",,,0","0",",,,0","","","","","",""
"USC00414911","1996-08","26.3233","-98.3233","64.9","LA JOYA, TX US","","","359.5",",0","8",",0","6",",0","0",",0","0",",0","0",",0","0",",0","0",",0","0",",0","31",",0","27",",0","","","","","22.2",",0,27,","0",",,0,31,+","0",",,0,31,+","19.1",",,0,23,","40.6",",0,03,","","","0.0",",0","61.8",",,,0","0",",,,0","29.93",",0","35.95",",,,0","23.91",",,,0"
"USC00414911","1996-09","26.3233","-98.3233","64.9","LA JOYA, TX US","","","285.6","2,0","6",",0","5",",0","1",",0","0",",0","0",",0","0","2,0","0","2,0","0","2,0","28","2,0","26","2,0","1","","1","","14.4","2,0,30,+","0",",,0,30,+","0",",,0,30,+","26.7",",,0,01,","39.4","2,0,16,","","","0.0","2,0","60.2",",,,0","0",",,,0","28.53","2,0","35.36","2,,,0","21.70","2,,,0"
"USC00414911","1996-10","26.3233","-98.3233","64.9","LA JOYA, TX US","","","123.5","3,0","4",",0","3",",0","0",",0","0",",0","0",",0","0","3,0","0","3,0","0",",0","31",",0","16",",0","5","","","","7.2","3,0,23,","0",",,0,31,+","0",",,0,31,+","8.9",",,0,04,","35.0",",0,31,+","","","5.0",",0","22.6",",,,0","0",",,,0","22.68","3,0","31.27",",,,0","14.09","3,,,0"
"USC00414911","1996-11","26.3233","-98.3233","64.9","LA JOYA, TX US","","","112.7",",0","2",",0","2",",0","0",",0","0",",0","0",",0","0",",0","0",",0","0",",0","27",",0","8",",0","","","","","2.2",",0,26,","0",",,0,30,+","0",",,0,30,+","5.1",",,0,28,","35.6",",0,22,","","","33.2",",0","8.1",",,,0","0",",,,0","20.98",",0","28.37",",,,0","13.59",",,,0"
"USC00414911","1996-12","26.3233","-98.3233","64.9","LA JOYA, TX US","","","49.7","2,0","1",",0","1",",0","0",",0","0",",0","0",",0","0","2,0","2","2,0","0",",0","25",",0","3",",0","5","","","","-4.4","2,0,20,","0",",,0,31,+","0",",,0,31,+","6.1",",,0,21,","34.4",",0,31,","","","84.1",",0","6.1",",,,0","0",",,,0","17.36","2,0","24.83",",,,0","9.90","2,,,0"
"USC00414911","1997-01","26.3233","-98.3233","64.9","LA JOYA, TX US","41.4","0","41.4","2,0","3",",0","3",",0","0",",0","0",",0","0",",0","0","2,0","4","2,0","0",",0","15",",0","2",",0","","","","","-1.7","2,0,14,+","0",",,0,31,+","0",",,0,31,+","10.2",",,0,19,","35.6",",0,05,","","","170.0",",0","17.8",",,,0","0",",,,0","13.99","2,0","20.18",",,,0","7.80","2,,,0"
"USC00414911","1997-02","26.3233","-98.3233","64.9","LA JOYA, TX US","83.6","0","42.2",",0","8",",0","1",",0","0",",0","0",",0","0",",0","0",",0","0",",0","0",",0","21",",0","2",",0","","","","","3.9",",0,16,+","0",",,0,28,+","0",",,0,28,+","10.2",",,0,12,","33.9",",0,22,","","","66.1",",0","21.3",",,,0","0",",,,0","17.48",",0","24.06",",,,0","10.90",",,,0"
"USC00414911","1997-03","26.3233","-98.3233","64.9","LA JOYA, TX US","200.8","0","117.2","2,0","7",",0","5",",0","2",",0","0",",0","0",",0","0","1,0","0","1,0","0","1,0","28","1,0","5","1,0","2","","","","8.3","1,0,04,+","0",",,0,31,+","0",",,0,31,+","31.8",",,0,19,+","37.2","1,0,02,","","","7.0","1,0","83.6",",,,0","0",",,,0","21.91","2,0","28.56","1,,,0","15.25","1,,,0"
"USC00414911","1997-04","26.3233","-98.3233","64.9","LA JOYA, TX US","293.1","0","92.3","4,0","11","3,0","5","3,0","2","3,0","0",",0","0",",0","0","4,0","0","4,0","0","1,0","25","1,0","5","1,0","1","","","","5.0","4,0,14,","0",",,0,30,+","0",",,0,30,+","63.5","3,,0,04,","38.3","1,0,23,","","","20.9","1,0","151.1","1,a,,0","0",",,,0","21.15","4,0","27.30","1,,,0","15.00","4,,,0"
"USC00414911","1997-05","26.3233","-98.3233","64.9","LA JOYA, TX US","527.2","0","234.1","3,0","8","1,0","5","1,0","1","1,0","0",",0","0",",0","0","2,0","0","2,0","0","2,0","29","2,0","21","2,0","","","","","11.7","2,0,04,","0",",,0,31,+","0",",,0,31,+","33.0","1,,0,10,","37.2","2,0,26,+","","","0.0","2,0","72.9","1,,,0","0",",,,0","26.61","3,0","33.12","2,,,0","20.10","2,,,0"
"USC00414911","1997-06","26.3233","-98.3233","64.9","LA JOYA, TX US","844.9","0","317.7","2,0","3",",0","2",",0","1",",0","0",",0","0",",0","0","2,0","0","2,0","0",",0","30",",0","30",",0","","","","","16.1","2,0,02,","0",",,0,30,+","0",",,0,30,+","50.3",",,0,18,","39.4",",0,18,","","","0.0",",0","66.6",",,,0","0",",,,0","29.68","2,0","36.17",",,,0","23.19","2,,,0"
"USC00414911","1997-07","26.3233","-98.3233","64.9","LA JOYA, TX US","1238.7","0","393.8","1,0","0",",0","0",",0","0",",0","0",",0","0",",0","0","1,0","0","1,0","0","1,0","30","1,0","30","1,0","","","","","22.2","1,0,06,+","0",",,0,31,+","0",",,0,31,+","0.0",",,0,31,+","40.6","1,0,31,","0.0","0","0.0","1,0","0.0",",,,0","0",",,,0","31.46","1,0","38.11","1,,,0","24.80","1,,,0"
"USC00414911","1997-08","26.3233","-98.3233","64.9","LA JOYA, TX US","1631.1","0","392.4","2,0","3",",0","1",",0","0",",0","0","1,0","0",",0","0","2,0","0","2,0","0","1,0","30","1,0","30","1,0","","","","","21.7","2,0,28,+","0","1,,0,31,+","0",",,0,31,+","2.8",",,0,25,","41.7","1,0,10,","0.0","0","0.0","1,0","5.1",",,,0","0",",,,0","31.85","2,0","39.04","1,,,0","24.66","2,,,0"
"USC00414911","1997-09","26.3233","-98.3233","64.9","LA JOYA, TX US","1956.2","0","325.1","1,0","7",",0","5",",0","1",",0","0",",0","0",",0","0","1,0","0","1,0","0","1,0","29","1,0","29","1,0","1","","","","17.8","1,0,28,","0",",,0,30,+","0",",,0,30,+","26.7",",,0,24,","39.4","1,0,24,","0.0","0","0.0","1,0","49.8",",,,0","0",",,,0","29.54","1,0","36.78","1,,,0","22.30","1,,,0"
"USC00414911","1997-10","26.3233","-98.3233","64.9","LA JOYA, TX US","2140.8","0","184.6","2,0","8","2,0","7","2,0","1","2,0","0",",0","0",",0","0","2,0","0","2,0","0","1,0","30","1,0","16","1,0","","","","","10.0","2,0,17,","0",",,0,31,+","0",",,0,31,+","40.6","2,,0,14,","36.1","1,0,10,","0.0","0","0.0","1,0","100.4",",a,,0","0",",,,0","24.78","2,0","31.31","1,,,0","18.26","2,,,0"
"USC00414911","1997-11","26.3233","-98.3233","64.9","LA JOYA, TX US","2213.2","0","72.4","4,0","4","2,0","2","2,0","0","2,0","0",",0","0",",0","0","3,0","0","3,0","0","4,0","22","4,0","3","4,0","3","","","","5.6","3,0,16,","0",",,0,30,+","0",",,0,30,+","12.7","2,,0,25,","36.1","4,0,03,+","25.5","0","25.5","4,0","52.3",",a,,0","0",",,,0","19.98","4,0","26.06","4,,,0","13.90","3,,,0"
"USC00414911","1997-12","26.3233","-98.3233","64.9","LA JOYA, TX US","2232.7","0","19.5",",0","1",",0","1",",0","0",",0","0","5,0","0","1,0","0",",0","3",",0","0",",0","23",",0","0",",0","2","","","","-0.6",",0,29,+","0","5,,0,31,+","0","1,,0,31,+","12.7",",,0,13,","30.0",",0,24,","141.0","0","115.5",",0","12.7",",,,0","0","1,,,0","15.24",",0","23.20",",,,0","7.27",",,,0"
"USC00414911","1998-01","26.3233","-98.3233","64.9","LA JOYA, TX US","55.1","0","55.1","2,0","1",",0","0",",0","0",",0","0",",0","0",",0","0","1,0","0","1,0","0","1,0","28","1,0","0","1,0","3","","","","3.9","1,0,09,+","0",",,0,31,+","0",",,0,31,+","0.8",",,0,01,","31.1","1,0,22,","175.1","0","34.1","1,0","0.8",",,,0","0",",,,0","18.86","2,0","26.77","1,,,0","10.94","1,,,0"
"USC00414911","1998-02","26.3233","-98.3233","64.9","LA JOYA, TX US","84.8","0","29.7","4,0","3",",0","2",",0","1",",0","0",",0","0",",0","0","4,0","0","4,0","0","3,0","23","3,0","1","3,0","","","","","5.0","4,0,08,+","0",",,0,28,+","0",",,0,28,+","53.3",",,0,15,","32.2","3,0,24,","201.1","0","26.0","3,0","76.2",",,,0","0",",,,0","18.54","4,0","26.82","3,,,0","10.25","4,,,0"
"USC00414911","1998-03","26.3233","-98.3233","64.9","LA JOYA, TX US","177.3","0","92.5","2,0","4",",0","3",",0","0",",0","0",",0","0",",0","0","1,0","0","1,0","0","1,0","25","1,0","5","1,0","3","","","","4.4","1,0,10,+","0",",,0,31,+","0",",,0,31,+","20.3",",,0,07,","35.6","1,0,31,","241.4","0","40.3","1,0","34.5",",,,0","0",",,,0","20.13","2,0","27.09","1,,,0","13.17","1,,,0"
"USC00414911","1998-04","26.3233","-98.3233","64.9","LA JOYA, TX US","345.1","0","167.8",",0","0",",0","0",",0","0",",0","0",",0","0",",0","0",",0","0",",0","0",",0","30",",0","12",",0","","","","","8.9",",0,01,","0",",,0,30,+","0",",,0,30,+","0.0",",,0,30,+","39.4",",0,27,","241.4","0","0.0",",0","0.0",",,,0","0",",,,0","23.93",",0","31.95",",,,0","15.91",",,,0"
"USC00414911","1998-05","26.3233","-98.3233","64.9","LA JOYA, TX US","665.5","0","320.4","1,0","0",",0","0",",0","0",",0","0",",0","0",",0","0","1,0","0","1,0","0","1,0","30","1,0","29","1,0","","","","","13.9","1,0,01,","0",",,0,31,+","0",",,0,31,+","0.0",",,0,31,+","40.0","1,0,10,","241.4","0","0.0","1,0","0.0",",,,0","0",",,,0","29.01","1,0","35.95","1,,,0","22.08","1,,,0"
"USC00414911","1998-06","26.3233","-98.3233","64.9","LA JOYA, TX US","1081.4","0","415.9",",0","1",",0","1",",0","0",",0","0",",0","0",",0","0",",0","0",",0","0",",0","30",",0","29",",0","","","","","23.3",",0,02,+","0",",,0,30,+","0",",,0,30,+","10.2",",,0,08,","41.1",",0,06,","241.4","0","0.0",",0","10.2",",,,0","0",",,,0","32.20",",0","38.48",",,,0","25.91",",,,0"
"USC00414911","1998-07","26.3233","-98.3233","64.9","LA JOYA, TX US","1503.6","0","422.2","1,0","2",",0","1",",0","0",",0","0",",0","0",",0","0","1,0","0","1,0","0","1,0","30","1,0","30","1,0","","","","","23.3","1,0,04,","0",",,0,31,+","0",",,0,31,+","7.6",",,0,04,","40.6","1,0,22,+","0.0","0","0.0","1,0","7.9",",,,0","0",",,,0","32.41","1,0","39.27","1,,,0","25.54","1,,,0"
"USC00414911","1998-08","26.3233","-98.3233","64.9","LA JOYA, TX US","1935.4","0","431.8",",0","5",",0","5",",0","0",",0","0",",0","0",",0","0",",0","0",",0","0",",0","31",",0","31",",0","","","","","22.8",",0,16,","0",",,0,31,+","0",",,0,31,+","12.7",",,0,22,","41.7",",0,15,","0.0","0","0.0",",0","35.9",",,,0","0",",,,0","32.26",",0","39.31",",,,0","25.21",",,,0"
"USC00414911","1998-09","26.3233","-98.3233","64.9","LA JOYA, TX US","2251.4","0","316.0","1,0","12",",0","11",",0","2",",0","0",",0","0",",0","0","1,0","0","1,0","0",",0","30",",0","25",",0","","","","","22.2","1,0,11,","0",",,0,30,+","0",",,0,30,+","35.6",",,0,23,","39.4",",0,03,","0.0","0","0.0",",0","185.0",",,,0","0",",,,0","29.27","1,0","34.87",",,,0","23.67","1,,,0"
"USC00414911","1998-10","26.3233","-98.3233","64.9","LA JOYA, TX US","2451.7","0","200.3","2,0","5",",0","3",",0","3",",0","","","0",",0","0","2,0","0","2,0","0","2,0","29","2,0","12","2,0","","","","","13.9","2,0,26,+","","","0",",,0,31,+","56.6",",,0,07,","36.1","2,0,06,+","0.0","0","0.0","2,0","128.8",",,,0","0",",,,0","25.24","2,0","31.27","2,,,0","19.21","2,,,0"
"USC00414911","1998-11","26.3233","-98.3233","64.9","LA JOYA, TX US","2555.7","0","104.0","3,0","6","2,0","4","2,0","1","2,0","0",",0","0",",0","0","3,0","0","3,0","0","1,0","26","1,0","1","1,0","10","","","","9.4","3,0,16,","0",",,0,30,+","0",",,0,30,+","27.9","2,,0,05,","37.2","1,0,01,","15.5","0","15.5","1,0","52.7",",a,,0","0",",,,0","21.72","3,0","26.70","1,,,0","16.74","3,,,0"
"USC00414911","1998-12","26.3233","-98.3233","64.9","LA JOYA, TX US","","","","","1",",0","1",",0","0",",0","0",",0","0",",0","","","","","","","","","","","1","","","","","","0",",,0,31,+","0",",,0,31,+","5.6",",,0,24,","","","","","","","5.6",",,,0","0",",,,0","","","","","",""
"USC00414911","1999-01","26.3233","-98.3233","64.9","LA JOYA, TX US","61.9","0","61.9","2,0","0",",0","0",",0","0",",0","0",",0","0",",0","0","2,0","1","2,0","0","1,0","27","1,0","3","1,0","1","","","","0.0","2,0,11,","0",",,0,31,+","0",",,0,31,+","0.0",",,0,31,+","35.0","1,0,22,","","","63.6","1,0","0.0",",,,0","0",",,,0","18.33","2,0","26.83","1,,,0","9.82","2,,,0"
"USC00414911","1999-02","26.3233","-98.3233","64.9","LA JOYA, TX US","150.9","0","89.0","4,0","2",",0","0",",0","0",",0","0",",0","0",",0","0","4,0","1","4,0","0","4,0","23","4,0","4","4,0","","","","","0.0","4,0,13,","0",",,0,28,+","0",",,0,28,+","1.3",",,0,03,","33.3","4,0,28,+","","","28.1","4,0","2.1",",,,0","0",",,,0","20.87","4,0","28.82","4,,,0","12.92","4,,,0"
"USC00414911","1999-03","26.3233","-98.3233","64.9","LA JOYA, TX US","297.2","0","146.3","1,0","1",",0","1",",0","1",",0","0",",0","0",",0","0","1,0","0","1,0","0",",0","31",",0","9",",0","","","","","2.2","1,0,16,","0",",,0,31,+","0",",,0,31,+","74.2",",,0,28,","37.8",",0,03,","","","8.9",",0","74.2",",,,0","0",",,,0","22.96","1,0","30.15",",,,0","15.78","1,,,0"
"USC00414911","1999-04","26.3233","-98.3233","64.9","LA JOYA, TX US","519.4","0","222.2","2,0","0",",0","0",",0","0",",0","0",",0","0",",0","0","2,0","0","2,0","0","1,0","29","1,0","20","1,0","","","","","7.2","2,0,18,","0",",,0,30,+","0",",,0,30,+","0.0",",,0,30,+","38.9","1,0,23,","","","4.2","1,0","0.0",",,,0","0",",,,0","26.21","2,0","32.96","1,,,0","19.46","2,,,0"
"USC00414911","1999-05","26.3233","-98.3233","64.9","LA JOYA, TX US","785.6","0","266.2","5,0","3","1,0","2","1,0","1","1,0","0",",0","0",",0","0","5,0","0","5,0","0","1,0","30","1,0","26","1,0","1","","","","16.1","5,0,08,+","0",",,0,31,+","0",",,0,31,+","27.9","1,,0,18,","43.3","1,0,06,+","","","0.0","1,0","37.3","1,,,0","0",",,,0","28.46","5,0","35.01","1,,,0","21.90","5,,,0"
"USC00414911","1999-06","26.3233","-98.3233","64.9","LA JOYA, TX US","1150.0","0","364.4",",0","4",",0","3",",0","1",",0","0",",0","0",",0","0",",0","0",",0","0",",0","30",",0","30",",0","","","","","22.2",",0,15,","0",",,0,30,+","0",",,0,30,+","52.1",",,0,16,","37.8",",0,30,+","","","0.0",",0","69.4",",,,0","0",",,,0","30.48",",0","36.40",",,,0","24.56",",,,0"
"USC00414911","1999-07","26.3233","-98.3233","64.9","LA JOYA, TX US","1470.7","0","320.7","2,0","9","2,0","6","2,0","1","2,0","0",",0","0",",0","0","2,0","0","2,0","0","2,0","29","2,0","26","2,0","","","","","22.2","2,0,08,+","0",",,0,31,+","0",",,0,31,+","48.3","2,,0,18,","38.3","2,0,31,+","0.0","0","0.0","2,0","88.6","2,,,0","0",",,,0","29.39","2,0","35.04","2,,,0","23.74","2,,,0"
"USC00414911","1999-08","26.3233","-98.3233","64.9","LA JOYA, TX US","1849.1","0","378.4","1,0","2","1,0","1","1,0","1","1,0","0",",0","0",",0","0","1,0","0","1,0","0","1,0","30","1,0","29","1,0","","","","","22.8","1,0,25,+","0",",,0,31,+","0",",,0,31,+","118.1","1,,0,24,","40.6","1,0,15,","0.0","0","0.0","1,0","118.9","1,,,0","0",",,,0","30.95","1,0","37.56","1,,,0","24.33","1,,,0"
"USC00414911","1999-09","26.3233","-98.3233","64.9","LA JOYA, TX US","2118.8","0","269.7","2,0","7",",0","6",",0","2",",0","0",",0","0",",0","0","2,0","0","2,0","0",",0","30",",0","24",",0","1","","","","15.6","2,0,25,","0",",,0,30,+","0",",,0,30,+","42.2",",,0,07,","37.2",",0,03,","0.0","0","0.0",",0","117.0",",,,0","0",",,,0","27.75","2,0","33.91",",,,0","21.59","2,,,0"
"USC00414911","1999-10","26.3233","-98.3233","64.9","LA JOYA, TX US","2291.8","0","173.0","1,0","3",",0","3",",0","1",",0","0",",0","0",",0","0",",0","0",",0","0","1,0","29","1,0","19","1,0","1","","","","5.6",",0,20,","0",",,0,31,+","0",",,0,31,+","30.7",",,0,18,","36.1","1,0,10,+","6.4","0","6.4","1,0","36.8",",,,0","0",",,,0","23.72","1,0","31.94","1,,,0","15.50",",,,0"
"USC00414911","1999-11","26.3233","-98.3233","64.9","LA JOYA, TX US","2374.5","0","82.7","2,0","1",",0","0",",0","0",",0","0",",0","0",",0","0","2,0","0","2,0","0","1,0","27","1,0","2","1,0","2","","","","2.8","2,0,28,+","0",",,0,30,+","0",",,0,30,+","1.0",",,0,12,","32.2","1,0,03,+","30.0","0","23.6","1,0","1.0",",,,0","0",",,,0","20.46","2,0","28.71","1,,,0","12.20","2,,,0"
"USC00414911","1999-12","26.3233","-98.3233","64.9","LA JOYA, TX US","2388.9","0","14.4","5,0","3",",0","2",",0","0",",0","0",",0","0",",0","0","4,0","0","4,0","0","2,0","23","2,0","0","2,0","1","","","","3.3","4,0,06,","0",",,0,31,+","0",",,0,31,+","15.7",",,0,23,","30.0","2,0,04,+","105.5","0","75.5","2,0","21.5",",,,0","0",",,,0","15.81","5,0","23.69","2,,,0","7.93","4,,,0"
"USC00414911","2000-01","26.3233","-98.3233","64.9","LA JOYA, TX US","44.7","0","44.7","2,0","0",",0","0",",0","0",",0","0",",0","0",",0","0","2,0","0","2,0","0","1,0","24","1,0","0","1,0","2","","","","1.7","2,0,05,","0",",,0,31,+","0",",,0,31,+","0.0",",,0,31,+","31.1","1,0,03,","159.2","0","53.7","1,0","0.0",",,,0","0",",,,0","18.04","2,0","24.94","1,,,0","11.15","2,,,0"
"USC00414911","2000-02","26.3233","-98.3233","64.9","LA JOYA, TX US","142.5","0","97.8","2,0","4",",0","3",",0","0",",0","0","3,0","0","1,0","0","2,0","0","2,0","0","1,0","26","1,0","5","1,0","","","","","6.1","2,0,06,+","0","3,,0,29,+","0","1,,0,29,+","6.4",",,0,02,","33.3","1,0,26,+","187.3","0","28.1","1,0","14.5",",,,0","0","1,,,0","21.02","2,0","27.53","1,,,0","14.52","2,,,0"
"USC00414911","2000-03","26.3233","-98.3233","64.9","LA JOYA, TX US","320.6","0","178.1",",0","2",",0","2",",0","1",",0","0",",0","0",",0","0",",0","0",",0","0",",0","30",",0","6",",0","","","","","8.3",",0,12,","0",",,0,31,+","0",",,0,31,+","45.7",",,0,15,","37.2",",0,30,","192.5","0","5.2",",0","48.7",",,,0","0",",,,0","23.91",",0","29.77",",,,0","18.05",",,,0"
"USC00414911","2000-04","26.3233","-98.3233","64.9","LA JOYA, TX US","488.0","0","167.4","4,0","0",",0","0",",0","0",",0","0",",0","0",",0","0","3,0","0","3,0","0","2,0","28","2,0","13","2,0","","","","","10.0","3,0,10,+","0",",,0,30,+","0",",,0,30,+","0.0",",,0,30,+","38.3","2,0,25,+","192.5","0","0.0","2,0","0.0",",,,0","0",",,,0","24.85","4,0","31.73","2,,,0","17.97","3,,,0"
"USC00414911","2000-05","26.3233","-98.3233","64.9","LA JOYA, TX US","810.8","0","322.8","1,0","0",",0","0",",0","0",",0","0",",0","0",",0","0","1,0","0","1,0","0","1,0","30","1,0","26","1,0","","","","","18.9","1,0,03,","0",",,0,31,+","0",",,0,31,+","0.0",",,0,31,+","37.8","1,0,28,+","192.5","0","0.0","1,0","0.0",",,,0","0",",,,0","29.09","1,0","34.69","1,,,0","23.49","1,,,0"
"USC00414911","2000-06","26.3233","-98.3233","64.9","LA JOYA, TX US","1091.3","0","280.5","4,0","5",",0","5",",0","1",",0","0",",0","0",",0","0","4,0","0","4,0","0",",0","30",",0","25",",0","","","","","21.1","4,0,07,+","0",",,0,30,+","0",",,0,30,+","78.7",",,0,06,","38.3",",0,05,","192.5","0","0.0",",0","110.7",",,,0","0",",,,0","29.19","4,0","34.37",",,,0","24.01","4,,,0"
"USC00414911","2000-07","26.3233","-98.3233","64.9","LA JOYA, TX US","1430.3","0","339.0","5,0","0",",0","0",",0","0",",0","0",",0","0",",0","0","5,0","0","5,0","0","2,0","29","2,0","29","2,0","","","","","23.3","5,0,30,+","0",",,0,31,+","0",",,0,31,+","0.0",",,0,31,+","40.6","2,0,16,","0.0","0","0.0","2,0","0.0",",,,0","0",",,,0","31.36","5,0","37.88","2,,,0","24.83","5,,,0"
"USC00414911","2000-08","26.3233","-98.3233","64.9","LA JOYA, TX US","","","","","7",",0","4",",0","0",",0","0",",0","0",",0","","","","","0",",0","31",",0","30",",0","","","","","","","0",",,0,31,+","0",",,0,31,+","10.2",",,0,15,","41.1",",0,31,","","","","","27.9",",,,0","0",",,,0","","","36.94",",,,0","",""
"USC00414911","2000-09","26.3233","-98.3233","64.9","LA JOYA, TX US","","","273.3","5,0","0",",0","0",",0","0",",0","0",",0","0",",0","0","4,0","0","4,0","0","5,0","25","5,0","24","5,0","","","","","12.8","4,0,28,+","0",",,0,30,+","0",",,0,30,+","0.0",",,0,30,+","42.8","5,0,07,","","","0.0","5,0","0.0",",,,0","0",",,,0","29.15","5,0","36.86","5,,,0","21.43","4,,,0"
"USC00414911","2000-10","26.3233","-98.3233","64.9","LA JOYA, TX US","","","","","6",",0","4",",0","0",",0","0",",0","0",",0","","","","","0","3,0","26","3,0","13","3,0","","","","","","","0",",,0,31,+","0",",,0,31,+","24.6",",,0,07,","36.7","3,0,03,","","","","","54.1",",,,0","0",",,,0","","","31.43","3,,,0","",""
"USC00414911","2000-11","26.3233","-98.3233","64.9","LA JOYA, TX US","","","69.7","4,0","4",",0","0",",0","0",",0","0",",0","0",",0","0","4,0","0","4,0","0",",0","23",",0","1",",0","","","","","5.6","4,0,20,","0",",,0,30,+","0",",,0,30,+","1.0",",,0,30,","32.2",",0,13,","","","49.1",",0","2.1",",,,0","0",",,,0","19.42","4,0","25.64",",,,0","13.20","4,,,0"
"USC00414911","2000-12","26.3233","-98.3233","64.9","LA JOYA, TX US","","","12.3","3,0","5",",0","3",",0","0",",0","0",",0","0",",0","0","3,0","0","3,0","0",",0","12",",0","0",",0","","","","","1.7","3,0,20,+","0",",,0,31,+","0",",,0,31,+","7.6",",,0,03,","28.9",",0,12,+","","","161.9",",0","17.2",",,,0","0",",,,0","12.73","3,0","18.60",",,,0","6.86","3,,,0"
"USC00414911","2001-01","26.3233","-98.3233","64.9","LA JOYA, TX US","","","","","7",",0","2",",0","0",",0","0",",0","0",",0","","","","","0",",0","17",",0","0",",0","","","","","","","0",",,0,31,+","0",",,0,31,+","6.1",",,0,03,","29.4",",0,14,","","","","","17.7",",,,0","0",",,,0","","","20.27",",,,0","",""
"USC00414911","2001-02","26.3233","-98.3233","64.9","LA JOYA, TX US","","","83.7","1,0","3",",0","3",",0","0",",0","0",",0","0",",0","0","1,0","0","1,0","0","1,0","20","1,0","1","1,0","","","","","4.4","1,0,17,","0",",,0,28,+","0",",,0,28,+","22.6",",,0,02,","34.4","1,0,25,","","","53.5","1,0","39.6",",,,0","0",",,,0","19.45","1,0","25.01","1,,,0","13.89","1,,,0"
"USC00414911","2001-03","26.3233","-98.3233","64.9","LA JOYA, TX US","","","51.0",",0","5",",0","3",",0","0",",0","0",",0","0",",0","0",",0","0",",0","0",",0","28",",0","2",",0","","","","","6.1",",0,21,+","0",",,0,31,+","0",",,0,31,+","9.1",",,0,28,","34.4",",0,16,","","","24.4",",0","20.3",",,,0","0",",,,0","19.19",",0","26.39",",,,0","11.99",",,,0"
"USC00414911","2001-04","26.3233","-98.3233","64.9","LA JOYA, TX US","","","217.6","1,0","4",",0","3",",0","0",",0","0",",0","0",",0","0","1,0","0","1,0","0","1,0","29","1,0","21","1,0","","","","","11.7","1,0,21,+","0",",,0,30,+","0",",,0,30,+","12.4",",,0,28,","35.6","1,0,04,","","","0.0","1,0","27.6",",,,0","0",",,,0","25.84","1,0","32.24","1,,,0","19.44","1,,,0"
"USC00414911","2001-05","26.3233","-98.3233","64.9","LA JOYA, TX US","","","246.0","4,0","3","2,0","1","2,0","1","2,0","0","2,0","0","2,0","0","4,0","0","4,0","0","2,0","29","2,0","24","2,0","","","","","16.1","4,0,02,","0","2,,0,31,+","0","2,,0,31,+","78.2","2,,0,22,","37.8","2,0,23,+","","","0.0","2,0","81.5","2,,,0","0","2,,,0","27.54","4,0","34.06","2,,,0","21.02","4,,,0"
"USC00414911","2001-06","26.3233","-98.3233","64.9","LA JOYA, TX US","","","357.3","1,0","2",",0","2",",0","1",",0","0","1,0","0",",0","0","1,0","0","1,0","0","1,0","29","1,0","29","1,0","","","","","21.7","1,0,18,+","0","1,,0,30,+","0",",,0,30,+","54.6",",,0,16,","40.0","1,0,12,","","","0.0","1,0","57.6",",,,0","0",",,,0","30.65","1,0","37.17","1,,,0","24.13","1,,,0"
"USC00414911","2001-07","26.3233","-98.3233","64.9","LA JOYA, TX US","","","367.5","1,0","5","1,0","4","1,0","3","1,0","0",",0","0",",0","0","1,0","0","1,0","0","1,0","30","1,0","28","1,0","","","","","21.1","1,0,03,+","0",",,0,31,+","0",",,0,31,+","40.6","1,,0,26,","38.3","1,0,25,+","0.0","0","0.0","1,0","116.3","1,,,0","0",",,,0","30.58","1,0","36.52","1,,,0","24.64","1,,,0"
"USC00414911","2001-08","26.3233","-98.3233","64.9","LA JOYA, TX US","","","355.9","3,0","4",",0","4",",0","0",",0","0",",0","0",",0","0","3,0","0","3,0","0",",0","31",",0","29",",0","","","","","22.2","3,0,06,+","0",",,0,31,+","0",",,0,31,+","12.7",",,0,08,","40.0",",0,16,","0.0","0","0.0",",0","28.9",",,,0","0",",,,0","30.99","3,0","36.83",",,,0","25.16","3,,,0"
"USC00414911","2001-09","26.3233","-98.3233","64.9","LA JOYA, TX US","","","286.4","1,0","7",",0","6",",0","1",",0","0",",0","0",",0","0","1,0","0","1,0","0",",0","30",",0","24",",0","","","","","15.6","1,0,30,+","0",",,0,30,+","0",",,0,30,+","43.2",",,0,01,","37.2",",0,11,+","0.0","0","0.0",",0","113.1",",,,0","0",",,,0","28.13","1,0","34.09",",,,0","22.17","1,,,0"
"USC00414911","2001-10","26.3233","-98.3233","64.9","LA JOYA, TX US","","","176.9",",0","1",",0","1",",0","1",",0","0",",0","0",",0","0",",0","0",",0","0",",0","31",",0","13",",0","","","","","7.2",",0,17,","0",",,0,31,+","0",",,0,31,+","28.4",",,0,06,","37.2",",0,25,","2.5","0","2.5",",0","28.4",",,,0","0",",,,0","23.96",",0","31.24",",,,0","16.69",",,,0"
"USC00414911","2001-11","26.3233","-98.3233","64.9","LA JOYA, TX US","","","102.0","4,0","3","1,0","3","1,0","1","1,0","0","1,0","0","1,0","0","4,0","0","4,0","0","1,0","25","1,0","3","1,0","1","","","","2.8","4,0,29,","0","1,,0,30,+","0","1,,0,30,+","30.5","1,,0,17,","32.8","1,0,04,+","25.5","0","23.0","1,0","61.0","1,,,0","0","1,,,0","21.08","4,0","27.15","1,,,0","15.00","4,,,0"
"USC00414911","2001-12","26.3233","-98.3233","64.9","LA JOYA, TX US","","","33.6",",0","5",",0","1",",0","0",",0","0",",0","0",",0","0",",0","0",",0","0",",0","23",",0","0",",0","","","","","1.1",",0,29,+","0",",,0,31,+","0",",,0,31,+","22.9",",,0,02,","29.4",",0,23,+","104.2","0","78.7",",0","27.3",",,,0","0",",,,0","16.88",",0","24.10",",,,0","9.65",",,,0"
"USC00414911","2002-01","26.3233","-98.3233","64.9","LA JOYA, TX US","47.8","0","47.8","2,0","1",",0","0",",0","0",",0","0",",0","0",",0","0","2,0","2","2,0","0","1,0","23","1,0","1","1,0","","","","","-2.8","2,0,04,","0",",,0,31,+","0",",,0,31,+","1.3",",,0,22,","33.3","1,0,24,","205.5","0","101.3","1,0","1.3",",,,0","0",",,,0","16.51","2,0","23.80","1,,,0","9.22","2,,,0"
"USC00414911","2002-02","26.3233","-98.3233","64.9","LA JOYA, TX US","67.0","0","19.2","4,0","2",",0","2",",0","0",",0","0",",0","0",",0","0","3,0","0","3,0","0","2,0","17","2,0","2","2,0","","","","","3.3","3,0,09,+","0",",,0,28,+","0",",,0,28,+","6.4",",,0,05,","33.3","2,0,22,+","288.2","0","82.7","2,0","8.9",",,,0","0",",,,0","15.69","4,0","23.14","2,,,0","8.23","3,,,0"
"USC00414911","2002-03","26.3233","-98.3233","64.9","LA JOYA, TX US","179.5","0","112.5","4,0","1","1,0","0","1,0","0","1,0","0",",0","0",",0","0","3,0","0","3,0","0","3,0","24","3,0","9","3,0","","","","","2.2","3,0,05,+","0",",,0,31,+","0",",,0,31,+","1.3","1,,0,01,","35.6","3,0,15,","312.6","0","24.4","3,0","1.3","1,,,0","0",",,,0","21.13","4,0","27.96","3,,,0","14.30","3,,,0"
"USC00414911","2002-04","26.3233","-98.3233","64.9","LA JOYA, TX US","392.3","0","212.8","3,0","3",",0","2",",0","0",",0","0",",0","0",",0","0","2,0","0","2,0","0","3,0","26","3,0","16","3,0","","","","","13.3","2,0,01,","0",",,0,30,+","0",",,0,30,+","20.3",",,0,06,","36.7","3,0,30,+","314.5","0","1.9","3,0","26.4",",,,0","0",",,,0","26.09","3,0","31.63","3,,,0","20.55","2,,,0"
"USC00414911","2002-05","26.3233","-98.3233","64.9","LA JOYA, TX US","696.2","0","303.9","1,0","2",",0","2",",0","1",",0","0",",0","0",",0","0","1,0","0","1,0","0",",0","31",",0","25",",0","","","","","16.1","1,0,21,+","0",",,0,31,+","0",",,0,31,+","31.8",",,0,30,","38.9",",0,04,","314.5","0","0.0",",0","49.1",",,,0","0",",,,0","28.51","1,0","34.54",",,,0","22.47","1,,,0"
"USC00414911","2002-06","26.3233","-98.3233","64.9","LA JOYA, TX US","1035.2","0","339.0","1,0","3",",0","3",",0","1",",0","0",",0","0",",0","0","1,0","0","1,0","0",",0","30",",0","29",",0","","","","","20.6","1,0,01,","0",",,0,30,+","0",",,0,30,+","31.8",",,0,30,","38.9",",0,27,+","314.5","0","0.0",",0","44.8",",,,0","0",",,,0","30.03","1,0","36.50",",,,0","23.55","1,,,0"
"USC00414911","2002-07","26.3233","-98.3233","64.9","LA JOYA, TX US","1400.3","0","365.1",",0","4",",0","3",",0","0",",0","0",",0","0",",0","0",",0","0",",0","0",",0","31",",0","27",",0","","","","","22.8",",0,04,+","0",",,0,31,+","0",",,0,31,+","24.6",",,0,09,","38.3",",0,26,","0.0","0","0.0",",0","40.2",",,,0","0",",,,0","30.11",",0","35.51",",,,0","24.71",",,,0"
"USC00414911","2002-08","26.3233","-98.3233","64.9","LA JOYA, TX US","1815.4","0","415.1",",0","5",",0","2",",0","1",",0","0",",0","0",",0","0",",0","0",",0","0",",0","31",",0","31",",0","","","","","22.2",",0,31,+","0",",,0,31,+","0",",,0,31,+","25.4",",,0,09,","40.0",",0,08,","0.0","0","0.0",",0","31.6",",,,0","0",",,,0","31.72",",0","38.10",",,,0","25.35",",,,0"
"USC00414911","2002-09","26.3233","-98.3233","64.9","LA JOYA, TX US","2094.7","0","279.3","2,0","13",",0","11",",0","1",",0","0",",0","0",",0","0","2,0","0","2,0","0","1,0","29","1,0","26","1,0","","","","","17.2","2,0,21,+","0",",,0,30,+","0",",,0,30,+","58.4",",,0,15,","37.8","1,0,07,+","0.0","0","0.0","1,0","159.6",",,,0","0",",,,0","28.16","2,0","34.55","1,,,0","21.76","2,,,0"
"USC00414911","2002-10","26.3233","-98.3233","64.9","LA JOYA, TX US","2312.7","0","218.0","2,0","10",",0","7",",0","3",",0","0",",0","0",",0","0","1,0","0","1,0","0","1,0","30","1,0","16","1,0","","","","","12.8","1,0,18,+","0",",,0,31,+","0",",,0,31,+","79.5",",,0,25,","36.1","1,0,05,","0.0","0","0.0","1,0","180.7",",,,0","0",",,,0","25.81","2,0","31.23","1,,,0","20.39","1,,,0"
"USC00414911","2002-11","26.3233","-98.3233","64.9","LA JOYA, TX US","2345.9","0","33.2","1,0","7","1,0","4","1,0","1","1,0","0",",0","0",",0","0","1,0","0","1,0","0","1,0","22","1,0","1","1,0","","","","","5.6","1,0,17,","0",",,0,30,+","0",",,0,30,+","48.3","1,,0,02,","33.3","1,0,11,","52.2","0","52.2","1,0","89.1","1,,,0","0",",,,0","17.68","1,0","24.54","1,,,0","10.81","1,,,0"
"USC00414911","2002-12","26.3233","-98.3233","64.9","LA JOYA, TX US","2366.1","0","20.2","4,0","2",",0","2",",0","0",",0","0",",0","0","1,0","0","3,0","0","3,0","0","1,0","22","1,0","0","1,0","","","","","2.8","3,0,07,+","0",",,0,31,+","0","1,,0,31,+","2.5",",,0,27,+","30.0","1,0,21,+","120.1","0","67.9","1,0","5.0",",,,0","0","1,,,0","16.53","4,0","24.06","1,,,0","9.00","3,,,0"
"USC00414911","2003-01","26.3233","-98.3233","64.9","LA JOYA, TX US","12.5","0","12.5","1,0","4",",0","3",",0","0",",0","0",",0","0",",0","0",",0","0",",0","0","1,0","14","1,0","0","1,0","","","","","2.2",",0,19,+","0",",,0,31,+","0",",,0,31,+","12.7",",,0,12,","30.6","1,0,22,","270.5","0","150.4","1,0","21.8",",,,0","0",",,,0","13.71","1,0","19.77","1,,,0","7.65",",,,0"
"USC00414911","2003-02","26.3233","-98.3233","64.9","LA JOYA, TX US","53.4","0","40.9",",0","7",",0","6",",0","0",",0","0",",0","0",",0","0",",0","0",",0","0",",0","19",",0","1",",0","","","","","2.2",",0,26,+","0",",,0,28,+","0",",,0,28,+","20.3",",,0,08,","33.3",",0,04,","367.0","0","96.5",",0","53.1",",,,0","0",",,,0","16.35",",0","22.46",",,,0","10.24",",,,0"
"USC00414911","2003-03","26.3233","-98.3233","64.9","LA JOYA, TX US","132.9","0","79.5","2,0","8","1,0","4","1,0","0","1,0","0",",0","0",",0","0","2,0","0","2,0","0","1,0","27","1,0","1","1,0","","","","","3.9","2,0,30,","0",",,0,31,+","0",",,0,31,+","16.5","1,,0,03,","32.8","1,0,18,","388.7","0","21.7","1,0","41.8","1,,,0","0",",,,0","20.31","2,0","26.65","1,,,0","13.98","2,,,0"
"USC00414911","2003-04","26.3233","-98.3233","64.9","LA JOYA, TX US","318.9","0","186.0",",0","6",",0","3",",0","1",",0","0",",0","0",",0","0",",0","0",",0","0",",0","30",",0","8",",0","","","","","6.7",",0,11,","0",",,0,30,+","0",",,0,30,+","32.3",",,0,30,","38.3",",0,26,","397.8","0","9.1",",0","58.3",",,,0","0",",,,0","24.23",",0","30.01",",,,0","18.45",",,,0"
"USC00414911","2003-05","26.3233","-98.3233","64.9","LA JOYA, TX US","622.9","0","304.0","4,0","3",",0","1",",0","0",",0","0",",0","0",",0","0","3,0","0","3,0","0","3,0","28","3,0","27","3,0","","","","","20.6","3,0,25,+","0",",,0,31,+","0",",,0,31,+","2.5",",,0,29,","38.9","3,0,17,+","397.8","0","0.0","3,0","3.1",",,,0","0",",,,0","29.58","4,0","35.40","3,,,0","23.76","3,,,0"
"USC00414911","2003-06","26.3233","-98.3233","64.9","LA JOYA, TX US","989.4","0","366.5",",0","2",",0","2",",0","1",",0","0",",0","0",",0","0",",0","0",",0","0",",0","30",",0","30",",0","","","","","20.6",",0,14,","0",",,0,30,+","0",",,0,30,+","32.3",",,0,14,","37.8",",0,26,+","397.8","0","0.0",",0","39.9",",,,0","0",",,,0","30.55",",0","36.82",",,,0","24.28",",,,0"
"USC00414911","2003-07","26.3233","-98.3233","64.9","LA JOYA, TX US","1352.1","0","362.7",",0","9",",0","3",",0","1",",0","0",",0","0",",0","0",",0","0",",0","0",",0","31",",0","30",",0","","","","","22.8",",0,20,+","0",",,0,31,+","0",",,0,31,+","52.1",",,0,04,","37.8",",0,31,+","0.0","0","0.0",",0","81.7",",,,0","0",",,,0","30.03",",0","35.77",",,,0","24.29",",,,0"
"USC00414911","2003-08","26.3233","-98.3233","64.9","LA JOYA, TX US","1715.2","0","363.1","2,0","3",",0","2",",0","0",",0","0",",0","0",",0","0","1,0","0","1,0","0","2,0","29","2,0","28","2,0","","","","","21.7","1,0,15,+","0",",,0,31,+","0",",,0,31,+","21.1",",,0,14,","40.6","2,0,09,+","0.0","0","0.0","2,0","42.2",",,,0","0",",,,0","30.81","2,0","37.19","2,,,0","24.43","1,,,0"
"USC00414911","2003-09","26.3233","-98.3233","64.9","LA JOYA, TX US","1982.9","0","267.7","1,0","9","1,0","6","1,0","3","1,0","0",",0","0",",0","0","1,0","0","1,0","0","1,0","29","1,0","19","1,0","","","","","18.3","1,0,30,","0",",,0,30,+","0",",,0,30,+","106.7","1,,0,19,","37.8","1,0,12,+","0.0","0","0.0","1,0","234.2","1,,,0","0",",,,0","27.57","1,0","32.97","1,,,0","22.16","1,,,0"
"USC00414911","2003-10","26.3233","-98.3233","64.9","LA JOYA, TX US","2172.1","0","189.2","1,0","5","2,0","5","2,0","1","2,0","0",",0","0",",0","0","1,0","0","1,0","0",",0","30",",0","9",",0","","","","","7.8","1,0,29,+","0",",,0,31,+","0",",,0,31,+","25.4","2,,0,27,","34.4",",0,12,","9.1","0","9.1",",0","76.9",",a,,0","0",",,,0","24.35","1,0","30.40",",,,0","18.29","1,,,0"
"USC00414911","2003-11","26.3233","-98.3233","64.9","LA JOYA, TX US","2292.4","0","120.3","1,0","2",",0","2",",0","0",",0","0",",0","0",",0","0","1,0","0","1,0","0",",0","27",",0","0",",0","","","","","2.8","1,0,29,","0",",,0,30,+","0",",,0,30,+","19.3",",,0,14,","31.7",",0,06,+","33.4","0","24.3",",0","36.3",",,,0","0",",,,0","21.53","1,0","27.69",",,,0","15.37","1,,,0"
"USC00414911","2003-12","26.3233","-98.3233","64.9","LA JOYA, TX US","2309.0","0","16.6","5,0","0",",0","0",",0","0",",0","0",",0","0",",0","0","5,0","0","5,0","0",",0","25",",0","0",",0","","","","","0.6","5,0,18,+","0",",,0,31,+","0",",,0,31,+","0.0",",,0,31,+","28.9",",0,04,","128.1","0","94.7",",0","0.0",",,,0","0",",,,0","15.53","5,0","24.18",",,,0","6.87","5,,,0"
"USC00414911","2004-01","26.3233","-98.3233","64.9","LA JOYA, TX US","34.9","0","34.9","2,0","5",",0","5",",0","1",",0","0",",0","0",",0","0","2,0","0","2,0","0","2,0","18","2,0","0","2,0","","","","","3.3","2,0,20,","0",",,0,31,+","0",",,0,31,+","27.9",",,0,23,","31.1","2,0,25,","226.2","0","98.1","2,0","59.9",",,,0","0",",,,0","16.15","2,0","22.07","2,,,0","10.24","2,,,0"
"USC00414911","2004-02","26.3233","-98.3233","64.9","LA JOYA, TX US","64.6","0","29.7",",0","2",",0","1",",0","0",",0","0",",0","0",",0","0",",0","0",",0","0",",0","21",",0","0",",0","","","","","1.7",",0,15,","0",",,0,29,+","0",",,0,29,+","9.4",",,0,14,","30.0",",0,21,","311.8","0","85.6",",0","10.7",",,,0","0",",,,0","16.41",",0","23.03",",,,0","9.78",",,,0"
"USC00414911","2004-03","26.3233","-98.3233","64.9","LA JOYA, TX US","182.6","0","118.0","2,0","4",",0","3",",0","1",",0","0",",0","0",",0","0","2,0","0","2,0","0","1,0","30","1,0","0","1,0","","","","","10.6","2,0,10,","0",",,0,31,+","0",",,0,31,+","33.5",",,0,15,","31.1","1,0,30,","311.8","0","0.0","1,0","56.1",",,,0","0",",,,0","22.43","2,0","27.81","1,,,0","17.05","2,,,0"
"USC00414911","2004-04","26.3233","-98.3233","64.9","LA JOYA, TX US","331.5","0","148.9",",0","5",",0","4",",0","2",",0","0",",0","0",",0","0",",0","0",",0","0",",0","29",",0","0",",0","","","","","7.8",",0,14,","0",",,0,30,+","0",",,0,30,+","63.5",",,0,05,","31.7",",0,24,+","318.4","0","6.6",",0","112.0",",,,0","0",",,,0","23.07",",0","28.33",",,,0","17.82",",,,0"
"USC00414911","2004-05","26.3233","-98.3233","64.9","LA JOYA, TX US","557.9","0","226.4","2,0","3",",0","3",",0","0",",0","0",",0","0",",0","0","2,0","0","2,0","0","1,0","30","1,0","16","1,0","","","","","10.0","2,0,03,","0",",,0,31,+","0",",,0,31,+","17.0",",,0,02,","40.0","1,0,31,","318.7","0","0.3","1,0","25.6",",,,0","0",",,,0","26.10","2,0","31.72","1,,,0","20.48","2,,,0"
"USC00414911","2004-06","26.3233","-98.3233","64.9","LA JOYA, TX US","860.7","0","302.8","3,0","6","1,0","6","1,0","1","1,0","0",",0","0",",0","0","3,0","0","3,0","0","2,0","28","2,0","24","2,0","","","","","21.7","3,0,26,+","0",",,0,30,+","0",",,0,30,+","81.5","1,,0,22,","39.4","2,0,02,","318.7","0","0.0","2,0","124.1","1,,,0","0",",,,0","29.56","3,0","34.87","2,,,0","24.26","3,,,0"
"USC00414911","2004-07","26.3233","-98.3233","64.9","LA JOYA, TX US","1225.6","0","364.9",",0","2",",0","1",",0","0",",0","0",",0","0",",0","0",",0","0",",0","0",",0","31",",0","29",",0","","","","","21.7",",0,16,+","0",",,0,31,+","0",",,0,31,+","11.7",",,0,27,","38.9",",0,20,+","0.0","0","0.0",",0","13.0",",,,0","0",",,,0","30.10",",0","36.05",",,,0","24.16",",,,0"
"USC00414911","2004-08","26.3233","-98.3233","64.9","LA JOYA, TX US","1602.0","0","376.4",",0","2","1,0","0","1,0","0","1,0","0",",0","0",",0","0",",0","0",",0","0",",0","31",",0","31",",0","","","","","19.4",",0,16,+","0",",,0,31,+","0",",,0,31,+","2.0","1,,0,31,","38.9",",0,06,","0.0","0","0.0",",0","3.3","1,,,0","0",",,,0","30.48",",0","37.01",",,,0","23.94",",,,0"
"USC00414911","2004-09","26.3233","-98.3233","64.9","LA JOYA, TX US","1898.6","0","296.6",",0","8",",0","6",",0","0",",0","0",",0","0",",0","0",",0","0",",0","0",",0","30",",0","26",",0","","","","","19.4",",0,10,","0",",,0,30,+","0",",,0,30,+","24.4",",,0,03,","36.7",",0,16,+","0.0","0","0.0",",0","72.4",",,,0","0",",,,0","28.22",",0","34.15",",,,0","22.29",",,,0"
"USC00414911","2004-10","26.3233","-98.3233","64.9","LA JOYA, TX US","2182.0","0","283.4","1,0","2",",0","2",",0","0",",0","0",",0","0",",0","0",",0","0",",0","0","1,0","30","1,0","26","1,0","","","","","11.7",",0,16,","0",",,0,31,+","0",",,0,31,+","3.8",",,0,15,","37.8","1,0,19,","0.0","0","0.0","1,0","6.3",",,,0","0",",,,0","27.76","1,0","33.83","1,,,0","21.70",",,,0"
"USC00414911","2004-11","26.3233","-98.3233","64.9","LA JOYA, TX US","2283.9","0","101.9",",0","2",",0","2",",0","0",",0","0",",0","0",",0","0",",0","0",",0","0",",0","28",",0","3",",0","","","","","6.1",",0,26,+","0",",,0,30,+","0",",,0,30,+","10.7",",,0,14,","35.6",",0,02,","20.0","0","20.0",",0","13.5",",,,0","0",",,,0","21.07",",0","28.48",",,,0","13.65",",,,0"
"USC00414911","2004-12","26.3233","-98.3233","64.9","LA JOYA, TX US","2310.9","0","27.0","2,0","4","2,0","4","2,0","0","2,0","1","3,0","1",",0","0","2,0","3","2,0","0","2,0","18","2,0","0","2,0","","","","","-3.9","2,0,26,","76","3,,0,25,","76",",,0,25,","7.6","2,,0,25,+","31.1","2,0,10,","148.2","0","128.2","2,0","23.3","2,,,0","76",",,,0","14.84","2,0","21.90","2,,,0","7.79","2,,,0"
"USC00414911","2005-01","26.3233","-98.3233","64.9","LA JOYA, TX US","58.1","0","58.1",",0","4",",0","4",",0","0",",0","0",",0","0",",0","0",",0","0",",0","0",",0","22",",0","0",",0","","","","","2.8",",0,15,","0",",,0,31,+","0",",,0,31,+","12.7",",,0,03,","30.6",",0,13,+","215.4","0","67.2",",0","26.7",",,,0","0",",,,0","18.04",",0","23.94",",,,0","12.14",",,,0"
"USC00414911","2005-02","26.3233","-98.3233","64.9","LA JOYA, TX US","122.5","0","64.4","1,0","4",",0","4",",0","0",",0","0",",0","0",",0","0","1,0","0","1,0","0","1,0","17","1,0","2","1,0","","","","","7.2","1,0,04,+","0",",,0,28,+","0",",,0,28,+","16.5",",,0,26,","33.3","1,0,24,","280.1","0","64.7","1,0","36.8",",,,0","0",",,,0","18.32","1,0","23.32","1,,,0","13.33","1,,,0"
"USC00414911","2005-03","26.3233","-98.3233","64.9","LA JOYA, TX US","222.0","0","99.5",",0","3",",0","3",",0","0",",0","0",",0","0",",0","0",",0","0",",0","0",",0","30",",0","7",",0","","","","","8.3",",0,29,+","0",",,0,31,+","0",",,0,31,+","5.6",",,0,09,","35.6",",0,31,","289.3","0","9.2",",0","11.1",",,,0","0",",,,0","21.25",",0","28.34",",,,0","14.15",",,,0"
"USC00414911","2005-04","26.3233","-98.3233","64.9","LA JOYA, TX US","394.2","0","172.2",",0","0",",0","0",",0","0",",0","0",",0","0",",0","0",",0","0",",0","0",",0","30",",0","13",",0","","","","","6.7",",0,04,+","0",",,0,30,+","0",",,0,30,+","0.0",",,0,30,+","40.6",",0,30,","294.5","0","5.2",",0","0.0",",,,0","0",",,,0","23.90",",0","31.29",",,,0","16.50",",,,0"
"USC00414911","2005-05","26.3233","-98.3233","64.9","LA JOYA, TX US","","","","","0",",0","0",",0","0",",0","0",",0","0",",0","","","","","","","","","","","","","","","","","0",",,0,31,+","0",",,0,31,+","0.0",",T,0,05,+","","","","","","","0.0",",T,,0","0",",,,0","","","","","",""
"USC00414911","2005-06","26.3233","-98.3233","64.9","LA JOYA, TX US","","","","","","","","","","","0",",0","0",",0","","","","","","","","","","","","","","","","","0",",,0,30,+","0",",,0,30,+","","","","","","","","","","","0",",,,0","","","","","",""
"USC00414911","2005-07","26.3233","-98.3233","64.9","LA JOYA, TX US","","","379.6",",0","7",",0","6",",0","3",",0","0",",0","0",",0","0",",0","0",",0","0",",0","31",",0","28",",0","","","","","23.3",",0,27,+","0",",,0,31,+","0",",,0,31,+","50.8",",,0,21,","39.4",",0,16,+","0.0","0","0.0",",0","138.4",",,,0","0",",,,0","30.58",",0","36.30",",,,0","24.85",",,,0"
"USC00414911","2005-08","26.3233","-98.3233","64.9","LA JOYA, TX US","","","388.0",",0","1",",0","1",",0","0",",0","0",",0","0",",0","0",",0","0",",0","0",",0","31",",0","31",",0","","","","","23.3",",0,06,+","0",",,0,31,+","0",",,0,31,+","2.5",",,0,06,","40.6",",0,31,","0.0","0","0.0",",0","2.5",",,,0","0",",,,0","30.85",",0","36.77",",,,0","24.93",",,,0"
"USC00414911","2005-09","26.3233","-98.3233","64.9","LA JOYA, TX US","","","338.8","2,0","2",",0","2",",0","0",",0","0",",0","0",",0","0","2,0","0","2,0","0","2,0","28","2,0","28","2,0","","","","","22.8","2,0,23,+","0",",,0,30,+","0",",,0,30,+","12.7",",,0,04,","40.0","2,0,30,+","0.0","0","0.0","2,0","15.7",",,,0","0",",,,0","30.43","2,0","36.69","2,,,0","24.18","2,,,0"
"USC00414911","2005-10","26.3233","-98.3233","64.9","LA JOYA, TX US","","","198.0","2,0","3",",0","3",",0","0",",0","0",",0","0",",0","0","2,0","0","2,0","0",",0","30",",0","21",",0","","","","","8.3","2,0,26,","0",",,0,31,+","0",",,0,31,+","8.4",",,0,04,","36.7",",0,03,","6.6","0","6.6",",0","18.1",",,,0","0",",,,0","24.81","2,0","31.36",",,,0","18.26","2,,,0"
"USC00414911","2005-11","26.3233","-98.3233","64.9","LA JOYA, TX US","","","113.3","1,0","4",",0","4",",0","1",",0","0",",0","0",",0","0","1,0","0","1,0","0",",0","27",",0","10",",0","","","","","5.0","1,0,30,+","0",",,0,30,+","0",",,0,30,+","25.4",",,0,12,","33.9",",0,16,","36.5","0","29.9",",0","50.8",",,,0","0",",,,0","21.22","1,0","28.81",",,,0","13.62","1,,,0"
"USC00414911","2005-12","26.3233","-98.3233","64.9","LA JOYA, TX US","","","24.6","1,0","3",",0","3",",0","0",",0","0",",0","0",",0","0","1,0","1","1,0","0",",0","19",",0","1",",0","4","","","","0.0","1,0,09,","0",",,0,31,+","0",",,0,31,+","6.4",",,0,09,","32.8",",0,28,","146.2","0","109.7",",0","12.2",",,,0","0",",,,0","15.56","1,0","22.02",",,,0","9.10","1,,,0"
"USC00414911","2006-01","26.3233","-98.3233","64.9","LA JOYA, TX US","51.6","0","51.6","2,0","0","1,0","0","1,0","0","1,0","0",",0","0",",0","0","2,0","0","2,0","0","2,0","26","2,0","1","2,0","","","","","1.7","2,0,19,","0",",,0,31,+","0",",,0,31,+","0.0","1,,0,31,+","32.2","2,0,30,","199.7","0","53.5","2,0","0.0","1,,,0","0",",,,0","18.27","2,0","26.12","2,,,0","10.41","2,,,0"
"USC00414911","2006-02","26.3233","-98.3233","64.9","LA JOYA, TX US","96.2","0","44.6",",0","0",",0","0",",0","0",",0","0",",0","0",",0","0",",0","1",",0","0",",0","23",",0","6",",0","","","","","-0.6",",0,13,","0",",,0,28,+","0",",,0,28,+","0.0",",T,0,20,+","33.3",",0,23,+","275.1","0","75.4",",0","0.0",",T,,0","0",",,,0","17.23",",0","25.33",",,,0","9.13",",,,0"
"USC00414911","2006-03","26.3233","-98.3233","64.9","LA JOYA, TX US","278.8","0","182.6",",0","2",",0","2",",0","0",",0","0",",0","0",",0","0",",0","0",",0","0",",0","29",",0","11",",0","","","","","5.6",",0,26,+","0",",,0,31,+","0",",,0,31,+","7.6",",,0,24,","38.3",",0,12,","291.7","0","16.6",",0","10.1",",,,0","0",",,,0","23.69",",0","30.04",",,,0","17.34",",,,0"
"USC00414911","2006-04","26.3233","-98.3233","64.9","LA JOYA, TX US","541.8","0","263.0",",0","1",",0","1",",0","0",",0","0",",0","0",",0","0",",0","0",",0","0",",0","30",",0","26",",0","","","","","12.8",",0,10,","0",",,0,30,+","0",",,0,30,+","3.3",",,0,26,","37.2",",0,08,","291.7","0","0.0",",0","3.3",",,,0","0",",,,0","27.10",",0","33.47",",,,0","20.72",",,,0"
"USC00414911","2006-05","26.3233","-98.3233","64.9","LA JOYA, TX US","843.6","0","301.8","1,0","2",",0","2",",0","0",",0","0","4,0","0","1,0","0","1,0","0","1,0","0","1,0","30","1,0","28","1,0","","","","","16.1","1,0,18,+","0","4,,0,31,+","0","1,,0,31,+","9.7",",,0,15,","41.7","1,0,11,","291.7","0","0.0","1,0","12.7",",,,0","0","1,,,0","28.39","1,0","35.07","1,,,0","21.71","1,,,0"
"USC00414911","2006-06","26.3233","-98.3233","64.9","LA JOYA, TX US","1169.6","0","326.0","2,0","2",",0","2",",0","1",",0","0",",0","0",",0","0","2,0","0","2,0","0",",0","30",",0","28",",0","","","","","21.1","2,0,14,+","0",",,0,30,+","0",",,0,30,+","29.5",",,0,02,","38.9",",0,20,","291.7","0","0.0",",0","32.5",",,,0","0",",,,0","29.96","2,0","36.48",",,,0","23.44","2,,,0"
"USC00414911","2006-07","26.3233","-98.3233","64.9","LA JOYA, TX US","1542.0","0","372.4",",0","4",",0","4",",0","2",",0","0",",0","0",",0","0",",0","0",",0","0",",0","31",",0","31",",0","","","","","22.2",",0,04,","0",",,0,31,+","0",",,0,31,+","43.2",",,0,27,","38.9",",0,06,","0.0","0","0.0",",0","102.9",",,,0","0",",,,0","30.35",",0","36.42",",,,0","24.27",",,,0"
"USC00414911","2006-08","26.3233","-98.3233","64.9","LA JOYA, TX US","1940.9","0","398.9",",0","2",",0","1",",0","0",",0","0",",0","0",",0","0",",0","0",",0","0",",0","31",",0","31",",0","","","","","23.3",",0,21,+","0",",,0,31,+","0",",,0,31,+","4.6",",,0,10,","38.9",",0,30,+","0.0","0","0.0",",0","5.4",",,,0","0",",,,0","31.20",",0","37.41",",,,0","25.00",",,,0"
"USC00414911","2006-09","26.3233","-98.3233","64.9","LA JOYA, TX US","2244.9","0","304.0",",0","8",",0","7",",0","4",",0","0",",0","0",",0","0",",0","0",",0","0",",0","30",",0","26",",0","","","","","17.8",",0,27,+","0",",,0,30,+","0",",,0,30,+","108.5",",,0,25,","38.3",",0,02,","0.0","0","0.0",",0","326.7",",,,0","0",",,,0","28.47",",0","34.53",",,,0","22.40",",,,0"
"USC00414911","2006-10","26.3233","-98.3233","64.9","LA JOYA, TX US","2461.0","0","216.1","1,0","6",",0","5",",0","1",",0","0",",0","0","1,0","0",",0","0",",0","0","1,0","28","1,0","16","1,0","","","","","7.8",",0,30,+","0",",,0,31,+","0","1,,0,31,+","26.7",",,0,05,","35.6","1,0,17,","3.1","0","3.1","1,0","52.6",",,,0","0","1,,,0","25.45","1,0","31.05","1,,,0","19.84",",,,0"
"USC00414911","2006-11","26.3233","-98.3233","64.9","LA JOYA, TX US","2571.9","0","110.9",",0","0",",0","0",",0","0",",0","0",",0","0",",0","0",",0","0",",0","0",",0","29",",0","7",",0","","","","","4.4",",0,18,","0",",,0,30,+","0",",,0,30,+","0.0",",T,0,13,+","34.4",",0,11,+","19.5","0","16.4",",0","0.0",",T,,0","0",",,,0","21.48",",0","28.82",",,,0","14.15",",,,0"
"USC00414911","2006-12","26.3233","-98.3233","64.9","LA JOYA, TX US","2608.0","0","36.1",",0","4",",0","4",",0","2",",0","0",",0","0",",0","0",",0","0",",0","0",",0","17",",0","0",",0","","","","","1.7",",0,27,+","0",",,0,31,+","0",",,0,31,+","66.0",",,0,24,","31.1",",0,21,","130.1","0","110.6",",0","114.3",",,,0","0",",,,0","15.93",",0","21.76",",,,0","10.10",",,,0"
"USC00414911","2007-01","26.3233","-98.3233","64.9","LA JOYA, TX US","16.7","0","16.7",",0","8",",0","6",",0","0",",0","0",",0","0",",0","0",",0","0",",0","0",",0","15",",0","0",",0","","","","","1.1",",0,18,+","0",",,0,31,+","0",",,0,31,+","24.4",",,0,25,","28.9",",0,15,+","310.4","0","180.3",",0","60.4",",,,0","0",",,,0","13.06",",0","18.53",",,,0","7.58",",,,0"
"USC00414911","2007-02","26.3233","-98.3233","64.9","LA JOYA, TX US","65.7","0","49.0","1,0","0",",0","0",",0","0",",0","0",",0","0",",0","0","1,0","0","1,0","0","1,0","18","1,0","2","1,0","","","","","1.1","1,0,17,","0",",,0,28,+","0",",,0,28,+","0.0",",T,0,12,+","37.2","1,0,24,","392.4","0","82.0","1,0","0.0",",T,,0","0",",,,0","17.11","1,0","23.81","1,,,0","10.41","1,,,0"
"USC00414911","2007-03","26.3233","-98.3233","64.9","LA JOYA, TX US","215.0","0","149.3",",0","1",",0","1",",0","0",",0","0",",0","0",",0","0",",0","0",",0","0",",0","30",",0","1",",0","","","","","0.6",",0,05,","0",",,0,31,+","0",",,0,31,+","3.8",",,0,13,","34.4",",0,15,","413.8","0","21.4",",0","3.8",",,,0","0",",,,0","22.46",",0","28.43",",,,0","16.49",",,,0"
"USC00414911","2007-04","26.3233","-98.3233","64.9","LA JOYA, TX US","370.8","0","155.8",",0","3",",0","2",",0","0",",0","0",",0","0",",0","0",",0","0",",0","0",",0","27",",0","9",",0","","","","","4.4",",0,09,+","0",",,0,30,+","0",",,0,30,+","16.5",",,0,08,","36.1",",0,26,","435.5","0","21.7",",0","25.7",",,,0","0",",,,0","22.80",",0","29.28",",,,0","16.33",",,,0"
"USC00414911","2007-05","26.3233","-98.3233","64.9","LA JOYA, TX US","639.9","0","269.1",",0","7",",0","5",",0","1",",0","0",",0","0",",0","0",",0","0",",0","0",",0","31",",0","25",",0","","","","","16.7",",0,15,+","0",",,0,31,+","0",",,0,31,+","28.7",",,0,03,","36.7",",0,07,","435.5","0","0.0",",0","62.5",",,,0","0",",,,0","27.01",",0","32.97",",,,0","21.05",",,,0"
"USC00414911","2007-06","26.3233","-98.3233","64.9","LA JOYA, TX US","1004.1","0","364.2",",0","4",",0","3",",0","0",",0","0",",0","0",",0","0",",0","0",",0","0",",0","30",",0","29",",0","","","","","22.8",",0,14,+","0",",,0,30,+","0",",,0,30,+","19.8",",,0,23,","38.3",",0,16,","435.5","0","0.0",",0","31.2",",,,0","0",",,,0","30.47",",0","36.21",",,,0","24.74",",,,0"
"USC00414911","2007-07","26.3233","-98.3233","64.9","LA JOYA, TX US","1360.1","0","356.0",",0","8","1,0","6","1,0","1","1,0","0",",0","0",",0","0",",0","0",",0","0",",0","31",",0","28",",0","","","","","21.1",",0,19,","0",",,0,31,+","0",",,0,31,+","43.7","1,,0,19,","37.8",",0,15,+","0.0","0","0.0",",0","102.4","1,,,0","0",",,,0","29.82",",0","35.05",",,,0","24.59",",,,0"
"USC00414911","2007-08","26.3233","-98.3233","64.9","LA JOYA, TX US","1690.0","0","329.9","3,0","5",",0","5",",0","1",",0","0",",0","0",",0","0","3,0","0","3,0","0","3,0","28","3,0","26","3,0","","","","","22.8","3,0,28,+","0",",,0,31,+","0",",,0,31,+","25.4",",,0,22,","38.9","3,0,14,","0.0","0","0.0","3,0","52.5",",,,0","0",",,,0","30.12","3,0","35.95","3,,,0","24.28","3,,,0"
"USC00414911","2007-09","26.3233","-98.3233","64.9","LA JOYA, TX US","2006.9","0","316.9",",0","5",",0","4",",0","1",",0","0",",0","0",",0","0",",0","0",",0","0",",0","30",",0","27",",0","","","","","20.0",",0,26,","0",",,0,30,+","0",",,0,30,+","30.5",",,0,16,","37.2",",0,27,","0.0","0","0.0",",0","52.8",",,,0","0",",,,0","28.90",",0","34.77",",,,0","23.03",",,,0"
"USC00414911","2007-10","26.3233","-98.3233","64.9","LA JOYA, TX US","2227.3","0","220.4",",0","3",",0","3",",0","0",",0","0",",0","0",",0","0",",0","0",",0","0",",0","31",",0","22",",0","","","","","8.3",",0,24,","0",",,0,31,+","0",",,0,31,+","7.4",",,0,10,","37.2",",0,19,","2.0","0","2.0",",0","16.5",",,,0","0",",,,0","25.38",",0","32.93",",,,0","17.83",",,,0"
"USC00414911","2007-11","26.3233","-98.3233","64.9","LA JOYA, TX US","2345.9","0","118.6",",0","2",",0","2",",0","0",",0","0",",0","0",",0","0",",0","0",",0","0",",0","26",",0","5",",0","","","","","5.6",",0,27,+","0",",,0,30,+","0",",,0,30,+","5.6",",,0,15,","35.6",",0,22,","44.8","0","42.8",",0","10.7",",,,0","0",",,,0","20.86",",0","27.44",",,,0","14.27",",,,0"
"USC00414911","2007-12","26.3233","-98.3233","64.9","LA JOYA, TX US","2421.9","0","76.0","1,0","0",",0","0",",0","0",",0","0",",0","0",",0","0",",0","0",",0","0","1,0","27","1,0","2","1,0","","","","","1.7",",0,17,","0",",,0,31,+","0",",,0,31,+","0.0",",T,0,14,+","33.9","1,0,03,","105.4","0","60.6","1,0","0.0",",T,,0","0",",,,0","18.79","1,0","26.62","1,,,0","10.97",",,,0"
"USC00414911","2008-01","26.3233","-98.3233","64.9","LA JOYA, TX US","27.7","0","27.7","1,0","5",",0","5",",0","0",",0","0",",0","0",",0","0","1,0","0","1,0","0",",0","16",",0","2",",0","","","","","0.6","1,0,20,+","0",",,0,31,+","0",",,0,31,+","18.5",",,0,16,","32.2",",0,30,+","222.0","0","116.6",",0","36.5",",,,0","0",",,,0","15.13","1,0","21.45",",,,0","8.81","1,,,0"
"USC00414911","2008-02","26.3233","-98.3233","64.9","LA JOYA, TX US","119.7","0","92.0","1,0","1",",0","0",",0","0",",0","0",",0","0",",0","0","1,0","0","1,0","0",",0","28",",0","6",",0","","","","","2.2","1,0,02,","0",",,0,29,+","0",",,0,29,+","0.8",",,0,21,","37.2",",0,06,","246.2","0","24.2",",0","0.8",",,,0","0",",,,0","20.75","1,0","28.55",",,,0","12.95","1,,,0"
"USC00414911","2008-03","26.3233","-98.3233","64.9","LA JOYA, TX US","236.0","0","116.3",",0","0",",0","0",",0","0",",0","0",",0","0",",0","0",",0","0",",0","0",",0","30",",0","6",",0","","","","","3.3",",0,08,","0",",,0,31,+","0",",,0,31,+","0.0",",,0,31,+","39.4",",0,16,+","266.4","0","20.2",",0","0.0",",,,0","0",",,,0","21.43",",0","29.46",",,,0","13.40",",,,0"
"USC00414911","2008-04","26.3233","-98.3233","64.9","LA JOYA, TX US","439.0","0","203.0",",0","1",",0","1",",0","1",",0","0",",0","0",",0","0",",0","0",",0","0",",0","30",",0","15",",0","","","","","10.0",",0,30,","0",",,0,30,+","0",",,0,30,+","29.7",",,0,28,","40.6",",0,11,","266.4","0","0.0",",0","29.7",",,,0","0",",,,0","25.10",",0","31.88",",,,0","18.32",",,,0"
"USC00414911","2008-05","26.3233","-98.3233","64.9","LA JOYA, TX US","771.8","0","332.8",",0","2",",0","2",",0","0",",0","0",",0","0",",0","0",",0","0",",0","0",",0","31",",0","27",",0","","","","","16.7",",0,01,","0",",,0,31,+","0",",,0,31,+","7.6",",,0,15,","40.6",",0,24,","266.4","0","0.0",",0","11.4",",,,0","0",",,,0","29.07",",0","35.12",",,,0","23.02",",,,0"
"USC00414911","2008-06","26.3233","-98.3233","64.9","LA JOYA, TX US","1145.2","0","373.4",",0","0",",0","0",",0","0",",0","0",",0","0",",0","0",",0","0",",0","0",",0","30",",0","30",",0","","","","","23.9",",0,24,+","0",",,0,30,+","0",",,0,30,+","0.0",",T,0,09,+","38.9",",0,21,+","266.4","0","0.0",",0","0.0",",T,,0","0",",,,0","30.78",",0","36.76",",,,0","24.80",",,,0"
"USC00414911","2008-07","26.3233","-98.3233","64.9","LA JOYA, TX US","1461.5","0","316.3","1,0","9",",0","9",",0","1",",0","0",",0","0",",0","0",",0","0",",0","0","1,0","30","1,0","23","1,0","","","","","22.2",",0,07,+","0",",,0,31,+","0",",,0,31,+","83.8",",,0,24,","37.8","1,0,23,","0.0","0","0.0","1,0","187.9",",,,0","0",",,,0","28.86","1,0","33.69","1,,,0","24.04",",,,0"
"USC00414911","2008-08","26.3233","-98.3233","64.9","LA JOYA, TX US","1830.2","0","368.7",",0","6",",0","6",",0","2",",0","0",",0","0",",0","0",",0","0",",0","0",",0","31",",0","28",",0","","","","","23.3",",0,27,+","0",",,0,31,+","0",",,0,31,+","34.8",",,0,24,","38.3",",0,13,+","0.0","0","0.0",",0","88.4",",,,0","0",",,,0","30.23",",0","35.49",",,,0","24.96",",,,0"
"USC00414911","2008-09","26.3233","-98.3233","64.9","LA JOYA, TX US","2098.0","0","267.8",",0","6",",0","6",",0","4",",0","0",",0","0",",0","0",",0","0",",0","0",",0","30",",0","20",",0","","","","","15.6",",0,18,+","0",",,0,30,+","0",",,0,30,+","43.4",",,0,05,","38.9",",0,04,","0.0","0","0.0",",0","169.0",",,,0","0",",,,0","27.26",",0","33.34",",,,0","21.18",",,,0"
"USC00414911","2008-10","26.3233","-98.3233","64.9","LA JOYA, TX US","2275.6","0","177.6",",0","3",",0","3",",0","0",",0","0",",0","0",",0","0",",0","0",",0","0",",0","31",",0","17",",0","","","","","5.6",",0,29,","0",",,0,31,+","0",",,0,31,+","10.7",",,0,17,","35.6",",0,02,","3.3","0","3.3",",0","20.8",",,,0","0",",,,0","23.96",",0","31.37",",,,0","16.54",",,,0"
"USC00414911","2008-11","26.3233","-98.3233","64.9","LA JOYA, TX US","2373.1","0","97.5","1,0","2",",0","1",",0","0",",0","0",",0","0","1,0","0",",0","0",",0","0","1,0","28","1,0","2","1,0","","","","","3.3",",0,18,+","0",",,0,30,+","0","1,,0,30,+","3.3",",,0,14,","32.8","1,0,12,","24.9","0","21.6","1,0","5.1",",,,0","0","1,,,0","20.85","1,0","28.29","1,,,0","13.42",",,,0"
"USC00414911","2008-12","26.3233","-98.3233","64.9","LA JOYA, TX US","2416.6","0","43.5",",0","2",",0","1",",0","0",",0","0",",0","0",",0","0",",0","0",",0","0",",0","23",",0","2",",0","","","","","1.7",",0,12,+","0",",,0,31,+","0",",,0,31,+","6.4",",,0,28,","33.9",",0,28,","124.8","0","99.9",",0","8.2",",,,0","0",",,,0","16.51",",0","23.64",",,,0","9.39",",,,0"
"USC00414911","2009-01","26.3233","-98.3233","64.9","LA JOYA, TX US","43.6","0","43.6","1,0","0",",0","0",",0","0",",0","0",",0","0",",0","0","1,0","0","1,0","0","1,0","26","1,0","1","1,0","","","","","2.2","1,0,15,+","0",",,0,31,+","0",",,0,31,+","0.0",",T,0,06,+","32.8","1,0,28,","173.4","0","48.6","1,0","0.0",",T,,0","0",",,,0","18.17","1,0","25.95","1,,,0","10.38","1,,,0"
"USC00414911","2009-02","26.3233","-98.3233","64.9","LA JOYA, TX US","143.0","0","99.4",",0","2",",0","1",",0","0",",0","0",",0","0",",0","0",",0","0",",0","0",",0","28",",0","7",",0","","","","","2.8",",0,04,","0",",,0,28,+","0",",,0,28,+","5.3",",,0,17,","39.4",",0,28,","196.9","0","23.5",",0","6.6",",,,0","0",",,,0","21.04",",0","29.19",",,,0","12.90",",,,0"
"USC00414911","2009-03","26.3233","-98.3233","64.9","LA JOYA, TX US","285.9","0","142.9",",0","3",",0","1",",0","0",",0","0",",0","0",",0","0",",0","0",",0","0",",0","27",",0","6",",0","","","","","2.8",",0,04,+","0",",,0,31,+","0",",,0,31,+","8.4",",,0,15,","38.3",",0,28,","236.9","0","40.0",",0","11.0",",,,0","0",",,,0","21.65",",0","28.88",",,,0","14.43",",,,0"
"USC00414911","2009-04","26.3233","-98.3233","64.9","LA JOYA, TX US","506.1","0","220.2",",0","1",",0","1",",0","0",",0","0",",0","0",",0","0",",0","0",",0","0",",0","30",",0","20",",0","","","","","7.2",",0,08,","0",",,0,30,+","0",",,0,30,+","2.5",",,0,19,","36.7",",0,14,","240.2","0","3.3",",0","2.5",",,,0","0",",,,0","25.56",",0","32.88",",,,0","18.25",",,,0"
"USC00414911","2009-05","26.3233","-98.3233","64.9","LA JOYA, TX US","814.8","0","308.7","1,0","3","2,0","2","2,0","1","2,0","0",",0","0",",0","0","1,0","0","1,0","0","1,0","30","1,0","29","1,0","","","","","14.4","1,0,20,+","0",",,0,31,+","0",",,0,31,+","27.9","2,,0,28,","38.3","1,0,26,+","240.2","0","0.0","1,0","57.1",",a,,0","0",",,,0","28.62","1,0","34.87","1,,,0","22.37","1,,,0"
"USC00414911","2009-06","26.3233","-98.3233","64.9","LA JOYA, TX US","1159.1","0","344.3","2,0","2",",0","2",",0","0",",0","0",",0","0",",0","0","2,0","0","2,0","0",",0","30",",0","29",",0","","","","","17.8","2,0,02,","0",",,0,30,+","0",",,0,30,+","7.6",",,0,25,","38.9",",0,28,","240.2","0","0.0",",0","14.7",",,,0","0",",,,0","30.60","2,0","36.70",",,,0","24.49","2,,,0"
"USC00414911","2009-07","26.3233","-98.3233","64.9","LA JOYA, TX US","1597.0","0","437.9",",0","1",",0","1",",0","0",",0","0",",0","0",",0","0",",0","0",",0","0",",0","31",",0","31",",0","","","","","24.4",",0,12,+","0",",,0,31,+","0",",,0,31,+","3.8",",,0,11,","42.8",",0,08,","0.0","0","0.0",",0","3.8",",,,0","0",",,,0","32.46",",0","39.03",",,,0","25.89",",,,0"
"USC00414911","2009-08","26.3233","-98.3233","64.9","LA JOYA, TX US","","","","","1",",0","0",",0","0",",0","0",",0","0",",0","","","","","","","","","","","","","","","","","0",",,0,31,+","0",",,0,31,+","0.8",",,0,30,","","","","","","","0.8",",,,0","0",",,,0","","","","","",""
"USC00414911","2009-09","26.3233","-98.3233","64.9","LA JOYA, TX US","","","303.8",",0","11",",0","9",",0","0",",0","0",",0","0",",0","0",",0","0",",0","0",",0","28",",0","26",",0","","","","","15.6",",0,25,+","0",",,0,30,+","0",",,0,30,+","21.6",",,0,11,","38.9",",0,17,+","","","1.9",",0","91.4",",,,0","0",",,,0","28.40",",0","34.21",",,,0","22.58",",,,0"
"USC00414911","2009-10","26.3233","-98.3233","64.9","LA JOYA, TX US","","","234.7",",0","4",",0","3",",0","0",",0","0",",0","0",",0","0",",0","0",",0","0",",0","30",",0","16",",0","","","","","8.9",",0,31,","0",",,0,31,+","0",",,0,31,+","13.2",",,0,17,","37.8",",0,16,+","","","2.2",",0","24.1",",,,0","0",",,,0","25.83",",0","31.81",",,,0","19.86",",,,0"
"USC00414911","2009-11","26.3233","-98.3233","64.9","LA JOYA, TX US","","","62.3",",0","3",",0","3",",0","0",",0","0",",0","0",",0","0",",0","0",",0","0",",0","30",",0","0",",0","","","","","6.7",",0,19,+","0",",,0,30,+","0",",,0,30,+","14.7",",,0,25,","31.7",",0,16,","","","12.5",",0","22.3",",,,0","0",",,,0","19.99",",0","27.46",",,,0","12.52",",,,0"
"USC00414911","2009-12","26.3233","-98.3233","64.9","LA JOYA, TX US","","","8.9",",0","7",",0","7",",0","3",",0","0",",0","0",",0","0",",0","2",",0","0",",0","12",",0","0",",0","","","","","-4.4",",0,06,","0",",,0,31,+","0",",,0,31,+","76.2",",,0,16,","30.0",",0,09,","","","176.3",",0","178.1",",,,0","0",",,,0","12.93",",0","18.28",",,,0","7.59",",,,0"
"USC00414911","2010-01","26.3233","-98.3233","64.9","LA JOYA, TX US","23.0","0","23.0","1,0","5",",0","5",",0","0",",0","0",",0","0",",0","0","1,0","3","1,0","0","1,0","16","1,0","0","1,0","","","","","-4.4","1,0,10,","0",",,0,31,+","0",",,0,31,+","5.1",",,0,28,","30.6","1,0,21,","","","131.9","1,0","24.1",",,,0","0",",,,0","14.71","1,0","21.61","1,,,0","7.80","1,,,0"
"USC00414911","2010-02","26.3233","-98.3233","64.9","LA JOYA, TX US","26.0","0","3.0",",0","7",",0","7",",0","1",",0","0",",0","0",",0","0",",0","1",",0","0",",0","11",",0","0",",0","","","","","-0.6",",0,16,","0",",,0,28,+","0",",,0,28,+","26.7",",,0,04,","29.4",",0,09,","","","133.1",",0","77.5",",,,0","0",",,,0","13.69",",0","20.31",",,,0","7.06",",,,0"
"USC00414911","2010-03","26.3233","-98.3233","64.9","LA JOYA, TX US","77.5","0","51.5",",0","1",",0","1",",0","0",",0","0",",0","0",",0","0",",0","0",",0","0",",0","29",",0","2",",0","","","","","5.0",",0,21,","0",",,0,31,+","0",",,0,31,+","11.4",",,0,17,","35.6",",0,11,","","","30.2",",0","11.4",",,,0","0",",,,0","19.02",",0","26.65",",,,0","11.38",",,,0"
"USC00414911","2010-04","26.3233","-98.3233","64.9","LA JOYA, TX US","245.0","0","167.5",",0","8",",0","8",",0","2",",0","0",",0","0",",0","0",",0","0",",0","0",",0","30",",0","7",",0","","","","","10.0",",0,10,+","0",",,0,30,+","0",",,0,30,+","50.8",",,0,14,","35.6",",0,26,","","","0.5",",0","127.2",",,,0","0",",,,0","23.90",",0","29.65",",,,0","18.15",",,,0"
"USC00414911","2010-05","26.3233","-98.3233","64.9","LA JOYA, TX US","543.4","0","298.4",",0","4",",0","3",",0","2",",0","0",",0","0",",0","0",",0","0",",0","0",",0","31",",0","27",",0","","","","","16.1",",0,05,+","0",",,0,31,+","0",",,0,31,+","50.0",",,0,27,","38.9",",0,01,","","","0.0",",0","104.3",",,,0","0",",,,0","27.96",",0","33.52",",,,0","22.40",",,,0"
"USC00414911","2010-06","26.3233","-98.3233","64.9","LA JOYA, TX US","902.0","0","358.6",",0","5",",0","5",",0","1",",0","0",",0","0",",0","0",",0","0",",0","0",",0","30",",0","30",",0","","","","","20.0",",0,03,","0",",,0,30,+","0",",,0,30,+","27.9",",,0,08,","37.8",",0,29,+","","","0.0",",0","63.5",",,,0","0",",,,0","30.29",",0","36.03",",,,0","24.54",",,,0"
"USC00414911","2010-07","26.3233","-98.3233","64.9","LA JOYA, TX US","1236.7","0","334.7","1,0","10",",0","10",",0","2",",0","0",",0","0",",0","0","1,0","0","1,0","0","1,0","30","1,0","25","1,0","","","","","23.3","1,0,31,+","0",",,0,31,+","0",",,0,31,+","152.4",",,0,01,","36.7","1,0,18,+","0.0","0","0.0","1,0","256.6",",,,0","0",",,,0","29.49","1,0","34.30","1,,,0","24.68","1,,,0"
"USC00414911","2010-08","26.3233","-98.3233","64.9","LA JOYA, TX US","1620.8","0","384.1","1,0","0",",0","0",",0","0",",0","0",",0","0",",0","0","1,0","0","1,0","0",",0","31",",0","31",",0","","","","","21.7","1,0,29,","0",",,0,31,+","0",",,0,31,+","0.0",",,0,31,+","39.4",",0,25,","0.0","0","0.0",",0","0.0",",,,0","0",",,,0","31.14","1,0","37.14",",,,0","25.14","1,,,0"
"USC00414911","2010-09","26.3233","-98.3233","64.9","LA JOYA, TX US","1928.0","0","307.2",",0","11",",0","9",",0","1",",0","0",",0","0",",0","0",",0","0",",0","0",",0","30",",0","26",",0","","","","","14.4",",0,29,+","0",",,0,30,+","0",",,0,30,+","29.7",",,0,20,","37.8",",0,02,+","0.0","0","0.0",",0","120.6",",,,0","0",",,,0","28.57",",0","34.35",",,,0","22.80",",,,0"
"USC00414911","2010-10","26.3233","-98.3233","64.9","LA JOYA, TX US","2120.0","0","192.0",",0","0",",0","0",",0","0",",0","0",",0","0",",0","0",",0","0",",0","0",",0","31",",0","18",",0","","","","","7.8",",0,31,+","0",",,0,31,+","0",",,0,31,+","0.0",",T,0,29,","35.6",",0,27,","0.6","0","0.6",",0","0.0",",T,,0","0",",,,0","24.51",",0","32.30",",,,0","16.72",",,,0"
"USC00414911","2010-11","26.3233","-98.3233","64.9","LA JOYA, TX US","2217.8","0","97.8",",0","0",",0","0",",0","0",",0","0",",0","0",",0","0",",0","0",",0","0",",0","27",",0","6",",0","","","","","2.2",",0,28,+","0",",,0,30,+","0",",,0,30,+","0.0",",,0,30,+","35.0",",0,02,","36.1","0","35.5",",0","0.0",",,,0","0",",,,0","20.41",",0","28.28",",,,0","12.53",",,,0"
"USC00414911","2010-12","26.3233","-98.3233","64.9","LA JOYA, TX US","2260.3","0","42.5",",0","2",",0","1",",0","0",",0","0",",0","0",",0","0",",0","2",",0","0",",0","23",",0","1",",0","","","","","-0.6",",0,27,+","0",",,0,31,+","0",",,0,31,+","3.8",",,0,28,","32.2",",0,12,","131.2","0","95.1",",0","4.3",",,,0","0",",,,0","16.64",",0","24.35",",,,0","8.92",",,,0"
"USC00414911","2011-01","26.3233","-98.3233","64.9","LA JOYA, TX US","20.0","7","20.0",",K","3",",K","3",",K","0",",K","","","","","0",",K","0",",K","0",",K","21",",K","0",",K","","","","","1.1",",K,23,","","","","","11.4",",,K,16,","31.1",",K,31,+","254.0","7","122.8",",K","17.7",",,,K","","","15.02",",K","21.85",",,,K","8.18",",,,K"
"USC00414911","2011-02","26.3233","-98.3233","64.9","LA JOYA, TX US","108.5","7","88.5",",K","1",",K","0",",K","0",",K","","","","","0",",K","8",",K","0",",K","20",",K","2",",K","","","","","-3.3",",K,06,+","","","","","0.5",",,K,04,","36.1",",K,25,","380.3","7","126.3",",K","0.5",",,,K","","","16.98",",K","24.03",",,,K","9.94",",,,K"
"USC00414911","2011-03","26.3233","-98.3233","64.9","LA JOYA, TX US","269.1","7","160.6","2,7","0","2,7","0","2,7","0","2,7","","","","","0","2,7","0","2,7","0","2,7","29","2,7","6","2,7","","","","","7.8","2,7,11,+","","","","","0.0","2,,7,31,+","36.7","2,7,09,","384.4","7","4.1","2,7","0.0","2,,,7","","","23.73","2,7","30.59","2,,,7","16.87","2,,,7"
"USC00414911","2011-04","26.3233","-98.3233","64.9","LA JOYA, TX US","539.1","7","270.0",",7","0",",7","0",",7","0",",7","","","","","0",",7","0",",7","0",",7","30",",7","24",",7","","","","","12.8",",7,13,","","","","","0.0",",,7,30,+","40.0",",7,05,","384.4","7","0.0",",7","0.0",",,,7","","","27.33",",7","34.27",",,,7","20.40",",,,7"
"USC00414911","2011-05","26.3233","-98.3233","64.9","LA JOYA, TX US","843.7","7","304.6","1,7","0","1,7","0","1,7","0","1,7","","","","","0","1,7","0","1,7","0","1,7","30","1,7","23","1,7","","","","","13.3","1,7,06,+","","","","","0.0","1,T,7,20,+","39.4","1,7,21,","384.4","7","0.0","1,7","0.0","1,T,,7","","","28.49","1,7","34.04","1,,,7","22.93","1,,,7"
"USC00414911","2011-06","26.3233","-98.3233","64.9","LA JOYA, TX US","1212.9","7","369.2",",7","3",",7","2",",7","1",",7","","","","","0",",7","0",",7","0",",7","30",",7","29",",7","","","","","21.1",",7,07,+","","","","","32.5",",,7,23,","40.0",",7,18,","384.4","7","0.0",",7","48.3",",,,7","","","30.64",",7","36.82",",,,7","24.46",",,,7"
"USC00414911","2011-07","26.3233","-98.3233","64.9","LA JOYA, TX US","1603.1","7","390.2",",7","3",",7","3",",7","0",",7","","","","","0",",7","0",",7","0",",7","31",",7","30",",7","","","","","23.3",",7,08,+","","","","","13.5",",,7,02,","39.4",",7,20,","0.0","7","0.0",",7","30.3",",,,7","","","30.92",",7","36.64",",,,7","25.20",",,,7"
"USC00414911","2011-08","26.3233","-98.3233","64.9","LA JOYA, TX US","2042.8","7","439.7",",7","1",",7","1",",7","0",",7","","","","","0",",7","0",",7","0",",7","31",",7","31",",7","","","","","23.9",",7,28,+","","","","","10.2",",,7,27,","40.6",",7,04,","0.0","7","0.0",",7","10.2",",,,7","","","32.52",",7","39.14",",,,7","25.89",",,,7"
"USC00414911","2011-09","26.3233","-98.3233","64.9","LA JOYA, TX US","2411.4","7","368.6",",7","3",",7","2",",7","0",",7","","","","","0",",7","0",",7","0",",7","30",",7","30",",7","","","","","17.8",",7,08,","","","","","10.2",",,7,01,","42.2",",7,05,","0.0","7","0.0",",7","14.0",",,,7","","","30.62",",7","38.25",",,,7","22.99",",,,7"
"USC00414911","2011-10","26.3233","-98.3233","64.9","LA JOYA, TX US","2631.0","7","219.6","1,7","0","1,7","0","1,7","0","1,7","","","","","0","1,7","0","1,7","0","1,7","30","1,7","24","1,7","","","","","8.3","1,7,30,","","","","","0.0","1,T,7,08,","37.8","1,7,01,","3.1","7","3.1","1,7","0.0","1,T,,7","","","25.55","1,7","33.38","1,,,7","17.72","1,,,7"
"USC00414911","2011-11","26.3233","-98.3233","64.9","LA JOYA, TX US","2744.1","7","113.1","1,7","0",",7","0",",7","0",",7","","","","","0","1,7","0","1,7","0",",7","30",",7","7",",7","","","","","1.1","1,7,28,","","","","","0.0",",,7,30,+","36.1",",7,09,","26.7","7","23.6",",7","0.0",",,,7","","","21.40","1,7","29.58",",,,7","13.21","1,,,7"
"USC00414911","2011-12","26.3233","-98.3233","64.9","LA JOYA, TX US","2771.0","7","26.9","2,7","7","1,7","5","1,7","1","1,7","","","","","0","1,7","0","1,7","0","2,7","17","2,7","0","2,7","","","","","0.6","1,7,08,+","","","","","50.8","1,,7,11,","28.9","2,7,31,+","126.8","7","100.1","2,7","72.5","1,,,7","","","15.78","2,7","21.88","2,,,7","9.69","1,,,7"
"USC00414911","2012-01","26.3233","-98.3233","64.9","LA JOYA, TX US","48.5","7","48.5",",7","0",",7","0",",7","0",",7","","","","","0",",7","0",",7","0",",7","24",",7","1",",7","","","","","1.1",",7,04,","","","","","0.0",",T,7,02,","32.8",",7,18,","192.8","7","66.0",",7","0.0",",T,,7","","","17.77",",7","24.52",",,,7","11.02",",,,7"
"USC00414911","2012-02","26.3233","-98.3233","64.9","LA JOYA, TX US","106.5","7","58.0",",7","11",",7","6",",7","0",",7","","","","","0",",7","0",",7","0",",7","18",",7","0",",7","","","","","6.7",",7,26,+","","","","","24.1",",,7,05,","30.6",",7,23,","263.8","7","71.0",",7","77.0",",,,7","","","17.89",",7","22.67",",,,7","13.11",",,,7"
"USC00414911","2012-03","26.3233","-98.3233","64.9","LA JOYA, TX US","241.4","7","134.9","3,7","2","3,7","2","3,7","0","3,7","","","","","0","3,7","0","3,7","0","3,7","26","3,7","4","3,7","","","","","6.7","3,7,05,+","","","","","22.9","3,,7,30,","33.3","3,7,03,","285.4","7","21.6","3,7","27.5","3,,,7","","","22.38","3,7","28.34","3,,,7","16.43","3,,,7"
"USC00414911","2012-04","26.3233","-98.3233","64.9","LA JOYA, TX US","485.3","7","243.9",",7","2",",7","2",",7","0",",7","","","","","0",",7","0",",7","0",",7","30",",7","22",",7","","","","","12.8",",7,23,","","","","","10.4",",,7,21,","36.1",",7,16,","285.4","7","0.0",",7","12.9",",,,7","","","26.46",",7","32.96",",,,7","19.96",",,,7"
"USC00414911","2012-05","26.3233","-98.3233","64.9","LA JOYA, TX US","785.1","7","299.8","1,7","4","1,7","3","1,7","0","1,7","","","","","0","1,7","0","1,7","0","1,7","30","1,7","27","1,7","","","","","18.3","1,7,19,+","","","","","11.4","1,,7,11,","38.3","1,7,26,","285.4","7","0.0","1,7","30.5","1,,,7","","","28.33","1,7","34.55","1,,,7","22.11","1,,,7"
"USC00414911","2012-06","26.3233","-98.3233","64.9","LA JOYA, TX US","1169.4","7","384.3",",7","0",",7","0",",7","0",",7","","","","","0",",7","0",",7","0",",7","30",",7","30",",7","","","","","20.6",",7,24,","","","","","0.0",",T,7,22,+","40.6",",7,27,+","285.4","7","0.0",",7","0.0",",T,,7","","","31.14",",7","37.69",",,,7","24.59",",,,7"
"USC00414911","2012-07","26.3233","-98.3233","64.9","LA JOYA, TX US","1550.1","7","380.7","2,7","4","1,7","3","1,7","0","1,7","","","","","0","1,7","0","1,7","0","2,7","29","2,7","29","2,7","","","","","22.8","1,7,02,+","","","","","18.5","1,,7,01,","39.4","2,7,31,+","0.0","7","0.0","2,7","29.5","1,,,7","","","31.42","2,7","37.50","2,,,7","25.33","1,,,7"
"USC00414911","2012-08","26.3233","-98.3233","64.9","LA JOYA, TX US","1953.1","7","403.0","2,7","0","2,7","0","2,7","0","2,7","","","","","0","2,7","0","2,7","0","2,7","29","2,7","29","2,7","","","","","23.3","2,7,28,+","","","","","0.0","2,,7,31,+","42.8","2,7,31,+","0.0","7","0.0","2,7","0.0","2,,,7","","","32.23","2,7","39.01","2,,,7","25.45","2,,,7"
"USC00414911","2012-09","26.3233","-98.3233","64.9","LA JOYA, TX US","2271.0","7","317.9","3,7","3","3,7","2","3,7","0","3,7","","","","","0","3,7","0","3,7","0","3,7","27","3,7","27","3,7","","","","","18.9","3,7,22,","","","","","12.7","3,,7,10,","40.6","3,7,09,","0.0","7","0.0","3,7","16.5","3,,,7","","","30.11","3,7","36.84","3,,,7","23.37","3,,,7"
"USC00414911","2012-10","26.3233","-98.3233","64.9","LA JOYA, TX US","2531.3","7","260.3","1,7","0","1,7","0","1,7","0","1,7","","","","","0","1,7","0","1,7","0","1,7","30","1,7","24","1,7","","","","","11.1","1,7,27,","","","","","0.0","1,,7,31,+","42.2","1,7,19,","1.6","7","1.6","1,7","0.0","1,,,7","","","26.96","1,7","33.92","1,,,7","19.99","1,,,7"
"USC00414911","2012-11","26.3233","-98.3233","64.9","LA JOYA, TX US","2640.4","7","109.1","1,7","2","1,7","2","1,7","0","1,7","","","","","0","1,7","0","1,7","0","1,7","27","1,7","7","1,7","","","","","10.6","1,7,29,+","","","","","21.1","1,,7,24,","33.9","1,7,01,","7.8","7","6.2","1,7","26.2","1,,,7","","","21.88","1,7","27.99","1,,,7","15.78","1,,,7"
"USC00414911","2012-12","26.3233","-98.3233","64.9","LA JOYA, TX US","2733.3","7","92.9","2,7","0","2,7","0","2,7","0","2,7","","","","","0","2,7","0","2,7","0","2,7","21","2,7","1","2,7","","","","","3.9","2,7,27,+","","","","","0.0","2,,7,31,+","32.8","2,7,20,","61.4","7","53.6","2,7","0.0","2,,,7","","","19.69","2,7","26.20","2,,,7","13.18","2,,,7"
"USC00414911","2013-01","26.3233","-98.3233","64.9","LA JOYA, TX US","44.9","7","44.9","2,7","4","2,7","4","2,7","0","2,7","","","","","0","2,7","0","2,7","0","2,7","19","2,7","1","2,7","","","","","2.8","2,7,18,","","","","","7.9","2,,7,10,","32.8","2,7,30,","164.7","7","103.3","2,7","23.6","2,,,7","","","16.32","2,7","21.84","2,,,7","10.79","2,,,7"
"USC00414911","2013-02","26.3233","-98.3233","64.9","LA JOYA, TX US","126.6","7","81.7","3,7","0","3,7","0","3,7","0","3,7","","","","","0","3,7","0","3,7","0","3,7","25","3,7","4","3,7","","","","","6.7","3,7,14,+","","","","","0.0","3,T,7,12,","37.2","3,7,11,","181.1","7","16.4","3,7","0.0","3,T,,7","","","20.94","3,7","28.09","3,,,7","13.80","3,,,7"
"USC00414911","2013-03","26.3233","-98.3233","64.9","LA JOYA, TX US","204.4","7","77.8","5,7","0","4,7","0","4,7","0","4,7","","","","","0","5,7","0","5,7","0","4,7","27","4,7","5","4,7","","","","","5.0","5,7,04,","","","","","0.0","4,,7,31,+","38.9","4,7,24,+","195.2","7","14.1","4,7","0.0","4,,,7","","","20.74","5,7","28.24","4,,,7","13.25","5,,,7"
"USC00414911","2013-04","26.3233","-98.3233","64.9","LA JOYA, TX US","373.1","7","168.7",",7","2",",7","2",",7","0",",7","","","","","0",",7","0",",7","0",",7","29",",7","10",",7","","","","","7.8",",7,21,","","","","","20.3",",,7,29,","36.1",",7,10,+","202.4","7","7.2",",7","24.4",",,,7","","","23.72",",7","30.18",",,,7","17.26",",,,7"
"USC00414911","2013-05","26.3233","-98.3233","64.9","LA JOYA, TX US","617.0","7","243.9","2,7","3","2,7","3","2,7","0","2,7","","","","","0","2,7","0","2,7","0","2,7","29","2,7","19","2,7","","","","","10.6","2,7,05,","","","","","11.4","2,,7,25,","36.1","2,7,11,","203.0","7","0.6","2,7","28.7","2,,,7","","","26.72","2,7","32.22","2,,,7","21.23","2,,,7"
"USC00414911","2013-07","26.3233","-98.3233","64.9","LA JOYA, TX US","","","320.5","4,7","3","4,7","2","4,7","0","4,7","","","","","0","4,7","0","4,7","0","4,7","27","4,7","25","4,7","","","","","20.6","4,7,04,","","","","","17.8","4,,7,08,","39.4","4,7,27,","0.0","7","0.0","4,7","36.4","4,,,7","","","30.20","4,7","36.07","4,,,7","24.33","4,,,7"
"USC00414911","2013-08","26.3233","-98.3233","64.9","LA JOYA, TX US","","","389.5",",7","4",",7","4",",7","0",",7","","","","","0",",7","0",",7","0",",7","31",",7","31",",7","","","","","21.7",",7,20,","","","","","22.9",",,7,27,","40.6",",7,08,+","0.0","7","0.0",",7","35.6",",,,7","","","30.90",",7","37.24",",,,7","24.55",",,,7"
"USC00414911","2013-09","26.3233","-98.3233","64.9","LA JOYA, TX US","","","280.6","2,7","11","2,7","10","2,7","0","2,7","","","","","0","2,7","0","2,7","0","2,7","28","2,7","24","2,7","","","","","18.3","2,7,25,+","","","","","22.9","2,,7,20,","37.2","2,7,02,+","0.0","7","0.0","2,7","120.2","2,,,7","","","28.35","2,7","33.70","2,,,7","23.01","2,,,7"
"USC00414911","2013-10","26.3233","-98.3233","64.9","LA JOYA, TX US","","","213.5","2,7","0","1,7","0","1,7","0","1,7","","","","","0","2,7","0","2,7","0","1,7","29","1,7","19","1,7","","","","","12.2","2,7,24,+","","","","","0.0","1,T,7,21,+","35.6","1,7,03,","0.0","7","0.0","1,7","0.0","1,T,,7","","","25.75","2,7","32.09","1,,,7","19.41","2,,,7"
"USC00414911","2013-11","26.3233","-98.3233","64.9","LA JOYA, TX US","","","78.3","2,7","5","2,7","4","2,7","1","2,7","","","","","0","2,7","0","2,7","0","2,7","20","2,7","2","2,7","","","","","1.7","2,7,29,+","","","","","50.8","2,,7,07,","34.4","2,7,02,+","66.9","7","66.9","2,7","94.2","2,,,7","","","18.74","2,7","24.51","2,,,7","12.97","2,,,7"
"USC00414911","2014-01","26.3233","-98.3233","64.9","LA JOYA, TX US","4.7","7","4.7",",7","3","1,7","3","1,7","1","1,7","","","","","0",",7","0",",7","0",",7","20",",7","0",",7","","","","","0.6",",7,30,+","","","","","76.5","1,,7,01,","30.0",",7,12,","","","171.4",",7","96.8","1,,,7","","","12.96",",7","20.18",",,,7","5.73",",,,7"
"USC00414911","2014-03","26.3233","-98.3233","64.9","LA JOYA, TX US","","","65.9",",7","5",",7","5",",7","1",",7","","","","","0",",7","0",",7","0",",7","24",",7","2",",7","","","","","2.8",",7,04,","","","","","35.6",",,7,09,","36.1",",7,29,","","","64.4",",7","71.1",",,,7","","","18.38",",7","24.17",",,,7","12.59",",,,7"
"USC00414911","2014-04","26.3233","-98.3233","64.9","LA JOYA, TX US","","","176.9","1,7","0","1,7","0","1,7","0","1,7","","","","","0","1,7","0","1,7","0","1,7","29","1,7","9","1,7","","","","","7.8","1,7,16,","","","","","0.0","1,T,7,18,","41.1","1,7,28,","","","4.4","1,7","0.0","1,T,,7","","","24.28","1,7","30.45","1,,,7","18.11","1,,,7"
"USC00414911","2014-05","26.3233","-98.3233","64.9","LA JOYA, TX US","","","215.3","2,7","2","2,7","2","2,7","0","2,7","","","","","0","2,7","0","2,7","0","2,7","29","2,7","14","2,7","","","","","12.2","2,7,17,+","","","","","23.4","2,,7,29,","36.1","2,7,31,+","","","0.0","2,7","31.0","2,,,7","","","25.76","2,7","31.67","2,,,7","19.85","2,,,7"
"USC00414911","2014-12","26.3233","-98.3233","64.9","LA JOYA, TX US","","","","","","","","","","","","","","","","","","","","","","","","","2","","","","","","","","","","","","","","","","","","","","","","","","","","",""
"USC00414911","2015-01","26.3233","-98.3233","64.9","LA JOYA, TX US","2.8","7","2.8",",7","4",",7","4",",7","1",",7","","","","","0",",7","0",",7","0",",7","8",",7","0",",7","2","","","","1.7",",7,24,+","","","","","27.9",",,7,11,","28.9",",7,21,","","","225.3",",7","53.3",",,,7","","","11.16",",7","16.35",",,,7","5.96",",,,7"
"USC00414911","2015-02","26.3233","-98.3233","64.9","LA JOYA, TX US","21.5","7","18.7",",7","2",",7","2",",7","0",",7","","","","","0",",7","0",",7","0",",7","17",",7","0",",7","1","","","","2.2",",7,18,","","","","","12.7",",,7,04,","30.0",",7,22,","","","116.9",",7","21.6",",,,7","","","14.82",",7","20.77",",,,7","8.88",",,,7"
"USC00414911","2015-03","26.3233","-98.3233","64.9","LA JOYA, TX US","68.2","7","46.7",",7","5",",7","5",",7","0",",7","","","","","0",",7","0",",7","0",",7","20",",7","0",",7","","","","","2.2",",7,07,","","","","","24.1",",,7,27,","29.4",",7,31,+","","","77.7",",7","77.4",",,,7","","","17.33",",7","22.06",",,,7","12.60",",,,7"
"USC00414911","2015-04","26.3233","-98.3233","64.9","LA JOYA, TX US","233.5","7","165.3","1,7","3","2,7","2","2,7","1","2,7","","","","","0","1,7","0","1,7","0","1,7","28","1,7","4","1,7","","","2","","11.7","1,7,30,","","","","","114.3","2,,7,11,","32.2","1,7,27,+","","","1.9","1,7","174.5",",a,,7","","","23.97","1,7","28.50","1,,,7","19.43","1,,,7"
"USC00414911","2015-05","26.3233","-98.3233","64.9","LA JOYA, TX US","463.7","7","230.2","2,7","5","2,7","4","2,7","2","2,7","","","","","0","2,7","0","2,7","0","2,7","29","2,7","7","2,7","","","","","11.7","2,7,01,","","","","","55.9","2,,7,31,","33.3","2,7,10,","","","0.0","2,7","114.6","2,,,7","","","26.27","2,7","30.44","2,,,7","22.10","2,,,7"
"USC00414911","2015-06","26.3233","-98.3233","64.9","LA JOYA, TX US","736.7","7","273.0","1,7","6","1,7","6","1,7","1","1,7","","","","","0","1,7","0","1,7","0","1,7","29","1,7","22","1,7","","","","","18.9","1,7,01,","","","","","33.0","1,,7,18,","35.6","1,7,17,","","","0.0","1,7","78.8","1,,,7","","","27.75","1,7","32.80","1,,,7","22.70","1,,,7"
"USC00414911","2015-08","26.3233","-98.3233","64.9","LA JOYA, TX US","","","350.3",",7","2",",7","2",",7","1",",7","","","","","0",",7","0",",7","0",",7","31",",7","30",",7","","","2","","19.4",",7,29,+","","","","","63.5",",,7,20,","38.3",",7,20,","","","0.0",",7","71.1",",,,7","","","29.63",",7","35.79",",,,7","23.48",",,,7"
"USC00414911","2015-09","26.3233","-98.3233","64.9","LA JOYA, TX US","","","287.2",",7","5",",7","4",",7","1",",7","","","","","0",",7","0",",7","0",",7","30",",7","24",",7","","","","","17.2",",7,25,+","","","","","35.6",",,7,27,","36.7",",7,09,+","","","0.0",",7","69.6",",,,7","","","27.91",",7","33.74",",,,7","22.07",",,,7"
"USC00414911","2015-10","26.3233","-98.3233","64.9","LA JOYA, TX US","","","187.0","4,7","3","4,7","3","4,7","2","4,7","","","","","0","4,7","0","4,7","0","4,7","27","4,7","13","4,7","","","","","11.7","4,7,28,","","","","","58.4","4,,7,25,","35.0","4,7,13,","","","0.0","4,7","88.9","4,,,7","","","25.26","4,7","31.18","4,,,7","19.34","4,,,7"
"USC00414911","2015-11","26.3233","-98.3233","64.9","LA JOYA, TX US","","","94.5",",7","1",",7","1",",7","1",",7","","","","","0",",7","0",",7","0",",7","26",",7","1",",7","","","","","4.4",",7,23,","","","","","51.8",",,7,07,","32.8",",7,25,","","","31.9",",7","51.8",",,,7","","","20.42",",7","25.75",",,,7","15.08",",,,7"
"USC00414911","2015-12","26.3233","-98.3233","64.9","LA JOYA, TX US","","","54.2",",7","1",",7","1",",7","0",",7","","","","","0",",7","0",",7","0",",7","21",",7","1",",7","2","","","","4.4",",7,05,+","","","","","10.2",",,7,13,","32.2",",7,25,","","","84.2",",7","10.2",",,,7","","","17.36",",7","23.49",",,,7","11.23",",,,7"
"USC00414911","2016-01","26.3233","-98.3233","64.9","LA JOYA, TX US","4.7","7","4.7",",7","3",",7","2",",7","0",",7","","","","","0",",7","0",",7","0",",7","18",",7","0",",7","2","","","","1.7",",7,29,+","","","","","12.7",",,7,03,","28.3",",7,16,","","","155.8",",7","18.3",",,,7","","","13.46",",7","19.80",",,,7","7.12",",,,7"
"USC00414911","2016-02","26.3233","-98.3233","64.9","LA JOYA, TX US","67.1","7","62.4","2,7","0",",7","0",",7","0",",7","","","","","0","2,7","1","2,7","0","1,7","25","1,7","1","1,7","1","","","","-0.6","2,7,07,","","","","","0.0",",,7,29,+","32.8","1,7,01,","","","57.3","1,7","0.0",",,,7","","","18.47","2,7","26.45","1,,,7","10.49","2,,,7"
"USC00414911","2016-03","26.3233","-98.3233","64.9","LA JOYA, TX US","193.8","7","126.7","1,7","2",",7","2",",7","1",",7","","","","","0","1,7","0","1,7","0","1,7","29","1,7","4","1,7","","","2","","6.1","1,7,21,","","","","","43.2",",,7,10,","35.0","1,7,04,","","","12.5","1,7","53.4",",,,7","","","22.14","1,7","27.91","1,,,7","16.37","1,,,7"
"USC00414911","2016-04","26.3233","-98.3233","64.9","LA JOYA, TX US","369.4","7","175.6","2,7","1","2,7","0","2,7","0","2,7","","","","","0","2,7","0","2,7","0","2,7","28","2,7","9","2,7","1","","","","7.8","2,7,04,+","","","","","2.0","2,,7,24,","36.7","2,7,01,","","","4.7","2,7","2.0","2,,,7","","","24.44","2,7","30.46","2,,,7","18.42","2,,,7"
"USC00414911","2016-05","26.3233","-98.3233","64.9","LA JOYA, TX US","635.1","7","265.7",",7","5",",7","5",",7","1",",7","","","","","0",",7","0",",7","0",",7","31",",7","20",",7","","","2","","14.4",",7,07,","","","","","50.8",",,7,16,","36.1",",7,28,","","","0.0",",7","96.5",",,,7","","","26.90",",7","31.94",",,,7","21.87",",,,7"
"USC00414911","2016-06","26.3233","-98.3233","64.9","LA JOYA, TX US","937.8","7","302.7",",7","5",",7","5",",7","2",",7","","","","","0",",7","0",",7","0",",7","30",",7","24",",7","","","1","","20.0",",7,05,+","","","","","53.3",",,7,11,","36.7",",7,30,+","","","0.0",",7","104.1",",,,7","","","28.42",",7","34.03",",,,7","22.82",",,,7"
"USC00414911","2016-07","26.3233","-98.3233","64.9","LA JOYA, TX US","1323.7","7","385.9","1,7","0",",7","0",",7","0",",7","","","","","0","1,7","0","1,7","0",",7","31",",7","31",",7","","","","","18.3","1,7,23,","","","","","0.0",",,7,31,+","38.3",",7,26,+","0.0","7","0.0",",7","0.0",",,,7","","","31.17","1,7","37.12",",,,7","25.22","1,,,7"
"USC00414911","2016-08","26.3233","-98.3233","64.9","LA JOYA, TX US","1636.5","7","312.8","5,7","2","3,7","2","3,7","0","3,7","","","","","0","4,7","0","4,7","0","4,7","27","4,7","26","4,7","","","","","21.7","4,7,25,+","","","","","15.2","3,,7,31,","39.4","4,7,12,","0.0","7","0.0","4,7","27.9","3,,,7","","","30.32","5,7","36.71","4,,,7","23.93","4,,,7"
"USC00414911","2016-09","26.3233","-98.3233","64.9","LA JOYA, TX US","1963.5","7","327.0",",7","1",",7","1",",7","0",",7","","","","","0",",7","0",",7","0",",7","30",",7","27",",7","","","","","20.0",",7,28,","","","","","5.1",",,7,26,","38.9",",7,19,","0.0","7","0.0",",7","5.1",",,,7","","","29.23",",7","35.38",",,,7","23.08",",,,7"
"USC00414911","2016-10","26.3233","-98.3233","64.9","LA JOYA, TX US","2174.9","7","211.4","2,7","2",",7","2",",7","0",",7","","","","","0","2,7","0","2,7","0","2,7","29","2,7","18","2,7","","","","","12.2","2,7,23,+","","","","","22.9",",,7,21,","36.1","2,7,06,","0.0","7","0.0","2,7","25.4",",,,7","","","25.62","2,7","32.69","2,,,7","18.56","2,,,7"
"USC00414911","2016-11","26.3233","-98.3233","64.9","LA JOYA, TX US","2277.9","7","103.0","3,7","4","3,7","4","3,7","0","3,7","","","","","0","3,7","0","3,7","0","3,7","26","3,7","4","3,7","2","","","","5.6","3,7,21,+","","","","","20.3","3,,7,08,","36.1","3,7,20,","5.0","7","5.0","3,7","40.7","3,,,7","","","21.96","3,7","27.68","3,,,7","16.25","3,,,7"
"USC00414911","2016-12","26.3233","-98.3233","64.9","LA JOYA, TX US","2327.4","7","49.5","5,7","1","2,7","1","2,7","0","2,7","","","","","0","2,7","0","2,7","0","5,7","14","5,7","1","5,7","5","","","","1.1","2,7,20,","","","","","12.7","2,,7,05,","34.4","5,7,03,","95.5","7","90.5","5,7","12.7","2,,,7","","","16.77","5,7","21.92","5,,,7","11.61","2,,,7"
"USC00414911","2017-01","26.3233","-98.3233","64.9","LA JOYA, TX US","47.3","","47.3","1,7","1","1,7","1","1,7","0","1,7","","","","","0","1,7","2","1,7","0","1,7","23","1,7","1","1,7","2","","","","-2.8","1,7,07,","","","","","11.4","1,,7,19,","33.9","1,7,22,","180.2","","84.7","1,7","11.4","1,,,7","","","17.09","1,7","23.71","1,,,7","10.46","1,,,7"
"USC00414911","2017-02","26.3233","-98.3233","64.9","LA JOYA, TX US","137.6","","90.3","1,7","2","1,7","2","1,7","1","1,7","","","","","0","1,7","0","1,7","0","1,7","24","1,7","6","1,7","1","","","","6.1","1,7,01,","","","","","35.6","1,,7,20,","36.1","1,7,24,","198.8","","18.6","1,7","43.2","1,,,7","","","20.99","1,7","28.00","1,,,7","13.97","1,,,7"
"USC00414911","2017-03","26.3233","-98.3233","64.9","LA JOYA, TX US","252.9","","115.3","3,7","4","1,7","4","1,7","3","1,7","","","","","0","3,7","0","3,7","0","1,7","27","1,7","2","1,7","","","","","9.4","3,7,14,","","","","","44.5","1,,7,10,","33.3","1,7,01,","208.6","","9.8","1,7","128.4","1,,,7","","","22.20","3,7","27.44","1,,,7","16.96","3,,,7"
"USC00414911","2017-04","26.3233","-98.3233","64.9","LA JOYA, TX US","","","","","4","2,7","4","2,7","0","2,7","","","","","","","","","0","2,7","28","2,7","10","2,7","","","1","","","","","","","","12.7","2,,7,13,","37.8","2,7,30,","","","","","24.1","2,,,7","","","","","31.11","2,,,7","",""
"USC00414911","2017-05","26.3233","-98.3233","64.9","LA JOYA, TX US","","","238.2","4,7","2","4,7","2","4,7","0","4,7","","","","","0","4,7","0","4,7","0","4,7","27","4,7","19","4,7","","","2","","13.3","4,7,02,+","","","","","22.9","4,,7,29,","37.2","4,7,29,+","","","0.0","4,7","29.3","4,,,7","","","27.16","4,7","33.14","4,,,7","21.17","4,,,7"
"USC00414911","2017-06","26.3233","-98.3233","64.9","LA JOYA, TX US","","","311.9","4,7","2","4,7","2","4,7","1","4,7","","","","","0","4,7","0","4,7","0","4,7","26","4,7","24","4,7","","","","","20.6","4,7,16,","","","","","38.1","4,,7,27,","42.8","4,7,23,","","","0.0","4,7","50.8","4,,,7","","","30.33","4,7","36.54","4,,,7","24.12","4,,,7"
"USC00414911","2017-07","26.3233","-98.3233","64.9","LA JOYA, TX US","","","","","1","5,7","1","5,7","0","5,7","","","","","","","","","","","","","","","","","","","","","","","","","2.5","5,,7,07,","","","","","","","2.5","5,,,7","","","","","","","",""
"USC00414911","2017-08","26.3233","-98.3233","64.9","LA JOYA, TX US","","","385.7",",7","3",",7","3",",7","1",",7","","","","","0",",7","0",",7","0",",7","31",",7","31",",7","","","1","","22.8",",7,30,+","","","","","25.4",",,7,11,","38.9",",7,19,+","","","0.0",",7","48.3",",,,7","","","30.77",",7","37.06",",,,7","24.48",",,,7"
"USC00414911","2017-09","26.3233","-98.3233","64.9","LA JOYA, TX US","","","281.9","3,7","4","3,7","4","3,7","1","3,7","","","","","0","3,7","0","3,7","0","3,7","27","3,7","24","3,7","","","","","18.3","3,7,09,","","","","","43.2","3,,7,28,","38.9","3,7,01,","","","0.0","3,7","76.2","3,,,7","","","28.77","3,7","34.85","3,,,7","22.70","3,,,7"
"USC00414911","2021-01","26.3233","-98.3233","64.9","LA JOYA, TX US","","","","","","","","","","","","","","","","","","","","","","","","","1","","","","","","","","","","","","","","","","","","20.3","3,a,,7","","","","","","","",""
"USC00414911","2021-02","26.3233","-98.3233","64.9","LA JOYA, TX US","","","55.6","2,7","0","1,7","0","1,7","0","1,7","0",",7","0",",7","0","2,7","5","2,7","1","1,7","18","1,7","2","1,7","1","","","","-6.1","2,7,16,+","0",",,7,28,+","0",",,7,28,+","0.0","1,T,7,17,+","32.2","1,7,27,+","","","146.8","1,7","0.0","1,T,,7","0",",,,7","14.94","2,7","20.92","1,,,7","8.95","2,,,7"
"USC00414911","2021-03","26.3233","-98.3233","64.9","LA JOYA, TX US","","","","","","","","","","","","","","","","","","","","","","","","","","","","","","","","","","","","","","","","","","","0.0","3,T,,7","","","","","","","",""
"USC00414911","2021-04","26.3233","-98.3233","64.9","LA JOYA, TX US","","","","","","","","","","","","","","","","","","","","","","","","","1","","1","","","","","","","","","","","","","","","","66.0",",a,,7","","","","","","","",""
"USC00414911","2021-05","26.3233","-98.3233","64.9","LA JOYA, TX US","","","","","","","","","","","0",",7","0",",7","","","","","","","","","","","","","2","","","","0",",,7,31,+","0",",,7,31,+","","","","","","","","","168.3",",a,,7","0",",,,7","","","","","",""
"USC00414911","2021-06","26.3233","-98.3233","64.9","LA JOYA, TX US","","","","","","","","","","","0",",7","0",",7","","","","","","","","","","","","","1","","","","0",",,7,30,+","0",",,7,30,+","","","","","","","","","221.1","2,a,,7","0",",,,7","","","","","",""
"USC00414911","2021-07","26.3233","-98.3233","64.9","LA JOYA, TX US","","","","","","","","","","","0","5,7","0","5,7","","","","","","","","","","","","","1","","","","0","5,,7,31,+","0","5,,7,31,+","","","","","","","","","","","0","5,,,7","","","","","",""
"USC00414911","2021-08","26.3233","-98.3233","64.9","LA JOYA, TX US","","","","","","","","","","","0",",7","0",",7","","","","","","","","","","","","","","","","","0",",,7,31,+","0",",,7,31,+","","","","","","","","","","","0",",,,7","","","","","",""
"USC00414911","2021-09","26.3233","-98.3233","64.9","LA JOYA, TX US","","","","","","","","","","","0",",7","0",",7","","","","","","","","","","","","","","","","","0",",,7,30,+","0",",,7,30,+","","","","","","","","","","","0",",,,7","","","","","",""
"USC00414911","2021-10","26.3233","-98.3233","64.9","LA JOYA, TX US","","","","","","","","","","","0",",7","0",",7","","","","","","","","","","","1","","","","","","0",",,7,31,+","0",",,7,31,+","","","","","","","","","41.7","1,a,,7","0",",,,7","","","","","",""
