"STATION","DATE","LATITUDE","LONGITUDE","ELEVATION","NAME","CDSD","CDSD_ATTRIBUTES","CLDD","CLDD_ATTRIBUTES","DP01","DP01_ATTRIBUTES","DP10","DP10_ATTRIBUTES","DP1X","DP1X_ATTRIBUTES","DSND","DSND_ATTRIBUTES","DSNW","DSNW_ATTRIBUTES","DT00","DT00_ATTRIBUTES","DT32","DT32_ATTRIBUTES","DX32","DX32_ATTRIBUTES","DX70","DX70_ATTRIBUTES","DX90","DX90_ATTRIBUTES","DYFG","DYFG_ATTRIBUTES","DYTS","DYTS_ATTRIBUTES","EMNT","EMNT_ATTRIBUTES","EMSD","EMSD_ATTRIBUTES","EMSN","EMSN_ATTRIBUTES","EMXP","EMXP_ATTRIBUTES","EMXT","EMXT_ATTRIBUTES","HDSD","HDSD_ATTRIBUTES","HTDD","HTDD_ATTRIBUTES","PRCP","PRCP_ATTRIBUTES","SNOW","SNOW_ATTRIBUTES","TAVG","TAVG_ATTRIBUTES","TMAX","TMAX_ATTRIBUTES","TMIN","TMIN_ATTRIBUTES"
"USC00252647","1963-05","42.2651","-102.2134","1210.1","ELLSWORTH 15 NNE, NE US","","","12.0","3,0","6",",0","2",",0","0",",0","0",",0","0",",0","0","3,0","3","3,0","0","3,0","17","3,0","1","3,0","3","","","","-2.2","3,0,21,","0",",,0,31,+","0",",,0,31,+","12.4",",,0,31,","33.3","3,0,08,","","","110.8","3,0","30.3",",,,0","0",",,,0","14.80","3,0","22.70","3,,,0","6.90","3,,,0"
"USC00252647","1963-06","42.2651","-102.2134","1210.1","ELLSWORTH 15 NNE, NE US","","","80.5","1,0","10",",0","7",",0","0",",0","0",",0","0",",0","0",",0","0",",0","0","1,0","29","1,0","6","1,0","","","","","8.3",",0,10,","0",",,0,30,+","0",",,0,30,+","23.9",",,0,15,","38.3","1,0,30,+","","","8.2","1,0","78.6",",,,0","0",",,,0","20.74","1,0","28.50","1,,,0","12.99",",,,0"
"USC00252647","1963-07","42.2651","-102.2134","1210.1","ELLSWORTH 15 NNE, NE US","","","180.1",",0","7",",0","5",",0","0",",0","0",",0","0",",0","0",",0","0",",0","0",",0","31",",0","18",",0","3","","","","11.1",",0,28,","0",",,0,31,+","0",",,0,31,+","20.1",",,0,07,","38.3",",0,26,","2.2","0","2.2",",0","54.9",",,,0","0",",,,0","24.07",",0","32.11",",,,0","16.03",",,,0"
"USC00252647","1963-08","42.2651","-102.2134","1210.1","ELLSWORTH 15 NNE, NE US","","","129.7",",0","10",",0","5",",0","1",",0","0",",0","0",",0","0",",0","0",",0","0",",0","31",",0","13",",0","3","","","","9.4",",0,13,","0",",,0,31,+","0",",,0,31,+","74.7",",,0,27,","37.2",",0,02,","5.0","0","2.8",",0","106.3",",,,0","0",",,,0","22.43",",0","30.70",",,,0","14.15",",,,0"
"USC00252647","1963-09","42.2651","-102.2134","1210.1","ELLSWORTH 15 NNE, NE US","","","41.7",",0","10",",0","6",",0","0",",0","0",",0","0",",0","0",",0","1",",0","0",",0","26",",0","1",",0","15","","","","0.0",",0,29,","0",",,0,30,+","0",",,0,30,+","21.8",",,0,22,","32.2",",0,07,","45.7","0","40.7",",0","69.5",",,,0","0",",,,0","18.36",",0","25.49",",,,0","11.24",",,,0"
"USC00252647","1963-10","42.2651","-102.2134","1210.1","ELLSWORTH 15 NNE, NE US","","","9.2","1,0","4",",0","1",",0","0",",0","0",",0","0",",0","0",",0","3",",0","0","1,0","24","1,0","1","1,0","3","","","","-5.6",",0,28,","0",",,0,31,+","0",",,0,31,+","17.8",",,0,21,","32.2","1,0,06,","167.3","0","121.6","1,0","20.4",",,,0","0",",,,0","14.62","1,0","23.80","1,,,0","5.45",",,,0"
"USC00252647","1963-11","42.2651","-102.2134","1210.1","ELLSWORTH 15 NNE, NE US","","","0.0",",0","2",",0","1",",0","0",",0","","","1",",0","0",",0","27",",0","1",",0","2",",0","0",",0","3","","","","-12.2",",0,22,","","","76",",,0,17,","9.7",",,0,17,","22.8",",0,16,","613.9","0","446.6",",0","10.0",",,,0","76",",,,0","3.45",",0","12.22",",,,0","-5.33",",,,0"
"USC00252647","1963-12","42.2651","-102.2134","1210.1","ELLSWORTH 15 NNE, NE US","","","0.0","1,0","","","","","","","","","","","7","1,0","30","1,0","16",",0","0",",0","0",",0","2","","","","-27.2","1,0,14,","","","","","","","17.2",",0,06,","1327.4","0","713.5",",0","","","","","-5.54","1,0","1.25",",,,0","-12.33","1,,,0"
"USC00252647","1964-01","42.2651","-102.2134","1210.1","ELLSWORTH 15 NNE, NE US","0.0","0","0.0",",0","3","3,0","0","3,0","0","3,0","","","0","4,0","4",",0","31",",0","6",",0","0",",0","0",",0","","","","","-26.7",",0,12,","","","0","4,T,0,05,+","0.3","3,,0,11,+","16.7",",0,22,","1982.3","0","654.9",",0","0.9","3,,,0","0","4,T,,0","-2.79",",0","5.18",",,,0","-10.76",",,,0"
"USC00252647","1964-02","42.2651","-102.2134","1210.1","ELLSWORTH 15 NNE, NE US","0.0","0","0.0","1,0","13",",0","3",",0","0",",0","","","3",",0","1","1,0","28","1,0","9","1,0","0","1,0","0","1,0","","","","","-19.4","1,0,23,","","","64",",,0,02,","6.4",",,0,02,","12.2","1,0,02,","2613.6","0","631.3","1,0","20.8",",,,0","179",",,,0","-4.21","1,0","2.74","1,,,0","-11.17","1,,,0"
"USC00252647","1964-03","42.2651","-102.2134","1210.1","ELLSWORTH 15 NNE, NE US","","","","","4",",0","1",",0","0",",0","0","1,0","2",",0","0","1,0","30","1,0","","","","","","","","","","","-17.2","1,0,24,","0","1,T,0,27,+","102",",,0,20,","4.3",",,0,03,","","","","","","","6.2",",,,0","178",",,,0","","","","","-8.95","1,,,0"
"USC00252647","1964-04","42.2651","-102.2134","1210.1","ELLSWORTH 15 NNE, NE US","","","","","7",",0","6",",0","0",",0","2","1,0","0","3,0","","","","","1","5,0","4","5,0","0","5,0","","","","","","","152","1,,0,05,","0","3,,0,30,+","19.8",",,0,03,","28.3","5,0,17,","","","","","80.0",",,,0","0","3,,,0","","","12.79","5,,,0","",""
"USC00252647","1964-05","42.2651","-102.2134","1210.1","ELLSWORTH 15 NNE, NE US","","","17.5","3,0","10",",0","6",",0","0",",0","0",",0","0",",0","0","2,0","2","2,0","0","1,0","20","1,0","1","1,0","","","","","-1.7","2,0,24,","0",",,0,31,+","0",",,0,31,+","17.3",",,0,28,","34.4","1,0,22,","","","125.9","1,0","50.9",",,,0","0",",,,0","14.45","3,0","22.59","1,,,0","6.32","2,,,0"
"USC00252647","1964-06","42.2651","-102.2134","1210.1","ELLSWORTH 15 NNE, NE US","","","46.4","3,0","12",",0","3",",0","0",",0","0",",0","0",",0","0","2,0","1","2,0","0","1,0","23","1,0","6","1,0","","","1","","-1.7","2,0,02,","0",",,0,30,+","0",",,0,30,+","19.3",",,0,22,","33.9","1,0,29,+","","","51.4","1,0","42.0",",,,0","0",",,,0","17.99","3,0","25.77","1,,,0","10.22","2,,,0"
"USC00252647","1964-07","42.2651","-102.2134","1210.1","ELLSWORTH 15 NNE, NE US","","","172.5","4,0","7",",0","4",",0","0",",0","0",",0","0",",0","0","3,0","0","3,0","0","3,0","28","3,0","19","3,0","","","1","","10.0","3,0,12,","0",",,0,31,+","0",",,0,31,+","7.1",",,0,09,","41.1","3,0,24,","0.3","0","0.3","3,0","23.6",",,,0","0",",,,0","24.64","4,0","33.51","3,,,0","15.77","3,,,0"
"USC00252647","1964-08","42.2651","-102.2134","1210.1","ELLSWORTH 15 NNE, NE US","","","94.1","2,0","8",",0","1",",0","0",",0","0",",0","0",",0","0","2,0","0","2,0","0","1,0","27","1,0","10","1,0","","","","","2.2","2,0,30,+","0",",,0,31,+","0",",,0,31,+","4.3",",,0,20,","38.3","1,0,01,","45.4","0","45.1","1,0","12.0",",,,0","0",",,,0","19.96","2,0","28.49","1,,,0","11.43","2,,,0"
"USC00252647","1964-09","42.2651","-102.2134","1210.1","ELLSWORTH 15 NNE, NE US","","","22.3","1,0","5",",0","3",",0","0",",0","0",",0","0",",0","0",",0","3",",0","0","1,0","22","1,0","4","1,0","","","","","-5.6",",0,27,","0",",,0,30,+","0",",,0,30,+","11.9",",,0,19,","36.7","1,0,02,","158.5","0","113.1","1,0","22.6",",,,0","0",",,,0","15.25","1,0","24.20","1,,,0","6.31",",,,0"
"USC00252647","1964-10","42.2651","-102.2134","1210.1","ELLSWORTH 15 NNE, NE US","","","0.3","1,0","1",",0","0",",0","0",",0","0",",0","0",",0","0","1,0","19","1,0","0","1,0","12","1,0","0","1,0","","","","","-7.8","1,0,19,","0",",,0,31,+","0",",,0,31,+","0.5",",,0,30,","30.0","1,0,01,","425.2","0","266.7","1,0","0.5",",,,0","0",",,,0","9.45","1,0","19.65","1,,,0","-0.75","1,,,0"
"USC00252647","1964-11","42.2651","-102.2134","1210.1","ELLSWORTH 15 NNE, NE US","","","0.0","1,0","1",",0","1",",0","0",",0","0",",0","1",",0","2","1,0","26","1,0","4",",0","3",",0","0",",0","","","","","-27.8","1,0,21,","0",",,0,30,+","51",",,0,20,","5.1",",,0,20,","23.3",",0,08,","915.8","0","490.6",",0","5.1",",,,0","51",",,,0","1.41","1,0","10.28",",,,0","-7.45","1,,,0"
"USC00252647","1964-12","42.2651","-102.2134","1210.1","ELLSWORTH 15 NNE, NE US","","","0.0",",0","3",",0","2",",0","0",",0","","","2","1,0","4",",0","28",",0","7",",0","0",",0","0",",0","","","","","-31.1",",0,17,","","","127","1,,0,16,","5.3",",,0,02,","16.7",",0,22,","1598.0","0","682.2",",0","11.2",",,,0","152","1,,,0","-3.67",",0","3.44",",,,0","-10.79",",,,0"
"USC00252647","1965-01","42.2651","-102.2134","1210.1","ELLSWORTH 15 NNE, NE US","0.0","0","0.0",",0","2",",0","1",",0","0",",0","","","0","1,0","0",",0","31",",0","3",",0","0",",0","0",",0","","","","","-17.2",",0,30,+","","","0","1,T,0,31,+","5.8",",,0,23,","15.6",",0,18,+","2199.4","0","601.4",",0","7.6",",,,0","0","1,T,,0","-1.07",",0","6.75",",,,0","-8.88",",,,0"
"USC00252647","1965-02","42.2651","-102.2134","1210.1","ELLSWORTH 15 NNE, NE US","0.0","0","0.0",",0","2",",0","1",",0","0",",0","","","3",",0","7",",0","28",",0","11",",0","0",",0","0",",0","","","","","-23.9",",0,23,","","","127",",,0,11,","8.4",",,0,11,","18.3",",0,27,","2822.7","0","623.3",",0","9.4",",,,0","177",",,,0","-3.93",",0","3.80",",,,0","-11.66",",,,0"
"USC00252647","1965-03","42.2651","-102.2134","1210.1","ELLSWORTH 15 NNE, NE US","0.0","0","0.0",",0","3",",0","1",",0","0",",0","","","","","9",",0","30",",0","11",",0","0",",0","0",",0","","","","","-23.9",",0,23,","","","","","4.6",",,0,21,","17.8",",0,31,+","3548.0","0","725.3",",0","6.9",",,,0","","","-5.06",",0","2.19",",,,0","-12.32",",,,0"
"USC00252647","1965-04","42.2651","-102.2134","1210.1","ELLSWORTH 15 NNE, NE US","0.8","0","0.8",",0","5",",0","2",",0","0",",0","0",",0","0",",0","0",",0","18",",0","0",",0","7",",0","0",",0","","","1","","-5.0",",0,01,","0",",,0,30,+","0",",,0,30,+","17.0",",,0,05,","29.4",",0,30,","3832.5","0","284.5",",0","24.4",",,,0","0",",,,0","8.88",",0","16.61",",,,0","1.14",",,,0"
"USC00252647","1965-05","42.2651","-102.2134","1210.1","ELLSWORTH 15 NNE, NE US","5.2","0","4.4","2,0","7",",0","3",",0","1",",0","0",",0","0",",0","0",",0","2",",0","0","2,0","16","2,0","0","2,0","","","6","","-1.1",",0,10,","0",",,0,31,+","0",",,0,31,+","45.2",",,0,24,","30.6","2,0,01,","3971.5","0","139.0","2,0","92.3",",,,0","0",",,,0","13.70","2,0","21.65","2,,,0","5.75",",,,0"
"USC00252647","1965-06","42.2651","-102.2134","1210.1","ELLSWORTH 15 NNE, NE US","24.4","0","19.2",",0","12",",0","10",",0","0",",0","0",",0","0",",0","0",",0","0",",0","0",",0","26",",0","0",",0","","","7","","6.1",",0,06,","0",",,0,30,+","0",",,0,30,+","13.7",",,0,05,","29.4",",0,21,","4000.1","0","28.6",",0","72.0",",,,0","0",",,,0","18.02",",0","24.28",",,,0","11.76",",,,0"
"USC00252647","1965-07","42.2651","-102.2134","1210.1","ELLSWORTH 15 NNE, NE US","146.1","0","121.7",",0","13",",0","8",",0","0",",0","0",",0","0",",0","0",",0","0",",0","0",",0","31",",0","9",",0","","","14","","10.0",",0,04,","0",",,0,31,+","0",",,0,31,+","22.9",",,0,26,","37.2",",0,22,","0.0","0","0.0",",0","63.4",",,,0","0",",,,0","22.26",",0","29.89",",,,0","14.62",",,,0"
"USC00252647","1965-08","42.2651","-102.2134","1210.1","ELLSWORTH 15 NNE, NE US","227.1","0","81.0","1,0","5",",0","3",",0","1",",0","0",",0","0",",0","0",",0","0",",0","0","1,0","29","1,0","7","1,0","","","4","","3.9",",0,31,","0",",,0,31,+","0",",,0,31,+","25.7",",,0,19,","38.9","1,0,12,","13.1","0","13.1","1,0","57.7",",,,0","0",",,,0","20.60","1,0","28.53","1,,,0","12.67",",,,0"
"USC00252647","1965-09","42.2651","-102.2134","1210.1","ELLSWORTH 15 NNE, NE US","231.6","0","4.5","1,0","11",",0","7",",0","0",",0","0",",0","0","2,0","0",",0","6",",0","0","1,0","14","1,0","0","1,0","","","3","","-4.4",",0,24,","0",",,0,30,+","0","2,,0,30,+","17.0",",,0,29,","28.9","1,0,11,+","219.9","0","206.8","1,0","76.9",",,,0","0","2,,,0","11.36","1,0","18.31","1,,,0","4.40",",,,0"
"USC00252647","1965-10","42.2651","-102.2134","1210.1","ELLSWORTH 15 NNE, NE US","231.6","0","0.0",",0","2",",0","2",",0","0",",0","0",",0","0",",0","0",",0","2",",0","0",",0","19",",0","0",",0","","","","","-3.9",",0,21,","0",",,0,31,+","0",",,0,31,+","13.2",",,0,18,","30.0",",0,09,","407.6","0","187.7",",0","25.6",",,,0","0",",,,0","12.28",",0","21.38",",,,0","3.18",",,,0"
"USC00252647","1965-11","42.2651","-102.2134","1210.1","ELLSWORTH 15 NNE, NE US","231.6","0","0.0",",0","1",",0","0",",0","0",",0","1",",0","1",",0","0",",0","26",",0","1",",0","2",",0","0",",0","","","","","-11.1",",0,30,","25",",,0,26,","25",",,0,26,","2.3",",,0,26,","24.4",",0,02,","821.6","0","414.0",",0","2.3",",,,0","25",",,,0","4.53",",0","12.45",",,,0","-3.38",",,,0"
"USC00252647","1965-12","42.2651","-102.2134","1210.1","ELLSWORTH 15 NNE, NE US","231.6","0","0.0",",0","3",",0","2",",0","0",",0","","","2",",0","4",",0","30",",0","9",",0","0",",0","0",",0","","","","","-19.4",",0,27,","","","76",",,0,23,+","7.1",",,0,11,","16.1",",0,04,","1429.5","0","607.9",",0","11.4",",,,0","152",",,,0","-1.28",",0","5.67",",,,0","-8.23",",,,0"
"USC00252647","1966-01","42.2651","-102.2134","1210.1","ELLSWORTH 15 NNE, NE US","0.0","0","0.0",",0","4",",0","1",",0","0",",0","","","4",",0","12",",0","30",",0","14",",0","0",",0","0",",0","","","","","-29.4",",0,21,","","","102",",,0,20,+","5.6",",,0,20,","13.3",",0,06,","2224.7","0","795.2",",0","8.4",",,,0","305",",,,0","-7.32",",0","-0.81",",,,0","-13.83",",,,0"
"USC00252647","1966-02","42.2651","-102.2134","1210.1","ELLSWORTH 15 NNE, NE US","0.0","0","0.0",",0","3",",0","1",",0","0",",0","","","2",",0","10",",0","28",",0","16",",0","0",",0","0",",0","","","","","-24.4",",0,16,+","","","152",",,0,09,","14.0",",,0,09,","7.2",",0,28,+","2949.7","0","725.0",",0","15.3",",,,0","190",",,,0","-7.56",",0","-0.53",",,,0","-14.59",",,,0"
"USC00252647","1966-03","42.2651","-102.2134","1210.1","ELLSWORTH 15 NNE, NE US","0.0","0","0.0",",0","4",",0","3",",0","0",",0","","","2",",0","1",",0","24",",0","5",",0","3",",0","0",",0","","","1","","-21.1",",0,06,","","","102",",,0,22,","9.4",",,0,22,","23.3",",0,30,","3433.9","0","484.2",",0","16.0",",,,0","161",",,,0","2.71",",0","10.69",",,,0","-5.26",",,,0"
"USC00252647","1966-04","42.2651","-102.2134","1210.1","ELLSWORTH 15 NNE, NE US","0.0","0","0.0",",0","5",",0","4",",0","0",",0","2","2,","","","0",",0","20",",0","3",",0","5",",0","0",",0","","","1","","-16.1",",0,20,","152","2,,0,19,","","","16.3",",,0,12,","26.1",",0,26,","3815.3","0","381.4",",0","36.4",",,,0","","","5.62",",0","13.42",",,,0","-2.18",",,,0"
"USC00252647","1966-05","42.2651","-102.2134","1210.1","ELLSWORTH 15 NNE, NE US","14.9","0","14.9",",0","3",",0","0",",0","0",",0","0",",0","0",",0","0",",0","8",",0","0",",0","22",",0","1",",0","","","1","","-2.8",",0,13,","0",",,0,31,+","0",",,0,31,+","2.0",",,0,10,","32.2",",0,21,","3954.2","0","138.9",",0","3.6",",,,0","0",",,,0","14.33",",0","24.22",",,,0","4.45",",,,0"
"USC00252647","1966-06","42.2651","-102.2134","1210.1","ELLSWORTH 15 NNE, NE US","77.2","0","62.3",",0","6",",0","4",",0","2",",0","0",",0","0",",0","0",",0","0",",0","0",",0","26",",0","4",",0","","","2","","1.1",",0,09,","0",",,0,30,+","0",",,0,30,+","68.6",",,0,08,","35.6",",0,20,","4004.4","0","50.2",",0","120.0",",,,0","0",",,,0","18.74",",0","26.54",",,,0","10.93",",,,0"
"USC00252647","1966-07","42.2651","-102.2134","1210.1","ELLSWORTH 15 NNE, NE US","266.1","0","188.9",",0","7",",0","6",",0","1",",0","0",",0","0",",0","0",",0","0",",0","0",",0","31",",0","12",",0","","","5","","13.3",",0,07,","0",",,0,31,+","0",",,0,31,+","48.0",",,0,18,","38.3",",0,10,","0.0","0","0.0",",0","119.1",",,,0","0",",,,0","24.43",",0","31.58",",,,0","17.27",",,,0"
"USC00252647","1966-08","42.2651","-102.2134","1210.1","ELLSWORTH 15 NNE, NE US","329.6","0","63.5",",0","7",",0","6",",0","3",",0","0",",0","0",",0","0",",0","0",",0","0",",0","27",",0","4",",0","","","3","","3.3",",0,24,","0",",,0,31,+","0",",,0,31,+","62.7",",,0,31,","33.9",",0,03,","36.7","0","36.7",",0","167.2",",,,0","0",",,,0","19.20",",0","26.66",",,,0","11.74",",,,0"
"USC00252647","1966-09","42.2651","-102.2134","1210.1","ELLSWORTH 15 NNE, NE US","349.8","0","20.2",",0","7",",0","4",",0","0",",0","0",",0","0",",0","0",",0","0",",0","0",",0","20",",0","1",",0","","","","","2.2",",0,30,","0",",,0,30,+","0",",,0,30,+","22.9",",,0,13,","32.2",",0,09,","124.8","0","88.1",",0","56.5",",,,0","0",",,,0","16.07",",0","23.53",",,,0","8.62",",,,0"
"USC00252647","1966-10","42.2651","-102.2134","1210.1","ELLSWORTH 15 NNE, NE US","349.8","0","0.0",",0","3",",0","2",",0","0",",0","0",",0","0",",0","0",",0","19",",0","0",",0","13",",0","0",",0","","","","","-7.2",",0,15,","0",",,0,31,+","13",",,0,14,","8.6",",,0,03,","26.7",",0,08,+","407.8","0","283.0",",0","12.1",",,,0","13",",,,0","9.20",",0","18.70",",,,0","-0.29",",,,0"
"USC00252647","1966-11","42.2651","-102.2134","1210.1","ELLSWORTH 15 NNE, NE US","349.8","0","0.0",",0","1",",0","1",",0","0",",0","1",",0","1",",0","0",",0","27",",0","3",",0","1",",0","0",",0","","","","","-15.6",",0,10,","102",",,0,09,","102",",,0,09,","2.8",",,0,09,","22.2",",0,21,","884.6","0","476.8",",0","2.8",",,,0","102",",,,0","2.44",",0","10.23",",,,0","-5.35",",,,0"
"USC00252647","1966-12","42.2651","-102.2134","1210.1","ELLSWORTH 15 NNE, NE US","349.8","0","0.0",",0","3",",0","1",",0","0",",0","7","4,0","3",",0","3",",0","31",",0","12",",0","0",",0","0",",0","","","","","-21.7",",0,23,","127","4,,0,27,","102",",,0,22,","6.1",",,0,22,","15.0",",0,20,+","1562.2","0","677.6",",0","8.6",",,,0","152",",,,0","-3.52",",0","3.65",",,,0","-10.70",",,,0"
"USC00252647","1967-01","42.2651","-102.2134","1210.1","ELLSWORTH 15 NNE, NE US","0.0","0","0.0",",0","2",",0","0",",0","0",",0","","","1",",0","2",",0","29",",0","7",",0","0",",0","0",",0","","","","","-20.6",",0,08,+","","","76",",,0,17,","1.5",",,0,17,","18.3",",0,22,","2202.0","0","639.8",",0","1.8",",,,0","89",",,,0","-2.31",",0","4.97",",,,0","-9.59",",,,0"
"USC00252647","1967-02","42.2651","-102.2134","1210.1","ELLSWORTH 15 NNE, NE US","0.0","0","0.0",",0","1",",0","0",",0","0",",0","1",",0","1",",0","2",",0","28",",0","5",",0","0",",0","0",",0","","","","","-19.4",",0,15,","25",",,0,15,","25",",,0,15,","1.0",",,0,15,","20.0",",0,28,","2750.4","0","548.4",",0","1.0",",,,0","25",",,,0","-1.25",",0","6.92",",,,0","-9.43",",,,0"
"USC00252647","1967-03","42.2651","-102.2134","1210.1","ELLSWORTH 15 NNE, NE US","0.0","0","0.0",",0","7",",0","1",",0","0",",0","2",",0","1",",0","1",",0","26",",0","3",",0","5",",0","0",",0","","","","","-18.3",",0,07,","25",",,0,05,+","25",",,0,04,","5.1",",,0,25,","27.8",",0,29,","3195.7","0","445.3",",0","9.8",",,,0","33",",,,0","3.97",",0","12.49",",,,0","-4.55",",,,0"
"USC00252647","1967-04","42.2651","-102.2134","1210.1","ELLSWORTH 15 NNE, NE US","0.0","0","0.0","1,0","6",",0","4",",0","0",",0","1",",0","1",",0","0",",0","11",",0","0","1,0","6","1,0","0","1,0","","","","","-9.4",",0,22,","51",",,0,30,","51",",,0,30,","17.0",",,0,13,","26.1","1,0,28,","3488.9","0","293.2","1,0","37.9",",,,0","51",",,,0","8.23","1,0","16.31","1,,,0","0.15",",,,0"
"USC00252647","1967-05","42.2651","-102.2134","1210.1","ELLSWORTH 15 NNE, NE US","12.0","0","12.0",",0","15",",0","7",",0","0",",0","2",",0","0","3,0","0",",0","10",",0","0",",0","10",",0","1",",0","","","","","-7.8",",0,01,","76",",,0,04,","0","3,T,0,03,","15.2",",,0,30,","33.9",",0,24,","3761.1","0","272.2",",0","65.6",",,,0","0","3,T,,0","9.94",",0","16.35",",,,0","3.53",",,,0"
"USC00252647","1967-06","42.2651","-102.2134","1210.1","ELLSWORTH 15 NNE, NE US","23.2","0","11.2",",0","13",",0","9",",0","2",",0","0",",0","0",",0","0",",0","0",",0","0",",0","24",",0","0",",0","","","","","2.2",",0,01,","0",",,0,30,+","0",",,0,30,+","65.3",",,0,11,","31.1",",0,30,","3825.7","0","64.6",",0","163.2",",,,0","0",",,,0","16.55",",0","23.36",",,,0","9.75",",,,0"
"USC00252647","1967-07","42.2651","-102.2134","1210.1","ELLSWORTH 15 NNE, NE US","127.3","0","104.1",",0","9",",0","3",",0","0",",0","0",",0","0",",0","0",",0","0",",0","0",",0","30",",0","6",",0","","","","","6.1",",0,02,","0",",,0,31,+","0",",,0,31,+","10.4",",,0,16,","37.8",",0,22,","9.2","0","9.2",",0","27.1",",,,0","0",",,,0","21.40",",0","29.14",",,,0","13.65",",,,0"
"USC00252647","1967-08","42.2651","-102.2134","1210.1","ELLSWORTH 15 NNE, NE US","216.9","0","89.6",",0","6",",0","3",",0","0",",0","0",",0","0",",0","0",",0","0",",0","0",",0","29",",0","11",",0","","","","","6.1",",0,19,","0",",,0,31,+","0",",,0,31,+","7.6",",,0,10,","36.1",",0,24,","22.0","0","12.8",",0","17.2",",,,0","0",",,,0","20.81",",0","29.80",",,,0","11.83",",,,0"
"USC00252647","1967-09","42.2651","-102.2134","1210.1","ELLSWORTH 15 NNE, NE US","232.2","0","15.3",",0","5",",0","3",",0","0",",0","0",",0","0",",0","0",",0","2",",0","0",",0","24",",0","2",",0","","","","","-5.0",",0,27,","0",",,0,30,+","0",",,0,30,+","8.9",",,0,19,","33.3",",0,30,","91.6","0","69.6",",0","26.7",",,,0","0",",,,0","16.52",",0","25.01",",,,0","8.03",",,,0"
"USC00252647","1967-10","42.2651","-102.2134","1210.1","ELLSWORTH 15 NNE, NE US","241.4","0","9.2",",0","6",",0","5",",0","0",",0","0",",0","0",",0","0",",0","15",",0","0",",0","12",",0","1",",0","","","","","-6.1",",0,30,+","0",",,0,31,+","0",",,0,31,+","10.4",",,0,06,","33.3",",0,03,","341.6","0","250.0",",0","28.6",",,,0","0",",,,0","10.57",",0","19.86",",,,0","1.27",",,,0"
"USC00252647","1967-11","42.2651","-102.2134","1210.1","ELLSWORTH 15 NNE, NE US","241.4","0","0.0",",0","1",",0","1",",0","0",",0","1","4,0","1",",0","0",",0","27",",0","4",",0","0",",0","0",",0","","","","","-17.2",",0,05,","127","4,,0,02,","127",",,0,02,","8.9",",,0,02,","20.6",",0,11,","847.6","0","506.0",",0","8.9",",,,0","127",",,,0","1.47",",0","9.19",",,,0","-6.26",",,,0"
"USC00252647","1967-12","42.2651","-102.2134","1210.1","ELLSWORTH 15 NNE, NE US","241.4","0","0.0",",0","5",",0","2",",0","0",",0","","","2","3,0","6",",0","31",",0","19",",0","0",",0","0",",0","","","","","-30.6",",0,31,","","","51","3,,0,29,+","14.5",",,0,17,","11.7",",0,05,","1618.9","0","771.3",",0","19.7",",,,0","102","3,,,0","-6.55",",0","-0.55",",,,0","-12.55",",,,0"
"USC00252647","1968-01","42.2651","-102.2134","1210.1","ELLSWORTH 15 NNE, NE US","0.0","0","0.0",",0","3",",0","1",",0","0",",0","","","","","8",",0","30",",0","13",",0","0",",0","0",",0","","","","","-30.6",",0,07,","","","","","3.0",",,0,06,","11.7",",0,24,","2373.5","0","754.6",",0","3.6",",,,0","","","-6.01",",0","0.83",",,,0","-12.84",",,,0"
"USC00252647","1968-02","42.2651","-102.2134","1210.1","ELLSWORTH 15 NNE, NE US","0.0","0","0.0",",0","2",",0","0",",0","0",",0","2",",0","1",",0","1",",0","29",",0","6",",0","0",",0","0",",0","","","","","-18.3",",0,13,","25",",,0,22,+","25",",,0,22,","2.3",",,0,20,","13.9",",0,29,+","2950.2","0","576.7",",0","3.8",",,,0","38",",,,0","-1.55",",0","5.65",",,,0","-8.76",",,,0"
"USC00252647","1968-03","42.2651","-102.2134","1210.1","ELLSWORTH 15 NNE, NE US","0.0","0","0.0","1,0","3",",0","2",",0","0",",0","","","","","0",",0","25",",0","3","1,0","2","1,0","0","1,0","","","","","-13.3",",0,12,","","","","","5.1",",,0,09,","25.6","1,0,30,","3374.9","0","424.7","1,0","10.9",",,,0","","","4.21","1,0","12.56","1,,,0","-4.14",",,,0"
"USC00252647","1968-04","42.2651","-102.2134","1210.1","ELLSWORTH 15 NNE, NE US","0.0","0","0.0",",0","6",",0","4",",0","1",",0","1","2,","","","0",",0","20",",0","1",",0","7",",0","0",",0","","","1","","-15.0",",0,04,","203","2,,0,03,","","","38.1",",,0,03,","27.2",",0,30,","3726.2","0","351.3",",0","52.8",",,,0","","","6.62",",0","14.85",",,,0","-1.61",",,,0"
"USC00252647","1968-05","42.2651","-102.2134","1210.1","ELLSWORTH 15 NNE, NE US","0.0","0","0.0",",0","12",",0","10",",0","1",",0","0",",0","0",",0","0",",0","5",",0","0",",0","8",",0","0",",0","","","","","-4.4",",0,11,","0",",,0,31,+","0",",,0,31,+","25.9",",,0,07,","29.4",",0,01,","3968.1","0","241.9",",0","91.7",",,,0","0",",,,0","10.53",",0","17.69",",,,0","3.37",",,,0"
"USC00252647","1968-06","42.2651","-102.2134","1210.1","ELLSWORTH 15 NNE, NE US","53.5","0","53.5","1,0","9",",0","6",",0","0",",0","0",",0","0",",0","0",",0","0",",0","0","1,0","26","1,0","6","1,0","","","","","3.9",",0,26,","0",",,0,30,+","0",",,0,30,+","13.5",",,0,25,","35.6","1,0,20,","4007.6","0","39.5","1,0","55.5",",,,0","0",",,,0","18.86","1,0","26.49","1,,,0","11.23",",,,0"
"USC00252647","1968-07","42.2651","-102.2134","1210.1","ELLSWORTH 15 NNE, NE US","164.3","0","110.8",",0","11",",0","9",",0","0",",0","0",",0","0",",0","0",",0","0",",0","0",",0","31",",0","7",",0","","","11","","4.4",",0,02,","0",",,0,31,+","0",",,0,31,+","17.3",",,0,17,","36.7",",0,14,","13.1","0","13.1",",0","78.0",",,,0","0",",,,0","21.49",",0","29.08",",,,0","13.89",",,,0"
"USC00252647","1968-08","42.2651","-102.2134","1210.1","ELLSWORTH 15 NNE, NE US","248.5","0","84.2",",0","9",",0","7",",0","3",",0","0",",0","0",",0","0",",0","0",",0","0",",0","29",",0","8",",0","","","5","","3.9",",0,24,","0",",,0,31,+","0",",,0,31,+","42.4",",,0,14,","37.2",",0,05,","34.8","0","21.7",",0","162.3",",,,0","0",",,,0","20.35",",0","28.25",",,,0","12.45",",,,0"
"USC00252647","1968-09","42.2651","-102.2134","1210.1","ELLSWORTH 15 NNE, NE US","255.4","0","6.9",",0","5",",0","2",",0","0",",0","0",",0","0",",0","0",",0","1",",0","0",",0","20",",0","0",",0","","","3","","-0.6",",0,23,","0",",,0,30,+","0",",,0,30,+","3.6",",,0,05,","31.1",",0,14,","134.8","0","100.0",",0","8.7",",,,0","0",",,,0","15.23",",0","23.98",",,,0","6.48",",,,0"
"USC00252647","1968-10","42.2651","-102.2134","1210.1","ELLSWORTH 15 NNE, NE US","255.4","0","0.0",",0","4",",0","2",",0","0",",0","0",",0","0",",0","0",",0","12",",0","0",",0","15",",0","0",",0","","","","","-7.8",",0,18,","0",",,0,31,+","0",",,0,31,+","20.8",",,0,08,","30.0",",0,14,","367.6","0","232.8",",0","27.6",",,,0","0",",,,0","10.82",",0","20.05",",,,0","1.59",",,,0"
"USC00252647","1968-11","42.2651","-102.2134","1210.1","ELLSWORTH 15 NNE, NE US","255.4","0","0.0",",0","4",",0","1",",0","0",",0","1",",0","1",",0","0",",0","29",",0","1",",0","0",",0","0",",0","","","","","-13.3",",0,29,","25",",,0,05,","25",",,0,05,","2.8",",,0,05,","17.8",",0,20,+","869.8","0","502.2",",0","5.4",",,,0","25",",,,0","1.59",",0","8.76",",,,0","-5.57",",,,0"
"USC00252647","1968-12","42.2651","-102.2134","1210.1","ELLSWORTH 15 NNE, NE US","255.4","0","0.0",",0","4",",0","2",",0","0",",0","","","","","5",",0","31",",0","13",",0","0",",0","0",",0","","","","","-31.1",",0,31,+","","","","","4.1",",,0,21,","16.7",",0,11,","1620.4","0","750.6",",0","9.3",",,,0","","","-5.88",",0","0.82",",,,0","-12.58",",,,0"
"USC00252647","1969-01","42.2651","-102.2134","1210.1","ELLSWORTH 15 NNE, NE US","0.0","0","0.0",",0","4",",0","3",",0","0",",0","","","3",",0","9",",0","31",",0","19",",0","0",",0","0",",0","","","","","-26.7",",0,24,","","","102",",,0,02,","4.6",",,0,02,","10.0",",0,07,","2437.0","0","816.6",",0","10.6",",,,0","229",",,,0","-8.01",",0","-1.99",",,,0","-14.03",",,,0"
"USC00252647","1969-02","42.2651","-102.2134","1210.1","ELLSWORTH 15 NNE, NE US","0.0","0","0.0",",0","5",",0","3",",0","0",",0","","","3",",0","1",",0","28",",0","9",",0","0",",0","0",",0","","","","","-18.9",",0,22,","","","76",",,0,21,+","3.3",",,0,14,","7.8",",0,06,","3050.9","0","613.9",",0","9.1",",,,0","224",",,,0","-3.59",",0","1.79",",,,0","-8.97",",,,0"
"USC00252647","1969-03","42.2651","-102.2134","1210.1","ELLSWORTH 15 NNE, NE US","0.0","0","0.0",",0","3",",0","0",",0","0",",0","","","0",",0","2",",0","30",",0","12",",0","1",",0","0",",0","","","","","-20.6",",0,11,","","","13",",,0,02,","1.8",",,0,02,","22.2",",0,31,","3682.4","0","631.5",",0","3.8",",,,0","21",",,,0","-2.04",",0","5.03",",,,0","-9.11",",,,0"
"USC00252647","1969-04","42.2651","-102.2134","1210.1","ELLSWORTH 15 NNE, NE US","0.0","0","0.0",",0","9",",0","3",",0","0",",0","0",",0","0",",0","0",",0","8",",0","0",",0","12",",0","0",",0","","","","","-3.9",",0,27,","0",",,0,30,+","0",",,0,30,+","8.9",",,0,15,","25.0",",0,06,+","3942.7","0","260.3",",0","22.7",",,,0","0",",,,0","9.66",",0","17.69",",,,0","1.62",",,,0"
"USC00252647","1969-05","42.2651","-102.2134","1210.1","ELLSWORTH 15 NNE, NE US","28.0","0","28.0",",0","10",",0","1",",0","0",",0","0",",0","0",",0","0",",0","3",",0","0",",0","18",",0","4",",0","","","5","","-2.2",",0,17,+","0",",,0,31,+","0",",,0,31,+","11.9",",,0,16,","35.6",",0,26,","4070.5","0","127.8",",0","20.0",",,,0","0",",,,0","15.12",",0","23.70",",,,0","6.54",",,,0"
"USC00252647","1969-06","42.2651","-102.2134","1210.1","ELLSWORTH 15 NNE, NE US","44.6","0","16.6",",0","12",",0","6",",0","0",",0","0",",0","0",",0","0",",0","2",",0","0",",0","21",",0","1",",0","","","5","","-1.7",",0,02,","0",",,0,30,+","0",",,0,30,+","23.6",",,0,11,","35.6",",0,05,","4170.8","0","100.3",",0","92.1",",,,0","0",",,,0","15.54",",0","22.99",",,,0","8.10",",,,0"
"USC00252647","1969-07","42.2651","-102.2134","1210.1","ELLSWORTH 15 NNE, NE US","173.1","0","128.5",",0","11",",0","8",",0","0",",0","0",",0","0",",0","0",",0","0",",0","0",",0","31",",0","7",",0","","","9","","8.3",",0,27,","0",",,0,31,+","0",",,0,31,+","24.4",",,0,18,","37.8",",0,12,","1.4","0","1.4",",0","74.8",",,,0","0",",,,0","22.43",",0","30.29",",,,0","14.57",",,,0"
"USC00252647","1969-08","42.2651","-102.2134","1210.1","ELLSWORTH 15 NNE, NE US","332.9","0","159.8",",0","2",",0","2",",0","1",",0","0",",0","0",",0","0",",0","0",",0","0",",0","30",",0","15",",0","","","7","","10.0",",0,16,+","0",",,0,31,+","0",",,0,31,+","50.8",",,0,30,","38.9",",0,08,","3.0","0","1.6",",0","57.2",",,,0","0",",,,0","23.44",",0","31.83",",,,0","15.04",",,,0"
"USC00252647","1969-09","42.2651","-102.2134","1210.1","ELLSWORTH 15 NNE, NE US","365.4","0","32.5",",0","2",",0","1",",0","0",",0","0",",0","0",",0","0",",0","0",",0","0",",0","29",",0","1",",0","","","3","","5.6",",0,23,","0",",,0,30,+","0",",,0,30,+","7.6",",,0,22,","32.2",",0,28,","26.1","0","23.1",",0","8.1",",,,0","0",",,,0","18.65",",0","26.86",",,,0","10.44",",,,0"
"USC00252647","1969-10","42.2651","-102.2134","1210.1","ELLSWORTH 15 NNE, NE US","365.4","0","0.0",",0","8",",0","5",",0","0",",0","4","1,0","2","2,0","0",",0","20",",0","1",",0","2",",0","0",",0","","","2","","-9.4",",0,16,","178","1,,0,30,","203","2,,0,30,","17.5",",,0,04,","26.7",",0,02,","436.4","0","410.3",",0","46.5",",,,0","305","2,,,0","5.10",",0","10.82",",,,0","-0.62",",,,0"
"USC00252647","1969-11","42.2651","-102.2134","1210.1","ELLSWORTH 15 NNE, NE US","365.4","0","0.0",",0","3",",0","0",",0","0",",0","0",",","","","0",",0","28",",0","1",",0","1",",0","0",",0","","","","","-13.3",",0,27,+","0",",T,0,17,","","","0.5",",,0,17,+","21.7",",0,05,","898.4","0","462.0",",0","1.3",",,,0","","","2.93",",0","11.18",",,,0","-5.31",",,,0"
"USC00252647","1969-12","42.2651","-102.2134","1210.1","ELLSWORTH 15 NNE, NE US","365.4","0","0.0",",0","4",",0","0",",0","0",",0","3","2,0","1",",0","3",",0","30",",0","10",",0","0",",0","0",",0","","","","","-21.7",",0,29,","25","2,,0,31,+","25",",,0,27,","1.0",",,0,30,","17.2",",0,01,","1522.4","0","624.0",",0","2.1",",,,0","67",",,,0","-1.80",",0","5.21",",,,0","-8.80",",,,0"
"USC00252647","1970-01","42.2651","-102.2134","1210.1","ELLSWORTH 15 NNE, NE US","0.0","0","0.0",",0","4",",0","1",",0","0",",0","","","3","1,0","9",",0","30",",0","15",",0","0",",0","0",",0","","","","","-30.0",",0,09,","","","114","1,,0,01,","2.5",",,0,20,","15.6",",0,27,","2285.2","0","762.8",",0","9.4",",,,0","216","1,,,0","-6.27",",0","0.95",",,,0","-13.50",",,,0"
"USC00252647","1970-02","42.2651","-102.2134","1210.1","ELLSWORTH 15 NNE, NE US","0.0","0","0.0",",0","3",",0","1",",0","0",",0","1","1,0","1","2,0","0",",0","27",",0","2",",0","0",",0","0",",0","","","","","-16.7",",0,02,","25","1,,0,13,","102","2,,0,14,","7.9",",,0,14,","20.6",",0,09,","2788.6","0","503.4",",0","9.2",",,,0","102","2,,,0","0.35",",0","8.56",",,,0","-7.85",",,,0"
"USC00252647","1970-03","42.2651","-102.2134","1210.1","ELLSWORTH 15 NNE, NE US","0.0","0","0.0",",0","6",",0","1",",0","0",",0","1","4,0","2",",0","1",",0","31",",0","6",",0","0",",0","0",",0","","","","","-19.4",",0,10,","178","4,,0,18,","178",",,0,18,","14.7",",,0,18,","18.9",",0,07,","3393.0","0","604.4",",0","19.4",",,,0","229",",,,0","-1.16",",0","5.07",",,,0","-7.40",",,,0"
"USC00252647","1970-04","42.2651","-102.2134","1210.1","ELLSWORTH 15 NNE, NE US","0.0","0","0.0",",0","7",",0","4",",0","0",",0","2",",0","3",",0","0",",0","22",",0","0",",0","5",",0","0",",0","","","2","","-8.3",",0,04,","102",",,0,12,","229",",,0,22,","18.5",",,0,22,","26.7",",0,26,","3785.5","0","392.5",",0","55.3",",,,0","483",",,,0","5.25",",0","12.35",",,,0","-1.85",",,,0"
"USC00252647","1970-05","42.2651","-102.2134","1210.1","ELLSWORTH 15 NNE, NE US","7.1","0","7.1",",0","6",",0","4",",0","0",",0","0",",0","0",",0","0",",0","3",",0","0",",0","23",",0","1",",0","","","5","","-3.3",",0,02,+","0",",,0,31,+","0",",,0,31,+","10.9",",,0,28,","32.2",",0,17,","3903.3","0","117.8",",0","33.8",",,,0","0",",,,0","14.76",",0","23.60",",,,0","5.92",",,,0"
"USC00252647","1970-06","42.2651","-102.2134","1210.1","ELLSWORTH 15 NNE, NE US","63.3","0","56.2",",0","11",",0","7",",0","2",",0","0",",0","0",",0","0",",0","0",",0","0",",0","27",",0","4",",0","","","9","","2.2",",0,13,+","0",",,0,30,+","0",",,0,30,+","38.1",",,0,11,","35.6",",0,27,","3955.3","0","52.0",",0","104.0",",,,0","0",",,,0","18.47",",0","26.79",",,,0","10.15",",,,0"
"USC00252647","1970-07","42.2651","-102.2134","1210.1","ELLSWORTH 15 NNE, NE US","205.0","0","141.7",",0","7",",0","2",",0","0",",0","0",",0","0",",0","0",",0","0",",0","0",",0","31",",0","16",",0","","","10","","6.1",",0,04,","0",",,0,31,+","0",",,0,31,+","14.0",",,0,13,","36.7",",0,30,+","3.1","0","3.1",",0","24.9",",,,0","0",",,,0","22.80",",0","31.74",",,,0","13.87",",,,0"
"USC00252647","1970-08","42.2651","-102.2134","1210.1","ELLSWORTH 15 NNE, NE US","376.4","0","171.4",",0","1",",0","0",",0","0",",0","0",",0","0",",0","0",",0","0",",0","0",",0","31",",0","21",",0","","","2","","8.3",",0,22,","0",",,0,31,+","0",",,0,31,+","0.5",",,0,28,","38.9",",0,26,","3.1","0","0.0",",0","0.5",",,,0","0",",,,0","23.86",",0","32.62",",,,0","15.10",",,,0"
"USC00252647","1970-09","42.2651","-102.2134","1210.1","ELLSWORTH 15 NNE, NE US","414.5","0","38.1",",0","4",",0","3",",0","0",",0","0",",0","0",",0","0",",0","3",",0","0",",0","22",",0","5",",0","","","1","","-5.6",",0,26,","0",",,0,30,+","0",",,0,30,+","5.3",",,0,14,","33.9",",0,04,","126.4","0","123.3",",0","14.0",",,,0","0",",,,0","15.49",",0","24.67",",,,0","6.32",",,,0"
"USC00252647","1970-10","42.2651","-102.2134","1210.1","ELLSWORTH 15 NNE, NE US","414.5","0","0.0","1,0","5",",0","2",",0","0",",0","1","2,0","1",",0","0","1,0","22","1,0","0",",0","9",",0","0",",0","","","","","-7.2","1,0,31,","102","2,,0,07,","102",",,0,07,","11.7",",,0,07,","31.1",",0,04,","472.2","0","345.8",",0","19.1",",,,0","102",",,,0","6.71","1,0","14.81",",,,0","-1.39","1,,,0"
"USC00252647","1970-11","42.2651","-102.2134","1210.1","ELLSWORTH 15 NNE, NE US","414.5","0","0.0",",0","1",",0","0",",0","0",",0","1",",0","0",",0","0",",0","27",",0","5",",0","0",",0","0",",0","","","","","-17.2",",0,23,","25",",,0,02,","13",",,0,02,","0.3",",,0,08,","19.4",",0,30,+","956.4","0","484.2",",0","0.3",",,,0","13",",,,0","2.19",",0","9.40",",,,0","-5.02",",,,0"
"USC00252647","1970-12","42.2651","-102.2134","1210.1","ELLSWORTH 15 NNE, NE US","414.5","0","0.0",",0","2",",0","1",",0","0",",0","2","3,0","1",",0","8",",0","31",",0","6",",0","0",",0","0",",0","","","","","-25.0",",0,19,","102","3,,0,12,","51",",,0,10,","4.1",",,0,10,","16.7",",0,07,","1647.5","0","691.1",",0","5.4",",,,0","51",",,,0","-3.96",",0","4.37",",,,0","-12.30",",,,0"
"USC00252647","1971-01","42.2651","-102.2134","1210.1","ELLSWORTH 15 NNE, NE US","0.0","0","0.0","1,0","3",",0","1",",0","0",",0","","","3",",0","6","1,0","29","1,0","13",",0","0",",0","0",",0","","","","","-29.4","1,0,06,","","","114",",,0,31,","10.7",",,0,31,","15.6",",0,29,","2352.1","0","704.6",",0","13.2",",,,0","216",",,,0","-5.19","1,0","1.26",",,,0","-11.63","1,,,0"
"USC00252647","1971-02","42.2651","-102.2134","1210.1","ELLSWORTH 15 NNE, NE US","0.0","0","0.0",",0","4",",0","0",",0","0",",0","","","1",",0","4",",0","28",",0","14",",0","0",",0","0",",0","","","","","-30.0",",0,07,","","","38",",,0,18,","1.3",",,0,18,","16.1",",0,14,","2997.3","0","645.2",",0","2.6",",,,0","59",",,,0","-4.71",",0","1.58",",,,0","-11.00",",,,0"
"USC00252647","1971-03","42.2651","-102.2134","1210.1","ELLSWORTH 15 NNE, NE US","0.0","0","0.0","1,0","7",",0","2",",0","0",",0","7","1,0","6",",0","0","1,0","29","1,0","8","1,0","1","1,0","0","1,0","","","","","-16.7","1,0,07,","178","1,,0,24,","127",",,0,24,+","7.6",",,0,24,","23.9","1,0,30,","3534.1","0","536.8","1,0","15.5",",,,0","457",",,,0","0.44","1,0","7.54","1,,,0","-6.66","1,,,0"
"USC00252647","1971-04","42.2651","-102.2134","1210.1","ELLSWORTH 15 NNE, NE US","0.0","0","0.0",",0","10",",0","7",",0","0",",0","1",",0","2",",0","0",",0","16",",0","0",",0","7",",0","0",",0","","","2","","-9.4",",0,05,","51",",,0,26,","102",",,0,26,","22.1",",,0,19,","27.8",",0,15,","3851.6","0","317.5",",0","89.1",",,,0","178",",,,0","7.75",",0","15.39",",,,0","0.10",",,,0"
"USC00252647","1971-05","42.2651","-102.2134","1210.1","ELLSWORTH 15 NNE, NE US","0.0","0","0.0",",0","12",",0","9",",0","1",",0","0",",0","0",",0","0",",0","3",",0","0",",0","10",",0","0",",0","","","9","","-1.1",",0,07,","0",",,0,31,+","0",",,0,31,+","30.2",",,0,05,","26.7",",0,16,","4062.9","0","211.3",",0","111.3",",,,0","0",",,,0","11.52",",0","18.44",",,,0","4.59",",,,0"
"USC00252647","1971-06","42.2651","-102.2134","1210.1","ELLSWORTH 15 NNE, NE US","62.4","0","62.4",",0","12",",0","8",",0","0",",0","0",",0","0",",0","0",",0","0",",0","0",",0","30",",0","3",",0","","","13","","7.2",",0,10,+","0",",,0,30,+","0",",,0,30,+","16.5",",,0,02,","37.8",",0,26,","4079.4","0","16.5",",0","61.5",",,,0","0",",,,0","19.86",",0","27.50",",,,0","12.22",",,,0"
"USC00252647","1971-07","42.2651","-102.2134","1210.1","ELLSWORTH 15 NNE, NE US","140.5","0","78.1",",0","8",",0","5",",0","0",",0","0",",0","0",",0","0",",0","0",",0","0",",0","30",",0","5",",0","","","9","","4.4",",0,26,","0",",,0,31,+","0",",,0,31,+","9.9",",,0,04,","34.4",",0,16,","20.0","0","20.0",",0","39.5",",,,0","0",",,,0","20.21",",0","28.49",",,,0","11.92",",,,0"
"USC00252647","1971-08","42.2651","-102.2134","1210.1","ELLSWORTH 15 NNE, NE US","271.4","0","130.9",",0","3",",0","1",",0","0",",0","0",",0","0",",0","0",",0","0",",0","0",",0","31",",0","13",",0","","","6","","10.6",",0,02,","0",",,0,31,+","0",",,0,31,+","7.4",",,0,14,","37.2",",0,23,","20.0","0","0.0",",0","10.7",",,,0","0",",,,0","22.55",",0","31.20",",,,0","13.91",",,,0"
"USC00252647","1971-09","42.2651","-102.2134","1210.1","ELLSWORTH 15 NNE, NE US","298.0","0","26.6",",0","9",",0","6",",0","0",",0","0",",0","0",",0","0",",0","5",",0","0",",0","20",",0","3",",0","","","1","","-1.7",",0,19,","0",",,0,30,+","0",",T,0,21,+","19.3",",,0,04,","36.1",",0,02,","154.2","0","134.2",",0","50.1",",,,0","0",",T,,0","14.75",",0","22.94",",,,0","6.55",",,,0"
"USC00252647","1971-10","42.2651","-102.2134","1210.1","ELLSWORTH 15 NNE, NE US","298.0","0","0.0",",0","7",",0","4",",0","0",",0","1","1,0","1",",0","0",",0","12",",0","3",",0","9",",0","0",",0","","","","","-10.6",",0,30,","51","1,,0,29,","51",",,0,29,","16.3",",,0,18,","27.8",",0,10,","457.2","0","303.0",",0","44.8",",,,0","51",",,,0","8.56",",0","16.32",",,,0","0.79",",,,0"
"USC00252647","1971-11","42.2651","-102.2134","1210.1","ELLSWORTH 15 NNE, NE US","298.0","0","0.0",",0","3",",0","1",",0","0",",0","0",",0","1",",0","0",",0","28",",0","4",",0","2",",0","0",",0","","","","","-11.1",",0,07,","0",",T,0,29,+","38",",,0,23,","4.8",",,0,16,","23.3",",0,12,","931.2","0","474.0",",0","5.8",",,,0","38",",,,0","2.53",",0","9.21",",,,0","-4.15",",,,0"
"USC00252647","1971-12","42.2651","-102.2134","1210.1","ELLSWORTH 15 NNE, NE US","298.0","0","0.0","1,0","2",",0","0",",0","0",",0","2",",0","2",",0","2","1,0","29","1,0","3",",0","0",",0","0",",0","","","","","-18.3","1,0,09,","25",",,0,27,+","25",",,0,27,+","0.8",",,0,27,","17.2",",0,25,","1571.8","0","640.6",",0","1.1",",,,0","50",",,,0","-2.82","1,0","4.85",",,,0","-10.50","1,,,0"
"USC00252647","1972-01","42.2651","-102.2134","1210.1","ELLSWORTH 15 NNE, NE US","0.0","0","0.0","1,0","2",",0","1",",0","0",",0","2",",0","1",",0","11",",0","31",",0","11","1,0","0","1,0","0","1,0","","","","","-30.6",",0,14,+","51",",,0,02,","38",",,0,02,","2.5",",,0,02,","14.4","1,0,17,","2309.1","0","737.3","1,0","3.8",",,,0","51",",,,0","-6.20","1,0","1.19","1,,,0","-13.59",",,,0"
"USC00252647","1972-02","42.2651","-102.2134","1210.1","ELLSWORTH 15 NNE, NE US","0.0","0","0.0",",0","3",",0","0",",0","0",",0","0",",0","1",",0","1",",0","27",",0","6",",0","2",",0","0",",0","","","","","-22.2",",0,02,","0",",T,0,09,+","76",",,0,08,","1.3",",,0,08,","22.8",",0,28,","2843.4","0","534.3",",0","1.9",",,,0","76",",,,0","-0.09",",0","8.18",",,,0","-8.36",",,,0"
"USC00252647","1972-03","42.2651","-102.2134","1210.1","ELLSWORTH 15 NNE, NE US","0.0","0","0.0",",0","6",",0","2",",0","0",",0","0",",0","0",",0","0",",0","26",",0","0",",0","5",",0","0",",0","","","","","-13.3",",0,04,+","0",",T,0,30,+","0",",T,0,30,+","3.8",",,0,24,+","26.1",",0,10,","3261.4","0","418.0",",0","10.7",",,,0","0",",T,,0","4.85",",0","14.05",",,,0","-4.35",",,,0"
"USC00252647","1972-04","42.2651","-102.2134","1210.1","ELLSWORTH 15 NNE, NE US","0.0","0","0.0",",0","10",",0","6",",0","1",",0","0",",0","0",",0","0",",0","18",",0","0",",0","8",",0","0",",0","","","2","","-9.4",",0,01,","0",",T,0,14,","0",",T,0,14,","32.5",",,0,26,","25.0",",0,06,","3601.2","0","339.8",",0","69.4",",,,0","0",",T,,0","7.01",",0","14.31",",,,0","-0.30",",,,0"
"USC00252647","1972-05","42.2651","-102.2134","1210.1","ELLSWORTH 15 NNE, NE US","10.8","0","10.8",",0","12",",0","7",",0","0",",0","0",",0","0",",0","0",",0","4",",0","0",",0","16",",0","0",",0","","","8","","-1.1",",0,03,","0",",,0,31,+","0",",,0,31,+","16.0",",,0,11,","31.1",",0,16,","3766.0","0","164.8",",0","56.9",",,,0","0",",,,0","13.37",",0","20.67",",,,0","6.06",",,,0"
"USC00252647","1972-06","42.2651","-102.2134","1210.1","ELLSWORTH 15 NNE, NE US","52.6","0","41.8",",0","13",",0","8",",0","0",",0","0",",0","0",",0","0",",0","0",",0","0",",0","29",",0","1",",0","","","13","","1.7",",0,20,","0",",,0,30,+","0",",,0,30,+","20.8",",,0,24,","32.2",",0,30,","3791.9","0","25.9",",0","94.1",",,,0","0",",,,0","18.86",",0","26.30",",,,0","11.42",",,,0"
"USC00252647","1972-07","42.2651","-102.2134","1210.1","ELLSWORTH 15 NNE, NE US","139.6","0","87.0",",0","10",",0","5",",0","0",",0","0",",0","0",",0","0",",0","0",",0","0",",0","27",",0","6",",0","","","3","","3.3",",0,04,","0",",,0,31,+","0",",,0,31,+","15.0",",,0,20,","36.7",",0,30,","28.9","0","28.9",",0","45.4",",,,0","0",",,,0","20.20",",0","28.19",",,,0","12.22",",,,0"
"USC00252647","1972-08","42.2651","-102.2134","1210.1","ELLSWORTH 15 NNE, NE US","240.5","0","100.9",",0","10",",0","2",",0","0",",0","0",",0","0",",0","0",",0","0",",0","0",",0","29",",0","9",",0","","","9","","4.4",",0,25,","0",",,0,31,+","0",",,0,31,+","8.9",",,0,02,","36.7",",0,12,+","51.8","0","22.9",",0","19.6",",,,0","0",",,,0","20.85",",0","29.18",",,,0","12.52",",,,0"
"USC00252647","1972-09","42.2651","-102.2134","1210.1","ELLSWORTH 15 NNE, NE US","262.0","0","21.5",",0","6",",0","4",",0","0",",0","0",",0","0",",0","0",",0","3",",0","0",",0","24",",0","1",",0","","","3","","-5.6",",0,26,","0",",,0,30,+","0",",,0,30,+","19.6",",,0,04,","33.9",",0,18,","141.0","0","89.2",",0","36.9",",,,0","0",",,,0","16.08",",0","24.53",",,,0","7.62",",,,0"
"USC00252647","1972-10","42.2651","-102.2134","1210.1","ELLSWORTH 15 NNE, NE US","262.3","0","0.3","3,0","5",",0","1",",0","0",",0","0","2,0","1",",0","0","1,0","15","1,0","1","3,0","14","3,0","0","3,0","","","","","-8.9","1,0,30,","0","2,,0,31,+","25",",,0,30,","3.0",",,0,22,","27.8","3,0,10,","405.9","0","264.9","3,0","5.4",",,,0","25",",,,0","8.87","3,0","16.98","3,,,0","0.76","1,,,0"
"USC00252647","1972-11","42.2651","-102.2134","1210.1","ELLSWORTH 15 NNE, NE US","262.3","0","0.0",",0","3",",0","2",",0","0",",0","","","3",",0","1",",0","28",",0","10",",0","0",",0","0",",0","","","","","-17.8",",0,14,","","","178",",,0,01,","8.4",",,0,01,","16.7",",0,08,","1015.7","0","609.8",",0","13.0",",,,0","330",",,,0","-1.99",",0","3.61",",,,0","-7.59",",,,0"
"USC00252647","1972-12","42.2651","-102.2134","1210.1","ELLSWORTH 15 NNE, NE US","262.3","0","0.0",",0","3",",0","0",",0","0",",0","","","2",",0","11",",0","31",",0","16",",0","0",",0","0",",0","","","","","-32.2",",0,06,","","","76",",,0,09,","1.5",",,0,30,","14.4",",0,27,","1823.8","0","808.1",",0","2.8",",,,0","147",",,,0","-7.73",",0","-1.44",",,,0","-14.03",",,,0"
"USC00252647","1973-01","42.2651","-102.2134","1210.1","ELLSWORTH 15 NNE, NE US","0.0","0","0.0",",0","2",",0","1",",0","0",",0","","","2",",0","11",",0","31",",0","14",",0","0",",0","0",",0","","","","","-31.7",",0,09,","","","102",",,0,20,","3.0",",,0,20,","13.3",",0,16,","2577.5","0","753.7",",0","4.3",",,,0","191",",,,0","-5.98",",0","0.87",",,,0","-12.84",",,,0"
"USC00252647","1973-02","42.2651","-102.2134","1210.1","ELLSWORTH 15 NNE, NE US","0.0","0","0.0",",0","1",",0","1",",0","0",",0","","","1",",0","3",",0","28",",0","7",",0","0",",0","0",",0","","","","","-26.7",",0,09,","","","76",",,0,07,","2.5",",,0,07,","14.4",",0,28,+","3142.1","0","564.6",",0","2.5",",,,0","89",",,,0","-1.83",",0","5.33",",,,0","-8.99",",,,0"
"USC00252647","1973-03","42.2651","-102.2134","1210.1","ELLSWORTH 15 NNE, NE US","0.0","0","0.0",",0","9",",0","4",",0","1",",0","1",",0","5",",0","0",",0","30",",0","0",",0","0",",0","0",",0","","","2","","-6.1",",0,15,","25",",,0,14,","102",",,0,03,","30.0",",,0,14,","16.7",",0,12,+","3601.5","0","459.4",",0","70.4",",,,0","279",",,,0","3.51",",0","9.31",",,,0","-2.28",",,,0"
"USC00252647","1973-04","42.2651","-102.2134","1210.1","ELLSWORTH 15 NNE, NE US","0.0","0","0.0",",0","9",",0","4",",0","1",",0","0",",0","0",",0","0",",0","21",",0","0",",0","5",",0","0",",0","","","3","","-9.4",",0,09,","0",",T,0,15,+","8",",,0,07,","42.4",",,0,30,","25.6",",0,14,","3970.3","0","368.8",",0","86.4",",,,0","8",",,,0","6.04",",0","13.47",",,,0","-1.39",",,,0"
"USC00252647","1973-05","42.2651","-102.2134","1210.1","ELLSWORTH 15 NNE, NE US","3.6","0","3.6",",0","7",",0","3",",0","0",",0","0",",0","0",",0","0",",0","7",",0","0",",0","15",",0","0",",0","","","3","","-4.4",",0,13,","0",",,0,31,+","0",",,0,31,+","24.1",",,0,27,","29.4",",0,20,+","4167.5","0","197.2",",0","44.1",",,,0","0",",,,0","12.09",",0","20.57",",,,0","3.61",",,,0"
"USC00252647","1973-06","42.2651","-102.2134","1210.1","ELLSWORTH 15 NNE, NE US","57.5","0","53.9",",0","4",",0","4",",0","0",",0","0",",0","0",",0","0",",0","0",",0","0",",0","28",",0","4",",0","","","5","","4.4",",0,20,","0",",,0,30,+","0",",,0,30,+","20.3",",,0,02,","34.4",",0,24,+","4203.7","0","36.2",",0","44.9",",,,0","0",",,,0","18.92",",0","27.39",",,,0","10.46",",,,0"
"USC00252647","1973-07","42.2651","-102.2134","1210.1","ELLSWORTH 15 NNE, NE US","168.8","0","111.3",",0","8",",0","5",",0","0",",0","0",",0","0",",0","0",",0","0",",0","0",",0","29",",0","13",",0","","","9","","7.2",",0,15,","0",",,0,31,+","0",",,0,31,+","22.4",",,0,20,","41.1",",0,06,","14.3","0","14.3",",0","58.0",",,,0","0",",,,0","21.46",",0","29.94",",,,0","12.99",",,,0"
"USC00252647","1973-08","42.2651","-102.2134","1210.1","ELLSWORTH 15 NNE, NE US","313.4","0","144.6","1,0","2",",0","1",",0","0",",0","0",",0","0",",0","0","1,0","0","1,0","0",",0","31",",0","18",",0","","","6","","8.3","1,0,09,","0",",,0,31,+","0",",,0,31,+","3.8",",,0,09,","37.2",",0,20,","14.3","0","0.0",",0","4.3",",,,0","0",",,,0","23.13","1,0","32.61",",,,0","13.65","1,,,0"
"USC00252647","1973-09","42.2651","-102.2134","1210.1","ELLSWORTH 15 NNE, NE US","321.4","0","8.0",",0","12",",0","9",",0","4",",0","0",",0","0",",0","0",",0","2",",0","0",",0","18",",0","0",",0","","","7","","-1.7",",0,17,","0",",,0,30,+","0",",T,0,16,","51.1",",,0,11,","30.6",",0,01,","147.7","0","133.4",",0","220.5",",,,0","0",",T,,0","14.15",",0","20.99",",,,0","7.31",",,,0"
"USC00252647","1973-10","42.2651","-102.2134","1210.1","ELLSWORTH 15 NNE, NE US","321.7","0","0.3",",0","3",",0","2",",0","0",",0","","","1",",0","0",",0","10",",0","0",",0","16",",0","0",",0","","","1","","-6.1",",0,28,","","","254",",,0,11,","23.6",",,0,11,","27.2",",0,24,+","372.5","0","224.8",",0","27.7",",,,0","254",",,,0","11.09",",0","19.55",",,,0","2.64",",,,0"
"USC00252647","1973-11","42.2651","-102.2134","1210.1","ELLSWORTH 15 NNE, NE US","321.7","0","0.0",",0","4",",0","1",",0","0",",0","","","3",",0","0",",0","26",",0","4",",0","1",",0","0",",0","","","","","-12.2",",0,21,","","","305",",,0,03,","5.1",",,0,03,","21.7",",0,12,","872.2","0","499.7",",0","7.7",",,,0","381",",,,0","1.68",",0","7.78",",,,0","-4.43",",,,0"
"USC00252647","1973-12","42.2651","-102.2134","1210.1","ELLSWORTH 15 NNE, NE US","321.7","0","0.0",",0","4",",0","3",",0","0",",0","9","5,0","4",",0","5",",0","30",",0","12",",0","0",",0","0",",0","","","","","-25.6",",0,31,","279","5,,0,31,+","152",",,0,18,","11.7",",,0,18,","15.6",",0,11,+","1560.4","0","688.2",",0","19.0",",,,0","279",",,,0","-3.87",",0","3.15",",,,0","-10.88",",,,0"
"USC00252647","1974-01","42.2651","-102.2134","1210.1","ELLSWORTH 15 NNE, NE US","0.0","0","0.0",",0","5",",0","3",",0","0",",0","","","5",",0","13",",0","30",",0","12",",0","0",",0","0",",0","","","","","-32.8",",0,03,","","","305",",,0,21,","6.6",",,0,21,","13.9",",0,16,","2386.9","0","826.5",",0","13.7",",,,0","668",",,,0","-8.33",",0","-1.22",",,,0","-15.44",",,,0"
"USC00252647","1974-02","42.2651","-102.2134","1210.1","ELLSWORTH 15 NNE, NE US","0.0","0","0.0",",0","4",",0","1",",0","0",",0","","","2",",0","1",",0","27",",0","2",",0","0",",0","0",",0","","","","","-17.8",",0,24,","","","76",",,0,08,","4.1",",,0,08,","15.0",",0,26,","2914.4","0","527.5",",0","8.1",",,,0","114",",,,0","-0.51",",0","6.81",",,,0","-7.82",",,,0"
"USC00252647","1974-03","42.2651","-102.2134","1210.1","ELLSWORTH 15 NNE, NE US","0.0","0","0.0",",0","3",",0","3",",0","0",",0","1",",0","2",",0","0",",0","23",",0","2",",0","4",",0","0",",0","","","1","","-16.7",",0,21,","51",",,0,20,","51",",,0,20,","7.1",",,0,31,","23.3",",0,02,","3363.3","0","448.9",",0","16.5",",,,0","76",",,,0","3.85",",0","11.56",",,,0","-3.86",",,,0"
"USC00252647","1974-04","42.2651","-102.2134","1210.1","ELLSWORTH 15 NNE, NE US","0.0","0","0.0",",0","9",",0","5",",0","0",",0","2",",0","1",",0","0",",0","15",",0","0",",0","5",",0","0",",0","","","2","","-7.8",",0,05,","25",",,0,11,+","25",",,0,03,","20.3",",,0,21,","27.8",",0,24,","3653.2","0","289.9",",0","51.4",",,,0","38",",,,0","8.67",",0","16.13",",,,0","1.21",",,,0"
"USC00252647","1974-05","42.2651","-102.2134","1210.1","ELLSWORTH 15 NNE, NE US","8.4","0","8.4",",0","10",",0","4",",0","0",",0","0",",0","0",",0","0",",0","4",",0","0",",0","18",",0","1",",0","","","6","","-5.0",",0,03,","0",",,0,31,+","0",",,0,31,+","5.3",",,0,10,","32.8",",0,19,","3816.2","0","163.0",",0","22.3",",,,0","0",",,,0","13.35",",0","21.91",",,,0","4.78",",,,0"
"USC00252647","1974-06","42.2651","-102.2134","1210.1","ELLSWORTH 15 NNE, NE US","62.1","0","53.7",",0","6",",0","5",",0","0",",0","0",",0","0",",0","0",",0","0",",0","0",",0","26",",0","7",",0","","","10","","1.7",",0,07,","0",",,0,30,+","0",",,0,30,+","21.6",",,0,09,","36.7",",0,20,","3868.6","0","52.4",",0","49.3",",,,0","0",",,,0","18.38",",0","27.45",",,,0","9.30",",,,0"
"USC00252647","1974-07","42.2651","-102.2134","1210.1","ELLSWORTH 15 NNE, NE US","254.1","0","192.0",",0","5",",0","1",",0","0",",0","0",",0","0",",0","0",",0","0",",0","0",",0","31",",0","24",",0","","","8","","3.9",",0,04,","0",",,0,31,+","0",",,0,31,+","4.8",",,0,18,","37.2",",0,06,+","1.1","0","1.1",",0","10.2",",,,0","0",",,,0","24.49",",0","33.68",",,,0","15.31",",,,0"
"USC00252647","1974-08","42.2651","-102.2134","1210.1","ELLSWORTH 15 NNE, NE US","308.4","0","54.3",",0","5",",0","4",",0","1",",0","0",",0","0",",0","0",",0","0",",0","0",",0","29",",0","6",",0","","","11","","5.6",",0,03,","0",",,0,31,+","0",",,0,31,+","31.8",",,0,10,","33.9",",0,19,","23.5","0","22.4",",0","66.7",",,,0","0",",,,0","19.36",",0","27.11",",,,0","11.61",",,,0"
"USC00252647","1974-09","42.2651","-102.2134","1210.1","ELLSWORTH 15 NNE, NE US","319.1","0","10.7",",0","6",",0","4",",0","0",",0","0",",0","1",",0","0",",0","3",",0","0",",0","20",",0","1",",0","","","3","","-3.3",",0,30,","0",",,0,30,+","51",",,0,12,","17.3",",,0,12,","35.0",",0,10,","169.3","0","145.8",",0","32.8",",,,0","51",",,,0","13.83",",0","23.01",",,,0","4.65",",,,0"
"USC00252647","1974-10","42.2651","-102.2134","1210.1","ELLSWORTH 15 NNE, NE US","319.1","0","0.0",",0","4",",0","3",",0","0",",0","0",",0","0",",0","0",",0","10",",0","0",",0","16",",0","0",",0","","","1","","-10.0",",0,15,","0",",,0,31,+","0",",T,0,06,","12.7",",,0,30,","28.9",",0,17,","394.4","0","225.1",",0","24.2",",,,0","0",",T,,0","11.07",",0","20.37",",,,0","1.77",",,,0"
"USC00252647","1974-11","42.2651","-102.2134","1210.1","ELLSWORTH 15 NNE, NE US","319.1","0","0.0",",0","4",",0","1",",0","0",",0","0",",0","0",",0","0",",0","30",",0","3",",0","2",",0","0",",0","","","","","-17.2",",0,30,","0",",T,0,29,+","8",",,0,23,","4.3",",,0,02,","21.7",",0,21,","876.8","0","482.4",",0","5.9",",,,0","8",",,,0","2.25",",0","10.19",",,,0","-5.68",",,,0"
"USC00252647","1974-12","42.2651","-102.2134","1210.1","ELLSWORTH 15 NNE, NE US","319.1","0","0.0",",0","3",",0","2",",0","0",",0","7",",0","2",",0","3",",0","31",",0","5",",0","0",",0","0",",0","","","","","-21.1",",0,25,","76",",,0,16,+","76",",,0,14,","6.4",",,0,16,","18.3",",0,04,","1549.4","0","672.6",",0","9.2",",,,0","140",",,,0","-3.36",",0","4.96",",,,0","-11.69",",,,0"
"USC00252647","1975-01","42.2651","-102.2134","1210.1","ELLSWORTH 15 NNE, NE US","0.0","0","0.0",",0","6",",0","0",",0","0",",0","3",",0","2",",0","3",",0","31",",0","10",",0","0",",0","0",",0","","","","","-25.0",",0,11,","25",",,0,04,+","33",",,0,03,","1.3",",,0,24,","11.1",",0,23,","2246.1","0","696.7",",0","3.7",",,,0","66",",,,0","-4.14",",0","2.60",",,,0","-10.88",",,,0"
"USC00252647","1975-02","42.2651","-102.2134","1210.1","ELLSWORTH 15 NNE, NE US","0.0","0","0.0",",0","4",",0","1",",0","0",",0","6",",0","3",",0","4",",0","28",",0","11",",0","0",",0","0",",0","","","","","-30.6",",0,09,","76",",,0,15,+","76",",,0,15,+","4.3",",,0,15,","11.7",",0,28,+","2919.4","0","673.3",",0","7.4",",,,0","185",",,,0","-5.71",",0","1.88",",,,0","-13.31",",,,0"
"USC00252647","1975-03","42.2651","-102.2134","1210.1","ELLSWORTH 15 NNE, NE US","0.0","0","0.0",",0","6",",0","3",",0","0",",0","8",",0","4",",0","1",",0","27",",0","7",",0","1",",0","0",",0","","","","","-18.3",",0,29,","305",",,0,28,+","305",",,0,27,","14.5",",,0,27,","21.1",",0,20,","3520.0","0","600.6",",0","24.1",",,,0","478",",,,0","-1.04",",0","5.92",",,,0","-8.00",",,,0"
"USC00252647","1975-04","42.2651","-102.2134","1210.1","ELLSWORTH 15 NNE, NE US","0.8","0","0.8",",0","5",",0","2",",0","0",",0","5",",0","1",",0","1",",0","18",",0","2",",0","5",",0","0",",0","","","3","","-23.3",",0,02,","356",",,0,01,","178",",,0,01,","17.0",",,0,28,","28.3",",0,26,","3910.6","0","390.6",",0","31.0",",,,0","178",",,,0","5.34",",0","12.37",",,,0","-1.69",",,,0"
"USC00252647","1975-05","42.2651","-102.2134","1210.1","ELLSWORTH 15 NNE, NE US","0.8","0","0.0",",0","8",",0","5",",0","1",",0","0",",0","0",",0","0",",0","4",",0","0",",0","14",",0","0",",0","","","5","","-1.1",",0,01,","0",",,0,31,+","0",",,0,31,+","27.9",",,0,12,","27.8",",0,19,+","4086.9","0","176.3",",0","66.0",",,,0","0",",,,0","12.65",",0","20.57",",,,0","4.73",",,,0"
"USC00252647","1975-06","42.2651","-102.2134","1210.1","ELLSWORTH 15 NNE, NE US","31.7","0","30.9",",0","10",",0","4",",0","2",",0","0",",0","0",",0","0",",0","0",",0","0",",0","24",",0","1",",0","","","12","","2.2",",0,17,","0",",,0,30,+","0",",,0,30,+","27.4",",,0,21,","32.2",",0,30,","4151.5","0","64.6",",0","72.2",",,,0","0",",,,0","17.21",",0","25.50",",,,0","8.91",",,,0"
"USC00252647","1975-07","42.2651","-102.2134","1210.1","ELLSWORTH 15 NNE, NE US","177.6","0","145.9",",0","7",",0","3",",0","1",",0","0",",0","0",",0","0",",0","0",",0","0",",0","31",",0","16",",0","","","9","","6.7",",0,12,","0",",,0,31,+","0",",,0,31,+","35.6",",,0,09,","37.2",",0,27,","5.0","0","5.0",",0","57.0",",,,0","0",",,,0","22.88",",0","31.61",",,,0","14.15",",,,0"
"USC00252647","1975-08","42.2651","-102.2134","1210.1","ELLSWORTH 15 NNE, NE US","275.6","0","98.0",",0","6",",0","3",",0","0",",0","0",",0","0",",0","0",",0","0",",0","0",",0","30",",0","11",",0","","","8","","1.7",",0,25,","0",",,0,31,+","0",",,0,31,+","11.4",",,0,13,","38.3",",0,07,","19.1","0","14.1",",0","19.3",",,,0","0",",,,0","21.04",",0","30.31",",,,0","11.77",",,,0"
"USC00252647","1975-09","42.2651","-102.2134","1210.1","ELLSWORTH 15 NNE, NE US","292.5","0","16.9",",0","2",",0","1",",0","0",",0","0",",0","0",",0","0",",0","4",",0","0",",0","21",",0","2",",0","","","2","","-1.1",",0,21,+","0",",,0,30,+","0",",,0,30,+","5.8",",,0,11,","32.8",",0,10,+","151.3","0","132.2",",0","8.1",",,,0","0",",,,0","14.49",",0","23.57",",,,0","5.41",",,,0"
"USC00252647","1975-10","42.2651","-102.2134","1210.1","ELLSWORTH 15 NNE, NE US","296.9","0","4.4",",0","2",",0","1",",0","0",",0","0","3,0","1",",0","0",",0","14",",0","0",",0","14",",0","0",",0","","","","","-10.6",",0,25,","0","3,,0,31,+","102",",,0,23,","11.4",",,0,23,","31.1",",0,06,","401.4","0","250.1",",0","13.2",",,,0","102",",,,0","10.41",",0","20.12",",,,0","0.69",",,,0"
"USC00252647","1975-11","42.2651","-102.2134","1210.1","ELLSWORTH 15 NNE, NE US","296.9","0","0.0",",0","6",",0","2",",0","0",",0","9",",0","3",",0","4",",0","27",",0","10",",0","6",",0","0",",0","","","","","-20.0",",0,30,+","178",",,0,30,+","114",",,0,25,","7.9",",,0,19,","23.9",",0,16,+","945.0","0","543.6",",0","17.4",",,,0","249",",,,0","0.21",",0","8.10",",,,0","-7.68",",,,0"
"USC00252647","1975-12","42.2651","-102.2134","1210.1","ELLSWORTH 15 NNE, NE US","296.9","0","0.0",",0","5",",0","2",",0","0",",0","2",",0","1",",0","3",",0","30",",0","5",",0","0",",0","0",",0","","","","","-21.1",",0,18,","127",",,0,31,","127",",,0,31,","7.1",",,0,31,","16.7",",0,04,","1558.3","0","613.3",",0","15.0",",,,0","143",",,,0","-1.45",",0","5.07",",,,0","-7.98",",,,0"
"USC00252647","1976-01","42.2651","-102.2134","1210.1","ELLSWORTH 15 NNE, NE US","0.0","0","0.0",",0","6",",0","4",",0","0",",0","25",",0","4",",0","7",",0","31",",0","11",",0","0",",0","0",",0","","","","","-28.9",",0,07,","229",",,0,05,+","114",",,0,01,","6.4",",,0,01,","10.0",",0,29,","2310.8","0","752.5",",0","17.1",",,,0","241",",,,0","-5.94",",0","0.84",",,,0","-12.72",",,,0"
"USC00252647","1976-02","42.2651","-102.2134","1210.1","ELLSWORTH 15 NNE, NE US","0.0","0","0.0",",0","2",",0","1",",0","0",",0","4",",0","2",",0","4",",0","27",",0","4",",0","0",",0","0",",0","","","","","-23.9",",0,06,","51",",,0,06,+","51",",,0,20,+","3.8",",,0,20,","16.7",",0,28,+","2815.0","0","504.2",",0","4.3",",,,0","102",",,,0","0.95",",0","8.03",",,,0","-6.13",",,,0"
"USC00252647","1976-03","42.2651","-102.2134","1210.1","ELLSWORTH 15 NNE, NE US","0.0","0","0.0",",0","3",",0","1",",0","0",",0","4",",0","3",",0","2",",0","27",",0","4",",0","1",",0","0",",0","","","","","-23.3",",0,05,","76",",,0,05,+","76",",,0,02,","4.3",",,0,02,","21.1",",0,23,","3344.6","0","529.6",",0","7.6",",,,0","152",",,,0","1.25",",0","9.49",",,,0","-6.99",",,,0"
"USC00252647","1976-04","42.2651","-102.2134","1210.1","ELLSWORTH 15 NNE, NE US","0.0","0","0.0",",0","10",",0","6",",0","0",",0","0",",0","0",",0","0",",0","12",",0","0",",0","5",",0","0",",0","","","5","","-7.2",",0,03,","0",",,0,30,+","0",",,0,30,+","16.0",",,0,16,","23.9",",0,13,","3643.0","0","298.4",",0","66.9",",,,0","0",",,,0","8.39",",0","15.24",",,,0","1.53",",,,0"
"USC00252647","1976-05","42.2651","-102.2134","1210.1","ELLSWORTH 15 NNE, NE US","2.3","0","2.3",",0","7",",0","3",",0","1",",0","0",",0","0",",0","0",",0","5",",0","0",",0","17",",0","0",",0","","","4","","-7.8",",0,06,","0",",,0,31,+","0",",,0,31,+","34.8",",,0,23,","29.4",",0,18,","3814.8","0","171.8",",0","56.4",",,,0","0",",,,0","12.86",",0","21.01",",,,0","4.72",",,,0"
"USC00252647","1976-06","42.2651","-102.2134","1210.1","ELLSWORTH 15 NNE, NE US","48.6","0","46.3","1,0","5",",0","2",",0","1",",0","0",",0","0",",0","0",",0","1",",0","0","1,0","25","1,0","4","1,0","","","1","","0.0",",0,18,","0",",,0,30,+","0",",,0,30,+","47.5",",,0,23,","36.1","1,0,10,","3853.2","0","38.4","1,0","53.9",",,,0","0",",,,0","18.55","1,0","27.69","1,,,0","9.41",",,,0"
"USC00252647","1976-07","42.2651","-102.2134","1210.1","ELLSWORTH 15 NNE, NE US","177.4","0","128.8",",0","7",",0","4",",0","0",",0","0",",0","0",",0","0",",0","0",",0","0",",0","31",",0","14",",0","","","8","","8.3",",0,14,","0",",,0,31,+","0",",,0,31,+","21.1",",,0,29,","37.8",",0,09,","0.0","0","0.0",",0","62.0",",,,0","0",",,,0","22.49",",0","30.82",",,,0","14.15",",,,0"
"USC00252647","1976-08","42.2651","-102.2134","1210.1","ELLSWORTH 15 NNE, NE US","295.3","0","117.9",",0","7",",0","5",",0","0",",0","0",",0","0",",0","0",",0","0",",0","0",",0","30",",0","12",",0","","","10","","6.1",",0,06,","0",",,0,31,+","0",",,0,31,+","11.9",",,0,01,","37.2",",0,26,","5.0","0","5.0",",0","29.3",",,,0","0",",,,0","21.97",",0","30.58",",,,0","13.37",",,,0"
"USC00252647","1976-09","42.2651","-102.2134","1210.1","ELLSWORTH 15 NNE, NE US","341.1","0","45.8",",0","0",",0","0",",0","0",",0","0",",0","0",",0","0",",0","5",",0","0",",0","26",",0","4",",0","","","","","-3.3",",0,09,","0",",,0,30,+","0",",,0,30,+","0.0",",T,0,23,+","35.6",",0,06,","76.5","0","71.5",",0","0.0",",T,,0","0",",,,0","17.48",",0","26.62",",,,0","8.33",",,,0"
"USC00252647","1976-10","42.2651","-102.2134","1210.1","ELLSWORTH 15 NNE, NE US","342.8","0","1.7","1,0","2",",0","2",",0","1",",0","0",",0","0",",0","0","1,0","19","1,0","0","1,0","9","1,0","0","1,0","","","","","-9.4","1,0,21,","0",",T,0,06,","0",",T,0,06,","25.7",",,0,06,","30.6","1,0,01,","398.1","0","321.6","1,0","31.0",",,,0","0",",T,,0","7.67","1,0","15.68","1,,,0","-0.34","1,,,0"
"USC00252647","1976-11","42.2651","-102.2134","1210.1","ELLSWORTH 15 NNE, NE US","342.8","0","0.0",",0","3",",0","1",",0","0",",0","5",",0","1",",0","4",",0","24",",0","6",",0","1",",0","0",",0","","","","","-27.2",",0,27,","102",",,0,29,+","102",",,0,26,","6.9",",,0,26,","21.1",",0,01,","959.1","0","561.0",",0","9.4",",,,0","102",",,,0","-0.37",",0","7.96",",,,0","-8.69",",,,0"
"USC00252647","1976-12","42.2651","-102.2134","1210.1","ELLSWORTH 15 NNE, NE US","342.8","0","0.0",",0","2",",0","1",",0","0",",0","6",",0","2",",0","2",",0","30",",0","6",",0","0",",0","0",",0","","","","","-22.2",",0,30,","76",",,0,06,+","51",",,0,05,","2.5",",,0,05,","15.0",",0,17,","1590.5","0","631.4",",0","4.0",",,,0","76",",,,0","-2.04",",0","5.07",",,,0","-9.14",",,,0"
"USC00252647","1977-01","42.2651","-102.2134","1210.1","ELLSWORTH 15 NNE, NE US","0.0","0","0.0",",0","6",",0","0",",0","0",",0","6",",0","2",",0","11",",0","31",",0","16",",0","0",",0","0",",0","","","","","-28.3",",0,16,","51",",,0,18,+","38",",,0,15,","1.8",",,0,15,","7.2",",0,20,","2391.9","0","801.4",",0","5.5",",,,0","89",",,,0","-7.52",",0","-0.16",",,,0","-14.87",",,,0"
"USC00252647","1977-02","42.2651","-102.2134","1210.1","ELLSWORTH 15 NNE, NE US","0.0","0","0.0",",0","3",",0","1",",0","0",",0","1",",0","1",",0","0",",0","27",",0","0",",0","0",",0","0",",0","","","","","-12.2",",0,26,","25",",,0,23,","76",",,0,23,","16.5",",,0,23,","18.9",",0,21,","2866.5","0","474.6",",0","17.3",",,,0","76",",,,0","1.38",",0","8.39",",,,0","-5.62",",,,0"
"USC00252647","1977-03","42.2651","-102.2134","1210.1","ELLSWORTH 15 NNE, NE US","0.0","0","0.0","1,0","11",",0","6",",0","1",",0","","","10",",0","0","1,0","27","1,0","4","1,0","0","1,0","0","1,0","","","","","-15.6","1,0,21,","","","254",",,0,11,","25.4",",,0,11,","20.6","1,0,24,","3384.8","0","518.3","1,0","76.9",",,,0","965",",,,0","1.06","1,0","7.76","1,,,0","-5.65","1,,,0"
"USC00252647","1977-04","42.2651","-102.2134","1210.1","ELLSWORTH 15 NNE, NE US","0.0","0","0.0",",0","9",",0","7",",0","0",",0","0",",0","1",",0","0",",0","10",",0","0",",0","10",",0","0",",0","","","3","","-6.7",",0,01,","0",",,0,30,+","102",",,0,03,","19.1",",,0,29,","29.4",",0,09,","3638.6","0","253.8",",0","80.8",",,,0","102",",,,0","9.87",",0","17.13",",,,0","2.61",",,,0"
"USC00252647","1977-05","42.2651","-102.2134","1210.1","ELLSWORTH 15 NNE, NE US","7.2","0","7.2",",0","12",",0","8",",0","1",",0","0",",0","0",",0","0",",0","0",",0","0",",0","21",",0","0",",0","","","10","","3.9",",0,31,","0",",,0,31,+","0",",,0,31,+","29.0",",,0,21,","27.2",",0,24,+","3727.1","0","88.5",",0","105.2",",,,0","0",",,,0","15.71",",0","22.40",",,,0","9.02",",,,0"
"USC00252647","1977-06","42.2651","-102.2134","1210.1","ELLSWORTH 15 NNE, NE US","88.4","0","81.2",",0","9",",0","5",",0","2",",0","0",",0","0",",0","0",",0","0",",0","0",",0","30",",0","3",",0","","","11","","9.4",",0,19,+","0",",,0,30,+","0",",,0,30,+","35.3",",,0,21,","33.3",",0,29,+","3733.6","0","6.5",",0","92.7",",,,0","0",",,,0","20.83",",0","28.10",",,,0","13.55",",,,0"
"USC00252647","1977-07","42.2651","-102.2134","1210.1","ELLSWORTH 15 NNE, NE US","227.1","0","138.7",",0","8",",0","4",",0","1",",0","0",",0","0",",0","0",",0","0",",0","0",",0","31",",0","12",",0","","","7","","6.7",",0,01,","0",",,0,31,+","0",",,0,31,+","27.9",",,0,09,","37.8",",0,17,","1.4","0","1.4",",0","70.9",",,,0","0",",,,0","22.76",",0","30.29",",,,0","15.24",",,,0"
"USC00252647","1977-08","42.2651","-102.2134","1210.1","ELLSWORTH 15 NNE, NE US","279.9","0","52.8",",0","12",",0","8",",0","0",",0","0",",0","0",",0","0",",0","0",",0","0",",0","29",",0","0",",0","","","15","","4.4",",0,11,","0",",,0,31,+","0",",,0,31,+","23.1",",,0,23,","31.1",",0,26,+","19.9","0","18.5",",0","94.5",",,,0","0",",,,0","19.44",",0","26.33",",,,0","12.55",",,,0"
"USC00252647","1977-09","42.2651","-102.2134","1210.1","ELLSWORTH 15 NNE, NE US","318.1","0","38.2",",0","4",",0","3",",0","0",",0","0",",0","0",",0","0",",0","0",",0","0",",0","28",",0","3",",0","","","7","","1.7",",0,19,+","0",",,0,30,+","0",",,0,30,+","18.5",",,0,30,","35.6",",0,08,","71.9","0","52.0",",0","29.2",",,,0","0",",,,0","17.87",",0","26.21",",,,0","9.54",",,,0"
"USC00252647","1977-10","42.2651","-102.2134","1210.1","ELLSWORTH 15 NNE, NE US","318.1","0","0.0",",0","3",",0","1",",0","0",",0","0",",0","0",",0","0",",0","10",",0","0",",0","10",",0","0",",0","","","1","","-6.7",",0,12,","0",",,0,31,+","0",",T,0,10,","5.3",",,0,01,","28.3",",0,26,","325.9","0","254.0",",0","7.9",",,,0","0",",T,,0","10.14",",0","18.78",",,,0","1.50",",,,0"
"USC00252647","1977-11","42.2651","-102.2134","1210.1","ELLSWORTH 15 NNE, NE US","318.1","0","0.0",",0","3",",0","2",",0","0",",0","1",",0","1",",0","1",",0","26",",0","4",",0","1",",0","0",",0","","","","","-20.6",",0,21,","51",",,0,08,","51",",,0,08,","15.7",",,0,08,","21.7",",0,02,","829.4","0","503.5",",0","19.6",",,,0","51",",,,0","1.55",",0","8.16",",,,0","-5.06",",,,0"
"USC00252647","1977-12","42.2651","-102.2134","1210.1","ELLSWORTH 15 NNE, NE US","318.1","0","0.0",",0","2",",0","2",",0","0",",0","4",",0","2",",0","6",",0","29",",0","6",",0","0",",0","0",",0","","","","","-27.8",",0,09,","25",",,0,08,+","25",",,0,19,+","6.4",",,0,19,","16.7",",0,15,","1490.0","0","660.6",",0","9.2",",,,0","50",",,,0","-2.98",",0","4.55",",,,0","-10.51",",,,0"
"USC00252647","1978-01","42.2651","-102.2134","1210.1","ELLSWORTH 15 NNE, NE US","0.0","0","0.0",",0","5",",0","2",",0","0",",0","23",",0","5",",0","15",",0","31",",0","21",",0","0",",0","0",",0","","","","","-29.4",",0,19,","203",",,0,26,+","76",",,0,09,","4.1",",,0,09,","11.1",",0,05,","2381.8","0","891.8",",0","11.7",",,,0","254",",,,0","-10.43",",0","-3.48",",,,0","-17.38",",,,0"
"USC00252647","1978-02","42.2651","-102.2134","1210.1","ELLSWORTH 15 NNE, NE US","0.0","0","0.0",",0","8",",0","3",",0","0",",0","28",",0","5",",0","7",",0","28",",0","17",",0","0",",0","0",",0","","","","","-29.4",",0,17,","330",",,0,20,","102",",,0,28,+","4.8",",,0,28,","6.7",",0,23,","3144.0","0","762.2",",0","15.3",",,,0","330",",,,0","-8.89",",0","-3.02",",,,0","-14.76",",,,0"
"USC00252647","1978-03","42.2651","-102.2134","1210.1","ELLSWORTH 15 NNE, NE US","0.0","0","0.0",",0","2",",0","0",",0","0",",0","13",",0","0",",0","4",",0","25",",0","4",",0","5",",0","0",",0","","","","","-28.9",",0,04,","279",",,0,04,+","0",",T,0,14,+","1.0",",,0,25,","27.2",",0,30,","3648.0","0","504.0",",0","1.3",",,,0","0",",T,,0","2.07",",0","9.58",",,,0","-5.44",",,,0"
"USC00252647","1978-04","42.2651","-102.2134","1210.1","ELLSWORTH 15 NNE, NE US","0.0","0","0.0","3,0","8","3,0","6","3,0","0","3,0","0",",0","0",",0","0","2,0","13","2,0","0","3,0","4","3,0","0","3,0","","","2","","-6.7","2,0,20,","0",",T,0,09,","0",",T,0,09,","16.3","3,,0,09,","23.9","3,0,11,","3925.4","0","277.4","3,0","68.9",",a,,0","0",",T,,0","8.06","3,0","15.10","3,,,0","1.02","2,,,0"
"USC00252647","1978-05","42.2651","-102.2134","1210.1","ELLSWORTH 15 NNE, NE US","7.7","0","7.7",",0","16",",0","8",",0","1",",0","0",",0","0",",0","0",",0","6",",0","0",",0","14",",0","0",",0","","","6","","-1.7",",0,13,+","0",",,0,31,+","0",",,0,31,+","91.4",",,0,28,","31.1",",0,24,","4099.3","0","173.9",",0","157.3",",,,0","0",",,,0","12.97",",0","20.18",",,,0","5.77",",,,0"
"USC00252647","1978-06","42.2651","-102.2134","1210.1","ELLSWORTH 15 NNE, NE US","76.5","0","68.8",",0","6",",0","5",",0","0",",0","0",",0","0",",0","0",",0","0",",0","0",",0","25",",0","7",",0","","","5","","0.6",",0,02,","0",",,0,30,+","0",",,0,30,+","13.7",",,0,25,","35.0",",0,15,","4152.0","0","52.7",",0","36.8",",,,0","0",",,,0","18.87",",0","27.20",",,,0","10.54",",,,0"
"USC00252647","1978-07","42.2651","-102.2134","1210.1","ELLSWORTH 15 NNE, NE US","187.2","0","110.7",",0","10",",0","9",",0","2",",0","0",",0","0",",0","0",",0","0",",0","0",",0","29",",0","13",",0","","","10","","9.4",",0,23,+","0",",,0,31,+","0",",,0,31,+","29.2",",,0,22,","36.7",",0,04,","8.6","0","8.6",",0","145.1",",,,0","0",",,,0","21.63",",0","29.55",",,,0","13.71",",,,0"
"USC00252647","1978-08","42.2651","-102.2134","1210.1","ELLSWORTH 15 NNE, NE US","","","","","","","","","","","0",",0","0",",0","","","","","","","","","","","","","","","","","0",",,0,31,+","0",",,0,31,+","","","","","","","","","","","0",",,,0","","","","","",""
"USC00252647","1978-09","42.2651","-102.2134","1210.1","ELLSWORTH 15 NNE, NE US","","","","","1",",0","0",",0","0",",0","0",",0","0",",0","","","","","","","","","","","","","","","","","0",",,0,30,+","0",",,0,30,+","2.0",",,0,29,","","","","","","","2.0",",,,0","0",",,,0","","","","","",""
"USC00252647","1978-10","42.2651","-102.2134","1210.1","ELLSWORTH 15 NNE, NE US","","","","","2",",0","1",",0","0",",0","0",",0","0",",0","0","3,0","16","3,0","0","4,0","9","4,0","0","4,0","","","","","-7.2","3,0,26,","0",",,0,31,+","0",",,0,31,+","3.8",",,0,22,","28.3","4,0,02,","","","","","4.6",",,,0","0",",,,0","9.33","6,0","18.99","4,,,0","-0.33","3,,,0"
"USC00252647","1978-11","42.2651","-102.2134","1210.1","ELLSWORTH 15 NNE, NE US","","","0.0","5,0","2",",0","1",",0","0",",0","0","5,0","1",",0","2","4,0","22","4,0","11","4,0","6","4,0","0","4,0","","","","","-18.9","4,0,16,","0","5,,0,30,+","178",",,0,26,","6.9",",,0,26,","23.9","4,0,03,","","","483.5","4,0","7.7",",,,0","178",",,,0","-1.25","5,0","5.97","4,,,0","-8.46","4,,,0"
"USC00252647","1978-12","42.2651","-102.2134","1210.1","ELLSWORTH 15 NNE, NE US","","","0.0","1,0","3",",0","2",",0","0",",0","","","3",",0","10","1,0","30","1,0","20",",0","0",",0","0",",0","","","","","-30.6","1,0,08,","","","254",",,0,02,","14.7",",,0,02,","6.7",",0,19,","","","859.9",",0","19.2",",,,0","330",",,,0","-10.27","1,0","-3.47",",,,0","-17.07","1,,,0"
"USC00252647","1979-01","42.2651","-102.2134","1210.1","ELLSWORTH 15 NNE, NE US","0.0","0","0.0",",0","8",",0","0",",0","0",",0","","","8",",0","24",",0","31",",0","27",",0","0",",0","0",",0","","","","","-31.1",",0,14,+","","","51",",,0,23,","2.3",",,0,23,","7.2",",0,21,","","","1026.2",",0","9.9",",,,0","226",",,,0","-14.77",",0","-8.12",",,,0","-21.42",",,,0"
"USC00252647","1979-02","42.2651","-102.2134","1210.1","ELLSWORTH 15 NNE, NE US","0.0","0","0.0","5,0","1",",0","1",",0","0",",0","","","1",",0","10","4,0","24","4,0","10","2,0","0","2,0","0","2,0","","","","","-26.1","4,0,01,","","","25",",,0,08,","2.5",",,0,08,","11.1","2,0,15,","","","614.2","2,0","2.5",",,,0","25",",,,0","-8.01","5,0","0.26","2,,,0","-16.28","4,,,0"
"USC00252647","1979-03","42.2651","-102.2134","1210.1","ELLSWORTH 15 NNE, NE US","0.0","0","0.0","1,0","7",",0","5",",0","0",",0","","","5",",0","0",",0","30",",0","3","1,0","0","1,0","0","1,0","","","","","-15.6",",0,04,","","","76",",,0,31,+","7.1",",,0,31,","19.4","1,0,13,","","","493.0","1,0","29.8",",,,0","253",",,,0","1.79","1,0","8.50","1,,,0","-4.92",",,,0"
"USC00252647","1979-04","42.2651","-102.2134","1210.1","ELLSWORTH 15 NNE, NE US","0.3","0","0.3","4,0","2",",0","2",",0","0",",0","0",",0","2",",0","0","3,0","14","3,0","1","1,0","8","1,0","0","1,0","","","","","-8.9","3,0,02,","0",",,0,30,+","51",",,0,12,+","8.9",",,0,11,","26.1","1,0,24,+","","","273.6","1,0","15.8",",,,0","102",",,,0","7.66","4,0","14.95","1,,,0","0.36","3,,,0"
"USC00252647","1979-05","42.2651","-102.2134","1210.1","ELLSWORTH 15 NNE, NE US","","","","","4","2,0","3","2,0","0","2,0","0","2,0","2",",0","0","4,0","7","4,0","1","4,0","13","4,0","0","4,0","","","","","-5.6","4,0,11,","0","2,,0,31,+","76",",,0,09,","11.7","2,,0,09,","30.6","4,0,29,","","","","","60.2",",a,,0","127",",,,0","10.85","7,0","18.02","4,,,0","3.68","4,,,0"
"USC00252647","1979-06","42.2651","-102.2134","1210.1","ELLSWORTH 15 NNE, NE US","","","43.3","3,0","13",",0","11",",0","0",",0","0",",0","0",",0","0","3,0","0","3,0","0","1,0","21","1,0","4","1,0","","","","","2.2","3,0,01,","0",",,0,30,+","0",",,0,30,+","22.6",",,0,17,","35.6","1,0,15,+","","","58.1","1,0","97.2",",,,0","0",",,,0","17.67","3,0","24.89","1,,,0","10.44","3,,,0"
"USC00252647","1979-07","42.2651","-102.2134","1210.1","ELLSWORTH 15 NNE, NE US","","","","","12",",0","7",",0","0",",0","0",",0","0",",0","0","5,0","0","5,0","","","","","","","","","","","10.6","5,0,17,","0",",,0,31,+","0",",,0,31,+","15.0",",,0,26,","","","","","","","79.4",",,,0","0",",,,0","","","","","14.47","5,,,0"
"USC00252647","1979-08","42.2651","-102.2134","1210.1","ELLSWORTH 15 NNE, NE US","","","","","3",",0","3",",0","2",",0","0",",0","0",",0","0","3,0","0","3,0","0","5,0","22","5,0","6","5,0","","","","","5.0","3,0,26,","0",",,0,31,+","0",",,0,31,+","57.2",",,0,19,","37.2","5,0,07,","","","","","101.9",",,,0","0",",,,0","19.95","6,0","27.52","5,,,0","12.38","3,,,0"
"USC00252647","1979-09","42.2651","-102.2134","1210.1","ELLSWORTH 15 NNE, NE US","","","41.0","2,0","4",",0","4",",0","0",",0","0",",0","0",",0","0","1,0","1","1,0","0","1,0","25","1,0","5","1,0","","","","","0.0","1,0,14,","0",",,0,30,+","0",",,0,30,+","16.3",",,0,14,","36.1","1,0,10,","","","55.1","1,0","48.1",",,,0","0",",,,0","17.84","2,0","27.29","1,,,0","8.39","1,,,0"
"USC00252647","1979-10","42.2651","-102.2134","1210.1","ELLSWORTH 15 NNE, NE US","","","0.6","4,0","3",",0","3",",0","0",",0","0","2,0","1",",0","0","3,0","12","3,0","0","4,0","10","4,0","0","4,0","","","","","-3.9","3,0,31,","0","2,,0,31,+","76",",,0,30,","21.6",",,0,30,","31.7","4,0,01,","","","232.6","4,0","41.4",",,,0","76",",,,0","9.70","4,0","18.16","4,,,0","1.25","3,,,0"
"USC00252647","1979-11","42.2651","-102.2134","1210.1","ELLSWORTH 15 NNE, NE US","","","0.0","2,0","3",",0","2",",0","0",",0","","","3",",0","1","2,0","28","2,0","8","2,0","0","2,0","0","2,0","","","","","-20.0","2,0,27,","","","152",",,0,21,","12.2",",,0,21,","19.4","2,0,18,","","","574.9","2,0","19.9",",,,0","279",",,,0","-2.20","2,0","5.21","2,,,0","-9.61","2,,,0"
"USC00252647","1979-12","42.2651","-102.2134","1210.1","ELLSWORTH 15 NNE, NE US","","","0.0",",0","0",",0","0",",0","0",",0","","","0",",0","2",",0","30",",0","4",",0","0",",0","0",",0","","","","","-24.4",",0,16,","","","0",",T,0,11,","0.0",",T,0,11,","17.2",",0,19,","","","590.2",",0","0.0",",T,,0","0",",T,,0","-0.70",",0","6.81",",,,0","-8.22",",,,0"
"USC00252647","1980-01","42.2651","-102.2134","1210.1","ELLSWORTH 15 NNE, NE US","0.0","0","0.0","3,0","3","1,0","1","1,0","0","1,0","","","4",",0","11","3,0","28","3,0","14","3,0","0","3,0","0","3,0","","","","","-28.9","3,0,31,","","","76",",,0,30,","3.3","1,,0,30,","10.0","3,0,24,+","","","726.3","3,0","6.6","1,,,0","177",",,,0","-7.61","3,0","-0.98","3,,,0","-14.23","3,,,0"
"USC00252647","1980-02","42.2651","-102.2134","1210.1","ELLSWORTH 15 NNE, NE US","0.0","0","0.0","1,0","4",",0","1",",0","0",",0","","","4",",0","4",",0","29",",0","7","1,0","0","1,0","0","1,0","","","","","-22.2",",0,16,","","","102",",,0,21,","18.0",",,0,21,","17.2","1,0,28,","","","606.4","1,0","21.8",",,,0","203",",,,0","-3.51","1,0","3.27","1,,,0","-10.29",",,,0"
"USC00252647","1980-03","42.2651","-102.2134","1210.1","ELLSWORTH 15 NNE, NE US","","","","","5",",0","3",",0","0",",0","","","5",",0","3","4,0","27","4,0","4","5,0","0","5,0","0","5,0","","","","","-27.8","4,0,01,","","","178",",,0,28,","13.0",",,0,28,","18.3","5,0,15,","","","","","30.6",",,,0","457",",,,0","-1.50","6,0","5.77","5,,,0","-8.77","4,,,0"
"USC00252647","1980-04","42.2651","-102.2134","1210.1","ELLSWORTH 15 NNE, NE US","","","4.7","2,0","4",",0","4",",0","0",",0","","","3",",0","0","2,0","15","2,0","0",",0","7",",0","1",",0","","","","","-8.9","2,0,14,","","","127",",,0,01,","10.9",",,0,01,","32.2",",0,22,","","","304.0",",0","27.1",",,,0","280",",,,0","7.29","2,0","14.61",",,,0","-0.03","2,,,0"
"USC00252647","1980-05","42.2651","-102.2134","1210.1","ELLSWORTH 15 NNE, NE US","","","2.8","1,0","6",",0","4",",0","0",",0","0",",0","1",",0","0","1,0","5","1,0","0","1,0","17","1,0","0","1,0","","","","","-1.7","1,0,08,","0",",,0,31,+","25",",,0,11,","25.1",",,0,30,","28.9","1,0,28,","","","167.9","1,0","59.6",",,,0","25",",,,0","12.83","1,0","20.48","1,,,0","5.18","1,,,0"
"USC00252647","1980-06","42.2651","-102.2134","1210.1","ELLSWORTH 15 NNE, NE US","","","","","8",",0","7",",0","0",",0","0",",0","0",",0","0","3,0","0","3,0","0","5,0","22","5,0","3","5,0","","","","","6.1","3,0,08,","0",",,0,30,+","0",",,0,30,+","14.0",",,0,17,","35.0","5,0,27,","","","","","49.3",",,,0","0",",,,0","20.31","6,0","27.82","5,,,0","12.81","3,,,0"
"USC00252647","1980-07","42.2651","-102.2134","1210.1","ELLSWORTH 15 NNE, NE US","","","163.6","2,0","9",",0","3",",0","1",",0","0",",0","0",",0","0","1,0","0","1,0","0","2,0","29","2,0","18","2,0","","","","","10.0","1,0,16,","0",",,0,31,+","0",",,0,31,+","48.5",",,0,08,","40.0","2,0,30,","0.0","0","0.0","2,0","65.1",",,,0","0",",,,0","23.93","2,0","32.59","2,,,0","15.28","1,,,0"
"USC00252647","1980-08","42.2651","-102.2134","1210.1","ELLSWORTH 15 NNE, NE US","","","95.5","1,0","5",",0","5",",0","0",",0","0",",0","0",",0","0","1,0","0","1,0","0","1,0","29","1,0","12","1,0","","","","","3.9","1,0,04,","0",",,0,31,+","0",",,0,31,+","15.2",",,0,09,","39.4","1,0,07,","17.6","0","17.6","1,0","45.2",",,,0","0",",,,0","20.93","1,0","29.45","1,,,0","12.41","1,,,0"
"USC00252647","1980-09","42.2651","-102.2134","1210.1","ELLSWORTH 15 NNE, NE US","","","30.6","1,0","2",",0","2",",0","0",",0","0",",0","0",",0","0",",0","0",",0","0","1,0","26","1,0","5","1,0","","","","","0.6",",0,24,+","0",",,0,30,+","0",",,0,30,+","5.6",",,0,14,","35.0","1,0,07,","84.8","0","67.2","1,0","8.4",",,,0","0",",,,0","17.00","1,0","26.86","1,,,0","7.15",",,,0"
"USC00252647","1980-10","42.2651","-102.2134","1210.1","ELLSWORTH 15 NNE, NE US","","","2.5",",0","1",",0","1",",0","0",",0","0","2,0","0","2,0","0",",0","20",",0","0",",0","12",",0","1",",0","","","","","-10.0",",0,24,+","0","2,,0,31,+","0","2,,0,31,+","12.2",",,0,16,","33.3",",0,01,","390.0","0","305.2",",0","12.2",",,,0","0","2,,,0","8.57",",0","17.68",",,,0","-0.55",",,,0"
"USC00252647","1980-11","42.2651","-102.2134","1210.1","ELLSWORTH 15 NNE, NE US","","","","","0",",0","0",",0","0",",0","0",",0","0",",0","","","","","","","","","","","","","","","","","0",",,0,30,+","13",",,0,13,","0.0",",T,0,15,+","","","","","","","0.0",",T,,0","13",",,,0","","","","","",""
"USC00252647","1981-01","42.2651","-102.2134","1210.1","ELLSWORTH 15 NNE, NE US","0.0","0","0.0",",0","1",",0","0",",0","0",",0","0","3,0","1",",0","0",",0","31",",0","5",",0","0",",0","0",",0","","","","","-16.7",",0,17,+","0","3,,0,31,+","25",",,0,29,","0.5",",,0,29,","19.4",",0,24,","","","619.1",",0","0.5",",,,0","25",",,,0","-1.64",",0","6.64",",,,0","-9.91",",,,0"
"USC00252647","1981-02","42.2651","-102.2134","1210.1","ELLSWORTH 15 NNE, NE US","0.0","0","0.0","4,0","2",",0","2",",0","0",",0","","","2",",0","8","2,0","26","2,0","8","2,0","0","2,0","0","2,0","","","","","-35.6","2,0,11,","","","152",",,0,10,","5.8",",,0,10,","20.6","2,0,25,","","","537.4","2,0","8.8",",,,0","228",",,,0","-3.44","4,0","5.05","2,,,0","-11.92","2,,,0"
"USC00252647","1981-03","42.2651","-102.2134","1210.1","ELLSWORTH 15 NNE, NE US","0.0","0","0.0",",0","4",",0","1",",0","0",",0","2",",0","2",",0","0",",0","28",",0","0",",0","2",",0","0",",0","","","","","-10.6",",0,12,+","76",",,0,29,","76",",,0,29,","20.6",",,0,29,","22.2",",0,26,","","","446.0",",0","21.9",",,,0","127",",,,0","3.95",",0","12.99",",,,0","-5.10",",,,0"
"USC00252647","1981-04","42.2651","-102.2134","1210.1","ELLSWORTH 15 NNE, NE US","0.8","0","0.8","4,0","5",",0","5",",0","0",",0","0",",0","0",",0","0","2,0","6","2,0","0","3,0","15","3,0","0","3,0","","","","","-4.4","2,0,14,+","0",",,0,30,+","0",",,0,30,+","8.4",",,0,20,","30.0","3,0,27,","","","182.4","3,0","26.7",",,,0","0",",,,0","11.31","4,0","19.71","3,,,0","2.90","2,,,0"
"USC00252647","1981-05","42.2651","-102.2134","1210.1","ELLSWORTH 15 NNE, NE US","2.2","0","1.4","3,0","14",",0","10",",0","1",",0","0",",0","0",",0","0","1,0","4","1,0","0","2,0","9","2,0","0","2,0","","","","","-2.8","1,0,14,","0",",,0,31,+","0",",,0,31,+","39.6",",,0,28,","30.6","2,0,03,","","","207.1","2,0","126.5",",,,0","0",",,,0","11.00","3,0","17.83","2,,,0","4.17","1,,,0"
"USC00252647","1981-06","42.2651","-102.2134","1210.1","ELLSWORTH 15 NNE, NE US","34.4","0","32.2","5,0","6","3,0","4","3,0","0","3,0","0",",0","0",",0","0","5,0","0","5,0","0","5,0","23","5,0","3","5,0","","","","","0.6","5,0,16,","0",",,0,30,+","0",",,0,30,+","9.9","3,,0,11,","37.2","5,0,28,","","","34.6","5,0","31.0",",a,,0","0",",,,0","18.24","5,0","26.95","5,,,0","9.52","5,,,0"
"USC00252647","1981-07","42.2651","-102.2134","1210.1","ELLSWORTH 15 NNE, NE US","146.4","0","112.0","4,0","10",",0","10",",0","1",",0","0",",0","0",",0","0","3,0","0","3,0","0","3,0","27","3,0","9","3,0","","","","","10.0","3,0,27,+","0",",,0,31,+","0",",,0,31,+","26.7",",,0,02,","38.9","3,0,12,","8.6","0","8.6","3,0","141.0",",,,0","0",",,,0","22.20","4,0","29.93","3,,,0","14.47","3,,,0"
"USC00252647","1981-08","42.2651","-102.2134","1210.1","ELLSWORTH 15 NNE, NE US","231.5","0","85.1","2,0","8",",0","5",",0","0",",0","0",",0","0",",0","0",",0","0",",0","0","2,0","29","2,0","6","2,0","","","","","7.8",",0,28,","0",",,0,31,+","0",",,0,31,+","15.2",",,0,15,","35.6","2,0,31,","12.8","0","4.2","2,0","42.5",",,,0","0",",,,0","21.07","2,0","29.11","2,,,0","13.04",",,,0"
"USC00252647","1981-09","42.2651","-102.2134","1210.1","ELLSWORTH 15 NNE, NE US","","","","","4",",0","2",",0","0",",0","0",",0","0",",0","0","4,0","0","4,0","0","4,0","22","4,0","4","4,0","","","","","1.7","4,0,17,","0",",,0,30,+","0",",,0,30,+","8.9",",,0,26,","33.9","4,0,03,","","","","","14.6",",,,0","0",",,,0","16.98","6,0","26.25","4,,,0","7.72","4,,,0"
"USC00252647","1981-10","42.2651","-102.2134","1210.1","ELLSWORTH 15 NNE, NE US","","","0.3","5,0","6",",0","4",",0","1",",0","0","3,0","1",",0","0","2,0","12","2,0","0","3,0","10","3,0","0","3,0","","","","","-10.0","2,0,23,","0","3,,0,31,+","127",",,0,21,","27.7",",,0,05,","26.7","3,0,03,","","","261.0","3,0","45.8",",,,0","127",",,,0","8.40","5,0","15.98","3,,,0","0.83","2,,,0"
"USC00252647","1981-11","42.2651","-102.2134","1210.1","ELLSWORTH 15 NNE, NE US","","","0.0","1,0","2",",0","0",",0","0",",0","2",",0","2",",0","0","1,0","22","1,0","1","1,0","4","1,0","0","1,0","","","","","-12.2","1,0,20,","76",",,0,30,","76",",,0,30,","2.0",",,0,30,","23.9","1,0,17,","","","380.1","1,0","3.0",",,,0","101",",,,0","5.23","1,0","13.36","1,,,0","-2.91","1,,,0"
"USC00252647","1981-12","42.2651","-102.2134","1210.1","ELLSWORTH 15 NNE, NE US","","","0.0","2,0","2",",0","2",",0","0",",0","2",",0","2",",0","3","1,0","29","1,0","8","2,0","0","2,0","0","2,0","","","","","-23.9","1,0,18,","51",",,0,16,","51",",,0,16,","4.6",",,0,31,","20.0","2,0,07,","","","594.1","2,0","7.9",",,,0","76",",,,0","-2.20","2,0","5.36","2,,,0","-9.75","1,,,0"
"USC00252647","1982-01","42.2651","-102.2134","1210.1","ELLSWORTH 15 NNE, NE US","0.0","0","0.0","3,0","5","1,0","3","1,0","0","1,0","","","5","1,0","17","1,0","30","1,0","15","2,0","0","2,0","0","2,0","","","","","-31.1","1,0,10,","","","127","1,,0,02,","7.4","1,,0,02,","17.2","2,0,27,","","","795.9","2,0","15.2","1,,,0","279","1,,,0","-9.72","3,0","-2.06","2,,,0","-17.39","1,,,0"
"USC00252647","1982-02","42.2651","-102.2134","1210.1","ELLSWORTH 15 NNE, NE US","0.0","0","0.0","3,0","1","2,0","0","2,0","0","2,0","","","1",",0","8","2,0","22","2,0","9","2,0","2","2,0","0","2,0","","","","","-33.9","2,0,05,","","","25",",,0,03,","1.3","2,,0,03,","23.3","2,0,23,","","","553.6","2,0","1.3","2,,,0","25",",,,0","-3.49","3,0","4.46","2,,,0","-11.45","2,,,0"
"USC00252647","1982-03","42.2651","-102.2134","1210.1","ELLSWORTH 15 NNE, NE US","0.0","0","0.0","2,0","3",",0","3",",0","0",",0","","","1",",0","1",",0","26",",0","4","2,0","0","2,0","0","2,0","","","","","-18.3",",0,05,","","","51",",,0,25,","18.8",",,0,30,","20.6","2,0,30,","","","462.7","2,0","26.7",",,,0","51",",,,0","2.22","2,0","9.64","2,,,0","-5.19",",,,0"
"USC00252647","1982-04","42.2651","-102.2134","1210.1","ELLSWORTH 15 NNE, NE US","0.0","0","0.0","1,0","7",",0","4",",0","0",",0","3",",0","2",",0","0","1,0","21","1,0","2",",0","8",",0","0",",0","","","","","-11.1","1,0,06,+","152",",,0,05,","152",",,0,05,","12.4",",,0,05,","26.7",",0,15,","","","395.4",",0","23.8",",,,0","203",",,,0","4.92","1,0","13.22",",,,0","-3.38","1,,,0"
"USC00252647","1982-05","42.2651","-102.2134","1210.1","ELLSWORTH 15 NNE, NE US","2.3","0","2.3",",0","14",",0","10",",0","0",",0","0",",0","0",",0","0",",0","2",",0","0",",0","14",",0","0",",0","","","","","-6.7",",0,06,","0",",,0,31,+","0",",,0,31,+","20.8",",,0,30,","30.0",",0,04,","","","194.0",",0","83.5",",,,0","0",",,,0","12.15",",0","19.29",",,,0","5.01",",,,0"
"USC00252647","1982-06","42.2651","-102.2134","1210.1","ELLSWORTH 15 NNE, NE US","15.1","0","12.8","3,0","12",",0","6",",0","0",",0","0",",0","0",",0","0","2,0","0","2,0","0","3,0","19","3,0","0","3,0","","","","","2.2","2,0,07,","0",",,0,30,+","0",",,0,30,+","17.3",",,0,25,","30.6","3,0,29,","","","81.7","3,0","70.3",",,,0","0",",,,0","15.75","3,0","22.69","3,,,0","8.81","2,,,0"
"USC00252647","1982-07","42.2651","-102.2134","1210.1","ELLSWORTH 15 NNE, NE US","147.6","0","132.5","2,0","7",",0","6",",0","0",",0","0",",0","0",",0","0","1,0","0","1,0","0","1,0","29","1,0","12","1,0","","","","","8.9","1,0,11,","0",",,0,31,+","0",",,0,31,+","12.2",",,0,06,","39.4","1,0,24,","6.9","0","6.9","1,0","49.1",",,,0","0",",,,0","22.57","2,0","31.04","1,,,0","14.09","1,,,0"
"USC00252647","1982-08","42.2651","-102.2134","1210.1","ELLSWORTH 15 NNE, NE US","286.5","0","138.9",",0","8",",0","6",",0","2",",0","0",",0","0",",0","0",",0","0",",0","0",",0","29",",0","18",",0","","","","","7.2",",0,27,","0",",,0,31,+","0",",,0,31,+","64.3",",,0,23,","37.8",",0,02,","17.5","0","10.6",",0","143.8",",,,0","0",",,,0","22.47",",0","31.09",",,,0","13.85",",,,0"
"USC00252647","1982-09","42.2651","-102.2134","1210.1","ELLSWORTH 15 NNE, NE US","","","","","8",",0","4",",0","0",",0","0",",0","0",",0","0","1,0","1","1,0","","","","","","","","","","","-2.2","1,0,20,","0",",,0,30,+","0",",,0,30,+","16.5",",,0,12,","","","","","","","35.1",",,,0","0",",,,0","","","","","7.42","1,,,0"
"USC00252647","1982-10","42.2651","-102.2134","1210.1","ELLSWORTH 15 NNE, NE US","","","","","3",",0","3",",0","1",",0","1",",0","1",",0","","","","","","","","","","","","","","","","","76",",,0,19,","152",",,0,19,","25.4",",,0,09,","","","","","","","51.6",",,,0","152",",,,0","","","","","",""
"USC00252647","1982-11","42.2651","-102.2134","1210.1","ELLSWORTH 15 NNE, NE US","","","","","2",",0","2",",0","0",",0","","","2",",0","0","1,0","28","1,0","","","","","","","","","","","-16.7","1,0,24,","","","254",",,0,12,","17.8",",,0,12,","","","","","","","25.7",",,,0","279",",,,0","","","","","-7.33","1,,,0"
"USC00252647","1982-12","42.2651","-102.2134","1210.1","ELLSWORTH 15 NNE, NE US","","","0.0","2,0","3",",0","0",",0","0",",0","","","3",",0","3","1,0","30","1,0","11","1,0","0","1,0","0","1,0","","","","","-22.2","1,0,26,","","","76",",,0,25,","1.3",",,0,25,","16.1","1,0,22,","","","618.7","1,0","2.4",",,,0","152",",,,0","-3.08","2,0","4.00","1,,,0","-10.16","1,,,0"
"USC00252647","1983-01","42.2651","-102.2134","1210.1","ELLSWORTH 15 NNE, NE US","0.0","0","0.0",",0","4","1,0","2","1,0","0","1,0","","","4",",0","0",",0","31",",0","6",",0","0",",0","0",",0","","","","","-15.0",",0,10,","","","51",",,0,31,","3.0","1,,0,24,","15.0",",0,29,","","","629.6",",0","9.0","1,,,0","126",",,,0","-1.98",",0","4.55",",,,0","-8.50",",,,0"
"USC00252647","1983-02","42.2651","-102.2134","1210.1","ELLSWORTH 15 NNE, NE US","0.0","0","0.0","4,0","0","3,0","0","3,0","0","3,0","0",",0","0",",0","1","3,0","25","3,0","3","4,0","0","4,0","0","4,0","","","","","-17.8","3,0,07,","0",",,0,28,+","0",",T,0,20,","0.0","3,T,0,20,","18.3","4,0,19,","","","405.6","4,0","0.0","3,T,,0","0",",T,,0","1.55","4,0","8.67","4,,,0","-5.57","3,,,0"
"USC00252647","1983-03","42.2651","-102.2134","1210.1","ELLSWORTH 15 NNE, NE US","0.0","0","0.0","2,0","5",",0","5",",0","0",",0","","","4",",0","0",",0","28",",0","9","2,0","2","2,0","0","2,0","","","","","-16.1",",0,21,","","","102",",,0,26,+","13.5",",,0,05,","21.1","2,0,04,+","","","494.8","2,0","32.5",",,,0","305",",,,0","1.22","2,0","7.44","2,,,0","-5.00",",,,0"
"USC00252647","1983-04","42.2651","-102.2134","1210.1","ELLSWORTH 15 NNE, NE US","0.0","0","0.0","2,0","9",",0","7",",0","0",",0","5",",0","4",",0","0","2,0","21","2,0","3","1,0","2","1,0","0","1,0","","","","","-13.9","2,0,07,","76",",,0,04,","76",",,0,04,","18.3",",,0,30,","23.9","1,0,26,","","","416.3","1,0","58.4",",,,0","203",",,,0","3.57","2,0","10.89","1,,,0","-3.75","2,,,0"
"USC00252647","1983-05","42.2651","-102.2134","1210.1","ELLSWORTH 15 NNE, NE US","2.5","0","2.5","1,0","10",",0","8",",0","1",",0","0",",0","0",",0","0",",0","15",",0","0","1,0","8","1,0","0","1,0","","","","","-3.9",",0,19,","0",",,0,31,+","0",",,0,31,+","29.2",",,0,01,","31.1","1,0,27,","","","276.1","1,0","116.5",",,,0","0",",,,0","9.28","1,0","16.78","1,,,0","1.78",",,,0"
"USC00252647","1983-06","42.2651","-102.2134","1210.1","ELLSWORTH 15 NNE, NE US","28.6","0","26.1","2,0","11","2,0","10","2,0","0","2,0","0",",0","0",",0","0","2,0","0","2,0","0","2,0","22","2,0","2","2,0","","","","","1.7","2,0,07,","0",",,0,30,+","0",",,0,30,+","15.5","2,,0,17,","32.2","2,0,25,+","","","79.9","2,0","79.3","2,,,0","0",",,,0","16.41","2,0","23.54","2,,,0","9.28","2,,,0"
"USC00252647","1983-07","42.2651","-102.2134","1210.1","ELLSWORTH 15 NNE, NE US","141.1","0","112.5","5,0","7",",0","5",",0","2",",0","0",",0","0",",0","0","2,0","0","2,0","0","3,0","28","3,0","13","3,0","","","","","6.7","2,0,04,","0",",,0,31,+","0",",,0,31,+","28.4",",,0,27,","38.3","3,0,20,","7.5","0","7.5","3,0","88.1",",,,0","0",",,,0","22.22","5,0","31.24","3,,,0","13.20","2,,,0"
"USC00252647","1983-08","42.2651","-102.2134","1210.1","ELLSWORTH 15 NNE, NE US","","","","","3","4,0","2","4,0","0","4,0","0",",0","0",",0","","","","","","","","","","","","","","","","","0",",,0,31,+","0",",,0,31,+","13.5","4,,0,13,","","","","","","","35.3",",a,,0","0",",,,0","","","","","",""
"USC00252647","1983-09","42.2651","-102.2134","1210.1","ELLSWORTH 15 NNE, NE US","","","47.7","3,0","1",",0","0",",0","0",",0","0",",0","0",",0","0","2,0","5","2,0","0","2,0","24","2,0","8","2,0","","","","","-8.9","2,0,21,","0",",,0,30,+","0",",,0,30,+","1.8",",,0,04,","37.2","2,0,03,","","","94.3","2,0","1.8",",,,0","0",",,,0","16.63","3,0","26.32","2,,,0","6.94","2,,,0"
"USC00252647","1983-10","42.2651","-102.2134","1210.1","ELLSWORTH 15 NNE, NE US","","","","","3",",0","2",",0","0",",0","0",",0","0",",0","0","5,0","14","5,0","0","3,0","11","3,0","0","3,0","","","","","-7.8","5,0,25,","0",",,0,31,+","0",",,0,31,+","15.2",",,0,19,","28.3","3,0,28,","","","","","23.3",",,,0","0",",,,0","9.13","6,0","18.55","3,,,0","-0.30","5,,,0"
"USC00252647","1983-11","42.2651","-102.2134","1210.1","ELLSWORTH 15 NNE, NE US","","","0.0","2,0","4",",0","4",",0","0",",0","","","4",",0","1","1,0","25","1,0","8","1,0","4","1,0","0","1,0","","","","","-21.1","1,0,30,","","","152",",,0,28,+","10.4",",,0,28,","24.4","1,0,08,+","","","479.0","1,0","26.6",",,,0","457",",,,0","1.11","2,0","8.74","1,,,0","-6.52","1,,,0"
"USC00252647","1983-12","42.2651","-102.2134","1210.1","ELLSWORTH 15 NNE, NE US","","","0.0","1,0","4",",0","1",",0","0",",0","","","4",",0","16","1,0","30","1,0","24","1,0","0","1,0","0","1,0","","","","","-38.3","1,0,18,","","","152",",,0,20,","3.0",",,0,20,","6.7","1,0,11,+","","","983.8","1,0","5.8",",,,0","227",",,,0","-14.46","1,0","-7.79","1,,,0","-21.13","1,,,0"
"USC00252647","1984-01","42.2651","-102.2134","1210.1","ELLSWORTH 15 NNE, NE US","","","","","4",",0","0",",0","0",",0","","","4",",0","","","","","11","1,0","0","1,0","0","1,0","","","","","","","","","51",",,0,15,+","2.3",",,0,14,","11.7","1,0,06,","","","","","5.9",",,,0","152",",,,0","","","0.98","1,,,0","",""
"USC00252647","1984-02","42.2651","-102.2134","1210.1","ELLSWORTH 15 NNE, NE US","","","0.0",",0","3",",0","2",",0","0",",0","1","4,0","3",",0","0",",0","29",",0","4",",0","0",",0","0",",0","","","","","-16.7",",0,28,","152","4,,0,20,","76",",,0,16,","9.1",",,0,16,","15.6",",0,22,","","","538.4",",0","15.2",",,,0","152",",,,0","-0.23",",0","6.72",",,,0","-7.19",",,,0"
"USC00252647","1984-03","42.2651","-102.2134","1210.1","ELLSWORTH 15 NNE, NE US","","","0.0","2,0","3",",0","1",",0","0",",0","0",",0","0",",0","0",",0","30",",0","1","2,0","0","2,0","0","2,0","","","","","-15.0",",0,08,","0",",,0,31,+","0",",T,0,31,+","8.6",",,0,26,","18.3","2,0,15,","","","489.4","2,0","11.7",",,,0","0",",T,,0","1.54","2,0","8.15","2,,,0","-5.07",",,,0"
"USC00252647","1984-04","42.2651","-102.2134","1210.1","ELLSWORTH 15 NNE, NE US","","","0.0",",0","11",",0","5",",0","1",",0","","","2",",0","0",",0","18",",0","2",",0","1",",0","0",",0","","","","","-8.9",",0,28,","","","305",",,0,03,","27.4",",,0,03,","21.1",",0,24,","","","397.9",",0","67.1",",,,0","330",",,,0","5.07",",0","10.92",",,,0","-0.78",",,,0"
"USC00252647","1984-05","42.2651","-102.2134","1210.1","ELLSWORTH 15 NNE, NE US","","","7.2","2,0","7","1,0","5","1,0","1","1,0","0",",0","0",",0","0","2,0","4","2,0","0","1,0","14","1,0","0","1,0","","","","","-2.2","2,0,07,","0",",,0,31,+","0",",,0,31,+","26.7","1,,0,27,","30.6","1,0,16,","","","172.2","1,0","49.6","1,,,0","0",",,,0","12.61","2,0","20.58","1,,,0","4.63","2,,,0"
"USC00252647","1984-06","42.2651","-102.2134","1210.1","ELLSWORTH 15 NNE, NE US","","","33.2","5,0","10",",0","7",",0","2",",0","0",",0","0",",0","0","3,0","0","3,0","0","2,0","24","2,0","2","2,0","","","","","2.2","3,0,01,","0",",,0,30,+","0",",,0,30,+","52.8",",,0,18,","32.8","2,0,26,","","","37.2","2,0","100.2",",,,0","0",",,,0","18.14","5,0","26.52","2,,,0","9.76","3,,,0"
"USC00252647","1984-07","42.2651","-102.2134","1210.1","ELLSWORTH 15 NNE, NE US","","","120.9","1,0","7",",0","7",",0","1",",0","0",",0","0",",0","0",",0","0",",0","0","1,0","30","1,0","10","1,0","","","","","8.9",",0,11,","0",",,0,31,+","0",",,0,31,+","27.9",",,0,17,","36.1","1,0,22,","4.1","0","4.1","1,0","101.1",",,,0","0",",,,0","22.26","1,0","30.07","1,,,0","14.46",",,,0"
"USC00252647","1984-08","42.2651","-102.2134","1210.1","ELLSWORTH 15 NNE, NE US","","","148.1","1,0","6",",0","4",",0","0",",0","0",",0","0",",0","0","1,0","0","1,0","0","1,0","30","1,0","17","1,0","","","","","8.3","1,0,30,","0",",,0,31,+","0",",,0,31,+","10.2",",,0,16,","36.7","1,0,29,","5.8","0","1.7","1,0","28.9",",,,0","0",",,,0","23.22","1,0","31.95","1,,,0","14.48","1,,,0"
"USC00252647","1984-09","42.2651","-102.2134","1210.1","ELLSWORTH 15 NNE, NE US","","","14.6",",0","7","1,0","2","1,0","0","1,0","0",",0","2",",0","0",",0","8",",0","0",",0","20",",0","3",",0","","","","","-11.1",",0,29,","0",",,0,30,+","51",",,0,25,","5.1","1,,0,07,","35.6",",0,20,","190.3","0","184.5",",0","14.5","1,,,0","76",",,,0","12.67",",0","22.02",",,,0","3.31",",,,0"
"USC00252647","1984-10","42.2651","-102.2134","1210.1","ELLSWORTH 15 NNE, NE US","","","0.0","2,0","2",",0","1",",0","0",",0","0",",0","1",",0","0","1,0","18","1,0","0","1,0","5","1,0","0","1,0","","","","","-13.9","1,0,19,","0",",,0,31,+","25",",,0,19,","9.9",",,0,05,","26.1","1,0,03,","534.6","0","344.3","1,0","12.2",",,,0","25",",,,0","6.76","2,0","14.37","1,,,0","-0.86","1,,,0"
"USC00252647","1984-11","42.2651","-102.2134","1210.1","ELLSWORTH 15 NNE, NE US","","","0.0",",0","6",",0","3",",0","0",",0","","","3",",0","0",",0","27",",0","2",",0","1",",0","0",",0","","","","","-16.1",",0,28,","","","127",",,0,10,","13.0",",,0,10,","21.1",",0,05,","1004.2","0","469.6",",0","22.2",",,,0","190",",,,0","2.68",",0","10.71",",,,0","-5.35",",,,0"
"USC00252647","1984-12","42.2651","-102.2134","1210.1","ELLSWORTH 15 NNE, NE US","","","0.0","1,0","2",",0","2",",0","0",",0","","","2",",0","6","1,0","30","1,0","11",",0","0",",0","0",",0","","","","","-21.7","1,0,24,","","","76",",,0,14,","4.8",",,0,14,","18.3",",0,08,","1694.6","0","690.4",",0","7.3",",,,0","101",",,,0","-4.65","1,0","3.19",",,,0","-12.49","1,,,0"
"USC00252647","1985-01","42.2651","-102.2134","1210.1","ELLSWORTH 15 NNE, NE US","0.0","0","0.0","2,0","1","1,0","1","1,0","0","1,0","","","1",",0","7","1,0","30","1,0","17","1,0","0","1,0","0","1,0","","","","","-28.9","1,0,31,","","","127",",,0,09,","4.1","1,,0,09,","12.2","1,0,06,","2424.4","0","729.8","1,0","4.1","1,,,0","127",",,,0","-7.19","2,0","-0.71","1,,,0","-13.67","1,,,0"
"USC00252647","1985-02","42.2651","-102.2134","1210.1","ELLSWORTH 15 NNE, NE US","0.0","0","0.0",",0","0",",0","0",",0","0",",0","","","0",",0","8",",0","28",",0","10",",0","0",",0","0",",0","","","","","-31.1",",0,02,+","","","0",",T,0,26,","0.0",",T,0,26,","17.2",",0,21,","3104.3","0","679.9",",0","0.0",",T,,0","0",",T,,0","-5.95",",0","1.47",",,,0","-13.37",",,,0"
"USC00252647","1985-03","42.2651","-102.2134","1210.1","ELLSWORTH 15 NNE, NE US","0.0","0","0.0","1,0","2",",0","1",",0","0",",0","","","1",",0","1","1,0","30","1,0","2","1,0","1","1,0","0","1,0","","","","","-20.0","1,0,05,","","","51",",,0,04,","6.6",",,0,04,","23.3","1,0,26,","3565.4","0","461.1","1,0","7.1",",,,0","51",",,,0","2.96","1,0","11.42","1,,,0","-5.49","1,,,0"
"USC00252647","1985-04","42.2651","-102.2134","1210.1","ELLSWORTH 15 NNE, NE US","1.7","0","1.7","1,0","6",",0","4",",0","0",",0","0",",0","0",",0","0","1,0","11","1,0","0","1,0","11","1,0","0","1,0","","","","","-12.2","1,0,08,","0",",,0,30,+","0",",,0,30,+","11.7",",,0,26,","29.4","1,0,19,+","3812.4","0","247.0","1,0","22.9",",,,0","0",",,,0","9.87","1,0","18.41","1,,,0","1.34","1,,,0"
"USC00252647","1985-05","42.2651","-102.2134","1210.1","ELLSWORTH 15 NNE, NE US","13.9","0","12.2","3,0","9",",0","7",",0","0",",0","0",",0","0",",0","0","2,0","0","2,0","0","2,0","23","2,0","1","2,0","","","1","","0.6","2,0,04,","0",",,0,31,+","0",",,0,31,+","19.8",",,0,12,","32.2","2,0,26,","3911.3","0","98.9","2,0","81.0",",,,0","0",",,,0","15.16","3,0","23.79","2,,,0","6.53","2,,,0"
"USC00252647","1985-06","42.2651","-102.2134","1210.1","ELLSWORTH 15 NNE, NE US","","","","","4","3,0","3","3,0","0","3,0","0",",0","0",",0","0","5,0","0","5,0","","","","","","","","","2","","1.1","5,0,11,","0",",,0,30,+","0",",,0,30,+","10.9","3,,0,26,","","","","","","","18.7","3,,,0","0",",,,0","","","","","7.88","5,,,0"
"USC00252647","1985-07","42.2651","-102.2134","1210.1","ELLSWORTH 15 NNE, NE US","","","139.7","3,0","8","2,0","7","2,0","1","2,0","0",",0","0",",0","0","3,0","0","3,0","0","3,0","27","3,0","16","3,0","","","","","7.8","3,0,05,","0",",,0,31,+","0",",,0,31,+","35.3","2,,0,30,","40.0","3,0,11,","3.6","0","3.6","3,0","119.1",",a,,0","0",",,,0","23.19","3,0","31.66","3,,,0","14.72","3,,,0"
"USC00252647","1985-08","42.2651","-102.2134","1210.1","ELLSWORTH 15 NNE, NE US","","","73.3","5,0","3","4,0","0","4,0","0","4,0","0",",0","0",",0","0","5,0","0","5,0","0","5,0","25","5,0","9","5,0","","","","","6.1","5,0,17,","0",",,0,31,+","0",",,0,31,+","2.3","4,,0,10,","36.7","5,0,31,+","13.1","0","9.5","5,0","8.7",",a,,0","0",",,,0","20.79","5,0","29.68","5,,,0","11.90","5,,,0"
"USC00252647","1985-09","42.2651","-102.2134","1210.1","ELLSWORTH 15 NNE, NE US","","","33.2","3,0","11","2,0","7","2,0","0","2,0","0","2,0","1",",0","0","3,0","8","3,0","1","2,0","15","2,0","5","2,0","","","","","-7.2","3,0,30,","0","2,,0,30,+","152",",,0,29,","15.0","2,,0,29,","37.2","2,0,01,","174.1","0","161.0","2,0","69.6",",a,,0","152",",,,0","13.53","3,0","21.21","2,,,0","5.84","3,,,0"
"USC00252647","1985-10","42.2651","-102.2134","1210.1","ELLSWORTH 15 NNE, NE US","","","0.0","2,0","4",",0","4",",0","0",",0","0",",0","0",",0","0","2,0","13","2,0","0","2,0","7","2,0","0","2,0","","","","","-6.7","2,0,01,","0",",,0,31,+","0",",,0,31,+","16.5",",,0,12,","25.6","2,0,26,","472.8","0","298.7","2,0","33.3",",,,0","0",",,,0","8.03","2,0","15.92","2,,,0","0.14","2,,,0"
"USC00252647","1985-11","42.2651","-102.2134","1210.1","ELLSWORTH 15 NNE, NE US","","","0.0","3,0","8","1,0","4","1,0","0","1,0","","","6",",0","10","2,0","27","2,0","19","2,0","0","2,0","0","2,0","1","","","","-23.3","2,0,27,+","","","127",",,0,15,","4.8","1,,0,15,","20.6","2,0,05,","1158.6","0","685.8","2,0","19.4","1,,,0","405",",,,0","-7.03","3,0","-1.09","2,,,0","-12.98","2,,,0"
"USC00252647","1985-12","42.2651","-102.2134","1210.1","ELLSWORTH 15 NNE, NE US","","","0.0","1,0","5",",0","2",",0","0",",0","","","5",",0","8","1,0","30","1,0","11","1,0","0","1,0","0","1,0","","","","","-28.9","1,0,02,","","","152",",,0,10,","4.3",",,0,24,","6.1","1,0,22,","1947.5","0","788.9","1,0","12.8",",,,0","355",",,,0","-7.96","1,0","-1.26","1,,,0","-14.67","1,,,0"
"USC00252647","1986-01","42.2651","-102.2134","1210.1","ELLSWORTH 15 NNE, NE US","0.0","0","0.0","2,0","0",",0","0",",0","0",",0","","","0",",0","0","1,0","30","1,0","5","2,0","0","2,0","0","2,0","","","","","-16.1","1,0,05,","","","0",",T,0,22,","0.0",",T,0,22,","11.7","2,0,29,","2523.6","0","576.1","2,0","0.0",",T,,0","0",",T,,0","-1.62","2,0","4.96","2,,,0","-8.20","1,,,0"
"USC00252647","1986-02","42.2651","-102.2134","1210.1","ELLSWORTH 15 NNE, NE US","0.0","0","0.0",",0","5",",0","4",",0","0",",0","","","3",",0","8",",0","26",",0","12",",0","0",",0","0",",0","","","","","-30.6",",0,11,","","","178",",,0,05,","18.5",",,0,05,","20.6",",0,26,","3154.8","0","631.2",",0","30.1",",,,0","280",",,,0","-4.21",",0","2.83",",,,0","-11.25",",,,0"
"USC00252647","1986-03","42.2651","-102.2134","1210.1","ELLSWORTH 15 NNE, NE US","0.0","0","0.0","2,0","2","1,0","2","1,0","0","1,0","","","1","2,0","0","2,0","21","2,0","1","1,0","5","1,0","0","1,0","","","","","-7.8","2,0,21,+","","","152","2,,0,16,","7.6","1,,0,16,","27.2","1,0,29,","3531.5","0","376.7","1,0","10.4","1,,,0","152","2,,,0","5.19","2,0","12.83","1,,,0","-2.46","2,,,0"
"USC00252647","1986-04","42.2651","-102.2134","1210.1","ELLSWORTH 15 NNE, NE US","0.0","0","0.0","5,0","7",",0","6",",0","2",",0","","","1",",0","0","4,0","12","4,0","0","3,0","3","3,0","0","3,0","3","","","","-11.1","4,0,14,","","","203",",,0,04,","55.9",",,0,04,","29.4","3,0,24,","3804.7","0","273.2","3,0","99.6",",,,0","216",",,,0","7.17","5,0","14.45","3,,,0","-0.10","4,,,0"
"USC00252647","1986-05","42.2651","-102.2134","1210.1","ELLSWORTH 15 NNE, NE US","3.1","0","3.1","1,0","10",",0","5",",0","0",",0","0",",0","0",",0","0","1,0","4","1,0","0",",0","13",",0","0",",0","","","","","-2.2","1,0,01,","0",",,0,31,+","0",",,0,31,+","9.4",",,0,20,","31.7",",0,05,","3995.7","0","191.0",",0","40.5",",,,0","0",",,,0","12.14","1,0","19.89",",,,0","4.38","1,,,0"
"USC00252647","1986-06","42.2651","-102.2134","1210.1","ELLSWORTH 15 NNE, NE US","","","","","10",",0","9",",0","1",",0","0",",0","0",",0","0","5,0","0","5,0","0","4,0","23","4,0","5","4,0","","","","","6.7","5,0,22,","0",",,0,30,+","0",",,0,30,+","35.8",",,0,10,","34.4","4,0,30,","","","","","101.5",",,,0","0",",,,0","19.63","6,0","27.82","4,,,0","11.43","5,,,0"
"USC00252647","1986-07","42.2651","-102.2134","1210.1","ELLSWORTH 15 NNE, NE US","","","102.6","3,0","13",",0","10",",0","1",",0","0",",0","0",",0","0","2,0","0","2,0","0","3,0","28","3,0","10","3,0","","","","","10.6","2,0,12,+","0",",,0,31,+","0",",,0,31,+","25.4",",,0,20,","37.8","3,0,04,","0.5","0","0.5","3,0","98.8",",,,0","0",",,,0","21.95","3,0","30.13","3,,,0","13.78","2,,,0"
"USC00252647","1986-08","42.2651","-102.2134","1210.1","ELLSWORTH 15 NNE, NE US","","","73.1","3,0","4",",0","4",",0","0",",0","0",",0","0",",0","0","2,0","0","2,0","0","2,0","28","2,0","7","2,0","","","","","6.1","2,0,23,","0",",,0,31,+","0",",,0,31,+","13.0",",,0,01,","35.0","2,0,20,+","10.8","0","10.3","2,0","33.4",",,,0","0",",,,0","20.76","3,0","29.09","2,,,0","12.43","2,,,0"
"USC00252647","1986-09","42.2651","-102.2134","1210.1","ELLSWORTH 15 NNE, NE US","","","10.3","2,0","12","1,0","9","1,0","1","1,0","0",",0","0",",0","0","1,0","0","1,0","0","2,0","19","2,0","1","2,0","","","","","1.7","1,0,30,","0",",,0,30,+","0",",,0,30,+","33.0","1,,0,05,","35.0","2,0,01,","111.2","0","100.4","2,0","98.5","1,,,0","0",",,,0","15.12","2,0","22.25","2,,,0","7.99","1,,,0"
"USC00252647","1986-10","42.2651","-102.2134","1210.1","ELLSWORTH 15 NNE, NE US","","","0.0","3,0","5",",0","5",",0","0",",0","0","2,0","1",",0","0","2,0","11","2,0","0","2,0","7","2,0","0","2,0","1","","","","-10.6","2,0,12,","0","2,,0,31,+","51",",,0,11,","17.8",",,0,03,","25.6","2,0,18,","385.8","0","274.6","2,0","44.5",",,,0","51",",,,0","8.39","3,0","15.84","2,,,0","0.94","2,,,0"
"USC00252647","1986-11","42.2651","-102.2134","1210.1","ELLSWORTH 15 NNE, NE US","","","","","3",",0","3",",0","0",",0","","","2",",0","","","","","","","","","","","","","","","","","","","51",",,0,10,","6.4",",,0,10,","","","","","","","12.7",",,,0","76",",,,0","","","","","",""
"USC00252647","1986-12","42.2651","-102.2134","1210.1","ELLSWORTH 15 NNE, NE US","","","0.0","2,0","1",",0","1",",0","0",",0","0",",0","0",",0","2","2,0","29","2,0","4","1,0","0","1,0","0","1,0","","","","","-21.1","2,0,10,","0",",,0,31,+","0",",T,0,09,+","3.6",",,0,01,","13.3","1,0,17,","","","612.1","1,0","3.6",",,,0","0",",T,,0","-2.68","2,0","6.28","1,,,0","-11.64","2,,,0"
"USC00252647","1987-01","42.2651","-102.2134","1210.1","ELLSWORTH 15 NNE, NE US","","","","","0",",0","0",",0","0",",0","0",",0","0",",0","","","","","","","","","","","","","","","","","0",",,0,31,+","0",",T,0,17,+","0.0",",T,0,17,+","","","","","","","0.0",",T,,0","0",",T,,0","","","","","",""
"USC00252647","1987-02","42.2651","-102.2134","1210.1","ELLSWORTH 15 NNE, NE US","","","0.0","5,0","6",",0","4",",0","0",",0","0","5,0","4",",0","0","4,0","24","4,0","5","3,0","1","3,0","0","3,0","","","","","-14.4","4,0,01,","0","5,,0,28,+","229",",,0,27,","16.0",",,0,27,","21.1","3,0,08,","","","416.1","3,0","47.5",",,,0","482",",,,0","0.38","5,0","8.09","3,,,0","-7.34","4,,,0"
"USC00252647","1987-03","42.2651","-102.2134","1210.1","ELLSWORTH 15 NNE, NE US","","","0.0","2,0","7","1,0","5","1,0","0","1,0","","","7",",0","1","2,0","29","2,0","9","1,0","0","1,0","0","1,0","1","","1","","-18.3","2,0,01,","","","102",",,0,25,+","7.9","1,,0,25,","19.4","1,0,08,","","","575.7","1,0","28.9","1,,,0","433",",,,0","-1.43","2,0","5.21","1,,,0","-8.07","2,,,0"
"USC00252647","1987-04","42.2651","-102.2134","1210.1","ELLSWORTH 15 NNE, NE US","","","","","2",",0","1",",0","0",",0","0",",0","2",",0","0","5,0","16","5,0","0","5,0","10","5,0","0","5,0","","","","","-7.8","5,0,03,","0",",T,0,10,","25",",,0,13,+","13.0",",,0,13,","30.6","5,0,26,","","","","","13.5",",,,0","50",",,,0","8.67","6,0","18.12","5,,,0","-0.78","5,,,0"
"USC00252647","1987-05","42.2651","-102.2134","1210.1","ELLSWORTH 15 NNE, NE US","","","7.6",",0","13",",0","8",",0","1",",0","0",",0","0",",0","0",",0","0",",0","0",",0","20",",0","0",",0","","","","","1.1",",0,21,","0",",,0,31,+","0",",,0,31,+","48.0",",,0,20,","30.6",",0,17,+","","","116.5",",0","155.2",",,,0","0",",,,0","14.82",",0","22.16",",,,0","7.47",",,,0"
"USC00252647","1987-06","42.2651","-102.2134","1210.1","ELLSWORTH 15 NNE, NE US","","","43.6","3,0","8",",0","4",",0","1",",0","0",",0","0",",0","0","3,0","0","3,0","0","3,0","24","3,0","6","3,0","","","","","4.4","3,0,03,","0",",,0,30,+","0",",,0,30,+","29.2",",,0,08,","33.3","3,0,23,","","","32.0","3,0","60.7",",,,0","0",",,,0","18.76","3,0","27.67","3,,,0","9.85","3,,,0"
"USC00252647","1987-07","42.2651","-102.2134","1210.1","ELLSWORTH 15 NNE, NE US","","","149.4",",0","4",",0","3",",0","0",",0","0",",0","0",",0","0",",0","0",",0","0",",0","30",",0","14",",0","","","","","3.3",",0,13,","0",",,0,31,+","0",",,0,31,+","19.1",",,0,02,","38.9",",0,31,+","12.7","0","12.7",",0","50.3",",,,0","0",",,,0","22.74",",0","31.69",",,,0","13.80",",,,0"
"USC00252647","1987-08","42.2651","-102.2134","1210.1","ELLSWORTH 15 NNE, NE US","","","73.0","5,0","6",",0","3",",0","0",",0","0",",0","0",",0","0","5,0","0","5,0","0","5,0","22","5,0","6","5,0","","","","","5.6","5,0,27,","0",",,0,31,+","0",",,0,31,+","19.1",",,0,08,","38.9","5,0,01,","46.1","0","33.4","5,0","43.3",",,,0","0",",,,0","19.86","5,0","27.96","5,,,0","11.75","5,,,0"
"USC00252647","1987-09","42.2651","-102.2134","1210.1","ELLSWORTH 15 NNE, NE US","","","","","","","","","","","0",",0","0",",0","","","","","","","","","","","","","","","","","0",",,0,30,+","0",",,0,30,+","","","","","","","","","","","0",",,,0","","","","","",""
"USC00252647","1987-10","42.2651","-102.2134","1210.1","ELLSWORTH 15 NNE, NE US","","","0.0","3,0","2",",0","2",",0","0",",0","0",",0","1",",0","0","3,0","22","3,0","0","3,0","9","3,0","0","3,0","","","","","-8.9","3,0,20,","0",",,0,31,+","25",",,0,19,","5.1",",,0,15,","30.0","3,0,04,","","","293.3","3,0","9.9",",,,0","25",",,,0","7.86","3,0","18.26","3,,,0","-2.54","3,,,0"
"USC00252647","1987-11","42.2651","-102.2134","1210.1","ELLSWORTH 15 NNE, NE US","","","0.0","3,0","2","1,0","2","1,0","0","1,0","0",",0","0",",0","0","2,0","24","2,0","0","3,0","0","3,0","0","3,0","","","","","-12.2","2,0,18,","0",",,0,30,+","0",",,0,30,+","7.6","1,,0,08,","20.0","3,0,22,","","","420.2","3,0","15.0","1,,,0","0",",,,0","2.93","3,0","10.50","3,,,0","-4.64","2,,,0"
"USC00252647","1987-12","42.2651","-102.2134","1210.1","ELLSWORTH 15 NNE, NE US","","","","","5",",0","3",",0","0",",0","","","4",",0","6","4,0","26","4,0","8","5,0","0","5,0","0","5,0","","","","","-28.3","4,0,26,","","","152",",,0,27,","9.4",",,0,27,","20.6","5,0,05,","","","","","21.1",",,,0","304",",,,0","-3.26","6,0","5.40","5,,,0","-11.93","4,,,0"
"USC00252647","1988-01","42.2651","-102.2134","1210.1","ELLSWORTH 15 NNE, NE US","0.0","0","0.0","3,0","1",",0","1",",0","0",",0","","","1",",0","15","2,0","29","2,0","15","3,0","0","3,0","0","3,0","","","","","-33.3","2,0,09,","","","254",",,0,19,","16.0",",,0,19,","8.9","3,0,30,","","","770.0","3,0","16.0",",,,0","254",",,,0","-9.23","3,0","-1.30","3,,,0","-17.15","2,,,0"
"USC00252647","1988-02","42.2651","-102.2134","1210.1","ELLSWORTH 15 NNE, NE US","","","","","","","","","","","","","","","6","5,0","24","5,0","4","5,0","0","5,0","0","5,0","","","","","-23.3","5,0,11,+","","","","","","","16.7","5,0,28,","","","","","","","","","-3.68","6,0","4.44","5,,,0","-11.80","5,,,0"
"USC00252647","1988-03","42.2651","-102.2134","1210.1","ELLSWORTH 15 NNE, NE US","","","","","2",",0","2",",0","0",",0","","","2",",0","","","","","","","","","","","","","","","","","","","152",",,0,12,+","7.9",",,0,12,+","","","","","","","15.8",",,,0","304",",,,0","","","","","",""
"USC00252647","1988-04","42.2651","-102.2134","1210.1","ELLSWORTH 15 NNE, NE US","","","0.0","2,0","3",",0","2",",0","0",",0","0","2,0","2",",0","0","2,0","21","2,0","1","2,0","8","2,0","0","2,0","","","","","-10.6","2,0,10,","0","2,,0,30,+","152",",,0,22,","12.7",",,0,26,","29.4","2,0,08,","","","322.7","2,0","26.2",",,,0","177",",,,0","6.81","2,0","16.63","2,,,0","-3.01","2,,,0"
"USC00252647","1988-05","42.2651","-102.2134","1210.1","ELLSWORTH 15 NNE, NE US","","","5.2","4,0","9",",0","8",",0","2",",0","0",",0","0",",0","0","4,0","1","4,0","0","2,0","16","2,0","1","2,0","","","","","-2.8","4,0,03,","0",",,0,31,+","0",",,0,31,+","41.9",",,0,20,","32.2","2,0,18,","","","161.5","2,0","129.4",",,,0","0",",,,0","12.55","4,0","20.17","2,,,0","4.93","4,,,0"
"USC00252647","1988-06","42.2651","-102.2134","1210.1","ELLSWORTH 15 NNE, NE US","","","105.3","4,0","3","2,0","3","2,0","1","2,0","0",",0","0",",0","0","4,0","0","4,0","0","4,0","24","4,0","14","4,0","","","","","7.2","4,0,15,+","0",",,0,30,+","0",",,0,30,+","82.8","2,,0,30,","40.0","4,0,25,","","","15.6","4,0","111.0",",a,,0","0",",,,0","21.78","4,0","30.88","4,,,0","12.69","4,,,0"
"USC00252647","1988-07","42.2651","-102.2134","1210.1","ELLSWORTH 15 NNE, NE US","","","91.3","2,0","7","2,0","6","2,0","0","2,0","0",",0","0",",0","0","2,0","0","2,0","0","2,0","28","2,0","11","2,0","","","1","","8.3","2,0,20,","0",",,0,31,+","0",",,0,31,+","17.8","2,,0,08,","35.6","2,0,05,+","12.8","0","12.8","2,0","81.9",",a,,0","0",",,,0","21.04","2,0","29.40","2,,,0","12.68","2,,,0"
"USC00252647","1988-08","42.2651","-102.2134","1210.1","ELLSWORTH 15 NNE, NE US","","","","","4",",0","4",",0","0",",0","0",",0","0",",0","0","4,0","0","4,0","0","5,0","26","5,0","12","5,0","","","","","6.1","4,0,29,","0",",,0,31,+","0",",,0,31,+","16.5",",,0,03,","37.8","5,0,15,","","","","","33.3",",,,0","0",",,,0","21.73","6,0","31.03","5,,,0","12.44","4,,,0"
"USC00252647","1988-09","42.2651","-102.2134","1210.1","ELLSWORTH 15 NNE, NE US","","","11.7","3,0","4",",0","4",",0","0",",0","0",",0","0",",0","0",",0","0",",0","0","3,0","19","3,0","1","3,0","","","","","1.1",",0,19,","0",",,0,30,+","0",",,0,30,+","8.6",",,0,29,","33.3","3,0,01,","","","98.1","3,0","24.6",",,,0","0",",,,0","15.22","3,0","23.10","3,,,0","7.34",",,,0"
"USC00252647","1988-10","42.2651","-102.2134","1210.1","ELLSWORTH 15 NNE, NE US","","","0.0","1,0","1",",0","1",",0","0",",0","0",",0","0",",0","0","1,0","12","1,0","0",",0","7",",0","0",",0","","","","","-11.7","1,0,28,","0",",,0,31,+","0",",,0,31,+","3.3",",,0,20,","27.2",",0,13,","","","294.4",",0","3.3",",,,0","0",",,,0","8.52","1,0","16.54",",,,0","0.50","1,,,0"
"USC00252647","1988-11","42.2651","-102.2134","1210.1","ELLSWORTH 15 NNE, NE US","","","0.0","1,0","2",",0","2",",0","0",",0","0",",0","0",",0","0",",0","24",",0","3","1,0","2","1,0","0","1,0","","","","","-12.2",",0,28,+","0",",,0,30,+","0",",T,0,30,+","2.5",",,0,12,+","22.2","1,0,02,","","","462.1","1,0","5.0",",,,0","0",",T,,0","2.34","1,0","9.55","1,,,0","-4.87",",,,0"
"USC00252647","1988-12","42.2651","-102.2134","1210.1","ELLSWORTH 15 NNE, NE US","","","0.0","4,0","","","","","","","","","","","4","2,0","29","2,0","7","4,0","0","4,0","0","4,0","","","","","-20.6","2,0,29,+","","","","","","","17.2","4,0,03,","","","555.2","4,0","","","","","-2.32","4,0","5.16","4,,,0","-9.80","2,,,0"
"USC00252647","1989-01","42.2651","-102.2134","1210.1","ELLSWORTH 15 NNE, NE US","0.0","0","0.0","1,0","0",",0","0",",0","0",",0","0",",0","0",",0","2",",0","31",",0","7","1,0","0","1,0","0","1,0","2","","","","-21.1",",0,09,+","0",",,0,31,+","0",",,0,31,+","0.0",",,0,31,+","16.1","1,0,31,","","","610.5","1,0","0.0",",,,0","0",",,,0","-2.04","1,0","6.24","1,,,0","-10.32",",,,0"
"USC00252647","1989-02","42.2651","-102.2134","1210.1","ELLSWORTH 15 NNE, NE US","0.0","0","0.0",",0","4",",0","2",",0","0",",0","","","4",",0","12",",0","28",",0","18",",0","0",",0","0",",0","4","","","","-32.2",",0,04,+","","","51",",,0,05,+","4.1",",,0,05,","19.4",",0,01,","","","785.3",",0","10.4",",,,0","165",",,,0","-9.71",",0","-3.13",",,,0","-16.30",",,,0"
"USC00252647","1989-03","42.2651","-102.2134","1210.1","ELLSWORTH 15 NNE, NE US","0.0","0","0.0",",0","4",",0","3",",0","0",",0","","","1","3,0","5",",0","22",",0","10",",0","5",",0","0",",0","4","","","","-30.0",",0,05,","","","127","3,,0,01,","5.8",",,0,03,","24.4",",0,27,","","","580.2",",0","13.6",",,,0","127","3,,,0","-0.38",",0","6.75",",,,0","-7.52",",,,0"
"USC00252647","1989-04","42.2651","-102.2134","1210.1","ELLSWORTH 15 NNE, NE US","8.4","0","8.4","1,0","6",",0","1",",0","0",",0","0","2,0","1",",0","0",",0","20",",0","1","1,0","8","1,0","2","1,0","1","","","","-11.7",",0,10,","0","2,,0,30,+","25",",,0,09,","3.0",",,0,25,","32.8","1,0,22,","","","300.4","1,0","11.6",",,,0","25",",,,0","8.08","1,0","15.88","1,,,0","0.27",",,,0"
"USC00252647","1989-05","42.2651","-102.2134","1210.1","ELLSWORTH 15 NNE, NE US","18.7","0","10.3",",0","8",",0","6",",0","0",",0","0",",0","0",",0","0",",0","5",",0","0",",0","16",",0","0",",0","2","","","","-6.7",",0,02,+","0",",,0,31,+","0",",T,0,01,","9.7",",,0,31,","31.7",",0,29,+","","","173.1",",0","32.7",",,,0","0",",T,,0","13.08",",0","20.75",",,,0","5.41",",,,0"
"USC00252647","1989-06","42.2651","-102.2134","1210.1","ELLSWORTH 15 NNE, NE US","61.5","0","42.8",",0","5",",0","3",",0","0",",0","0",",0","0",",0","0",",0","1",",0","0",",0","19",",0","5",",0","","","","","0.0",",0,01,","0",",,0,30,+","0",",,0,30,+","12.4",",,0,09,","38.9",",0,20,","","","79.0",",0","22.7",",,,0","0",",,,0","17.13",",0","24.60",",,,0","9.66",",,,0"
"USC00252647","1989-07","42.2651","-102.2134","1210.1","ELLSWORTH 15 NNE, NE US","223.6","0","162.1",",0","7",",0","5",",0","1",",0","0",",0","0",",0","0",",0","0",",0","0",",0","30",",0","13",",0","","","","","11.7",",0,19,+","0",",,0,31,+","0",",,0,31,+","30.5",",,0,14,","40.0",",0,09,","4.7","0","4.7",",0","58.5",",,,0","0",",,,0","23.41",",0","31.09",",,,0","15.73",",,,0"
"USC00252647","1989-08","42.2651","-102.2134","1210.1","ELLSWORTH 15 NNE, NE US","325.0","0","101.4","2,0","4","1,0","3","1,0","0","1,0","0",",0","0",",0","0","2,0","0","2,0","0","2,0","29","2,0","6","2,0","","","","","9.4","2,0,20,","0",",,0,31,+","0",",,0,31,+","8.6","1,,0,06,","36.1","2,0,04,","6.1","0","1.4","2,0","24.2","1,,,0","0",",,,0","21.78","2,0","29.34","2,,,0","14.22","2,,,0"
"USC00252647","1989-09","42.2651","-102.2134","1210.1","ELLSWORTH 15 NNE, NE US","342.8","0","17.8",",0","7",",0","6",",0","1",",0","0",",0","0",",0","0",",0","5",",0","0",",0","21",",0","2",",0","","","","","-2.8",",0,14,+","0",",,0,30,+","0",",,0,30,+","27.4",",,0,21,","32.8",",0,06,","131.5","0","125.4",",0","78.5",",,,0","0",",,,0","14.75",",0","22.28",",,,0","7.22",",,,0"
"USC00252647","1989-10","42.2651","-102.2134","1210.1","ELLSWORTH 15 NNE, NE US","347.0","0","4.2",",0","1",",0","1",",0","0",",0","0","1,0","1",",0","0",",0","11",",0","0",",0","13",",0","1",",0","1","","","","-8.9",",0,31,","0","1,,0,31,+","25",",,0,16,","5.1",",,0,16,","32.2",",0,01,","426.1","0","294.6",",0","5.1",",,,0","25",",,,0","8.96",",0","16.94",",,,0","0.98",",,,0"
"USC00252647","1989-11","42.2651","-102.2134","1210.1","ELLSWORTH 15 NNE, NE US","347.0","0","0.0","1,0","2",",0","0",",0","0",",0","2",",0","1",",0","1",",0","25",",0","3","1,0","1","1,0","0","1,0","","","","","-23.3",",0,16,","25",",,0,16,+","25",",,0,15,","1.3",",,0,15,","23.3","1,0,13,","896.4","0","470.3","1,0","1.8",",,,0","25",",,,0","2.02","1,0","9.27","1,,,0","-5.22",",,,0"
"USC00252647","1989-12","42.2651","-102.2134","1210.1","ELLSWORTH 15 NNE, NE US","347.0","0","0.0","1,0","4","1,0","0","1,0","0","1,0","12","1,0","3",",0","11",",0","31",",0","14","1,0","0","1,0","0","1,0","","","","","-41.1",",0,23,","76","1,,0,23,+","51",",,0,15,","2.0","1,,0,13,+","17.2","1,0,04,","1663.0","0","766.6","1,0","5.8","1,,,0","101",",,,0","-7.54","1,0","-0.15","1,,,0","-14.92",",,,0"
"USC00252647","1990-01","42.2651","-102.2134","1210.1","ELLSWORTH 15 NNE, NE US","0.0","0","0.0",",0","2","1,0","1","1,0","0","1,0","2","2,0","2",",0","0",",0","31",",0","6",",0","0",",0","0",",0","1","","","","-13.9",",0,13,+","25","2,,0,25,+","38",",,0,20,","4.6","1,,0,20,","18.3",",0,11,","2263.5","0","600.5",",0","6.6","1,,,0","63",",,,0","-1.04",",0","6.09",",,,0","-8.17",",,,0"
"USC00252647","1990-02","42.2651","-102.2134","1210.1","ELLSWORTH 15 NNE, NE US","0.0","0","0.0",",0","4",",0","1",",0","0",",0","8","3,0","3",",0","4",",0","26",",0","9",",0","0",",0","0",",0","1","","","","-23.3",",0,15,","152","3,,0,16,+","76",",,0,13,","3.0",",,0,13,","16.1",",0,12,","2864.8","0","601.3",",0","6.9",",,,0","152",",,,0","-3.14",",0","3.39",",,,0","-9.68",",,,0"
"USC00252647","1990-03","42.2651","-102.2134","1210.1","ELLSWORTH 15 NNE, NE US","0.0","0","0.0","4,0","3","2,0","2","2,0","0","2,0","6","4,0","3","4,0","0","3,0","24","3,0","3","3,0","1","3,0","0","3,0","1","","","","-12.8","3,0,25,+","178","4,,0,08,","191","4,,0,07,","22.9","2,,0,07,","21.7","3,0,21,","3285.2","0","420.4","3,0","28.8",",a,,0","318","4,,,0","2.60","4,0","8.84","3,,,0","-3.63","3,,,0"
"USC00252647","1990-04","42.2651","-102.2134","1210.1","ELLSWORTH 15 NNE, NE US","0.0","0","0.0","1,0","13",",0","9",",0","0",",0","2",",0","1",",0","0","1,0","14","1,0","1","1,0","7","1,0","0","1,0","2","","","","-7.2","1,0,11,+","51",",,0,10,","127",",,0,10,","11.7",",,0,29,+","26.7","1,0,23,","3611.4","0","326.2","1,0","63.1",",,,0","127",",,,0","7.09","1,0","13.68","1,,,0","0.49","1,,,0"
"USC00252647","1990-05","42.2651","-102.2134","1210.1","ELLSWORTH 15 NNE, NE US","1.7","0","1.7","2,0","14",",0","10",",0","0",",0","0",",0","0",",0","0",",0","5",",0","0","2,0","7","2,0","0","2,0","2","","","","-6.1",",0,02,+","0",",,0,31,+","13",",,0,09,","15.0",",,0,25,+","27.2","2,0,07,","3821.6","0","210.2","2,0","84.2",",,,0","13",",,,0","11.13","2,0","17.33","2,,,0","4.93",",,,0"
"USC00252647","1990-07","42.2651","-102.2134","1210.1","ELLSWORTH 15 NNE, NE US","","","94.9","1,0","12",",0","8",",0","0",",0","0",",0","0",",0","0","1,0","0","1,0","0","1,0","27","1,0","8","1,0","2","","","","4.4","1,0,22,","0",",,0,31,+","0",",,0,31,+","21.1",",,0,19,","40.6","1,0,03,","25.9","0","25.9","1,0","85.9",",,,0","0",",,,0","20.63","1,0","27.49","1,,,0","13.78","1,,,0"
"USC00252647","1990-08","42.2651","-102.2134","1210.1","ELLSWORTH 15 NNE, NE US","","","94.5",",0","4",",0","4",",0","0",",0","0",",0","0",",0","0",",0","0",",0","0",",0","31",",0","6",",0","1","","","","9.4",",0,06,","0",",,0,31,+","0",",,0,31,+","8.9",",,0,15,","37.8",",0,31,","30.7","0","4.8",",0","27.8",",,,0","0",",,,0","21.23",",0","28.76",",,,0","13.69",",,,0"
"USC00252647","1990-09","42.2651","-102.2134","1210.1","ELLSWORTH 15 NNE, NE US","","","51.6","1,0","6",",0","4",",0","0",",0","0",",0","0",",0","0",",0","1",",0","0","1,0","22","1,0","6","1,0","","","","","-1.1",",0,23,","0",",,0,30,+","0",",,0,30,+","6.4",",,0,18,","35.0","1,0,04,","105.8","0","75.1","1,0","21.4",",,,0","0",",,,0","17.64","1,0","25.86","1,,,0","9.42",",,,0"
"USC00252647","1990-10","42.2651","-102.2134","1210.1","ELLSWORTH 15 NNE, NE US","","","0.0","1,0","1","2,0","1","2,0","0","2,0","0","3,0","0",",0","0","1,0","14","1,0","1","1,0","12","1,0","0","1,0","2","","","","-8.9","1,0,18,","0","3,,0,31,+","0",",,0,31,+","13.2","2,,0,20,","30.0","1,0,05,","419.2","0","313.4","1,0","21.3",",a,,0","102",",a,,0","7.89","1,0","16.47","1,,,0","-0.70","1,,,0"
"USC00252647","1990-11","42.2651","-102.2134","1210.1","ELLSWORTH 15 NNE, NE US","","","0.0",",0","3",",0","2",",0","0",",0","7",",0","2",",0","1",",0","27",",0","5",",0","3",",0","0",",0","1","","","","-18.3",",0,04,","127",",,0,03,","127",",,0,03,","15.2",",,0,03,","23.3",",0,15,+","890.3","0","471.1",",0","24.8",",,,0","186",",,,0","2.63",",0","10.76",",,,0","-5.50",",,,0"
"USC00252647","1990-12","42.2651","-102.2134","1210.1","ELLSWORTH 15 NNE, NE US","","","0.0",",0","4",",0","1",",0","0",",0","17",",0","2",",0","11",",0","31",",0","14",",0","0",",0","0",",0","1","","","","-36.1",",0,23,+","102",",,0,21,","76",",,0,15,","4.6",",,0,15,","18.9",",0,12,+","1717.1","0","826.8",",0","7.2",",,,0","153",",,,0","-8.34",",0","-1.30",",,,0","-15.38",",,,0"
"USC00252647","1991-01","42.2651","-102.2134","1210.1","ELLSWORTH 15 NNE, NE US","0.0","0","0.0",",0","2",",0","1",",0","0",",0","","","1",",0","9",",0","31",",0","17",",0","0",",0","0",",0","2","","","","-25.6",",0,30,","","","76",",,0,29,","4.6",",,0,29,","11.1",",0,19,","2515.2","0","798.1",",0","4.9",",,,0","76",",,,0","-7.41",",0","-1.03",",,,0","-13.79",",,,0"
"USC00252647","1991-02","42.2651","-102.2134","1210.1","ELLSWORTH 15 NNE, NE US","0.0","0","0.0","1,0","5",",0","1",",0","0",",0","4","2,0","3",",0","0","1,0","27","1,0","3",",0","0",",0","0",",0","2","","","","-15.6","1,0,25,+","51","2,,0,26,+","25",",,0,24,+","8.6",",,0,18,","15.6",",0,12,","2978.0","0","462.8",",0","14.0",",,,0","101",",,,0","1.18","1,0","8.54",",,,0","-6.19","1,,,0"
"USC00252647","1991-03","42.2651","-102.2134","1210.1","ELLSWORTH 15 NNE, NE US","0.0","0","0.0",",0","6",",0","2",",0","0",",0","2","5,0","3",",0","0",",0","27",",0","4",",0","1",",0","0",",0","3","","","","-14.4",",0,02,","51","5,,0,13,","51",",,0,17,","5.8",",,0,27,","21.7",",0,26,","3474.8","0","496.8",",0","16.7",",,,0","140",",,,0","2.31",",0","9.18",",,,0","-4.57",",,,0"
"USC00252647","1991-04","42.2651","-102.2134","1210.1","ELLSWORTH 15 NNE, NE US","0.0","0","0.0",",0","8",",0","4",",0","0",",0","","","1",",0","0",",0","15",",0","1",",0","5",",0","0",",0","3","","","","-5.6",",0,13,","","","25",",,0,19,","22.6",",,0,19,","28.3",",0,07,","3809.7","0","334.9",",0","37.1",",,,0","25",",,,0","7.17",",0","13.59",",,,0","0.75",",,,0"
"USC00252647","1991-05","42.2651","-102.2134","1210.1","ELLSWORTH 15 NNE, NE US","11.2","0","11.2",",0","9",",0","6",",0","1",",0","0",",0","0",",0","0",",0","6",",0","0",",0","18",",0","0",",0","4","","","","-7.2",",0,01,","0",",,0,31,+","0",",T,0,03,","27.4",",,0,03,","29.4",",0,15,","3968.2","0","158.5",",0","69.8",",,,0","0",",T,,0","13.58",",0","19.63",",,,0","7.53",",,,0"
"USC00252647","1991-06","42.2651","-102.2134","1210.1","ELLSWORTH 15 NNE, NE US","51.4","0","40.2","2,0","10",",0","8",",0","2",",0","0",",0","0",",0","0",",0","0",",0","0","2,0","25","2,0","0","2,0","","","","","9.4",",0,15,","0",",,0,30,+","0",",,0,30,+","34.3",",,0,10,+","31.7","2,0,26,","3982.7","0","14.5","2,0","125.5",",,,0","0",",,,0","19.27","2,0","25.15","2,,,0","13.39",",,,0"
"USC00252647","1991-07","42.2651","-102.2134","1210.1","ELLSWORTH 15 NNE, NE US","146.3","0","94.9","1,0","4","2,0","3","2,0","1","2,0","0",",0","0",",0","0","1,0","0","1,0","0","1,0","29","1,0","8","1,0","","","","","8.9","1,0,03,","0",",,0,31,+","0",",,0,31,+","58.7","2,,0,10,","35.0","1,0,07,","6.4","0","6.4","1,0","74.2",",a,,0","0",",,,0","21.29","1,0","28.44","1,,,0","14.13","1,,,0"
"USC00252647","1991-08","42.2651","-102.2134","1210.1","ELLSWORTH 15 NNE, NE US","252.6","0","106.3","1,0","3",",0","3",",0","1",",0","0",",0","0",",0","0",",0","0",",0","0","1,0","29","1,0","9","1,0","1","","","","10.0",",0,17,","0",",,0,31,+","0",",,0,31,+","33.0",",,0,07,","35.6","1,0,26,+","12.8","0","6.4","1,0","49.0",",,,0","0",",,,0","21.62","1,0","28.85","1,,,0","14.38",",,,0"
"USC00252647","1991-09","42.2651","-102.2134","1210.1","ELLSWORTH 15 NNE, NE US","283.8","0","31.2",",0","4",",0","3",",0","0",",0","0",",0","0",",0","0",",0","2",",0","0",",0","22",",0","2",",0","1","","","","-5.6",",0,19,+","0",",,0,30,+","0",",,0,30,+","10.2",",,0,11,","32.2",",0,22,+","124.5","0","111.7",",0","22.2",",,,0","0",",,,0","15.65",",0","23.64",",,,0","7.66",",,,0"
"USC00252647","1991-10","42.2651","-102.2134","1210.1","ELLSWORTH 15 NNE, NE US","283.8","0","0.0","1,0","5",",0","3",",0","0",",0","3","1,0","2",",0","1","1,0","17","1,0","3","1,0","12","1,0","0","1,0","","","","","-20.6","1,0,31,","127","1,,0,31,+","102",",,0,29,","20.6",",,0,28,","30.6","1,0,17,","448.1","0","323.6","1,0","43.8",",,,0","140",",,,0","7.55","1,0","15.98","1,,,0","-0.89","1,,,0"
"USC00252647","1991-11","42.2651","-102.2134","1210.1","ELLSWORTH 15 NNE, NE US","283.8","0","0.0",",0","5",",0","2",",0","0",",0","8","1,0","2",",0","2",",0","30",",0","9",",0","0",",0","0",",0","3","","","","-19.4",",0,03,+","127","1,,0,03,+","76",",,0,30,","4.8",",,0,30,","19.4",",0,14,","1048.6","0","600.5",",0","11.4",",,,0","114",",,,0","-1.68",",0","3.74",",,,0","-7.11",",,,0"
"USC00252647","1991-12","42.2651","-102.2134","1210.1","ELLSWORTH 15 NNE, NE US","283.8","0","0.0","1,0","0",",0","0",",0","0",",0","3","4,0","0",",0","2",",0","31",",0","2","1,0","0","1,0","0","1,0","2","","","","-20.6",",0,01,","76","4,,0,02,+","0",",T,0,19,","0.0",",T,0,19,","16.7","1,0,08,","1633.2","0","584.6","1,0","0.0",",T,,0","0",",T,,0","-1.21","1,0","5.90","1,,,0","-8.32",",,,0"
"USC00252647","1992-01","42.2651","-102.2134","1210.1","ELLSWORTH 15 NNE, NE US","0.0","0","0.0",",0","1",",0","1",",0","0",",0","12","1,0","1",",0","3",",0","31",",0","8",",0","0",",0","0",",0","2","","","","-22.8",",0,15,","178","1,,0,09,","178",",,0,08,","15.2",",,0,08,","13.3",",0,29,","2279.1","0","645.9",",0","15.2",",,,0","178",",,,0","-2.50",",0","4.19",",,,0","-9.20",",,,0"
"USC00252647","1992-02","42.2651","-102.2134","1210.1","ELLSWORTH 15 NNE, NE US","0.0","0","0.0","4,0","2","2,0","2","2,0","0","2,0","6","1,0","2",",0","2","4,0","23","4,0","4","2,0","0","2,0","0","2,0","3","","","","-19.4","4,0,19,","203","1,,0,19,+","152",",,0,18,","14.7","2,,0,18,","17.8","2,0,02,","2723.8","0","444.7","2,0","27.7",",a,,0","203",",,,0","0.71","4,0","7.88","2,,,0","-6.46","4,,,0"
"USC00252647","1992-03","42.2651","-102.2134","1210.1","ELLSWORTH 15 NNE, NE US","0.0","0","0.0",",0","3",",0","1",",0","0",",0","3","1,0","1",",0","0",",0","24",",0","2",",0","2",",0","0",",0","6","","","","-13.9",",0,11,+","102","1,,0,10,","102",",,0,09,","10.9",",,0,09,","21.7",",0,04,","3165.8","0","442.0",",0","13.4",",,,0","102",",,,0","4.08",",0","11.29",",,,0","-3.14",",,,0"
"USC00252647","1992-04","42.2651","-102.2134","1210.1","ELLSWORTH 15 NNE, NE US","0.0","0","0.0",",0","5",",0","2",",0","0",",0","0",",0","0",",0","0",",0","16",",0","1",",0","9",",0","0",",0","4","","","","-11.1",",0,01,","0",",,0,30,+","0",",T,0,21,+","10.9",",,0,15,","26.7",",0,30,","3480.1","0","314.3",",0","23.2",",,,0","0",",T,,0","7.86",",0","15.74",",,,0","-0.03",",,,0"
"USC00252647","1992-05","42.2651","-102.2134","1210.1","ELLSWORTH 15 NNE, NE US","15.6","0","15.6","1,0","3",",0","3",",0","0",",0","0",",0","0",",0","0","1,0","3","1,0","0",",0","21",",0","1",",0","","","","","-1.7","1,0,17,","0",",,0,31,+","0",",,0,31,+","12.7",",,0,22,","32.8",",0,01,","3625.4","0","145.3",",0","19.8",",,,0","0",",,,0","14.03","1,0","22.25",",,,0","5.80","1,,,0"
"USC00252647","1992-06","42.2651","-102.2134","1210.1","ELLSWORTH 15 NNE, NE US","33.0","0","17.4","2,0","16",",0","9",",0","1",",0","0",",0","0",",0","0","2,0","0","2,0","0","1,0","21","1,0","0","1,0","4","","","","3.3","2,0,06,","0",",,0,30,+","0",",,0,30,+","59.7",",,0,21,","28.3","1,0,24,","3688.2","0","62.8","1,0","132.0",",,,0","0",",,,0","16.74","2,0","22.91","1,,,0","10.56","2,,,0"
"USC00252647","1992-07","42.2651","-102.2134","1210.1","ELLSWORTH 15 NNE, NE US","72.6","0","39.6",",0","13",",0","9",",0","0",",0","0",",0","0",",0","0",",0","0",",0","0",",0","24",",0","1",",0","1","","","","6.1",",0,03,","0",",,0,31,+","0",",,0,31,+","22.9",",,0,30,","32.8",",0,07,","38.9","0","38.9",",0","78.1",",,,0","0",",,,0","18.35",",0","24.80",",,,0","11.90",",,,0"
"USC00252647","1992-08","42.2651","-102.2134","1210.1","ELLSWORTH 15 NNE, NE US","109.5","0","36.9","3,0","8",",0","7",",0","1",",0","0",",0","0",",0","0","2,0","0","2,0","0","2,0","24","2,0","2","2,0","3","","1","","4.4","2,0,30,+","0",",,0,31,+","0",",,0,31,+","68.6",",,0,23,","33.3","2,0,09,","86.1","0","47.2","2,0","109.5",",,,0","0",",,,0","17.94","3,0","24.98","2,,,0","10.90","2,,,0"
"USC00252647","1992-09","42.2651","-102.2134","1210.1","ELLSWORTH 15 NNE, NE US","122.3","0","12.8",",0","3",",0","2",",0","0",",0","0",",0","0",",0","0",",0","1",",0","0",",0","23",",0","0",",0","","","2","","-0.6",",0,28,","0",",,0,30,+","0",",,0,30,+","11.9",",,0,07,","30.6",",0,24,","187.2","0","101.1",",0","23.1",",,,0","0",",,,0","15.39",",0","23.89",",,,0","6.89",",,,0"
"USC00252647","1992-11","42.2651","-102.2134","1210.1","ELLSWORTH 15 NNE, NE US","","","0.0","1,0","4","1,0","3","1,0","0","1,0","7","5,0","3",",0","0",",0","30",",0","7","1,0","0","1,0","0","1,0","6","","","","-15.6",",0,30,","102","5,,0,27,+","76",",,0,24,","7.6","1,,0,24,","16.7","1,0,16,","","","555.1","1,0","17.7","1,,,0","126",",,,0","-0.86","1,0","4.76","1,,,0","-6.47",",,,0"
"USC00252647","1992-12","42.2651","-102.2134","1210.1","ELLSWORTH 15 NNE, NE US","","","0.0",",0","2",",0","1",",0","0",",0","17","1,0","2",",0","8",",0","31",",0","18",",0","0",",0","0",",0","3","","","","-23.9",",0,31,","51","1,,0,21,+","51",",,0,14,","4.3",",,0,14,","8.3",",0,28,","","","810.0",",0","5.6",",,,0","76",",,,0","-7.80",",0","-1.41",",,,0","-14.18",",,,0"
"USC00252647","1993-01","42.2651","-102.2134","1210.1","ELLSWORTH 15 NNE, NE US","0.0","0","0.0","1,0","3",",0","2",",0","0",",0","11","4,0","3",",0","7","1,0","30","1,0","20","1,0","0","1,0","0","1,0","7","","","","-22.8","1,0,01,","152","4,,0,14,+","51",",,0,12,+","3.0",",,0,12,+","8.9","1,0,28,","","","795.5","1,0","7.8",",,,0","127",",,,0","-8.18","1,0","-3.16","1,,,0","-13.21","1,,,0"
"USC00252647","1993-02","42.2651","-102.2134","1210.1","ELLSWORTH 15 NNE, NE US","0.0","0","0.0",",0","7",",0","5",",0","0",",0","19","4,0","5",",0","11",",0","28",",0","19",",0","0",",0","0",",0","6","","","","-31.1",",0,18,+","178","4,,0,12,+","152",",,0,11,","14.7",",,0,11,","10.0",",0,07,","","","764.0",",0","31.0",",,,0","278",",,,0","-8.95",",0","-3.25",",,,0","-14.65",",,,0"
"USC00252647","1993-03","42.2651","-102.2134","1210.1","ELLSWORTH 15 NNE, NE US","0.0","0","0.0","1,0","7",",0","4",",0","0",",0","9","4,0","2","2,0","2","1,0","24","1,0","6",",0","4",",0","0",",0","9","","","","-19.4","1,0,13,","127","4,,0,04,+","25","2,,0,17,+","13.7",",,0,29,","25.0",",0,26,","","","530.7",",0","30.2",",,,0","50","2,,,0","0.66","1,0","6.90",",,,0","-5.59","1,,,0"
"USC00252647","1993-04","42.2651","-102.2134","1210.1","ELLSWORTH 15 NNE, NE US","0.0","0","0.0",",0","10",",0","6",",0","0",",0","5","1,0","4",",0","0",",0","16",",0","0",",0","3",",0","0",",0","5","","","","-5.6",",0,21,","152","1,,0,13,","152",",,0,13,","16.5",",,0,13,","23.3",",0,27,","","","372.2",",0","50.3",",,,0","253",",,,0","5.93",",0","11.76",",,,0","0.09",",,,0"
"USC00252647","1993-05","42.2651","-102.2134","1210.1","ELLSWORTH 15 NNE, NE US","3.4","0","3.4","2,0","6",",0","4",",0","1",",0","0",",0","0",",0","0","2,0","2","2,0","0",",0","14",",0","0",",0","","","","","-3.3","2,0,02,","0",",,0,31,+","0",",,0,31,+","35.6",",,0,06,","30.6",",0,27,","","","161.8",",0","63.8",",,,0","0",",,,0","12.84","2,0","20.15",",,,0","5.53","2,,,0"
"USC00252647","1993-06","42.2651","-102.2134","1210.1","ELLSWORTH 15 NNE, NE US","28.7","0","25.3","5,0","10",",0","8",",0","3",",0","0",",0","0",",0","0","2,0","0","2,0","0","3,0","18","3,0","0","3,0","3","","","","3.3","2,0,24,","0",",,0,30,+","0",",,0,30,+","34.8",",,0,17,","30.6","3,0,28,","","","81.1","3,0","139.5",",,,0","0",",,,0","16.08","5,0","22.39","3,,,0","9.78","2,,,0"
"USC00252647","1993-07","42.2651","-102.2134","1210.1","ELLSWORTH 15 NNE, NE US","71.4","0","42.7","2,0","10",",0","7",",0","0",",0","0",",0","0",",0","0","2,0","0","2,0","0","1,0","28","1,0","2","1,0","1","","","","6.7","2,0,09,","0",",,0,31,+","0",",,0,31,+","14.7",",,0,13,","33.3","1,0,31,","18.3","0","18.3","1,0","69.1",",,,0","0",",,,0","19.22","2,0","25.86","1,,,0","12.58","2,,,0"
"USC00252647","1993-08","42.2651","-102.2134","1210.1","ELLSWORTH 15 NNE, NE US","133.3","0","61.9","2,0","9",",0","8",",0","1",",0","0",",0","0",",0","0",",0","0",",0","0","2,0","25","2,0","2","2,0","7","","","","3.9",",0,31,","0",",,0,31,+","0",",,0,31,+","36.1",",,0,26,","33.9","2,0,25,","41.1","0","22.8","2,0","75.2",",,,0","0",",,,0","19.69","2,0","26.19","2,,,0","13.18",",,,0"
"USC00252647","1993-09","42.2651","-102.2134","1210.1","ELLSWORTH 15 NNE, NE US","136.7","0","3.4",",0","8",",0","6",",0","1",",0","0",",0","0",",0","0",",0","3",",0","0",",0","14",",0","0",",0","2","","","","-3.9",",0,15,+","0",",,0,30,+","0",",,0,30,+","39.4",",,0,19,","31.1",",0,13,","239.4","0","198.3",",0","64.9",",,,0","0",",,,0","11.84",",0","19.13",",,,0","4.55",",,,0"
"USC00252647","1993-10","42.2651","-102.2134","1210.1","ELLSWORTH 15 NNE, NE US","137.3","0","0.6",",0","7",",0","6",",0","0",",0","0","3,0","0","2,0","0",",0","15",",0","2",",0","7",",0","0",",0","4","","","","-13.9",",0,31,","0","3,,0,31,+","0","2,,0,31,+","19.3",",,0,09,","30.6",",0,07,","593.9","0","354.5",",0","53.9",",,,0","0","2,,,0","6.92",",0","14.27",",,,0","-0.43",",,,0"
"USC00252647","1993-11","42.2651","-102.2134","1210.1","ELLSWORTH 15 NNE, NE US","137.3","0","0.0","1,0","5",",0","4",",0","0",",0","","","","","3","1,0","29","1,0","6",",0","0",",0","0",",0","1","","","","-23.9","1,0,25,","","","","","10.2",",,0,13,","15.6",",0,11,","1203.7","0","609.8",",0","22.6",",,,0","","","-2.52","1,0","4.04",",,,0","-9.07","1,,,0"
"USC00252647","1993-12","42.2651","-102.2134","1210.1","ELLSWORTH 15 NNE, NE US","137.3","0","0.0","1,0","3",",0","1",",0","0",",0","","","","","0",",0","31",",0","11","1,0","0","1,0","0","1,0","2","","","","-17.2",",0,19,","","","","","4.1",",,0,17,","15.0","1,0,12,","1814.1","0","610.4","1,0","5.9",",,,0","","","-2.12","1,0","3.43","1,,,0","-7.67",",,,0"
"USC00252647","1994-01","42.2651","-102.2134","1210.1","ELLSWORTH 15 NNE, NE US","0.0","0","0.0","4,0","7","3,0","3","3,0","0","3,0","18","3,0","7","3,0","6","2,0","29","2,0","13","3,0","0","3,0","0","3,0","4","","","","-22.8","2,0,07,","152","3,,0,23,+","76","3,,0,27,","4.1","3,,0,27,","8.3","3,0,25,","2478.4","0","664.3","3,0","16.6","1,a,,0","278","3,,,0","-6.42","4,0","-0.28","3,,,0","-12.56","2,,,0"
"USC00252647","1994-02","42.2651","-102.2134","1210.1","ELLSWORTH 15 NNE, NE US","0.0","0","0.0","1,0","4",",0","1",",0","0",",0","20",",0","1","1,0","9","1,0","27","1,0","16",",0","0",",0","0",",0","4","","","","-30.0","1,0,09,","178",",,0,01,","51","1,,0,01,","4.1",",,0,01,","10.6",",0,19,","3171.0","0","692.6",",0","8.2",",,,0","51","1,,,0","-7.31","1,0","-0.72",",,,0","-13.89","1,,,0"
"USC00252647","1994-03","42.2651","-102.2134","1210.1","ELLSWORTH 15 NNE, NE US","","","","","2",",0","2",",0","0",",0","1",",0","2",",0","","","","","","","","","","","1","","","","","","25",",,0,06,","25",",,0,07,+","4.6",",,0,07,+","","","","","","","9.2",",,,0","50",",,,0","","","","","",""
"USC00252647","1994-04","42.2651","-102.2134","1210.1","ELLSWORTH 15 NNE, NE US","","","","","5","1,0","3","1,0","0","1,0","3","1,0","4",",0","0","3,0","17","3,0","","","","","","","1","","","","-7.2","3,0,05,","102","1,,0,27,","102",",,0,26,","13.2","1,,0,26,","","","","","","","21.0","1,,,0","203",",,,0","","","","","0.16","3,,,0"
"USC00252647","1994-05","42.2651","-102.2134","1210.1","ELLSWORTH 15 NNE, NE US","","","13.4","1,0","7",",0","5",",0","0",",0","0",",0","0",",0","0","1,0","2","1,0","0",",0","21",",0","0",",0","1","","","","-1.1","1,0,07,+","0",",,0,31,+","0",",,0,31,+","10.2",",,0,23,","31.1",",0,18,","","","118.7",",0","33.6",",,,0","0",",,,0","14.94","1,0","22.91",",,,0","6.97","1,,,0"
"USC00252647","1994-06","42.2651","-102.2134","1210.1","ELLSWORTH 15 NNE, NE US","","","47.0","3,0","9",",0","5",",0","1",",0","0",",0","0",",0","0","2,0","0","2,0","0","2,0","24","2,0","3","2,0","1","","","","4.4","2,0,09,","0",",,0,30,+","0",",,0,30,+","32.5",",,0,08,","32.8","2,0,20,+","","","29.8","2,0","66.6",",,,0","0",",,,0","19.06","3,0","26.34","2,,,0","11.78","2,,,0"
"USC00252647","1994-07","42.2651","-102.2134","1210.1","ELLSWORTH 15 NNE, NE US","","","80.3",",0","8",",0","4",",0","0",",0","0",",0","0",",0","0",",0","0",",0","0",",0","30",",0","6",",0","2","","","","5.6",",0,27,","0",",,0,31,+","0",",,0,31,+","16.8",",,0,07,","35.0",",0,11,","14.1","0","14.1",",0","45.3",",,,0","0",",,,0","20.47",",0","27.99",",,,0","12.94",",,,0"
"USC00252647","1994-08","42.2651","-102.2134","1210.1","ELLSWORTH 15 NNE, NE US","","","106.7","1,0","5",",0","4",",0","1",",0","0",",0","0",",0","0","1,0","0","1,0","0",",0","31",",0","6",",0","4","","","","7.2","1,0,31,","0",",,0,31,+","0",",,0,31,+","30.5",",,0,12,","35.6",",0,27,","17.7","0","3.6",",0","44.0",",,,0","0",",,,0","21.80","1,0","29.36",",,,0","14.24","1,,,0"
"USC00252647","1994-09","42.2651","-102.2134","1210.1","ELLSWORTH 15 NNE, NE US","","","34.9",",0","6",",0","3",",0","0",",0","0",",0","0",",0","0",",0","0",",0","0",",0","24",",0","3",",0","2","","","","2.2",",0,22,","0",",,0,30,+","0",",,0,30,+","6.4",",,0,07,","34.4",",0,10,","99.7","0","82.0",",0","17.6",",,,0","0",",,,0","16.77",",0","24.96",",,,0","8.57",",,,0"
"USC00252647","1994-10","42.2651","-102.2134","1210.1","ELLSWORTH 15 NNE, NE US","","","0.0","5,0","7",",0","5",",0","1",",0","0",",0","0",",0","0","5,0","6","5,0","0","2,0","4","2,0","0","2,0","5","","","","-6.7","5,0,31,","0",",,0,31,+","0",",,0,31,+","39.4",",,0,06,","23.3","2,0,29,+","358.9","0","259.2","2,0","110.5",",,,0","0",",,,0","8.73","5,0","15.50","2,,,0","1.96","5,,,0"
"USC00252647","1994-11","42.2651","-102.2134","1210.1","ELLSWORTH 15 NNE, NE US","","","0.0",",0","1",",0","1",",0","0",",0","2",",0","1",",0","0",",0","26",",0","3",",0","0",",0","0",",0","3","","","","-11.1",",0,23,","76",",,0,09,","76",",,0,09,","9.7",",,0,09,","19.4",",0,08,+","881.3","0","522.4",",0","9.7",",,,0","76",",,,0","0.92",",0","7.04",",,,0","-5.20",",,,0"
"USC00252647","1994-12","42.2651","-102.2134","1210.1","ELLSWORTH 15 NNE, NE US","","","0.0",",0","6",",0","2",",0","0",",0","","","2",",0","1",",0","31",",0","9",",0","0",",0","0",",0","4","","","","-17.8",",0,09,","","","51",",,0,31,+","3.8",",,0,30,","18.3",",0,02,","1496.9","0","615.6",",0","9.7",",,,0","102",",,,0","-1.52",",0","5.16",",,,0","-8.21",",,,0"
"USC00252647","1995-01","42.2651","-102.2134","1210.1","ELLSWORTH 15 NNE, NE US","0.0","0","0.0",",0","1",",0","1",",0","0",",0","14","1,0","1",",0","7",",0","31",",0","13",",0","0",",0","0",",0","4","","","","-32.8",",0,04,","102","1,,0,19,+","102",",,0,17,","4.8",",,0,17,","18.9",",0,11,","2221.8","0","724.9",",0","4.8",",,,0","102",",,,0","-5.05",",0","1.75",",,,0","-11.86",",,,0"
"USC00252647","1995-02","42.2651","-102.2134","1210.1","ELLSWORTH 15 NNE, NE US","0.0","0","0.0","1,0","3","2,0","1","2,0","0","2,0","0","1,0","0","4,0","4","1,0","25","1,0","8","1,0","0","1,0","0","1,0","1","","","","-20.0","1,0,15,","0","1,T,0,15,+","0","4,,0,28,+","6.6","2,,0,03,","20.6","1,0,26,+","2730.3","0","508.5","1,0","8.2","2,,,0","0","4,,,0","-0.50","1,0","6.49","1,,,0","-7.49","1,,,0"
"USC00252647","1995-03","42.2651","-102.2134","1210.1","ELLSWORTH 15 NNE, NE US","0.0","0","0.0","1,0","5",",0","4",",0","0",",0","3",",0","1",",0","4","1,0","22","1,0","9",",0","3",",0","0",",0","3","","","","-20.6","1,0,07,","102",",,0,27,","102",",,0,27,","6.4",",,0,18,","25.6",",0,12,","3240.1","0","509.8",",0","19.7",",,,0","102",",,,0","1.47","1,0","8.65",",,,0","-5.70","1,,,0"
"USC00252647","1995-04","42.2651","-102.2134","1210.1","ELLSWORTH 15 NNE, NE US","0.0","0","0.0",",0","12",",0","10",",0","0",",0","","","4",",0","0",",0","24",",0","2",",0","2",",0","0",",0","2","","","","-7.8",",0,11,","","","229",",,0,18,","11.9",",,0,09,","26.7",",0,14,","3666.5","0","426.4",",0","57.1",",,,0","407",",,,0","4.12",",0","10.54",",,,0","-2.30",",,,0"
"USC00252647","1995-05","42.2651","-102.2134","1210.1","ELLSWORTH 15 NNE, NE US","","","","","18",",0","11",",0","2",",0","0",",0","0",",0","","","","","","","","","","","5","","","","","","0",",,0,31,+","0",",,0,31,+","28.2",",,0,13,","","","","","","","138.6",",,,0","0",",,,0","","","","","",""
"USC00252647","1995-06","42.2651","-102.2134","1210.1","ELLSWORTH 15 NNE, NE US","","","41.4",",0","12",",0","9",",0","0",",0","0",",0","0",",0","0",",0","0",",0","0",",0","20",",0","1",",0","","","","","1.7",",0,11,+","0",",,0,30,+","0",",,0,30,+","24.6",",,0,08,","32.8",",0,15,","","","87.2",",0","97.8",",,,0","0",",,,0","16.80",",0","23.49",",,,0","10.12",",,,0"
"USC00252647","1995-07","42.2651","-102.2134","1210.1","ELLSWORTH 15 NNE, NE US","","","105.4","1,0","9",",0","6",",0","0",",0","0",",0","0",",0","0","1,0","0","1,0","0","1,0","28","1,0","9","1,0","","","","","5.6","1,0,01,","0",",,0,31,+","0",",,0,31,+","21.6",",,0,15,","38.9","1,0,12,","12.8","0","12.8","1,0","73.7",",,,0","0",",,,0","21.42","1,0","29.02","1,,,0","13.82","1,,,0"
"USC00252647","1995-08","42.2651","-102.2134","1210.1","ELLSWORTH 15 NNE, NE US","","","154.1",",0","3",",0","3",",0","0",",0","0",",0","0",",0","0",",0","0",",0","0",",0","30",",0","16",",0","1","","","","6.1",",0,19,","0",",,0,31,+","0",",,0,31,+","21.3",",,0,29,","37.2",",0,08,","21.2","0","8.4",",0","30.2",",,,0","0",",,,0","23.03",",0","30.90",",,,0","15.16",",,,0"
"USC00252647","1995-09","42.2651","-102.2134","1210.1","ELLSWORTH 15 NNE, NE US","","","29.9","2,0","3","1,0","2","1,0","0","1,0","2",",0","1","1,0","0","2,0","4","2,0","0",",0","20",",0","4",",0","2","","","","-5.0","2,0,22,","102",",,0,20,","102","1,,0,20,","17.5","1,,0,20,","34.4",",0,06,","153.4","0","132.2",",0","31.5","1,,,0","102","1,,,0","14.87","2,0","22.55",",,,0","7.18","2,,,0"
"USC00252647","1995-10","42.2651","-102.2134","1210.1","ELLSWORTH 15 NNE, NE US","","","0.0","1,0","3",",0","3",",0","1",",0","2","2,0","0","3,0","0","1,0","15","1,0","0","1,0","6","1,0","0","1,0","1","","","","-8.9","1,0,25,","127","2,,0,23,","0","3,,0,31,+","35.1",",,0,05,","28.3","1,0,12,","471.4","0","318.0","1,0","61.8",",,,0","0","3,,,0","7.73","1,0","15.45","1,,,0","0.02","1,,,0"
"USC00252647","1995-11","42.2651","-102.2134","1210.1","ELLSWORTH 15 NNE, NE US","","","0.0",",0","3",",0","2",",0","0",",0","","","1",",0","0",",0","28",",0","5",",0","0",",0","0",",0","1","","","","-17.2",",0,03,","","","25",",,0,01,","7.9",",,0,01,","20.0",",0,19,","975.9","0","504.5",",0","15.0",",,,0","38",",,,0","1.52",",0","8.69",",,,0","-5.66",",,,0"
"USC00252647","1995-12","42.2651","-102.2134","1210.1","ELLSWORTH 15 NNE, NE US","","","0.0","1,0","2",",0","0",",0","0",",0","6",",0","2",",0","4","1,0","30","1,0","9",",0","0",",0","0",",0","3","","","","-25.0","1,0,09,","51",",,0,10,+","51",",,0,08,","1.8",",,0,06,","20.0",",0,02,","1633.6","0","657.7",",0","3.3",",,,0","76",",,,0","-3.32","1,0","4.04",",,,0","-10.68","1,,,0"
"USC00252647","1996-01","42.2651","-102.2134","1210.1","ELLSWORTH 15 NNE, NE US","0.0","0","0.0",",0","6","1,0","3","1,0","0","1,0","16","4,0","4","3,0","14",",0","31",",0","16",",0","0",",0","0",",0","1","","","","-30.0",",0,31,","76","4,,0,30,+","76","3,,0,23,","5.1","1,,0,23,","14.4",",0,13,","2456.3","0","822.7",",0","17.3","1,,,0","177","3,,,0","-8.20",",0","-1.05",",,,0","-15.35",",,,0"
"USC00252647","1996-02","42.2651","-102.2134","1210.1","ELLSWORTH 15 NNE, NE US","0.0","0","0.0",",0","0","2,0","0","2,0","0","2,0","","","0",",0","7",",0","27",",0","9",",0","0",",0","0",",0","2","","","","-35.6",",0,03,","","","0",",T,0,26,+","0.0","2,,0,29,+","19.4",",0,10,","3076.8","0","620.5",",0","0.0","2,,,0","0",",T,,0","-3.06",",0","4.31",",,,0","-10.44",",,,0"
"USC00252647","1996-03","42.2651","-102.2134","1210.1","ELLSWORTH 15 NNE, NE US","0.0","0","0.0","1,0","5","1,0","0","1,0","0","1,0","0","1,0","1","2,0","6",",0","31",",0","7","1,0","1","1,0","0","1,0","4","","","","-24.4",",0,09,","0","1,T,0,25,+","25","2,,0,02,","1.8","1,,0,02,","21.1","1,0,12,","3679.3","0","602.5","1,0","5.2","1,,,0","25","2,,,0","-1.99","1,0","5.52","1,,,0","-9.51",",,,0"
"USC00252647","1996-04","42.2651","-102.2134","1210.1","ELLSWORTH 15 NNE, NE US","0.0","0","0.0",",0","7",",0","6",",0","0",",0","3","5,0","2",",0","0",",0","18",",0","1",",0","8",",0","0",",0","1","","","","-8.3",",0,05,","25","5,,0,28,+","25",",,0,28,+","22.1",",,0,28,","29.4",",0,11,","4020.3","0","341.0",",0","47.1",",,,0","50",",,,0","6.97",",0","14.87",",,,0","-0.94",",,,0"
"USC00252647","1996-05","42.2651","-102.2134","1210.1","ELLSWORTH 15 NNE, NE US","","","","","11","2,0","7","2,0","2","2,0","0",",0","0",",0","","","","","","","","","","","12","","","","","","0",",,0,31,+","0",",,0,31,+","44.5","2,,0,27,","","","","","","","145.6",",a,,0","0",",,,0","","","","","",""
"USC00252647","1996-06","42.2651","-102.2134","1210.1","ELLSWORTH 15 NNE, NE US","","","53.0",",0","10",",0","5",",0","1",",0","0",",0","0",",0","0",",0","0",",0","0",",0","25",",0","1",",0","","","","","3.9",",0,01,","0",",,0,30,+","0",",,0,30,+","26.4",",,0,28,","32.8",",0,28,","","","35.6",",0","62.2",",,,0","0",",,,0","18.91",",0","25.51",",,,0","12.31",",,,0"
"USC00252647","1996-07","42.2651","-102.2134","1210.1","ELLSWORTH 15 NNE, NE US","","","91.3","1,0","13",",0","10",",0","0",",0","0",",0","0",",0","0","1,0","0","1,0","0",",0","30",",0","4",",0","2","","2","","10.0","1,0,14,","0",",,0,31,+","0",",,0,31,+","19.1",",,0,27,","34.4",",0,04,","4.2","0","4.2",",0","84.4",",,,0","0",",,,0","21.18","1,0","27.96",",,,0","14.39","1,,,0"
"USC00252647","1996-08","42.2651","-102.2134","1210.1","ELLSWORTH 15 NNE, NE US","","","67.8",",0","9",",0","5",",0","1",",0","0",",0","0",",0","0",",0","0",",0","0",",0","31",",0","2",",0","8","","","","6.7",",0,07,","0",",,0,31,+","0",",,0,31,+","29.2",",,0,16,","33.9",",0,13,","9.7","0","5.5",",0","64.3",",,,0","0",",,,0","20.34",",0","27.59",",,,0","13.09",",,,0"
"USC00252647","1996-09","42.2651","-102.2134","1210.1","ELLSWORTH 15 NNE, NE US","","","18.0","2,0","5",",0","3",",0","1",",0","0",",0","0",",0","0","2,0","2","2,0","0","2,0","16","2,0","2","2,0","8","","","","-1.7","2,0,27,","0",",,0,30,+","0",",,0,30,+","57.2",",,0,18,","32.8","2,0,05,","123.8","0","114.1","2,0","71.9",",,,0","0",",,,0","14.90","2,0","21.29","2,,,0","8.51","2,,,0"
"USC00252647","1996-10","42.2651","-102.2134","1210.1","ELLSWORTH 15 NNE, NE US","","","0.0",",0","6",",0","5",",0","0",",0","0",",0","0","1,0","0",",0","12",",0","1",",0","11",",0","0",",0","","","","","-8.3",",0,22,","0",",T,0,26,+","0","1,T,0,26,+","11.7",",,0,27,","29.4",",0,02,","418.2","0","294.4",",0","35.3",",,,0","0","1,T,,0","8.84",",0","17.42",",,,0","0.25",",,,0"
"USC00252647","1996-11","42.2651","-102.2134","1210.1","ELLSWORTH 15 NNE, NE US","","","0.0",",0","3",",0","1",",0","0",",0","","","2","1,0","4",",0","29",",0","10",",0","0",",0","0",",0","5","","","","-19.4",",0,25,+","","","152","1,,0,16,","7.6",",,0,16,","17.8",",0,04,","1048.1","0","629.9",",0","9.9",",,,0","177","1,,,0","-2.67",",0","3.44",",,,0","-8.77",",,,0"
"USC00252647","1996-12","42.2651","-102.2134","1210.1","ELLSWORTH 15 NNE, NE US","","","0.0",",0","3","3,0","0","3,0","0","3,0","","","2","4,0","8",",0","30",",0","13",",0","0",",0","0",",0","1","","","","-27.8",",0,19,","","","25","4,,0,23,+","0.8","3,,0,23,+","16.7",",0,10,","1778.8","0","730.7",",0","2.4","3,,,0","50","4,,,0","-5.24",",0","1.41",",,,0","-11.88",",,,0"
"USC00252647","1997-01","42.2651","-102.2134","1210.1","ELLSWORTH 15 NNE, NE US","0.0","0","0.0","1,0","1","2,0","0","2,0","0","2,0","9","3,0","0","1,0","11",",0","28",",0","16","1,0","0","1,0","0","1,0","","","","","-27.2",",0,12,+","25","3,,0,17,+","0","1,T,0,05,","2.3","2,,0,04,","19.4","1,0,03,","2518.2","0","739.4","1,0","2.3","2,,,0","0","1,T,,0","-6.50","1,0","-0.43","1,,,0","-12.58",",,,0"
"USC00252647","1997-02","42.2651","-102.2134","1210.1","ELLSWORTH 15 NNE, NE US","","","","","3",",0","0",",0","0",",0","","","3",",0","","","","","5","1,0","0","1,0","0","1,0","3","","","","","","","","25",",,0,22,+","1.8",",,0,22,","14.4","1,0,17,","","","","","4.6",",,,0","75",",,,0","","","4.63","1,,,0","",""
"USC00252647","1997-03","42.2651","-102.2134","1210.1","ELLSWORTH 15 NNE, NE US","","","","","2","2,0","1","2,0","0","2,0","0",",0","0","4,0","","","","","","","","","","","2","","","","","","0",",T,0,28,+","0","4,,0,31,+","3.6","2,,0,28,","","","","","","","4.1","2,,,0","0","4,,,0","","","","","",""
"USC00252647","1997-04","42.2651","-102.2134","1210.1","ELLSWORTH 15 NNE, NE US","","","0.0","1,0","10",",0","6",",0","0",",0","","","0","4,0","2","1,0","19","1,0","7",",0","4",",0","0",",0","5","","","","-18.9","1,0,13,","","","0","4,,0,30,+","18.3",",,0,10,","25.0",",0,01,","","","450.1",",0","56.5",",,,0","0","4,,,0","3.04","1,0","10.12",",,,0","-4.04","1,,,0"
"USC00252647","1997-05","42.2651","-102.2134","1210.1","ELLSWORTH 15 NNE, NE US","","","2.7","1,0","9",",0","5",",0","0",",0","0",",0","0",",0","0","1,0","9","1,0","0",",0","9",",0","0",",0","2","","","","-4.4","1,0,03,","0",",,0,31,+","0",",,0,31,+","16.5",",,0,26,","29.4",",0,18,+","","","220.9",",0","58.0",",,,0","0",",,,0","11.15","1,0","18.14",",,,0","4.16","1,,,0"
"USC00252647","1997-06","42.2651","-102.2134","1210.1","ELLSWORTH 15 NNE, NE US","","","50.4",",0","9",",0","7",",0","0",",0","0",",0","0",",0","0",",0","0",",0","0",",0","27",",0","4",",0","1","","","","6.1",",0,04,","0",",,0,30,+","0",",,0,30,+","18.0",",,0,03,","35.0",",0,28,","","","28.9",",0","74.7",",,,0","0",",,,0","19.05",",0","26.19",",,,0","11.91",",,,0"
"USC00252647","1997-07","42.2651","-102.2134","1210.1","ELLSWORTH 15 NNE, NE US","","","139.7",",0","10",",0","6",",0","0",",0","0",",0","0",",0","0",",0","0",",0","0",",0","29",",0","14",",0","3","","","","3.3",",0,04,","0",",,0,31,+","0",",,0,31,+","19.1",",,0,29,","38.3",",0,17,","15.9","0","15.9",",0","70.1",",,,0","0",",,,0","22.33",",0","30.00",",,,0","14.66",",,,0"
"USC00252647","1997-08","42.2651","-102.2134","1210.1","ELLSWORTH 15 NNE, NE US","","","100.5",",0","9",",0","4",",0","1",",0","0","1,0","0",",0","0",",0","0",",0","0",",0","29",",0","8",",0","4","","","","8.9",",0,07,","0","1,,0,31,+","0",",,0,31,+","25.4",",,0,11,","35.6",",0,25,","30.7","0","14.8",",0","64.4",",,,0","0",",,,0","21.10",",0","28.40",",,,0","13.79",",,,0"
"USC00252647","1997-09","42.2651","-102.2134","1210.1","ELLSWORTH 15 NNE, NE US","","","50.8",",0","8",",0","5",",0","0",",0","0",",0","0",",0","0",",0","0",",0","0",",0","22",",0","4",",0","2","","","","3.3",",0,30,+","0",",,0,30,+","0",",,0,30,+","19.6",",,0,05,","33.3",",0,16,","113.6","0","82.9",",0","45.7",",,,0","0",",,,0","17.27",",0","25.16",",,,0","9.37",",,,0"
"USC00252647","1997-10","42.2651","-102.2134","1210.1","ELLSWORTH 15 NNE, NE US","","","3.9",",0","5","2,0","5","2,0","0","2,0","0","5,0","0",",0","0",",0","11",",0","2",",0","11",",0","0",",0","1","","","","-17.2",",0,27,+","0","5,,0,31,+","15",",,0,26,+","21.6","2,,0,12,","31.7",",0,03,+","421.6","0","308.0",",0","56.0","2,,,0","40",",,,0","8.52",",0","16.25",",,,0","0.79",",,,0"
"USC00252647","1997-11","42.2651","-102.2134","1210.1","ELLSWORTH 15 NNE, NE US","","","0.0",",0","0",",0","0",",0","0",",0","0",",0","0","1,0","3",",0","27",",0","6",",0","0",",0","0",",0","2","","","","-18.9",",0,16,","0",",,0,30,+","0","1,,0,30,+","0.0",",T,0,14,","19.4",",0,08,","975.3","0","553.7",",0","0.0",",T,,0","0","1,,,0","-0.13",",0","7.30",",,,0","-7.55",",,,0"
"USC00252647","1997-12","42.2651","-102.2134","1210.1","ELLSWORTH 15 NNE, NE US","","","0.0","2,0","3",",0","0",",0","0",",0","","","0","3,0","0","1,0","30","1,0","10","1,0","0","1,0","0","1,0","2","","","","-16.7","1,0,06,","","","0","3,,0,31,+","2.0",",,0,25,+","13.3","1,0,15,","1581.4","0","606.1","1,0","5.5",",,,0","0","3,,,0","-2.61","2,0","3.10","1,,,0","-8.32","1,,,0"
"USC00252647","1998-01","42.2651","-102.2134","1210.1","ELLSWORTH 15 NNE, NE US","0.0","0","0.0",",0","3",",0","1",",0","0",",0","1","3,0","1",",0","5",",0","31",",0","8",",0","0",",0","0",",0","4","","","","-23.3",",0,13,+","25","3,,0,18,","25",",,0,18,","4.1",",,0,18,","17.8",",0,03,","2260.1","0","678.7",",0","6.7",",,,0","25",",,,0","-3.56",",0","3.67",",,,0","-10.79",",,,0"
"USC00252647","1998-02","42.2651","-102.2134","1210.1","ELLSWORTH 15 NNE, NE US","0.0","0","0.0","1,0","3","1,0","1","1,0","0","1,0","1","4,0","1","2,0","0","1,0","25","1,0","4",",0","0",",0","0",",0","8","","","","-8.3","1,0,02,+","51","4,,0,10,","51","2,,0,10,","6.9","1,,0,10,","16.1",",0,23,","2724.9","0","464.8",",0","8.7","1,,,0","51","2,,,0","1.12","1,0","6.49",",,,0","-4.25","1,,,0"
"USC00252647","1998-03","42.2651","-102.2134","1210.1","ELLSWORTH 15 NNE, NE US","0.0","0","0.0",",0","5",",0","1",",0","0",",0","","","2",",0","2",",0","26",",0","12",",0","2",",0","0",",0","5","","","","-26.1",",0,11,","","","51",",,0,07,+","8.9",",,0,29,","25.0",",0,26,+","3321.5","0","596.6",",0","14.0",",,,0","102",",,,0","-0.91",",0","5.22",",,,0","-7.04",",,,0"
"USC00252647","1998-04","42.2651","-102.2134","1210.1","ELLSWORTH 15 NNE, NE US","0.0","0","0.0",",0","3",",0","2",",0","0",",0","0",",0","0",",0","0",",0","22",",0","0",",0","4",",0","0",",0","2","","","","-7.8",",0,28,","0",",,0,30,+","0",",,0,30,+","15.2",",,0,15,","27.2",",0,12,","3672.9","0","351.4",",0","18.2",",,,0","0",",,,0","6.62",",0","14.43",",,,0","-1.20",",,,0"
"USC00252647","1998-05","42.2651","-102.2134","1210.1","ELLSWORTH 15 NNE, NE US","5.9","0","5.9","4,0","9",",0","5",",0","0",",0","0",",0","0",",0","0","3,0","3","3,0","0","3,0","15","3,0","0","3,0","1","","","","-1.7","3,0,02,","0",",,0,31,+","0",",,0,31,+","22.4",",,0,22,","30.0","3,0,31,","3802.2","0","129.3","3,0","63.8",",,,0","0",",,,0","13.80","4,0","21.39","3,,,0","6.20","3,,,0"
"USC00252647","1998-06","42.2651","-102.2134","1210.1","ELLSWORTH 15 NNE, NE US","20.0","0","14.1","2,0","17",",0","9",",0","1",",0","0",",0","0",",0","0","2,0","1","2,0","0",",0","19",",0","0",",0","","","","","0.0","2,0,03,","0",",,0,30,+","0",",,0,30,+","47.0",",,0,14,","30.0",",0,27,","3897.5","0","95.3",",0","121.2",",,,0","0",",,,0","15.51","2,0","22.43",",,,0","8.58","2,,,0"
"USC00252647","1998-07","42.2651","-102.2134","1210.1","ELLSWORTH 15 NNE, NE US","167.9","0","147.9",",0","13",",0","8",",0","1",",0","0",",0","0",",0","0",",0","0",",0","0",",0","29",",0","7",",0","","","","","12.8",",0,31,+","0",",,0,31,+","0",",,0,31,+","41.7",",,0,26,","37.8",",0,21,+","3.9","0","3.9",",0","104.3",",,,0","0",",,,0","22.98",",0","29.82",",,,0","16.13",",,,0"
"USC00252647","1998-08","42.2651","-102.2134","1210.1","ELLSWORTH 15 NNE, NE US","272.1","0","104.2",",0","11",",0","6",",0","0",",0","0",",0","0",",0","0",",0","0",",0","0",",0","30",",0","11",",0","","","","","10.0",",0,28,","0",",,0,31,+","0",",,0,31,+","11.7",",,0,10,","35.6",",0,31,","7.3","0","3.4",",0","46.3",",,,0","0",",,,0","21.59",",0","29.20",",,,0","13.97",",,,0"
"USC00252647","1998-09","42.2651","-102.2134","1210.1","ELLSWORTH 15 NNE, NE US","342.9","0","70.8",",0","4",",0","4",",0","0",",0","0",",0","0",",0","0",",0","0",",0","0",",0","27",",0","8",",0","","","","","5.0",",0,22,","0",",,0,30,+","0",",,0,30,+","13.2",",,0,22,","37.2",",0,06,+","48.6","0","41.3",",0","35.0",",,,0","0",",,,0","19.32",",0","27.95",",,,0","10.69",",,,0"
"USC00252647","1998-10","42.2651","-102.2134","1210.1","ELLSWORTH 15 NNE, NE US","342.9","0","0.0",",0","13",",0","9",",0","1",",0","","","0",",0","0",",0","13",",0","0",",0","7",",0","0",",0","","","","","-5.0",",0,22,+","","","0",",,0,31,+","40.6",",,0,05,","24.4",",0,09,","359.7","0","311.1",",0","102.1",",,,0","0",",,,0","8.30",",0","15.28",",,,0","1.32",",,,0"
"USC00252647","1998-11","42.2651","-102.2134","1210.1","ELLSWORTH 15 NNE, NE US","342.9","0","0.0","1,0","7",",0","4",",0","0",",0","9","5,0","2",",0","0","1,0","26","1,0","5",",0","3",",0","0",",0","4","","","","-12.2","1,0,11,","152","5,,0,10,","152",",,0,10,","18.0",",,0,03,","21.7",",0,29,+","815.2","0","455.5",",0","50.6",",,,0","279",",,,0","2.54","1,0","9.13",",,,0","-4.04","1,,,0"
"USC00252647","1998-12","42.2651","-102.2134","1210.1","ELLSWORTH 15 NNE, NE US","342.9","0","0.0",",0","3",",0","1",",0","0",",0","8","2,0","2","1,0","7",",0","30",",0","7",",0","0",",0","0",",0","","","","","-31.1",",0,22,","76","2,,0,24,+","51","1,,0,19,","2.5",",,0,19,","20.0",",0,02,","1492.3","0","677.1",",0","5.0",",,,0","76","1,,,0","-3.51",",0","4.55",",,,0","-11.57",",,,0"
"USC00252647","1999-01","42.2651","-102.2134","1210.1","ELLSWORTH 15 NNE, NE US","0.0","0","0.0","3,0","3",",0","0",",0","0",",0","2","1,0","0","1,0","4","1,0","30","1,0","7","2,0","0","2,0","0","2,0","1","","","","-23.3","1,0,05,+","51","1,,0,08,+","0","1,,0,31,+","1.8",",,0,07,","13.9","2,0,12,","2094.6","0","602.3","2,0","2.4",",,,0","0","1,,,0","-3.49","3,0","3.49","2,,,0","-10.47","1,,,0"
"USC00252647","1999-02","42.2651","-102.2134","1210.1","ELLSWORTH 15 NNE, NE US","0.0","0","0.0",",0","4",",0","2",",0","0",",0","0","3,0","1",",0","0",",0","28",",0","1",",0","0",",0","0",",0","","","","","-10.6",",0,04,","0","3,,0,28,+","53",",,0,11,","3.3",",,0,18,+","19.4",",0,15,","2553.0","0","458.4",",0","10.4",",,,0","53",",,,0","1.96",",0","9.72",",,,0","-5.80",",,,0"
"USC00252647","1999-03","42.2651","-102.2134","1210.1","ELLSWORTH 15 NNE, NE US","0.0","0","0.0",",0","4",",0","3",",0","0",",0","","","0","2,0","0",",0","29",",0","2",",0","3",",0","0",",0","6","","","","-12.2",",0,09,","","","0","2,,0,31,+","5.3",",,0,22,","25.0",",0,31,","3009.4","0","456.4",",0","16.2",",,,0","0","2,,,0","3.61",",0","11.14",",,,0","-3.92",",,,0"
"USC00252647","1999-04","42.2651","-102.2134","1210.1","ELLSWORTH 15 NNE, NE US","0.0","0","0.0","3,0","9","2,0","8","2,0","1","2,0","1","2,0","1","1,0","0","3,0","17","3,0","1","3,0","5","3,0","0","3,0","2","","","","-13.3","3,0,03,","76","2,,0,03,","76","1,,0,03,","61.0","2,,0,14,","23.9","3,0,22,+","3351.6","0","342.2","3,0","145.9",",a,,0","76","1,,,0","5.66","3,0","12.33","3,,,0","-1.01","3,,,0"
"USC00252647","1999-05","42.2651","-102.2134","1210.1","ELLSWORTH 15 NNE, NE US","0.3","0","0.3","2,0","12","2,0","9","2,0","0","2,0","0",",0","0",",0","0","2,0","4","2,0","0","2,0","13","2,0","0","2,0","","","","","-1.7","2,0,11,","0",",,0,31,+","0",",,0,31,+","10.7","2,,0,03,","28.9","2,0,31,","3523.2","0","171.6","2,0","48.3","2,,,0","0",",,,0","12.43","2,0","19.24","2,,,0","5.61","2,,,0"
"USC00252647","1999-06","42.2651","-102.2134","1210.1","ELLSWORTH 15 NNE, NE US","41.8","0","41.5",",0","11",",0","8",",0","0",",0","0",",0","0",",0","0",",0","0",",0","0",",0","22",",0","1",",0","2","","","","2.8",",0,16,","0",",,0,30,+","0",",,0,30,+","20.3",",,0,03,","33.9",",0,26,","3575.6","0","52.4",",0","72.1",",,,0","0",",,,0","17.97",",0","25.01",",,,0","10.93",",,,0"
"USC00252647","1999-07","42.2651","-102.2134","1210.1","ELLSWORTH 15 NNE, NE US","184.2","0","142.4",",0","5",",0","4",",0","1",",0","0",",0","0",",0","0",",0","0",",0","0",",0","31",",0","14",",0","","","1","","5.6",",0,10,","0",",,0,31,+","0",",,0,31,+","25.4",",,0,20,","36.7",",0,14,","8.6","0","8.6",",0","40.4",",,,0","0",",,,0","22.65",",0","30.37",",,,0","14.93",",,,0"
"USC00252647","1999-08","42.2651","-102.2134","1210.1","ELLSWORTH 15 NNE, NE US","306.0","0","121.8",",0","3",",0","2",",0","0",",0","0",",0","0",",0","0",",0","0",",0","0",",0","31",",0","11",",0","2","","","","7.8",",0,13,","0",",,0,31,+","0",",,0,31,+","4.1",",,0,02,+","35.6",",0,28,","10.8","0","2.2",",0","9.7",",,,0","0",",,,0","22.19",",0","30.06",",,,0","14.32",",,,0"
"USC00252647","1999-09","42.2651","-102.2134","1210.1","ELLSWORTH 15 NNE, NE US","321.0","0","15.0","1,0","7",",0","6",",0","3",",0","0",",0","0",",0","0","1,0","4","1,0","0","1,0","18","1,0","1","1,0","7","","","","-2.8","1,0,29,","0",",,0,30,+","0",",,0,30,+","72.9",",,0,02,","34.4","1,0,01,","151.9","0","141.1","1,0","148.6",",,,0","0",",,,0","13.98","1,0","22.19","1,,,0","5.78","1,,,0"
"USC00252647","1999-10","42.2651","-102.2134","1210.1","ELLSWORTH 15 NNE, NE US","321.5","0","0.5","1,0","2",",0","0",",0","0",",0","0",",0","0",",0","0","1,0","18","1,0","0",",0","13",",0","0",",0","","","","","-8.9","1,0,18,+","0",",,0,31,+","0",",,0,31,+","2.0",",,0,19,","28.3",",0,10,+","425.7","0","273.8",",0","2.5",",,,0","0",",,,0","9.11","1,0","18.58",",,,0","-0.36","1,,,0"
"USC00252647","1999-11","42.2651","-102.2134","1210.1","ELLSWORTH 15 NNE, NE US","321.5","0","0.0","1,0","2",",0","2",",0","0",",0","","","0",",0","0","1,0","25","1,0","0",",0","9",",0","0",",0","4","","","","-12.8","1,0,02,","","","23",",,0,23,","2.5",",,0,23,+","26.1",",0,09,","782.9","0","357.2",",0","5.0",",,,0","41",",,,0","5.91","1,0","14.78",",,,0","-2.97","1,,,0"
"USC00252647","1999-12","42.2651","-102.2134","1210.1","ELLSWORTH 15 NNE, NE US","321.5","0","0.0",",0","2","1,0","1","1,0","0","1,0","2",",0","2",",0","0",",0","31",",0","5",",0","0",",0","0",",0","1","","","","-16.1",",0,20,","51",",,0,14,","51",",,0,14,","5.6","1,,0,14,","18.3",",0,30,+","1360.0","0","577.1",",0","7.1","1,,,0","76",",,,0","-0.28",",0","6.95",",,,0","-7.52",",,,0"
"USC00252647","2000-01","42.2651","-102.2134","1210.1","ELLSWORTH 15 NNE, NE US","0.0","0","0.0",",0","6","3,0","1","3,0","0","3,0","","","5",",0","2",",0","31",",0","9",",0","0",",0","0",",0","","","","","-21.1",",0,31,+","","","51",",,0,29,+","3.0","3,,0,03,","15.0",",0,16,","2012.3","0","652.3",",0","9.9","3,,,0","177",",,,0","-2.71",",0","3.79",",,,0","-9.21",",,,0"
"USC00252647","2000-02","42.2651","-102.2134","1210.1","ELLSWORTH 15 NNE, NE US","0.0","0","0.0",",0","4",",0","3",",0","0",",0","","","4",",0","2",",0","26",",0","8",",0","0",",0","0",",0","4","","","","-21.1",",0,01,","","","102",",,0,26,","9.7",",,0,26,","17.2",",0,22,","2554.3","0","542.0",",0","17.9",",,,0","228",",,,0","-0.36",",0","6.43",",,,0","-7.14",",,,0"
"USC00252647","2000-03","42.2651","-102.2134","1210.1","ELLSWORTH 15 NNE, NE US","0.0","0","0.0",",0","5","1,0","3","1,0","1","1,0","1","3,0","1","1,0","0",",0","25",",0","2",",0","1",",0","0",",0","4","","","","-10.0",",0,11,","51","3,,0,09,","51","1,,0,09,","35.6","1,,0,08,","21.7",",0,06,","2999.7","0","445.4",",0","53.2","1,,,0","51","1,,,0","3.96",",0","10.64",",,,0","-2.71",",,,0"
"USC00252647","2000-04","42.2651","-102.2134","1210.1","ELLSWORTH 15 NNE, NE US","0.0","0","0.0","1,0","5",",0","3",",0","1",",0","0",",0","0",",0","0","1,0","19","1,0","1",",0","10",",0","0",",0","3","","","","-7.8","1,0,15,","0",",,0,30,+","0",",,0,30,+","27.9",",,0,30,","25.6",",0,23,+","3320.1","0","320.4",",0","57.6",",,,0","0",",,,0","7.39","1,0","15.94",",,,0","-1.17","1,,,0"
"USC00252647","2000-05","42.2651","-102.2134","1210.1","ELLSWORTH 15 NNE, NE US","11.7","0","11.7","1,0","6",",0","5",",0","3",",0","1",",0","0",",0","0",",0","1",",0","0","1,0","17","1,0","0","1,0","6","","","","-0.6",",0,13,","25",",,0,07,","0",",,0,31,+","79.8",",,0,18,","31.7","1,0,29,+","3452.3","0","132.2","1,0","170.7",",,,0","0",",,,0","14.35","1,0","21.63","1,,,0","7.07",",,,0"
"USC00252647","2000-07","42.2651","-102.2134","1210.1","ELLSWORTH 15 NNE, NE US","","","154.9",",0","5",",0","3",",0","0",",0","0","1,0","0",",0","0",",0","0",",0","0",",0","31",",0","12",",0","8","","","","10.6",",0,22,","0","1,,0,31,+","0",",,0,31,+","8.9",",,0,10,","38.3",",0,16,","0.0","0","0.0",",0","18.5",",,,0","0",",,,0","23.33",",0","31.05",",,,0","15.61",",,,0"
"USC00252647","2000-08","42.2651","-102.2134","1210.1","ELLSWORTH 15 NNE, NE US","","","156.9",",0","2",",0","2",",0","0",",0","0",",0","0",",0","0",",0","0",",0","0",",0","31",",0","18",",0","9","","","","11.7",",0,26,+","0",",,0,31,+","0",",,0,31,+","22.1",",,0,03,","36.7",",0,20,","0.0","0","0.0",",0","29.0",",,,0","0",",,,0","23.40",",0","31.94",",,,0","14.85",",,,0"
"USC00252647","2000-09","42.2651","-102.2134","1210.1","ELLSWORTH 15 NNE, NE US","","","34.8","3,0","5","1,0","3","1,0","0","1,0","0",",0","2",",0","0","3,0","5","3,0","0","1,0","21","1,0","2","1,0","1","","","","-2.2","3,0,27,+","0",",,0,30,+","25",",,0,23,+","17.8","1,,0,20,","34.4","1,0,18,+","114.9","0","114.9","1,0","45.3","1,,,0","50",",,,0","15.68","3,0","23.96","1,,,0","7.41","3,,,0"
"USC00252647","2000-10","42.2651","-102.2134","1210.1","ELLSWORTH 15 NNE, NE US","","","0.0","2,0","5",",0","3",",0","0",",0","0",",0","0",",0","0","2,0","11","2,0","1","2,0","8","2,0","0","2,0","10","","","","-7.8","2,0,08,+","0",",,0,31,+","0",",,0,31,+","21.1",",,0,29,","25.6","2,0,20,+","391.3","0","276.4","2,0","28.7",",,,0","0",",,,0","8.80","2,0","16.32","2,,,0","1.28","2,,,0"
"USC00252647","2000-11","42.2651","-102.2134","1210.1","ELLSWORTH 15 NNE, NE US","","","0.0","1,0","6",",0","2",",0","0",",0","","","3",",0","4","1,0","28","1,0","13",",0","0",",0","0",",0","3","","","","-20.0","1,0,12,","","","76",",,0,12,","23.9",",,0,01,","13.9",",0,05,","1050.2","0","658.9",",0","35.9",",,,0","152",",,,0","-4.47","1,0","1.34",",,,0","-10.27","1,,,0"
"USC00252647","2000-12","42.2651","-102.2134","1210.1","ELLSWORTH 15 NNE, NE US","","","0.0",",0","4",",0","2",",0","0",",0","20","1,0","4",",0","10",",0","31",",0","16",",0","0",",0","0",",0","","","","","-31.1",",0,12,","102","1,,0,18,+","102",",,0,11,","4.3",",,0,11,","10.0",",0,08,","1856.6","0","806.4",",0","8.6",",,,0","177",",,,0","-7.68",",0","-1.26",",,,0","-14.10",",,,0"
"USC00252647","2001-01","42.2651","-102.2134","1210.1","ELLSWORTH 15 NNE, NE US","0.0","0","0.0","1,0","2",",0","2",",0","0",",0","","","2",",0","1","1,0","30","1,0","10","1,0","0","1,0","0","1,0","5","","","","-19.4","1,0,01,","","","102",",,0,30,","7.6",",,0,30,","12.2","1,0,05,","2491.2","0","634.6","1,0","13.4",",,,0","127",",,,0","-2.82","1,0","3.22","1,,,0","-8.86","1,,,0"
"USC00252647","2001-02","42.2651","-102.2134","1210.1","ELLSWORTH 15 NNE, NE US","0.0","0","0.0",",0","7",",0","5",",0","0",",0","","","6",",0","6",",0","28",",0","18",",0","0",",0","0",",0","12","","","","-22.8",",0,10,+","","","203",",,0,25,","6.4",",,0,25,","7.2",",0,06,","3210.1","0","718.9",",0","19.8",",,,0","533",",,,0","-7.34",",0","-2.00",",,,0","-12.68",",,,0"
"USC00252647","2001-03","42.2651","-102.2134","1210.1","ELLSWORTH 15 NNE, NE US","0.0","0","0.0",",0","2","1,0","2","1,0","0","1,0","","","2","1,0","0",",0","29",",0","6",",0","0",",0","0",",0","9","","","","-15.6",",0,01,","","","51","1,,0,12,","3.0","1,,0,15,+","16.1",",0,10,","3731.2","0","521.1",",0","6.0","1,,,0","76","1,,,0","1.52",",0","7.78",",,,0","-4.73",",,,0"
"USC00252647","2001-04","42.2651","-102.2134","1210.1","ELLSWORTH 15 NNE, NE US","2.0","0","2.0",",0","8",",0","8",",0","1",",0","","","1",",0","0",",0","13",",0","1",",0","7",",0","0",",0","6","","1","","-6.7",",0,17,","","","229",",,0,23,","29.7",",,0,23,","27.8",",0,30,+","4040.9","0","309.7",",0","88.1",",,,0","229",",,,0","8.08",",0","15.07",",,,0","1.08",",,,0"
"USC00252647","2001-05","42.2651","-102.2134","1210.1","ELLSWORTH 15 NNE, NE US","10.9","0","8.9","1,0","7",",0","5",",0","0",",0","0",",0","0",",0","0","1,0","1","1,0","0",",0","13",",0","0",",0","","","","","-1.7","1,0,07,","0",",,0,31,+","0",",,0,31,+","13.0",",,0,05,","31.7",",0,14,","4194.0","0","153.1",",0","50.4",",,,0","0",",,,0","13.50","1,0","20.09",",,,0","6.90","1,,,0"
"USC00252647","2001-06","42.2651","-102.2134","1210.1","ELLSWORTH 15 NNE, NE US","85.8","0","74.9","1,0","4",",0","3",",0","0",",0","0",",0","0",",0","0","1,0","0","1,0","0",",0","25",",0","7",",0","","","","","1.7","1,0,02,","0",",,0,30,+","0",",,0,30,+","11.7",",,0,03,","36.7",",0,25,+","4253.5","0","59.5",",0","23.2",",,,0","0",",,,0","18.77","1,0","26.53",",,,0","11.02","1,,,0"
"USC00252647","2001-07","42.2651","-102.2134","1210.1","ELLSWORTH 15 NNE, NE US","","","","","12",",0","8",",0","2",",0","0",",0","0",",0","","","","","","","","","","","13","","12","","","","0",",,0,31,+","0",",,0,31,+","50.3",",,0,10,","","","","","","","144.4",",,,0","0",",,,0","","","","","",""
"USC00252647","2001-08","42.2651","-102.2134","1210.1","ELLSWORTH 15 NNE, NE US","","","121.3",",0","5",",0","1",",0","0",",0","0","3,0","0",",0","0",",0","0",",0","0",",0","31",",0","12",",0","2","","","","8.3",",0,18,","0","3,,0,31,+","0",",,0,31,+","8.4",",,0,23,","35.6",",0,08,+","","","3.9",",0","14.0",",,,0","0",",,,0","22.12",",0","30.27",",,,0","13.97",",,,0"
"USC00252647","2001-09","42.2651","-102.2134","1210.1","ELLSWORTH 15 NNE, NE US","","","32.3","5,0","3",",0","3",",0","0",",0","0",",0","0",",0","0","4,0","0","4,0","0","4,0","20","4,0","4","4,0","4","","","","0.6","4,0,09,","0",",,0,30,+","0",",,0,30,+","7.9",",,0,07,","35.6","4,0,05,","","","56.4","4,0","18.6",",,,0","0",",,,0","17.21","5,0","25.40","4,,,0","9.02","4,,,0"
"USC00252647","2001-10","42.2651","-102.2134","1210.1","ELLSWORTH 15 NNE, NE US","","","0.0","4,0","3",",0","2",",0","0",",0","0",",0","0",",0","0","3,0","15","3,0","0","2,0","9","2,0","0","2,0","","","","","-7.2","3,0,16,","0",",,0,31,+","0",",,0,31,+","12.7",",,0,08,","29.4","2,0,03,","","","258.5","2,0","19.1",",,,0","0",",,,0","8.56","4,0","16.90","2,,,0","0.22","3,,,0"
"USC00252647","2001-11","42.2651","-102.2134","1210.1","ELLSWORTH 15 NNE, NE US","","","0.0","2,0","4","1,0","2","1,0","0","1,0","5",",0","2",",0","2","2,0","22","2,0","5",",0","3",",0","0",",0","3","","","","-19.4","2,0,29,+","305",",,0,29,+","229",",,0,26,","11.2","1,,0,24,","25.0",",0,06,","","","426.7",",0","19.8","1,,,0","305",",,,0","3.35","2,0","12.18",",,,0","-5.48","2,,,0"
"USC00252647","2001-12","42.2651","-102.2134","1210.1","ELLSWORTH 15 NNE, NE US","","","","","0",",0","0",",0","0",",0","","","0",",0","","","","","","","","","","","1","","","","","","","","0",",,0,31,+","0.0",",,0,31,+","","","","","","","0.0",",,,0","0",",,,0","","","","","",""
"USC00252647","2002-01","42.2651","-102.2134","1210.1","ELLSWORTH 15 NNE, NE US","","","","","3",",0","1",",0","0",",0","","","2",",0","","","","","","","","","","","","","","","","","","","51",",,0,14,","2.5",",,0,14,","","","","","","","4.1",",,,0","76",",,,0","","","","","",""
"USC00252647","2002-02","42.2651","-102.2134","1210.1","ELLSWORTH 15 NNE, NE US","","","0.0","3,0","3",",0","0",",0","0",",0","0",",0","0","1,0","0","3,0","25","3,0","4","3,0","0","3,0","0","3,0","1","","","","-16.7","3,0,25,","0",",T,0,25,+","0","1,,0,28,+","0.5",",,0,25,","17.8","3,0,24,","","","469.3","3,0","1.1",",,,0","0","1,,,0","-0.44","3,0","7.60","3,,,0","-8.47","3,,,0"
"USC00252647","2002-03","42.2651","-102.2134","1210.1","ELLSWORTH 15 NNE, NE US","","","0.0","2,0","6","2,0","1","2,0","0","2,0","","","5","2,0","5","2,0","29","2,0","10","2,0","0","2,0","0","2,0","6","","","","-21.7","2,0,03,","","","102","2,,0,14,","4.1","2,,0,14,","18.3","2,0,28,+","","","612.2","2,0","11.7","2,,,0","241","2,,,0","-2.78","2,0","3.77","2,,,0","-9.32","2,,,0"
"USC00252647","2002-04","42.2651","-102.2134","1210.1","ELLSWORTH 15 NNE, NE US","","","0.0",",0","7",",0","5",",0","0",",0","1","2,0","0","1,0","0",",0","13",",0","1",",0","9",",0","0",",0","","","","","-12.8",",0,03,","51","2,,0,21,","0","1,,0,30,+","12.2",",,0,27,","27.2",",0,15,","","","305.4",",0","41.3",",,,0","0","1,,,0","8.15",",0","15.95",",,,0","0.36",",,,0"
"USC00252647","2002-05","42.2651","-102.2134","1210.1","ELLSWORTH 15 NNE, NE US","","","6.1","1,0","5",",0","3",",0","0",",0","0",",0","0",",0","0","1,0","8","1,0","0","1,0","14","1,0","0","1,0","3","","","","-4.4","1,0,02,","0",",,0,31,+","0",",,0,31,+","6.6",",,0,22,","31.7","1,0,31,","","","220.8","1,0","18.3",",,,0","0",",,,0","11.18","1,0","18.96","1,,,0","3.39","1,,,0"
"USC00252647","2002-06","42.2651","-102.2134","1210.1","ELLSWORTH 15 NNE, NE US","","","102.5",",0","7",",0","4",",0","0",",0","0",",0","0",",0","0",",0","0",",0","0",",0","29",",0","11",",0","4","","","","3.3",",0,14,","0",",,0,30,+","0",",,0,30,+","14.0",",,0,16,","37.8",",0,30,","","","20.6",",0","27.6",",,,0","0",",,,0","21.06",",0","28.98",",,,0","13.15",",,,0"
"USC00252647","2002-07","42.2651","-102.2134","1210.1","ELLSWORTH 15 NNE, NE US","","","193.9",",0","5",",0","2",",0","0",",0","0",",0","0",",0","0",",0","0",",0","0",",0","31",",0","18",",0","","","","","10.6",",0,14,+","0",",,0,31,+","0",",,0,31,+","13.0",",,0,07,","37.8",",0,21,","0.0","0","0.0",",0","18.1",",,,0","0",",,,0","24.59",",0","32.80",",,,0","16.38",",,,0"
"USC00252647","2002-08","42.2651","-102.2134","1210.1","ELLSWORTH 15 NNE, NE US","","","98.4","3,0","8",",0","6",",0","0",",0","0","2,0","0",",0","0","3,0","0","3,0","0","1,0","29","1,0","9","1,0","8","","4","","4.4","3,0,17,","0","2,,0,31,+","0",",,0,31,+","23.1",",,0,30,","39.4","1,0,01,","11.6","0","11.6","1,0","65.3",",,,0","0",",,,0","21.35","3,0","29.47","1,,,0","13.24","3,,,0"
"USC00252647","2002-09","42.2651","-102.2134","1210.1","ELLSWORTH 15 NNE, NE US","","","48.4","1,0","5",",0","2",",0","0",",0","0",",0","0",",0","0","1,0","1","1,0","0",",0","18",",0","4",",0","5","","","","-1.7","1,0,22,","0",",,0,30,+","0",",,0,30,+","24.4",",,0,12,","36.1",",0,06,","113.5","0","101.9",",0","42.3",",,,0","0",",,,0","16.43","1,0","23.24",",,,0","9.62","1,,,0"
"USC00252647","2002-10","42.2651","-102.2134","1210.1","ELLSWORTH 15 NNE, NE US","","","0.0","1,0","6",",0","4",",0","1",",0","4","5,0","3","1,0","0","1,0","20","1,0","4","1,0","4","1,0","0","1,0","12","","","","-12.2","1,0,31,+","102","5,,0,31,+","102","1,,0,30,","25.4",",,0,29,","25.0","1,0,11,","512.8","0","399.3","1,0","53.6",",,,0","152","1,,,0","5.02","1,0","11.71","1,,,0","-1.66","1,,,0"
"USC00252647","2002-11","42.2651","-102.2134","1210.1","ELLSWORTH 15 NNE, NE US","","","0.0","4,0","1",",0","1",",0","0",",0","","","1",",0","0","4,0","21","4,0","5","2,0","0","2,0","0","2,0","","","","","-12.8","4,0,27,+","","","51",",,0,24,","3.0",",,0,24,","18.9","2,0,23,","953.8","0","441.0","2,0","3.0",",,,0","51",",,,0","1.64","4,0","7.93","2,,,0","-4.64","4,,,0"
"USC00252647","2002-12","42.2651","-102.2134","1210.1","ELLSWORTH 15 NNE, NE US","","","0.0","3,0","3",",0","2",",0","0",",0","9","5,0","2",",0","0","3,0","28","3,0","7","3,0","0","3,0","0","3,0","4","","","","-16.7","3,0,27,+","127","5,,0,05,","51",",,0,04,+","5.3",",,0,04,","13.9","3,0,02,","1541.2","0","587.4","3,0","10.1",",,,0","115",",,,0","-2.64","3,0","3.79","3,,,0","-9.08","3,,,0"
"USC00252647","2003-01","42.2651","-102.2134","1210.1","ELLSWORTH 15 NNE, NE US","0.0","0","0.0","1,0","2",",0","1",",0","0",",0","5","5,0","2",",0","3","1,0","30","1,0","7",",0","0",",0","0",",0","3","","","","-18.9","1,0,17,","102","5,,0,24,+","76",",,0,22,","4.6",",,0,22,","15.6",",0,08,","2164.9","0","623.7",",0","6.6",",,,0","127",",,,0","-2.63","1,0","4.40",",,,0","-9.65","1,,,0"
"USC00252647","2003-02","42.2651","-102.2134","1210.1","ELLSWORTH 15 NNE, NE US","0.0","0","0.0","3,0","3","4,0","2","4,0","0","4,0","6","4,0","2","2,0","8","3,0","25","3,0","13","2,0","0","2,0","0","2,0","1","","","","-29.4","3,0,24,","102","4,,0,25,+","102","2,,0,23,","6.4","4,,0,03,","11.1","2,0,21,","2785.8","0","620.9","2,0","11.8","4,,,0","153","2,,,0","-6.57","3,0","-0.03","2,,,0","-13.11","3,,,0"
"USC00252647","2003-03","42.2651","-102.2134","1210.1","ELLSWORTH 15 NNE, NE US","","","","","6",",0","5",",0","0",",0","","","2","1,0","","","","","","","","","","","3","","","","","","","","51","1,,0,04,","16.8",",,0,27,","","","","","","","41.0",",,,0","89","1,,,0","","","","","",""
"USC00252647","2003-04","42.2651","-102.2134","1210.1","ELLSWORTH 15 NNE, NE US","","","0.0","1,0","8",",0","5",",0","0",",0","3","2,0","1",",0","0","1,0","9","1,0","2",",0","9",",0","0",",0","10","","","","-9.4","1,0,08,","76","2,,0,07,+","76",",,0,06,","16.5",",,0,18,","28.3",",0,14,","","","284.2",",0","36.3",",,,0","76",",,,0","8.57","1,0","15.38",",,,0","1.77","1,,,0"
"USC00252647","2003-05","42.2651","-102.2134","1210.1","ELLSWORTH 15 NNE, NE US","","","12.5","2,0","13",",0","7",",0","1",",0","0","3,0","0","1,0","0","2,0","2","2,0","0","1,0","16","1,0","1","1,0","6","","","","-2.2","2,0,20,","0","3,,0,31,+","0","1,,0,31,+","25.4",",,0,08,","35.0","1,0,30,","","","166.7","1,0","75.2",",,,0","0","1,,,0","13.04","2,0","19.47","1,,,0","6.62","2,,,0"
"USC00252647","2003-06","42.2651","-102.2134","1210.1","ELLSWORTH 15 NNE, NE US","","","16.1","1,0","15","1,0","12","1,0","2","1,0","0",",0","0",",0","0","1,0","0","1,0","0","1,0","21","1,0","0","1,0","5","","","","3.3","1,0,08,","0",",,0,30,+","0",",,0,30,+","32.8","1,,0,18,","28.9","1,0,28,+","","","71.7","1,0","153.2","1,,,0","0",",,,0","16.42","1,0","22.76","1,,,0","10.08","1,,,0"
"USC00252647","2003-07","42.2651","-102.2134","1210.1","ELLSWORTH 15 NNE, NE US","","","162.4","1,0","4",",0","3",",0","0",",0","0",",0","0",",0","0","1,0","0","1,0","0",",0","31",",0","14",",0","6","","","","11.1","1,0,10,","0",",,0,31,+","0",",,0,31,+","22.9",",,0,08,","39.4",",0,26,","0.0","0","0.0",",0","32.9",",,,0","0",",,,0","23.70","1,0","31.41",",,,0","15.99","1,,,0"
"USC00252647","2003-08","42.2651","-102.2134","1210.1","ELLSWORTH 15 NNE, NE US","","","152.3","1,0","1",",0","0",",0","0",",0","0",",0","0",",0","0","1,0","0","1,0","0",",0","30",",0","17",",0","","","","","9.4","1,0,30,","0",",,0,31,+","0",",,0,31,+","0.5",",,0,10,","36.1",",0,24,","6.4","0","6.4",",0","0.5",",,,0","0",",,,0","23.22","1,0","31.12",",,,0","15.33","1,,,0"
"USC00252647","2003-09","42.2651","-102.2134","1210.1","ELLSWORTH 15 NNE, NE US","","","16.3","2,0","8",",0","5",",0","0",",0","","","0","1,0","0","2,0","1","2,0","0","2,0","18","2,0","1","2,0","1","","","","0.0","2,0,18,","","","13","1,,0,18,","21.1",",,0,09,","32.2","2,0,06,","118.9","0","112.5","2,0","55.1",",,,0","13","1,,,0","14.90","2,0","23.29","2,,,0","6.51","2,,,0"
"USC00252647","2003-10","42.2651","-102.2134","1210.1","ELLSWORTH 15 NNE, NE US","","","2.2","3,0","4",",0","0",",0","0",",0","0",",0","0",",0","0","2,0","9","2,0","1","1,0","17","1,0","0","1,0","","","","","-8.3","2,0,26,","0",",T,0,31,","0",",T,0,31,","1.8",",,0,31,+","30.0","1,0,20,","307.5","0","188.6","1,0","6.1",",,,0","0",",T,,0","11.47","3,0","20.70","1,,,0","2.24","2,,,0"
"USC00252647","2003-11","42.2651","-102.2134","1210.1","ELLSWORTH 15 NNE, NE US","","","0.0","1,0","6",",0","3",",0","0",",0","","","4",",0","1","1,0","28","1,0","8",",0","0",",0","0",",0","2","","","","-22.2","1,0,24,","","","102",",,0,03,","4.8",",,0,03,","18.9",",0,20,","873.1","0","565.6",",0","13.7",",,,0","229",",,,0","-1.16","1,0","5.15",",,,0","-7.48","1,,,0"
"USC00252647","2003-12","42.2651","-102.2134","1210.1","ELLSWORTH 15 NNE, NE US","","","0.0","1,0","2",",0","1",",0","0",",0","8","4,0","1",",0","1","1,0","30","1,0","9",",0","0",",0","0",",0","2","","","","-18.9","1,0,13,","178","4,,0,09,","178",",,0,09,","13.2",",,0,09,","17.2",",0,08,","1490.9","0","617.8",",0","13.7",",,,0","178",",,,0","-2.32","1,0","3.65",",,,0","-8.29","1,,,0"
"USC00252647","2004-01","42.2651","-102.2134","1210.1","ELLSWORTH 15 NNE, NE US","0.0","0","0.0","2,0","2",",0","1",",0","0",",0","5","3,0","1",",0","7","2,0","28","2,0","9",",0","0",",0","0",",0","3","","","","-30.0","2,0,06,","102","3,,0,07,+","102",",,0,04,","3.3",",,0,04,","11.7",",0,16,","2138.5","0","647.6",",0","4.3",",,,0","115",",,,0","-3.88","2,0","2.79",",,,0","-10.56","2,,,0"
"USC00252647","2004-02","42.2651","-102.2134","1210.1","ELLSWORTH 15 NNE, NE US","0.0","0","0.0","3,0","1","5,0","1","5,0","0","5,0","","","2",",0","4","3,0","25","3,0","8","3,0","0","3,0","0","3,0","9","","","","-22.8","3,0,12,","","","51",",,0,09,","2.8","5,,0,09,","17.2","3,0,19,","2696.7","0","558.2","3,0","7.1","1,a,,0","76",",,,0","-3.14","3,0","3.75","3,,,0","-10.02","3,,,0"
"USC00252647","2004-03","42.2651","-102.2134","1210.1","ELLSWORTH 15 NNE, NE US","0.0","0","0.0","3,0","2",",0","1",",0","0",",0","2","5,0","1",",0","0","3,0","22","3,0","2","3,0","4","3,0","0","3,0","","","","","-8.3","3,0,14,+","127","5,,0,01,","127",",,0,01,","5.8",",,0,01,","27.8","3,0,21,","3076.6","0","379.9","3,0","6.8",",,,0","127",",,,0","4.76","3,0","12.14","3,,,0","-2.61","3,,,0"
"USC00252647","2004-04","42.2651","-102.2134","1210.1","ELLSWORTH 15 NNE, NE US","0.0","0","0.0",",0","6",",0","5",",0","0",",0","1","3,0","1",",0","0",",0","10",",0","0",",0","10",",0","0",",0","3","","","","-10.0",",0,12,","76","3,,0,23,","76",",,0,23,","17.0",",,0,22,","28.3",",0,02,","3372.4","0","295.8",",0","46.2",",,,0","76",",,,0","8.47",",0","16.25",",,,0","0.70",",,,0"
"USC00252647","2004-05","42.2651","-102.2134","1210.1","ELLSWORTH 15 NNE, NE US","6.9","0","6.9","4,0","8",",0","4",",0","0",",0","0",",0","0",",0","0","4,0","3","4,0","0",",0","16",",0","1",",0","4","","","","-4.4","4,0,02,","0",",,0,31,+","0",",,0,31,+","18.0",",,0,23,","33.9",",0,06,","3491.3","0","118.9",",0","41.6",",,,0","0",",,,0","13.86","4,0","21.47",",,,0","6.25","4,,,0"
"USC00252647","2004-06","42.2651","-102.2134","1210.1","ELLSWORTH 15 NNE, NE US","24.7","0","17.8","4,0","9",",0","6",",0","0",",0","0",",0","0",",0","0","3,0","0","3,0","0","2,0","19","2,0","1","2,0","7","","","","3.9","3,0,22,","0",",,0,30,+","0",",,0,30,+","23.6",",,0,10,","33.3","2,0,07,","3572.4","0","81.1","2,0","47.8",",,,0","0",",,,0","15.93","4,0","22.86","2,,,0","9.01","3,,,0"
"USC00252647","2004-07","42.2651","-102.2134","1210.1","ELLSWORTH 15 NNE, NE US","128.7","0","104.0",",0","11",",0","7",",0","0",",0","0",",0","0",",0","0",",0","0",",0","0",",0","28",",0","8",",0","9","","","","7.8",",0,29,","0",",,0,31,+","0",",,0,31,+","16.0",",,0,09,","36.7",",0,20,+","19.2","0","19.2",",0","57.0",",,,0","0",",,,0","21.07",",0","28.82",",,,0","13.32",",,,0"
"USC00252647","2004-08","42.2651","-102.2134","1210.1","ELLSWORTH 15 NNE, NE US","180.7","0","52.0","4,0","2",",0","1",",0","0",",0","0",",0","0",",0","0","4,0","0","4,0","0","2,0","26","2,0","5","2,0","3","","","","2.2","4,0,28,","0",",,0,31,+","0",",,0,31,+","3.6",",,0,04,","35.6","2,0,03,","65.1","0","45.9","2,0","5.9",",,,0","0",",,,0","18.64","4,0","27.30","2,,,0","9.98","4,,,0"
"USC00252647","2004-09","42.2651","-102.2134","1210.1","ELLSWORTH 15 NNE, NE US","","","","","7",",0","7",",0","0",",0","0",",0","0",",0","","","","","","","","","","","4","","","","","","0",",,0,30,+","0",",,0,30,+","12.4",",,0,05,","","","","","","","49.7",",,,0","0",",,,0","","","","","",""
"USC00252647","2004-10","42.2651","-102.2134","1210.1","ELLSWORTH 15 NNE, NE US","","","0.0",",0","9",",0","5",",0","0",",0","0",",0","0",",0","0",",0","7",",0","0",",0","8",",0","0",",0","12","","","","-3.3",",0,14,","0",",,0,31,+","0",",,0,31,+","22.1",",,0,01,","24.4",",0,08,","","","265.5",",0","56.7",",,,0","0",",,,0","9.77",",0","16.41",",,,0","3.13",",,,0"
"USC00252647","2004-11","42.2651","-102.2134","1210.1","ELLSWORTH 15 NNE, NE US","","","0.0","3,0","4",",0","1",",0","0",",0","","","4",",0","1","2,0","26","2,0","3","3,0","1","3,0","0","3,0","3","","","","-19.4","2,0,30,","","","51",",,0,29,","8.4",",,0,01,","21.1","3,0,07,","","","444.9","3,0","13.2",",,,0","126",",,,0","1.84","3,0","8.89","3,,,0","-5.21","2,,,0"
"USC00252647","2004-12","42.2651","-102.2134","1210.1","ELLSWORTH 15 NNE, NE US","","","0.0",",0","1",",0","1",",0","0",",0","","","0",",0","3",",0","31",",0","7",",0","0",",0","0",",0","1","","","","-23.9",",0,24,","","","3",",,0,23,","6.4",",,0,23,","14.4",",0,12,","","","618.4",",0","6.4",",,,0","3",",,,0","-1.62",",0","4.85",",,,0","-8.08",",,,0"
"USC00252647","2005-01","42.2651","-102.2134","1210.1","ELLSWORTH 15 NNE, NE US","0.0","0","0.0",",0","1","1,0","1","1,0","0","1,0","","","1",",0","9",",0","31",",0","17",",0","0",",0","0",",0","5","","","","-27.8",",0,06,","","","152",",,0,05,","6.4","1,,0,05,","17.8",",0,25,","","","729.2",",0","6.4","1,,,0","152",",,,0","-5.19",",0","1.13",",,,0","-11.51",",,,0"
"USC00252647","2005-02","42.2651","-102.2134","1210.1","ELLSWORTH 15 NNE, NE US","0.0","0","0.0","1,0","2",",0","1",",0","0",",0","","","1",",0","1","1,0","26","1,0","4","1,0","0","1,0","0","1,0","1","","","","-17.8","1,0,16,","","","25",",,0,15,","2.8",",,0,15,","16.1","1,0,05,","","","476.4","1,0","3.3",",,,0","38",",,,0","0.69","1,0","8.56","1,,,0","-7.18","1,,,0"
"USC00252647","2005-03","42.2651","-102.2134","1210.1","ELLSWORTH 15 NNE, NE US","","","","","3","4,0","3","4,0","0","4,0","","","3",",0","","","","","","","","","","","3","","","","","","","","76",",,0,22,","6.4","4,,0,24,","","","","","","","19.1",",a,,0","191",",a,,0","","","","","",""
"USC00252647","2005-04","42.2651","-102.2134","1210.1","ELLSWORTH 15 NNE, NE US","","","0.0","1,0","8",",0","8",",0","1",",0","3","1,0","2",",0","0","1,0","17","1,0","0",",0","7",",0","0",",0","4","","","","-6.7","1,0,30,+","25","1,,0,29,+","25",",,0,28,+","25.4",",,0,11,","25.6",",0,18,","","","341.0",",0","92.6",",,,0","63",",,,0","6.66","1,0","13.88",",,,0","-0.55","1,,,0"
"USC00252647","2005-05","42.2651","-102.2134","1210.1","ELLSWORTH 15 NNE, NE US","","","","","","","","","","","","","","","","","","","","","","","","","5","","","","","","","","","","","","","","","","","","","","","","","","","","",""
"USC00252647","2005-06","42.2651","-102.2134","1210.1","ELLSWORTH 15 NNE, NE US","","","66.0","2,0","15",",0","11",",0","1",",0","","","0",",0","0","2,0","0","2,0","0",",0","24",",0","3",",0","5","","2","","6.7","2,0,03,","","","0",",,0,30,+","40.6",",,0,13,","34.4",",0,23,","","","40.0",",0","159.6",",,,0","0",",,,0","19.15","2,0","25.50",",,,0","12.80","2,,,0"
"USC00252647","2005-07","42.2651","-102.2134","1210.1","ELLSWORTH 15 NNE, NE US","","","147.6","1,0","7",",0","4",",0","0",",0","0",",0","0",",0","0","1,0","0","1,0","0","1,0","29","1,0","15","1,0","4","","","","3.3","1,0,27,","0",",,0,31,+","0",",,0,31,+","16.8",",,0,11,","38.9","1,0,24,","11.7","0","11.7","1,0","32.5",",,,0","0",",,,0","22.86","1,0","31.15","1,,,0","14.58","1,,,0"
"USC00252647","2005-08","42.2651","-102.2134","1210.1","ELLSWORTH 15 NNE, NE US","","","92.2","1,0","8",",0","3",",0","1",",0","0",",0","0",",0","0","1,0","0","1,0","0","1,0","28","1,0","8","1,0","9","","","","7.8","1,0,31,+","0",",,0,31,+","0",",,0,31,+","27.4",",,0,13,","36.1","1,0,31,","26.5","0","14.8","1,0","53.2",",,,0","0",",,,0","20.92","1,0","28.91","1,,,0","12.92","1,,,0"
"USC00252647","2005-09","42.2651","-102.2134","1210.1","ELLSWORTH 15 NNE, NE US","","","47.5","1,0","6",",0","1",",0","0",",0","0",",0","0",",0","0","1,0","0","1,0","0","1,0","23","1,0","4","1,0","5","","","","2.2","1,0,29,","0",",,0,30,+","0",",,0,30,+","11.2",",,0,09,","34.4","1,0,06,","96.9","0","70.4","1,0","15.1",",,,0","0",",,,0","17.54","1,0","25.70","1,,,0","9.39","1,,,0"
"USC00252647","2005-10","42.2651","-102.2134","1210.1","ELLSWORTH 15 NNE, NE US","","","0.0","4,0","6",",0","3",",0","0",",0","0",",0","0",",0","0","3,0","11","3,0","0","4,0","7","4,0","0","4,0","","","1","","-10.0","3,0,24,+","0",",,0,31,+","0",",,0,31,+","12.2",",,0,10,","31.7","4,0,04,","370.0","0","273.1","4,0","33.8",",,,0","0",",,,0","8.19","4,0","16.09","4,,,0","0.30","3,,,0"
"USC00252647","2005-11","42.2651","-102.2134","1210.1","ELLSWORTH 15 NNE, NE US","","","","","5",",0","2",",0","0",",0","1","3,0","1",",0","","","","","","","","","","","","","","","","","25","3,,0,16,","25",",,0,16,","3.3",",,0,12,","","","","","","","8.0",",,,0","25",",,,0","","","","","",""
"USC00252647","2005-12","42.2651","-102.2134","1210.1","ELLSWORTH 15 NNE, NE US","","","0.0","1,0","3",",0","0",",0","0",",0","1","4,0","0","2,0","9",",0","31",",0","11","1,0","0","1,0","0","1,0","","","","","-27.8",",0,09,","51","4,,0,05,","13","2,,0,05,","0.8",",,0,05,","16.1","1,0,27,","","","672.7","1,0","1.4",",,,0","13","2,,,0","-4.25","1,0","2.85","1,,,0","-11.36",",,,0"
"USC00252647","2006-01","42.2651","-102.2134","1210.1","ELLSWORTH 15 NNE, NE US","0.0","0","0.0","2,0","3",",0","1",",0","0",",0","0",",0","0",",0","0","1,0","30","1,0","0","1,0","0","1,0","0","1,0","1","","","","-12.2","1,0,21,+","0",",,0,31,+","0",",T,0,09,+","7.1",",,0,02,","18.9","1,0,15,","","","487.8","1,0","9.2",",,,0","0",",T,,0","1.44","2,0","8.91","1,,,0","-6.02","1,,,0"
"USC00252647","2006-02","42.2651","-102.2134","1210.1","ELLSWORTH 15 NNE, NE US","0.0","0","0.0",",0","3",",0","1",",0","0",",0","11","3,0","2",",0","4",",0","28",",0","10",",0","0",",0","0",",0","","","","","-35.6",",0,19,","330","3,,0,16,","279",",,0,16,","2.5",",,0,16,","17.8",",0,28,","","","648.6",",0","5.6",",,,0","338",",,,0","-4.83",",0","2.09",",,,0","-11.75",",,,0"
"USC00252647","2006-03","42.2651","-102.2134","1210.1","ELLSWORTH 15 NNE, NE US","","","","","5","2,0","0","2,0","0","2,0","","","2","1,0","","","","","","","","","","","3","","","","","","","","330","1,,0,21,","1.5","2,,0,11,","","","","","","","4.7","2,,,0","381","1,,,0","","","","","",""
"USC00252647","2006-04","42.2651","-102.2134","1210.1","ELLSWORTH 15 NNE, NE US","","","0.0","4,0","6","3,0","4","3,0","1","3,0","","","","","0","4,0","10","4,0","1","3,0","11","3,0","0","3,0","","","","","-5.0","4,0,08,","","","","","33.8","3,,0,07,","28.9","3,0,14,","","","224.7","3,0","65.6","3,,,0","","","9.77","4,0","18.19","3,,,0","1.35","4,,,0"
"USC00252647","2006-05","42.2651","-102.2134","1210.1","ELLSWORTH 15 NNE, NE US","","","21.5",",0","5",",0","3",",0","0",",0","","","","","0",",0","3",",0","0",",0","20",",0","1",",0","","","","","-1.7",",0,10,","","","","","5.6",",,0,23,","32.8",",0,28,","","","154.6",",0","17.0",",,,0","","","14.04",",0","22.29",",,,0","5.79",",,,0"
"USC00252647","2006-06","42.2651","-102.2134","1210.1","ELLSWORTH 15 NNE, NE US","","","81.8","2,0","9",",0","8",",0","1",",0","","","0","1,0","0","2,0","0","2,0","0","1,0","28","1,0","6","1,0","","","","","3.3","2,0,01,","","","0","1,,0,30,+","42.2",",,0,16,","37.2","1,0,08,","","","15.1","1,0","92.9",",,,0","0","1,,,0","20.62","2,0","28.40","1,,,0","12.85","2,,,0"
"USC00252647","2006-07","42.2651","-102.2134","1210.1","ELLSWORTH 15 NNE, NE US","","","172.6","3,0","6","3,0","4","3,0","0","3,0","","","","","0","2,0","0","2,0","0","3,0","28","3,0","19","3,0","2","","","","11.7","2,0,21,","","","","","11.9","3,,0,27,","40.6","3,0,17,","0.0","0","0.0","3,0","36.2",",a,,0","","","24.44","3,0","32.66","3,,,0","16.21","2,,,0"
"USC00252647","2006-08","42.2651","-102.2134","1210.1","ELLSWORTH 15 NNE, NE US","","","104.2","3,0","7",",0","5",",0","1",",0","","","","","0","2,0","0","2,0","0","2,0","27","2,0","9","2,0","7","","","","6.7","2,0,29,","","","","","26.7",",,0,28,","37.2","2,0,24,+","13.8","0","13.8","2,0","91.8",",,,0","","","21.59","3,0","29.21","2,,,0","13.98","2,,,0"
"USC00252647","2006-09","42.2651","-102.2134","1210.1","ELLSWORTH 15 NNE, NE US","","","","","7",",0","5",",0","0",",0","0",",0","0",",0","0","4,0","3","4,0","","","","","","","4","","","","-3.3","4,0,28,","0",",,0,30,+","0",",,0,30,+","12.4",",,0,16,","","","","","","","39.9",",,,0","0",",,,0","","","","","5.39","4,,,0"
"USC00252647","2006-10","42.2651","-102.2134","1210.1","ELLSWORTH 15 NNE, NE US","","","2.3","3,0","5",",0","2",",0","0",",0","","","1",",0","0","2,0","15","2,0","1","2,0","8","2,0","0","2,0","2","","","","-13.3","2,0,31,","","","102",",,0,18,","8.9",",,0,18,","30.6","2,0,03,","","","312.5","2,0","15.3",",,,0","102",",,,0","7.14","3,0","14.84","2,,,0","-0.57","2,,,0"
"USC00252647","2006-11","42.2651","-102.2134","1210.1","ELLSWORTH 15 NNE, NE US","","","0.0","1,0","1",",0","0",",0","0",",0","","","0",",0","1","1,0","28","1,0","5",",0","4",",0","0",",0","1","","","","-19.4","1,0,30,","","","0",",T,0,15,","0.5",",,0,15,","25.6",",0,09,","","","494.5",",0","0.5",",,,0","0",",T,,0","1.39","1,0","9.74",",,,0","-6.96","1,,,0"
"USC00252647","2006-12","42.2651","-102.2134","1210.1","ELLSWORTH 15 NNE, NE US","","","0.0",",0","3",",0","2",",0","0",",0","11",",0","2",",0","4",",0","31",",0","9",",0","0",",0","0",",0","2","","","","-21.7",",0,03,","127",",,0,22,+","127",",,0,21,","20.3",",,0,21,","17.2",",0,10,","","","661.0",",0","25.2",",,,0","178",",,,0","-2.99",",0","4.54",",,,0","-10.52",",,,0"
"USC00252647","2007-01","42.2651","-102.2134","1210.1","ELLSWORTH 15 NNE, NE US","0.0","0","0.0",",0","1",",0","1",",0","0",",0","28",",0","2",",0","9",",0","31",",0","12",",0","0",",0","0",",0","1","","","","-21.1",",0,15,","178",",,0,22,+","127",",,0,21,","6.4",",,0,21,","10.0",",0,26,+","","","763.0",",0","6.4",",,,0","152",",,,0","-6.28",",0","0.39",",,,0","-12.95",",,,0"
"USC00252647","2007-02","42.2651","-102.2134","1210.1","ELLSWORTH 15 NNE, NE US","0.0","0","0.0","5,0","4","3,0","0","3,0","0","3,0","6","2,0","3",",0","6","4,0","24","4,0","8","5,0","0","5,0","0","5,0","6","","","","-31.1","4,0,15,","51","2,,0,17,+","25",",,0,28,+","1.8","3,,0,17,","12.2","5,0,06,","","","513.8","5,0","9.4",",a,,0","126",",a,,0","-4.31","5,0","2.37","5,,,0","-11.00","4,,,0"
"USC00252647","2007-03","42.2651","-102.2134","1210.1","ELLSWORTH 15 NNE, NE US","0.0","0","0.0","5,0","3",",0","3",",0","1",",0","0","4,0","0","1,0","0","5,0","13","5,0","1","4,0","5","4,0","0","4,0","6","","","","-11.7","5,0,03,","0","4,T,0,03,","0","1,,0,31,+","33.0",",,0,29,","25.0","4,0,19,+","","","310.9","4,0","44.5",",,,0","0","1,,,0","6.53","5,0","14.60","4,,,0","-1.53","5,,,0"
"USC00252647","2007-04","42.2651","-102.2134","1210.1","ELLSWORTH 15 NNE, NE US","","","","","","","","","","","","","0","1,0","","","","","","","","","","","","","","","","","","","0","1,,0,30,+","","","","","","","","","73.5","2,a,,0","0","1,,,0","","","","","",""
"USC00252647","2007-05","42.2651","-102.2134","1210.1","ELLSWORTH 15 NNE, NE US","","","13.6",",0","8",",0","5",",0","0",",0","0",",0","0",",0","0",",0","0",",0","0",",0","17",",0","1",",0","2","","1","","2.8",",0,24,+","0",",,0,31,+","0",",,0,31,+","21.3",",,0,06,","32.2",",0,14,","","","126.1",",0","64.9",",,,0","0",",,,0","14.70",",0","22.32",",,,0","7.09",",,,0"
"USC00252647","2007-06","42.2651","-102.2134","1210.1","ELLSWORTH 15 NNE, NE US","","","","","6",",0","3",",0","0",",0","0",",0","0",",0","","","","","","","","","","","2","","1","","","","0",",,0,30,+","0",",,0,30,+","17.8",",,0,13,","","","","","","","30.0",",,,0","0",",,,0","","","","","",""
"USC00252647","2007-07","42.2651","-102.2134","1210.1","ELLSWORTH 15 NNE, NE US","","","163.9","3,0","6","4,0","4","4,0","0","4,0","0",",0","0",",0","0","3,0","0","3,0","0","3,0","28","3,0","16","3,0","8","","","","11.7","3,0,11,","0",",,0,31,+","0",",,0,31,+","10.2","4,,0,10,","38.3","3,0,18,","0.0","0","0.0","3,0","21.7","2,a,,0","0",",,,0","24.19","3,0","31.78","3,,,0","16.59","3,,,0"
"USC00252647","2007-08","42.2651","-102.2134","1210.1","ELLSWORTH 15 NNE, NE US","","","158.1","1,0","5",",0","3",",0","1",",0","0",",0","0","1,0","0","1,0","0","1,0","0",",0","29",",0","16",",0","7","","","","8.3","1,0,25,","0",",,0,31,+","0","1,,0,31,+","42.2",",,0,04,","38.9",",0,14,","10.2","0","10.2",",0","65.3",",,,0","0","1,,,0","23.22","1,0","30.81",",,,0","15.63","1,,,0"
"USC00252647","2007-09","42.2651","-102.2134","1210.1","ELLSWORTH 15 NNE, NE US","","","40.0","2,0","5","2,0","2","2,0","0","2,0","0",",0","0","1,0","0","2,0","2","2,0","0","2,0","19","2,0","9","2,0","3","","","","0.0","2,0,15,+","0",",,0,30,+","0","1,,0,30,+","24.4","2,,0,24,","34.4","2,0,05,","100.5","0","90.3","2,0","31.5","2,,,0","0","1,,,0","16.54","2,0","25.22","2,,,0","7.85","2,,,0"
"USC00252647","2007-10","42.2651","-102.2134","1210.1","ELLSWORTH 15 NNE, NE US","","","2.8",",0","7",",0","5",",0","0",",0","0",",0","0",",0","0",",0","8",",0","0",",0","12",",0","0",",0","5","","","","-3.3",",0,23,","0",",,0,31,+","0",",,0,31,+","22.9",",,0,07,","30.6",",0,07,","350.3","0","249.8",",0","64.1",",,,0","0",",,,0","10.36",",0","18.15",",,,0","2.57",",,,0"
"USC00252647","2007-11","42.2651","-102.2134","1210.1","ELLSWORTH 15 NNE, NE US","","","0.0",",0","1",",0","0",",0","0",",0","1","5,0","0",",0","0",",0","26",",0","2",",0","2",",0","0",",0","","","","","-15.0",",0,24,+","25","5,,0,21,","13",",,0,21,","1.0",",,0,21,","24.4",",0,20,","811.9","0","461.6",",0","1.0",",,,0","13",",,,0","2.95",",0","11.61",",,,0","-5.72",",,,0"
"USC00252647","2007-12","42.2651","-102.2134","1210.1","ELLSWORTH 15 NNE, NE US","","","0.0","2,0","7","2,0","2","2,0","0","2,0","","","4","2,0","7","2,0","29","2,0","20","2,0","0","2,0","0","2,0","2","","","","-24.4","2,0,27,","","","51","2,,0,09,+","2.8","2,,0,08,","15.0","2,0,05,","1569.9","0","758.0","2,0","11.2",",a,,0","203","2,a,,0","-7.81","2,0","-1.43","2,,,0","-14.18","2,,,0"
"USC00252647","2008-01","42.2651","-102.2134","1210.1","ELLSWORTH 15 NNE, NE US","0.0","","0.0","3,0","3",",0","0",",0","0",",0","30","1,0","2",",0","11","3,0","28","3,0","14","2,0","0","2,0","0","2,0","","","","","-26.7","3,0,22,","152","1,,0,03,+","51",",,0,23,","1.0",",,0,23,","8.3","2,0,29,","2322.7","","752.8","2,0","1.6",",,,0","76",",,,0","-8.59","3,0","-1.68","2,,,0","-15.51","3,,,0"
"USC00252647","2008-02","42.2651","-102.2134","1210.1","ELLSWORTH 15 NNE, NE US","0.0","","0.0","4,0","8",",0","2",",0","0",",0","12","5,0","2","1,0","5","4,0","25","4,0","6","4,0","0","4,0","0","4,0","","","","","-21.1","4,0,06,","76","5,,0,14,","51","1,,0,14,","3.6",",,0,14,","11.7","4,0,26,+","2873.5","","550.8","4,0","11.4",",,,0","76","1,,,0","-3.70","4,0","4.23","4,,,0","-11.63","4,,,0"
"USC00252647","2008-03","42.2651","-102.2134","1210.1","ELLSWORTH 15 NNE, NE US","","","","","5",",0","3",",0","0",",0","","","1","1,0","","","","","","","","","","","","","","","","","","","51","1,,0,05,","6.4",",,0,31,","","","","","","","15.8",",,,0","64","1,,,0","","","","","",""
"USC00252647","2008-04","42.2651","-102.2134","1210.1","ELLSWORTH 15 NNE, NE US","","","0.0","4,0","7",",0","4",",0","0",",0","","","3","1,0","0","4,0","22","4,0","1","4,0","4","4,0","0","4,0","","","","","-10.0","4,0,02,","","","102","1,,0,11,+","12.4",",,0,25,","27.2","4,0,15,","","","349.5","4,0","27.1",",,,0","229","1,,,0","4.89","4,0","12.35","4,,,0","-2.57","4,,,0"
"USC00252647","2008-05","42.2651","-102.2134","1210.1","ELLSWORTH 15 NNE, NE US","","","2.5","5,0","11",",0","8",",0","0",",0","0","4,0","1",",0","0","4,0","1","4,0","1","3,0","14","3,0","0","3,0","","","","","-2.8","4,0,02,","0","4,,0,31,+","76",",,0,02,","15.7",",,0,24,","30.6","3,0,19,","","","143.1","3,0","68.7",",,,0","76",",,,0","12.55","5,0","19.54","3,,,0","5.56","4,,,0"
