"STATION","DATE","LATITUDE","LONGITUDE","ELEVATION","NAME","CDSD","CDSD_ATTRIBUTES","CLDD","CLDD_ATTRIBUTES","DP01","DP01_ATTRIBUTES","DP10","DP10_ATTRIBUTES","DP1X","DP1X_ATTRIBUTES","DSND","DSND_ATTRIBUTES","DSNW","DSNW_ATTRIBUTES","DT00","DT00_ATTRIBUTES","DT32","DT32_ATTRIBUTES","DX32","DX32_ATTRIBUTES","DX70","DX70_ATTRIBUTES","DX90","DX90_ATTRIBUTES","DYFG","DYFG_ATTRIBUTES","DYTS","DYTS_ATTRIBUTES","EMNT","EMNT_ATTRIBUTES","EMSD","EMSD_ATTRIBUTES","EMSN","EMSN_ATTRIBUTES","EMXP","EMXP_ATTRIBUTES","EMXT","EMXT_ATTRIBUTES","HDSD","HDSD_ATTRIBUTES","HTDD","HTDD_ATTRIBUTES","PRCP","PRCP_ATTRIBUTES","SNOW","SNOW_ATTRIBUTES","TAVG","TAVG_ATTRIBUTES","TMAX","TMAX_ATTRIBUTES","TMIN","TMIN_ATTRIBUTES"
"USC00406404","1997-04","35.12722","-86.70278","173.7","NASHVILLE 1 NW, TN US","","","0.5",",0","10",",0","6",",0","0",",0","0","1,0","0",",0","0",",0","7",",0","0",",0","12",",0","0",",0","","","","","-2.2",",0,15,+","0","1,,0,30,+","0",",,0,30,+","18.3",",,0,29,","26.7",",0,07,","","","200.8",",0","53.4",",,,0","0",",,,0","11.66",",0","19.23",",,,0","4.09",",,,0"
"USC00406404","1997-05","35.12722","-86.70278","173.7","NASHVILLE 1 NW, TN US","","","31.3",",0","12",",0","9",",0","2",",0","0",",0","0",",0","0",",0","0",",0","0",",0","27",",0","1",",0","","","","","2.2",",0,17,+","0",",,0,31,+","0",",,0,31,+","45.7",",,0,20,","32.2",",0,19,","","","74.0",",0","137.8",",,,0","0",",,,0","16.95",",0","24.56",",,,0","9.34",",,,0"
"USC00406404","1997-06","35.12722","-86.70278","173.7","NASHVILLE 1 NW, TN US","","","121.7",",0","17",",0","15",",0","3",",0","0",",0","0",",0","0",",0","0",",0","0",",0","28",",0","6",",0","1","","2","","13.9",",0,04,+","0",",,0,30,+","0",",,0,30,+","54.9",",,0,14,","34.4",",0,25,","","","3.6",",0","209.7",",,,0","0",",,,0","22.27",",0","26.86",",,,0","17.67",",,,0"
"USC00406404","1997-07","35.12722","-86.70278","173.7","NASHVILLE 1 NW, TN US","","","250.0",",0","6",",0","5",",0","1",",0","0",",0","0",",0","0",",0","0",",0","0",",0","31",",0","21",",0","","","","","13.3",",0,06,","0",",,0,31,+","0",",,0,31,+","54.4",",,0,29,","37.8",",0,28,","0.0","0","0.0",",0","98.3",",,,0","0",",,,0","26.40",",0","32.99",",,,0","19.80",",,,0"
"USC00406404","1997-08","35.12722","-86.70278","173.7","NASHVILLE 1 NW, TN US","","","201.0",",0","9",",0","5",",0","1",",0","0","1,0","0",",0","0",",0","0",",0","0",",0","31",",0","14",",0","","","","","12.2",",0,25,","0","1,,0,31,+","0",",,0,31,+","32.0",",,0,20,","35.0",",0,17,","0.0","0","0.0",",0","88.1",",,,0","0",",,,0","24.82",",0","31.37",",,,0","18.26",",,,0"
"USC00406404","1997-09","35.12722","-86.70278","173.7","NASHVILLE 1 NW, TN US","","","102.4",",0","7",",0","5",",0","2",",0","0",",0","0",",0","0",",0","0",",0","0",",0","29",",0","6",",0","","","","","8.3",",0,06,+","0",",,0,30,+","0",",,0,30,+","55.9",",,0,23,","35.0",",0,19,+","3.6","0","3.6",",0","138.5",",,,0","0",",,,0","21.63",",0","28.89",",,,0","14.37",",,,0"
"USC00406404","1997-10","35.12722","-86.70278","173.7","NASHVILLE 1 NW, TN US","","","39.9",",0","7",",0","6",",0","1",",0","0",",0","0",",0","0",",0","5",",0","0",",0","18",",0","0",",0","","","","","-1.7",",0,28,","0",",,0,31,+","0",",,0,31,+","33.8",",,0,14,","30.6",",0,09,","138.7","0","135.1",",0","72.4",",,,0","0",",,,0","15.26",",0","22.77",",,,0","7.75",",,,0"
"USC00406404","1997-11","35.12722","-86.70278","173.7","NASHVILLE 1 NW, TN US","","","0.0",",0","12",",0","9",",0","1",",0","0",",0","0",",0","0",",0","10",",0","0",",0","2",",0","0",",0","","","","","-8.3",",0,18,","0",",T,0,17,","0",",T,0,17,","42.7",",,0,30,","22.2",",0,01,","471.4","0","332.7",",0","107.3",",,,0","0",",T,,0","7.24",",0","12.51",",,,0","1.98",",,,0"
"USC00406404","1997-12","35.12722","-86.70278","173.7","NASHVILLE 1 NW, TN US","","","0.0",",0","13",",0","9",",0","1",",0","1",",0","1",",0","0",",0","17",",0","1",",0","0",",0","0",",0","","","1","","-6.7",",0,29,","25",",,0,29,","25",",,0,29,","54.1",",,0,01,","20.0",",0,01,","903.5","0","432.1",",0","119.0",",,,0","25",",,,0","4.39",",0","9.13",",,,0","-0.34",",,,0"
"USC00406404","1998-01","35.12722","-86.70278","173.7","NASHVILLE 1 NW, TN US","0.0","0","0.0",",0","15",",0","10",",0","1",",0","0",",0","0",",0","0",",0","9",",0","0",",0","1",",0","0",",0","","","","","-6.1",",0,01,","0",",T,0,24,","0",",T,0,24,","30.7",",,0,08,","21.1",",0,05,","1272.7","0","369.2",",0","101.2",",,,0","0",",T,,0","6.42",",0","10.68",",,,0","2.17",",,,0"
"USC00406404","1998-02","35.12722","-86.70278","173.7","NASHVILLE 1 NW, TN US","0.0","0","0.0",",0","13",",0","7",",0","1",",0","1",",0","1",",0","0",",0","10",",0","0",",0","2",",0","0",",0","","","","","-3.3",",0,01,","25",",,0,05,","25",",,0,05,","35.6",",,0,04,","22.2",",0,27,","1582.1","0","309.4",",0","112.9",",,,0","25",",,,0","7.28",",0","12.11",",,,0","2.46",",,,0"
"USC00406404","1998-03","35.12722","-86.70278","173.7","NASHVILLE 1 NW, TN US","17.8","0","17.8",",0","15",",0","7",",0","0",",0","0",",0","0",",0","0",",0","8",",0","0",",0","8",",0","0",",0","","","","","-10.6",",0,13,+","0",",T,0,12,+","13",",,0,10,","17.0",",,0,20,","28.9",",0,31,","1881.1","0","299.0",",0","71.1",",,,0","13",",,,0","9.26",",0","14.43",",,,0","4.09",",,,0"
"USC00406404","1998-04","35.12722","-86.70278","173.7","NASHVILLE 1 NW, TN US","21.2","0","3.4",",0","13",",0","9",",0","2",",0","0",",0","0",",0","0",",0","0",",0","0",",0","16",",0","0",",0","","","3","","2.2",",0,12,+","0",",,0,30,+","0",",,0,30,+","43.2",",,0,17,","28.9",",0,01,","2007.6","0","126.5",",0","162.1",",,,0","0",",,,0","14.23",",0","20.74",",,,0","7.72",",,,0"
"USC00406404","1998-05","35.12722","-86.70278","173.7","NASHVILLE 1 NW, TN US","126.7","0","105.5","1,0","10","1,0","8","1,0","2","1,0","0",",0","0",",0","0","1,0","0","1,0","0","1,0","27","1,0","9","1,0","","","","","8.9","1,0,06,+","0",",,0,31,+","0",",,0,31,+","41.7","1,,0,25,","33.3","1,0,22,+","2023.2","0","15.6","1,0","134.1","1,,,0","0",",,,0","21.33","1,0","27.79","1,,,0","14.87","1,,,0"
"USC00406404","1998-06","35.12722","-86.70278","173.7","NASHVILLE 1 NW, TN US","343.1","0","216.4",",0","15",",0","14",",0","4",",0","0",",0","0",",0","0",",0","0",",0","0",",0","30",",0","16",",0","","","","","8.9",",0,07,","0",",,0,30,+","0",",,0,30,+","105.4",",,0,05,","36.7",",0,26,","2026.5","0","3.3",",0","283.6",",,,0","0",",,,0","25.43",",0","31.68",",,,0","19.18",",,,0"
"USC00406404","1998-07","35.12722","-86.70278","173.7","NASHVILLE 1 NW, TN US","600.8","0","257.7",",0","11",",0","6",",0","1",",0","0",",0","0",",0","0",",0","0",",0","0",",0","31",",0","17",",0","","","","","19.4",",0,03,+","0",",,0,31,+","0",",,0,31,+","30.5",",,0,14,","37.2",",0,20,","0.0","0","0.0",",0","94.4",",,,0","0",",,,0","26.65",",0","31.79",",,,0","21.50",",,,0"
"USC00406404","1998-08","35.12722","-86.70278","173.7","NASHVILLE 1 NW, TN US","840.2","0","239.4",",0","7",",0","3",",0","1",",0","0",",0","0",",0","0",",0","0",",0","0",",0","31",",0","23",",0","","","","","15.6",",0,21,+","0",",,0,31,+","0",",,0,31,+","45.7",",,0,17,","36.7",",0,29,","0.0","0","0.0",",0","62.7",",,,0","0",",,,0","26.06",",0","32.78",",,,0","19.33",",,,0"
"USC00406404","1998-09","35.12722","-86.70278","173.7","NASHVILLE 1 NW, TN US","1037.2","0","197.0",",0","4",",0","4",",0","0",",0","0",",0","0",",0","0",",0","0",",0","0",",0","30",",0","21",",0","","","1","","8.9",",0,11,","0",",,0,30,+","0",",,0,30,+","17.5",",,0,21,","38.9",",0,07,","0.6","0","0.6",",0","42.4",",,,0","0",",,,0","24.88",",0","33.00",",,,0","16.76",",,,0"
"USC00406404","1998-10","35.12722","-86.70278","173.7","NASHVILLE 1 NW, TN US","1081.7","0","44.5",",0","5",",0","4",",0","0",",0","","","0",",0","0",",0","0",",0","0",",0","26",",0","1",",0","","","","","0.6",",0,24,+","","","0",",,0,31,+","19.8",",,0,04,","33.9",",0,01,","70.7","0","70.1",",0","39.6",",,,0","0",",,,0","17.50",",0","25.66",",,,0","9.35",",,,0"
"USC00406404","1998-11","35.12722","-86.70278","173.7","NASHVILLE 1 NW, TN US","1081.7","0","0.0",",0","8",",0","4",",0","0",",0","0",",0","0",",0","0",",0","8",",0","0",",0","9",",0","0",",0","","","","","-3.3",",0,08,+","0",",,0,30,+","0",",,0,30,+","15.5",",,0,11,","24.4",",0,03,+","298.8","0","228.1",",0","32.8",",,,0","0",",,,0","10.73",",0","18.10",",,,0","3.35",",,,0"
"USC00406404","1998-12","35.12722","-86.70278","173.7","NASHVILLE 1 NW, TN US","1084.2","0","2.5",",0","15",",0","10",",0","2",",0","2",",0","1","1,0","0",",0","16",",0","4",",0","7",",0","0",",0","1","","","","-8.9",",0,26,+","25",",,0,25,+","25","1,,0,24,","48.8",",,0,13,","25.6",",0,05,","667.7","0","368.9",",0","171.1",",,,0","25","1,,,0","6.52",",0","11.73",",,,0","1.31",",,,0"
"USC00406404","1999-01","35.12722","-86.70278","173.7","NASHVILLE 1 NW, TN US","1.4","0","1.4",",0","13",",0","10",",0","4",",0","1","4,0","0","4,0","0",",0","18",",0","4",",0","5",",0","0",",0","","","1","","-10.6",",0,06,+","25","4,,0,06,","0","4,T,0,10,+","62.2",",,0,23,","22.8",",0,22,","1058.8","0","391.1",",0","183.8",",,,0","0","4,T,,0","5.76",",0","11.49",",,,0","0.04",",,,0"
"USC00406404","1999-02","35.12722","-86.70278","173.7","NASHVILLE 1 NW, TN US","1.4","0","0.0",",0","8",",0","7",",0","0",",0","0",",0","0",",0","0",",0","17",",0","0",",0","3",",0","0",",0","","","","","-6.7",",0,15,+","0",",T,0,14,+","0",",T,0,14,+","22.9",",,0,12,","23.3",",0,12,","1378.2","0","319.4",",0","70.7",",,,0","0",",T,,0","6.93",",0","13.35",",,,0","0.50",",,,0"
"USC00406404","1999-03","35.12722","-86.70278","173.7","NASHVILLE 1 NW, TN US","1.4","0","0.0",",0","11",",0","8",",0","2",",0","1","3,0","1",",0","0",",0","14",",0","0",",0","3",",0","0",",0","","","","","-4.4",",0,05,+","25","3,,0,15,","25",",,0,15,","30.0",",,0,14,","23.9",",0,18,","1730.4","0","352.2",",0","109.7",",,,0","25",",,,0","6.97",",0","13.44",",,,0","0.51",",,,0"
"USC00406404","1999-04","35.12722","-86.70278","173.7","NASHVILLE 1 NW, TN US","33.4","0","32.0",",0","9",",0","8",",0","0",",0","0",",0","0",",0","0",",0","0",",0","0",",0","20",",0","0",",0","","","","","3.3",",0,14,+","0",",,0,30,+","0",",,0,30,+","24.1",",,0,15,","30.6",",0,04,","1808.7","0","78.3",",0","69.5",",,,0","0",",,,0","16.79",",0","23.56",",,,0","10.02",",,,0"
"USC00406404","1999-05","35.12722","-86.70278","173.7","NASHVILLE 1 NW, TN US","83.2","0","49.8",",0","8",",0","5",",0","3",",0","0",",0","0",",0","0",",0","0",",0","0",",0","31",",0","0",",0","","","2","","5.6",",0,01,","0",",,0,31,+","0",",,0,31,+","38.9",",,0,06,","30.6",",0,30,+","1823.6","0","14.9",",0","130.2",",,,0","0",",,,0","19.46",",0","27.10",",,,0","11.82",",,,0"
"USC00406404","1999-06","35.12722","-86.70278","173.7","NASHVILLE 1 NW, TN US","270.9","0","187.7",",0","13",",0","10",",0","0",",0","0",",0","0",",0","0",",0","0",",0","0",",0","30",",0","14",",0","","","","","10.6",",0,18,","0",",,0,30,+","0",",,0,30,+","24.1",",,0,02,","35.0",",0,11,","1823.6","0","0.0",",0","111.8",",,,0","0",",,,0","24.59",",0","30.51",",,,0","18.66",",,,0"
"USC00406404","1999-07","35.12722","-86.70278","173.7","NASHVILLE 1 NW, TN US","557.7","0","286.8","1,0","8",",0","4",",0","2",",0","0",",0","0",",0","0","1,0","0","1,0","0","1,0","30","1,0","23","1,0","","","","","18.3","1,0,01,","0",",,0,31,+","0",",,0,31,+","32.5",",,0,12,","39.4","1,0,31,","0.0","0","0.0","1,0","89.9",",,,0","0",",,,0","27.89","1,0","33.97","1,,,0","21.82","1,,,0"
"USC00406404","1999-08","35.12722","-86.70278","173.7","NASHVILLE 1 NW, TN US","790.0","0","232.3",",0","5",",0","3",",0","2",",0","0",",0","0",",0","0",",0","0",",0","0",",0","31",",0","25",",0","","","","","12.2",",0,31,","0",",,0,31,+","0",",,0,31,+","50.0",",,0,13,","38.3",",0,13,","0.0","0","0.0",",0","89.9",",,,0","0",",,,0","25.83",",0","33.60",",,,0","18.05",",,,0"
"USC00406404","1999-09","35.12722","-86.70278","173.7","NASHVILLE 1 NW, TN US","909.1","0","119.1",",0","9",",0","6",",0","0",",0","0",",0","0",",0","0",",0","0",",0","0",",0","29",",0","14",",0","","","","","5.6",",0,24,","0",",,0,30,+","0",",,0,30,+","16.5",",,0,20,","37.8",",0,06,","17.5","0","17.5",",0","59.8",",,,0","0",",,,0","21.72",",0","30.48",",,,0","12.96",",,,0"
"USC00406404","1999-10","35.12722","-86.70278","173.7","NASHVILLE 1 NW, TN US","923.6","0","14.5",",0","4",",0","3",",0","1",",0","0",",0","0",",0","0",",0","3",",0","0",",0","21",",0","0",",0","","","","","-1.7",",0,26,+","0",",,0,31,+","0",",,0,31,+","29.5",",,0,09,","29.4",",0,09,+","139.0","0","121.5",",0","59.0",",,,0","0",",,,0","14.88",",0","23.03",",,,0","6.74",",,,0"
"USC00406404","1999-11","35.12722","-86.70278","173.7","NASHVILLE 1 NW, TN US","925.6","0","2.0",",0","6",",0","3",",0","1",",0","0",",0","0",",0","0",",0","7",",0","0",",0","14",",0","0",",0","","","","","-4.4",",0,30,","0",",,0,30,+","0",",,0,30,+","44.2",",,0,02,","28.3",",0,09,+","315.1","0","176.1",",0","76.5",",,,0","0",",,,0","12.53",",0","20.16",",,,0","4.89",",,,0"
"USC00406404","1999-12","35.12722","-86.70278","173.7","NASHVILLE 1 NW, TN US","925.6","0","0.0",",0","8",",0","4",",0","1",",0","0",",0","0",",0","0",",0","18",",0","0",",0","1",",0","0",",0","","","","","-10.0",",0,26,","0",",T,0,21,","0",",T,0,21,","37.8",",,0,13,","21.7",",0,05,","701.8","0","386.7",",0","67.0",",,,0","0",",T,,0","5.86",",0","11.88",",,,0","-0.16",",,,0"
"USC00406404","2000-01","35.12722","-86.70278","173.7","NASHVILLE 1 NW, TN US","0.0","","0.0",",0","12",",0","7",",0","2",",0","","","1","1,0","0",",0","23",",0","5",",0","1",",0","0",",0","","","1","","-10.6",",0,28,+","","","56","1,,0,23,","45.0",",,0,04,","22.8",",0,04,","1163.8","","462.0",",0","121.5",",,,0","56","1,,,0","3.43",",0","8.67",",,,0","-1.81",",,,0"
"USC00406404","2000-02","35.12722","-86.70278","173.7","NASHVILLE 1 NW, TN US","0.5","","0.5",",0","9",",0","6",",0","1",",0","0","4,0","0",",0","0",",0","14",",0","0",",0","6",",0","0",",0","","","","","-7.8",",0,03,+","0","4,,0,29,+","0",",,0,29,+","32.8",",,0,14,","25.0",",0,26,","1475.3","","311.5",",0","94.9",",,,0","0",",,,0","7.61",",0","14.23",",,,0","0.98",",,,0"
"USC00406404","2000-03","35.12722","-86.70278","173.7","NASHVILLE 1 NW, TN US","3.5","","3.0","1,0","10",",0","8",",0","1",",0","0",",0","0",",0","0","1,0","3","1,0","0",",0","11",",0","0",",0","","","","","-2.2","1,0,12,","0",",,0,31,+","0",",,0,31,+","43.7",",,0,20,","28.3",",0,10,+","1672.5","","197.2",",0","89.3",",,,0","0",",,,0","11.73","1,0","19.02",",,,0","4.44","1,,,0"
"USC00406404","2000-04","35.12722","-86.70278","173.7","NASHVILLE 1 NW, TN US","4.6","","1.1",",0","13",",0","10",",0","2",",0","0",",0","0",",0","0",",0","4",",0","0",",0","14",",0","0",",0","","","1","","-1.7",",0,10,+","0",",,0,30,+","0",",,0,30,+","47.5",",,0,25,","27.8",",0,20,","1837.0","","164.5",",0","155.3",",,,0","0",",,,0","12.89",",0","19.65",",,,0","6.12",",,,0"
"USC00406404","2000-05","35.12722","-86.70278","173.7","NASHVILLE 1 NW, TN US","89.4","","84.8","2,0","13",",0","7",",0","2",",0","0",",0","0",",0","0","2,0","0","2,0","0","2,0","28","2,0","0","2,0","","","","","6.1","2,0,01,","0",",,0,31,+","0",",,0,31,+","89.2",",,0,25,","31.7","2,0,28,+","1847.6","","10.6","2,0","180.4",",,,0","0",",,,0","20.89","2,0","27.70","2,,,0","14.08","2,,,0"
"USC00406404","2000-06","35.12722","-86.70278","173.7","NASHVILLE 1 NW, TN US","274.6","","185.2","2,0","7","1,0","4","1,0","1","1,0","","","0",",0","0","2,0","0","2,0","0","2,0","28","2,0","14","2,0","","","","","8.9","2,0,07,","","","0",",,0,30,+","26.7","1,,0,28,","35.0","2,0,26,","1847.9","","0.3","2,0","43.7","1,,,0","0",",,,0","24.94","2,0","31.51","2,,,0","18.37","2,,,0"
"USC00406404","2000-07","35.12722","-86.70278","173.7","NASHVILLE 1 NW, TN US","525.2","","250.6",",0","8",",0","4",",0","0",",0","0",",0","0",",0","0",",0","0",",0","0",",0","31",",0","25",",0","","","","","14.4",",0,01,","0",",,0,31,+","0",",,0,31,+","24.1",",,0,29,","37.8",",0,13,+","0.0","","0.0",",0","56.1",",,,0","0",",,,0","26.42",",0","33.75",",,,0","19.09",",,,0"
"USC00406404","2000-08","35.12722","-86.70278","173.7","NASHVILLE 1 NW, TN US","780.2","","255.0",",0","10",",0","5",",0","0",",0","0",",0","0",",0","0",",0","0",",0","0",",0","31",",0","22",",0","","","3","","15.0",",0,14,+","0",",,0,31,+","0",",,0,31,+","11.4",",,0,28,","39.4",",0,18,","0.0","","0.0",",0","46.0",",,,0","0",",,,0","26.56",",0","33.45",",,,0","19.66",",,,0"
"USC00406404","2000-09","35.12722","-86.70278","173.7","NASHVILLE 1 NW, TN US","912.2","","132.0","1,0","13","1,0","4","1,0","0","1,0","0",",0","0",",0","0","1,0","0","1,0","0","1,0","28","1,0","9","1,0","","","","","5.6","1,0,28,+","0",",,0,30,+","0",",,0,30,+","19.8","1,,0,13,","34.4","1,0,12,+","19.9","","19.9","1,0","57.6","1,,,0","0",",,,0","22.20","1,0","28.92","1,,,0","15.48","1,,,0"
"USC00406404","2000-10","35.12722","-86.70278","173.7","NASHVILLE 1 NW, TN US","","","","","1",",0","1",",0","0",",0","0",",0","0",",0","","","","","","","","","","","","","","","","","0",",,0,31,+","0",",,0,31,+","5.1",",,0,06,","","","","","","","5.1",",,,0","0",",,,0","","","","","",""
