"STATION","DATE","LATITUDE","LONGITUDE","ELEVATION","NAME","CDSD","CDSD_ATTRIBUTES","CLDD","CLDD_ATTRIBUTES","DT00","DT00_ATTRIBUTES","DT32","DT32_ATTRIBUTES","DX32","DX32_ATTRIBUTES","DX70","DX70_ATTRIBUTES","DX90","DX90_ATTRIBUTES","EMNT","EMNT_ATTRIBUTES","EMXT","EMXT_ATTRIBUTES","HDSD","HDSD_ATTRIBUTES","HTDD","HTDD_ATTRIBUTES","TAVG","TAVG_ATTRIBUTES","TMAX","TMAX_ATTRIBUTES","TMIN","TMIN_ATTRIBUTES"
"USR0000OWCR","1987-07","42.0667","-124.1167","438.9","WHEELER CREEK OREGON, OR US","","","35.1",",U","0",",U","0",",U","0",",U","19",",U","5",",U","7.3",",U,28,+","36.7",",U,15,","85.0","U","85.0",",U","16.72",",U","23.35",",,,U","10.10",",,,U"
"USR0000OWCR","1987-08","42.0667","-124.1167","438.9","WHEELER CREEK OREGON, OR US","","","127.7","2,U","0","1,U","0","1,U","0","1,U","28","1,U","15","1,U","8.1","1,U,21,","40.2","1,U,07,","103.1","U","18.1","1,U","22.03","2,U","31.26","1,,,U","12.80","1,,,U"
"USR0000OWCR","1987-10","42.0667","-124.1167","438.9","WHEELER CREEK OREGON, OR US","","","43.9","2,U","0","2,U","0","2,U","0","2,U","19","2,U","3","2,U","6.4","2,U,21,","41.4","2,U,05,","","","58.6","2,U","17.83","2,U","24.90","2,,,U","10.76","2,,,U"
"USR0000OWCR","1987-11","42.0667","-124.1167","438.9","WHEELER CREEK OREGON, OR US","","","0.5",",U","0",",U","0",",U","0",",U","2",",U","0",",U","1.0",",U,25,","27.3",",U,04,","","","230.5",",U","10.67",",U","15.41",",,,U","5.93",",,,U"
"USR0000OWCR","1987-12","42.0667","-124.1167","438.9","WHEELER CREEK OREGON, OR US","","","0.0",",U","0",",U","9",",U","0",",U","0",",U","0",",U","-5.3",",U,24,","17.8",",U,25,","","","377.7",",U","6.15",",U","10.39",",,,U","1.91",",,,U"
"USR0000OWCR","1988-01","42.0667","-124.1167","438.9","WHEELER CREEK OREGON, OR US","0.0","U","0.0",",U","0",",U","7",",U","0",",U","2",",U","0",",U","-2.6",",U,01,","24.9",",U,25,+","","","329.5",",U","7.70",",U","12.07",",,,U","3.34",",,,U"
"USR0000OWCR","1988-02","42.0667","-124.1167","438.9","WHEELER CREEK OREGON, OR US","2.2","U","2.2",",U","0",",U","2",",U","0",",U","9",",U","0",",U","-2.9",",U,02,","28.8",",U,26,","","","203.3",",U","11.40",",U","18.71",",,,U","4.08",",,,U"
"USR0000OWCR","1988-03","42.0667","-124.1167","438.9","WHEELER CREEK OREGON, OR US","2.2","U","0.0",",U","0",",U","4",",U","0",",U","7",",U","0",",U","-1.0",",U,27,+","28.1",",U,31,","","","256.1",",U","10.07",",U","17.23",",,,U","2.92",",,,U"
"USR0000OWCR","1988-04","42.0667","-124.1167","438.9","WHEELER CREEK OREGON, OR US","7.2","U","5.0",",U","0",",U","0",",U","0",",U","7",",U","0",",U","0.2",",U,30,+","30.0",",U,11,","","","221.9",",U","11.10",",U","16.91",",,,U","5.30",",,,U"
"USR0000OWCR","1988-05","42.0667","-124.1167","438.9","WHEELER CREEK OREGON, OR US","10.9","U","3.7","1,U","0","1,U","1","1,U","0",",U","9",",U","1",",U","-0.2","1,U,01,","36.3",",U,20,","","","206.6",",U","11.87","1,U","18.47",",,,U","5.26","1,,,U"
"USR0000OWCR","1988-06","42.0667","-124.1167","438.9","WHEELER CREEK OREGON, OR US","28.1","U","17.2","1,U","0",",U","0",",U","0","1,U","20","1,U","1","1,U","3.7",",U,05,","34.3","1,U,13,","","","86.0","1,U","15.99","1,U","23.68","1,,,U","8.31",",,,U"
"USR0000OWCR","1988-07","42.0667","-124.1167","438.9","WHEELER CREEK OREGON, OR US","179.2","U","151.1",",U","0",",U","0",",U","0",",U","29",",U","16",",U","6.1",",U,05,","43.3",",U,23,","22.8","U","22.8",",U","22.47",",U","31.83",",,,U","13.11",",,,U"
"USR0000OWCR","1988-08","42.0667","-124.1167","438.9","WHEELER CREEK OREGON, OR US","276.6","U","97.4",",U","0",",U","0",",U","0",",U","28",",U","12",",U","8.1",",U,08,+","41.4",",U,27,","45.6","U","22.8",",U","20.74",",U","29.71",",,,U","11.77",",,,U"
"USR0000OWCR","1988-09","42.0667","-124.1167","438.9","WHEELER CREEK OREGON, OR US","364.4","U","87.8",",U","0",",U","0",",U","0",",U","27",",U","12",",U","4.1",",U,15,","39.8",",U,07,","72.6","U","27.0",",U","20.36",",U","29.92",",,,U","10.80",",,,U"
"USR0000OWCR","1988-10","42.0667","-124.1167","438.9","WHEELER CREEK OREGON, OR US","398.8","U","34.4","1,U","0","1,U","0","1,U","0","1,U","19","1,U","3","1,U","6.4","1,U,26,","34.7","1,U,20,","141.1","U","68.5","1,U","17.20","1,U","23.87","1,,,U","10.53","1,,,U"
"USR0000OWCR","1988-12","42.0667","-124.1167","438.9","WHEELER CREEK OREGON, OR US","","","0.0",",U","0",",U","5",",U","0",",U","5",",U","0",",U","-4.5",",U,26,","25.3",",U,10,","","","316.6",",U","8.12",",U","13.18",",,,U","3.06",",,,U"
"USR0000OWCR","1989-01","42.0667","-124.1167","438.9","WHEELER CREEK OREGON, OR US","0.0","U","0.0",",U","0",",U","11",",U","0",",U","3",",U","0",",U","-2.6",",U,23,","25.7",",U,29,","","","350.0",",U","7.04",",U","12.01",",,,U","2.08",",,,U"
"USR0000OWCR","1989-02","42.0667","-124.1167","438.9","WHEELER CREEK OREGON, OR US","0.0","U","0.0",",U","0",",U","15",",U","0",",U","0",",U","0",",U","-10.4",",U,05,","18.2",",U,26,","","","375.1",",U","4.94",",U","10.34",",,,U","-0.46",",,,U"
"USR0000OWCR","1989-03","42.0667","-124.1167","438.9","WHEELER CREEK OREGON, OR US","0.0","U","0.0",",U","0",",U","4",",U","0",",U","0",",U","0",",U","-4.5",",U,03,","18.2",",U,19,","","","347.6",",U","7.12",",U","11.09",",,,U","3.15",",,,U"
"USR0000OWCR","1989-05","42.0667","-124.1167","438.9","WHEELER CREEK OREGON, OR US","","","","","0","5,U","0","5,U","0","5,U","10","5,U","1","5,U","1.8","5,U,19,","33.6","5,U,31,","","","","","12.64","6,U","19.03","5,,,U","6.25","5,,,U"
"USR0000OWCR","1989-07","42.0667","-124.1167","438.9","WHEELER CREEK OREGON, OR US","","","5.3","3,U","0","3,U","0","3,U","0","2,U","20","2,U","0","2,U","7.3","3,U,31,+","30.8","2,U,21,","69.8","U","69.8","2,U","16.06","3,U","22.77","2,,,U","9.35","3,,,U"
"USR0000OWCR","1989-09","42.0667","-124.1167","438.9","WHEELER CREEK OREGON, OR US","","","53.1","4,U","0","4,U","0","4,U","0","4,U","20","4,U","5","4,U","6.4","4,U,10,","34.7","4,U,12,","","","31.1","4,U","19.18","4,U","27.04","4,,,U","11.32","4,,,U"
"USR0000OWCR","1989-10","42.0667","-124.1167","438.9","WHEELER CREEK OREGON, OR US","","","10.9",",U","0",",U","0",",U","0",",U","20",",U","1",",U","2.2",",U,28,","33.2",",U,09,","","","126.9",",U","14.59",",U","21.15",",,,U","8.03",",,,U"
"USR0000OWCR","1989-11","42.0667","-124.1167","438.9","WHEELER CREEK OREGON, OR US","","","0.0",",U","0",",U","0",",U","0",",U","11",",U","0",",U","1.4",",U,26,","26.9",",U,03,","","","172.1",",U","12.60",",U","18.64",",,,U","6.55",",,,U"
"USR0000OWCR","1989-12","42.0667","-124.1167","438.9","WHEELER CREEK OREGON, OR US","","","0.4",",U","0",",U","0",",U","0",",U","7",",U","0",",U","1.0",",U,18,","26.9",",U,25,","","","220.7",",U","11.23",",U","17.05",",,,U","5.41",",,,U"
"USR0000OWCR","1990-01","42.0667","-124.1167","438.9","WHEELER CREEK OREGON, OR US","0.0","U","0.0",",U","0",",U","7",",U","0",",U","0",",U","0",",U","-1.0",",U,27,","19.0",",U,24,","","","347.2",",U","7.13",",U","11.12",",,,U","3.15",",,,U"
"USR0000OWCR","1990-02","42.0667","-124.1167","438.9","WHEELER CREEK OREGON, OR US","0.0","U","0.0","2,U","0","1,U","12","1,U","0","1,U","4","1,U","0","1,U","-9.2","1,U,14,","25.3","1,U,22,","","","298.5","1,U","6.71","2,U","12.20","1,,,U","1.22","1,,,U"
"USR0000OWCR","1990-03","42.0667","-124.1167","438.9","WHEELER CREEK OREGON, OR US","0.7","U","0.7",",U","0",",U","7",",U","0",",U","9",",U","0",",U","-1.8",",U,08,","28.8",",U,27,","","","249.9",",U","10.29",",U","16.31",",,,U","4.28",",,,U"
"USR0000OWCR","1990-04","42.0667","-124.1167","438.9","WHEELER CREEK OREGON, OR US","1.4","U","0.7",",U","0",",U","0",",U","0",",U","8",",U","0",",U","1.4",",U,29,","28.1",",U,03,","","","187.2",",U","12.12",",U","17.90",",,,U","6.34",",,,U"
"USR0000OWCR","1990-05","42.0667","-124.1167","438.9","WHEELER CREEK OREGON, OR US","16.1","U","14.7",",U","0",",U","0",",U","0",",U","13",",U","2",",U","2.6",",U,07,","34.7",",U,04,","","","168.2",",U","13.38",",U","20.23",",,,U","6.54",",,,U"
"USR0000OWCR","1990-06","42.0667","-124.1167","438.9","WHEELER CREEK OREGON, OR US","43.7","U","27.6",",U","0",",U","0",",U","0",",U","13",",U","2",",U","4.1",",U,01,","40.2",",U,20,","","","109.0",",U","15.62",",U","22.34",",,,U","8.90",",,,U"
"USR0000OWCR","1990-07","42.0667","-124.1167","438.9","WHEELER CREEK OREGON, OR US","148.2","U","104.5",",U","0",",U","0",",U","0",",U","29",",U","12",",U","8.1",",U,03,","39.0",",U,27,","22.4","U","22.4",",U","20.98",",U","29.42",",,,U","12.54",",,,U"
"USR0000OWCR","1990-08","42.0667","-124.1167","438.9","WHEELER CREEK OREGON, OR US","217.9","U","69.7",",U","0",",U","0",",U","0",",U","26",",U","7",",U","8.8",",U,25,","39.0",",U,02,","50.8","U","28.4",",U","19.66",",U","26.92",",,,U","12.41",",,,U"
"USR0000OWCR","1990-09","42.0667","-124.1167","438.9","WHEELER CREEK OREGON, OR US","252.2","U","34.3",",U","0",",U","0",",U","0",",U","25",",U","5",",U","9.2",",U,22,","38.2",",U,21,","86.3","U","35.5",",U","18.30",",U","25.19",",,,U","11.40",",,,U"
"USR0000OWCR","1990-10","42.0667","-124.1167","438.9","WHEELER CREEK OREGON, OR US","254.6","U","2.4",",U","0",",U","0",",U","0",",U","11",",U","0",",U","2.9",",U,19,","28.8",",U,03,","223.5","U","137.2",",U","13.99",",U","20.42",",,,U","7.55",",,,U"
"USR0000OWCR","1990-11","42.0667","-124.1167","438.9","WHEELER CREEK OREGON, OR US","254.6","U","0.0",",U","0",",U","1",",U","0",",U","2",",U","0",",U","-1.0",",U,26,","23.7",",U,11,","494.9","U","271.4",",U","9.29",",U","14.29",",,,U","4.28",",,,U"
"USR0000OWCR","1990-12","42.0667","-124.1167","438.9","WHEELER CREEK OREGON, OR US","254.6","U","0.0",",U","0",",U","14",",U","1",",U","0",",U","0",",U","-13.9",",U,21,","18.2",",U,08,","925.1","U","430.2",",U","4.46",",U","9.75",",,,U","-0.83",",,,U"
"USR0000OWCR","1991-01","42.0667","-124.1167","438.9","WHEELER CREEK OREGON, OR US","0.0","U","0.0",",U","0",",U","3",",U","0",",U","2",",U","0",",U","-1.8",",U,05,","24.5",",U,17,","1218.8","U","293.7",",U","8.86",",U","13.77",",,,U","3.95",",,,U"
"USR0000OWCR","1991-02","42.0667","-124.1167","438.9","WHEELER CREEK OREGON, OR US","0.1","U","0.1",",U","0",",U","0",",U","0",",U","5",",U","0",",U","3.7",",U,27,+","27.7",",U,24,","1413.9","U","195.1",",U","11.37",",U","16.34",",,,U","6.39",",,,U"
"USR0000OWCR","1991-03","42.0667","-124.1167","438.9","WHEELER CREEK OREGON, OR US","0.1","U","0.0",",U","0",",U","12",",U","0",",U","2",",U","0",",U","-2.2",",U,15,","25.3",",U,30,","1770.6","U","356.7",",U","6.83",",U","12.10",",,,U","1.55",",,,U"
"USR0000OWCR","1991-04","42.0667","-124.1167","438.9","WHEELER CREEK OREGON, OR US","0.1","U","0.0",",U","0",",U","2",",U","0",",U","3",",U","0",",U","-1.4",",U,11,","28.1",",U,29,","2054.9","U","284.3",",U","8.86",",U","14.36",",,,U","3.35",",,,U"
"USR0000OWCR","1991-05","42.0667","-124.1167","438.9","WHEELER CREEK OREGON, OR US","1.4","U","1.3",",U","0",",U","0",",U","0",",U","13",",U","0",",U","1.0",",U,09,","30.0",",U,31,+","2249.1","U","194.2",",U","12.11",",U","18.62",",,,U","5.60",",,,U"
"USR0000OWCR","1991-06","42.0667","-124.1167","438.9","WHEELER CREEK OREGON, OR US","16.3","U","14.9",",U","0",",U","0",",U","0",",U","19",",U","1",",U","3.7",",U,21,","34.3",",U,01,","2347.3","U","98.2",",U","15.56",",U","23.09",",,,U","8.03",",,,U"
"USR0000OWCR","1991-07","42.0667","-124.1167","438.9","WHEELER CREEK OREGON, OR US","147.0","U","130.7",",U","0",",U","0",",U","0",",U","30",",U","15",",U","8.4",",U,20,+","42.2",",U,04,","11.5","U","11.5",",U","22.18",",U","31.55",",,,U","12.81",",,,U"
"USR0000OWCR","1991-08","42.0667","-124.1167","438.9","WHEELER CREEK OREGON, OR US","164.7","U","17.7",",U","0",",U","0",",U","0",",U","25",",U","2",",U","8.1",",U,26,+","35.1",",U,10,","54.0","U","42.5",",U","17.53",",U","24.17",",,,U","10.89",",,,U"
"USR0000OWCR","1991-09","42.0667","-124.1167","438.9","WHEELER CREEK OREGON, OR US","297.6","U","132.9",",U","0",",U","0",",U","0",",U","30",",U","16",",U","7.3",",U,12,","38.2",",U,29,+","64.1","U","10.1",",U","22.43",",U","31.36",",,,U","13.50",",,,U"
"USR0000OWCR","1991-10","42.0667","-124.1167","438.9","WHEELER CREEK OREGON, OR US","395.9","U","98.3","2,U","0","2,U","0","2,U","0","2,U","19","2,U","9","2,U","3.3","2,U,27,","41.0","2,U,10,","156.1","U","92.0","2,U","18.55","2,U","25.38","2,,,U","11.72","2,,,U"
"USR0000OWCR","1991-11","42.0667","-124.1167","438.9","WHEELER CREEK OREGON, OR US","395.9","U","0.0","4,U","0","3,U","0","3,U","0","3,U","6","3,U","0","3,U","1.4","3,U,22,+","23.7","3,U,02,","347.5","U","191.4","3,U","10.84","4,U","15.02","3,,,U","6.66","3,,,U"
"USR0000OWCR","1992-01","42.0667","-124.1167","438.9","WHEELER CREEK OREGON, OR US","0.0","","0.0",",U","0",",U","1",",U","0",",U","2",",U","0",",U","-1.0",",U,12,","22.9",",U,18,","","","293.6",",U","8.86",",U","13.21",",,,U","4.51",",,,U"
"USR0000OWCR","1992-02","42.0667","-124.1167","438.9","WHEELER CREEK OREGON, OR US","2.8","","2.8",",U","0",",U","0",",U","0",",U","7",",U","0",",U","1.4",",U,15,+","30.0",",U,25,","","","209.5",",U","11.21",",U","16.23",",,,U","6.18",",,,U"
"USR0000OWCR","1992-04","42.0667","-124.1167","438.9","WHEELER CREEK OREGON, OR US","","","4.9",",U","0",",U","1",",U","0",",U","8",",U","0",",U","-0.2",",U,22,","30.8",",U,01,","","","188.3",",U","12.22",",U","18.01",",,,U","6.43",",,,U"
"USR0000OWCR","1992-05","42.0667","-124.1167","438.9","WHEELER CREEK OREGON, OR US","","","47.0",",U","0",",U","0",",U","0",",U","29",",U","6",",U","3.7",",U,01,","35.5",",U,03,","","","45.1",",U","18.40",",U","27.54",",,,U","9.25",",,,U"
"USR0000OWCR","1992-06","42.0667","-124.1167","438.9","WHEELER CREEK OREGON, OR US","","","49.6",",U","0",",U","0",",U","0",",U","20",",U","5",",U","5.7",",U,14,","44.9",",U,21,","","","64.3",",U","17.84",",U","25.72",",,,U","9.96",",,,U"
"USR0000OWCR","1992-07","42.0667","-124.1167","438.9","WHEELER CREEK OREGON, OR US","","","62.8",",U","0",",U","0",",U","0",",U","26",",U","8",",U","8.4",",U,01,","34.7",",U,29,+","23.4","","23.4",",U","19.60",",U","27.61",",,,U","11.60",",,,U"
