"STATION","DATE","LATITUDE","LONGITUDE","ELEVATION","NAME","CLDD","CLDD_ATTRIBUTES","DT00","DT00_ATTRIBUTES","DT32","DT32_ATTRIBUTES","DX32","DX32_ATTRIBUTES","DX70","DX70_ATTRIBUTES","DX90","DX90_ATTRIBUTES","EMNT","EMNT_ATTRIBUTES","EMXT","EMXT_ATTRIBUTES","HDSD","HDSD_ATTRIBUTES","HTDD","HTDD_ATTRIBUTES","TAVG","TAVG_ATTRIBUTES","TMAX","TMAX_ATTRIBUTES","TMIN","TMIN_ATTRIBUTES"
"USR0000MSPO","1991-07","47.9044","-113.4394","2202.2","SPOTTED BEAR MONTANA, MT US","1.4","4,U","0","2,U","0","2,U","0","4,U","11","4,U","0","4,U","2.8","2,U,07,+","26.1","4,U,13,","118.5","","118.5","4,U","14.04","4,U","19.67","4,,,U","8.40","2,,,U"
"USR0000MSPO","1991-08","47.9044","-113.4394","2202.2","SPOTTED BEAR MONTANA, MT US","18.1",",U","0",",U","0",",U","0",",U","20",",U","0",",U","4.4",",U,02,","30.0",",U,31,","201.5","","83.0",",U","16.24",",U","22.21",",,,U","10.27",",,,U"
"USR0000MSPO","1991-09","47.9044","-113.4394","2202.2","SPOTTED BEAR MONTANA, MT US","0.0",",U","0",",U","8",",U","0",",U","6",",U","0",",U","-3.9",",U,22,+","23.3",",U,06,","468.1","","266.6",",U","9.45",",U","14.98",",,,U","3.91",",,,U"
"USR0000MSPO","1991-10","47.9044","-113.4394","2202.2","SPOTTED BEAR MONTANA, MT US","0.0","3,U","2","2,U","17","2,U","9","2,U","2","2,U","0","2,U","-19.4","2,U,29,","23.3","2,U,11,","939.5","","471.4","2,U","1.52","3,U","6.27","2,,,U","-3.23","2,,,U"
"USR0000MSPO","1992-07","47.9044","-113.4394","2202.2","SPOTTED BEAR MONTANA, MT US","1.7",",U","0",",U","0",",U","0",",U","6",",U","0",",U","0.6",",U,01,","25.6",",U,31,","235.1","","235.1",",U","10.80",",U","15.80",",,,U","5.80",",,,U"
"USR0000MSPO","1992-08","47.9044","-113.4394","2202.2","SPOTTED BEAR MONTANA, MT US","9.7","1,U","0",",U","6",",U","2","1,U","15","1,U","0","1,U","-6.7",",U,23,+","28.3","1,U,14,","430.2","","195.1","1,U","12.27","1,U","18.32","1,,,U","6.22",",,,U"
"USR0000MSPO","1992-09","47.9044","-113.4394","2202.2","SPOTTED BEAR MONTANA, MT US","0.8","2,U","0","1,U","16","1,U","3","1,U","2","1,U","0","1,U","-5.0","1,U,14,+","25.0","1,U,30,","777.4","","347.2","1,U","6.05","2,U","10.52","1,,,U","1.58","1,,,U"
"USR0000MSPO","1993-07","47.9044","-113.4394","2202.2","SPOTTED BEAR MONTANA, MT US","0.0","1,U","0",",U","1",",U","0","1,U","1","1,U","0","1,U","0.0",",U,12,","22.2","1,U,28,","336.5","","336.5","1,U","7.10","1,U","10.66","1,,,U","3.55",",,,U"
"USR0000MSPO","1993-08","47.9044","-113.4394","2202.2","SPOTTED BEAR MONTANA, MT US","0.0",",U","0",",U","4",",U","0",",U","4",",U","0",",U","-1.1",",U,25,","22.2",",U,20,+","581.6","","245.1",",U","10.43",",U","15.30",",,,U","5.56",",,,U"
"USR0000MSPO","1994-07","47.9044","-113.4394","2202.2","SPOTTED BEAR MONTANA, MT US","25.2",",U","0",",U","0",",U","0",",U","17",",U","0",",U","0.6",",U,03,","30.6",",U,23,","111.6","","111.6",",U","15.54",",U","21.37",",,,U","9.71",",,,U"
"USR0000MSPO","1994-08","47.9044","-113.4394","2202.2","SPOTTED BEAR MONTANA, MT US","16.1",",U","0",",U","0",",U","0",",U","22",",U","0",",U","2.8",",U,31,","30.6",",U,14,","205.0","","93.4",",U","15.84",",U","22.24",",,,U","9.45",",,,U"
"USR0000MSPO","1994-09","47.9044","-113.4394","2202.2","SPOTTED BEAR MONTANA, MT US","0.3",",U","0",",U","3",",U","0",",U","14",",U","0",",U","-1.1",",U,21,","24.4",",U,24,+","376.9","","171.9",",U","12.61",",U","19.09",",,,U","6.13",",,,U"
"USR0000MSPO","1995-08","47.9044","-113.4394","2202.2","SPOTTED BEAR MONTANA, MT US","1.1",",U","0",",U","3",",U","0",",U","9",",U","0",",U","-0.6",",U,13,","26.1",",U,21,","","","220.0",",U","11.27",",U","16.84",",,,U","5.70",",,,U"
"USR0000MSPO","1995-09","47.9044","-113.4394","2202.2","SPOTTED BEAR MONTANA, MT US","2.8",",U","0",",U","5",",U","0",",U","5",",U","0",",U","-7.2",",U,21,","27.2",",U,03,","","","276.2",",U","9.22",",U","14.42",",,,U","4.02",",,,U"
"USR0000MSPO","1996-08","47.9044","-113.4394","2202.2","SPOTTED BEAR MONTANA, MT US","19.5",",U","0",",U","0",",U","0",",U","17",",U","0",",U","0.6",",U,05,","29.4",",U,26,","","","138.5",",U","14.49",",U","20.44",",,,U","8.54",",,,U"
"USR0000MSPO","1998-09","47.9044","-113.4394","2202.2","SPOTTED BEAR MONTANA, MT US","20.7",",U","0",",U","2",",U","0",",U","12",",U","0",",U","-0.6",",U,26,","30.0",",U,05,","","","172.3",",U","13.28",",U","19.11",",,,U","7.46",",,,U"
"USR0000MSPO","1999-08","47.9044","-113.4394","2202.2","SPOTTED BEAR MONTANA, MT US","5.3","2,U","0","1,U","1","1,U","0","1,U","18","1,U","0","1,U","-2.2","1,U,31,","28.9","1,U,27,","","","96.0","1,U","15.10","2,U","21.58","1,,,U","8.61","1,,,U"
"USR0000MSPO","1999-09","47.9044","-113.4394","2202.2","SPOTTED BEAR MONTANA, MT US","0.0","1,U","0","1,U","11","1,U","1","1,U","7","1,U","0","1,U","-7.2","1,U,28,+","22.8","1,U,22,+","","","302.6","1,U","7.90","1,U","13.43","1,,,U","2.37","1,,,U"
"USR0000MSPO","2000-08","47.9044","-113.4394","2202.2","SPOTTED BEAR MONTANA, MT US","11.4",",U","0",",U","0",",U","0",",U","18",",U","0",",U","0.6",",U,28,","30.0",",U,09,","","","108.8",",U","15.19",",U","22.02",",,,U","8.37",",,,U"
"USR0000MSPO","2001-08","47.9044","-113.4394","2202.2","SPOTTED BEAR MONTANA, MT US","27.5","2,U","0","1,U","1","1,U","0","1,U","26","1,U","0","1,U","0.0","1,U,30,","30.0","1,U,03,","","","64.9","1,U","17.03","2,U","24.51","1,,,U","9.55","1,,,U"
"USR0000MSPO","2001-09","47.9044","-113.4394","2202.2","SPOTTED BEAR MONTANA, MT US","2.2",",U","0",",U","3",",U","0",",U","11",",U","0",",U","-2.2",",U,07,","28.3",",U,25,","","","186.8",",U","12.18",",U","18.81",",,,U","5.55",",,,U"
"USR0000MSPO","2002-07","47.9044","-113.4394","2202.2","SPOTTED BEAR MONTANA, MT US","35.3",",U","0",",U","0",",U","0",",U","19",",U","1",",U","2.2",",U,02,","33.9",",U,13,","97.5","","97.5",",U","16.33",",U","22.67",",,,U","9.98",",,,U"
"USR0000MSPO","2002-08","47.9044","-113.4394","2202.2","SPOTTED BEAR MONTANA, MT US","0.0",",U","0",",U","1",",U","0",",U","4",",U","0",",U","0.0",",U,16,","23.9",",U,23,","295.0","","197.5",",U","11.96",",U","18.04",",,,U","5.89",",,,U"
"USR0000MSPO","2002-09","47.9044","-113.4394","2202.2","SPOTTED BEAR MONTANA, MT US","0.9",",U","0",",U","8",",U","1",",U","8",",U","0",",U","-3.9",",U,30,","25.6",",U,15,","579.7","","284.7",",U","8.87",",U","14.54",",,,U","3.20",",,,U"
"USR0000MSPO","2003-08","47.9044","-113.4394","2202.2","SPOTTED BEAR MONTANA, MT US","36.0",",U","0",",U","0",",U","0",",U","25",",U","1",",U","3.3",",U,29,","32.2",",U,15,","","","58.5",",U","17.61",",U","24.89",",,,U","10.33",",,,U"
"USR0000MSPO","2003-09","47.9044","-113.4394","2202.2","SPOTTED BEAR MONTANA, MT US","8.1","2,U","0","1,U","9","1,U","1","1,U","7","1,U","0","1,U","-6.7","1,U,17,","29.4","1,U,04,","","","261.7","1,U","9.39","2,U","15.34","1,,,U","3.43","1,,,U"
"USR0000MSPO","2004-07","47.9044","-113.4394","2202.2","SPOTTED BEAR MONTANA, MT US","19.2","1,U","0","1,U","1","1,U","0","1,U","18","1,U","0","1,U","0.0","1,U,07,","30.0","1,U,17,","120.8","","120.8","1,U","14.94","1,U","21.24","1,,,U","8.65","1,,,U"
"USR0000MSPO","2004-08","47.9044","-113.4394","2202.2","SPOTTED BEAR MONTANA, MT US","11.4",",U","0",",U","0",",U","0",",U","15",",U","0",",U","2.8",",U,26,+","27.8",",U,14,","285.5","","164.7",",U","13.39",",U","18.74",",,,U","8.04",",,,U"
"USR0000MSPO","2004-09","47.9044","-113.4394","2202.2","SPOTTED BEAR MONTANA, MT US","0.0",",U","0",",U","8",",U","0",",U","1",",U","0",",U","-3.3",",U,30,+","22.2",",U,01,","646.9","","361.4",",U","6.29",",U","10.59",",,,U","1.99",",,,U"
"USR0000MSPO","2005-08","47.9044","-113.4394","2202.2","SPOTTED BEAR MONTANA, MT US","8.9",",U","0",",U","2",",U","0",",U","18",",U","0",",U","-0.6",",U,13,","27.2",",U,07,","","","157.3",",U","13.55",",U","19.60",",,,U","7.49",",,,U"
"USR0000MSPO","2005-09","47.9044","-113.4394","2202.2","SPOTTED BEAR MONTANA, MT US","0.0",",U","0",",U","10",",U","2",",U","3",",U","0",",U","-3.3",",U,24,","23.9",",U,02,","","","334.2",",U","7.19",",U","11.58",",,,U","2.81",",,,U"
"USR0000MSPO","2006-08","47.9044","-113.4394","2202.2","SPOTTED BEAR MONTANA, MT US","10.2",",U","0",",U","2",",U","0",",U","18",",U","0",",U","0.0",",U,31,+","30.0",",U,07,","","","133.6",",U","14.35",",U","20.77",",,,U","7.94",",,,U"
"USR0000MSPO","2006-09","47.9044","-113.4394","2202.2","SPOTTED BEAR MONTANA, MT US","10.2","3,U","0","3,U","10","3,U","1","3,U","10","3,U","0","3,U","-3.3","3,U,16,","28.3","3,U,04,","","","245.7","3,U","9.61","3,U","14.43","3,,,U","4.80","3,,,U"
"USR0000MSPO","2007-09","47.9044","-113.4394","2202.2","SPOTTED BEAR MONTANA, MT US","0.6","2,U","0","2,U","12","2,U","1","2,U","6","2,U","0","2,U","-3.9","2,U,24,","26.1","2,U,03,","","","280.1","2,U","8.35","2,U","13.29","2,,,U","3.41","2,,,U"
"USR0000MSPO","2008-08","47.9044","-113.4394","2202.2","SPOTTED BEAR MONTANA, MT US","18.1","2,U","0","1,U","2","1,U","0","1,U","14","1,U","0","1,U","-0.6","1,U,31,","30.6","1,U,18,+","","","154.9","1,U","13.45","2,U","19.41","1,,,U","7.49","1,,,U"
"USR0000MSPO","2008-09","47.9044","-113.4394","2202.2","SPOTTED BEAR MONTANA, MT US","0.3",",U","0",",U","8",",U","0",",U","7",",U","0",",U","-2.8",",U,23,+","23.9",",U,19,","","","289.8",",U","8.68",",U","14.01",",,,U","3.36",",,,U"
"USR0000MSPO","2009-07","47.9044","-113.4394","2202.2","SPOTTED BEAR MONTANA, MT US","8.4",",U","0",",U","0",",U","0",",U","16",",U","0",",U","2.8",",U,13,+","27.8",",U,25,+","130.7","","130.7",",U","14.39",",U","20.67",",,,U","8.10",",,,U"
"USR0000MSPO","2009-08","47.9044","-113.4394","2202.2","SPOTTED BEAR MONTANA, MT US","4.2",",U","0",",U","1",",U","0",",U","14",",U","0",",U","0.0",",U,15,","27.2",",U,28,+","272.8","","142.1",",U","13.89",",U","19.66",",,,U","8.11",",,,U"
"USR0000MSPO","2009-09","47.9044","-113.4394","2202.2","SPOTTED BEAR MONTANA, MT US","5.8",",U","0",",U","5",",U","1",",U","15",",U","0",",U","-2.8",",U,30,","27.2",",U,24,+","445.8","","173.0",",U","12.76",",U","19.37",",,,U","6.15",",,,U"
"USR0000MSPO","2010-07","47.9044","-113.4394","2202.2","SPOTTED BEAR MONTANA, MT US","2.6",",U","0",",U","0",",U","0",",U","16",",U","0",",U","1.1",",U,03,","26.7",",U,26,","169.6","","169.6",",U","12.94",",U","18.81",",,,U","7.08",",,,U"
"USR0000MSPO","2010-08","47.9044","-113.4394","2202.2","SPOTTED BEAR MONTANA, MT US","0.0",",U","0",",U","2",",U","0",",U","10",",U","0",",U","0.0",",U,31,+","26.7",",U,26,","361.5","","191.9",",U","12.15",",U","17.73",",,,U","6.56",",,,U"
"USR0000MSPO","2010-09","47.9044","-113.4394","2202.2","SPOTTED BEAR MONTANA, MT US","0.0","2,U","0","1,U","12","1,U","0","1,U","0","1,U","0","1,U","-2.2","1,U,17,","20.6","1,U,03,","659.4","","297.9","1,U","7.51","2,U","12.10","1,,,U","2.91","1,,,U"
"USR0000MSPO","2011-08","47.9044","-113.4394","2202.2","SPOTTED BEAR MONTANA, MT US","9.5",",U","0",",U","0",",U","0",",U","21",",U","0",",U","1.7",",U,31,","28.3",",U,28,","","","86.5",",U","15.85",",U","22.04",",,,U","9.65",",,,U"
"USR0000MSPO","2011-09","47.9044","-113.4394","2202.2","SPOTTED BEAR MONTANA, MT US","5.8","1,U","0","1,U","2","1,U","0","1,U","13","1,U","0","1,U","0.0","1,U,19,+","27.2","1,U,10,","","","195.0","1,U","11.81","1,U","17.89","1,,,U","5.73","1,,,U"
"USR0000MSPO","2012-09","47.9044","-113.4394","2202.2","SPOTTED BEAR MONTANA, MT US","0.6",",U","0",",U","2",",U","0",",U","9",",U","0",",U","-1.1",",U,12,","25.6",",U,21,","","","176.5",",U","12.47",",U","18.22",",,,U","6.72",",,,U"
