"STATION","DATE","LATITUDE","LONGITUDE","ELEVATION","NAME","CDSD","CDSD_ATTRIBUTES","CLDD","CLDD_ATTRIBUTES","DP01","DP01_ATTRIBUTES","DP10","DP10_ATTRIBUTES","DP1X","DP1X_ATTRIBUTES","DSND","DSND_ATTRIBUTES","DSNW","DSNW_ATTRIBUTES","DT00","DT00_ATTRIBUTES","DT32","DT32_ATTRIBUTES","DX32","DX32_ATTRIBUTES","DX70","DX70_ATTRIBUTES","DX90","DX90_ATTRIBUTES","DYFG","DYFG_ATTRIBUTES","DYTS","DYTS_ATTRIBUTES","EMNT","EMNT_ATTRIBUTES","EMSD","EMSD_ATTRIBUTES","EMSN","EMSN_ATTRIBUTES","EMXP","EMXP_ATTRIBUTES","EMXT","EMXT_ATTRIBUTES","HDSD","HDSD_ATTRIBUTES","HTDD","HTDD_ATTRIBUTES","PRCP","PRCP_ATTRIBUTES","SNOW","SNOW_ATTRIBUTES","TAVG","TAVG_ATTRIBUTES","TMAX","TMAX_ATTRIBUTES","TMIN","TMIN_ATTRIBUTES","WDFG","WDFG_ATTRIBUTES","WSFG","WSFG_ATTRIBUTES"
"USW00003934","1961-01","30.03333","-91.88333","7.9","NEW IBERIA NAAS, LA US","0.0","X","0.0","1,X","10","1,X","8","1,X","1","1,X","0","2,X","0","1,X","0","1,X","8","1,X","0","1,X","2","1,X","0","1,X","16","","2","","-3.3","1,X,29,","0","2,,X,31,+","0","1,,X,31,+","34.0","1,,X,07,","21.7","1,X,18,","","","289.0","1,X","98.5","1,,,X","0","1,,,X","8.70","1,X","13.41","1,,,X","3.99","1,,,X","315","1,X","20.0","1,X"
"USW00003934","1961-02","30.03333","-91.88333","7.9","NEW IBERIA NAAS, LA US","9.8","X","9.8",",X","14",",X","8",",X","0",",X","0",",X","0",",X","0",",X","0",",X","0",",X","12",",X","0",",X","23","","3","","2.8",",X,25,+","0",",,X,28,+","0",",,X,28,+","19.3",",,X,06,","25.6",",X,18,+","","","129.3",",X","83.7",",,,X","0",",,,X","14.07",",X","19.41",",,,X","8.73",",,,X","293",",X","18.0",",X"
"USW00003934","1961-03","30.03333","-91.88333","7.9","NEW IBERIA NAAS, LA US","59.2","X","49.4",",X","11",",X","5",",X","2",",X","0",",X","0",",X","0",",X","0",",X","0",",X","24",",X","0",",X","16","","5","","2.8",",X,10,","0",",,X,31,+","0",",,X,31,+","63.2",",,X,17,","28.3",",X,29,","","","54.7",",X","119.8",",,,X","0",",,,X","18.16",",X","23.00",",,,X","13.33",",,,X","23",",X","22.1",",X"
"USW00003934","1961-04","30.03333","-91.88333","7.9","NEW IBERIA NAAS, LA US","","","","","","","","","","","","","","","","","","","","","","","","","8","","2","","","","","","","","","","","","","","","","","","","","","","","","","","","","",""
"USW00003934","1961-08","30.03333","-91.88333","7.9","NEW IBERIA NAAS, LA US","","","226.2","3,X","14","2,X","10","2,X","0","2,X","0","2,X","0","2,X","0","3,X","0","3,X","0","3,X","28","3,X","10","3,X","19","","17","","17.2","3,X,22,","0","2,,X,31,+","0","2,,X,31,+","19.3","2,,X,17,","32.8","3,X,20,+","","","0.0","3,X","82.3","2,,,X","0","2,,,X","26.41","3,X","31.27","3,,,X","21.55","3,,,X","338","2,X","18.5","2,X"
"USW00003934","1961-09","30.03333","-91.88333","7.9","NEW IBERIA NAAS, LA US","","","213.2",",X","7",",X","5",",X","1",",X","0",",X","0",",X","0",",X","0",",X","0",",X","30",",X","12",",X","14","","9","","12.8",",X,19,","0",",,X,30,+","0",",,X,30,+","40.4",",,X,13,","33.9",",X,05,","","","0.0",",X","89.4",",,,X","0",",,,X","25.44",",X","30.11",",,,X","20.77",",,,X","","","",""
"USW00003934","1961-10","30.03333","-91.88333","7.9","NEW IBERIA NAAS, LA US","","","63.2",",X","4",",X","3",",X","1",",X","0",",X","0",",X","0",",X","0",",X","0",",X","29",",X","1",",X","14","","2","","6.1",",X,21,","0",",,X,31,+","0",",,X,31,+","59.9",",,X,02,","32.2",",X,01,","","","29.4",",X","70.0",",,,X","0",",,,X","19.42",",X","26.23",",,,X","12.62",",,,X","158","1,X","13.4","1,X"
"USW00003934","1961-11","30.03333","-91.88333","7.9","NEW IBERIA NAAS, LA US","","","23.9",",X","10",",X","6",",X","2",",X","0",",X","0",",X","0",",X","0",",X","0",",X","13",",X","0",",X","12","","4","","1.1",",X,30,","0",",,X,30,+","0",",,X,30,+","71.1",",,X,13,","28.9",",X,27,+","","","100.1",",X","148.8",",,,X","0",",,,X","15.79",",X","20.66",",,,X","10.92",",,,X","203",",X","20.6",",X"
"USW00003934","1961-12","30.03333","-91.88333","7.9","NEW IBERIA NAAS, LA US","","","9.1",",X","13",",X","8",",X","5",",X","0",",X","0",",X","0",",X","4",",X","0",",X","12",",X","0",",X","15","","5","","-5.6",",X,29,","0",",,X,31,+","0",",,X,31,+","39.6",",,X,10,","25.0",",X,05,","","","195.7",",X","183.5",",,,X","0",",,,X","12.31",",X","17.60",",,,X","7.03",",,,X","158",",X","17.5",",X"
"USW00003934","1962-01","30.03333","-91.88333","7.9","NEW IBERIA NAAS, LA US","9.2","X","9.2",",X","9",",X","8",",X","1",",X","0",",X","0",",X","0",",X","7",",X","2",",X","8",",X","0",",X","12","","3","","-11.1",",X,11,","0",",,X,31,+","0",",T,X,09,","50.0",",,X,05,","25.6",",X,26,+","","","281.4",",X","126.4",",,,X","0",",T,,X","9.55",",X","15.18",",,,X","3.93",",,,X","180",",X","18.0",",X"
"USW00003934","1962-02","30.03333","-91.88333","7.9","NEW IBERIA NAAS, LA US","35.9","X","26.7",",X","7",",X","4",",X","0",",X","0",",X","0",",X","0",",X","0",",X","0",",X","22",",X","0",",X","18","","2","","2.2",",X,07,","0",",,X,28,+","0",",,X,28,+","4.6",",,X,28,","27.8",",X,27,+","","","65.3",",X","19.9",",,,X","0",",,,X","16.96",",X","22.29",",,,X","11.63",",,,X","180",",X","17.5",",X"
"USW00003934","1962-03","30.03333","-91.88333","7.9","NEW IBERIA NAAS, LA US","51.0","X","15.1",",X","6",",X","5",",X","0",",X","0",",X","0",",X","0",",X","0",",X","0",",X","20",",X","0",",X","16","","2","","0.6",",X,06,","0",",,X,31,+","0",",T,X,04,","13.2",",,X,01,","28.3",",X,21,","","","127.5",",X","49.5",",,,X","0",",T,,X","14.71",",X","20.53",",,,X","8.88",",,,X","338",",X","15.9",",X"
"USW00003934","1962-04","30.03333","-91.88333","7.9","NEW IBERIA NAAS, LA US","111.5","X","60.5",",X","8",",X","6",",X","2",",X","0",",X","0",",X","0",",X","0",",X","0",",X","24",",X","0",",X","22","","4","","5.6",",X,02,+","0",",T,X,27,","0",",T,X,27,","97.0",",,X,27,","28.3",",X,21,","","","38.1",",X","156.5",",,,X","0",",T,,X","19.08",",X","24.27",",,,X","13.89",",,,X","203","3,X","19.0","3,X"
"USW00003934","1962-05","30.03333","-91.88333","7.9","NEW IBERIA NAAS, LA US","288.2","X","176.7",",X","4",",X","2",",X","0",",X","0",",X","0",",X","0",",X","0",",X","0",",X","31",",X","3",",X","22","","7","","12.2",",X,04,+","0",",,X,31,+","0",",,X,31,+","14.0",",,X,31,","33.3",",X,20,+","","","0.0",",X","21.4",",,,X","0",",,,X","24.03",",X","30.15",",,,X","17.92",",,,X","","","",""
"USW00003934","1962-06","30.03333","-91.88333","7.9","NEW IBERIA NAAS, LA US","532.8","X","244.6",",X","15",",X","7",",X","2",",X","0",",X","0",",X","0",",X","0",",X","0",",X","30",",X","12",",X","11","","21","","18.9",",X,04,","0",",,X,30,+","0",",,X,30,+","40.1",",,X,24,","33.9",",X,16,","","","0.0",",X","131.6",",,,X","0",",,,X","26.49",",X","31.26",",,,X","21.71",",,,X","248",",X","14.4",",X"
"USW00003934","1962-07","30.03333","-91.88333","7.9","NEW IBERIA NAAS, LA US","860.9","X","328.1",",X","10",",X","5",",X","0",",X","0",",X","0",",X","0",",X","0",",X","0",",X","31",",X","29",",X","10","","11","","21.1",",X,01,","0",",,X,31,+","0",",,X,31,+","15.0",",,X,01,","36.1",",X,30,+","0.0","X","0.0",",X","47.6",",,,X","0",",,,X","28.92",",X","34.12",",,,X","23.72",",,,X","","","",""
"USW00003934","1962-08","30.03333","-91.88333","7.9","NEW IBERIA NAAS, LA US","1175.4","X","314.5",",X","14",",X","7",",X","2",",X","0",",X","0",",X","0",",X","0",",X","0",",X","31",",X","27",",X","14","","16","","19.4",",X,12,","0",",,X,31,+","0",",,X,31,+","36.8",",,X,25,","38.9",",X,08,","0.0","X","0.0",",X","116.6",",,,X","0",",,,X","28.48",",X","33.82",",,,X","23.14",",,,X","68",",X","12.3",",X"
"USW00003934","1962-09","30.03333","-91.88333","7.9","NEW IBERIA NAAS, LA US","1411.3","X","235.9",",X","10",",X","7",",X","2",",X","0",",X","0",",X","0",",X","0",",X","0",",X","30",",X","10",",X","20","","8","","13.3",",X,29,","0",",,X,30,+","0",",,X,30,+","30.5",",,X,15,","34.4",",X,15,+","0.0","X","0.0",",X","112.1",",,,X","0",",,,X","26.20",",X","31.32",",,,X","21.07",",,,X","225",",X","11.8",",X"
"USW00003934","1962-10","30.03333","-91.88333","7.9","NEW IBERIA NAAS, LA US","1550.7","X","139.4",",X","8",",X","7",",X","5",",X","0",",X","0",",X","0",",X","0",",X","0",",X","29",",X","3",",X","20","","7","","6.7",",X,26,","0",",,X,31,+","0",",,X,31,+","37.3",",,X,08,","32.2",",X,12,+","15.6","X","15.6",",X","183.0",",,,X","0",",,,X","22.33",",X","27.99",",,,X","16.66",",,,X","248",",X","15.9",",X"
"USW00003934","1962-11","30.03333","-91.88333","7.9","NEW IBERIA NAAS, LA US","1556.1","X","5.4",",X","6",",X","3",",X","0",",X","0",",X","0",",X","0",",X","0",",X","0",",X","15",",X","0",",X","13","","","","4.4",",X,09,","0",",,X,30,+","0",",,X,30,+","16.0",",,X,19,","27.2",",X,17,","138.2","X","122.6",",X","36.4",",,,X","0",",,,X","14.43",",X","19.89",",,,X","8.96",",,,X","315",",X","11.3",",X"
"USW00003934","1962-12","30.03333","-91.88333","7.9","NEW IBERIA NAAS, LA US","1556.1","X","0.0",",X","9",",X","6",",X","1",",X","0",",X","0",",X","0",",X","6",",X","0",",X","7",",X","0",",X","21","","2","","-9.4",",X,13,","0",",,X,31,+","0",",,X,31,+","67.1",",,X,28,","23.9",",X,02,","362.9","X","224.7",",X","107.3",",,,X","0",",,,X","11.09",",X","16.66",",,,X","5.51",",,,X","360",",X","13.4",",X"
"USW00003934","1963-01","30.03333","-91.88333","7.9","NEW IBERIA NAAS, LA US","1.4","X","1.4",",X","8",",X","6",",X","1",",X","0",",X","0",",X","0",",X","12",",X","2",",X","4",",X","0",",X","17","","4","","-8.3",",X,24,","0",",,X,31,+","0",",T,X,20,+","34.0",",,X,17,","23.3",",X,10,","665.7","X","302.8",",X","93.3",",,,X","0",",T,,X","8.61",",X","13.96",",,,X","3.25",",,,X","23",",X","15.4",",X"
"USW00003934","1963-02","30.03333","-91.88333","7.9","NEW IBERIA NAAS, LA US","2.8","X","1.4",",X","8",",X","4",",X","1",",X","0",",X","0",",X","0",",X","8",",X","0",",X","6",",X","0",",X","14","","3","","-2.2",",X,13,+","0",",T,X,22,+","0",",T,X,22,+","27.4",",,X,18,","23.3",",X,10,+","908.8","X","243.1",",X","65.5",",,,X","0",",T,,X","9.70",",X","16.12",",,,X","3.28",",,,X","338",",X","17.0",",X"
"USW00003934","1963-03","30.03333","-91.88333","7.9","NEW IBERIA NAAS, LA US","44.2","X","41.4",",X","9",",X","2",",X","0",",X","0",",X","0",",X","0",",X","0",",X","0",",X","27",",X","0",",X","23","","2","","3.3",",X,06,","0",",,X,31,+","0",",,X,31,+","13.0",",,X,26,","28.9",",X,17,+","961.6","X","52.8",",X","27.4",",,,X","0",",,,X","17.96",",X","23.94",",,,X","11.99",",,,X","203",",X","18.0",",X"
"USW00003934","1963-04","30.03333","-91.88333","7.9","NEW IBERIA NAAS, LA US","166.9","X","122.7",",X","3",",X","2",",X","0",",X","0",",X","0",",X","0",",X","0",",X","0",",X","29",",X","0",",X","17","","1","","9.4",",X,14,","0",",,X,30,+","0",",,X,30,+","14.2",",,X,06,","31.7",",X,23,","965.5","X","3.9",",X","21.3",",,,X","0",",,,X","22.29",",X","27.86",",,,X","16.72",",,,X","203",",X","13.9",",X"
"USW00003934","1963-05","30.03333","-91.88333","7.9","NEW IBERIA NAAS, LA US","337.2","X","170.3",",X","8",",X","3",",X","0",",X","0",",X","0",",X","0",",X","0",",X","0",",X","31",",X","4",",X","22","","7","","13.3",",X,02,+","0",",,X,31,+","0",",,X,31,+","8.1",",,X,20,","33.3",",X,29,","965.5","X","0.0",",X","23.9",",,,X","0",",,,X","23.83",",X","30.04",",,,X","17.61",",,,X","315",",X","13.4",",X"
"USW00003934","1963-06","30.03333","-91.88333","7.9","NEW IBERIA NAAS, LA US","588.1","X","250.9",",X","10",",X","7",",X","1",",X","0",",X","0",",X","0",",X","0",",X","0",",X","30",",X","17",",X","14","","14","","17.8",",X,01,","0",",,X,30,+","0",",,X,30,+","39.9",",,X,17,","35.6",",X,12,","965.5","X","0.0",",X","128.6",",,,X","0",",,,X","26.70",",X","31.94",",,,X","21.45",",,,X","248",",X","12.9",",X"
"USW00003934","1963-07","30.03333","-91.88333","7.9","NEW IBERIA NAAS, LA US","854.3","X","266.2",",X","17",",X","12",",X","0",",X","0",",X","0",",X","0",",X","0",",X","0",",X","31",",X","17",",X","14","","17","","18.3",",X,12,","0",",,X,31,+","0",",,X,31,+","23.4",",,X,26,","33.3",",X,22,+","0.0","X","0.0",",X","129.9",",,,X","0",",,,X","26.92",",X","31.73",",,,X","22.12",",,,X","45",",X","13.4",",X"
"USW00003934","1963-08","30.03333","-91.88333","7.9","NEW IBERIA NAAS, LA US","1146.4","X","292.1",",X","12",",X","8",",X","0",",X","0",",X","0",",X","0",",X","0",",X","0",",X","31",",X","23",",X","20","","16","","18.3",",X,17,","0",",,X,31,+","0",",,X,31,+","18.5",",,X,08,","36.1",",X,27,","0.0","X","0.0",",X","73.0",",,,X","0",",,,X","27.75",",X","32.73",",,,X","22.78",",,,X","270",",X","11.3",",X"
"USW00003934","1963-09","30.03333","-91.88333","7.9","NEW IBERIA NAAS, LA US","1358.7","X","212.3",",X","8",",X","5",",X","1",",X","0",",X","0",",X","0",",X","0",",X","0",",X","30",",X","13",",X","20","","11","","11.7",",X,30,","0",",,X,30,+","0",",,X,30,+","108.7",",,X,17,","35.0",",X,09,+","0.3","X","0.3",",X","159.3",",,,X","0",",,,X","25.40",",X","30.56",",,,X","20.24",",,,X","360","3,X","14.4","3,X"
"USW00003934","1963-10","30.03333","-91.88333","7.9","NEW IBERIA NAAS, LA US","1473.4","X","114.7",",X","0",",X","0",",X","0",",X","0",",X","0",",X","0",",X","0",",X","0",",X","31",",X","5",",X","24","","","","3.9",",X,30,","0",",,X,31,+","0",",,X,31,+","0.0",",,X,31,+","32.2",",X,13,+","8.7","X","8.4",",X","0.0",",,,X","0",",,,X","21.76",",X","29.64",",,,X","13.89",",,,X","203","1,X","9.8","1,X"
"USW00003934","1963-11","30.03333","-91.88333","7.9","NEW IBERIA NAAS, LA US","1496.1","X","22.7",",X","10",",X","8",",X","2",",X","0",",X","0",",X","0",",X","0",",X","0",",X","18",",X","0",",X","17","","3","","0.6",",X,30,","0",",,X,30,+","0",",,X,30,+","43.2",",,X,05,","28.9",",X,06,","108.0","X","99.3",",X","152.9",",,,X","0",",,,X","15.78",",X","21.75",",,,X","9.81",",,,X","68","1,X","14.9","1,X"
"USW00003934","1963-12","30.03333","-91.88333","7.9","NEW IBERIA NAAS, LA US","1496.1","X","0.0",",X","8",",X","6",",X","3",",X","0",",X","0",",X","0",",X","11",",X","1",",X","2",",X","0",",X","13","","2","","-7.2",",X,24,","0",",,X,31,+","0",",T,X,23,","37.3",",,X,11,","22.8",",X,11,","443.2","X","335.2",",X","146.1",",,,X","0",",T,,X","7.52",",X","13.08",",,,X","1.96",",,,X","338",",X","14.4",",X"
"USW00003934","1964-01","30.03333","-91.88333","7.9","NEW IBERIA NAAS, LA US","1.1","","1.1",",X","14",",X","7",",X","2",",X","0",",X","0",",X","0",",X","6",",X","0",",X","6",",X","0",",X","18","","2","","-6.1",",X,14,","0",",,X,31,+","0",",T,X,13,","55.9",",,X,06,","22.8",",X,08,","703.6","","260.4",",X","162.8",",,,X","0",",T,,X","9.97",",X","15.25",",,,X","4.69",",,,X","90",",X","13.9",",X"
"USW00003934","1964-02","30.03333","-91.88333","7.9","NEW IBERIA NAAS, LA US","1.1","","0.0",",X","10",",X","8",",X","2",",X","0",",X","0",",X","0",",X","5",",X","0",",X","0",",X","0",",X","14","","3","","-2.8",",X,23,+","0",",,X,29,+","0",",,X,29,+","44.5",",,X,24,","20.0",",X,10,","962.2","","258.6",",X","129.4",",,,X","0",",,,X","9.42",",X","14.64",",,,X","4.19",",,,X","315","1,X","15.9","1,X"
"USW00003934","1964-03","30.03333","-91.88333","7.9","NEW IBERIA NAAS, LA US","15.8","","14.7",",X","7",",X","5",",X","2",",X","0",",X","0",",X","0",",X","0",",X","0",",X","21",",X","0",",X","15","","5","","2.8",",X,10,","0",",,X,31,+","0",",,X,31,+","58.9",",,X,01,","26.1",",X,18,+","1062.2","","100.0",",X","163.3",",,,X","0",",,,X","15.58",",X","21.45",",,,X","9.71",",,,X","180",",X","20.6",",X"
"USW00003934","1964-04","30.03333","-91.88333","7.9","NEW IBERIA NAAS, LA US","122.0","","106.2",",X","10",",X","5",",X","0",",X","0",",X","0",",X","0",",X","0",",X","0",",X","29",",X","0",",X","23","","5","","7.8",",X,10,","0",",,X,30,+","0",",,X,30,+","11.2",",,X,26,","29.4",",X,28,+","1074.1","","11.9",",X","38.9",",,,X","0",",,,X","21.48",",X","25.88",",,,X","17.08",",,,X","293",",X","18.5",",X"
"USW00003934","1964-05","30.03333","-91.88333","7.9","NEW IBERIA NAAS, LA US","306.1","","184.1",",X","8",",X","4",",X","1",",X","0",",X","0",",X","0",",X","0",",X","0",",X","31",",X","5",",X","23","","7","","13.9",",X,14,","0",",,X,31,+","0",",,X,31,+","55.6",",,X,12,","33.3",",X,27,","1074.1","","0.0",",X","105.0",",,,X","0",",,,X","24.27",",X","29.62",",,,X","18.93",",,,X","45",",X","15.9",",X"
"USW00003934","1964-06","30.03333","-91.88333","7.9","NEW IBERIA NAAS, LA US","553.8","","247.7",",X","6",",X","6",",X","3",",X","0",",X","0",",X","0",",X","0",",X","0",",X","30",",X","19",",X","19","","10","","13.3",",X,02,","0",",,X,30,+","0",",,X,30,+","34.3",",,X,24,","35.6",",X,22,+","1074.1","","0.0",",X","120.9",",,,X","0",",,,X","26.59",",X","31.95",",,,X","21.23",",,,X","68",",X","13.4",",X"
"USW00003934","1964-07","30.03333","-91.88333","7.9","NEW IBERIA NAAS, LA US","817.3","","263.5",",X","15",",X","12",",X","3",",X","0",",X","0",",X","0",",X","0",",X","0",",X","31",",X","17",",X","18","","18","","20.6",",X,15,+","0",",,X,31,+","0",",,X,31,+","111.5",",,X,02,","34.4",",X,23,+","0.0","","0.0",",X","301.5",",,,X","0",",,,X","26.83",",X","31.50",",,,X","22.17",",,,X","338",",X","18.5",",X"
"USW00003934","1964-08","30.03333","-91.88333","7.9","NEW IBERIA NAAS, LA US","1107.1","","289.8",",X","14",",X","10",",X","2",",X","0",",X","0",",X","0",",X","0",",X","0",",X","31",",X","21",",X","","","","","21.7",",X,22,+","0",",,X,31,+","0",",,X,31,+","28.4",",,X,14,","35.6",",X,05,+","0.0","","0.0",",X","132.1",",,,X","0",",,,X","27.68",",X","32.64",",,,X","22.72",",,,X","360",",X","14.9",",X"
"USW00003934","1964-09","30.03333","-91.88333","7.9","NEW IBERIA NAAS, LA US","1322.1","","215.0",",X","5",",X","5",",X","1",",X","0",",X","0",",X","0",",X","0",",X","0",",X","30",",X","11",",X","22","","10","","13.3",",X,14,","0",",,X,30,+","0",",,X,30,+","37.6",",,X,17,","35.0",",X,03,+","0.0","","0.0",",X","81.9",",,,X","0",",,,X","25.50",",X","30.67",",,,X","20.33",",,,X","225",",X","12.3",",X"
"USW00003934","1964-10","30.03333","-91.88333","7.9","NEW IBERIA NAAS, LA US","","","","","","","","","","","","","","","","","","","","","","","","","8","","","","","","","","","","","","","","","","","","","","","","","","","","","","","","",""
